0.039106
-0.018721
-0.13231
-0.16205
-0.0088869
0.054674
0.027513
-0.13792
-0.013093
-0.0081076
-0.15612
-0.079298
0.071198
0.1283
0.036653
0.0073759
-0.022239
-0.011358
-0.11116
-0.016369
0.060783
0.13828
0.12487
0.052486
-0.0305
-0.052653
-0.11573
-0.042856
-0.0162
0.02815
0.068578
0.016039
-0.051185
-0.046639
0.0012483
-0.036947
-0.024069
0.020896
-0.0022527
-0.028224
0.024577
0.019344
-0.025725
-0.0059793
0.040314
0.1041
0.059531
0.071935
-0.082704
-0.10655
-0.035934
-0.10168
0.0091996
0.13398
0.096564
0.040774
-0.068761
-0.22203
-0.15766
0.038363
0.029305
0.027681
0.14227
0.068741
-0.10198
-0.076792
-0.015316
-0.077177
0.037836
0.06942
0.16956
0.14583
0.025491
0.020498
-0.067066
-0.1779
-0.086727
0.072931
0.10547
0.10818
0.18516
0.058958
-0.08523
-0.12979
-0.11258
-0.13834
-0.076738
0.039946
0.14225
0.11915
0.10783
0.04705
-0.13135
-0.25606
-0.18959
0.0087131
0.1231
0.17698
0.11438
-0.04852
-0.11998
-0.035947
0.028743
-0.041355
0.010517
0.16319
0.022064
0.018784
-0.023461
0.0075461
-0.094412
-0.1264
-0.0044971
0.065854
0.033722
-0.0066243
0.011591
-0.0051733
-0.048539
-0.10724
-0.07654
0.01789
0.042067
-0.024372
0.086233
0.074934
0.017609
0.030046
-0.062895
-0.0579
-0.029856
0.064816
0.037157
0.091774
0.10396
0.00026946
-0.089566
-0.11306
-0.023602
-0.0060275
0.039445
0.16322
0.11136
0.002655
-0.071731
-0.19267
-0.13957
-0.064167
0.032065
0.080066
0.021901
0.0092379
0.029868
0.0021715
-0.062607
-0.061805
-0.00040504
-0.0243
-0.03684
0.040109
0.10043
-0.072437
-0.035997
0.073231
0.073337
0.01527
0.01563
0.012839
-0.078802
-0.0040407
0.075606
0.055258
-0.030535
0.057189
0.083996
-0.069291
-0.037322
0.034085
0.055432
0.039665
0.019918
0.0098619
-0.011875
-0.086087
-0.14382
-0.019632
0.10544
0.060469
0.0016818
-0.074198
-0.090688
-0.10331
-0.039451
0.017583
0.093593
0.031674
-0.080572
-0.021845
0.086229
-0.00068393
-0.054884
-0.011782
-0.0054671
-0.0088443
-0.01433
0.14752
0.14048
0.068774
-0.087046
-0.016473
0.056073
-0.070443
-0.089327
-0.0020423
0.14654
0.075345
-0.024533
-0.096043
-0.068738
-0.099193
0.0042596
0.016817
0.080346
0.11008
-0.0048361
-0.12069
-0.089946
-0.0081427
-0.0093144
0.017591
0.091372
0.032017
-0.058347
-0.014393
-0.084738
-0.055386
0.033245
0.063287
0.10599
0.020811
0.014384
-0.038318
-0.10892
-0.038773
0.052946
0.10422
0.013267
-0.033439
-0.021772
-0.042431
-0.075824
-0.048007
0.0081402
0.10065
0.077179
0.026442
0.0059674
-0.092805
-0.058307
0.016057
0.040122
-0.001146
0.012036
0.051316
0.060031
-0.034372
-0.12064
-0.032311
0.076124
0.11343
0.11445
0.10827
-0.17902
-0.23195
-0.049661
0.062039
0.11548
0.13481
0.12897
0.081855
-0.17203
-0.1828
0.0087519
0.028208
-0.0040874
-0.043479
-0.0055037
-0.023074
-0.0095686
0.0064233
0.1154
0.14895
-0.073713
-0.22097
-0.1782
0.020721
0.075824
0.11857
0.16213
0.047082
-0.11925
-0.17846
-0.10431
-0.015595
0.016359
0.11542
0.12883
0.04264
0.0044005
-0.14114
-0.13825
-0.059365
0.040406
0.031719
0.094768
0.15754
0.046944
-0.044016
-0.0092286
-0.092795
-0.16046
-0.042947
0.16029
0.14504
0.089585
-0.0048472
0.044731
-0.054476
-0.029688
0.031093
0.031621
-0.059468
-0.096336
0.0032054
0.031749
0.077773
0.083786
0.062963
-0.03405
-0.1276
-0.11258
-0.13755
-0.11326
0.041055
0.14396
0.13334
0.049075
-0.012968
-0.1165
-0.10723
-0.090662
-0.032334
0.052544
0.15047
0.15568
-0.0024796
0.012628
-0.0062975
-0.03028
-0.11714
-0.069182
0.049503
0.019558
0.08349
0.13523
0.044519
-0.12971
-0.17949
-0.0947
-0.071122
-0.016032
0.095396
0.12269
0.10492
-0.00091187
-0.125
-0.084882
-0.041468
0.029052
0.16072
0.046965
0.027773
0.0019109
0.010846
-0.053239
0.023097
0.062698
0.080547
0.066217
-0.050702
-0.10959
-0.046477
-0.078036
-0.05754
-0.056083
0.033384
0.082086
-0.049386
-0.074715
-0.031264
-0.0060783
-0.056361
0.024605
0.1562
0.041097
-0.086183
0.0077855
0.04312
-0.024499
0.035202
0.14732
0.088676
-0.016385
0.0021497
0.056122
0.015791
-0.094676
-0.030205
0.052419
-0.0043188
-0.029569
-0.052702
0.0079419
0.016494
-0.090863
-0.083904
-0.038294
0.030618
-0.013939
-0.019307
-0.044848
-0.0014034
0.010508
-0.060908
-0.031149
0.046843
0.18166
0.021066
-0.099452
-0.024813
0.033157
-0.081262
0.025469
0.22019
0.1212
0.0034293
-0.055209
-0.083661
-0.071462
-0.025183
0.017933
0.025245
0.061214
0.044809
0.030057
-0.026777
-0.16331
-0.11649
-0.0014082
-0.056216
-0.062691
0.089191
0.18857
0.023367
-0.1476
-0.043489
-0.052947
-0.016589
0.039159
0.051493
0.068742
0.022798
0.043434
0.064905
-0.031897
0.06912
0.024682
-0.024497
-0.0020186
0.037933
-0.0046384
-0.011725
-0.0051345
0.044173
0.038274
-0.0070376
-0.020849
-0.049645
-0.078179
-0.1451
-0.033961
0.036624
0.018097
0.073184
0.034234
-0.086362
-0.080356
-0.022077
-0.0043684
-0.0069266
0.05512
0.13974
-0.0027744
-0.055538
0.01655
0.085558
0.071242
0.016028
-0.036933
0.063768
0.0030928
-0.048506
-0.034487
0.026847
0.04278
-0.012127
0.0065392
-0.019079
-0.0077644
-0.050719
-0.11637
-0.034292
-0.023299
-0.075114
0.0077957
0.0080727
0.089305
0.015981
-0.13545
-0.081447
0.034688
0.035522
0.04703
0.051518
0.024948
0.0009203
-0.070487
0.012411
0.099795
0.060416
-0.063339
0.041164
0.10221
0.0055215
-0.057186
-0.0044761
-0.010857
-0.0097023
0.045459
0.042626
-0.0050506
-0.030078
-0.028362
-0.0080747
-0.039589
-0.010795
0.065322
0.11194
-0.089178
-0.041253
-0.033767
-0.12894
-0.057687
0.10517
0.09162
-0.13262
-0.07948
0.12446
0.077698
-0.054818
-0.028785
2.73e-005
0.0053197
-0.1295
-0.025525
0.079336
0.18074
0.14181
-0.051766
0.00053315
0.051187
-0.09432
-0.19167
-0.0022587
0.16022
0.12199
0.069926
0.053279
-0.0032133
-0.1386
-0.089692
-0.034823
-0.051604
0.085991
0.19533
0.05329
-0.15971
-0.20672
-0.1408
-0.2066
-0.055473
0.22806
0.22254
0.028063
-0.079871
-0.13339
-0.12718
-0.057475
0.025351
0.15641
0.15538
0.057006
-0.020598
-0.043846
0.0072501
-0.021829
-0.006017
0.0070332
0.027578
-0.017005
0.039573
0.051293
0.092987
-0.03095
-0.16785
-0.1173
-0.11334
-0.086029
0.045792
0.18683
0.097832
-0.0039397
-0.013095
-0.042012
-0.092177
-0.047597
-0.028952
0.064156
0.15222
0.17877
0.10218
0.035611
0.017646
-0.024076
-0.014866
0.041127
0.051084
-0.03148
0.020382
0.047377
-0.013
-0.11729
-0.051625
-0.02504
-0.056536
-0.053682
0.028326
-0.0095216
-0.064905
-0.11127
-0.061303
-0.065711
-0.092857
0.027602
0.059991
0.052792
0.036946
-0.0061417
0.013598
-0.10393
-0.14309
-0.0046394
0.060603
0.039556
0.093289
0.1204
0.0082184
-0.08739
-0.06407
0.037673
0.010903
0.063392
0.047793
-0.013041
0.0076525
-0.046817
0.012912
0.0055493
0.07722
0.053932
-0.015489
-0.035027
-0.032051
0.0062165
0.047478
0.0080902
-0.036895
-0.080876
-0.018607
0.076518
-0.002893
0.043873
0.054752
-0.090089
-0.10318
-0.10122
-0.077305
0.061969
0.17075
0.14698
0.0185
-0.07312
-0.072387
0.0030422
0.013185
-0.003282
0.059163
0.083439
-0.028683
-0.03885
0.095775
0.066625
-0.045992
-0.00014513
-0.042812
-0.080399
-0.044418
0.0037062
0.087664
0.039367
-0.14122
-0.15009
-0.07142
-0.061512
-0.16289
-0.021875
0.11093
0.13459
0.12531
0.099416
0.055887
0.12567
0.05188
-0.024749
0.059987
0.24235
0.19506
0.051941
-0.060747
0.014892
-0.14013
-0.28005
-0.25292
-0.16509
-0.14805
-0.18785
-0.087266
-0.091574
-0.15208
-0.21347
-0.19387
-0.099048
0.093549
0.18284
0.25437
0.2923
0.20258
0.15295
0.1841
0.20132
0.24909
0.25095
0.15978
0.14317
0.038482
-0.020066
-0.071451
-0.091529
-0.17555
-0.15945
-0.10489
-0.14346
-0.12124
-0.18298
-0.29569
-0.27358
-0.21769
-0.082959
-0.0018557
0.0051918
0.020232
0.082769
0.05548
0.068153
0.10652
0.10446
-0.011234
0.015141
0.13458
0.18128
0.20372
0.20157
0.091783
-0.027914
-0.094965
-0.020723
0.057506
0.092984
0.051442
-0.070017
-0.11905
-0.12259
-0.014243
0.075123
-0.044921
-0.12266
-0.080136
-0.084341
-0.1199
-0.04498
0.010475
-0.073689
-0.011232
-0.059102
-0.071792
0.02363
0.10587
-0.035984
-0.045196
0.031575
0.050238
0.13269
0.12517
0.076761
0.058915
0.045443
0.033444
0.04007
0.13199
0.083552
-0.030414
-0.078273
-0.025057
0.050487
0.016779
-0.030888
-0.01214
-0.20491
-0.31421
-0.078957
0.068043
-0.0066947
0.019742
0.066368
-0.042666
-0.13893
-0.041081
0.019588
0.043465
-0.0045384
0.13865
0.15615
0.079737
0.071014
0.096887
0.11128
0.0014154
-0.0029042
-0.029085
0.03994
0.022525
-0.013017
-0.034913
-0.082283
-0.15742
-0.12127
-0.090076
-0.078839
0.00081536
0.054209
-0.10034
-0.17744
-0.12736
-0.11408
-0.054803
-0.063463
0.056284
0.13201
0.14731
0.095976
-0.016871
-0.10969
-0.053553
0.064988
0.17867
0.24858
0.13416
0.10355
-0.067686
-0.031242
0.019968
0.063107
0.12431
0.063535
0.042191
-0.049248
-0.054123
0.019897
0.048932
-0.0078835
-0.10401
-0.16962
-0.082152
-0.068828
-0.028648
-0.012228
0.059712
0.058931
-0.0032133
-0.097037
-0.20569
-0.17503
-0.01232
0.070973
0.13073
0.12323
0.037594
-0.013769
-0.032615
0.029426
0.00046934
-0.0017595
0.062262
-0.0068153
-0.043748
0.059282
0.17139
0.08746
0.022877
0.012637
-0.088744
-0.14107
-0.050566
-0.046561
-0.069005
0.088073
0.10582
-0.047054
-0.22175
-0.086889
0.1316
0.029211
0.0052914
-0.023218
0.036214
-0.17233
-0.12536
0.06512
0.12342
0.11722
0.030689
-0.00047134
0.079507
0.013549
-0.021687
-0.0056201
0.038004
0.027106
-0.062179
-0.015839
0.054119
0.087682
0.031599
-0.046132
-0.11819
-0.14387
-0.14291
0.027196
0.15387
0.11205
0.028582
-0.070511
-0.051918
-0.033708
-0.044869
-0.029793
0.0015387
0.14473
0.094211
0.044255
-0.035494
-0.063633
-0.021811
0.018675
0.043052
0.024666
0.029249
-0.012086
-0.028033
-0.033511
-0.018349
-0.0033214
-0.0036762
0.029064
0.038653
-0.092396
-0.1176
-0.015231
0.061774
0.049842
-0.034449
0.026952
-0.041762
-0.13973
-0.0189
0.14194
0.079839
-0.073142
-0.044193
0.046461
0.024378
0.0069944
0.048861
0.095469
0.047139
-0.022246
-0.001972
-0.02087
0.046562
0.072888
0.12054
0.045969
-0.042157
-0.099005
-0.077622
-0.017034
0.012624
0.03194
-0.049987
-0.14116
-0.2285
-0.11715
0.053355
0.0013317
-0.10142
-0.029515
-0.022387
-0.06837
-0.038733
0.023288
0.05054
0.12531
0.077701
0.049046
0.028366
0.12018
0.10027
0.14209
0.16091
0.098008
-0.017487
-0.064646
-0.017656
0.021572
0.066469
0.15127
0.090179
-0.085615
-0.27875
-0.2206
-0.1281
-0.04376
0.077331
0.1478
0.021977
-0.21216
-0.26852
-0.14247
-0.0055902
0.089305
0.098954
0.1478
0.13728
-0.060019
-0.092848
-0.0020812
0.025452
0.019239
0.10992
0.1999
0.10274
-0.059323
-0.065096
-0.039147
-0.030012
-0.0931
-0.048114
0.03877
0.037297
0.081951
-0.012771
-0.093235
-0.23781
-0.26428
-0.037454
0.14153
0.17811
0.093346
-0.027759
-0.073373
-0.22198
-0.042519
0.11257
0.21323
0.12337
0.077812
0.040046
-0.028404
-0.039534
0.092256
0.16329
0.037301
-0.06336
-0.0016088
0.071208
0.0071313
-0.0022749
0.028408
-0.024498
-0.078681
-0.054968
-0.062393
-0.091897
-0.0093171
0.023448
-0.069049
-0.046094
-0.0087786
-0.06934
-0.15807
-0.098921
0.099949
0.059399
0.049208
0.066321
0.024213
-0.09693
-0.082648
0.097186
0.078908
0.079481
0.10364
0.086768
-0.0079295
-0.020721
0.029035
0.0032685
0.036907
-0.0095982
-0.10477
-0.076049
0.12878
0.084578
-0.057904
-0.028261
-0.10545
-0.14724
-0.085533
0.05363
-0.018809
0.024525
-0.030975
-0.032645
0.031794
0.0058311
0.028038
0.0062116
0.034429
-0.054069
-0.011508
0.026736
0.060489
0.053504
0.08033
0.1195
-0.015972
-0.083174
-0.059072
0.021242
0.044302
0.060247
0.03985
0.010954
-0.058134
-0.13571
-0.12186
0.014692
0.078782
-0.0090402
-0.11649
-0.071594
0.025103
0.028902
0.014391
0.029421
-0.010556
-0.042531
-0.0037733
0.019963
-0.037849
-0.019057
0.089945
0.076022
0.095401
0.081578
0.028156
-0.02825
-0.019225
-0.11076
-0.046404
0.09349
0.077146
0.011036
0.013208
0.054201
0.020306
0.022537
-0.091125
-0.095684
-0.09296
-0.076001
0.029395
0.097568
0.10194
0.056372
-0.061512
-0.14921
-0.13076
-0.091794
0.051203
0.13732
0.13975
0.064393
-0.092049
-0.1043
-0.15388
-0.039935
0.097218
0.17769
0.16329
0.05837
-0.083453
-0.099634
-0.06797
-0.039713
0.069579
0.17262
0.095344
-0.047993
-0.049994
-0.14062
-0.052454
-0.041774
0.027711
0.099971
0.025083
-0.01213
0.010846
-0.095328
-0.12756
-0.10405
0.005484
0.18069
0.001186
-0.098232
-0.040205
-0.040138
-0.0013456
0.010101
0.020683
0.07878
-0.063832
-0.04334
0.067389
0.069244
-0.0063368
0.04328
0.075156
-0.057079
-0.13604
-0.013408
0.1367
0.12597
0.047676
0.05118
-0.029648
-0.12604
-0.08285
-0.028631
0.090913
0.16012
-0.04639
-0.055533
-0.062662
-0.030837
-0.024218
0.0369
0.090725
-0.015893
-0.10963
-0.010164
-0.089098
-0.08522
0.026875
0.21954
0.16094
-0.04343
-0.082708
-0.12081
-0.061082
-0.020811
0.095426
0.19932
0.049341
0.04752
-0.033618
-0.15646
-0.056229
0.027991
0.076565
0.029574
0.025756
-0.0018363
-0.075892
-0.018297
-0.040763
-0.053246
-0.041951
-0.1119
-0.093061
0.13574
0.18854
0.085629
-0.073828
-0.1118
-0.15867
-0.17401
0.022237
0.24334
0.24186
0.0048999
-0.067225
-0.054097
-0.1237
-0.10624
0.11922
0.1956
0.13049
-0.037387
-0.12466
-0.080523
-0.079202
0.092447
0.11353
0.092509
0.037493
-0.093401
-0.15264
-0.1237
-0.025621
0.090688
0.082735
0.10269
0.078163
-0.012745
-0.21473
-0.22204
-0.028526
0.12812
0.1427
0.065823
-0.017432
-0.068862
-0.042354
-0.026833
0.026225
0.10693
-0.017935
-0.028913
-0.024563
0.042684
0.039264
0.02666
-0.03586
-0.052777
-0.022517
-0.023907
0.014974
0.095434
0.052619
-0.010332
-0.013969
-0.023953
-0.099364
-0.13628
0.052425
0.067586
0.039625
0.013567
0.094641
0.0058684
-0.13065
-0.12414
0.042524
0.058116
-0.045736
0.034406
0.071845
0.030508
0.0073442
-0.055233
0.026862
-0.012066
0.023344
0.089834
0.0836
0.00071324
-0.13061
-0.015808
0.069741
0.1061
-0.040104
-0.072001
-0.065317
-0.025887
0.059849
0.073715
0.062405
-0.010208
-0.1147
-0.1068
-0.17869
-0.067986
0.1131
0.14562
0.011106
-0.023549
-0.019441
-0.10924
-0.023131
-0.019373
-0.041425
0.026498
0.091351
0.10782
-0.003015
-0.033854
0.00079767
-0.058671
-0.079841
0.060353
0.19871
0.074414
-0.068139
-0.03964
-0.082358
-0.048411
0.077709
0.13626
-0.059762
-0.077572
0.035817
0.03383
-0.066511
-0.011181
0.060928
-0.048433
-0.068476
0.042733
0.05503
-0.017716
0.029208
0.03614
-0.079613
-0.09388
-0.025807
0.027461
0.090899
0.06125
0.065226
0.006307
-0.06447
-0.041875
-0.055433
0.0062645
0.011202
0.048139
0.059586
-0.052197
-0.010642
0.08939
0.070713
-0.07384
-0.12801
-0.068806
-0.077637
-0.03471
0.16917
0.085807
0.045502
-0.080455
-0.079694
-0.020593
-0.001612
-0.00021181
0.044387
0.017368
-0.047921
-0.028627
0.072826
-0.0485
-0.03139
0.14141
0.10094
-0.025782
-0.032067
0.078886
-0.080606
-0.19106
-0.064588
0.083763
0.13761
0.05424
-0.041646
0.03568
-0.014535
-0.10973
-0.0038108
0.078458
0.057318
-0.09652
-0.079528
-0.0065181
0.0079592
-0.019994
0.021709
0.06078
0.07042
-0.055467
-0.096232
-0.04051
-0.0066982
0.049972
-0.014209
0.031122
0.14198
-0.036861
-0.14597
-0.062286
0.031918
0.050072
0.037765
0.077554
0.018489
-0.1106
-0.086967
-0.037965
0.050248
-0.050539
0.039945
0.13698
3.5727e-005
-0.088741
-0.067891
0.00043919
0.026425
0.046375
0.079584
0.071765
0.0036838
0.0011501
0.015848
0.0062658
-0.020563
-0.0042651
0.024384
0.050025
0.060824
0.047308
-0.034974
-0.0027409
-0.029247
-0.033753
-0.073535
-0.065039
-0.094997
-0.011091
0.11571
0.11275
-0.048582
-0.080323
-0.10362
-0.16276
-0.045997
0.015318
0.1622
0.099181
0.11283
0.0074894
-0.088236
-0.15866
-0.096421
-0.041091
0.021137
0.15522
0.23063
0.075052
-0.041288
-0.047608
-0.092308
-0.13786
-0.065102
0.084626
0.14906
0.12358
0.050281
-0.1386
-0.13817
-0.014064
0.10134
0.077444
-0.03442
0.0025927
-0.021587
-0.026391
-0.044282
0.028399
0.044166
-0.072535
-0.018606
0.010279
-0.049803
-0.13457
-0.010596
0.055534
0.010398
0.0078425
-0.011614
0.0061448
-0.010868
0.022502
0.063098
0.033236
0.035144
-0.091369
-0.034023
0.053241
0.074589
0.10564
0.10378
0.03277
-0.090275
-0.14019
-0.053353
0.052424
0.065735
0.058623
0.035253
-0.076446
-0.12748
-0.025747
0.03872
0.011069
0.021896
0.039485
-0.017971
-0.13096
-0.074371
-0.0041106
0.035406
0.085885
0.10752
0.012357
-0.059827
-0.11712
-0.13859
-0.063795
0.15488
0.15437
-0.0086854
0.0089306
-0.047775
0.0011152
-0.020514
0.018449
0.038047
0.01291
-0.02523
0.017198
0.039594
0.0158
0.065222
-0.0059467
-0.15935
-0.14582
0.068111
0.13175
0.04927
-0.048199
0.0018078
-0.046758
-0.084115
0.017167
0.018426
0.011981
0.0096447
0.051187
0.058467
-0.0039617
0.027605
-0.071204
-0.013928
-0.0047755
-0.0042159
0.087986
0.10114
0.040595
0.0001852
-0.0025637
-0.18419
-0.22864
0.034958
0.18219
0.070729
0.012795
-0.1018
-0.057834
-0.029854
-0.039003
0.012686
-0.024761
-0.023079
-0.041186
0.096533
0.07583
0.048198
0.039035
-0.074633
-0.0098508
-0.027975
-0.046647
0.047327
0.12279
0.074862
0.0016277
0.042483
0.035053
-0.097118
-0.093494
0.075859
0.092398
-0.024945
-0.060931
-0.077963
-0.079749
0.034009
0.081991
0.06131
-0.026313
-0.11219
-0.12871
-0.095857
0.019756
0.10694
0.065081
0.030435
0.0028611
-0.087015
-0.098514
-0.010001
0.066868
0.054935
0.09085
0.0045883
-0.012887
0.014996
0.018304
-0.079296
-0.1124
0.0812
0.10134
0.10111
-0.030781
-0.041811
-0.040487
-0.052019
-0.091791
0.067102
0.13376
-0.052531
-0.051067
-0.033135
0.053875
0.059592
-0.029808
-0.042881
-0.096619
0.046298
-0.051567
0.0034612
0.12335
0.13523
0.0057479
-0.13766
-0.050069
-0.044409
0.06051
0.10987
0.053319
-0.037265
-0.059952
-0.064169
-0.15648
0.0026929
0.12866
0.194
0.076739
-0.00097118
-0.16846
-0.16398
-0.15124
-0.024847
0.24347
0.29056
0.1629
-0.058117
-0.14628
-0.22362
-0.098349
0.045043
0.19757
0.16985
0.039768
-0.041047
-0.079975
-0.10628
-0.10944
-0.043214
-0.031064
-0.080008
-0.064557
0.017295
0.04695
-0.051201
-0.13617
-0.083125
-0.049058
-0.047068
-0.009177
0.088447
0.22184
0.028416
0.037283
0.086535
0.05692
0.0035041
0.046192
0.043498
0.075118
0.086414
0.23497
0.047658
-0.016703
0.011382
0.050715
-0.086245
-0.18971
-0.097553
-0.021226
-0.066247
-0.11063
-0.039803
0.0058067
0.0020162
-0.045085
-0.13166
-0.079202
-0.17135
-0.079154
0.075686
0.096511
0.19602
0.21378
0.0132
-0.18533
-0.13525
0.058222
0.11625
0.18393
0.1273
0.017845
-0.013771
-0.065224
-0.095114
-0.0082911
0.030444
0.085653
-0.027518
-0.0079643
-0.050442
-0.065798
-0.10279
-0.15588
-0.01951
0.12111
0.11769
0.0091619
-0.13015
-0.12974
-0.0026274
0.014228
0.10569
0.15709
0.060921
-0.057484
-0.13326
0.0082788
0.16884
0.069203
0.014828
0.066301
-0.041554
-0.17093
-0.092897
0.12605
0.13142
0.071425
0.0049697
-0.040535
-0.12579
-0.12211
-0.036334
0.035437
0.031744
0.036235
-0.061437
-0.048067
-0.015182
-0.081192
0.0085622
0.035858
0.021277
0.052545
-0.03686
-0.04002
-0.0092501
-0.00037502
0.056487
0.12907
0.10696
-0.01441
-0.058823
-0.060513
-0.023643
0.060482
0.082437
0.1013
-0.056663
-0.091789
0.068073
0.10708
0.0091563
-0.063018
-0.10054
-0.036211
-0.15922
-0.036875
0.098396
0.085703
-0.060087
-0.073706
0.0050639
-0.0050226
-0.014326
-0.079859
0.00644
0.018283
-0.0077671
0.057423
0.14811
0.10876
0.000534
-0.01853
-0.088948
-0.079927
0.076319
0.11775
0.11882
0.022339
-0.045797
-0.15794
-0.17015
0.050556
0.073016
0.056681
0.10159
-0.021695
-0.1819
-0.20083
-0.025016
0.049804
0.02176
0.047868
0.10141
-0.039691
-0.075262
0.088942
0.025003
-0.13632
0.052038
0.075563
0.022292
0.024584
0.095269
0.055194
-0.086845
0.018522
0.071131
-0.00088561
-0.12349
-0.1227
-0.014012
0.042571
0.038089
0.048045
0.05105
-0.048172
-0.21755
-0.09578
0.15823
0.1945
0.12779
-0.039809
-0.24019
-0.1605
-0.086724
0.1046
0.19576
0.17852
0.0094766
-0.037648
-0.14392
-0.12339
0.0034629
0.13286
0.1159
-0.038295
0.041847
-0.025854
-0.004206
-0.08043
-2.4663e-005
0.086182
0.036298
0.031268
-0.081707
-0.023416
0.072136
-0.044727
-0.021977
0.041906
-0.01166
-0.090587
-0.079329
0.014548
0.02505
0.02174
0.032502
-0.053694
-0.012922
-0.081912
-0.053642
-0.029212
0.001976
0.044375
0.050274
0.089785
0.046214
-0.024492
-0.099653
-0.055535
0.021069
0.092413
0.10744
0.059317
0.081087
-0.067839
-0.13443
-0.025465
0.074497
0.075897
0.0071632
0.12202
0.098717
-0.16687
-0.20026
-0.062034
0.062557
0.069086
0.011138
0.044071
0.083207
-0.020804
-0.13688
-0.11458
-0.017519
-0.039357
-0.0085139
0.099721
0.079705
0.012285
-0.10511
-0.099351
-0.050532
-0.01677
0.053197
0.047828
0.065761
0.0422
-0.056607
-0.010286
0.032497
-0.005527
-0.048021
0.084472
0.021239
-0.0010069
0.007899
0.031068
0.069074
0.029494
0.11212
0.074282
0.056954
-0.022621
-0.11559
-0.18554
-0.12707
0.06475
0.14317
0.082072
0.21367
0.054467
-0.2219
-0.22935
-0.12961
-0.089617
0.008614
0.17537
0.11645
-0.037604
-0.083284
-0.11197
-0.059154
0.053998
0.014574
-0.01291
0.021152
-0.055306
-0.12294
-0.045131
0.17157
0.1545
-0.0088672
-0.013486
-0.082307
-0.10113
-0.09922
0.081325
0.21542
0.13921
0.050393
0.022939
-0.10949
-0.057259
0.0081894
0.077342
0.13391
0.027294
-0.063886
-0.0066318
0.060498
-0.01022
-0.11452
-0.014072
0.02556
-0.022825
-0.075786
-0.026748
-0.01442
-0.082359
-0.075312
0.02393
-0.026739
-0.018656
-0.016686
-0.021906
0.0023005
-0.0070003
-0.017024
0.0085427
0.0031414
0.05794
-0.0083527
-0.0028821
-0.030515
0.062099
0.10909
0.083405
0.10771
0.016993
-0.10584
-0.039061
-0.014788
-0.011829
-0.020369
0.055173
0.10288
0.017063
0.050143
-0.010885
-0.062938
-0.18657
-0.1177
0.058386
0.030965
0.11708
0.1666
-0.037957
-0.21783
-0.17501
-0.0026424
0.0357
0.051233
0.046852
0.069454
0.024525
-0.083163
-0.023903
0.0055582
-0.0074389
-0.014092
-0.0010848
-0.04654
0.072242
0.061103
0.073661
0.10321
-0.024157
-0.091914
-0.042016
0.042516
0.046192
-0.019443
-0.070292
-0.028999
0.014297
0.030888
0.061061
0.10517
-0.028403
-0.16668
-0.15462
-0.069321
0.062749
0.077897
0.040705
0.056773
0.029459
-0.056629
-0.086297
0.0096686
0.0059079
0.0032899
0.03047
-0.00090157
0.09102
0.12965
0.028964
-0.019308
0.009362
-0.016101
-0.091647
-0.062727
0.0087786
0.058351
0.053325
-0.054252
-0.099268
-0.0052366
-0.0066776
0.014699
-0.02645
-0.084727
-0.032666
0.028594
-0.0039556
0.028339
0.050993
-0.047827
-0.064767
0.04165
0.052594
0.061836
0.069582
0.041014
0.00081969
0.00098317
-0.061758
0.044471
0.04623
0.042651
-0.0046273
-0.036297
-0.069851
0.057679
0.05656
-0.02183
-0.016279
-0.081044
-0.1088
-0.035169
0.017201
0.10476
0.074304
-0.061606
-0.16307
-0.069476
-0.0090064
-0.058996
0.065694
0.15454
0.033394
0.008369
-0.05256
-0.10238
-0.14404
-0.011906
0.12142
0.1257
0.15815
0.097161
-0.061883
-0.12076
-0.042123
0.018504
0.060196
0.089219
0.070249
-0.063937
-0.084371
-0.1296
-0.03492
0.087779
0.098971
0.062575
-0.037745
-0.054372
-0.19616
-0.1172
0.038258
0.13149
0.081788
0.056489
0.044629
-0.08358
-0.13031
-0.044435
0.066395
0.018633
-0.012006
0.035797
0.031449
-0.019877
-0.059089
-0.018998
0.0014143
-0.017998
-0.010166
-0.0017396
0.017259
0.019949
-0.04359
0.015382
0.076962
0.064539
0.022143
-0.017149
0.03352
0.01348
-0.074959
0.018127
0.093903
0.10298
0.07711
0.061794
0.0069963
-0.064154
-0.030689
-0.028964
-0.015731
-0.11232
-0.096809
0.046784
0.0092914
-0.018479
-0.045056
0.0090164
-0.079729
-0.10129
-0.056487
-0.057919
-0.035519
0.025611
0.019157
0.0043805
0.043784
0.0020955
-0.10987
-0.0046861
0.16082
0.16329
0.11323
0.13167
0.082693
-0.063636
-0.15127
0.014269
0.11474
0.13677
0.15818
0.088184
-0.03967
-0.088823
-0.068752
-0.095938
-0.11644
-0.11067
-0.15087
-0.077578
0.016808
0.044275
0.048426
0.021477
-0.048301
-0.22725
-0.19391
-0.067597
0.072698
0.072438
0.067615
0.11204
0.21018
-0.029442
-0.12241
0.026812
0.080561
0.036932
0.081122
0.17717
0.057873
-0.041255
0.0040304
0.051244
0.030881
-0.023859
-0.0050218
-0.06436
-0.10149
-0.13968
-0.053127
0.043653
-0.010445
-0.0044817
0.067965
-0.025845
-0.17914
-0.21792
-0.14776
0.088179
0.21986
0.16537
0.039295
-0.070964
-0.16163
-0.14882
-0.0093379
0.15449
0.18717
0.08919
0.092064
0.082345
-0.025635
-0.087795
-0.052324
0.074541
0.045815
0.017902
0.034205
0.11141
0.082968
-0.094423
-0.12178
-0.064316
0.014199
-0.027128
0.039249
0.045556
-0.043494
-0.11689
-0.045297
0.0023276
-0.044973
-0.011509
0.071068
-0.025815
-0.056089
-0.051877
0.0035432
-0.013386
0.090276
0.054099
-0.010111
-0.055588
-0.035652
-0.00044781
-0.022085
-0.042458
0.15776
0.090169
-0.067146
-0.035949
-0.026283
0.002773
-0.015798
0.01283
0.03381
0.11524
0.0063322
-0.095305
-0.042831
0.040802
-0.038409
-0.088751
0.061375
0.020203
0.040021
-0.0028277
0.016912
0.029211
-0.081889
-0.10184
-0.039792
0.01274
0.074437
0.07751
0.092317
0.036114
-0.015071
-0.071071
-0.063947
-0.012786
-0.028978
0.0086133
0.14471
0.14319
0.053311
-0.086192
-0.082757
-0.055657
-0.04134
0.10247
0.011464
-0.028154
-0.025835
0.029388
-0.067622
-0.12901
0.021173
0.053683
0.036584
-0.010276
-0.0062692
0.037272
-0.020767
-0.10846
0.017532
0.10627
0.046328
-0.011584
-0.045682
-0.071263
0.0038235
0.14027
0.094302
0.080337
0.033767
-0.20556
-0.1249
-0.064531
0.022108
0.074378
0.1163
0.047658
0.026397
0.011029
-0.052002
-0.12135
-0.10043
0.005109
-0.0054297
-0.048292
0.090838
0.14557
0.032365
-0.054922
-0.02352
-0.0099067
-0.051342
-0.08213
-0.0097707
0.090954
0.041805
-0.058232
-0.065648
0.034683
0.045697
-0.038055
-0.048104
0.040837
-0.065076
-0.12112
-0.016907
0.0018897
0.011755
0.085752
0.076175
-0.011493
-0.0028621
-0.027437
-0.081194
0.048681
0.057227
0.011799
0.0057277
0.046438
-0.016397
-0.067168
0.107
0.15502
0.057284
-0.10305
-0.099441
-0.026169
-0.050823
0.064739
0.21881
0.18634
-0.079465
-0.20259
-0.083524
-0.025297
0.014
0.14592
0.086269
-0.023528
-0.022945
0.020421
-0.099605
-0.054874
0.00064893
-0.004741
0.01129
-0.029735
0.024617
0.012479
0.0043862
-0.037884
-0.10538
-0.052931
-0.02267
0.06295
-0.051918
-0.01317
0.07597
0.08166
-0.089554
-0.10698
0.02074
0.047361
-0.018541
-0.032853
0.17903
0.039552
-0.043854
0.016482
-0.025541
-0.067327
0.010655
0.085796
0.087193
-0.063644
-0.062267
-0.05319
0.037236
-0.0061904
0.014299
0.06307
0.00068328
-0.096865
-0.074483
-0.016941
0.043638
0.10524
-0.076207
0.0085335
0.080864
-0.016686
-0.022248
0.002075
0.030262
-0.048652
0.010763
0.045557
0.07623
0.0047745
-0.073874
-0.14935
-0.03324
0.083541
0.15734
0.072071
-0.0080955
0.025319
-0.1652
-0.25021
-0.076401
0.15681
0.19421
0.108
0.0493
0.047508
-0.088679
-0.20062
-0.18901
-0.062649
0.10049
0.11633
0.14878
0.092786
-0.039589
-0.15212
-0.10458
-0.091989
0.042089
0.17051
0.07005
0.0030253
-0.045622
-0.021755
-0.064256
0.0014096
0.059919
0.10172
0.063751
0.035387
-0.022292
-0.061583
-0.0377
0.014955
0.0024168
-0.051226
0.038219
0.10067
-0.02236
-0.096341
-0.0098306
0.010183
-0.040898
-0.051765
-0.10271
-0.070301
0.088439
0.18649
0.065739
0.037659
-0.12191
-0.24085
-0.193
0.0092229
0.18967
0.18032
0.1577
0.022737
-0.12914
-0.18588
-0.1064
-0.037681
0.10022
0.16888
0.10938
0.011015
-0.033075
-0.083354
-0.10217
-0.053221
0.098201
0.13586
0.067751
-0.020251
-0.086495
-0.081162
-0.02755
0.046466
0.093709
0.038724
-0.0038463
-0.051367
-0.052537
-0.10675
0.038039
0.10198
0.17792
0.079968
-0.049301
-0.15822
-0.29357
-0.15534
0.093049
0.27133
0.27978
0.13616
-0.07583
-0.30055
-0.35352
-0.12895
0.0853
0.22122
0.23187
0.21898
0.0060663
-0.22522
-0.24625
-0.069011
0.10144
0.14823
0.095593
0.077859
0.011518
-0.094786
-0.086659
-0.071877
0.031662
-0.013854
-0.02024
0.0208
-0.0016473
0.018336
-0.011628
-0.07274
-0.049503
-0.048651
-0.0027558
0.0099223
0.0087251
0.036458
0.13205
0.11118
0.045995
0.020279
-0.01866
-0.068228
-0.10339
0.12235
0.099369
-0.055433
-0.022182
-0.0044123
-0.038982
-0.092061
-0.031812
0.075509
-0.018976
-0.16504
-0.13403
0.057739
0.081116
0.043007
0.023945
0.014535
-0.094311
-0.10985
-0.056907
0.058369
0.16365
0.079082
0.069282
0.11073
-0.063539
-0.099565
-0.017039
0.084877
-0.024923
-0.020242
0.053986
0.076199
-0.093042
-0.072136
0.061227
-0.0050269
-0.03581
0.014501
-0.064468
-0.10383
-0.089523
0.11611
0.12468
0.020925
0.06815
0.062115
-0.072784
-0.13446
-0.019421
0.10675
0.025769
-0.028956
0.054933
0.14408
0.025304
-0.11658
-0.14176
-0.032091
-0.091554
-0.03154
0.11492
0.080135
0.020946
-0.074529
-0.082462
-0.022584
0.003626
0.041913
0.053458
0.027789
0.052032
-0.12264
-0.014723
0.10981
0.064715
-0.02665
-0.020151
0.06438
-0.082475
-0.086135
0.04696
0.079462
-0.06665
-0.085266
-0.0088763
-0.094307
-0.094303
0.0097359
0.091683
-0.046824
-0.067459
0.051291
0.10112
-0.067473
-0.089885
-0.0067708
-0.031024
-0.049738
-0.010206
0.24084
0.25943
0.11453
-0.028767
-0.13558
-0.1057
0.047224
0.11727
0.20907
0.17581
0.09904
-0.080823
-0.21185
-0.15533
-0.089873
-0.014615
0.014972
0.084311
0.14253
0.0069192
-0.13177
-0.13248
-0.12073
-0.18653
-0.12098
0.034528
0.10968
0.10223
0.10994
-0.025072
-0.12808
-0.032224
0.053487
-0.053688
-0.016474
0.0041138
0.077961
0.15876
0.13573
0.093596
0.033223
-0.063503
-0.10949
-0.043176
0.062727
0.013425
0.026898
0.13684
-0.053591
-0.13786
-0.14107
-0.16329
-0.048896
0.026416
0.037118
-0.058249
-0.03629
-0.045569
-0.004225
0.030982
-0.013502
-0.0078977
-0.02044
0.08844
0.12336
0.15111
0.16655
0.095652
-0.020823
-0.068738
0.024224
0.057243
0.089228
0.1081
0.040664
-0.072277
-0.10796
-0.078103
-0.036659
-0.047501
-0.014815
-0.049256
-0.071902
-0.075533
-0.02506
-0.046026
-0.10217
-0.10737
-0.038272
-0.033913
0.090189
0.15693
0.11922
0.060839
-0.045555
-0.081135
-0.092994
0.056297
0.1403
0.13362
0.12965
0.07955
-0.0052454
-0.056731
-0.10571
-0.074761
0.043698
0.099759
0.045598
-0.056526
-0.10022
-0.096651
-0.038301
-0.045277
-0.11439
-0.05951
0.017712
0.00093551
-0.060432
-0.033624
0.070309
0.0055691
0.014424
-0.023384
0.042512
0.068381
0.016318
0.038919
0.11032
0.13267
0.052341
-0.078402
0.00087035
0.074875
0.0087384
0.038452
0.060034
0.044833
-0.069101
-0.083613
-0.0091534
-0.071474
-0.12845
-0.073644
-0.050719
0.028356
0.12833
-0.057715
-0.15755
-0.12175
-0.096553
0.067721
0.15421
0.10623
-0.014629
0.067201
-0.015664
-0.046292
0.076043
0.15792
0.11847
0.026077
-0.066273
-0.078044
-0.0076714
0.068653
0.057413
0.040162
0.058721
-0.0026712
-0.14207
-0.15868
-0.037189
-0.01463
-0.060984
-0.024783
0.06778
-0.01067
-0.072217
-0.029206
-0.051443
-0.041525
-0.029706
0.016348
0.0058625
0.057408
0.038361
0.045886
0.010129
-0.14131
-0.081493
0.11483
0.17754
0.12712
0.026234
0.002983
-0.0195
-0.06829
-0.055623
0.038883
0.17275
0.057627
0.04723
0.002266
-0.045805
-0.098615
-0.20801
-0.15268
0.0023932
0.14166
0.12416
0.0017844
-0.056525
-0.13686
-0.15542
-0.17775
-0.10955
0.15493
0.26695
0.10224
0.024927
-0.023558
-0.054171
-0.12793
-0.038635
0.13407
0.11519
0.064497
0.065039
0.12467
0.048565
-0.089965
-0.17481
-0.058115
0.057472
0.12758
-0.012657
-0.005609
0.021544
-0.02673
-0.069839
-0.027023
-0.067847
-0.11203
-0.07519
0.13034
0.17489
0.0073602
-0.12401
-0.026504
0.073569
0.035337
0.0062289
-0.026785
-0.097187
-0.077786
0.017057
0.088042
0.1773
0.070554
-0.0004702
-0.11505
-0.17189
-0.13603
-0.068763
0.014891
0.10247
0.088805
0.055589
-0.031721
-0.058202
-0.10416
-0.11845
0.007373
0.12539
0.077895
0.014944
0.06913
0.063365
-0.035103
-0.071288
-0.087359
-0.069227
0.053066
0.14042
0.14889
0.0097498
-0.028438
-0.07306
-0.054967
0.034628
-0.040756
-0.085996
0.04862
0.017667
-0.068596
0.075518
0.16104
0.09349
-0.039265
-0.052906
-0.088798
-0.17708
-0.12808
0.086141
0.16433
0.052686
0.064791
0.11538
-0.021552
-0.13511
-0.036358
0.01853
-0.0044252
0.090611
0.070834
0.037002
0.0087917
-0.029855
-0.11146
-0.12127
0.029449
0.10774
0.098033
0.017814
-0.086578
-0.091407
-0.12959
-0.1072
0.050019
0.097477
0.11085
0.08452
-0.016192
-0.11892
-0.15048
-0.061625
0.068535
0.099206
0.032106
0.046076
0.023568
-0.064767
-0.14278
-0.02925
0.10432
0.088787
0.019614
-0.085283
-0.063532
-0.12871
-0.12433
0.098897
0.1489
0.17101
0.047671
-0.090259
-0.13131
-0.11606
-0.0083817
0.043467
0.087603
0.1176
0.035544
0.072952
0.050449
-0.099015
-0.13529
-0.045297
-0.061776
0.089845
0.063944
0.016251
0.033097
-0.034445
0.0078485
-0.062468
-0.009319
0.02891
-0.026031
0.0081438
0.066538
0.039338
-0.047283
0.053207
0.067098
-0.035025
-0.13473
-0.0085336
0.10146
0.10101
0.023414
0.042962
0.037559
-0.16232
-0.14521
0.052525
0.099892
-0.040855
-0.026791
0.025954
-0.026498
-0.027305
0.004137
0.011949
0.056637
-0.0066936
0.01163
-0.025469
-0.099515
-0.049253
0.032749
0.044549
0.0049811
0.083858
0.19299
0.052434
-0.11503
-0.13269
-0.089931
-0.14564
0.015981
0.20596
0.19229
0.020242
-0.087025
-0.08416
-0.071463
-0.14651
-0.13357
0.07129
0.16116
-0.0057597
-0.10511
-0.083559
0.0019503
-0.03381
-0.063153
-0.063101
0.0060849
0.05085
0.064231
0.049025
0.022051
0.027466
-0.06121
-0.015026
0.146
0.131
0.090037
-0.020771
-0.017956
0.046464
0.089519
0.044909
-0.05459
-0.0044845
-0.045247
-0.02359
0.050838
0.093858
0.021049
-0.066504
-0.045944
-0.093075
-0.18456
-0.11637
0.036613
0.15262
0.10901
0.0096134
-0.1244
-0.17729
-0.071613
-0.05613
0.056226
0.10217
-0.015235
-0.037493
0.055268
0.094043
0.10096
0.012201
-0.073557
-0.14544
-0.11593
0.042421
0.091343
0.097624
0.175
0.16428
0.0039555
-0.17956
-0.12614
-0.038921
0.066861
0.078763
0.088038
0.12377
-0.020421
-0.14374
-0.14198
0.006734
0.017082
-0.11684
0.003109
0.14399
0.079016
-0.075839
-0.087778
-0.1315
-0.053553
0.067662
-0.010445
0.023835
0.036328
0.078346
0.0037981
-0.014877
0.05775
0.006206
0.016138
0.042044
-0.011512
0.026949
0.032264
-0.057736
0.016607
0.11448
-0.036054
-0.13101
-0.038224
0.095412
-0.030169
-0.04595
-0.076973
-0.027102
0.038042
-0.011513
-0.030562
-0.0079018
0.069382
0.035805
-0.062257
0.042389
0.074943
0.022381
-0.050454
-0.001192
-0.0016195
0.044461
-0.045497
-0.092505
0.02189
0.16466
0.027895
-0.0012634
0.018706
-0.073013
-0.045743
-0.025715
-0.017921
-0.033381
0.031838
0.0079104
-0.040049
0.02636
0.016428
0.002505
-0.051469
-0.027306
-0.1013
0.02129
0.062289
0.070399
-0.0043284
-0.053955
-0.034532
-0.081711
0.037685
0.12065
0.10965
0.069888
-0.045149
0.014547
-0.034185
-0.075516
-0.023173
0.049133
-0.091393
0.0065664
0.17763
0.082009
-0.01736
-0.01584
-0.051007
-0.08999
-0.15468
-0.10045
0.099505
0.1198
0.069818
0.11656
0.059685
-0.10806
-0.22961
-0.18326
-0.062424
0.11426
0.21998
0.18905
0.053344
-0.062771
-0.20399
-0.2389
0.01531
0.14092
0.056748
0.044203
0.075561
-0.014565
-0.11101
0.030782
0.049212
-0.016644
-0.010753
0.010684
0.040419
0.023343
0.077977
0.061789
-0.026278
-0.074874
-0.084079
0.0076322
0.10841
0.1058
0.095026
-0.10409
-0.23676
-0.14501
-0.014271
0.10362
0.017726
0.03185
0.039446
-0.13215
-0.1517
0.04607
0.072619
0.03655
0.050338
0.093116
0.10318
-0.021745
-0.097129
-0.059012
-0.041052
0.067614
0.068211
0.013725
0.074482
-0.021473
-0.085965
-0.062601
-0.018671
-0.037963
-0.017674
0.057781
0.038513
-0.030277
-0.0083605
0.027307
0.014409
-0.09782
-0.0028909
0.067277
-0.020754
-0.073422
-0.059818
0.027782
0.033142
0.050484
0.063985
-0.013261
-0.017154
-0.010545
0.00077813
0.039569
-0.0072171
0.082322
0.051343
-0.043608
0.045477
0.094962
0.054884
0.037073
-0.029261
-0.067271
-0.053734
-0.028924
0.0020401
0.055496
0.047014
-0.082951
-0.15848
-0.068871
-0.1039
-0.094167
-0.0096082
-0.039827
-0.042245
0.038258
-0.02447
-0.050488
0.028808
0.081471
-0.037319
0.014853
0.13976
0.15394
0.079731
0.027492
0.05528
-0.0061446
0.05569
0.13272
0.037478
-0.055298
0.011837
0.071061
0.099881
-0.032304
-0.087394
-0.16371
-0.14711
-0.11062
0.0060866
0.076256
0.0052987
-0.088736
-0.12926
-0.15816
-0.14454
-0.0081034
0.096994
0.12795
0.087433
-0.016773
-0.050049
-0.010662
0.06677
0.13229
0.030835
0.034556
0.054847
0.019313
-0.0013889
0.073847
0.1088
-0.056471
-0.12242
-0.033754
0.043131
0.03618
0.022783
-0.040903
-0.10393
-0.16898
-0.063654
0.014456
0.065465
0.1343
0.10301
0.057246
-0.022349
-0.023022
-0.0049632
-0.039766
0.088385
0.13666
0.0204
0.0212
0.014534
0.024458
-0.021143
-0.026193
-0.065158
-0.026322
-0.0814
-0.14976
-0.099148
0.010961
-0.01482
-0.081095
-0.061464
-0.065794
-0.15988
-0.09257
0.10163
0.095674
0.071804
0.086314
0.11576
-0.031268
-0.064096
-0.014509
0.063409
0.078279
0.12033
0.19687
0.081542
0.037119
0.017899
-0.062234
-0.13214
-0.10456
0.066511
0.12078
0.086984
-0.032873
-0.070146
-0.082202
-0.16448
-0.13618
0.043465
0.14897
0.15238
0.025232
-0.074854
-0.19236
-0.22933
-0.10607
0.090471
0.17945
0.2035
0.085193
-0.089295
-0.21172
-0.14019
0.012815
0.05548
0.079335
0.11375
0.047722
-0.0039867
-0.067978
-0.040185
-0.0086907
-0.03519
0.035608
0.029397
0.037699
0.026383
0.011484
-0.001879
-0.020305
-0.056213
-0.016122
0.02633
0.080345
-0.044229
-0.068435
0.050048
0.02498
-0.05991
0.0036653
0.10904
0.0067064
-0.10564
-0.036626
0.03358
0.093232
0.19446
0.090203
-0.093825
-0.10272
-0.069669
-0.046315
0.055672
0.10699
0.041991
-0.049447
-0.12109
-0.090187
-0.12517
-0.071631
0.18084
0.052277
-0.042336
-0.073612
-0.17534
-0.14262
-0.02256
0.15698
0.14356
0.15687
0.0010329
-0.18978
-0.17168
-0.021639
0.095843
0.098274
0.16954
0.13564
0.065934
-0.088734
-0.097377
0.045401
0.025937
-0.032338
0.14745
0.1363
-0.054206
-0.12418
-0.023924
0.038039
0.032772
0.05042
0.019827
-0.030964
-0.16484
-0.089564
-0.056053
-0.018478
0.021606
0.050585
0.040936
-0.016554
0.0036405
-0.055118
-0.13066
-0.0037774
0.0063533
-0.097812
0.043256
0.15244
0.091793
-0.026715
-0.00076791
-0.0024513
-0.049211
-0.065934
0.011658
0.12145
0.078225
-0.0034538
-0.027642
-0.06156
0.043614
0.018443
-0.078629
-0.084035
0.11761
0.088343
-0.027878
-0.11131
-0.025214
0.021322
-0.068197
-0.037407
0.025438
0.035558
0.10582
0.0030651
0.015048
0.029592
-0.076326
-0.091339
0.037771
0.088193
0.08855
0.035261
0.037397
-0.084774
-0.12246
-0.0043924
0.0649
0.062452
0.013103
0.061974
0.0010523
-0.14653
-0.15716
-0.018752
0.033331
-0.08609
-0.010248
0.12948
0.025056
-0.014523
0.0043137
-0.016828
-0.065691
-0.0068677
-0.011906
0.054021
0.070864
0.043157
-0.024211
-0.020696
-0.017022
0.013654
0.0063079
0.053714
0.082235
-0.052167
-0.11445
-0.013858
0.00099342
0.038167
0.021047
0.019425
-0.028146
-0.077735
-0.024441
0.079656
0.046949
-0.0011081
0.0043032
-0.041784
-0.10465
-0.021145
0.10595
0.082714
0.089195
0.045844
-0.078665
-0.11142
-0.043067
0.0037811
-0.0053351
-0.010741
0.062084
0.010714
-0.02389
0.011471
-0.0060537
-0.043451
-0.056105
-0.025146
-0.017892
0.057991
0.10287
0.051757
-0.0092089
-0.051933
0.023254
-0.035217
-0.025396
0.068494
0.027713
-0.012632
0.049625
0.086943
-0.029874
-0.10626
-0.10104
-0.024271
0.028218
0.012939
-0.020245
0.059079
-0.0082529
0.07679
-0.042394
-0.10849
-0.056922
0.022502
0.03875
0.032404
0.070234
0.03708
-0.031323
-0.15309
0.016949
0.12691
0.035021
0.013187
0.077261
0.11319
-0.095862
-0.13868
-0.040362
0.043251
0.06258
0.056139
0.095971
0.010454
-0.14129
-0.12024
-0.05035
-0.074358
-0.004547
0.049815
0.011061
-0.10536
-0.066015
-0.017651
0.015756
-0.0398
0.10673
0.078093
-0.059937
-0.099527
-0.032067
0.032743
0.070661
0.17524
0.18423
0.17541
-0.033139
-0.16443
-0.15818
-0.057537
0.073655
0.089749
0.15834
0.0648
-0.093311
-0.19197
-0.23989
-0.16474
0.060964
0.1449
0.18373
-0.010505
-0.084699
-0.040089
-0.1124
-0.065942
0.053411
0.057242
0.093637
0.17225
0.06315
-0.0076236
0.049536
0.045404
-0.13437
-0.13416
-0.05113
0.11341
0.092261
0.066313
0.027819
-0.04733
-0.12259
-0.062284
-0.060277
-0.041057
-0.035332
0.071606
-0.011237
0.0061886
0.059473
0.085287
-0.011695
-0.013048
-0.067583
-0.05136
-0.0072688
0.04518
0.031683
0.087106
0.040048
-0.021019
-0.015692
-0.080793
-0.043046
-0.015102
0.0050885
0.031513
-0.0040811
-0.0017081
0.067155
0.041892
-0.071413
-0.035058
-0.044158
0.0020926
0.12078
0.077101
-0.079157
-0.044026
0.0094293
-0.081388
-0.035261
0.082321
0.0053808
-0.10292
-0.02908
0.0084989
0.018592
-0.024306
-0.072485
-0.018576
0.010673
0.015406
-0.0080835
0.047687
0.11412
-0.016074
0.095468
0.020574
-0.039312
0.016914
0.015477
0.044795
0.044882
0.095979
0.10525
-0.048219
-0.051755
-0.053753
-0.07183
0.043977
-0.019771
-0.035711
0.031546
-0.0015458
-0.10546
0.033511
0.030792
-0.073929
-0.088022
-0.031475
0.012769
-0.050682
0.084911
0.063202
-0.03466
-0.049362
0.019671
0.059254
0.0079734
-0.055938
-0.030585
-0.089802
0.05107
0.15225
0.11514
0.025068
-0.070812
-0.11365
-0.028475
-0.0088393
0.015389
-0.029777
0.092822
0.03276
-0.094496
-0.092366
-0.071371
0.033739
0.096492
0.038387
-0.073529
-0.12304
-0.10318
-0.0043083
0.14274
0.13251
0.10288
0.048413
-0.086621
-0.1135
0.080669
0.033669
0.03931
0.089294
0.12806
0.079318
-0.017515
0.046732
0.071297
-0.06581
-0.13179
-0.053054
-0.026454
-0.061756
-0.038058
-0.021553
-0.038875
-0.1266
-0.12973
-0.067015
-0.049334
-0.065298
-0.08669
-0.060867
-0.0026023
0.035985
-0.012068
-0.058362
0.022092
0.14774
0.055978
0.070692
0.11187
0.081882
0.026922
0.0562
0.1425
0.13944
0.07393
0.088535
0.023005
-0.0052022
0.047854
0.088149
0.033462
-0.093615
-0.10298
0.0020535
-0.10003
-0.057117
0.063366
-0.0036302
-0.10285
-0.042956
-0.063774
-0.11518
-0.13291
-0.14621
-0.0078118
0.080779
0.10449
0.054115
-0.053089
-0.10995
-0.11378
-0.039474
0.097088
0.085077
0.11383
0.07955
0.023908
-0.091537
-0.17223
0.058062
0.14406
0.11442
-0.0037711
-0.035351
-0.056067
-0.14202
-0.059052
0.11017
0.10901
-0.061867
-0.10621
0.0052412
-0.051106
-0.061069
0.094679
0.041673
-0.045175
-0.047978
-0.028656
0.039143
0.074497
0.050054
0.054858
0.083836
-0.035517
0.021439
0.0088099
0.16269
0.070123
-0.036135
-0.047815
-0.06007
-0.11323
-0.00404
0.10634
0.12941
0.079901
-0.028875
-0.20315
-0.20901
-0.15136
-0.0049312
0.16183
0.19488
0.14993
-0.072097
-0.15735
-0.22266
-0.14231
0.026325
0.15378
0.20695
0.105
0.027328
-0.02014
-0.051261
-0.050231
-0.020265
0.014774
0.061835
0.041295
0.047751
0.031827
0.00036201
-0.012802
-0.077992
-0.011652
-0.022884
-0.062662
-0.057473
-0.087651
0.031373
0.11412
0.030427
-0.1121
-0.027331
-0.011779
-0.15193
-0.12148
0.1273
0.055735
-0.006172
-0.033052
0.070284
0.06772
-0.054393
-0.13579
-0.034802
0.050132
0.061826
0.070155
0.15378
0.067244
-0.019504
-0.060362
-0.097957
0.030872
0.057336
0.016059
0.028281
0.060863
0.10123
-0.00050153
-0.056999
-0.11469
-0.11901
-0.056748
-0.0041235
0.043688
0.11078
0.023744
-0.052797
-0.018477
-0.051214
-0.03553
0.098164
0.081991
0.0085475
-0.095046
-0.052656
0.07314
0.10191
0.11271
-0.015233
-0.14513
-0.045692
0.080096
0.1556
0.097512
-0.019308
-0.14401
-0.17738
-0.044975
0.040797
0.067421
0.046468
0.033869
-0.091374
-0.096952
-0.06772
-0.019005
-0.019427
-0.00047585
0.11904
0.10678
-0.019812
-0.072251
-0.018935
-0.064241
-0.068295
0.065896
0.19016
0.13722
-0.0029656
-0.042537
-0.11188
-0.1646
-0.17974
0.097486
0.23131
0.17525
0.049893
-0.12545
-0.15394
-0.14428
-0.026833
0.1336
0.082311
-0.020577
-0.07769
-0.05749
-0.022504
-0.0011139
0.10467
0.04997
-0.042642
-0.15401
-0.11687
0.062683
0.069092
0.091385
0.11503
0.062496
-0.0046742
-0.010609
-0.028829
0.042766
0.031118
0.016134
0.022006
0.023944
0.087755
0.057717
-0.026381
-0.078239
-0.056895
-0.054027
-0.0066806
-0.012951
-0.088206
-0.072947
-0.068172
-0.030745
0.012061
-0.020316
-0.06841
0.044472
0.09444
-0.089177
-0.086168
0.11297
0.15502
0.10238
-0.018308
0.014989
-0.028203
-0.031926
0.056355
0.15243
0.11983
0.025477
0.033031
-0.003354
-0.16647
-0.21808
-0.22047
-0.019769
0.065499
0.04898
0.10701
0.1277
0.0081553
-0.23421
-0.19848
-0.084153
-0.030092
0.014094
0.14618
0.23431
0.1111
-0.061834
-0.14191
0.024119
0.13677
0.047569
0.029517
0.035411
0.020963
-0.040705
-0.031651
0.052097
-0.035046
-0.056906
-0.00074332
0.036673
-0.072132
-0.10023
-0.041423
-0.091713
-0.055948
0.068617
0.16626
0.026285
-0.11548
-0.089546
-0.048132
0.012103
0.056514
0.11574
0.054392
0.062747
-0.048772
-0.10238
-0.064176
0.027372
0.044186
0.061033
0.038209
0.046838
0.069405
0.062305
-0.13335
-0.16707
0.047639
0.084787
0.051641
0.075281
0.043247
-0.015032
-0.054951
-0.067969
0.005055
0.089048
0.050248
-0.018013
-0.06849
0.0082762
0.066402
-0.092997
-0.087423
-0.026478
0.012306
0.070545
-0.025274
-0.10139
-0.047628
-0.074595
-0.043447
0.059672
0.044057
0.035362
0.0053272
-0.025617
-0.00134
-0.035433
-0.065051
0.011599
0.041902
0.012109
0.057121
0.079892
-0.037964
-0.092116
-0.068872
-0.051243
-0.07192
0.046795
0.1752
0.11531
0.022488
-0.061743
-0.073275
-0.042903
-0.072463
0.044798
0.13451
0.097269
0.10362
0.031102
0.0023113
-0.0063902
-0.073742
0.011474
0.0023405
0.037544
0.020889
-0.04179
-0.072508
-0.04511
0.047939
0.027472
0.015134
-0.074495
-0.062453
-0.085372
-0.064839
0.046014
0.079798
0.068115
-0.0033849
-0.021917
-0.031052
-0.044269
-0.046452
0.12754
0.21375
0.078607
-0.046843
-0.14496
-0.095887
-0.15361
-0.048393
0.04966
0.15175
0.12082
-0.029609
0.00033659
0.0097475
-0.14271
-0.14428
-0.069628
0.037538
0.070055
0.10589
0.11682
0.086653
-0.030814
-0.16215
-0.091061
0.0036513
0.023738
-0.065476
0.029707
0.097112
0.099136
0.018386
-0.072859
-0.046412
-0.052472
-0.045787
-0.05345
0.066528
0.062098
0.086649
0.042095
-0.013037
-0.07703
-0.14156
-0.073488
0.042366
0.13064
0.066629
-0.003353
-0.14565
-0.086
0.014526
0.043143
0.05645
0.026944
-0.034006
-0.10301
0.01088
0.13113
0.055645
-0.050481
0.05128
0.032998
-0.069464
0.025323
0.069513
0.10555
0.061057
0.10158
-0.030375
-0.060798
-0.03217
-0.04827
-0.084096
0.012322
0.055681
0.0068699
-0.0022016
0.024102
-0.050848
-0.070745
-0.069195
-0.0056775
-0.077855
-0.016363
-0.046836
-0.037253
0.049406
0.10629
0.081318
0.053194
-0.070857
-0.1196
-0.051503
-0.04771
0.12455
0.17557
0.12473
-0.038989
-0.15596
-0.070231
-0.069766
0.019273
0.13108
0.13858
0.066727
-0.098567
-0.12487
-0.064391
-0.041375
0.019833
0.1974
0.11801
-0.1555
-0.27699
-0.052194
0.074163
0.13275
0.13325
0.056943
-0.097588
-0.09423
-0.1346
-0.22511
-0.13299
-0.025646
0.12069
0.23787
0.14256
0.075334
0.0019261
-0.16156
-0.18983
-0.034969
0.13899
0.28932
0.25141
0.15303
0.073151
-0.028185
-0.18427
-0.16986
0.0014449
0.11427
0.067313
0.02693
-0.0054545
-0.084437
-0.16752
-0.22814
-0.19184
-0.13981
-0.067662
0.020757
0.040244
-0.056717
-0.1061
-0.050189
0.077525
0.15856
-0.010217
0.10815
0.20863
0.14215
0.13095
0.14727
0.16092
0.016211
-0.043093
-0.022982
-0.046647
0.0056553
0.14356
0.20832
0.068674
-0.1503
-0.13733
-0.10253
-0.16862
-0.1059
-0.0093356
-0.0015366
-0.034824
-0.069211
-0.1572
-0.12115
-0.043853
-0.0050609
0.015655
0.06732
0.011765
-0.0031979
-0.011983
-0.011601
0.029293
0.0094391
-0.020589
0.043272
0.066086
0.023743
0.0078102
0.03532
0.057482
-0.074166
0.045994
0.10252
0.10106
0.04775
-0.088203
-0.10762
-0.13346
-0.075887
0.017608
0.14346
0.19469
0.065668
-0.11755
-0.15534
-0.18762
-0.14435
0.057514
0.23811
0.21141
0.067494
-0.11599
-0.18449
-0.16185
-0.0099095
0.098919
0.21232
0.21338
0.078228
-0.028509
-0.13851
-0.07276
-0.070694
0.052778
0.11949
0.032178
-0.028979
-0.0073833
-0.0027168
-0.027929
-0.039531
-0.093204
-0.063232
-0.093768
-0.010857
0.02256
0.046902
0.032353
-0.052376
-0.034871
-0.040269
-0.10776
-0.049859
0.068941
0.11265
0.056792
-0.01778
0.053047
-0.017701
-0.079158
0.026068
0.14491
0.116
0.013052
-0.0071626
-0.022344
-0.061852
-0.039289
0.060025
0.041205
0.063002
0.014109
-0.07937
-0.046928
0.072376
-0.0039198
-0.097988
-0.020979
-0.048217
-0.034741
0.057013
0.10516
0.022014
-0.098864
-0.014378
-0.076077
-0.042074
0.077363
-0.018666
-0.084256
-0.0013729
-0.019688
0.0027082
0.022434
0.026234
0.046621
0.0078875
-0.048557
-0.05782
-0.044085
0.015923
0.037317
0.048748
0.12421
0.14508
0.055331
-0.08909
-0.083652
-0.060271
-0.11001
0.028505
0.13702
0.15412
0.098033
-0.002894
-0.088145
-0.11948
-0.10697
-0.095642
-0.0050602
0.15946
0.098345
-0.046179
-0.018306
-0.076763
-0.10722
-0.022077
0.054224
0.10363
-0.048929
0.0033164
0.0049938
-0.051863
-0.00552
0.059731
0.10952
0.043043
-0.082501
-0.037632
-0.04532
-0.017907
0.015087
0.085016
0.14879
0.07219
-0.053772
-0.059372
-0.010741
-0.12038
-0.12621
-0.020758
0.10835
0.070574
0.022596
0.0052554
-0.050147
-0.14318
-0.16588
0.0078048
0.072064
0.039477
-0.069154
0.076087
0.085879
-0.062478
-0.024802
0.12378
0.096717
-0.00064655
-0.042005
0.14325
0.12594
-0.073493
-0.014831
0.11749
0.05881
-0.036531
-0.030014
0.044038
-0.075852
-0.16756
-0.12173
0.012779
-0.069999
-0.16431
-0.034226
-0.061107
-0.095843
-0.1081
-0.0030448
0.026159
-0.036601
-0.050896
0.0016755
-0.0027019
0.081302
0.1444
0.080794
0.082162
0.18216
0.10318
0.062162
0.089204
0.065119
0.0094711
0.066406
0.09367
-0.0042469
0.028863
0.07529
-0.015498
-0.11906
-0.041969
-0.040559
-0.047741
-0.10278
-0.11964
-0.095834
-0.051091
-0.027354
-0.048403
0.019015
-0.03674
-0.07558
-0.017007
0.02084
-0.034501
-0.045896
0.005481
0.051144
0.11854
0.058834
0.026252
0.027502
-0.016781
-0.046948
-0.039088
0.10939
0.13415
0.10007
0.015343
-0.025826
-0.064686
-0.095385
0.017074
0.074243
0.024585
-0.067267
-0.092499
0.044758
0.079683
0.01462
-0.076315
-0.11203
-0.10391
-0.046321
0.088868
0.12423
0.022734
-0.054439
-0.017704
-0.051153
-0.044666
0.028368
0.0035205
0.069949
0.087568
0.10773
-0.026821
-0.080983
0.0044613
0.015831
0.025767
-0.045619
0.031665
0.031305
0.017161
-0.058574
-0.015798
-0.0098079
-0.094449
-0.02746
0.011814
-0.040186
-0.091644
0.017357
-0.024815
-0.037286
-0.012268
0.062304
-0.0060207
-0.07948
-0.060681
0.017432
0.089327
0.15379
0.057076
0.051955
0.093416
-0.034898
-0.054038
0.044961
0.075216
0.045579
0.1194
0.067114
-0.025491
-0.053079
-0.027862
-0.068861
-0.049348
0.052034
0.087676
0.015648
-0.098417
-0.062999
-0.011093
0.003858
-0.061357
-0.063021
-0.041689
-0.13609
-0.081566
0.030711
0.091767
0.064602
-0.081664
-0.13355
-0.084583
-0.025444
0.10504
0.16667
0.10255
-0.020174
-0.16478
-0.11661
0.034106
0.15163
0.16595
0.10539
0.00055112
-0.068839
-0.095368
0.0037405
0.055365
0.01554
-0.024706
-0.0083279
0.038953
-0.010684
-0.10604
-0.03977
-0.0049263
-0.060783
-0.0020638
0.099609
0.0064355
0.039334
-0.035293
-0.10281
-0.030073
0.089453
0.088258
0.070584
0.050412
0.020224
-0.010535
0.024622
0.067825
0.019347
0.024433
0.00018726
-0.14441
-0.025588
0.038891
0.010498
-0.043853
-0.015042
-0.059673
-0.09035
-0.054217
-0.026738
-0.0079691
0.080279
0.009429
-0.083838
-0.13585
-0.044424
0.026495
-0.016445
0.089785
0.23976
0.098015
-0.075783
-0.086746
0.013396
-0.029775
0.011319
0.15023
0.12285
0.071384
-0.047091
-0.043698
0.015624
-0.020139
-0.065337
-0.051125
-0.00020981
-0.07011
-0.10125
0.03147
0.00098221
-0.0016167
0.022009
0.017338
-0.12811
-0.15236
0.068595
0.11742
0.073087
0.014792
-0.022868
-0.018949
0.072039
0.023608
0.028541
0.10105
0.038216
-0.15241
-0.037219
0.15741
0.038667
-0.1146
-0.13019
0.016165
0.016907
-0.046068
-0.058624
0.019001
0.012425
-0.095212
-0.051803
-0.011506
0.063617
0.094022
0.08685
0.020268
3.2027e-005
-0.10533
-0.075033
0.062799
0.11564
0.14845
0.069223
-0.065395
-0.094752
-0.015129
-0.026473
-0.049721
0.12442
0.16827
-0.083756
-0.18205
-0.048907
0.016352
-0.039964
0.048393
0.12013
0.0065782
-0.061444
-0.14096
-0.018776
-0.054499
-0.023079
0.027418
0.057506
0.081828
-0.028171
-0.0057953
-0.043474
-0.13955
-0.093217
0.075849
0.15112
0.080025
0.01984
-0.11039
-0.016077
0.11622
0.015448
0.070224
0.00063472
-0.049423
-0.026975
0.022011
0.014386
0.085196
0.12531
-0.0046679
-0.073086
-0.081567
-0.066322
-0.015975
0.050089
0.053379
-0.013026
-0.092431
0.008212
0.02772
-0.047746
-0.026568
-0.071059
-0.024242
0.021913
0.03328
0.0052214
-0.036664
-0.0079451
0.043937
0.0032454
-0.0046112
0.024564
-0.0071845
-0.033314
-0.018788
0.020418
0.08657
0.052259
-0.0093911
-0.050168
-0.028689
-0.0086299
-0.030491
0.048853
0.14014
0.012541
-0.12414
-0.10052
-0.061715
0.01438
0.092444
0.16878
0.12915
-0.055949
-0.22711
-0.15026
0.087358
0.17155
0.075863
0.017248
-0.077928
-0.10237
-0.04318
0.012497
0.072719
0.12668
0.096715
-0.12412
-0.135
-0.078537
-0.10443
-0.05817
0.06439
0.067042
0.041426
0.037874
-0.057544
-0.066587
-0.056909
-0.039634
-0.013449
0.01885
0.10196
0.037182
0.017583
0.11871
0.14369
-0.036818
-0.089899
-0.010632
-0.010693
0.049193
0.10299
0.037695
-0.055794
-0.041399
-0.048247
-0.040883
0.043519
0.052512
0.037416
-0.053424
-0.090122
-0.1598
0.047599
0.050439
-0.027542
-0.022751
0.065703
0.062606
-0.10806
-0.022867
0.051645
0.025385
-0.029961
-0.0080331
-0.0034311
0.037403
0.0067422
0.026491
0.049721
0.025984
-0.064519
-0.05685
-0.033642
0.056131
0.073573
-0.055715
-0.058856
-0.016083
0.0020082
0.0087217
0.09714
0.030257
-0.12781
-0.066504
-0.030645
-0.030083
0.071399
0.136
0.15911
0.043593
-0.10524
-0.19262
-0.052208
0.036229
0.12349
0.09125
0.061194
0.059783
-0.079846
-0.14318
-0.081465
0.025118
0.047496
0.0026839
-0.067244
-0.047188
-0.034416
-0.1113
-0.01885
0.092827
0.10745
-0.013629
-0.019952
-0.01077
-0.040813
-0.045201
0.07894
0.11807
0.098523
0.0068911
-0.012103
0.10573
0.0092993
-0.12141
-0.0098257
0.0031985
-0.051088
-0.053024
0.072852
0.17252
0.027663
-0.10263
-0.14297
-0.14061
-0.071653
0.0049093
0.085369
0.18822
0.14064
-0.055528
-0.15745
-0.21527
-0.12009
0.061655
0.18552
0.20459
0.083705
-0.025168
-0.16507
-0.22245
-0.033175
0.055042
0.10786
0.12144
0.041005
-0.063618
-0.14112
-0.11004
0.030613
0.13513
0.16219
0.13689
-0.046088
-0.14588
-0.14681
-0.10399
0.04776
0.30645
0.23909
0.0039202
-0.14447
-0.14158
-0.082992
0.0060411
0.066345
0.090831
0.1136
-0.067318
-0.28296
-0.17682
-0.027714
0.082677
0.17635
0.13942
-0.0958
-0.17439
-0.14737
-0.011658
-0.024713
0.095867
0.1675
0.10628
-0.033983
-0.066229
0.035087
0.016488
-0.053563
0.014161
0.060422
0.045491
0.0052554
0.026986
0.075713
0.0080402
-0.0062278
-0.080255
-0.061398
0.023001
0.049559
-0.0013595
-0.012718
0.03909
-0.0041991
-0.14655
-0.07397
0.091615
0.076897
-0.056203
-0.08349
-0.0093517
0.055127
0.044975
-0.076576
-0.033886
-0.052809
-0.064843
0.0105
0.17574
0.1909
0.088914
-0.071759
-0.16099
-0.1257
-0.11507
0.048913
0.1732
0.18155
-0.014652
-0.12634
-0.044283
-0.088709
-0.015784
0.1077
-0.033552
-0.10289
-0.00057974
-0.031561
0.0099786
0.04632
-0.037284
0.01618
0.094887
0.030877
-0.06566
-0.0049489
0.13861
0.0021382
-0.078154
0.082371
0.12149
-0.06571
-0.034737
0.056271
0.010989
-0.034079
0.050526
0.1023
-0.035542
-0.18238
-0.05547
0.031781
0.044646
0.080782
0.00084049
-0.00098932
-0.16756
-0.1322
0.022651
0.03319
0.040818
0.0072349
0.02492
-0.025566
-0.068093
-0.041843
-0.018968
-0.016771
0.016585
0.041089
0.045737
0.11709
0.047495
-0.10245
-0.14202
0.068084
0.048419
-0.021431
0.092815
0.10524
0.026233
-0.10588
-0.15397
-0.044855
0.048259
0.074789
0.10259
0.070119
0.042279
-0.053216
-0.097776
-0.12827
0.040645
0.086051
0.024804
0.016522
0.037194
0.059072
-0.093012
-0.060443
-0.069476
-0.0083482
-0.039796
0.044941
0.088589
0.026499
0.022533
-0.04662
-0.070684
-0.11072
-0.055375
-0.024912
0.057501
0.13886
0.082754
0.104
-0.090501
-0.06945
-0.048498
-0.021035
0.00811
0.061798
0.06467
0.015202
-0.013164
0.0017371
-0.036336
-0.036039
0.0063363
0.061372
0.1094
-0.061004
-0.10525
-0.09326
-0.021583
0.03977
0.061108
0.05742
0.0016089
-0.056536
-0.0026593
0.011648
0.012274
0.018364
0.025025
-0.055742
-0.039673
0.0227
0.084348
-0.044717
-0.12793
-0.012564
0.0041744
-0.013248
0.052706
0.099633
0.053261
-0.031108
-0.075293
0.022369
-0.039993
-0.11447
0.075113
0.16017
0.14378
-0.006433
-0.11791
-0.052328
-0.068802
-0.044014
0.093273
0.1166
0.078728
-0.061792
-0.083007
-0.085281
-0.14427
-0.065809
-0.00058851
0.00020536
0.067564
0.21153
0.074723
-0.11895
-0.098647
-0.073769
-0.074407
-0.10816
0.10256
0.23743
0.15587
0.052886
-0.062538
-0.063117
-0.057448
0.054001
0.046992
0.07352
-0.0043126
-0.031775
-0.031276
-0.020547
0.035989
0.083728
0.020038
-0.13828
-0.12141
-0.00049878
0.0042191
-0.089194
-0.069035
0.13239
0.061822
-0.12388
-0.12259
0.082295
0.11659
0.0032644
0.027529
0.059865
0.020033
-0.042207
0.024514
0.079799
0.029885
-0.0017822
0.015376
0.047266
-0.037395
-0.09105
-0.069923
-0.13703
-0.1245
-0.058226
0.020145
-0.042173
-0.067482
-0.040004
-0.12656
-0.19543
-0.060098
0.11129
0.12138
0.08181
0.094516
0.13087
0.036939
-0.0095863
0.10253
0.12736
0.1827
0.081352
0.031249
0.064433
0.077677
0.038577
0.071527
0.13692
0.010464
-0.10541
-0.062949
-0.10809
-0.13979
-0.074285
0.031771
0.014734
-0.090416
-0.095807
-0.11567
-0.13915
-0.0048668
0.018197
-0.036663
-0.12677
-0.0065864
0.044869
-0.037747
-0.053866
0.051015
0.13528
0.075718
-0.018158
0.0099329
0.12185
0.030102
0.0044111
0.01415
0.041883
0.011887
-0.015896
0.056138
0.11034
-0.015847
-0.11851
0.0062033
0.024622
-0.087268
0.0085718
0.028666
-0.15951
-0.20303
-0.053658
0.060035
-0.018719
0.071173
0.1764
-0.03111
-0.1415
-0.07679
0.018325
0.039006
0.0058398
0.10123
0.24159
0.12507
-0.070433
-0.091225
-0.093428
-0.11394
0.032796
0.21689
0.19011
0.06683
-0.071469
-0.080441
-0.063795
-0.20962
-0.084908
0.10689
0.044437
-0.041856
0.045503
0.091428
-0.034116
-0.048318
-0.046332
-0.007054
-0.00096749
-0.12093
-0.041513
0.032325
-0.005109
0.10954
0.21162
0.12088
0.0016039
0.01925
-0.076417
-0.17793
-0.060837
0.15421
0.081362
-0.034967
0.037068
0.025297
-0.0593
-0.0084223
0.06274
0.11309
-0.080645
-0.25046
-0.1374
0.040516
0.056232
0.0032883
-0.011125
-0.031489
-0.14892
-0.13506
0.00034822
0.1338
0.036957
-0.042645
0.018444
-0.029535
5.3545e-005
0.0076566
0.13837
0.21644
-0.035352
-0.10506
0.019768
0.028907
-0.0069086
0.069778
0.20262
0.06742
-0.093047
-0.11957
-0.1195
-0.12515
-0.0074478
0.1427
0.070149
-0.050483
-0.12461
-0.14671
-0.13487
0.0083218
0.046888
0.11129
0.068079
-0.038853
0.026897
-0.047548
-0.071133
0.030462
0.098653
0.085855
0.034176
0.014408
-0.094017
-0.0008218
0.11665
0.16971
0.049482
-0.076709
-0.041235
-0.080172
-0.10904
0.010558
0.1242
0.14148
-0.024656
-0.14129
-0.10076
-0.027292
-0.050678
-0.049975
0.11302
0.13534
-0.022563
-0.097999
-0.014772
-0.029594
-0.076398
0.020205
-0.006527
0.002791
0.064092
0.14545
0.084263
-0.056534
0.00091235
-0.060939
-0.031293
-0.064514
-0.010002
0.063402
0.077972
0.058331
0.013835
-0.023395
-0.13372
-0.13898
-0.078465
0.037026
0.037738
0.11929
0.10478
-0.036713
-0.15643
-0.17835
0.11833
0.022269
-0.037362
0.062382
0.10012
-0.078097
-0.097309
0.04755
0.04856
0.031836
0.10099
0.063025
-0.068123
-0.11739
-0.042002
0.11395
0.052024
-0.050127
-0.040616
0.034278
-0.0083913
0.072934
0.13219
0.14564
0.017282
-0.18975
-0.17476
-0.015282
0.036847
0.13529
0.18121
0.047804
-0.15766
-0.22736
-0.11956
-0.018365
0.016736
0.02124
0.054906
0.02997
-0.091318
-0.091126
-0.09703
-0.067153
-0.023701
0.1222
0.13475
0.1337
0.084125
-0.03399
-0.14822
-0.042396
0.16831
0.17517
0.12437
0.052191
-0.015348
-0.084886
-0.044054
0.010801
0.14224
0.0084998
-0.052531
-0.13037
-0.15342
-0.03754
-0.082606
-0.04774
-0.088529
0.01637
0.027841
-0.060556
-0.080042
-0.045111
-0.066034
-0.012238
0.082139
0.04042
0.023547
-0.001523
0.025849
0.0081599
0.030307
-0.02413
0.051406
0.16168
0.15161
0.067602
0.040167
-0.026669
-0.1548
-0.092915
-0.037271
0.12008
0.19002
0.24626
0.030286
-0.044564
-0.19826
-0.20383
-0.086846
0.054111
0.11818
0.10754
0.089239
-0.11908
-0.18595
-0.16323
-0.058754
0.066415
0.098074
0.068335
-0.0052678
-0.15839
-0.16917
-0.070967
-0.014168
0.15938
0.066714
0.014801
0.064325
-0.0054679
-0.17124
-0.020024
0.045411
0.085113
0.091356
0.052153
-0.00081772
0.0024416
-0.028998
-0.06546
0.11031
0.062364
-0.039665
-0.021259
-0.013187
-0.05307
-0.082596
-0.015779
0.070963
0.088335
0.082573
-0.058143
-0.075965
0.021682
-0.03497
-0.050768
-0.00016325
0.071894
0.025944
-0.078125
-0.067797
0.10339
0.075683
-0.068316
-0.029362
-0.0084881
-0.013732
0.02069
0.090978
0.061917
-0.0085449
-0.10101
-0.041899
0.03868
-0.023141
-0.063047
0.13712
0.099922
-0.018148
-0.082915
-0.01815
0.035992
-0.018804
-0.037293
-0.091243
-0.034196
-0.0041954
0.019309
0.13751
0.087577
0.039146
-0.073147
-0.10532
-0.12916
-0.10854
0.025456
0.20159
0.19919
0.18289
-0.090614
-0.209
-0.092361
-0.11413
0.054639
0.19772
0.16481
-0.006095
-0.12516
-0.10059
-0.064313
-0.046951
0.044755
0.023074
-0.050801
-0.017706
0.041672
0.058683
-0.028427
-0.064078
-0.086834
-0.056278
-0.00042731
0.0034417
0.093553
0.061772
-0.050825
0.0041384
-0.013106
0.039703
0.078087
0.046793
-0.037944
-0.12117
-0.055582
-0.01807
0.14056
0.16109
0.033911
0.036671
-0.052978
-0.15885
-0.085461
0.11535
0.17798
0.031944
-0.052051
-0.012858
-0.10638
-0.11395
0.073617
0.091346
0.040029
0.02597
-0.044877
-0.10881
-0.039225
-0.0040597
-0.00012357
-0.0041891
-0.067136
-0.044958
0.021825
0.10845
0.031938
-0.05674
0.0038406
-0.010581
-0.025099
-0.0097249
0.0706
0.071313
-0.0015115
-0.022975
0.007539
-0.015224
-0.034775
0.10477
0.06479
-0.050631
-0.09119
-0.040028
0.041497
-0.006995
0.0097272
0.09552
0.086931
-0.050991
-0.1865
-0.099039
0.057361
0.11192
0.088141
0.092931
-0.073149
-0.15584
-0.16005
0.071968
0.13732
0.0023805
-0.030233
-0.066477
-0.083645
-0.00078572
0.057853
0.047558
0.04901
-0.014001
-0.067694
-0.054535
0.087114
0.044464
0.033914
-0.075461
-0.091161
0.0053793
0.050341
0.035736
0.018205
0.021538
-0.022366
-0.053821
-0.10306
-0.040518
0.061684
0.11939
0.018672
0.011357
0.11539
-0.029165
-0.09143
-0.097483
-0.028369
-0.014465
0.099301
0.16962
0.11224
0.050172
-0.079227
-0.15616
-0.11276
-0.0014805
0.03279
0.058009
0.097974
0.075877
-0.12695
-0.10204
-0.034106
-0.042214
-0.037903
0.028851
0.02091
-0.055137
0.035391
0.088391
-0.029317
0.026838
0.11397
0.02578
-0.026497
-0.042922
0.085809
0.098903
0.016149
0.057313
0.04866
0.037278
-0.049438
-0.078928
-0.051099
-0.035631
-0.10686
-0.023912
-0.011914
-0.075766
-0.11106
-0.057987
-0.10195
-0.11545
0.01668
0.069099
0.040041
-0.094441
-0.085515
-0.070481
-0.0043875
0.070826
0.1354
0.11519
0.091605
0.016402
0.019942
0.034652
0.056225
0.087633
0.038331
0.096384
0.16481
0.092165
0.040171
-0.043986
-0.044908
-0.11171
-0.14279
0.0077356
0.10145
0.17701
0.1382
-0.049092
-0.25041
-0.23471
-0.18277
-0.090092
0.12515
0.26407
0.12604
-0.011836
-0.10363
-0.20808
-0.13469
-0.078897
0.039071
0.099353
0.033632
-0.031123
0.067244
0.042243
-0.041578
0.015203
-0.022113
-0.011225
-0.074309
-0.11009
-0.040928
0.11103
0.14894
0.05152
0.037565
-0.018467
-0.14641
-0.080058
0.017618
0.092333
0.065699
0.026154
-0.017122
-0.12471
-0.16515
0.0094891
0.11652
0.1139
0.16432
0.030707
-0.099119
-0.17518
-0.10222
-0.042689
0.082696
0.2479
0.17868
0.014374
-0.14586
-0.10852
-0.064858
-0.0088042
0.12441
0.18019
0.03873
-0.06454
-0.094827
-0.033024
-0.043173
-0.067983
0.0059469
0.07807
0.051034
-0.030458
-0.020631
-0.055364
-0.10304
-0.01607
0.093833
-0.001099
-0.10759
-0.052826
0.16234
0.11535
-0.085468
-0.046987
-0.020383
-0.054785
-0.059086
0.1155
0.18491
0.033537
-0.099855
-0.020937
0.036556
-0.041662
0.0053418
0.11128
-0.0050744
-0.074307
0.051213
-0.062083
-0.06011
0.1408
0.070938
-0.085084
-0.14902
-0.041739
-0.029484
-0.077224
0.037269
0.17674
0.085806
-0.15205
-0.080232
-0.068153
0.023159
0.074893
0.055193
0.094001
-0.046739
-0.01025
-0.069381
0.043375
0.13938
0.032944
-0.032092
-0.021967
-0.0037433
-0.11228
-0.0041963
0.11642
0.073553
-0.028094
-0.038889
-0.058978
-0.083902
-0.12348
0.024314
0.099236
0.0113
-0.040958
-0.056119
0.048142
-0.00062922
-0.016305
0.017293
0.0076021
-0.078676
0.015738
0.076273
0.046573
0.07261
0.022887
-0.025233
-0.059765
0.00060981
0.01781
-0.028309
0.034926
0.078891
0.0033172
-0.050754
-0.056448
-0.084722
-0.0050241
0.031436
0.056295
0.070381
0.038263
-0.037838
-0.15287
-0.066001
-0.026505
0.050493
0.086456
0.10098
0.063019
-0.010892
0.017347
-0.14004
-0.13007
-2.0275e-005
0.037728
0.11047
0.10949
0.053996
-0.0060081
-0.1359
-0.13879
-0.010813
0.06086
0.022323
0.050595
0.039154
-0.024706
-0.096696
-0.029097
0.039087
0.049539
0.019341
-0.067417
-0.10761
-0.0061258
0.11949
0.11123
0.15073
0.090267
-0.10875
-0.28317
-0.20502
0.077225
0.2362
0.19888
0.12346
-0.018359
-0.17042
-0.18297
-0.15389
0.028702
0.22564
0.1589
-0.027007
-0.12833
-0.086003
-0.1034
-0.078056
0.11656
0.071964
-0.0050935
-0.081546
-0.14893
-0.1304
0.0040165
0.035466
0.12726
0.13576
-0.0082906
-0.054261
-0.079855
0.076912
0.056901
0.074913
0.13666
0.069141
0.033508
-0.012415
0.028442
-0.006949
0.0013354
-0.027665
0.0039448
0.063441
0.059054
-0.012155
-0.1746
-0.082534
0.0088559
-0.055165
-0.033589
0.12453
0.0034074
-0.15624
-0.1287
-0.021029
0.011696
0.055367
0.09203
0.12363
0.0072276
-0.0507
-0.068064
-0.10257
-0.016965
0.019178
0.059242
0.026834
0.044442
0.058992
0.012436
-0.099601
-0.094952
-0.10165
-0.083118
0.0044359
0.17123
0.17528
-0.0044333
-0.023266
-0.037048
-0.14107
-0.048881
0.17602
0.16488
-0.048551
-0.0077015
0.072705
-0.019228
-0.1295
0.011813
0.12611
0.015493
-0.033475
0.0088518
-0.025212
-0.021691
0.0713
0.058578
-0.0040417
-0.1641
-0.14762
-0.080591
-0.0028744
0.20355
0.12657
-0.028399
-0.16285
-0.19885
-0.11614
-0.10362
0.13866
0.24107
0.17208
-0.014085
-0.10564
-0.14831
-0.083543
0.070598
0.18946
0.20869
0.12802
-0.07501
-0.15999
-0.12157
0.012671
0.11078
0.15362
0.12154
-0.012278
-0.20372
-0.20362
-0.12948
-0.035406
-0.011612
0.15368
0.11473
0.040992
-0.074176
-0.02226
-0.044679
-0.16689
-0.054981
0.19389
0.22782
0.1078
0.038549
-0.052742
-0.11179
-0.12249
0.10326
0.14075
0.1027
-0.048525
-0.12531
-0.11548
-0.12377
-0.060456
0.035553
0.13605
0.076754
-0.13484
-0.16344
-0.13511
-0.046352
0.057602
0.1477
0.12255
0.032162
-0.10519
-0.099732
-0.037387
0.11163
0.091198
0.025915
0.068013
0.031256
-0.0040554
-0.025191
-0.037855
-0.028382
-0.077516
0.087632
0.06227
-0.028719
0.056064
0.031235
-0.081491
-0.099537
0.045242
0.095746
0.047464
0.02
-0.048627
-0.091232
0.0115
0.010697
0.014748
0.04586
0.065281
-0.068322
-0.060953
0.018589
0.09941
0.0155
-0.055363
-0.011559
-0.046815
-0.065835
0.0098506
0.052119
0.030261
0.062312
-0.036252
-0.034955
-0.084789
-0.037019
0.03661
0.012952
-0.038297
0.064953
0.078173
-0.06808
-0.0057756
0.0039429
-0.053512
0.016663
0.084517
0.086247
-0.025595
0.010709
0.0047765
-0.10158
-0.043209
0.062891
0.12495
-0.02113
-0.083882
0.0085997
-0.051895
-0.02566
-0.0401
0.029161
0.038083
-0.011979
-0.044551
-0.061701
-0.071079
-0.035148
0.078606
0.054579
0.062698
0.010179
0.043437
-0.046223
-0.16642
0.018331
0.070047
0.086144
0.018626
0.034325
0.011086
-0.072259
-0.035917
0.047946
0.11348
-0.02776
-0.085397
-0.0086981
-0.10798
-0.055908
0.07392
0.13098
-0.021151
-0.089434
-0.1152
-0.085452
0.088431
0.10219
0.053647
0.087413
-0.0063997
-0.14024
-0.1121
0.11704
0.075486
0.11922
0.12185
0.0056189
0.002224
0.012198
-0.030897
-0.079781
-0.0028787
0.027501
0.01774
0.0070754
0.026012
-0.030636
-0.1011
0.03478
-0.0037473
-0.12729
-0.15635
-0.047916
0.055441
-0.010494
-0.0065591
0.0044271
-0.10511
-0.10885
-0.040927
0.10567
0.11982
0.11841
-0.0041196
-0.061221
0.010254
-0.03809
-0.016803
0.12436
0.16551
0.15442
0.025041
-0.067159
-0.059245
-0.072329
-0.025124
0.039003
0.11167
0.060108
0.029275
-0.050486
-0.095545
-0.12684
-0.032692
0.086078
0.12059
0.04395
-0.12822
-0.16834
-0.12424
-0.047831
0.12459
0.17562
0.061761
-0.066401
-0.19717
-0.1464
0.073589
0.046621
0.058475
0.06176
0.010842
-0.026846
-0.061227
-0.042601
0.045881
0.07442
-0.045951
-0.04708
-0.0094234
0.037446
0.029435
0.059686
0.077326
0.054373
-0.047873
-0.13527
-0.034732
-0.055451
-0.033108
0.10888
0.16289
0.052455
-0.088535
-0.0045946
-0.14768
-0.06025
0.10704
0.016923
0.066474
-0.014378
-0.059918
-0.0096632
0.056931
0.01475
-0.0011352
-0.0052698
-0.02054
0.036776
-0.0043563
-0.027347
-0.060768
0.046809
0.13598
0.014391
-0.0039622
0.051711
-0.034944
-0.12192
-0.088315
0.10327
0.15826
-0.012399
0.014788
0.083206
0.012113
-0.15473
-0.1633
-0.089513
0.025013
0.042106
0.05752
0.11144
0.052327
-0.084625
-0.18356
-0.11294
0.0083655
0.02628
0.065998
0.04731
0.0076344
-0.0096683
0.019618
0.013149
-0.074609
0.069035
0.13917
-0.042083
-0.089041
0.045451
0.085911
0.0043013
-0.043202
0.0012346
0.094529
-0.024483
-0.17122
-0.11584
-0.0059129
0.010976
0.041354
0.092662
0.032209
-0.093482
-0.047847
0.024258
-0.00060888
-0.10688
0.031535
-0.010977
-0.060545
0.019568
0.072519
0.081465
0.0411
0.024207
0.0023501
-0.0013092
0.029484
-0.05591
-0.053651
0.035173
0.0072884
0.0049057
0.10551
0.047525
0.010045
0.0075537
0.091324
0.0056365
-0.17988
-0.1668
-0.037926
0.13149
0.12916
0.11574
0.076201
0.038366
-0.15728
-0.17453
-0.085016
0.027048
0.12003
0.090779
-0.019913
-0.022341
-0.064759
-0.085875
-0.066485
0.048505
0.012998
-0.012353
0.07168
0.030793
-0.036028
-0.034424
9.2832e-005
-0.0089739
0.020135
0.045498
-0.026496
0.0048413
0.015804
0.01449
0.02513
0.014416
-0.014004
0.052928
0.048439
-0.060606
-0.21523
-0.036513
0.089547
0.1047
0.088045
-0.0081161
-0.037299
-0.1684
-0.11166
-0.054506
0.086705
0.092813
-0.036059
0.0020667
-0.036603
-0.057639
0.04004
0.048389
0.051805
-0.018236
-0.11326
-0.10164
0.033733
0.13672
0.16134
0.054744
0.0080257
-0.066033
-0.072821
-0.066084
0.008614
0.15382
0.10178
0.052785
-0.0089337
-0.05387
0.021457
0.019873
-0.061722
-0.052749
-0.082436
-0.0056215
-0.053559
0.011034
0.19609
0.012938
-0.076184
-0.16428
-0.13781
0.053312
-0.027569
0.17493
0.12073
0.04553
-0.088283
-0.051956
0.043437
0.0076627
-0.072351
-0.003406
0.06413
-0.026892
0.037258
0.12521
0.011428
-0.056919
-0.15276
-0.15141
-0.028809
0.040696
-0.010367
0.080159
0.089044
-0.0078539
-0.19184
-0.064049
0.064764
-0.043724
0.092568
0.13881
0.043109
-0.0043598
0.0057634
-0.07586
-0.070484
0.10025
0.2025
0.084223
-0.060456
0.040744
0.0053952
-0.072895
-0.010515
0.022816
-0.055463
-0.060655
-0.037813
0.019333
0.058246
0.11009
0.02916
-0.198
-0.21436
-0.10034
-0.01197
0.061138
0.058211
0.044342
0.037503
-0.07754
-0.13539
-0.018458
0.014558
0.025657
0.063163
0.11559
0.04852
-0.048488
-0.10277
0.054756
0.11405
0.040285
0.005808
0.037978
0.079091
0.044254
0.023668
0.051935
-0.010952
-0.107
-0.07996
-0.014728
0.0026506
-0.015208
0.042118
0.13278
0.049655
-0.083401
-0.11533
-0.12821
-0.11782
-0.11323
0.0063463
0.091043
0.08037
0.059648
-0.025693
-0.05667
-0.08379
-0.11206
0.025657
0.14356
0.17458
-0.019069
-0.075793
0.036712
-0.0096205
-0.040257
0.0625
0.20565
0.14634
0.0057937
-0.059736
-0.0037468
-0.038221
-0.13069
0.0098403
0.0872
-0.013104
-0.046915
0.041186
0.01464
-0.11647
-0.090781
-0.035551
-0.020528
0.04332
0.041621
-0.011422
-0.11808
-0.10944
-0.081964
0.006632
0.12217
0.16202
0.093626
-0.048145
-0.070167
-0.049827
0.040266
0.069154
0.10539
0.049282
0.071251
-0.018794
-0.056994
-0.017352
-0.010429
-0.10519
-0.022078
-0.0068029
0.037688
0.032161
0.043024
-0.014902
-0.099391
-0.18846
-0.15231
0.076923
0.068483
-0.034475
0.046988
0.014212
-0.068333
-0.1093
0.058297
0.18752
0.11212
-0.066286
-0.067733
0.0051407
-0.032229
0.077555
0.16843
0.15625
-0.04258
-0.16032
-0.051572
0.06188
0.12768
0.10902
-0.0092901
-0.020012
-0.10528
-0.1146
-0.11324
-0.024255
0.067492
-0.018458
-0.0069085
0.043983
0.042121
-0.031277
-0.12954
-0.082891
-0.052036
0.00017394
0.0558
0.044595
0.010579
0.075256
0.033201
-0.01616
-0.007734
-0.024297
0.019891
0.088624
0.044409
0.00083571
-0.070262
-0.010019
0.058473
0.073101
0.044483
0.042326
-0.040681
-0.076037
-0.022184
0.020894
0.012815
0.02391
-0.038634
-0.12029
0.016297
0.07013
0.029889
-0.1203
-0.093158
-0.002063
0.01669
0.029092
0.10349
0.087969
-0.09981
-0.15188
-0.06715
0.01748
0.052654
0.07698
0.12975
0.054116
-0.019359
0.028056
-0.021163
-0.10719
0.010562
0.07044
-0.026014
0.0083949
0.14612
0.037565
-0.10076
-0.16599
-0.067013
0.0068777
-0.022503
0.048159
0.13271
0.061376
-0.16189
-0.20533
-0.09971
0.061583
0.13862
0.093664
0.059417
-0.0056992
-0.0632
-0.14545
-0.019192
0.12961
0.142
0.020436
0.043926
0.12329
-0.056913
-0.15255
0.0014294
0.14642
0.085338
0.020591
-0.030012
-0.099313
-0.12673
-0.041919
0.061371
0.0017882
-0.021586
0.049267
0.038905
-0.0027096
-0.13222
-0.12895
-0.069243
-0.095023
0.042055
0.16106
0.080415
-0.027943
-0.058324
-0.049037
-0.028465
-0.038182
-0.00044519
0.14535
0.19573
0.027235
-0.027233
-0.046337
0.019957
0.056909
0.063296
0.0092814
0.09376
0.098332
-0.091979
-0.072874
-0.073107
-0.11065
-0.030051
-0.020222
-0.086878
-0.11065
-0.035988
-0.0064008
-0.0039571
-0.039069
-0.045374
-0.1128
-0.098951
-0.026795
0.10355
0.20679
0.17562
0.10771
0.013112
-0.099579
-0.031514
0.17219
0.25178
0.079985
0.021233
0.098721
-0.046011
-0.093491
-0.10558
-0.029008
0.017219
-0.06646
-0.096876
-0.070952
-0.086236
-0.11842
-0.18651
-0.024557
0.047964
-0.026452
-0.052297
-0.058286
0.04294
0.0061499
0.037347
0.1216
0.098969
0.0056475
0.034969
0.080227
0.13708
0.014587
-0.12107
-0.029444
0.092067
0.15313
0.033202
0.07748
-0.034328
-0.13741
-0.15215
-0.11511
0.027499
0.16551
0.10425
-0.075146
-0.13634
-0.098628
-0.054872
-0.014414
0.007983
-0.02216
0.012241
-0.0030791
0.011957
0.071646
0.12317
-0.019708
-0.090241
-0.091728
-0.096552
0.033756
0.13127
0.12505
0.087125
0.078658
-0.044962
-0.1334
-0.06868
0.0030111
-0.052467
0.026423
0.10946
0.009253
-0.026706
0.045493
-0.0010552
-0.068468
-0.0053865
-0.015118
-0.074883
-0.073517
-0.075085
0.014535
0.11073
0.12706
0.019493
-0.0094472
-0.027904
-0.083471
0.028855
0.010803
0.13366
0.11032
-0.049865
-0.12034
-0.10868
0.11078
0.1378
0.066738
0.04309
-0.0052774
-0.048493
-0.082639
-0.10032
-0.026821
0.012735
0.042098
0.051958
-0.029266
-0.037487
-0.039449
-0.017104
-0.06064
-0.024536
0.078141
-0.033388
-0.1107
0.033723
0.064336
-0.016788
-0.0051154
0.044868
0.06185
-0.047524
-0.069725
0.077473
0.059843
0.00651
0.013981
0.03781
-0.013127
-0.057132
-0.056425
0.016534
0.19386
0.093585
-0.018605
-0.13763
-0.12765
-0.050002
0.007728
0.086285
0.064604
0.01384
-0.085526
-0.036668
-0.036871
-0.016335
-0.010518
-0.025742
-0.047638
0.035887
0.056923
-0.022886
0.027074
0.052791
0.03502
-0.081318
-0.079845
-0.026323
0.039923
0.087653
0.016846
0.048359
-0.012362
-0.021499
0.025805
-0.023949
-0.015179
0.03249
-0.0049134
-0.026662
0.064248
-0.069722
-0.10271
-0.03094
0.055461
0.080669
0.050194
0.079468
-0.017805
-0.050651
-0.0036195
-0.13388
-0.24238
0.028643
0.14182
0.19152
0.14499
0.1086
-0.12464
-0.14707
-0.18109
-0.088754
0.06473
0.14152
0.15861
0.16351
0.079424
-0.10603
-0.20681
-0.11328
-0.029951
0.096391
0.10484
0.13704
0.017372
-0.071259
-0.18485
-0.22504
-0.13261
0.011749
0.16185
0.11107
0.13189
-0.0020489
-0.098835
-0.14654
-0.069437
0.048606
0.21022
0.24642
0.11946
-0.011256
-0.1027
-0.13884
0.056194
0.15025
0.1556
0.021663
0.0088443
-0.067602
-0.26325
-0.3138
-0.12536
0.05049
0.015755
-0.014978
0.1562
-0.0071495
-0.29674
-0.22808
-0.061162
-0.056669
-0.076626
0.092621
0.32109
0.20482
0.042541
0.010172
0.024744
0.11994
0.046692
0.043952
0.07108
0.13245
0.14728
0.12048
0.029016
-0.022886
0.0017367
-0.048119
-0.13604
-0.060688
-0.016776
-0.053096
-0.12228
-0.12105
-0.03957
0.068799
-0.053941
-0.11661
0.0038241
-0.0063153
-0.089388
-0.13029
-0.021388
0.0375
0.039438
0.12747
0.097995
0.040867
-0.056243
-0.1117
-0.0091942
-0.0092394
0.11028
0.09805
0.11062
-0.022435
-0.044169
-0.012016
0.085554
-0.049624
0.003649
0.061253
-0.0097141
-0.069036
-0.043342
0.0015278
-0.050684
-0.064008
0.013094
0.00097042
0.036522
0.037795
0.022909
-0.083662
-0.12678
-0.052465
0.095781
0.067955
0.10638
0.056992
-0.029441
-0.0013673
0.028229
0.067958
0.051092
-0.0047258
-0.032459
-0.04501
-0.074895
0.051012
0.085017
0.083448
-0.017732
-0.18402
-0.2267
-0.13103
0.045009
-0.018084
0.016412
0.054771
-0.053055
-0.048018
0.0076098
0.035825
0.0091729
-0.00051622
0.044483
0.07917
0.0023213
0.065582
0.19746
0.13397
0.037904
-0.098148
0.071864
-0.044016
-0.016291
0.12918
0.15488
0.054673
-0.070987
-0.036503
-0.16939
-0.12094
-0.10638
-0.044148
0.051996
0.088669
0.01443
-0.066915
-0.21722
-0.15951
-0.114
0.083907
0.069261
0.090263
0.13787
0.08433
-0.028303
-0.15404
0.0098315
0.044083
0.071563
0.0404
0.054529
0.0142
0.020558
0.081704
0.011516
-0.006064
-0.10845
-0.15792
-0.13813
0.036158
0.058855
0.016521
0.044794
0.010839
-0.10759
-0.11267
-0.076983
0.0178
-0.00027625
0.090439
0.070452
0.047334
0.10246
0.04718
0.04653
-0.035564
0.065284
-0.020816
0.038027
0.090058
-0.0063333
-0.023993
0.029033
0.06561
-0.019129
-0.11093
-0.12125
0.0040649
-0.048516
-0.068043
0.0095237
0.02771
-0.015458
-0.12663
-0.040687
-0.0077454
-0.081434
0.00096595
0.1512
0.11751
0.053477
0.0065036
-0.051119
-0.09934
0.039755
0.18682
0.2114
0.10465
-0.036251
-0.050643
-0.11896
-0.10984
0.0084373
0.066613
0.047948
0.051473
-0.021813
0.010326
-0.066034
-0.10855
-0.086532
-0.12607
-0.087755
0.0044031
0.14542
0.14762
0.031754
-0.13095
-0.16035
-0.12388
-0.058478
0.041851
0.1354
0.14482
0.10024
-0.0015951
-0.051329
-0.042589
-0.099125
0.015439
0.13499
0.070533
0.036597
0.043597
0.0021281
-0.0085879
-0.011959
-0.076842
-0.095873
-0.044147
-0.013343
-0.025355
0.024687
0.11498
-0.0060821
-0.12529
-0.062993
-0.0035046
0.0088136
-0.09816
0.0010717
0.067844
0.10469
0.095323
0.04659
0.049665
0.052001
-0.029754
-0.077831
-0.081849
-0.0071883
0.15161
0.12192
0.015252
-0.058834
-0.052733
-0.10597
-0.0085017
0.0785
-0.0056393
-0.023616
-0.064621
-0.068081
-0.066984
-0.081527
0.035842
0.087283
0.10292
0.056198
0.0010935
-0.063477
-0.088914
0.041948
0.081002
0.066013
0.14039
0.14937
0.002315
-0.10576
-0.080474
-0.055146
0.0035971
0.048257
0.076199
-0.069334
-0.070681
-0.17051
-0.15131
-0.037408
-0.0069553
0.020871
0.029274
-0.040614
-0.13211
0.014856
0.021824
0.023822
-0.00097807
0.016987
0.028884
0.0011948
0.091478
0.13027
0.068388
0.04232
0.013489
0.0073611
0.0044872
0.067818
0.15601
0.11624
-0.032334
-0.12474
-0.075505
-0.041985
0.031401
0.14947
0.11049
0.019484
-0.10278
-0.1618
-0.13146
-0.035173
-0.0089566
-0.0010584
-0.035838
0.057278
-0.0035473
-0.12198
-0.10486
-0.11394
-0.12472
0.011935
0.16655
0.094126
-0.084585
-0.044597
0.030195
0.0093181
0.058377
0.083042
0.071402
0.046392
-0.018595
-0.092951
-0.013029
0.092211
0.1544
0.12094
0.079915
-0.02552
-0.092973
-0.15829
-0.12402
-0.078921
0.053995
0.039235
0.075217
0.015187
-0.007506
-0.067085
-0.16086
-0.01835
0.016477
-0.02594
0.073545
0.10071
0.018469
0.018718
0.07103
0.086917
0.023352
0.01653
-0.026123
-0.015786
0.015843
-0.0005219
-0.076736
-0.060738
-0.011778
-0.0079236
-0.053667
0.083449
0.056021
-0.086278
-0.1574
-0.0536
-0.041167
-0.036872
0.048109
0.10109
0.017279
0.062383
0.032087
-0.024283
0.023829
0.036975
0.033885
-0.0056728
0.035464
0.016961
0.051053
0.052791
0.047139
-0.039066
-0.10266
-0.081812
0.074016
0.063696
-0.027494
0.013287
-0.013508
-0.11724
-0.107
0.071443
0.0507
-0.067027
-0.025822
0.034296
0.033434
-0.093678
-0.052211
0.046093
-0.044124
-0.05036
0.00036925
0.037657
-0.0047687
0.046467
-0.024971
-0.072805
-0.050396
-0.036163
-0.014205
0.082702
0.08937
0.045594
0.081974
-0.036039
-0.11371
0.0054385
0.04105
0.0077239
0.05483
0.10889
0.07623
-0.002737
-0.053293
-0.017057
-0.024483
-0.0072731
0.060536
0.14002
-0.012346
-0.13726
-0.10267
-0.028567
0.045087
0.1005
0.10266
-0.013404
0.022822
-0.083569
-0.17788
-0.072177
0.10316
0.051477
0.062027
0.10891
0.00076167
-0.030662
-0.1057
-0.16571
-0.10575
0.12719
0.044682
-0.08784
-0.050392
-0.032275
-0.050114
-0.054175
0.059668
0.0089954
-0.10676
-0.14499
0.042499
0.10022
0.17719
0.13764
-0.034827
-0.0028473
0.053019
0.093393
0.033059
0.091197
0.18137
-0.017566
-0.074317
0.076921
0.085871
-0.057434
-0.069444
-0.058434
-0.039241
-0.041764
-0.019728
-0.027657
-0.11919
-0.14775
-0.068493
-0.035937
0.047056
0.065871
0.031576
-0.092137
-0.066306
-0.040817
0.064474
0.09785
0.11167
0.010033
-0.0062399
0.021121
-0.034667
-0.018122
0.11652
0.049124
-0.05451
-0.073637
-0.040607
0.047189
0.026536
-0.10259
-0.058604
0.0032149
0.023527
-0.1196
-0.011795
0.014559
-0.01456
0.033017
-0.055085
-0.036487
0.032787
0.00881
0.0047203
0.052861
0.0065652
0.095771
0.11919
-0.030788
-0.047974
0.057877
0.074673
0.046177
0.07423
0.019774
0.016068
0.025133
0.032143
0.11201
0.033153
-0.035388
-0.11092
-0.087951
-0.098011
-0.063916
0.040313
0.0099032
-0.08731
0.029704
0.043458
-0.09268
-0.070244
-0.06437
-0.085341
-0.091435
-0.10158
0.0093575
0.10211
0.2121
0.17629
-0.0035462
-0.096951
-0.14762
-0.10102
0.0044225
0.18157
0.23576
0.16884
0.10935
0.0070702
-0.1675
-0.1483
-0.070683
0.056352
0.097226
0.091564
0.13092
-0.06683
-0.26082
-0.12888
-0.093158
-0.046354
0.096711
0.21072
-0.071904
-0.24988
-0.15542
-0.035161
-0.07539
0.041832
0.18369
0.10671
0.018839
-0.0046769
-0.039993
-0.10044
0.0092647
0.14975
0.15014
0.15275
0.077673
-0.022386
-0.15205
-0.11154
-0.0086677
0.048392
0.12217
0.091359
0.060742
-0.046557
-0.15676
-0.28662
-0.16751
0.06545
0.16342
0.047742
-0.085806
-0.11305
-0.083927
-0.01571
0.050632
0.13067
0.099596
-0.017119
-0.095363
-0.020459
0.058822
0.006964
0.11206
0.086352
0.02061
-0.010133
0.085838
0.077545
0.031424
0.093524
-0.033504
-0.19183
-0.21295
0.044125
0.21188
0.12981
-0.01891
-0.092188
-0.17593
-0.15458
-0.13055
0.083207
0.13454
0.051091
0.020764
-0.044265
-0.22358
-0.15955
0.01827
0.10865
0.10022
0.13607
0.12048
0.0075549
-0.010245
-0.046591
-0.13138
-0.078434
0.098533
0.17903
0.081327
0.086542
0.062982
-0.056074
-0.20869
-0.22373
0.028625
0.019401
0.065418
0.18383
0.0062704
-0.12183
-0.19158
-0.17166
-0.05663
0.023349
0.11758
0.12746
0.083979
0.046043
-0.082881
-0.23676
-0.023728
0.073396
0.054646
0.19119
0.24352
0.14339
-0.10914
-0.15076
-0.066591
0.0073029
0.18382
0.16268
0.071024
-0.13494
-0.19218
-0.088573
-0.068915
0.099955
0.08126
0.023004
-0.11513
-0.10701
-0.11005
-0.12883
-0.036306
0.089663
0.030804
-0.010317
0.062171
0.085259
-0.089684
-0.13195
-0.062112
0.05564
0.053817
0.083945
0.21997
0.13801
-0.039139
-0.15855
-0.039165
-0.019832
0.007936
0.16454
0.093671
-0.043609
-0.02126
0.013325
-0.1017
-0.046169
0.039381
-0.0035475
-0.057689
-0.049423
-0.025232
0.022597
0.034011
0.020065
0.014876
-0.039507
-0.097718
-0.0087689
0.049997
-0.035974
-0.0031924
0.04281
0.05879
-0.041192
-0.046602
0.028897
0.079252
-0.025
-0.017811
0.010931
0.011941
-0.003102
0.033809
0.0061179
0.048919
0.01582
-0.044411
-0.10405
0.0023712
0.12127
0.054419
-0.026411
-0.025797
-0.018368
-0.073228
0.0036413
-0.0093938
0.031026
0.043919
-0.004491
-0.070645
-0.089379
0.0027554
0.0016414
0.014836
0.038174
0.0076906
-0.063285
-0.041789
0.033263
0.067767
-0.025998
-0.05439
0.039703
0.078633
0.014043
0.070815
0.14983
0.0011779
-0.1541
-0.13451
-0.079496
-0.0070221
0.052327
0.12979
0.14676
0.0051159
-0.098619
-0.1219
-0.087236
-0.075632
-0.084867
0.014355
0.1506
0.11205
0.010025
-0.055399
-0.05749
-0.017602
0.090104
0.039043
-0.0098511
-0.022419
-0.020483
0.01695
0.052977
0.11973
-0.0032646
-0.11147
-0.077755
-0.047949
-0.00012833
0.066357
0.081811
0.011425
-0.063842
-0.029073
-0.035378
0.0087459
0.022211
0.032326
-0.037997
-0.048779
-0.0019666
0.031758
0.039758
0.032446
-0.035787
-0.11208
-0.01143
0.014646
0.071257
0.0061131
0.030661
0.025387
0.053288
-0.05226
-0.015904
0.12335
0.048383
-0.10188
-0.090974
0.0099621
0.070414
0.01848
-0.040082
0.085058
0.045006
-0.0039499
-0.065698
-0.074841
-0.093017
-0.05689
-0.042925
0.021673
0.082567
0.23084
0.16289
-0.09
-0.22993
-0.23367
-0.069521
-0.021258
0.1777
0.32554
0.19526
-0.062486
-0.24724
-0.1616
-0.07532
-0.072031
0.066639
0.084879
0.11182
0.16994
-0.047501
-0.12451
-0.087093
-0.09866
-0.083234
0.041802
0.16879
0.14878
0.058627
9.7745e-006
-0.078066
-0.1456
-0.089733
-0.023079
0.032197
0.10851
0.10521
0.05706
-0.021754
-0.080894
-0.15994
-0.098808
-0.063316
0.048217
0.11376
0.034047
-0.029054
-0.0013766
0.067928
0.031582
0.080234
0.07163
-0.06012
-0.13737
-0.073917
0.1621
0.168
0.088174
0.094178
0.01408
-0.10304
-0.116
-0.17113
-0.084943
0.0065634
0.16489
0.063433
-0.12229
-0.082823
-0.19605
-0.12694
-0.020868
0.04075
0.07047
0.010862
0.074884
0.033431
0.00308
-0.039541
0.00073335
0.028228
0.069805
0.068456
0.098503
0.11607
0.084812
0.024456
-0.1086
-0.08149
-0.0019342
0.11802
0.11408
0.10816
-0.01194
-0.21343
-0.16531
-0.10202
-0.0071661
0.1135
0.17096
0.046352
-0.14016
-0.1243
-0.17417
-0.14559
0.06877
0.12906
0.18028
0.11557
-0.056973
-0.24763
-0.17575
-0.026403
0.12324
0.20969
0.086272
-0.0095719
-0.11157
-0.12646
0.008231
0.0083465
0.048025
0.082723
0.062594
-0.057619
-0.1118
0.014604
0.054271
0.0012913
-0.015937
-0.034529
0.018869
-0.0081465
0.010954
-0.0060868
-0.0069453
0.1185
0.068065
-0.0040314
0.064965
-0.040403
-0.06515
-0.13846
-0.077928
0.1124
0.12731
0.13106
0.1216
0.0072459
-0.13592
-0.20876
-0.11864
0.013059
0.051942
0.066859
0.12217
0.13155
-0.049771
-0.16317
-0.12048
-0.040403
-0.026693
-0.0048449
0.092111
0.15111
0.0001064
-0.095605
-0.084151
-0.082565
-0.10167
-0.027978
0.12069
0.17862
0.030018
-0.051535
0.025505
-0.064232
-0.13763
0.021979
0.11715
0.062339
-0.029403
0.05649
0.035836
-0.01252
-0.082055
0.060222
0.074582
-0.043293
-0.094353
-0.055151
0.10638
0.10936
0.022903
0.010074
0.034114
-0.06449
-0.18562
-0.091726
0.064945
0.085263
-0.059857
0.026747
0.032475
-0.098362
-0.044257
0.040167
0.044823
-0.075121
-0.10267
0.014763
0.041816
0.081959
0.026366
-0.011307
0.10441
0.014007
-0.071831
0.00398
0.016844
0.033334
-0.02364
0.032535
0.064533
0.11381
-0.0064531
-0.13469
-0.057279
-0.0015618
0.044505
0.03711
0.094612
0.0040515
-0.10429
-0.13488
-0.066101
0.025675
0.065485
0.082205
-0.01386
-0.025122
-0.071416
-0.1272
-0.0042209
0.069843
0.15354
0.12904
-0.072723
-0.094576
-0.025168
-0.056165
0.012273
0.03958
0.04521
0.0045332
0.052213
0.067811
-0.031024
-0.10804
-0.12513
-0.10613
0.021497
0.09885
0.069607
-0.014094
-0.033868
-0.044559
-0.014787
0.079073
0.052932
-0.0089528
-0.050711
-0.036704
0.026508
0.10571
0.029966
0.010154
-0.01148
-0.02167
-0.01718
0.078101
0.054246
0.027666
-0.026921
-0.071095
-0.085057
-0.06436
-0.030796
-0.0097608
0.11475
0.083841
-0.010186
-0.021825
0.0061292
-0.065059
-0.15056
0.0064655
0.036372
0.064278
0.1726
0.16153
0.053906
-0.18431
-0.1387
-0.12289
-0.14946
0.059942
0.2071
0.1105
-0.021745
0.018075
-0.080197
-0.19966
-0.1381
0.065697
0.031817
-0.090167
0.024268
0.18455
0.026109
-0.13833
0.019736
0.050742
0.0044857
0.004826
0.091851
0.051212
0.0085044
0.05382
0.042884
0.074953
0.17147
0.083959
-0.01834
-0.12795
-0.11662
-0.030647
-0.028067
0.020069
0.037133
-0.058965
-0.11233
-0.095225
-0.010992
-0.062304
-0.085288
-0.028018
0.04292
-0.061982
-0.11029
-0.018885
0.015408
0.047216
0.14144
0.10838
0.025704
0.028413
0.0036799
0.049512
-0.018792
0.03841
0.078478
0.12435
0.094553
0.073239
0.0059981
-0.058628
-0.11423
-0.14282
-0.046022
0.096597
0.048477
0.084376
0.023664
-0.06413
-0.097276
-0.14299
-0.046637
-0.049485
-0.0042181
0.039699
0.072673
0.041214
0.0031162
-0.020832
-0.027689
-0.11386
-0.06261
0.0699
0.0027038
-0.044347
0.060525
0.13091
-0.0010993
-0.047434
-0.069139
-0.07072
0.0096199
0.0080107
0.0652
0.065799
-0.0024215
-0.044913
-0.051613
0.067075
0.0074118
0.022619
0.023803
0.031372
0.0096481
-0.022685
-0.022256
-0.040569
-0.0012215
0.047354
0.061717
0.0025275
0.022478
0.0067653
-0.026298
-0.054884
0.0072704
-0.0061385
0.032088
0.11249
0.067846
-0.09668
-0.12361
-0.016706
-0.05349
-0.13502
0.13085
0.23523
0.054274
-0.21597
-0.12982
-0.11885
-0.14519
0.037954
0.25023
0.25287
0.0039032
-0.15874
-0.14247
-0.17399
-0.090713
0.052008
0.24752
0.23467
0.14545
0.12537
-0.060306
-0.14422
-0.26232
-0.21108
0.051273
0.27428
0.21885
0.15455
0.061152
-0.15671
-0.26067
-0.20131
0.014368
0.14684
0.071967
0.079365
0.074177
0.01797
-0.12331
-0.1513
0.01098
-0.014299
-0.076281
0.033577
0.072159
0.12606
0.061982
-0.015763
-0.050464
-0.17481
-0.1501
-0.064763
0.024752
0.17812
0.24456
0.031533
-0.06815
-0.14173
-0.15997
-0.076759
0.062506
0.045147
0.066289
0.13769
0.0090052
-0.13392
-0.12177
-0.037658
0.094903
0.19112
0.097526
-0.076757
-0.12565
-0.10688
-0.086094
0.01656
0.14581
0.18281
0.023678
-0.10814
-0.15476
-0.094363
0.0054192
0.017276
0.069443
0.065853
0.0062589
-0.034395
-0.11272
-0.034824
0.076033
0.036797
0.07206
0.063172
0.13305
-0.013152
-0.01323
0.013823
0.0014517
-0.038857
-0.0076032
0.1162
0.10088
-0.057915
-0.088806
-0.066836
-0.073242
-0.11208
-0.022739
0.081615
0.029925
-0.15607
-0.14856
0.012
0.086656
-0.06418
-0.070691
-0.0019709
0.060166
0.018124
0.054589
0.13903
0.090083
-0.0090454
-0.023846
-0.017739
-0.010124
0.13596
0.18893
0.034394
-0.073892
-0.035553
0.031469
-0.059768
0.0043693
-0.0085474
-0.10206
-0.13975
-0.093836
-0.015394
0.09231
0.11694
-0.013027
-0.0956
-0.10618
-0.20366
-0.08418
0.14676
0.26671
0.13919
0.015084
-0.12839
-0.26703
-0.15704
0.13424
0.30676
0.2496
0.053955
-0.052367
-0.14757
-0.18545
-0.087844
0.16668
0.17554
0.018929
-0.039317
-0.020357
-0.03642
0.0014291
-0.096912
-0.0073239
-0.0024029
-0.12324
-0.027873
0.0040765
-0.013594
-0.015078
0.022426
-0.047359
-0.068473
0.010173
-0.041805
-0.08719
0.011741
0.12446
0.098894
0.02869
0.082024
0.093712
-0.031379
-0.038968
0.096162
0.14147
0.076522
0.0082441
0.036123
-0.015209
0.022719
0.077494
0.04929
0.00057076
-0.17591
-0.15989
-0.12452
-0.079953
-0.060782
-0.0026902
0.034115
-0.12222
-0.19117
-0.078154
0.0005277
-0.073695
-0.039907
0.1142
0.093277
-0.05778
0.050316
0.11485
0.092071
-0.00088997
0.072586
0.13704
0.12486
0.15357
0.05345
-0.030776
-0.012511
0.013463
0.034552
0.025021
0.076866
0.0037664
-0.13294
-0.10766
-0.067905
-0.087359
-0.042344
0.010013
0.055722
-0.092875
-0.18792
-0.064379
-0.014317
-0.099661
-0.043793
0.10945
0.12162
-0.051382
-0.16189
-0.074233
0.09981
0.11545
0.063261
0.11548
0.093938
-0.046251
-0.12318
-0.0096627
0.2146
0.10918
0.047986
0.0696
-0.0368
-0.12644
-0.088805
0.0026559
0.072159
-0.0051174
-0.075062
-0.034641
-0.12418
-0.071344
0.046421
0.0022485
-0.050551
-0.10758
0.0072675
0.023913
-0.041558
0.014772
0.077739
0.09781
0.0078664
0.043791
0.098143
-0.000615
0.024665
0.027752
0.079428
0.038503
-0.067362
0.0038197
0.083467
0.019706
-0.038625
-0.036422
-0.077663
-0.0082501
-0.016197
0.0050192
-0.052908
-0.06037
-0.031938
-0.045996
0.025366
0.025233
-0.056248
-0.026593
-0.035401
0.034379
0.033955
0.042786
0.016619
0.015056
-0.01833
-0.022002
-0.044308
-0.0047752
0.12267
0.088022
-0.051574
