-0.020047
0.010391
-0.026017
0.0095651
-0.029391
0.011372
-0.03399
0.015486
-0.03503
0.018295
-0.03558
0.021623
-0.031681
0.02283
-0.018853
0.016039
-0.0016059
0.0053006
0.01671
-0.0026035
0.029133
-0.0049327
0.027809
0.0023398
0.017277
0.010581
0.0044493
0.010788
0.0011674
0.0078896
0.00072397
-0.0024913
1.9997e-005
-0.0074597
-0.0014086
-0.011448
-0.0088389
-0.0084051
-0.015419
-0.00087558
-0.019727
0.0032733
-0.020585
0.0026975
-0.012841
-0.0016049
-0.0057565
-0.0051466
0.0060578
-0.001697
0.0095721
0.0031325
0.0074352
0.0056797
0.0085347
0.0096378
0.0081214
0.010591
0.0086786
0.0070234
0.010833
0.0042812
0.011708
-0.0032162
0.0033399
-0.0078977
-0.0042495
-0.0079861
-0.0063743
-0.0056942
-0.0066712
-0.0046749
-0.0087682
-0.0049592
-0.0057454
-0.0069817
-0.0050766
-0.0072243
-0.0035752
-0.0055583
-0.00010299
-0.003552
-0.00033628
0.0019071
0.0020665
0.0041094
0.0040993
0.0076088
0.0039765
0.0094169
0.0079521
0.0080678
0.0079647
0.0044495
0.0043725
0.0014513
0.0035912
-0.0022026
0.0010701
-0.001714
0.00055463
-0.0019741
-0.0024922
-0.0065128
-0.006437
-0.0073313
-0.0086117
-0.0076473
-0.0061854
-0.0053414
-0.0021073
-0.0025876
-0.0012792
-0.00045348
0.003637
0.0038246
0.0050152
0.007274
0.0064498
0.0078882
0.0060394
0.0086105
0.0078456
0.0081595
0.0066303
0.0046942
0.0027097
0.0022682
0.0016533
0.00053792
-0.0022768
-0.0010759
-0.0050939
-0.0084837
-0.0079989
-0.0082602
-0.0085227
-0.011075
-0.0083188
-0.012569
-0.0082093
-0.0077919
-0.007626
-0.0065732
-0.0036523
-0.0019752
-0.0004438
0.003879
0.0038295
0.0093502
0.0067958
0.012598
0.011022
0.012358
0.011127
0.0098057
0.0099107
0.0077692
0.0077512
0.0080149
0.0049539
0.0030597
0.00069465
9.1981e-005
-0.00092972
-0.0032428
-0.0058746
-0.0079464
-0.0083109
-0.0097822
-0.0093066
-0.011199
-0.0094908
-0.0091482
-0.0088666
-0.0077964
-0.0066296
-0.004231
-0.0036461
0.00030882
-0.00056047
0.0025734
0.0080763
0.0073375
0.0090287
0.011497
0.012942
0.01302
0.0099516
0.0095991
0.0078073
0.0078746
0.0072984
0.0046046
0.003816
0.0010736
-0.00043828
0.00047278
-0.0055019
-0.0082357
-0.0076242
-0.0082749
-0.0085806
-0.0099748
-0.012663
-0.011259
-0.0082176
-0.0095436
-0.0080474
-0.008171
-0.0080356
-0.0039018
0.0009652
-0.00095848
0.0038631
0.0081651
0.0077201
0.0077593
0.0080459
0.0090985
0.010641
0.010929
0.0089599
0.0087057
0.0072189
0.0084349
0.0066605
0.0055817
0.0043798
-0.00061219
0.00046218
-0.00054438
-0.0029051
-0.0052801
-0.0082223
-0.0075866
-0.007997
-0.0076118
-0.0083302
-0.0081459
-0.0076791
-0.0079256
-0.0076885
-0.008022
-0.0063106
-0.0028069
-0.00025618
0.00011663
0.00022069
0.0039046
0.007743
0.0071575
0.0080561
0.0083615
0.0078222
0.0078199
0.0077921
0.0078654
0.0077194
0.0080258
0.0068267
0.0005191
5.4007e-005
-0.00094858
-0.0071503
-0.007955
-0.0077482
-0.0078542
-0.0077858
-0.007842
-0.0077846
-0.0078534
-0.0077577
-0.0079019
-0.0076707
-0.0080906
-0.0067345
-0.0019599
-0.00064816
0.0001315
-7.1075e-005
0.00036419
0.0056367
0.0076022
0.007297
0.0078032
0.0082027
0.008078
0.008429
0.006522
0.0065559
0.0083333
0.0053587
0.0063907
0.0024496
0.00025677
-0.00011573
0.00023941
-0.0032684
-0.0070567
-0.0076946
-0.0078922
-0.0077794
-0.0078181
-0.0078562
-0.0076902
-0.0072081
-0.004649
-0.00030886
2.2141e-006
6.3688e-005
-0.00015837
0.00071069
0.0075188
0.007837
0.0078287
0.0077838
0.0078667
0.0077347
0.007943
0.0076051
0.0082081
0.00464
0.0021909
0.0012724
-0.00030453
-4.1348e-005
-0.002291
-0.0066702
-0.0077861
-0.007077
-0.010069
-0.009581
-0.014062
-0.015743
-0.011074
-0.0091929
-0.0074451
-0.0080122
-0.0077331
-0.007262
-0.0040152
-0.0011439
-0.00044561
0.00030842
-4.4506e-005
0.0050016
0.0085296
0.0072044
0.0089643
0.011622
0.013498
0.014251
0.014243
0.011155
0.0070097
0.0084899
0.0064619
0.0026138
0.0007138
-5.65e-006
-0.00016861
0.00042975
-0.0017916
-0.0079872
-0.0078669
-0.0074776
-0.0097351
-0.010673
-0.013421
-0.01183
-0.007088
-0.0082496
-0.0074905
-0.0081195
-0.0018637
0.00073858
-0.00088636
0.0031656
0.0081622
0.0081247
0.0081183
0.009467
0.010055
0.0077789
0.0099822
0.011349
0.0080468
0.0077684
0.0078335
0.0077923
0.0078698
0.0073693
0.00085464
-0.0001624
-0.00011714
-0.0040453
-0.0079214
-0.007603
-0.0084079
-0.009979
-0.012265
-0.014925
-0.012958
-0.014877
-0.013479
-0.010403
-0.0074594
-0.0084524
-0.0053601
0.00028683
8.2609e-005
-0.00050565
0.002899
0.0084014
0.0076173
0.0077247
0.008793
0.012595
0.011774
0.0080352
0.0077614
0.0077953
0.0079046
0.0076301
0.0081664
0.0035056
-0.00022875
8.5503e-005
-0.00017641
-0.0045371
-0.0056087
-0.0074988
-0.0079763
-0.00772
-0.0078676
-0.0077941
-0.0078054
-0.0078508
-0.0077463
-0.007929
-0.0076194
-0.0081955
-0.0062085
-0.0010844
-0.0006676
0.00010366
0.00022373
0.0071469
0.0079477
0.0077606
0.0078372
0.0078172
0.0077863
0.0078862
0.0076889
0.0080242
0.0074702
0.0084327
0.0026576
0.00088942
0.00025313
0.00035413
-0.0027826
-0.0085191
-0.0074695
-0.0079854
-0.0077683
-0.0077475
-0.0080348
-0.0071401
-0.0057135
-0.0066707
-0.00096404
-0.00057262
5.9242e-005
1.1074e-005
-7.3262e-005
0.00016755
-0.00036649
0.0021111
0.0076282
0.0077486
0.0078539
0.0078032
0.0077907
0.0078461
0.003653
0.0021819
0.00064717
0.00075555
0.0038133
0.0025242
0.00032427
0.00014983
-0.00018285
-0.0058846
-0.0081138
-0.0075433
-0.0083248
-0.0081388
-0.0077773
-0.0077734
-0.0079324
-0.0075878
-0.0082946
-0.0053531
-0.00085612
-0.00040176
0.00012763
0.0017023
0.0069557
0.0079619
0.0077494
0.0078548
0.0077826
0.0078464
0.0077784
0.0078561
0.0077538
0.0079082
0.007662
0.0081031
0.0045295
0.0026543
0.00087544
-9.7658e-005
-9.6439e-005
0.00028733
-0.0061389
-0.00804
-0.00895
-0.013503
-0.015025
-0.01555
-0.01584
-0.014324
-0.011095
-0.0080303
-0.0076783
-0.0080311
-0.0064059
-0.00011222
-0.00056944
0.0048309
0.0085313
0.0073209
0.0085373
0.0087372
0.0075868
0.0094113
0.011175
0.0098208
0.0073306
0.0080571
0.0076746
0.0078986
0.0075999
0.0025713
-0.00023084
0.00028517
-0.00081833
-0.0068416
-0.007798
-0.0078182
-0.0080687
-0.011303
-0.014541
-0.012874
-0.0096207
-0.0080653
-0.0078602
-0.0076781
-0.0080923
-0.0069719
-0.0034337
-2.6949e-005
-0.000535
0.0048891
0.0083483
0.0076862
0.007745
0.011655
0.014821
0.01567
0.015128
0.011688
0.010621
0.0076678
0.0078553
0.0079707
0.0056835
0.006573
-0.0017816
0.0024944
-0.0080439
-0.0028227
-0.011263
-0.0081842
-0.012569
-0.0096305
-0.013305
-0.012296
-0.010622
-0.011418
-0.0044218
-0.0097726
-0.0037322
-0.0075791
0.0023393
-0.0047455
0.0045466
0.00063413
0.0081056
0.0011905
0.011464
0.0084582
0.0093015
0.0085918
0.011574
0.0093007
0.0039963
0.0050485
0.005037
0.0034627
0.00056084
-0.0018714
-0.0028914
-0.0057893
-0.0062988
-0.010376
-0.0079046
-0.0082019
-0.0081301
-0.007783
-0.0077883
-0.0078143
-0.0077649
-0.0059291
-0.0046128
-0.0040454
-0.00185
-0.0015909
0.0026027
0.0030673
0.0066062
0.0069185
0.0083996
0.010703
0.0090507
0.012352
0.0096946
0.010584
0.010042
0.0081598
0.0059255
0.0041363
0.002031
-6.1973e-005
-0.00054156
-0.0021722
-0.0040907
-0.0051168
-0.0054967
-0.0065804
-0.0072925
-0.0067743
-0.0066831
-0.0060613
-0.0075573
-0.0067799
-0.0053129
-0.0042714
-0.0039948
-0.0011998
-0.0010035
0.0039406
0.0046401
0.0065461
0.0077375
0.0081576
0.0076631
0.0092178
0.0082692
0.0067967
0.0078373
0.0058303
0.004527
0.0038513
0.0028475
0.0024316
0.001029
3.4691e-005
0.00030279
-0.00083764
-0.0008966
-0.0028758
-0.0086377
-0.012964
-0.014137
-0.014826
-0.016087
-0.013593
-0.0098237
-0.0077824
-0.0064156
-0.00077844
0.0020798
0.0028155
0.0048891
0.0076286
0.012275
0.0060732
0.011327
0.010347
0.011014
0.010283
0.0081472
0.010922
0.003753
0.011858
-0.0050133
0.01037
-0.004946
0.012146
-0.010366
0.0062873
-0.014363
2.9449e-005
-0.017307
-0.0019486
-0.020811
-0.0036607
-0.023769
-0.0015748
-0.026573
0.0032901
-0.026585
0.010234
-0.027394
0.017567
-0.022518
0.022135
-0.013426
0.020206
-0.0021293
0.018059
0.014226
0.0096985
0.024506
0.0049786
0.027696
0.001589
0.021869
0.001717
0.010983
0.0052593
0.0051669
-0.00053116
0.00046214
-0.0059393
-0.0028002
-0.015277
-0.0029785
-0.019507
-0.0075204
-0.016261
-0.015109
-0.009507
-0.016929
-0.0050794
-0.017955
-0.0033261
-0.013365
-0.00030493
-0.0045699
0.0014976
0.0042725
0.0030383
0.011334
0.0064611
0.011171
0.01275
0.012316
0.013057
0.0098293
0.01015
0.0081348
0.0075481
0.0080602
0.0030629
0.0062591
-0.0024443
0.0047963
-0.0062104
-0.0025498
-0.010555
-0.0093038
-0.0096719
-0.011699
-0.0083147
-0.0095221
-0.0075508
-0.0077637
-0.0082695
-0.003831
-0.0065371
-0.002648
-0.002209
0.0028275
0.0024427
0.006685
0.0096986
0.0066953
0.0096335
0.0057879
0.008345
0.0047908
0.0068548
0.0046104
0.006384
0.0051073
-0.00045618
0.0034068
0.0002509
0.0027817
-0.0010698
0.0011288
-0.0029344
-0.0028576
-0.0055511
-0.0067881
-0.0073182
-0.0086906
-0.0094592
-0.0072611
-0.0083596
-0.0070958
-0.0089932
-0.0039401
-0.004832
-0.0039845
0.0013095
-0.00061141
0.0029287
0.0060778
0.0076775
0.0078623
0.007806
0.0077719
0.011904
0.008753
0.009409
0.0077805
0.0073787
0.0074675
0.0061714
-0.00016264
-4.0148e-006
-0.0028603
-0.0084686
-0.0074803
-0.0080158
-0.0076966
-0.0078763
-0.0078009
-0.0077968
-0.0078719
-0.0077221
-0.0076666
-0.0054671
0.0006673
-0.00062802
0.0010016
0.0030493
0.0044897
0.0087669
0.0071066
0.0085551
0.0073979
0.011856
0.010196
0.011277
0.0094132
0.0071535
0.0082849
0.0073807
0.0083678
0.0035734
-0.00050697
0.00038584
-0.0010088
-0.0048457
-0.0077098
-0.007759
-0.0079335
-0.012711
-0.010906
-0.014228
-0.01553
-0.013054
-0.012397
-0.009423
-0.0071222
-0.0082955
-0.0070344
-0.0025295
-0.00028044
-8.0754e-005
0.00036476
0.0070247
0.0080851
0.0075777
0.008081
0.010192
0.012452
0.012866
0.007079
0.008215
0.007556
0.0079969
0.0076747
0.0078449
0.0032162
-0.00047135
0.00052305
-0.0024836
-0.0079795
-0.0077355
-0.0078165
-0.0078857
-0.0076144
-0.0089013
-0.0083166
-0.0075833
-0.0079922
-0.0076371
-0.0080393
-0.0074065
-0.0072267
-0.0027318
0.00024485
0.00054087
0.0075705
0.0078762
0.0076622
0.0082729
0.010111
0.013402
0.016775
0.011127
0.0073515
0.0080335
0.0076789
0.0079032
0.0077627
0.0076096
0.0014329
-0.00041373
0.00041364
-0.0012488
-0.0078443
-0.0076848
-0.0079708
-0.0076092
-0.0081168
-0.0072906
-0.0094241
-0.011523
-0.007151
-0.0082707
-0.0073793
-0.008441
-0.0049907
0.00089131
-0.00091865
0.0031159
0.0083161
0.0075712
0.0079724
0.0076937
0.0079264
0.0076943
0.0079666
0.0076013
0.0081558
0.0070049
0.0081185
0.0049645
-0.00063744
0.00028299
-0.00010202
-4.6435e-005
0.0002147
-0.0060266
-0.0082743
-0.0075858
-0.0079413
-0.0077533
-0.0078242
-0.0078517
-0.0077246
-0.0079776
-0.0075348
-0.0083684
-0.0054767
0.00046628
-0.00021263
5.4818e-005
0.0012542
0.0075285
0.0078278
0.0078217
0.0078082
0.0078213
0.0078075
0.0078246
0.0077973
0.0078413
0.0077689
0.0079298
0.0063217
0.00044574
3.2534e-005
-0.00016135
0.00034868
-0.0012737
-0.0050497
-0.0071132
-0.0080514
-0.0076931
-0.0078737
-0.0078039
-0.007776
-0.0079471
-0.0071358
-0.00025745
-3.8465e-005
0.00010296
-0.00016921
0.00027725
-0.0005256
0.0019262
0.0066967
0.0062473
0.0080162
0.0077435
0.0077758
0.0079629
0.0075161
0.0084094
0.0057618
0.0006816
0.0016666
-0.00059191
0.0004103
-0.00037306
0.00041934
-0.004189
-0.0082124
-0.00762
-0.0079243
-0.0077604
-0.0078157
-0.0078644
-0.0077061
-0.0080044
-0.0074916
-0.0084748
-0.0036025
0.00069616
-0.00036141
0.00021508
-6.1318e-005
0.0056931
0.0087651
0.0065645
0.011621
0.013125
0.012674
0.011357
0.010036
0.011014
0.0067515
0.0084281
0.0074394
0.0078069
0.00047735
7.2356e-005
-0.00022064
0.00046635
-0.0035125
-0.0084094
-0.0074408
-0.0098766
-0.014057
-0.015674
-0.015511
-0.015776
-0.015425
-0.015527
-0.0099808
-0.0073624
-0.008012
-0.0076477
-0.0013754
0.00049163
-0.00031977
0.0054048
0.0082125
0.0075206
0.0085629
0.014633
0.015727
0.015607
0.015616
0.015499
0.0091241
0.0075308
0.0079736
0.0074451
0.00073911
-0.00015444
1.8482e-005
0.00010555
-0.00068391
-0.0075305
-0.0078408
-0.0078034
-0.0078321
-0.0077761
-0.0079609
-0.0089006
-0.010157
-0.0084439
-0.0082603
-0.0077208
-0.0079362
-0.006975
-0.00030661
-0.0004941
0.0047706
0.0085848
0.0072356
0.010286
0.01584
0.015368
0.016062
0.013926
0.0074507
0.0081086
0.0075214
0.0081044
0.0038448
-0.00062
0.00041815
-0.00042149
0.0005896
-0.0055512
-0.0083399
-0.0075197
-0.0080036
-0.0080265
-0.015039
-0.015439
-0.016217
-0.012127
-0.0070452
-0.0082804
-0.0074204
-0.0082818
-0.0035533
0.00044076
-0.0004639
0.001428
0.0076358
0.0078072
0.0078271
0.0078067
0.0077879
0.0082727
0.013772
0.01291
0.0080813
0.0077787
0.0078371
0.007782
0.0077694
0.0013144
-0.00049016
0.00046401
-0.0042351
-0.0081775
-0.007636
-0.0079255
-0.0077384
-0.0078749
-0.0077613
-0.0078808
-0.0077292
-0.007938
-0.0076398
-0.0077288
-0.0020424
0.00025541
8.3295e-005
-0.00046049
0.0028824
0.0084162
0.0075031
0.0079926
0.0077218
0.0078449
0.0078438
0.0077172
0.0080722
0.0058269
0.00084719
1.2614e-005
-9.2767e-005
0.00015313
-0.00024893
0.00046834
-0.0035795
-0.0082839
-0.0075696
-0.007959
-0.0077326
-0.0078451
-0.0078217
-0.007762
-0.0079223
-0.0076308
-0.0080811
-0.0036932
0.00037076
-0.00014677
2.5552e-005
8.1373e-005
-0.00021374
0.0059894
0.0083641
0.0074267
0.0082113
0.0072622
0.0094554
0.011277
0.0075718
0.0077539
0.0082297
0.0036969
-0.00063502
0.0003141
-0.00016444
8.3192e-005
-0.00018789
-0.0064697
-0.0081117
-0.0076721
-0.0078958
-0.0077473
-0.0091715
-0.011597
-0.014409
-0.0084827
-0.0078723
-0.0076659
-0.0080637
-0.0054841
0.00017185
-0.00010298
2.4515e-006
0.00061308
0.006874
0.0077767
0.0080403
0.0073374
0.010585
0.013736
0.015501
0.010959
0.0072984
0.0081489
0.0075699
0.0078876
0.0011827
-0.00025106
0.00011999
-5.2003e-005
-0.00023953
-0.0071599
-0.0079131
-0.0078137
-0.0077522
-0.007952
-0.0088977
-0.01135
-0.0092646
-0.0080789
-0.0079548
-0.0077472
-0.0078404
-0.0076609
-0.0013257
0.00026385
0.00015252
0.0071958
0.0078867
0.0080992
0.01267
0.014668
0.015688
0.015635
0.015342
0.0085161
0.0076635
0.0078766
0.007782
0.0078421
0.0075165
0.0014715
-0.00034444
0.0002368
-0.0026589
-0.0074979
-0.0079017
-0.0077367
-0.007896
-0.0085289
-0.013181
-0.010509
-0.010606
-0.010163
-0.0073945
-0.0080306
-0.007721
-0.006986
-0.0013313
0.00023415
-1.7033e-005
0.0064226
0.0075894
0.0076386
0.0081622
0.0081924
0.0099317
0.0091218
0.0077704
0.007435
0.0086327
0.0064004
0.010244
0.00065881
0.0062146
0.0051967
-0.013524
0.020098
-0.036721
0.029784
-0.045164
0.028585
-0.042333
0.020967
-0.036324
0.013674
-0.025749
0.0070786
-0.017981
0.0025124
-0.012017
-0.0012312
-0.0046034
0.0033216
-0.003318
0.010449
0.005762
0.0079259
0.010479
0.0043888
0.018363
-0.0044515
0.019794
-0.0039047
0.0099608
-0.0022542
0.0089421
-0.0020777
0.0040081
-0.0022634
-0.0028927
-0.0017101
-0.0071021
-0.0061122
-0.0090272
-0.0072636
-0.01005
-0.0071557
-0.0075224
-0.0084504
-0.0070655
-0.0034707
-0.0076079
0.00034643
-0.0020614
0.0029227
0.00028341
0.0077838
0.0062951
0.0096186
0.010898
0.00961
0.012046
0.009938
0.010719
0.004082
0.0068476
0.0018462
0.0032854
0.00029771
0.0019449
-0.00015464
-0.0012983
-0.003663
-0.0051144
-0.0086238
-0.0071179
-0.0092665
-0.0056879
-0.0097303
-0.0042509
-0.0087365
-0.0034852
-0.0084532
-0.0055165
-0.0038393
-0.0055882
0.00050942
0.0012002
0.0035773
0.0064564
0.0090698
0.0084336
0.011436
0.010592
0.010513
0.0099145
0.0093886
0.0078098
0.0056846
0.0037599
0.0025173
0.0018601
0.00040314
-0.00261
-0.002062
-0.0064626
-0.0069499
-0.0091302
-0.011386
-0.011146
-0.012805
-0.012522
-0.011477
-0.010646
-0.010206
-0.0071176
-0.0061187
-0.0029783
-0.0024403
0.00048935
0.0018445
0.0051149
0.0063868
0.007761
0.01084
0.01211
0.01241
0.013613
0.014016
0.01223
0.01333
0.010984
0.011039
0.0065405
0.0050226
0.00082477
-6.4528e-005
-0.0030375
-0.0062961
-0.0080307
-0.0098203
-0.011108
-0.013391
-0.013001
-0.014828
-0.013563
-0.013622
-0.011078
-0.012527
-0.0099948
-0.0075808
-0.0049872
-0.0032723
0.001703
0.003197
0.0067884
0.0077512
0.010839
0.010998
0.012556
0.013069
0.01336
0.011741
0.011064
0.0084172
0.0081407
0.0059954
0.0047856
0.0023206
0.00077418
-0.00014536
-0.0023995
-0.0067892
-0.0049242
-0.010676
-0.007168
-0.014008
-0.0099705
-0.013777
-0.0066287
-0.013655
-0.0072729
-0.0083742
-0.0076888
-0.0010742
-0.0076961
0.0061319
-0.0064659
0.014433
-0.0051876
0.021636
-0.0032862
0.025529
-0.0039002
0.027286
-0.0060977
0.023326
-0.0084892
0.018447
-0.0081093
0.01269
-0.0030269
0.0050528
0.00093375
-0.0071046
0.0027562
-0.013969
0.0055025
-0.020926
0.0071057
-0.021887
0.00070739
-0.015399
-0.0056595
-0.0063778
-0.013606
0.0011961
-0.017901
0.007092
-0.0084105
0.0088488
0.0006582
0.0090405
0.011229
0.009482
0.012448
0.01291
0.0064325
0.010713
-0.0034448
0.012882
-0.0077683
0.013674
-0.00084356
0.010515
0.0022712
0.00046336
0.0015511
-0.0087476
0.0015228
-0.013356
-0.0024215
-0.012425
-0.0090245
-0.012855
-0.011282
-0.0083645
-0.0098255
-0.0079212
-0.0044591
-0.0047769
0.0016109
-0.0030857
0.0083857
0.0037486
0.012511
0.0083732
0.01268
0.0099342
0.012979
0.011728
0.0087696
0.0091894
0.0042496
0.0047555
0.0041459
-0.00097417
0.00010839
-0.0066415
-0.0034922
-0.0080689
-0.0091941
-0.010127
-0.011471
-0.0088411
-0.011737
-0.007793
-0.010068
-0.0049082
-0.0084085
-0.0031921
-0.0026155
-0.0014646
0.0015599
0.0027734
0.0068906
0.0045438
0.0089437
0.0090472
0.01183
0.010211
0.012243
0.010478
0.011789
0.0095929
0.00866
0.0065329
0.0049449
0.0011069
0.00076764
-0.0034763
-0.0041815
-0.0068468
-0.006806
-0.0095382
-0.010033
-0.011259
-0.013268
-0.012844
-0.01368
-0.011722
-0.01274
-0.010059
-0.0090327
-0.0080513
-0.0052581
-0.00027093
0.00058314
0.0024315
0.0066713
0.0096168
0.012129
0.013192
0.01492
0.016154
0.015418
0.014108
0.012278
0.01078
0.008885
0.0055839
0.0058824
0.0043182
0.0030017
-0.0018676
-0.00090372
-0.0042563
-0.0077261
-0.0077105
-0.0093458
-0.0098538
-0.010431
-0.009283
-0.01067
-0.0094091
-0.0084116
-0.008395
-0.0090926
-0.0086123
-0.0059265
-0.004981
-0.0028908
-0.0002961
0.0008416
0.0059827
0.0094348
0.010998
0.012828
0.015091
0.012608
0.010618
0.0068425
0.0053538
0.0035087
0.0028096
0.00099353
0.00068235
-0.00055754
-0.0007434
-0.0031618
-0.0037366
-0.0053352
-0.0049311
-0.0039791
-0.0064897
-0.0074103
-0.0071532
-0.0059352
-0.0050437
-0.0046451
-0.0058012
-0.0056181
-0.0045112
-0.004098
-0.0024142
0.0013831
0.0058963
0.007713
0.011034
0.011532
0.013048
0.012944
0.01293
0.0075313
0.0072569
0.005611
0.0060136
0.0021228
-0.00033207
-0.0013217
-0.0034649
-0.0063392
-0.0078082
-0.010624
-0.011682
-0.014228
-0.014969
-0.013352
-0.011976
-0.0097194
-0.0084273
-0.0046344
-0.0028911
-0.0014835
-0.0018763
0.00048456
0.0026905
0.0048039
0.0072646
0.0080398
0.01018
0.0093927
0.011404
0.012561
0.01058
0.010436
0.0097118
0.0062691
0.0031268
0.0037974
0.00089027
-0.00095262
-0.0019362
-0.0048514
-0.0069263
-0.0082143
-0.0077241
-0.0075344
-0.0069438
-0.008729
-0.0070239
-0.0069111
-0.0042882
-0.0014402
0.00037175
-0.0010148
0.0006717
0.0014457
0.003221
0.0045406
0.005781
0.0053201
0.0076429
0.0089761
0.0086475
0.010393
0.010217
0.0096879
0.0079649
0.0064412
0.0033465
8.4309e-006
-0.0021398
-0.00060498
-0.0031034
-0.0049971
-0.0069043
-0.0086961
-0.0097142
-0.011344
-0.012005
-0.012749
-0.012052
-0.01199
-0.011813
-0.0097696
-0.0080367
-0.0060384
-0.0047416
-0.0029065
-0.00016484
0.0019255
0.0041466
0.0073271
0.0079659
0.0097066
0.010129
0.010097
0.011717
0.013047
0.012641
0.014286
0.0156
0.0131
0.011625
0.0095032
0.0067648
0.0033769
-0.00010184
-0.0022497
-0.0083094
-0.010381
-0.011901
-0.013958
-0.012702
-0.011931
-0.011376
-0.011408
-0.010994
-0.010654
-0.010381
-0.0096948
-0.0083232
-0.0063911
-0.0040227
-0.002155
0.001023
0.0038834
0.0053911
0.0099546
0.010781
0.013236
0.015723
0.013553
0.012102
0.010892
0.010239
0.0079084
0.005075
0.0054979
0.0045212
0.0023436
-0.00060106
-0.0033597
-0.0038767
-0.0045355
-0.0061784
-0.0058635
-0.0074116
-0.0079292
-0.0078599
-0.0059339
-0.0084424
-0.0063767
-0.0058427
-0.0038736
-0.0022894
-0.0018071
-0.00024131
0.0021389
0.0032999
0.0034806
0.0051983
0.007225
0.0084422
0.0095681
0.0094944
0.0067461
0.0059154
0.0040296
0.0048157
0.0033166
0.00099627
-0.0024974
-0.0042181
-0.003411
-0.006308
-0.0076123
-0.0082878
-0.0075794
-0.0081548
-0.0088294
-0.008261
-0.0082809
-0.0072904
-0.0057752
-0.0038281
-0.0033093
-0.0029318
-0.001891
-1.4852e-005
0.0015185
0.0038862
0.0047962
0.0052749
0.0072259
0.0074305
0.010257
0.011794
0.010614
0.0098567
0.007325
0.0066806
0.004605
0.0037201
0.0032459
0.0032306
0.00019683
-0.0027475
-0.0044905
-0.0053626
-0.0063302
-0.0079902
-0.0098897
-0.0070359
-0.008661
-0.0077586
-0.0081014
-0.0066874
-0.0072605
-0.0045753
-0.0044508
-0.0037049
-0.0022892
-0.0013786
0.0037291
0.0035386
0.0069521
0.0080549
0.0079807
0.012151
0.010877
0.0094357
0.009937
0.0096514
0.0082236
0.0042709
0.0028667
0.0033458
0.00035988
-0.0023827
-0.0036013
-0.0043556
-0.0063503
-0.0081637
-0.0082705
-0.0082532
-0.0078317
-0.006906
-0.0072204
-0.0058834
-0.0061951
-0.0053873
-0.0052399
-0.0040676
-0.0033863
-0.00048727
0.0010881
0.0024725
0.0050137
0.0066195
0.0082868
0.010357
0.011101
0.012171
0.012029
0.010074
0.0082756
0.0070144
0.0049215
0.0022673
1.0819e-005
4.987e-005
-0.0023854
-0.0046913
-0.0076547
-0.0098778
-0.010958
-0.01374
-0.013755
-0.01505
-0.013206
-0.013246
-0.010227
-0.0094913
-0.006979
-0.004519
-0.0012963
0.00065231
0.0012344
0.0037958
0.0066178
0.0090841
0.011328
0.014279
0.015059
0.017011
0.018055
0.013666
0.014164
0.012092
0.0090625
0.0073122
0.0056607
0.0026902
0.00096576
9.3579e-005
-0.0044117
-0.0073619
-0.0093874
-0.011532
-0.014945
-0.014227
-0.014454
-0.016157
-0.014408
-0.012361
-0.012569
-0.0095397
-0.0088404
-0.0066906
-0.0049077
-0.0025671
0.0006332
0.0038708
0.0052171
0.0082585
0.010568
0.013491
0.01459
0.014796
0.015538
0.01278
0.011548
0.010464
0.0080302
0.00757
0.005224
0.0026963
0.0020912
0.00029529
-0.0022477
-0.007861
-0.0076215
-0.0088437
-0.011567
-0.01102
-0.0088939
-0.011341
-0.010575
-0.0081909
-0.0079556
-0.0069886
-0.0039128
-0.0029311
-8.6102e-005
0.00014268
0.0011178
0.0028809
0.0058984
0.0064375
0.0080756
0.0077039
0.0076551
0.0060644
0.0068454
0.0059039
0.0042662
0.0028214
0.00015066
0.00067756
-0.000424
-0.002193
-0.0034382
-0.0052609
-0.0060899
-0.0070396
-0.0080553
-0.0068147
-0.0073862
-0.0080184
-0.0063086
-0.004961
-0.0053926
-0.00013666
-0.0030818
0.0035778
0.00016305
0.0017599
0.013305
-0.012615
0.033784
-0.02375
0.048604
-0.025494
0.04704
-0.018959
0.034777
-0.013768
0.024047
-0.010523
0.01234
-0.010023
0.00032684
-0.010967
0.0012804
-0.0159
-0.0017376
-0.018238
-0.0052863
-0.012439
-0.015279
-0.0088534
-0.015836
0.0027937
-0.018897
0.0032269
-0.011658
0.0039098
-0.0033774
0.0021959
0.0024133
0.0016779
0.012894
0.0041017
0.014035
0.010376
0.015757
0.011086
0.015646
0.010801
0.012203
0.0082804
0.0081555
0.0014919
0.0026626
-0.0026529
-0.0025573
-0.00698
-0.0051337
-0.0088695
-0.0093117
-0.011884
-0.013699
-0.01006
-0.014651
-0.011335
-0.013739
-0.0094504
-0.010737
-0.0036599
-0.005509
-0.0027982
-7.1889e-005
0.0019596
0.0037126
0.0050858
0.0045484
0.010875
0.0082279
0.012768
0.010874
0.015867
0.011815
0.013451
0.0071273
0.010448
0.0057071
0.0044341
0.0023804
-0.0011192
0.0002222
-0.0059903
-0.0066233
-0.0097029
-0.0091306
-0.01338
-0.010823
-0.0104
-0.0095926
-0.0085509
-0.0069314
-0.0055825
-0.0046623
-0.0045241
-0.0011285
-0.0016859
0.0027473
0.0025839
0.0070891
0.0063704
0.0067418
0.0091284
0.0094612
0.011065
0.010065
0.011073
0.0084823
0.0074872
0.0045129
0.0055661
0.0026192
0.002007
-0.00049612
-0.00020078
-0.0029256
-0.0049794
-0.0071171
-0.0084898
-0.010229
-0.0097227
-0.010998
-0.010225
-0.0071881
-0.009099
-0.0040275
-0.0077816
-0.0044915
-0.0040953
-0.0016186
-0.0019383
0.00096407
0.0057519
0.0053516
0.0074935
0.0084284
0.011155
0.010371
0.013556
0.0096723
0.0082635
0.0069362
0.0057116
0.0053005
0.0042557
0.0012615
0.0014375
-0.0012954
-0.0043288
-0.0070547
-0.0091789
-0.0099203
-0.010942
-0.012473
-0.01046
-0.0091384
-0.00859
-0.0071067
-0.0043388
-0.0027905
-0.0023119
0.00015894
0.00015211
0.00264
0.0029498
0.0054442
0.003765
0.0064457
0.0097401
0.0026793
0.015371
0.0033197
0.014504
-0.0011148
0.01315
-0.0050346
0.012845
-0.0099044
0.0087201
-0.011686
0.0046919
-0.015745
0.0043456
-0.018806
0.0059885
-0.020938
0.0078331
-0.022705
0.0097513
-0.024224
0.012821
-0.023451
0.014868
-0.019028
0.013606
-0.012157
0.0096198
0.0027895
0.0028176
0.015181
-0.0011174
0.02527
-0.0010547
0.026745
4.2485e-005
0.017345
0.0026392
0.0070813
0.0050019
0.0010371
0.00040364
-0.0011375
-0.0094794
-0.00020683
-0.015985
-0.0018042
-0.020192
-0.0066733
-0.015923
-0.010275
-0.0084955
-0.011417
-0.002871
-0.011981
0.00030992
-0.0095564
0.0016686
-0.0044629
0.0031454
0.0029556
0.002494
0.0089465
0.0048614
0.011858
0.012123
0.010695
0.015842
0.011259
0.016681
0.010262
0.012414
0.0066412
0.0045821
0.0034735
0.00021802
0.002407
-0.0073983
-0.0040672
-0.011112
-0.010997
-0.01555
-0.013665
-0.013288
-0.014607
-0.013181
-0.011385
-0.0086981
-0.0056706
-0.0073247
-0.0016019
-0.0025114
0.0024107
0.0025634
0.0068101
0.006478
0.0099035
0.0084831
0.011216
0.015672
0.011287
0.013546
0.0082015
0.0092145
0.0057047
0.0068708
0.0043506
0.0060191
0.0025241
0.00090521
0.00095314
-0.0021075
-0.0050873
-0.0099779
-0.0099407
-0.011785
-0.013854
-0.011473
-0.015355
-0.011709
-0.010653
-0.012009
-0.0076435
-0.0080918
-0.0038775
-0.0012008
0.00027159
-0.00055617
0.0065579
0.0056263
0.0097281
0.011313
0.012365
0.011856
0.012927
0.012217
0.009522
0.0082532
0.0061223
0.0056008
0.0054821
0.0051271
-0.00099148
0.00082802
-0.0031685
-0.0036815
-0.0057668
-0.0074587
-0.0090109
-0.0093939
-0.011188
-0.01065
-0.0097241
-0.0088162
-0.0084357
-0.0060233
-0.0037383
-0.0034301
-7.3644e-005
-0.00047449
0.0028181
0.00491
0.0063934
0.007975
0.0093241
0.0083768
0.0085515
0.0084089
0.0077503
0.0076152
0.0051786
0.0017751
0.0016214
0.0013427
-0.00041654
9.1331e-005
0.00016278
-0.003118
-0.0072926
-0.0067412
-0.0082042
-0.0075784
-0.0079888
-0.0076608
-0.0079849
-0.0075937
-0.0081607
-0.0068048
-0.0037578
-0.0028752
0.00030904
0.00078717
0.0062688
0.0073918
0.0083192
0.0080965
0.0083492
0.0087426
0.010622
0.012029
0.011866
0.0089844
0.0078709
0.0077648
0.005595
0.0013059
0.00015318
-0.0013786
-0.0057942
-0.007633
-0.0078124
-0.0079737
-0.010427
-0.012821
-0.014285
-0.014803
-0.012173
-0.01155
-0.008659
-0.0076302
-0.0061971
-0.0048072
-0.0030063
0.00015235
-0.00035437
0.0042948
0.0081093
0.0074574
0.011311
0.014567
0.015668
0.015717
0.014591
0.014197
0.013069
0.008684
0.0075619
0.0080568
0.0068002
0.0037837
0.0013635
-0.00041198
-0.0043064
-0.0079915
-0.0085965
-0.013517
-0.015195
-0.015939
-0.015294
-0.016121
-0.0141
-0.014754
-0.012278
-0.0075552
-0.0082325
-0.0055832
-0.00086088
-0.00046171
0.0016862
0.0021001
0.0063187
0.0083193
0.0074833
0.010768
0.013423
0.014569
0.015167
0.015426
0.011001
0.011139
0.0074329
0.0083861
0.0054985
-0.00052557
0.00034344
-0.0029367
-0.0072914
-0.0077513
-0.0089121
-0.0089312
-0.012252
-0.014854
-0.012538
-0.010374
-0.010187
-0.0089819
-0.0081654
-0.0077592
-0.0078461
-0.0038766
0.00063388
-0.00088529
0.003783
0.008254
0.0077997
0.0074579
0.0097072
0.013743
0.014957
0.014016
0.011304
0.0082334
0.0078584
0.0075068
0.0079552
0.00528
0.0024143
0.0030031
-0.00075622
-0.0047526
-0.0088064
-0.0068672
-0.010044
-0.0094429
-0.0092259
-0.013923
-0.010377
-0.0090754
-0.0081596
-0.007774
-0.0071765
-0.0075727
-0.0053027
-0.00055874
0.00029482
-0.00056487
0.0036656
0.0082602
0.0076238
0.0078527
0.011093
0.015572
0.011441
0.0073088
0.0081669
0.0074363
0.0082497
0.0035944
3.132e-005
0.00048541
-9.0776e-005
-0.0002406
-0.001135
-0.0023122
-0.0070008
-0.0079482
-0.0076511
-0.0082521
-0.008965
-0.0075333
-0.0080015
-0.0076387
-0.0080614
-0.0068906
-0.0036169
-0.00090936
0.00029391
-0.00012021
0.0041786
0.0078318
0.0079905
0.0073172
0.010951
0.014791
0.011235
0.0075733
0.0079368
0.0042273
0.001372
0.0013653
-0.00023885
0.00013308
-8.6913e-005
7.5041e-005
-0.00055748
-0.00225
-0.007265
-0.0078992
-0.0077784
-0.0078316
-0.0078031
-0.0078142
-0.0078206
-0.0078008
-0.0078364
-0.0077994
-0.0076279
-0.0013434
0.00026038
-0.00012971
5.6773e-005
0.0010191
0.00245
0.0072949
0.0077458
0.0079124
0.0076612
0.008311
0.0081384
0.0077173
0.0078461
0.0078519
0.0074777
0.0027436
-0.00031756
0.00039292
-0.0015949
-0.0060121
-0.0063905
-0.008254
-0.0073612
-0.0088636
-0.0083948
-0.0078514
-0.0084265
-0.0077642
-0.0077026
-0.0081676
-0.0053875
-0.0017675
-0.00098037
0.00047253
-0.00051861
0.0016637
0.0041742
0.0063075
0.0081138
0.0076535
0.0079203
0.0077385
0.0078675
0.0078147
0.010141
0.0080619
0.0079333
0.0066882
0.0071553
0.00089557
-0.00030363
0.00020678
-0.0032565
-0.0076607
-0.0075039
-0.011687
-0.01346
-0.013197
-0.014648
-0.016298
-0.012283
-0.007809
-0.0079241
-0.0076914
-0.008016
-0.0070104
-0.00038799
2.4763e-005
0.00039633
0.0070213
0.0078739
0.0084553
0.010296
0.015445
0.015635
0.015683
0.013445
0.0131
0.010315
0.0077224
0.0076814
0.0082183
0.005911
1.5398e-005
-0.00018534
0.00056739
-0.0035096
-0.0085492
-0.00739
-0.0084714
-0.012278
-0.015431
-0.013735
-0.012154
-0.010658
-0.0083051
-0.0076267
-0.007988
-0.006819
-0.0047078
-0.0012511
0.00026166
-6.6019e-006
0.0018598
0.0062471
0.0077538
0.0078628
0.0077042
0.0084898
0.0132
0.0111
0.0076161
0.007878
0.0078233
0.0077305
0.008043
0.0031144
-0.00068158
0.00083447
-0.0030651
-0.008353
-0.0075516
-0.0079706
-0.0077202
-0.0078683
-0.0077952
-0.0078068
-0.0078605
-0.0077173
-0.0080339
-0.0057886
-0.00092038
4.5291e-005
-4.5511e-005
5.8918e-005
0.00014491
0.0057565
0.0081961
0.0076098
0.0079677
0.007673
0.0079746
0.0075914
0.0081898
0.0044239
0.0011138
0.00052889
-0.00018937
0.00011837
-8.6279e-005
7.3051e-005
-7.7839e-005
0.00011009
-0.0026148
-0.006825
-0.0079039
-0.0077889
-0.0078125
-0.0078313
-0.007781
-0.0078718
-0.0077231
-0.0059372
-0.0056786
-0.0021114
-0.0004676
0.00025741
-0.00025708
0.0046185
0.0069728
0.0077153
0.0078758
0.0077774
0.0078355
0.007806
0.007809
0.0078344
0.0077722
0.0079288
0.0070884
0.0010688
-0.00013129
2.3734e-005
4.1727e-005
-0.00023628
-0.0034683
-0.0069549
-0.0079953
-0.0077196
-0.007884
-0.0077515
-0.0078827
-0.0077301
-0.0079339
-0.0076285
-0.0081825
-0.0053792
0.00020817
-0.00020914
0.00018892
-5.8418e-005
0.0058865
0.0082106
0.00758
0.0080202
0.0075561
0.0085205
0.0097555
0.0078939
0.010336
0.0080175
0.0076312
0.0080551
0.0039225
-0.00082427
0.00083885
-0.0038204
-0.0081724
-0.0076592
-0.007821
-0.0086039
-0.015288
-0.015181
-0.01559
-0.014573
-0.010014
-0.0051051
-0.012174
0.00409
-0.015729
0.0077428
-0.0071952
-0.0052881
0.016802
-0.02342
0.037607
-0.029913
0.048655
-0.026161
0.043995
-0.018276
0.034266
-0.0078999
0.024561
-0.0038001
0.014466
0.001541
0.0069134
5.653e-005
0.002698
-0.0058292
-0.0027014
-0.0062915
-0.011946
-0.0029751
-0.01884
0.00098491
-0.026109
0.0034256
-0.02109
-0.0020441
-0.015615
-0.00034406
-0.0086308
-0.0025642
-0.0026554
-0.00012036
0.0051654
0.0039788
0.0070165
0.0071265
0.011252
0.011302
0.011435
0.013251
0.012442
0.010479
0.012294
0.0056716
0.0057323
0.0032768
0.0052391
0.0023107
0.0010335
-0.0011085
-0.0034148
-0.0047391
-0.010909
-0.012124
-0.013281
-0.01307
-0.013153
-0.012131
-0.0086833
-0.0091691
-0.0070121
-0.0056601
-0.0061441
-0.0015402
-0.0042821
0.002848
0.00067785
0.0053723
0.0056436
0.012281
0.0086922
0.011496
0.01103
0.014308
0.012788
0.0092927
0.010607
0.0064463
0.0067733
0.0010387
0.0010496
-0.0021039
-0.0022673
-0.0066416
-0.0073587
-0.00921
-0.0099501
-0.0099512
-0.010776
-0.0096723
-0.008939
-0.0076745
-0.0076742
-0.0065689
-0.0069474
-0.0024645
-0.0019392
0.00043751
0.00091035
0.0043167
0.0050613
0.0090581
0.0093718
0.010689
0.0093496
0.010973
0.0081348
0.0083121
0.0061108
0.0034351
0.0019297
0.00095446
-0.00040992
-0.001435
-0.0021932
-0.0047217
-0.0053681
-0.0072772
-0.0063708
-0.0089683
-0.0071207
-0.01002
-0.0086999
-0.0081281
-0.0073762
-0.0065924
-0.0046349
-0.0036258
-0.0022599
0.0024015
0.0006932
0.0041076
0.0026615
0.0066418
0.0066142
0.0083336
0.0085016
0.0099593
0.011626
0.0092056
0.0047051
0.0048964
0.0046609
0.0022572
0.00079481
-0.00073384
-0.0022277
-0.0038285
-0.0027312
-0.0088418
-0.0087574
-0.010585
-0.012126
-0.0097253
-0.010484
-0.0097329
-0.0094256
-0.008203
-0.0050357
-0.0035812
-0.0010311
-0.0017568
0.0047109
-0.0015923
0.012144
-0.0015293
0.0197
-0.0014108
0.025421
-0.0016107
0.029071
-0.0017109
0.030415
-0.0098333
0.028499
-0.016496
0.024961
-0.018842
0.020198
-0.022528
0.018454
-0.019618
0.0097793
-0.018301
-0.0031686
-0.011125
-0.014031
-0.0021196
-0.0257
0.004399
-0.027664
0.0049823
-0.020491
-0.00027723
-0.0080666
-0.0060301
0.0037853
-0.008591
0.012277
-0.0033423
0.0124
0.0069262
0.0089399
0.014782
0.010998
0.013566
0.01133
0.0056664
0.01898
-0.002821
0.017806
-0.0078845
0.0099332
-0.0053807
0.0026875
-0.0045772
-0.011209
-0.002525
-0.016915
-0.0043071
-0.018208
-0.0086868
-0.013157
-0.0079858
-0.0071809
-0.0097742
-0.0051675
-0.0061605
-0.0060599
-0.00030699
-0.0061906
0.0059331
0.0010367
0.0096373
0.0042355
0.009644
0.010483
0.012184
0.014092
0.007847
0.015464
0.0064622
0.0087743
0.0069335
0.007872
0.0058132
8.5943e-006
0.0017797
-0.0039484
-0.0038755
-0.0058132
-0.0068095
-0.0089139
-0.01079
-0.0057397
-0.011433
-0.0066407
-0.0079819
-0.0083078
-0.0077539
-0.0073578
-0.0033804
-0.0049935
0.00071808
-0.00025626
0.0064105
0.0031599
0.0087914
0.0090297
0.010668
0.012569
0.0075609
0.0080801
0.0074627
0.0084159
0.0058163
0.0003497
0.0043214
-0.00089844
0.00016026
-0.00012179
-0.0065417
-0.0053038
-0.0068281
-0.0094119
-0.0076371
-0.01019
-0.011647
-0.0076286
-0.008164
-0.0074556
-0.0082935
-0.0063494
-0.0067842
-0.0027347
-0.0022348
0.00082373
0.0028185
0.0072136
0.0073589
0.0048681
0.0076357
0.0078849
0.0078206
0.0077415
0.0079686
0.0075525
0.0082818
0.0065406
0.005904
0.002552
-0.0012054
0.0013276
-0.0043322
-0.0048213
-0.0065865
-0.0083368
-0.0075145
-0.0079899
-0.007732
-0.0078206
-0.0078866
-0.0076796
-0.0063953
-0.0063392
-0.0043085
-0.0034497
0.0008879
-0.00068301
0.0014069
0.0077501
0.0077371
0.0079577
0.0075689
0.009249
0.0082308
0.011135
0.014157
0.0072494
0.0084437
0.0062972
0.0049793
0.0012647
-0.00024438
5.977e-005
-0.00043734
-0.0039732
-0.0086423
-0.0069925
-0.012898
-0.015945
-0.015671
-0.014262
-0.014582
-0.016348
-0.010698
-0.0073396
-0.0080881
-0.0075306
-0.003141
-0.0028956
0.00055837
-0.00051358
0.0014188
0.0076229
0.0079327
0.0075564
0.0089566
0.015731
0.015452
0.015817
0.015385
0.016046
0.010282
0.0070041
0.0086117
0.0057362
0.0011453
0.00017813
-6.3542e-005
-0.0066138
-0.0080382
-0.0078495
-0.007532
-0.0088725
-0.014102
-0.014878
-0.0128
-0.0073447
-0.008088
-0.0076671
-0.0078771
-0.0077055
-0.0016168
-0.00016918
0.00019554
0.00013212
0.0048739
0.0084244
0.0074631
0.0080793
0.0075665
0.0081222
0.008063
0.010135
0.0085375
0.0074335
0.0081535
0.0074096
0.0084655
0.003512
-0.00050138
0.00022467
-0.0007448
-0.0066205
-0.0080703
-0.0077738
-0.0076961
-0.0082137
-0.010658
-0.0086322
-0.0094208
-0.0072181
-0.0082976
-0.00727
-0.0086644
-0.0040481
0.00044786
-5.3811e-006
-0.00042089
0.0047463
0.0085269
0.007442
0.008042
0.0076699
0.0079113
0.0077473
0.0078773
0.0077442
0.0079081
0.0076979
0.0076282
0.0020775
-0.00021366
-0.00010409
0.00045806
-0.0035083
-0.0084309
-0.00749
-0.0080152
-0.007683
-0.0079081
-0.0077416
-0.0078801
-0.0077378
-0.0079183
-0.0076679
-0.0078833
-0.0051439
0.00035757
-0.00016709
7.5249e-005
-2.2077e-005
0.0001579
0.0064626
0.0081294
0.0076554
0.0079118
0.0077489
0.0078671
0.0077613
0.0078808
0.0077238
0.0079519
0.0075946
0.0082181
0.0064495
0.00026712
-0.00083695
-0.0049708
-0.0068114
-0.0081585
-0.0076239
-0.0079285
-0.0077467
-0.0078531
-0.0077978
-0.0078154
-0.0078249
-0.0077825
-0.0079307
-0.0052527
-0.004991
-0.0019195
-0.00053916
0.00011713
2.6078e-005
-6.4741e-005
0.0045968
0.0082689
0.0076005
0.0079189
0.00779
0.0077654
0.0079452
0.0075987
0.0079427
-9.1177e-005
0.0049466
0.0024188
-0.00057721
0.00011032
0.00031312
-0.0036177
-0.0078416
-0.0064661
-0.0082049
-0.0076414
-0.0078504
-0.0078976
-0.0075862
-0.0083644
-0.0044137
0.0009793
-0.0014136
-0.00038868
-0.00085518
0.0010974
0.0006089
0.0065048
0.0080023
0.0087026
0.010397
0.014866
0.01613
0.014359
0.0077403
0.0084468
0.0079789
0.0075514
0.0071063
0.0085087
0.0021241
-0.00024155
-0.00088708
-0.0080921
-0.0075014
-0.008121
-0.009133
-0.012662
-0.01139
-0.01074
-0.015495
-0.0096651
-0.0074974
-0.0079898
-0.0076548
-0.0080335
-0.0070683
-0.0003117
9.3784e-006
0.000172
0.0057872
0.008338
0.0071176
0.0094923
0.010963
0.010851
0.016855
0.013254
0.0081421
0.0081639
0.0082646
0.0026457
2.0048e-005
-2.9064e-005
0.0002078
-0.0011199
-0.0079203
-0.0076586
-0.0079583
-0.0076697
-0.0087458
-0.0072265
-0.010489
-0.015422
-0.008394
-0.0077093
-0.0079002
-0.0076795
-0.0080948
-0.006584
-7.7555e-006
-0.00011531
0.00010412
0.00024185
0.0045381
0.0078556
0.0083382
0.014656
0.015858
0.015432
0.015885
0.015228
0.01634
0.012954
0.0079895
0.0056408
-0.00049277
5.6802e-005
-0.0036094
-0.0081116
-0.0036566
0.0006387
-0.00021191
-6.1802e-005
0.00040976
-0.0041109
-0.0084617
-0.0074746
-0.0080195
-0.0076728
-0.0079173
-0.0077217
-0.0079205
-0.0076687
-0.0080726
-0.0069645
-0.0005107
0.00037669
-0.0006829
0.0035815
0.0084923
0.007473
0.0080247
0.0089833
0.0078856
0.0078052
0.0077797
0.0079018
0.0076798
0.0065835
0.0025608
-0.00034719
3.4085e-005
0.00024953
-0.0017275
-0.0080365
-0.0076217
-0.0079608
-0.0076863
-0.0079516
-0.0076447
-0.0080608
-0.0074274
-0.0085396
-0.0043656
-0.0059012
-0.0079736
-0.002576
0.00033549
-0.00064154
0.0035545
0.0085037
0.0074744
0.0080065
0.007715
0.0078453
0.0078443
0.0077201
0.0079977
0.0074915
0.0084626
0.0041887
-0.0005631
0.00022964
-5.5696e-005
-0.00010408
0.00037487
-0.0024375
-0.0080503
-0.0076438
-0.0079063
-0.0077843
-0.0077913
-0.0078971
-0.0076557
-0.0080598
-0.0017467
0.00035006
-0.00011532
-1.8198e-005
0.00015191
-0.00036853
0.0034651
0.0083784
0.0074825
0.0080811
0.0075151
0.0086842
0.009731
0.007799
0.0078001
0.0078961
0.0075334
0.0062309
0.0037297
-0.00049772
0.00048169
-0.002061
-0.0068847
-0.0080175
-0.0076218
-0.011492
-0.011198
-0.011492
-0.012303
-0.013236
-0.0088169
-0.0078256
-0.0075753
-0.0083955
-0.0049073
-0.00020929
-0.00091755
0.00047661
0.00022578
0.0013045
0.0070784
0.0079788
0.010547
0.0085311
0.010322
0.015644
0.016454
0.015837
0.0084347
0.0078203
0.0077439
0.0079608
0.0059146
0.00094286
-0.00018589
8.6734e-005
-0.0028089
-0.0095882
-0.013374
-0.013322
-0.010574
-0.0091154
-0.01247
-0.014084
-0.0086342
-0.0040373
-0.0063569
-0.010687
-0.012951
-0.0091507
-0.0046713
-9.9159e-005
0.0007577
0.0019791
0.0064672
0.0079801
0.008136
0.0083686
0.0073147
0.010366
0.012895
0.012148
0.012458
0.012607
0.013791
0.011158
0.0023018
-0.0019029
0.00051898
0.0041124
-0.0010165
-0.0095311
-0.01199
-0.0088774
-0.0093248
-0.010611
-0.014001
-0.012716
-0.0092565
-0.006071
-0.0056926
-0.0077182
-0.0082942
-0.0052644
-0.00095984
0.00066787
0.00042895
-0.00054788
0.003668
0.0094004
0.0098245
0.0069747
0.0079284
0.011175
0.012969
0.011353
0.0083062
0.0071551
0.007589
0.0064029
0.0027667
-0.0021288
-0.0041769
-0.0041136
-0.0050848
-0.0054944
-0.0075126
-0.0080996
-0.0074467
-0.007967
-0.010561
-0.0085429
-0.0069553
-0.0046876
-0.0020838
-0.0069014
0.0019127
0.0013794
0.0032508
0.013046
-0.015062
0.035998
-0.024036
0.047764
-0.026452
0.040085
-0.022934
0.034356
-0.010232
0.023986
-0.0085318
0.010871
-0.0056276
0.0030627
-0.0036787
-0.0028454
-0.0086342
-0.0056969
-0.014082
-0.0084809
-0.008879
-0.011292
-0.0042098
-0.02142
6.4672e-005
-0.018179
0.0033469
-0.01099
0.0020764
-0.0020175
0.00034377
0.0023593
0.00057829
0.010048
0.0030932
0.014674
0.0059446
0.015219
0.010958
0.011627
0.010821
0.0089267
0.0051177
0.0044604
0.0026017
0.0027278
-0.002159
0.00036609
-0.005246
-0.006679
-0.011221
-0.0091032
-0.007657
-0.011178
-0.004849
-0.011815
-0.0027366
-0.009273
-0.0044353
-0.0050944
-0.0043985
-0.0026481
0.00014939
-0.0011959
0.0022894
0.0036396
0.0045283
0.0018023
0.0049083
0.0086571
0.017484
0.015269
0.016672
0.0097505
0.0059487
0.0035401
0.0045445
0.0044123
0.0029281
0.0024541
-0.0023143
0.00020347
-0.0074642
-0.0085143
-0.011355
-0.014102
-0.012545
-0.011692
-0.007877
-0.007581
-0.0058791
-0.0064004
-0.0076542
-0.0080695
-0.0039155
-0.0022773
-0.0023929
0.001621
0.0044781
0.0033116
0.0079177
0.0061255
0.0089442
0.010266
0.014389
0.014245
0.013648
0.014681
0.014183
0.011147
0.010375
0.0031863
-0.00040967
-0.0030967
-0.0045602
-0.0078956
-0.012349
-0.012038
-0.015728
-0.011598
-0.011824
-0.014697
-0.012697
-0.0071706
-0.005664
-0.00489
-0.0043561
-0.0015427
-0.003173
-0.0023297
0.001119
0.0018651
0.0064358
0.0075922
0.010106
0.0081463
0.0092181
0.010439
0.011349
0.010594
0.010273
0.0089429
0.0071853
0.0048604
0.0047284
0.0017644
0.0006257
-0.0008359
-0.0025377
-0.0039961
-0.0046027
-0.008772
-0.011581
-0.016436
-0.015583
-0.016215
-0.015726
-0.012072
-0.0082342
-0.0035528
-0.0042832
0.00059265
-0.0015783
0.0055076
0.00121
0.0029041
0.0083559
0.00554
0.014926
0.0047098
0.018692
0.0027369
0.023239
-0.0045192
0.022655
-0.0097222
0.025143
-0.01642
0.021648
-0.020987
0.019051
-0.022607
0.016411
-0.024436
0.0097978
-0.019448
0.0012318
-0.01155
-0.0076506
-0.0025209
-0.017086
0.0097982
-0.017737
0.011119
-0.015598
0.010567
-0.0054538
0.004943
0.0049727
-0.00019353
0.014153
0.002544
0.015092
0.0081553
0.0088162
0.010839
0.0052391
0.0061744
0.0049929
-0.0025048
0.0044512
-0.0071649
0.0061159
-0.014238
0.0038791
-0.015593
-0.001434
-0.014994
-0.0088496
-0.01045
-0.013506
-0.0042052
-0.013667
-0.0046839
-0.010199
-0.0026129
-0.004099
-0.0019447
0.0024426
0.0040876
0.0071923
0.010089
0.0063351
0.011305
0.0064411
0.015276
0.0061542
0.010055
0.0059203
0.0099271
0.0064021
0.0036307
0.0039505
-0.0015272
0.0010609
-0.0016187
-0.0050911
-0.0076532
-0.0090816
-0.0068769
-0.01122
-0.013021
-0.012195
-0.010067
-0.0073161
-0.006286
-0.0033892
-0.0068246
-0.0022885
-0.00424
0.0017664
-0.0010647
0.0030461
0.0066948
0.0053956
0.0088761
0.0072153
0.014649
0.0096288
0.014071
0.011029
0.00786
0.0094874
0.010191
0.0068612
0.0088382
0.0023778
-0.0022024
-0.005401
-0.0027049
-0.008951
-0.007833
-0.010961
-0.0091771
-0.013603
-0.012092
-0.011567
-0.014175
-0.0068571
-0.0083576
-0.0075231
-0.0074812
8.4269e-006
-0.0018915
0.0030646
0.0035263
0.0011631
0.0026071
0.0081329
0.0075964
0.0085846
0.015485
0.013115
0.014067
0.013301
0.013884
0.0075046
0.0080767
0.0073087
0.00093605
0.00022189
0.00036525
-0.0071452
-0.0047585
-0.0055044
-0.015816
-0.0096518
-0.010425
-0.016034
-0.015484
-0.014683
-0.013316
-0.0083394
-0.0073873
-0.0084792
-0.0043297
0.0008754
-0.00071769
0.0012092
0.0020136
0.0062656
0.0083363
0.0074715
0.0081387
0.010434
0.014301
0.015841
0.015618
0.0148
0.0072552
0.0088138
0.0037787
0.00064842
0.0014975
-0.00059992
0.00038696
-0.00030096
0.00018103
-0.0067314
-0.0080027
-0.0078965
-0.011701
-0.0075828
-0.0085928
-0.014312
-0.0056497
-0.0066369
-0.012799
-0.0063854
-0.0059518
-0.0051144
-0.0027945
0.001197
-0.0010773
0.0037111
0.008612
0.0069638
0.01089
0.016173
0.015117
0.0085286
0.00944
0.0094965
0.0022458
0.004115
0.0085438
-0.0048769
-0.001302
0.0013738
-0.0076308
-0.0078335
-0.0041076
-0.010112
-0.017713
-0.011166
-0.011316
-0.012851
-0.004973
-0.0089835
-0.0057562
0.00032994
-0.0028705
-0.0073952
0.004328
0.00035103
-0.0069791
0.0086992
0.0061366
-0.00066325
0.013077
0.014045
0.0054752
0.014294
0.015527
0.0075759
0.006842
0.0089761
0.0021344
0.0025937
0.0045681
-0.0034467
-0.0046156
0.000529
-0.0051947
-0.011768
-0.0042966
-0.010254
-0.016456
-0.0059102
-0.0059765
-0.013322
-0.0034393
-0.00064564
-0.007592
-0.00087395
0.0011577
-0.001387
-0.0014933
0.0019286
0.004397
0.0030913
0.0089283
0.0068816
0.0096532
0.013855
0.007394
0.0081899
0.0078656
0.0088783
0.0030973
0.0047914
0.0073991
-0.0042162
-0.0029107
-0.0018987
-0.009126
-0.0074299
-0.0079337
-0.011363
-0.011669
-0.0096603
-0.014622
-0.014502
-0.0078833
-0.0076356
-0.0083521
-0.0037289
0.00094433
-0.0027843
-0.0015571
0.0031311
0.0015276
0.0015871
0.0088883
0.0068593
0.0097537
0.01475
0.016774
0.010615
0.0124
0.013243
0.0082155
0.0078226
0.0080934
0.00346
0.0063374
0.0050222
-0.0014691
-0.0034554
-0.0040285
-0.011903
-0.011692
-0.0082816
-0.013317
-0.015768
-0.0084756
-0.0073486
-0.010603
-0.0088852
-0.0056323
-0.0075418
-0.0014222
0.0004515
-0.00059391
0.0036048
0.0084444
0.0032401
0.0083196
0.010675
0.0088588
0.014569
0.013485
0.0075536
0.0079026
0.0080289
0.0061447
0.0002802
0.0071668
0.0067583
-0.00016461
0.0003532
-0.0015396
-0.0084823
-0.0069492
-0.0096948
-0.010958
-0.010786
-0.014054
-0.012367
-0.0077297
-0.0080864
-0.0098492
-0.0072096
-0.0085778
-0.0028578
0.00058004
-0.0002817
0.00013715
0.00019898
0.0071629
0.0079416
0.0077308
0.0081441
0.014887
0.015821
0.012357
0.0069566
0.013633
0.010187
0.0068816
0.008587
0.0022235
0.007261
0.002718
-0.001266
-0.006478
-0.0083119
-0.0074093
-0.0082591
-0.0071734
-0.0096048
-0.0092167
-0.0077014
-0.0061964
-0.0073347
-0.0077913
-0.008247
-0.0054735
-0.0021114
-0.0014356
-0.00062161
-3.8635e-005
0.0075903
0.0015011
0.0012291
0.008415
0.0073942
0.0082131
0.010718
0.0080651
0.0038767
0.0067171
0.0086247
0.0021245
-0.00039808
0.00015931
-5.5768e-005
-2.5191e-005
0.00012241
-0.0058501
-0.0085795
-0.0070186
-0.0096682
-0.013299
-0.007877
-0.0081952
-0.0074932
-0.0081885
-0.0064458
-0.0076842
-0.0021416
0.0017131
3.5625e-005
0.00025607
-0.00051498
0.0055294
0.0083079
0.0076159
0.0078662
0.0078682
0.0078608
0.01553
0.011605
0.0070156
0.0082953
0.0048341
0.00053217
3.5582e-005
-0.00026317
0.00064532
-0.0042355
-0.0084664
-0.0075279
-0.0079362
-0.0078358
-0.0075301
-0.010282
-0.01706
-0.010903
-0.0075907
-0.0020389
0.00070078
-0.00052793
0.00054202
-0.00075234
0.0021895
0.00081528
0.0050707
0.0086175
0.0073363
0.0081706
0.0075032
0.013482
0.015725
0.0098408
0.0069246
0.014654
0.012903
0.0072124
0.0077368
0.0005156
-0.0041047
-0.0045054
-0.0010112
-0.0076039
-0.0078031
-0.0077906
-0.007875
-0.0081743
-0.012153
-0.01576
-0.015845
-0.010526
-0.01021
-0.0082174
-0.0074685
-0.0080622
-0.00088743
-0.00029461
0.0015177
0.004106
0.0073421
0.007558
0.0095927
0.013575
0.0077234
0.0075721
0.0092292
0.012635
0.014985
0.01064
0.0070698
0.0043425
0.0077592
0.0010898
-2.6641e-005
-0.0059399
-0.0082854
-0.007624
-0.0082596
-0.0090999
-0.015556
-0.015729
-0.015366
-0.016225
-0.012705
-0.0071884
-0.0081348
-0.0076234
-0.00792
-0.0078441
-0.0030499
0.0024899
0.004867
0.0038659
0.0077016
0.0075345
0.014639
0.015736
0.015685
0.015458
0.015658
0.010539
0.0073189
0.0079921
0.0078106
0.0076395
0.0083221
0.0037742
-0.00095653
0.00082197
-0.0049607
-0.0090632
-0.015082
-0.01081
-0.0076215
-0.0080192
-0.0076539
-0.0079613
-0.0076629
-0.0080027
-0.0075391
-0.0083312
-0.0054646
0.00043986
-0.00025356
0.00015555
9.7073e-005
0.0016391
0.0076484
0.0077872
0.0078759
0.0078515
0.010293
0.0093344
0.0076344
0.0077513
0.0073637
0.0037534
0.0037819
0.00649
0.00046414
0.00031904
-0.0021755
-0.0084786
-0.007213
-0.0086134
-0.0089114
-0.012855
-0.010786
-0.0070973
-0.0081993
-0.0075967
-0.0079198
-0.0077957
-0.0030154
-0.00042829
-0.00037673
0.0012699
0.0077762
0.0078161
0.0077533
0.0079675
0.0074621
0.013097
0.016581
0.013455
0.0078751
0.007879
0.0077408
0.0078034
0.002419
-0.0001132
7.3137e-006
7.1036e-005
-0.00016344
0.00027913
-0.0048673
-0.0079844
-0.012449
-0.01639
-0.0117
-0.0075529
-0.008051
-0.0075615
-0.008206
-0.0054623
0.00032206
-0.00029408
0.00033609
-0.000527
0.0024946
0.0055469
0.007481
0.0080302
0.0076276
0.008002
0.0076009
0.0081717
0.0090528
0.0093203
0.0094085
0.0062821
0.009289
-0.0042821
0.012724
-0.0096589
0.0027247
-0.0029153
-0.023094
0.014931
-0.043035
0.025791
-0.053803
0.029079
-0.050247
0.02275
-0.040319
0.019222
-0.024906
0.015063
-0.018883
0.01153
-0.011973
0.015544
-0.0085716
0.022862
-0.0081826
0.0191
0.005986
0.014785
0.017501
0.006749
0.023108
1.6818e-005
0.021355
-0.0011287
0.013884
-0.0018409
0.0042092
0.0028413
-0.0070436
0.002722
-0.016993
-0.0025543
-0.020397
-0.0075221
-0.015094
-0.0059572
-0.010512
-0.0065791
-0.012495
-0.0031871
-0.010866
0.0011288
-0.0075184
0.0025148
-0.0055382
0.0046777
0.00056229
0.006716
0.0070378
0.0070272
0.013113
0.0063701
0.01373
0.0061127
0.013259
0.0056527
0.0069226
0.0021137
0.0051741
0.0011009
0.00097716
-0.0024035
-0.0040834
-0.0084167
-0.0078596
-0.012557
-0.0074362
-0.014525
-0.0080757
-0.015436
-0.0081599
-0.0095533
-0.0066733
-0.0042596
-0.0073585
-0.00079943
-0.0019053
0.0049573
0.0030673
0.0075527
0.0048783
0.007705
0.0089567
0.010874
0.012039
0.011998
0.014081
0.010246
0.0096925
0.0097233
0.0078438
0.0078307
0.0046832
0.0027868
0.00099591
-0.0024585
-0.0035266
-0.0074505
-0.0062599
-0.011469
-0.0074751
-0.011122
-0.0083111
-0.010643
-0.0080142
-0.010027
-0.007651
-0.007038
-0.0038232
-0.0055646
-0.0028538
0.0017794
0.0012203
0.003909
0.0036492
0.0050597
0.0074496
0.011133
0.0078565
0.011198
0.008216
0.0091316
0.0067208
0.0049435
0.0031155
0.0034172
0.00060166
-0.0018603
-0.002361
-0.0056081
-0.0059622
-0.012362
-0.0082884
-0.01087
-0.010451
-0.0066654
-0.0075867
-0.0063344
-0.0071921
-0.0040788
-0.00040086
0.00017194
-0.00058118
0.0024261
0.0017167
0.0074145
0.0075944
0.010858
0.0074302
0.0080408
0.012413
0.0089942
0.017777
0.00072878
0.015445
-0.0076135
0.019334
-0.012708
0.016313
-0.022962
0.017372
-0.02248
0.018864
-0.028937
0.0082646
-0.034505
0.0097964
-0.033378
0.0027665
-0.027414
0.010359
-0.015545
0.0041815
-0.0042319
-0.0018969
0.011266
-0.010675
0.014881
-0.010582
0.026043
0.0028946
0.020799
0.0094407
0.012628
0.016662
0.010118
0.012521
0.0036314
0.0036123
0.0039004
-0.00019668
0.0036245
-0.0016838
-0.0011633
0.0013592
-0.0087606
-0.0014001
-0.018643
-0.0084691
-0.024902
