-0.031691
-0.030129
-0.023756
-0.022957
-0.026369
-0.032343
-0.030108
-0.034027
-0.036227
-0.030167
-0.032163
-0.02895
-0.023205
-0.023504
-0.023462
-0.018288
-0.011903
-0.0072798
-0.0081762
-0.0073443
-0.0085747
-0.0044402
0.0006218
-0.0013943
-0.011715
-0.015375
-0.018854
-0.018821
-0.012981
-0.0061864
0.00097566
-0.0010892
0.0066872
0.0050231
0.0060706
0.0084297
0.0075711
0.0028325
-0.0050188
-0.0085375
-0.0035653
0.0064115
0.0080015
0.007581
0.0010257
-0.0003202
6.4657e-005
-0.0070278
-0.0078641
-0.0079365
-0.0073359
-0.0016762
0.0036325
0.0081333
0.0078194
-8.7003e-005
-0.0075223
-0.0096284
-0.016126
-0.015419
-0.01506
-0.00738
-0.011983
-0.018216
-0.023571
-0.023351
-0.023481
-0.023347
-0.023519
-0.023254
-0.023725
-0.02235
-0.016101
-0.021976
-0.026557
-0.035673
-0.044019
-0.047293
-0.046712
-0.046854
-0.046991
-0.046549
-0.047527
-0.042232
-0.03891
-0.040762
-0.036464
-0.031221
-0.031063
-0.031537
-0.030593
-0.033537
-0.033666
-0.023449
-0.023875
-0.022707
-0.026578
-0.032696
-0.038752
-0.038981
-0.039371
-0.037287
-0.029313
-0.021143
-0.015437
-0.015397
-0.019591
-0.030004
-0.031446
-0.037934
-0.033772
-0.030782
-0.031577
-0.030872
-0.031755
-0.02539
-0.022786
-0.017104
-0.021385
-0.018432
-0.015493
-0.01596
-0.015098
-0.016509
-0.012011
-0.0077657
-0.0059173
0.00024081
0.0053899
0.0086293
0.0070831
0.0016617
-0.0033463
-0.0088787
-0.0044336
0.00065197
-0.00033211
0.0034351
0.0074144
0.011958
0.017459
0.022492
0.027853
0.032366
0.024926
0.023545
0.022291
0.016188
0.01474
0.018393
0.02121
0.018181
0.024427
0.024053
0.031077
0.031457
0.038321
0.034731
0.030464
0.031652
0.030966
0.031426
0.031096
0.031208
0.024123
0.016473
0.015272
0.016011
0.01494
0.017903
0.023344
0.026907
0.024196
0.023278
0.018234
0.010994
0.0030622
-0.00076185
0.00060757
-0.0008539
0.0046676
0.0085159
0.01454
0.022825
0.023605
0.022616
0.01557
0.015893
0.015223
0.016357
0.010977
0.0073061
0.0075495
0.0058333
0.00057462
0.0015221
0.0010886
-0.0003625
0.00029524
-0.00035209
0.00057276
-0.002151
-0.0074456
0.00021899
-0.0074016
-0.007135
-0.0039765
-0.0038637
-0.0012118
-0.0088683
-0.006767
-0.010281
-0.015545
-0.016132
-0.011185
-0.0070142
-0.0083024
-0.007333
-0.0089117
-0.015389
-0.015681
-0.015567
-0.015656
-0.011946
-0.015326
-0.015594
-0.015818
-0.014655
-0.0079886
-0.0076993
-0.0080168
-0.0072881
-0.012256
-0.024048
-0.031094
-0.031147
-0.031555
-0.027307
-0.018273
-0.015156
-0.015956
-0.015157
-0.016844
-0.022849
-0.029219
-0.031893
-0.037789
-0.039524
-0.03868
-0.039538
-0.035025
-0.026188
-0.022346
-0.014903
-0.012581
-0.015368
-0.016479
-0.02338
-0.023267
-0.023618
-0.023135
-0.023861
-0.02259
-0.028611
-0.033619
-0.038412
-0.039237
-0.039114
-0.033671
-0.025066
-0.022742
-0.017341
-0.011997
-0.0075811
-0.014582
-0.021354
-0.024115
-0.022805
-0.024236
-0.02063
-0.023242
-0.014542
-0.0074265
-0.0074261
-0.011032
-0.016052
-0.020372
-0.015844
-0.01749
-0.023574
-0.025079
-0.031888
-0.03071
-0.024672
-0.022942
-0.023861
-0.022375
-0.01582
-0.015257
-0.011191
-0.0081174
-0.0074764
-0.0085818
-0.011419
-0.0073714
-0.008025
-0.0076657
-0.0079021
-0.0077361
-0.0078726
-0.0077386
-0.0078925
-0.0076994
-0.0079729
-0.0075512
-0.007061
-0.0034299
0.00096936
0.0030772
0.0010091
-0.0048976
-0.0068856
0.0020965
0.0065073
0.014575
0.012574
0.0082028
0.0085815
0.0067282
-1.9828e-005
0.00052652
-0.0016281
-0.0052464
-0.00088333
-0.0070519
-0.0033866
-0.004935
0.00096684
-0.00069982
-0.00097461
3.6519e-005
-4.1089e-005
0.00010478
-0.00018823
0.00036063
-0.0011351
-0.0074005
-0.0082584
-0.0069544
-0.012785
-0.01437
-0.0069308
-0.0082716
-0.00044614
-0.00032623
0.0057322
0.0084643
0.0023094
-0.0033867
-0.0086468
-0.0069651
-0.0073052
-0.0019885
-0.0066999
-0.007682
-0.010068
-0.010798
-0.015325
-0.01301
-0.0054102
0.0029422
0.0090039
0.0015567
-0.00011926
-0.00021557
-0.0011787
5.8333e-006
0.00021334
-0.00046369
0.00094393
-0.0051531
-0.0062721
0.0003406
0.005517
0.015371
0.01555
0.015574
0.015858
0.014858
0.01334
0.015922
0.017894
0.016074
0.015312
0.015917
0.011983
0.015038
0.015828
0.015459
0.015761
0.015446
0.015833
0.015302
0.016107
0.014659
0.021205
0.031624
0.031187
0.025849
0.017569
0.021012
0.016619
0.014366
0.019812
0.020388
0.015862
0.023289
0.025134
0.031968
0.03778
0.039426
0.03902
0.037653
0.02485
0.02334
0.023221
0.020885
0.023592
0.022252
0.015767
0.018549
0.024964
0.03096
0.03108
0.031788
0.028992
0.02386
0.02437
0.023342
0.019754
0.01028
0.0075082
0.0079639
0.0076139
0.0080581
0.0073548
0.013618
0.016089
0.01537
0.015759
0.01552
0.01568
0.015578
0.015641
0.015596
0.015625
0.015599
0.015636
0.015572
0.015678
0.015515
0.015786
0.015271
0.017291
0.025601
0.031954
0.026795
0.022479
0.024372
0.020084
0.014348
0.0077099
0.011905
0.017048
0.021037
0.029172
0.029251
0.023485
0.022068
0.018044
0.021981
0.014904
0.015965
0.015734
0.021635
0.016042
0.01159
0.0030124
-0.00082997
0.0008822
-0.0065077
-0.0038086
0.0010564
-0.00082385
0.0059731
0.0082833
0.0074163
0.0083232
0.0069487
0.012656
0.015854
0.016089
0.011059
0.007365
0.0026675
-0.0032704
-0.010329
-0.008464
-0.013653
-0.012235
-0.0039875
0.0029366
0.010359
0.015918
0.015134
0.017606
0.023996
0.021858
0.013025
0.0086091
0.015319
0.0088275
0.00024265
0.0058624
0.0074276
-0.00016423
0.00016785
-4.3403e-005
-0.0023439
-0.00048147
0.00068082
0.0049214
0.001856
0.007778
0.00033253
-0.0061785
-0.012887
-0.015478
-0.019987
-0.024088
-0.023365
-0.021861
-0.014773
-0.016367
-0.014688
-0.018133
-0.023078
-0.025666
-0.029886
-0.022492
-0.024259
-0.020978
-0.015655
-0.015653
-0.015578
-0.015662
-0.015561
-0.015684
-0.015506
-0.015845
-0.012374
-0.0091087
-0.0075014
-0.0081578
-0.0089476
-0.0077549
-0.0077203
-0.0080063
-0.0074336
-0.0085439
-0.0031064
0.00042699
0.0001202
-0.0056543
-0.0083258
-0.007643
-0.0077533
-0.0080972
-0.0071711
-0.014134
-0.013975
-0.0076206
-0.013287
-0.0064585
-0.00035399
9.4489e-005
6.5531e-006
-8.9274e-005
0.00018813
-0.00034672
0.00069148
-0.0046036
-0.0084345
-0.0056177
-0.0028083
0.00010256
0.0014341
0.0067035
0.0099717
0.015869
0.015785
0.011752
0.002736
-0.0057322
-0.013878
-0.016128
-0.01514
-0.016397
-0.011024
-0.0066634
0.00076248
0.0076047
0.015182
0.0098145
0.0078241
0.0048793
-0.00043742
0.0070502
0.0078482
0.0077956
0.0073098
0.0011979
0.00024487
-0.0058456
-0.0082279
-0.014944
-0.012947
-0.0066078
-0.013918
-0.016081
-0.015289
-0.023262
-0.020264
-0.015041
-0.01569
-0.016002
-0.012556
-0.0069049
-0.0089784
-0.015468
-0.015855
-0.025848
-0.029079
-0.030654
-0.030868
-0.03574
-0.039512
-0.039294
-0.034709
-0.030457
-0.031552
-0.031307
-0.037762
-0.042102
-0.048533
-0.054031
-0.055162
-0.053891
-0.058003
-0.063045
-0.062254
-0.062486
-0.062755
-0.05979
-0.051913
-0.046861
-0.04618
-0.038593
-0.043383
-0.048417
-0.054219
-0.054822
-0.054559
-0.05472
-0.054617
-0.054741
-0.053999
-0.046494
-0.047774
-0.041873
-0.039099
-0.03701
-0.030984
-0.023876
-0.029483
-0.030139
-0.026773
-0.031427
-0.034099
-0.039805
-0.038985
-0.035202
-0.028657
-0.020907
-0.0081137
-7.9259e-005
0.00015401
-0.0027079
-0.0069735
-0.0082731
-0.0060092
0.0013707
0.007452
0.0079579
0.0077251
0.0077235
0.0008787
0.0048181
0.013033
0.016398
0.024085
0.018512
0.015696
0.012501
0.012269
0.020628
0.028292
0.042984
0.046925
0.047195
0.044982
0.038377
0.036696
0.039161
0.038891
0.039322
0.038487
0.041143
0.047171
0.048517
0.043576
0.038339
0.039443
0.038733
0.039316
0.038891
0.046255
0.046589
0.047624
0.043313
0.039014
0.036135
0.030373
0.031695
0.030801
0.024591
0.02299
0.023727
0.023122
0.023607
0.016108
0.016151
0.012319
0.0072968
0.0077258
0.0095133
0.016269
0.015307
0.022829
0.023296
0.023815
0.017635
0.015135
0.015841
0.015516
0.015636
0.01565
0.015636
0.022759
0.021948
0.0146
0.016721
0.0088756
0.012141
0.016086
0.019132
0.028809
0.031567
0.030928
0.031756
0.02528
0.023191
0.023278
0.024004
0.021058
0.017084
0.024054
0.016056
0.015765
0.015385
0.014028
0.0085901
0.012089
0.016379
0.015399
0.022598
0.023781
0.017826
0.014797
0.016446
0.013846
0.011293
0.016212
0.015356
0.015696
0.015782
0.014009
0.0066892
0.012593
0.016172
0.015294
0.015949
0.014657
0.0078666
0.0079932
0.0072524
0.0067464
0.0080299
0.007708
0.0078271
0.0078243
0.0077227
0.0079644
0.0075363
0.017657
0.031943
0.026302
0.023838
0.024463
0.022445
0.01826
0.020832
0.015536
0.011188
0.014556
0.016234
0.022004
0.024352
0.020107
0.014839
0.016288
0.0096666
0.0073996
0.0080334
0.0075235
0.010178
0.021826
0.031325
0.031359
0.025821
0.017161
0.0082061
0.0083311
0.0045973
-0.00064258
0.00025707
-5.8101e-005
-0.00011136
0.00015038
-0.0075164
-0.0047734
0.00074007
-0.00046495
-0.0067042
-0.0080504
-0.0078313
-0.0074137
-0.011964
-0.018033
-0.024047
-0.025376
-0.02929
-0.031438
-0.031519
-0.030344
-0.036456
-0.034918
-0.032776
-0.042572
-0.045997
-0.050135
-0.055742
-0.057133
-0.053095
-0.048251
-0.04905
-0.049648
-0.053093
-0.054787
-0.055205
-0.058656
-0.062656
-0.062082
-0.063242
-0.059005
-0.054457
-0.052115
-0.040057
-0.032297
-0.037737
-0.039536
-0.038622
-0.039524
-0.042176
-0.041295
-0.04696
-0.052188
-0.055729
-0.048452
-0.046897
-0.048448
-0.044654
-0.0384
-0.032781
-0.024993
-0.023413
-0.030517
-0.042769
-0.044526
-0.037403
-0.044174
-0.046919
-0.04018
-0.037788
-0.031729
-0.030176
-0.023731
-0.023132
-0.024039
-0.018888
-0.014945
-0.015773
-0.0086323
-0.0075363
-0.0081468
-0.0021858
0.00090772
-0.0043002
-0.011305
-0.016605
-0.011162
-0.0034001
0.0027292
0.0074075
0.010879
0.016607
0.021898
0.024254
0.022195
0.023019
0.023059
0.026385
0.032386
0.028933
0.023101
0.023706
0.023006
0.024611
0.030606
0.035497
0.040164
0.037852
0.042855
0.043892
0.04543
0.040944
0.034767
0.038778
0.038734
0.044778
0.047374
0.04651
0.052146
0.058648
0.062093
0.066844
0.070936
0.062974
0.062545
0.062057
0.057232
0.063341
0.059994
0.054829
0.053939
0.056972
0.055543
0.072262
0.08241
0.063763
0.08065
0.080576
0.081582
0.076591
0.069586
0.069565
0.056848
0.055022
0.048486
0.048217
0.055497
0.053937
0.06044
0.065064
0.069896
0.071165
0.07514
0.071445
0.065905
0.061334
0.067364
0.070539
0.070529
0.064409
0.062785
0.070497
0.070003
0.070479
0.070085
0.070461
0.070027
0.07072
0.068336
0.061909
0.0629
0.061929
0.063788
0.064492
0.061672
0.063318
0.060077
0.055257
0.062548
0.062279
0.062731
0.061021
0.049854
0.045083
0.035496
0.030786
0.031308
0.031368
0.030715
0.03563
0.039964
0.037209
0.02894
0.023234
0.023395
0.023641
0.022977
0.024385
0.017798
0.0075707
0.002369
-0.0077694
-0.0073707
-0.0085146
-0.0033364
0.00097264
-0.0020606
-0.0099622
-0.01249
-0.020419
-0.02417
-0.022776
-0.024299
-0.016907
-0.01838
-0.024329
-0.022935
-0.023819
-0.026047
-0.022323
-0.016347
-0.027469
-0.031108
-0.014474
-0.05871
-0.079229
-0.016769
-0.018563
-0.07822
-0.033735
-0.002501
-0.034224
-0.0036986
-0.077505
-0.09267
-0.019921
-0.047971
-0.14139
-0.073751
-0.041496
-0.083124
-0.061318
-0.036467
-0.040369
-0.062748
-0.045917
-0.049009
-0.074987
-0.077962
-0.080738
-0.088662
-0.093584
-0.094508
-0.10389
-0.10177
-0.10245
-0.11505
-0.11234
-0.10026
-0.10294
-0.093249
-0.085955
-0.094253
-0.087538
-0.08425
-0.10167
-0.10428
-0.10744
-0.11688
-0.099283
-0.0861
-0.08601
-0.083861
-0.089778
-0.097092
-0.092018
-0.102
-0.10979
-0.10941
-0.10679
-0.09621
-0.086351
-0.086102
-0.085246
-0.089392
-0.087436
-0.068162
-0.08171
-0.088046
-0.06388
-0.056035
-0.068228
-0.065285
-0.031082
-0.021259
-0.027376
-0.027328
-0.010458
-0.032334
-0.042932
-0.038525
-0.05459
-0.045503
-0.055249
-0.056207
-0.025084
-0.020903
-0.018935
0.0061787
-0.0044297
-0.0058398
-0.0028846
-0.014096
-0.0013448
8.8988e-005
-0.0071768
-0.0063653
0.0043937
0.011564
0.015774
0.018149
0.025138
0.018063
0.016021
0.011735
-0.00089908
0.00094881
-0.0046075
-0.0087928
-0.0047039
0.0022767
0.0089625
0.015199
0.01931
0.027712
0.025807
0.02269
0.024046
0.016521
0.0015775
0.0084493
0.022344
0.0265
0.053058
0.063505
0.061796
0.063229
0.060285
0.053912
0.04492
0.031803
0.026441
0.030936
0.041434
0.053615
0.057362
0.067594
0.070651
0.070097
0.072683
0.087285
0.080804
0.092908
0.1092
0.072765
0.052771
0.14597
0.031633
-0.060016
0.13785
0.23095
-0.053131
0.065654
0.24844
0.070487
0.046977
0.13721
0.056015
-0.04202
0.086774
0.08172
-0.071764
0.061556
0.10544
0.0057105
0.07146
0.12564
0.07812
0.042599
0.091309
0.065552
0.0035624
0.038699
0.037267
0.0090051
0.050431
0.042646
0.032439
0.049375
0.045848
0.034236
0.025883
0.02446
0.0089053
0.0085763
0.0061322
0.023434
0.02752
0.021206
0.023964
0.023787
0.01956
0.017408
0.039179
0.019855
0.022159
0.028802
0.0062763
0.0098088
0.021937
0.027754
0.038343
0.023983
0.025294
0.021632
0.0059035
0.012023
-0.0029035
0.0087712
0.014955
0.0069685
0.01495
0.016791
0.020198
-0.0016455
-0.013135
-0.0019237
0.0045567
-0.026492
-0.018956
0.012677
-0.0078075
-0.0017562
-0.0099853
-0.019843
0.0085863
-0.011206
-0.0049471
0.011571
-0.0014747
0.0014453
-0.0016177
0.0022457
-0.01852
-0.021318
-0.0052059
-0.03002
-0.024976
-0.020347
-0.03228
-0.017513
-0.022197
-0.018065
-0.011218
-0.016857
-0.0033315
-0.003079
-0.012238
-0.013123
-0.028346
-0.034017
-0.023215
-0.023821
-0.03459
-0.035247
-0.018647
-0.019979
-0.024247
-0.022842
-0.033163
-0.044355
-0.054334
-0.052205
-0.041519
-0.039037
-0.045153
-0.039136
-0.036366
-0.039362
-0.038646
-0.040742
-0.052934
-0.055099
-0.054143
-0.058832
-0.063975
-0.056668
-0.046469
-0.047105
-0.046679
-0.046972
-0.04676
-0.04692
-0.046839
-0.055005
-0.066323
-0.06359
-0.06241
-0.056616
-0.04158
-0.032028
-0.030716
-0.033125
-0.039708
-0.038247
-0.043583
-0.047684
-0.045172
-0.047058
-0.045806
-0.039327
-0.038621
-0.032781
-0.026492
-0.022776
-0.023824
-0.022949
-0.025099
-0.035709
-0.040754
-0.046014
-0.047882
-0.041772
-0.044132
-0.040782
-0.037834
-0.031031
-0.032861
-0.034074
-0.031729
-0.03882
-0.039733
-0.035483
-0.031355
-0.026684
-0.023264
-0.020518
-0.014782
-0.0077557
0.0052912
0.008404
0.001798
-0.0072947
-0.0155
-0.023795
-0.017787
-0.014628
-0.01811
-0.021144
-0.0084477
-0.0016966
0.0028429
0.0043323
0.00015494
-0.00051795
0.0049904
0.0038861
-0.0010387
0.00050325
0.0017796
0.012765
0.009227
0.012027
0.016224
0.015668
0.014887
0.020867
0.02634
0.022901
0.023389
0.023927
0.012947
0.0097826
0.017886
0.015338
0.018112
0.027775
0.028524
0.022413
0.032313
0.041166
0.040457
0.038292
0.041245
0.036507
0.036812
0.046569
0.046798
0.045774
0.047637
0.061856
0.056159
0.060265
0.054412
0.045671
0.047874
0.05009
0.046256
0.039022
0.039133
0.038956
0.039294
0.040714
0.035606
0.030566
0.031718
0.029706
0.031259
0.030959
0.03175
0.025264
0.023056
0.016373
0.020956
0.025509
0.041556
0.047536
0.046693
0.038497
0.026654
0.018246
0.008723
0.0048135
-0.002236
-0.0093056
-0.014169
-0.0085457
0.0024757
0.015891
0.025457
0.02899
0.021597
0.02732
0.024327
0.0237
0.01747
0.015621
0.0097368
0.011088
0.020367
0.042716
0.05476
0.056006
0.050811
0.041531
0.038928
0.033812
0.024397
0.011444
0.0028543
-0.007862
-0.0047942
0.0013978
0.0087586
0.019345
0.023948
0.022571
0.02232
0.017178
0.0094825
0.0029541
0.0062838
0.0004639
-0.00052131
0.007178
0.026795
0.031654
0.037692
0.02938
0.023446
0.019423
0.01294
0.0064731
-0.0044257
-0.013277
-0.025086
-0.023434
-0.023764
-0.014615
-0.0070223
-0.0089579
-0.015554
-0.015283
-0.021431
-0.023862
-0.023157
-0.016531
-0.015559
-0.015336
-0.016206
-0.0051109
0.0050308
0.0078547
0.0038314
-0.0031783
-0.0069843
-0.0095511
-0.020376
-0.031116
-0.030919
-0.038927
-0.032344
-0.02316
-0.015856
-0.0074922
-0.0010128
-1.6191e-005
0.0020705
0.00092067
-0.00039984
0.00023125
-0.00014525
0.00010606
-0.0001032
0.0050354
0.014327
0.034386
0.039581
0.038791
0.039337
0.038168
0.031039
0.024769
0.012843
-0.0040259
-0.0078315
-0.0097544
-0.0092674
-0.0043593
0.0056674
0.014652
0.024478
0.031144
0.030451
0.022834
0.015224
0.020022
0.024317
0.022776
0.024163
0.022347
0.031409
0.039805
0.038754
0.029946
0.019951
0.016529
0.010821
0.0073416
-0.00022554
-0.013148
-0.023538
-0.031497
-0.030695
-0.025065
-0.020901
-0.016298
-0.023423
-0.023415
-0.023193
-0.016821
-0.015074
-0.023291
-0.022497
-0.035791
-0.034754
-0.03328
-0.03229
-0.018469
-0.016457
-0.01752
-0.016008
-0.014207
-0.0093125
-0.014614
-0.019402
-0.030132
-0.037934
-0.041523
-0.039145
-0.031835
-0.02087
-0.011331
-0.0070637
-0.015183
-0.015489
-0.015819
-0.015327
-0.016034
-0.014825
-0.019055
-0.023637
-0.01671
-0.0055533
0.0011369
0.0022608
-0.0036032
-0.015156
-0.012255
-0.0074728
-0.0074629
-0.011055
-0.023143
-0.024863
-0.021961
-0.012388
-0.005369
0.00016531
2.0871e-005
-0.00022729
0.0055481
0.0087384
0.0051098
0.0016185
0.00015202
0.0067753
0.0082263
0.0073582
0.013506
0.021479
0.024469
0.019913
0.015266
0.015518
0.016213
0.011003
0.0073811
0.0027002
-0.0033546
-0.0097672
-0.012025
-0.0075256
-0.0054759
0.0030183
0.007514
0.0083727
0.0048006
-0.0016572
-0.0072526
-0.0082004
-0.0069438
-0.006921
-0.0083077
-0.0060483
0.0060983
0.0080431
0.00074314
-5.2659e-005
-0.00027441
-0.0064469
-0.012145
-0.018987
-0.025765
-0.031631
-0.025892
-0.018463
-0.0076531
0.0024778
0.013063
0.015728
0.0089116
0.0037967
-0.0038614
-0.013152
-0.020741
-0.023556
-0.023895
-0.019056
-0.011578
0.00034276
0.015996
0.014961
0.0093297
0.001795
-0.00054752
0.00070773
-0.0044398
-0.013783
-0.021634
-0.02382
-0.023282
-0.023492
-0.023496
-0.0231
-0.017101
-0.010999
-0.0070273
-0.0084954
-0.0018627
0.00042224
-0.00022266
0.00018889
-0.00015698
0.00015636
-0.0019171
0.0034451
0.0084054
0.0074929
0.0080614
0.0074041
0.0013718
-0.0019936
-0.014128
-0.027047
-0.030426
-0.018025
-0.0081289
0.0022419
0.0078001
0.0083024
0.0056428
-1.713e-005
-0.0010489
-0.0071101
-0.012378
-0.016073
-0.020809
-0.029618
-0.032008
-0.028093
-0.020353
-0.0046766
-6.157e-005
0.0020399
0.00065799
0.0045021
0.0046231
-0.0039627
-0.019253
-0.031536
-0.037562
-0.039945
-0.032931
-0.031025
-0.031196
-0.031473
-0.030721
-0.037285
-0.038969
-0.041975
-0.04733
-0.035581
-0.030676
-0.03167
-0.030521
-0.035807
-0.039224
-0.028995
-0.023234
-0.023451
-0.023421
-0.023473
-0.030853
-0.041804
-0.050547
-0.055196
-0.054282
-0.055152
-0.052779
-0.04593
-0.041565
-0.043479
-0.037855
-0.042583
-0.047304
-0.046713
-0.046762
-0.047689
-0.054609
-0.054589
-0.054583
-0.047314
-0.034683
-0.02507
-0.022831
-0.029175
-0.031898
-0.03055
-0.033219
-0.042967
-0.052637
-0.059734
-0.054722
-0.053046
-0.044937
-0.035748
-0.030071
-0.021144
-0.01046
-0.0070767
-0.010818
-0.017285
-0.022966
-0.030816
-0.027374
-0.020665
-0.014546
0.0015289
0.0089678
0.0069096
0.010052
0.015919
0.01548
0.015314
0.0046464
-0.0076817
-0.0074327
-0.008444
-0.0017371
1.429e-005
0.0055708
0.0085736
0.014279
0.016125
0.015395
0.022762
0.023368
0.023664
0.022947
0.024613
0.023511
0.027862
0.031673
0.034852
0.045917
0.046562
0.052435
0.060674
0.063172
0.056393
0.047276
0.039895
0.038896
0.038922
0.039901
0.046732
0.046981
0.053779
0.061854
0.062364
0.062865
0.059916
0.060072
0.065089
0.07032
0.070414
0.067112
0.068675
0.075399
0.078179
0.078538
0.076461
0.075132
0.073258
0.06407
0.058295
0.049938
0.043445
0.038121
0.047257
0.056116
0.04346
0.091139
0.085335
-0.0057237
0.021185
0.11524
0.014341
-0.021859
0.098986
0.04521
0.047516
0.062879
0.063038
0.054453
0.045331
0.057119
0.035253
0.03379
0.038873
0.019294
0.021381
0.033234
0.025628
0.025952
0.03276
0.027271
0.025532
0.035415
0.038848
0.034607
0.042955
0.048702
0.053656
0.06612
0.068506
0.053574
0.046815
0.046239
0.054385
0.06599
0.062202
0.062771
0.063709
0.054543
0.049246
0.044774
0.028648
0.025524
0.030962
0.028552
0.032113
0.037361
0.043747
0.044134
0.028245
0.050085
0.058698
-0.0025514
0.0058531
0.088466
0.018367
-0.01926
0.049333
0.037614
0.03489
0.039232
0.038173
0.024574
0.021445
0.040306
0.022694
0.015093
0.023463
-0.0050469
-0.0073571
0.01748
0.00031365
-0.00028184
0.0015548
-0.015784
0.0010796
-0.013515
-0.019895
-0.00093642
-0.0087345
-0.0041659
0.0074358
0.0076281
0.0082432
0.007124
0.018347
0.020254
0.00868
0.0075873
-0.0044612
-0.0084254
-0.0084735
-0.025271
-0.032013
-0.030949
-0.031346
-0.031134
-0.024245
-0.023486
-0.022994
-0.029255
-0.024453
-0.024824
-0.032502
-0.032085
-0.025543
-0.029832
-0.031075
-0.022741
-0.026064
-0.023789
-0.024305
-0.029736
-0.021953
-0.027468
-0.030272
-0.02533
-0.03176
-0.036013
-0.041975
-0.033527
-0.027291
-0.038693
-0.038526
-0.029602
-0.034218
-0.030367
-0.043156
-0.048664
-0.023353
-0.028215
-0.040923
-0.017785
-0.0084912
-0.012049
-0.01168
-0.014849
-0.013007
-0.04189
-0.04167
-0.031391
-0.039332
-0.0317
-0.031503
-0.030175
-0.023854
-0.029946
-0.033252
-0.039712
-0.03819
-0.042402
-0.047467
-0.04653
-0.047077
-0.046722
-0.041943
-0.033702
-0.031333
-0.029332
-0.023547
-0.03192
-0.025063
-0.023365
-0.022338
-0.024205
-0.038089
-0.037302
-0.030535
-0.03198
-0.029036
-0.023181
-0.023353
-0.024917
-0.032512
-0.027468
-0.023592
-0.026164
-0.022325
-0.022668
-0.023482
-0.023433
-0.023425
-0.023437
-0.023417
-0.023461
-0.023186
-0.016872
-0.011394
-0.001195
-0.0002902
0.0042788
0.0088886
0.0017247
-0.00036552
-4.7622e-005
-0.013628
-0.029296
-0.027013
-0.016406
-0.035776
-0.032507
0.018145
0.035343
-0.0081896
-0.013641
0.1076
0.0067464
-0.15548
-0.0067457
0.16097
-0.16818
-0.080638
0.13138
-0.058223
0.043123
0.068299
-0.0071372
-0.043298
0.062313
0.042193
-0.099237
0.035951
0.024416
-0.057515
0.021871
0.038352
-0.0060489
-0.016893
0.014968
0.00022616
-0.022319
0.0030189
-0.0025663
-0.016245
0.0053458
1.2239e-005
0.0060922
0.019594
0.0096673
0.0072812
0.0083499
0.0024679
0.0081618
-0.00095541
-0.0069701
0.012637
0.0058916
-0.0077412
0.011674
0.0058323
-0.0012709
-0.00096554
0.00058102
-0.0061074
-0.0026472
0.0009278
-0.00083675
-0.0061377
-0.009069
0.005575
0.017043
0.007533
0.01416
0.0094526
0.00090908
0.023871
0.0058698
0.010437
0.037624
0.018743
0.015171
0.019652
0.032222
0.020499
-0.0015997
0.017223
0.031995
0.01806
0.023096
0.050531
0.03792
0.052967
0.031759
0.018219
0.055939
0.0071742
0.021319
0.043128
0.0082295
0.018271
0.024045
0.0055951
-0.0062441
0.030374
0.058645
0.025267
0.0096445
0.096277
0.074433
-0.094262
-0.044719
0.17166
-0.046497
-0.14319
0.14677
-0.0047221
0.022844
0.092334
0.030392
-0.020298
0.01625
0.099573
-0.031631
-0.05738
0.085496
-0.0026882
0.0074374
0.059112
0.045593
0.0099837
0.0095154
0.011436
-0.0077708
-0.015205
-0.0022678
-0.017596
-0.0045509
0.0073705
-0.0014034
0.01699
0.017335
-0.0077809
-0.006028
-0.015361
-0.021569
-0.021205
-0.047594
-0.035747
-0.022851
-0.045042
-0.033116
-0.024479
-0.038159
-0.031207
-0.030553
-0.023382
-0.023974
-0.034291
-0.028079
-0.023448
-0.027034
-0.031894
-0.017761
-0.028063
-0.033155
-0.026428
-0.040516
-0.031514
-0.036794
-0.032579
-0.014146
-0.029428
-0.024942
-0.029237
-0.028769
-0.016288
-0.038082
-0.035007
-0.013272
-0.034858
-0.039752
-0.0014378
-0.020794
-0.0084738
-0.0066373
-0.02977
0.013467
-0.027882
-0.046966
-0.016746
-0.0675
-0.045003
-0.027227
-0.040161
-0.01279
-0.026603
-0.016058
-0.001182
-0.016524
5.4432e-005
-0.012285
-0.023946
-0.0065338
-0.0070357
-0.0072997
-0.011175
-0.010853
-0.0064331
-0.01053
-0.0001976
0.0049027
-0.0012421
0.0033864
0.011819
-0.0016697
-0.0074556
0.007152
0.0018458
0.00099287
0.014492
0.015315
0.016549
0.015312
0.010574
0.01699
0.013905
0.015901
0.010745
0.011404
0.024061
0.022686
0.034885
0.030363
0.027801
0.027596
0.022851
0.027818
0.022666
0.030822
0.030619
0.022841
0.026899
0.030986
0.022837
0.020958
0.01451
0.0077352
0.010536
0.016572
0.0033288
0.0047356
0.0041702
-0.0012424
0.00077148
-0.00022116
0.011373
0.015793
0.016034
0.012554
0.0068847
0.0091007
0.010273
0.00061451
-0.00075353
-0.00088374
-0.0048347
0.00087497
-0.00041553
0.013106
0.011575
0.0069672
0.0098249
0.0067923
0.014093
0.015516
0.018623
0.024765
0.031088
0.029819
0.021284
0.018211
0.023875
0.024535
0.023337
0.023432
0.023407
0.023861
0.035363
0.04529
0.047339
0.046233
0.049403
0.047292
0.0472
0.043815
0.0382
0.039575
0.038595
0.039587
0.039931
0.039409
0.037089
0.030761
0.0315
0.031015
0.027915
0.023458
0.024867
0.037677
0.038769
0.032867
0.026291
0.023178
0.02315
0.029184
0.024017
0.015202
0.015939
0.015281
0.0088841
0.0075064
0.0077913
0.00079849
-0.0071714
-0.0077792
-0.0080552
-0.0073227
-0.013734
-0.016086
-0.022332
-0.016515
-0.017135
-0.023659
-0.013884
-0.010228
-0.015827
-0.015536
-0.015546
-0.016356
-0.023534
-0.023239
-0.030725
-0.030794
-0.037294
-0.03898
-0.044978
-0.045633
-0.038071
-0.03994
-0.034612
-0.024956
-0.023143
-0.023538
-0.02335
-0.02345
-0.023381
-0.023461
-0.023227
-0.025777
-0.036925
-0.037385
-0.030661
-0.031566
-0.031142
-0.038462
-0.040869
-0.034353
-0.029341
-0.018751
-0.014928
-0.016075
-0.015085
-0.021425
-0.023991
-0.022933
-0.024549
-0.029609
-0.031553
-0.027384
-0.019416
-0.015438
-0.015499
-0.01594
-0.014975
-0.021813
-0.023125
-0.027947
-0.031679
-0.031527
-0.028126
-0.022841
-0.022907
-0.015498
-0.015754
-0.015568
-0.015553
-0.015792
-0.015126
-0.019881
-0.024564
-0.017148
-0.017806
-0.016089
-0.015223
-0.021171
-0.025009
-0.030453
-0.03429
-0.040194
-0.03276
-0.031364
-0.027096
-0.014045
-0.0060383
0.0046149
0.0088196
0.0055978
-0.00087057
-0.0081029
-0.006823
-0.013011
-0.013579
-0.015229
-0.013748
-0.0077364
-0.0021144
0.00036766
0.0073743
0.0044908
0.00344
0.0092522
0.0066537
0.0097137
0.012309
0.013806
0.0218
0.023842
0.023041
0.023974
0.022443
0.028565
0.029738
0.022935
0.018376
0.013293
0.0091722
0.01397
0.020078
0.029966
0.037132
0.038927
0.039076
0.039049
0.039029
0.038935
0.032156
0.031046
0.031274
0.031288
0.031076
0.031527
0.027875
0.023328
0.023436
0.030882
0.035292
0.030402
0.031994
0.0252
0.023119
0.023507
0.023445
0.023309
0.023732
0.022204
0.018395
0.025156
0.019231
0.016132
0.0090217
0.011095
0.012092
0.006527
0.0086088
0.0070205
0.0016075
-0.0011868
0.0049961
0.0074101
-0.00016615
0.00021477
-0.00018672
0.0001706
-0.00018651
0.0002443
-0.00034463
0.00053979
-0.00096904
0.0037748
0.0025153
-0.00052993
-0.00059683
-0.0076809
-0.011358
-0.011332
-0.011308
-0.0080687
-0.0035131
0.00094504
-0.00070683
0.0008763
-0.0046435
-0.0084776
-0.007341
-0.0082852
-0.0070845
-0.010072
-0.0157
-0.015866
-0.01498
-0.017452
-0.018194
-0.019374
-0.024595
-0.022687
-0.024051
-0.022776
-0.024382
-0.018483
-0.016095
-0.022798
-0.015319
-0.016176
-0.012355
-0.0071023
-0.0091377
-0.014983
-0.016864
-0.02286
-0.024139
-0.017065
-0.017247
-0.023901
-0.023454
-0.02177
-0.014869
-0.016215
-0.01494
-0.021605
-0.023724
-0.023485
-0.021907
-0.014431
-0.018188
-0.023211
-0.024117
-0.020845
-0.019655
-0.024431
-0.022803
-0.023936
-0.022871
-0.029179
-0.030318
-0.031359
-0.031025
-0.031733
-0.027016
-0.021132
-0.013684
-0.0071444
-0.008576
-0.0046091
0.0010314
-0.004467
-0.0076863
-0.0042715
0.00045582
-4.1571e-005
-0.00075595
-0.0076597
-0.00087157
0.00022174
-0.00022708
-0.0051178
-0.0091274
-0.0038676
-0.0021942
-0.0076563
-0.00757
-0.0080069
-0.0076432
-0.0079756
-0.0076176
-0.0080716
-0.0074195
-0.0084738
-0.0015495
-0.001864
-0.00096228
0.00038758
-0.00030401
-0.0068779
-0.0072941
0.00020194
-0.000343
0.00048652
-0.0058088
-0.0083355
-0.0074576
-0.0082391
-0.0060415
0.0010255
-0.0047447
-0.0083535
-0.0075526
-0.0079694
-0.0077034
-0.0078955
-0.0077298
-0.0079088
-0.007683
-0.0080063
-0.0075091
-0.0083776
-0.0056777
0.00025291
5.8517e-005
-0.0004236
0.0043313
0.0087578
0.0070906
0.0087321
0.0044269
-0.0010455
-0.0093752
-0.016251
-0.015182
-0.016106
-0.013815
-0.0068097
-0.01255
-0.016171
-0.015374
-0.015756
-0.015555
-0.015621
-0.015664
-0.015502
-0.015825
-0.015263
-0.016332
-0.010984
-0.0072757
-0.0078833
-0.0085835
-0.015589
-0.015413
-0.0088125
-0.0073715
-0.0011371
0.000424
-0.00032474
0.00036581
-0.00051372
0.0010464
0.0019115
0.00032569
-0.0031564
-0.0084521
-0.0070949
-0.0040991
0.00027882
0.00078261
0.0075247
0.0098532
0.0088767
0.0071147
0.0086634
0.0031704
-0.00076882
0.0026413
0.012097
0.022105
0.027089
0.029242
0.019282
0.015292
0.016082
0.012702
0.0064969
0.011373
0.016135
0.015312
0.016041
0.022094
0.024324
0.020114
0.014722
0.009389
0.0061766
0.0023568
0.0017007
0.0072501
0.0083866
0.014004
0.017434
0.022071
0.02886
0.028374
0.022978
0.020918
0.014284
0.016847
0.010701
0.0074012
0.0079326
0.0078015
0.0076896
0.0080543
0.0072721
0.0093764
0.011014
0.0064805
-0.00015794
0.0043166
0.0086658
0.0071812
0.0096337
0.016703
0.011976
0.0077689
0.0037361
-0.0012068
0.0016639
0.0064191
0.00041706
-0.0012598
-0.00026783
0.0001722
-0.00015641
3.0015e-005
-0.007061
-0.0077228
-0.013255
-0.017133
-0.022981
-0.023641
-0.023256
-0.023449
-0.016395
-0.015589
-0.015371
-0.016662
-0.022943
-0.026198
-0.032686
-0.028994
-0.027455
-0.03105
-0.037267
-0.038817
-0.041465
-0.042777
-0.038421
-0.035335
-0.022175
-0.016417
-0.014738
-0.018172
-0.019603
-0.014056
-0.018424
-0.022944
-0.025437
-0.024385
-0.016681
-0.012551
-0.0062881
-0.00027135
-0.00024253
0.0018267
0.0084092
0.0073647
0.008315
0.0066001
0.00063066
0.0061962
0.012596
0.016165
0.015358
0.015757
0.015549
0.015618
0.015679
0.015425
0.016469
0.019534
0.023322
0.023472
0.023395
0.023453
0.023408
0.023455
0.023397
0.023476
0.023361
0.023535
0.023248
0.023836
0.020677
0.012923
0.0077515
0.0077884
0.007861
0.0076982
0.0080308
0.0068722
9.7821e-005
2.4691e-005
-3.27e-005
-4.7722e-006
2.0241e-005
-6.9727e-005
0.00010142
-0.00017785
0.00024005
-5.2681e-005
0.0074789
0.0044073
0.00080773
0.0034452
0.0085956
0.01547
0.015873
0.0099497
0.0072119
0.0081547
0.00754
0.0080883
0.0071884
0.0049665
0.0071686
0.0079656
0.014664
0.015851
0.015491
0.015712
0.015527
0.015717
0.015488
0.015806
0.015294
0.016682
0.023107
0.023844
0.020545
0.014309
0.017601
0.020743
0.01592
0.01243
0.014408
0.015698
0.021154
0.024201
0.029962
0.031664
0.030888
0.024475
0.023223
0.018395
0.010587
0.007274
0.0082302
0.007259
0.0088263
0.010035
0.013222
0.013305
0.0062708
0.0093522
0.002263
0.001816
0.008077
0.016293
0.024418
0.017663
0.013993
0.0088992
0.0040565
0.0052448
0.0084409
0.0076484
0.0077447
0.015789
0.022992
0.027763
0.032048
0.030924
0.027966
0.018766
0.016432
0.012655
0.011215
0.010428
0.007311
0.0074475
0.012257
0.0089167
0.010401
0.016758
0.021964
0.023991
0.02621
0.019044
0.014681
0.016477
0.012404
0.0068675
0.0088017
0.0052077
0.0054962
0.0083911
0.0080416
0.014644
0.015343
0.016142
0.014226
0.0087425
0.0030484
-0.00032259
-0.00036057
0.0044199
0.0084947
0.0075741
0.0077184
0.0088219
0.010097
0.0067603
0.0090008
0.0027164
0.00013802
-0.0043229
-0.0085961
-0.0074279
-0.0079884
-0.0078217
-0.0072119
-0.0067502
-0.0082994
-0.0019274
0.00014598
0.00024135
-0.0038888
-0.011649
-0.016106
-0.015186
-0.016313
-0.012369
-0.007092
-0.0081954
-0.0035918
-0.0082435
-0.0070074
-0.011215
-0.01608
-0.015583
-0.015233
-0.019926
-0.024375
-0.022725
-0.024303
-0.020067
-0.014968
-0.016048
-0.010153
-0.005365
0.00018924
3.0734e-006
-0.0002684
-0.0064048
-0.01218
-0.020152
-0.026941
-0.031931
-0.030676
-0.032028
-0.02662
-0.02279
-0.023773
-0.02317
-0.023717
-0.022501
-0.015627
-0.015833
-0.015178
-0.021427
-0.023837
-0.023842
-0.03184
-0.028009
-0.022553
-0.024738
-0.030788
-0.031629
-0.025612
-0.022043
-0.015928
-0.015526
-0.015792
-0.022447
-0.023689
-0.023301
-0.023504
-0.023381
-0.023457
-0.023407
-0.023494
-0.022906
-0.012922
-0.0013396
0.00014068
6.6827e-005
0.0037429
0.00021496
-0.0003493
0.001773
0.0087533
0.0032472
-0.00087568
0.00091065
-0.0025288
-0.0050105
0.00089176
-0.00075763
0.009177
0.015997
0.015587
0.015433
0.015955
0.0073966
0.00066634
-0.0063989
-0.0036663
0.00055207
0.0036593
0.009474
0.0049589
0.00051307
-0.0044188
-0.0087307
-0.0064957
-0.00052353
-0.0066483
-0.0082802
-0.0073554
-0.013525
-0.016359
-0.014933
-0.016642
-0.011926
-0.0078951
-0.0035386
0.00097894
0.0063843
0.0083889
0.0074177
0.0081468
0.0074569
0.0083464
0.0098826
0.0099781
0.008645
0.0074829
0.0034081
0.0065283
0.012474
0.016424
0.01475
0.018963
0.02407
0.023033
0.023831
0.022381
0.015805
0.015596
0.015604
0.015782
0.022399
0.023773
0.023096
0.023936
0.020458
0.014343
0.018159
0.023211
0.025235
0.031831
0.031253
0.041372
0.046679
0.044932
0.044559
0.03891
0.031621
0.035763
0.035934
0.02798
0.023798
0.022898
0.025317
0.032007
0.029178
0.022304
0.015634
0.016495
0.023336
0.02336
0.023501
0.023341
0.023542
0.02327
0.02368
0.022873
0.017354
0.012775
0.010687
0.016393
0.0082178
0.0078318
0.00055033
-0.0067919
-0.011523
0.0005929
0.0041796
-0.019291
-0.020905
0.0053868
0.0012246
6.0507e-005
0.00474
-0.0004729
-0.012443
-0.042477
-0.039598
-0.022579
-0.038417
-0.056946
-0.02466
-0.0078398
-0.017725
-0.0071186
0.00066256
-0.0030415
-0.022345
-0.027988
-0.023129
-0.029965
-0.037683
-0.036278
-0.030414
-0.031529
-0.031273
-0.030882
-0.032131
-0.027431
-0.028889
-0.026362
-0.022345
-0.024164
-0.022633
-0.026551
-0.032447
-0.027674
-0.023202
-0.025268
-0.019979
-0.014844
-0.016454
-0.010971
-0.0071658
-0.008142
-0.0075185
-0.0081562
-0.0060986
0.0011297
-0.004842
-0.0083493
-0.014595
-0.015609
-0.018124
-0.026317
-0.031102
-0.03147
-0.030895
-0.031809
-0.025214
-0.023335
-0.017897
-0.014947
-0.015945
-0.020411
-0.028883
-0.029886
-0.022179
-0.028308
-0.031647
-0.03112
-0.030985
-0.025246
-0.030902
-0.031303
-0.031602
-0.041997
-0.047868
-0.044702
-0.038544
-0.039584
-0.038021
-0.035752
-0.038881
-0.041926
-0.047915
-0.045979
-0.047927
-0.044131
-0.039721
-0.034125
-0.031372
-0.024931
-0.026337
-0.031561
-0.033115
-0.03851
-0.031536
-0.025354
-0.024776
-0.020406
-0.014932
-0.01575
-0.01596
-0.013549
-0.011803
-0.0162
-0.01523
-0.015914
-0.015343
-0.016028
-0.013877
-0.0063608
-0.0005093
0.00041156
-0.00065791
0.0044774
0.0088087
0.009421
0.015573
0.015396
0.016112
0.01273
0.0014275
-0.00033453
0.0008877
0.0078251
0.0074879
0.013506
0.019339
0.01058
0.0074707
0.0077777
0.008607
0.015613
0.015503
0.015592
0.0085812
0.0089293
0.018506
0.022318
0.023171
0.02259
0.015811
0.0154
0.016106
0.0096133
0.0077826
0.0060378
-0.00054741
0.00026149
-0.00013882
0.00015574
0.0069174
0.0078097
0.0086839
0.01536
0.01426
0.014657
0.011494
0.0064837
0.011502
0.0085907
0.01192
0.016469
0.015229
0.015744
0.015711
0.015137
0.018686
0.024389
0.024301
0.023491
0.023346
0.023518
0.02332
0.02357
0.023211
0.023806
0.017688
0.015018
0.016014
0.015207
0.01619
0.013144
0.015018
0.015602
0.016473
0.023261
0.023544
0.023122
0.024076
0.0203
0.021819
0.024013
0.025848
0.030247
0.033007
0.040542
0.046087
0.040711
0.034309
0.029968
0.023386
0.025135
0.032204
0.036666
0.032106
0.030366
0.033624
0.038876
0.040725
0.040552
0.038437
0.039452
0.038689
0.039411
0.03857
0.039783
0.032688
0.032832
0.039606
0.038811
0.039049
0.039344
0.037215
0.030465
0.024893
0.022646
0.023716
0.01859
0.020319
0.019905
0.014161
0.016892
0.010636
0.0087405
0.007878
0.007856
0.0076128
0.0081701
0.0070785
0.010223
0.015297
0.02185
0.0195
0.014628
0.016146
0.015313
0.015783
0.015573
0.01538
0.0091533
0.0033795
-0.0012568
0.0035477
0.0082432
0.0076481
0.0079763
0.01471
0.015725
0.015764
0.015098
0.018725
0.024265
0.022852
0.024038
0.017555
0.014502
0.0095702
0.007143
0.010479
0.020913
0.023507
0.02378
0.022569
0.026263
0.026777
0.023227
0.020593
0.014779
0.015954
0.015648
0.014663
0.0082562
0.0036752
-0.0015512
-0.0019112
0.0001319
3.6292e-005
-0.00028463
0.0039104
0.010699
0.015323
0.021397
0.022838
0.0099881
0.0083238
0.0031682
-0.00031896
-0.0014659
-0.0074876
-0.0063349
-0.00062319
0.00064603
-0.0043012
-0.012352
-0.020542
-0.022098
-0.019761
-0.011298
-0.0047818
-0.0076535
-0.0062132
0.0014811
0.0073494
0.0080628
0.00757
0.0081797
0.0021578
-0.00075142
0.00077223
-0.0027073
-0.0032281
0.00042262
-0.00023061
0.00013186
7.1142e-005
0.0068458
0.0081419
0.0074261
0.0089359
0.010256
0.0041777
-0.00058034
0.000462
-0.0006459
0.0021715
0.0079805
0.013059
0.01692
0.011994
0.007622
0.0096122
0.0053809
-0.00012403
-1.7411e-005
0.00013432
-0.00026981
0.00055315
-0.0021545
-0.0079473
-0.0086218
-0.015483
-0.015778
-0.015251
-0.016419
-0.010774
-0.0077716
-0.0049294
0.00097866
-0.0011944
-0.0077396
-0.0072918
-0.012274
-0.016335
-0.015243
-0.015865
-0.015445
-0.015783
-0.015462
-0.015823
-0.015327
-0.016102
-0.0096894
-0.007619
-0.0041851
0.0041111
0.0079758
0.0079654
0.0041333
-0.0083136
-0.017568
-0.02807
-0.032053
-0.025051
-0.01044
-0.0010734
0.0031929
0.0085731
0.0073225
0.0082419
0.0072799
0.01369
0.016087
0.015393
0.015835
0.014749
0.014679
0.016653
0.010633
0.0078699
0.0048511
0.0036745
0.002167
0.0068562
0.009223
0.014448
0.0079082
0.0079672
0.0066359
0.0045986
0.0048871
0.00020299
-0.00061022
0.004569
0.0084089
0.007681
0.0071039
-2.4941e-005
0.0001186
-8.9338e-005
9.7439e-005
-0.005116
-0.011602
-0.016109
-0.022388
-0.023642
-0.023586
-0.02094
-0.010365
-0.0073045
-0.0012158
0.00061968
-0.0057237
-0.0069173
-0.0078331
-0.0079005
-0.014712
-0.015761
-0.015643
-0.015465
-0.015783
-0.0081633
-0.0097671
-0.015806
-0.016435
-0.023202
-0.023865
-0.019082
-0.014694
-0.016261
-0.014941
-0.016528
-0.012631
-0.011039
-0.016317
-0.024426
-0.036018
-0.038455
-0.045078
-0.039893
-0.044638
-0.046629
-0.038801
-0.039295
-0.033896
-0.028164
-0.026458
-0.032131
-0.037695
-0.039521
-0.038768
-0.03905
-0.032128
-0.030747
-0.029866
-0.032073
-0.024995
-0.023524
-0.022654
-0.027042
-0.031038
-0.034643
-0.036859
-0.029803
-0.032355
-0.029455
-0.029614
-0.031547
-0.03113
-0.031096
-0.032761
-0.040264
-0.034066
-0.031061
-0.029716
-0.022379
-0.029805
-0.038214
-0.047705
-0.055943
-0.049598
-0.039685
-0.033653
-0.02945
-0.024648
-0.025365
-0.02552
-0.035524
-0.038921
-0.03962
-0.034551
-0.030115
-0.024913
-0.020049
-0.025016
-0.030444
-0.037175
-0.03943
-0.03888
-0.03908
-0.039089
-0.038866
-0.039476
-0.035781
-0.030753
-0.031544
-0.030911
-0.032168
-0.039014
-0.038801
-0.039574
-0.034711
-0.03007
-0.035839
-0.040071
-0.03578
-0.029793
-0.023716
-0.023407
-0.023301
-0.023684
-0.022822
-0.027907
-0.032013
-0.030683
-0.036912
-0.039988
-0.032825
-0.031403
-0.028399
-0.021759
-0.015927
-0.008527
-0.0006463
-7.908e-005
0.00038777
-0.00081355
0.0048897
0.0078828
0.0091576
0.011056
0.0071731
0.0079739
0.0081372
0.0048354
-0.00093879
0.00068928
-0.00091874
-0.00065202
-0.00084762
-0.0076795
-0.0079005
-0.007609
-0.0083371
-0.0034443
0.00092924
-0.00085471
0.0022322
0.0080576
0.0077164
0.0078013
0.0078974
0.0076155
0.0081429
0.0072822
0.017912
0.02305
0.022941
0.023748
0.023164
0.023664
0.023138
0.028365
0.02393
0.023351
0.02312
0.02197
0.026269
0.035039
0.039541
0.045788
0.047086
0.046912
0.046011
0.039115
0.039067
0.039066
0.040258
0.039209
0.038728
0.039662
0.034508
0.030665
0.038438
0.039049
0.039081
0.038976
0.039107
0.039103
0.045985
0.046969
0.046912
0.046621
0.047419
0.043698
0.038228
0.039635
0.033334
0.034186
0.033425
0.039409
0.03876
0.039299
0.038698
0.039593
0.039672
0.043304
0.047779
0.046159
0.047687
0.042403
0.045111
0.047741
0.045833
0.050384
0.055031
0.054787
0.050782
0.044001
0.039119
0.038858
0.039314
0.038514
0.041086
0.047185
0.046897
0.053568
0.055362
0.052483
0.046477
0.03998
0.039012
0.038617
0.041134
0.047019
0.04723
0.042467
0.038261
0.039428
0.038793
0.039271
0.037671
0.028452
0.02397
0.02006
0.020222
0.027157
0.037161
0.039594
0.038648
0.039528
0.033123
0.023817
0.023654
0.017902
0.014673
0.016735
0.010553
0.0079329
0.0047551
-0.00068306
-0.0048367
-0.010723
-0.014309
-0.0040947
0.00029714
0.0010165
0.00044803
-0.0054024
-0.012926
-0.015467
-0.017417
-0.024042
-0.022965
-0.023885
-0.022881
-0.024311
-0.020759
-0.018399
-0.024609
-0.029535
-0.03231
-0.024769
-0.016706
-0.0096463
-0.0074125
-0.004022
-0.0079397
-0.0073366
-0.0087898
-0.0038263
-0.0026757
-0.010834
-0.013525
-0.015335
-0.014578
-0.016328
-0.012011
-0.014509
-0.02179
-0.018527
-0.012045
-0.0048781
0.0050526
0.0096689
0.0062871
-0.0048528
-0.008328
-0.0075131
-0.0080325
-0.0075628
-0.0081164
-0.0071966
-0.0017421
0.006696
0.0018436
-0.0067457
-0.012452
-0.016043
-0.015907
-0.012503
-0.0099777
-0.012219
-0.015839
-0.015085
-0.0091331
-0.0019406
0.0002794
-9.9479e-005
4.7655e-005
1.1675e-005
-4.8333e-005
0.00018205
0.0026421
-0.00030302
0.00029842
-0.00037664
0.00064979
-0.0022147
-0.0079053
-0.008202
-0.0034575
0.00086328
-0.00057862
0.00064803
-0.0042055
-0.010425
-0.015715
-0.015651
-0.015526
-0.015835
-0.015118
-0.0095254
-0.0028414
0.00014412
0.001599
0.0086471
0.0066199
0.0077619
0.016797
0.022873
0.02418
0.020093
0.01509
0.015761
0.015735
0.015108
0.01872
0.02437
0.020544
0.013265
0.013257
0.013048
0.0065716
0.0098892
0.017612
0.024163
0.029642
0.03743
0.039295
0.038979
0.039077
0.03409
0.025734
0.027234
0.033554
0.030664
0.032098
0.026509
0.022892
0.023607
0.023406
0.023209
0.029103
0.037036
0.037822
0.039825
0.034531
0.030361
0.032007
0.025148
0.023219
0.023216
0.025111
0.032339
0.034807
0.030523
0.03718
0.039388
0.038972
0.03895
0.039334
0.038433
0.041305
0.046849
0.047447
0.043457
0.038871
0.035032
0.025005
0.01751
0.01524
0.015612
0.016057
0.021658
0.028569
0.030996
0.035869
0.035876
0.028028
0.023642
0.015624
0.007484
0.0089337
0.015271
0.015914
0.015095
0.017504
0.017028
0.014081
0.015349
0.016105
0.013555
0.0075609
0.0027336
-0.004899
-0.0087151
-0.0055327
0.00011545
0.00019298
-0.00061564
0.0031116
0.0015774
-0.000542
0.0025039
0.00074862
-0.0046183
-0.0082699
-0.009443
-0.009463
-0.0028096
0.00039086
-0.00016037
0.00022953
0.006785
0.0081701
0.0069638
-0.00018965
0.00066332
-0.0062827
-0.0023861
0.00054806
-9.9375e-005
-0.00029061
0.001273
0.006864
0.01145
0.010452
0.0070993
0.0080423
0.0079191
0.0072681
0.010149
0.010282
0.0071113
0.0081298
0.0077044
0.0077223
0.0081401
0.0066064
0.0007234
-0.0031834
-0.0085582
-0.0073822
-0.0081881
-0.0024169
0.004756
0.0087116
0.0038256
0.0016586
-9.7329e-005
0.00015647
-0.00024317
0.00051745
-0.0020538
-0.0080997
-0.012782
-0.020693
-0.02394
-0.022964
-0.024681
-0.023735
-0.023587
-0.017852
-0.014841
-0.016409
-0.021548
-0.027176
-0.031321
-0.033804
-0.040654
-0.036043
-0.037101
-0.039187
-0.044533
-0.047559
-0.046421
-0.047172
-0.046542
-0.047227
-0.045761
-0.039315
-0.038778
-0.0445
-0.048674
-0.053714
-0.055851
-0.062137
-0.062678
-0.062176
-0.062917
-0.061685
-0.06897
-0.066162
-0.061472
-0.056018
-0.054207
-0.054811
-0.054676
-0.054362
-0.060349
-0.06304
-0.062116
-0.062735
-0.06218
-0.06282
-0.061826
-0.06692
-0.071205
-0.068359
-0.060329
-0.054187
-0.055045
-0.054099
-0.05664
-0.062975
-0.062041
-0.062921
-0.061837
-0.063501
-0.058523
-0.058546
-0.063482
-0.061884
-0.062921
-0.061496
-0.054553
-0.055712
-0.062068
-0.062948
-0.05651
-0.054463
-0.053825
-0.047009
-0.046573
-0.04794
-0.054062
-0.058934
-0.063522
-0.061455
-0.064933
-0.070181
-0.070823
-0.068035
-0.062633
-0.058216
-0.053789
-0.054996
-0.047494
-0.046811
-0.046803
-0.046918
-0.04672
-0.047034
-0.04653
-0.047388
-0.040835
-0.038925
-0.033538
-0.030502
-0.031685
-0.030832
-0.031654
-0.030543
-0.034439
-0.039815
-0.038491
-0.039689
-0.036914
-0.031432
-0.039846
-0.036495
-0.031689
-0.026676
-0.022934
-0.023333
-0.029081
-0.031722
-0.03099
-0.024042
-0.016984
-0.012105
-0.0074928
-0.0074474
-0.012197
-0.016349
-0.015292
-0.015715
-0.015823
-0.011728
-0.0049524
-0.00015321
0.00041536
-0.0018955
-0.008524
-0.0037477
0.0051791
0.0080821
0.0078548
0.0075564
0.008426
0.0054015
0.003748
0.0092999
0.0062456
0.012135
0.011357
0.0072118
0.0077245
0.0096106
0.016095
0.015473
0.01537
0.019664
0.029873
0.03161
0.028729
0.018038
0.015579
0.015157
0.019852
0.026645
0.033365
0.036079
0.032739
0.034819
0.023086
0.03007
0.026464
0.03111
0.033754
0.042902
0.047385
0.046273
0.052798
0.054981
0.054489
0.047658
0.047005
0.041144
0.038559
0.039169
0.039139
0.038543
0.043434
0.047671
0.046269
0.047518
0.043778
0.037798
0.043848
0.047367
0.046567
0.047049
0.046637
0.047271
0.053147
0.057975
0.063326
0.06166
0.064137
0.064025
0.062524
0.059743
0.048293
0.045839
0.038971
0.032265
0.030845
0.031521
0.030792
0.03295
0.041141
0.047785
0.050587
0.05317
0.055477
0.05041
0.044244
0.038998
0.038909
0.039342
0.038509
0.039966
0.032323
0.033456
0.033608
0.037983
0.037239
0.032491
0.039254
0.030426
0.032296
0.02866
0.02372
0.017532
0.015488
0.013566
0.014705
0.015929
0.015588
0.01485
0.0076424
0.001126
-0.00046136
0.00042198
-0.00060929
0.0021134
0.0081219
0.007749
0.0072173
-0.0014196
-0.012542
-0.016368
-0.014925
-0.017108
-0.021242
-0.017257
-0.012221
-0.0072298
-0.0079727
-0.0089479
-0.019431
-0.023727
-0.023403
-0.022739
-0.015295
-0.017505
-0.0241
-0.022618
-0.026721
-0.031962
-0.030673
-0.032401
-0.038772
-0.038639
-0.029972
-0.024385
-0.018584
-0.020477
-0.025241
-0.030607
-0.036141
-0.032049
-0.030449
-0.030818
-0.028911
-0.023747
-0.02118
-0.015955
-0.010975
-0.0077181
-0.0035076
0.00064224
5.8387e-005
-0.0057546
-0.0098637
-0.013939
-0.0094152
-0.0070569
-0.0084148
-0.0072797
-0.015648
-0.010915
-0.0076997
-0.0036986
0.0010612
-0.0012448
-0.0082272
-0.015867
-0.014571
-0.014364
-0.0078629
-0.0081007
-0.0071517
-0.011092
-0.016238
-0.015228
-0.0088547
-0.0076078
-0.007738
-0.0081596
-0.0065724
-0.00072184
0.0062074
0.0063893
-0.0007668
0.00052662
-0.00042487
0.00046194
-0.00069536
0.0045314
0.0086078
0.007078
0.0017431
-0.003531
-0.008425
-0.007367
-0.0083225
-0.0069924
-0.012532
-0.014759
-0.015669
-0.014113
-0.0046877
0.0049641
0.0080709
0.0026396
0.0011448
-0.0042408
-0.012668
-0.021459
-0.029434
-0.031792
-0.03017
-0.023614
-0.023286
-0.016569
-0.01538
-0.015711
-0.015755
-0.022285
-0.022363
-0.023566
-0.022699
-0.015288
-0.021457
-0.024024
-0.029872
-0.025037
-0.029539
-0.037372
-0.039516
-0.038568
-0.039849
-0.035655
-0.030285
-0.021675
-0.014855
-0.0048318
0.00059697
4.9611e-005
-0.0057746
-0.01504
-0.021077
-0.024486
-0.018867
-0.01464
-0.016772
-0.010401
-0.0092971
-0.016247
-0.015186
-0.0086993
-0.00087371
0.0056697
0.0087091
0.0033686
-0.0093816
-0.016058
-0.01538
-0.015806
-0.015482
-0.01078
-0.0023355
-0.00038189
0.0032567
0.008264
0.0081552
0.012706
0.0078279
0.0073227
0.010999
0.016238
0.015482
0.010407
0.0053445
0.00049
0.0025308
0.0077962
0.015742
0.023085
0.025327
0.031637
0.031216
0.02713
0.022445
0.024903
0.030441
0.034263
0.040283
0.035538
0.030481
0.024822
0.022464
0.028495
0.042583
0.052541
0.059654
0.062032
0.056603
0.056246
0.061879
0.063099
0.060398
0.053785
0.04134
0.038494
0.039264
0.038975
0.038844
0.040671
0.047825
0.043272
0.046096
0.04133
0.038215
0.032626
0.030534
0.032428
0.038911
0.04596
0.046932
0.039882
0.03886
0.039119
0.038969
0.039146
0.038367
0.030328
0.023689
0.023142
0.024414
0.030993
0.031571
0.037635
0.041274
0.047162
0.046701
0.04675
0.040181
0.034976
0.024427
0.024008
0.018877
0.022057
0.023504
0.029001
0.031895
0.037943
0.039154
0.039414
0.032938
0.034896
0.040573
0.032519
0.031458
0.030084
0.024039
0.020692
0.019956
0.01547
0.016125
0.011177
0.0069921
0.0083101
0.0073387
0.0083231
0.0070562
0.014055
0.01532
0.020084
0.023997
0.023505
0.019404
0.014108
0.011351
0.0103
0.0029731
-0.00076216
0.0045305
0.0084264
0.0073155
0.016589
0.019059
0.011637
0.0075709
0.0078374
0.0078699
0.0076633
0.0081288
0.006713
0.00042442
-0.0010574
-0.0074909
-0.0082135
-0.0019986
0.00043856
-0.00013764
-3.2779e-005
0.00021554
-0.00056654
0.0044769
0.0083963
0.00062258
-0.0050767
-0.011686
-0.015835
-0.015833
-0.013883
-0.0070874
-0.0083247
-9.2629e-005
-0.0044433
-0.0085243
-0.0074383
-0.0080427
-0.0077249
-0.0066957
0.0039612
0.0078477
0.0083437
0.0046007
-0.00063364
0.00014547
-0.0014889
0.00034077
-0.00021018
0.00015574
-0.00013045
0.00013881
-0.00023468
0.00089892
0.0077677
0.0076577
0.008027
0.0074823
0.0083486
0.0018322
-0.00021489
-0.00031695
0.0029506
0.0088311
0.0069556
0.013919
0.015863
0.015634
0.015452
0.016116
0.012715
0.0032911
-0.0049523
-0.0081984
-0.0077782
-0.0075339
-0.0089621
-0.014937
-0.020055
-0.024231
-0.022934
-0.02386
-0.022918
-0.024674
-0.030591
-0.035476
-0.040328
-0.0365
-0.031319
-0.030866
-0.031967
-0.024837
-0.029052
-0.031306
-0.034091
-0.039918
-0.038613
-0.03905
-0.032397
-0.026962
-0.022036
-0.027135
-0.031586
-0.038834
-0.047141
-0.046057
-0.03816
-0.031711
-0.029384
-0.0228
-0.023943
-0.022853
-0.024276
-0.020909
-0.016048
-0.011004
-0.0074197
-0.0074548
-0.010799
-0.0093936
-0.007427
-0.007587
-0.010717
-0.016614
-0.014719
-0.0097172
-0.0027799
0.00031433
1.4888e-005
-0.00022301
0.00052297
-0.0058577
-0.0010844
-0.00021072
0.0043613
0.00852
0.0076695
0.006395
-0.0012715
-0.0054836
-0.013533
-0.012715
-0.0065701
0.001588
0.0081247
0.0010756
-0.0020205
-0.0081838
-0.0078282
-0.014425
-0.019731
-0.028592
-0.038621
-0.038989
-0.046864
-0.054761
-0.054587
-0.05466
-0.05607
-0.054424
-0.055188
-0.052565
-0.046567
-0.046839
-0.047082
-0.046196
-0.051418
-0.055366
-0.061365
-0.057463
-0.053211
-0.05836
-0.062803
-0.062416
-0.062315
-0.06337
-0.070149
-0.070314
-0.070141
-0.070621
-0.068495
-0.061109
-0.055178
-0.060716
-0.055505
-0.059535
-0.062761
-0.062668
-0.06168
-0.066147
-0.064918
-0.063691
-0.064199
-0.057615
-0.053844
-0.055685
-0.051768
-0.051278
-0.054947
-0.048182
-0.043297
-0.039818
-0.039106
-0.043064
-0.048143
-0.042312
-0.036665
-0.030944
-0.03141
-0.031077
-0.031447
-0.030375
-0.023367
-0.023851
-0.019375
-0.011888
-0.0073142
-0.015275
-0.009891
-0.0073674
-0.0078965
-0.0079353
-0.0073841
-0.0091842
-0.0097734
-0.014361
-0.017428
-0.015133
-0.010911
-0.0023314
-0.00015853
0.0012112
0.0070204
0.01243
0.016145
0.015491
0.007273
-0.0024962
-0.0084345
-0.0033275
0.00072089
-0.00041642
0.00030736
-0.00044033
0.0040002
0.014543
0.015142
0.018787
0.02416
0.023017
0.023734
0.023134
0.023764
0.022917
0.029314
0.031626
0.031121
0.031184
0.031474
0.030621
0.03447
0.039676
0.038787
0.038929
0.032338
0.030571
0.032217
0.026106
0.024843
0.031827
0.036072
0.045936
0.053283
0.059186
0.063566
0.057802
0.053907
0.05535
0.048544
0.048801
0.059195
0.056865
0.054291
0.061685
0.062711
0.062135
0.063092
0.057945
0.053914
0.055147
0.049076
0.045659
0.050523
0.054675
0.058686
0.068811
0.070793
0.068874
0.070387
0.065947
0.061485
0.056127
0.053885
0.05242
0.054737
0.061586
0.062601
0.062471
0.062282
0.063368
0.070164
0.07026
0.070252
0.070398
0.069472
0.062368
0.062849
0.061261
0.055789
0.055475
0.061036
0.063243
0.061461
0.067341
0.070526
0.0706
0.068225
0.062406
0.058523
0.053196
0.059572
0.063013
0.062049
0.063022
0.061103
0.055473
0.052356
0.047
0.042639
0.038033
0.039848
0.036915
0.030704
0.031761
0.03039
0.034062
0.032988
0.036302
0.040058
0.038206
0.045056
0.047308
0.045926
0.038833
0.03273
0.02788
0.022596
0.024675
0.030844
0.031618
0.03772
0.039872
0.032841
0.031234
0.03062
0.034589
0.039377
0.04445
0.047609
0.046426
0.047162
0.046611
0.047102
0.046553
0.047417
0.042454
0.028985
0.018217
0.015163
0.008877
0.012954
0.016444
0.0099563
0.013698
0.020577
0.023659
0.01659
0.010044
0.0017106
-0.00048293
0.00052855
-0.0058271
-0.0084769
-0.014293
-0.016269
-0.014861
-0.020049
-0.0256
-0.032666
-0.037742
-0.031761
-0.0294
-0.022762
-0.024019
-0.022599
-0.026767
-0.031861
-0.030876
-0.031514
-0.030935
-0.031585
-0.030737
-0.03197
-0.029948
-0.035588
-0.035665
-0.032801
-0.037869
-0.030431
-0.031435
-0.034331
-0.033019
-0.038758
-0.038241
-0.031354
-0.03102
-0.036931
-0.046668
-0.046354
-0.048856
-0.05513
-0.054318
-0.055028
-0.053918
-0.052216
-0.055421
-0.053343
-0.047413
-0.045997
-0.04459
-0.047187
-0.046856
-0.04325
-0.033276
-0.024749
-0.019944
-0.015591
-0.025358
-0.032014
-0.037149
-0.042893
-0.046844
-0.04758
-0.041803
-0.041537
-0.047488
-0.034315
-0.029944
-0.02374
-0.023127
-0.025056
-0.032647
-0.031524
-0.031593
-0.030223
-0.027173
-0.027885
-0.023124
-0.018076
-0.020577
-0.023734
-0.025667
-0.035361
-0.039275
-0.038925
-0.039323
-0.035258
-0.027136
-0.02351
-0.019529
-0.011896
-0.0019572
0.00077036
-0.0053125
-0.00021171
-0.0073157
-0.007019
-0.011694
-0.012904
-0.0071915
-0.0064298
0.00070315
-0.0073933
-0.0076794
-0.0078396
-0.00077586
2.8089e-005
0.00018173
-0.00040016
0.0049658
0.0061532
-0.00068692
0.00050891
-0.00044931
0.00053376
-0.00076005
0.0063905
0.0039312
-0.0014029
-0.0056468
-0.012996
-0.015977
-0.022562
-0.022817
-0.015632
-0.014494
-0.0048163
-0.0057238
-0.0082338
-0.012698
-0.02072
-0.029033
-0.032503
-0.028309
-0.026883
-0.028167
-0.03018
-0.03167
-0.031065
-0.031226
-0.031327
-0.023339
-0.01569
-0.015252
-0.018467
-0.025179
-0.030613
-0.031456
-0.024186
-0.030395
-0.03106
-0.036957
-0.039508
-0.038832
-0.031451
-0.023136
-0.023719
-0.023004
-0.027365
-0.038202
-0.036117
-0.030274
-0.031958
-0.030304
-0.034686
-0.039471
-0.039566
-0.047129
-0.046349
-0.047664
-0.042161
-0.038358
-0.032394
-0.030932
-0.029962
-0.031412
-0.030653
-0.035727
-0.039721
-0.038706
-0.039207
-0.038978
-0.039015
-0.039205
-0.038327
-0.03481
-0.038423
-0.039702
-0.035861
-0.030399
-0.031967
-0.026894
-0.02208
-0.027143
-0.031413
-0.031514
-0.030421
-0.036188
-0.033847
-0.030645
-0.030033
-0.022172
-0.02483
-0.019286
-0.018307
-0.024427
-0.022791
-0.023968
-0.02284
-0.024296
-0.019958
-0.015331
-0.013332
-0.0024047
0.00022186
-7.6845e-005
6.7887e-005
-7.7364e-005
0.00011845
-0.00021236
0.0010105
0.0006217
-0.00017868
0.0071322
0.0076858
0.013324
0.016486
0.014801
0.016792
0.010288
0.011762
0.016589
0.015061
0.016004
0.015288
0.015919
0.015252
0.016102
0.014752
0.020461
0.0235
0.027522
0.032309
0.030308
0.035751
0.040174
0.035604
0.030646
0.031568
0.030955
0.031533
0.030824
0.031883
0.024983
0.024844
0.032068
0.03042
0.035651
0.040204
0.032543
0.032842
0.039699
0.038593
0.039443
0.038582
0.039788
0.035734
0.030608
0.031532
0.031064
0.031309
0.031227
0.031148
0.031392
0.030927
0.031843
0.026745
0.02264
0.023951
0.0229
0.024232
0.029172
0.036799
0.036212
0.030475
0.031292
0.024675
0.02019
0.014846
0.016097
0.015134
0.016734
0.023073
0.024237
0.031316
0.030869
0.031909
0.027993
0.022711
0.023868
0.022994
0.028922
0.035809
0.040245
0.034164
0.030676
0.024459
0.023276
0.0231
0.027626
0.032324
0.030164
0.034672
0.040167
0.047122
0.042445
0.03841
0.046315
0.046811
0.046947
0.046698
0.047207
0.053317
0.055645
0.04983
0.046499
0.046691
0.047955
0.054005
0.056807
0.062508
0.068044
0.070658
0.06343
0.059725
0.051831
0.047782
0.05473
0.060868
0.06728
0.070813
0.06985
0.063644
0.06198
0.062922
0.059617
0.058536
0.055361
0.054807
0.049016
0.046223
0.047223
0.046542
0.047149
0.046466
0.047507
0.042343
0.038242
0.039717
0.034914
0.027498
0.022922
0.023752
0.023059
0.024153
0.028155
0.023416
0.023115
0.017029
0.0093352
0.0063072
0.0050958
0.004721
0.00027643
-0.0038772
-0.0068014
-0.0039761
-0.0013767
-0.0086462
-0.0071737
-0.0085595
-0.0056136
0.00027353
-0.00013412
0.0010203
0.00075697
-0.0016628
-0.0045272
-0.0026044
-0.0079878
-0.0076627
-0.0078264
-0.0079608
-0.0069034
-0.00011424
2.1455e-005
-5.2091e-005
0.00016052
-0.00042218
-0.0062111
-0.011277
-0.016171
-0.015331
-0.0158
-0.015431
-0.020817
-0.028429
-0.031681
-0.031028
-0.031367
-0.031146
-0.031307
-0.031168
-0.031321
-0.031071
-0.032061
-0.039116
-0.0387
-0.039698
-0.035808
-0.030499
-0.031719
-0.030199
-0.023487
-0.023639
-0.022998
-0.028293
-0.030816
-0.0358
-0.04658
-0.046876
-0.046125
-0.038759
-0.032608
-0.025231
-0.022929
-0.023834
-0.02276
-0.02802
-0.038937
-0.038465
-0.043376
-0.048038
-0.043427
-0.038341
-0.039615
-0.038212
-0.042427
-0.047377
-0.046682
-0.046802
-0.04717
-0.044587
-0.046047
-0.047133
-0.046898
-0.05364
-0.055189
-0.048881
-0.046257
-0.047297
-0.046341
-0.047661
-0.043437
-0.03858
-0.039075
-0.039346
-0.033229
-0.030866
-0.031157
-0.032041
-0.031881
-0.031448
-0.0293
-0.023092
-0.022434
-0.023064
-0.023535
-0.023459
-0.023219
-0.023964
-0.019007
-0.014742
-0.016309
-0.0097077
-0.0072869
-0.0082357
-0.007143
-0.01228
-0.016318
-0.0092883
-0.010656
-0.016971
-0.011991
-0.0074384
-0.0076533
-0.001784
-0.0074939
-0.0079231
-0.007675
-0.0080587
-0.0068478
-0.00014339
2.4904e-005
-4.15e-005
9.6597e-005
-0.0002642
0.0016342
0.0089584
0.0029243
-0.00035604
-8.6231e-006
0.00025896
-0.00063973
0.0023331
0.0075295
0.010972
0.015624
0.0071331
0.0016101
-0.0011696
0.0036149
0.0081021
0.0083465
0.0088627
0.0072893
0.0088435
0.015554
0.015382
0.01615
0.013562
0.0070418
-0.0028061
-0.0087509
-0.007161
-0.0085921
-0.0046154
0.00090167
-0.00087172
0.0062313
0.0077516
0.0084503
0.004362
0.00033253
0.0075291
0.0057156
0.00065857
-0.00039974
0.00039603
-0.00061385
0.0021073
0.0080973
0.007749
0.0076242
0.0087825
0.015349
0.015902
0.014987
0.020175
0.024058
0.023175
0.023459
0.023931
0.025214
0.030751
0.02427
0.016445
0.015173
0.021364
0.024022
0.023014
0.023892
0.026683
0.029451
0.02644
0.016695
0.015954
0.013728
0.0070622
0.0015002
-0.00093364
0.0012052
-0.0053009
-0.0022679
-0.0048279
-0.0074373
-0.0075629
-0.0079381
-0.0076997
-0.00079438
-0.00016422
0.0057018
0.0082971
0.0076517
0.0077798
0.0080427
0.0072042
0.012334
0.016294
0.01529
0.015788
0.015674
0.01204
0.0034224
0.0054058
0.0096583
0.019139
0.023781
0.023661
0.019276
0.0093678
0.0070487
0.012385
0.016241
0.015356
0.015711
0.015616
0.015954
0.025648
0.029879
0.021835
0.016112
0.015382
0.015781
0.015461
0.01578
0.015385
0.020685
0.018413
0.022527
0.029017
0.027226
0.026353
0.027316
0.023326
0.021883
0.013537
0.0016194
-0.0070437
-0.008414
-0.0034477
0.0014902
0.007545
0.0075303
0.010606
0.017043
0.010654
0.0072838
0.0011254
-0.00036376
0.00080318
0.0082416
0.0046243
-0.00086535
-0.0065912
-0.015211
-0.015566
-0.021131
-0.024318
-0.028275
-0.022943
-0.017012
-0.0064209
0.00042962
-4.9273e-005
-0.0052474
-0.014128
-0.015891
-0.015385
-0.015915
-0.015053
-0.017705
-0.023725
-0.02337
-0.023275
-0.024077
-0.025867
-0.022837
-0.023864
-0.022906
-0.024678
-0.030714
-0.031813
-0.030185
-0.036547
-0.036309
-0.030475
-0.031371
-0.031664
-0.028022
-0.022903
-0.023149
-0.02244
-0.021369
-0.016995
-0.015894
-0.022084
-0.026347
-0.033965
-0.03879
-0.042986
-0.041315
-0.029162
-0.023887
-0.020126
-0.015148
-0.014257
-0.016167
-0.01314
-0.011744
-0.016703
-0.014872
-0.016289
-0.014709
-0.020368
-0.023895
-0.023318
-0.023304
-0.023864
-0.021067
-0.015928
-0.013738
-0.0073255
-0.0079679
-0.012835
-0.020639
-0.023954
-0.023135
-0.030793
-0.030644
-0.033697
-0.037467
-0.030449
-0.024748
-0.023125
-0.030455
-0.031705
-0.0325
-0.030657
-0.032013
-0.02663
-0.022764
-0.023811
-0.022931
-0.017236
-0.020232
-0.015476
-0.015862
-0.01466
-0.0079255
-0.0078188
-0.0077834
-0.0078188
-0.007797
-0.0078085
-0.0078089
-0.0077992
-0.0078154
-0.0077812
-0.0079083
-0.0093258
-0.0066202
-0.00030734
0.00021875
-0.00030824
0.00060641
-0.0021812
-0.0078822
-0.0086772
-0.01538
-0.015912
-0.014969
-0.021952
-0.021796
-0.017666
-0.022094
-0.02289
-0.023545
-0.023536
-0.023018
-0.029356
-0.030878
-0.023181
-0.023737
-0.023087
-0.023846
-0.022692
-0.02803
-0.031841
-0.030973
-0.031327
-0.031239
-0.031441
-0.0383
-0.033394
-0.03079
-0.031286
-0.031524
-0.02541
-0.02366
-0.031633
-0.030679
-0.03205
-0.027876
-0.022825
-0.023733
-0.023075
-0.016769
-0.014998
-0.0092135
-0.006857
-0.011131
-0.016341
-0.014896
-0.0095197
-0.00527
-5.8961e-005
0.00044867
-0.0020596
-0.0080318
-0.013066
-0.016821
-0.013171
-0.007782
-0.0025994
0.0025521
0.0079399
0.0077402
0.0078598
0.007758
0.0078855
0.0076891
0.0081728
0.014205
0.017854
0.023765
0.023266
0.023108
0.01265
0.0067987
0.013872
0.015959
0.015512
0.014532
0.0037765
7.3385e-005
-0.00074481
0.0035246
0.007829
0.0097736
0.015602
0.018484
0.02432
0.022946
0.023695
0.023283
0.023467
0.023461
0.023295
0.023657
0.022976
0.029264
0.031589
0.031741
0.039357
0.038407
0.045061
0.047073
0.046964
0.042151
0.044928
0.04648
0.04998
0.055335
0.054399
0.054658
0.054928
0.048878
0.046958
0.055281
0.053434
0.052855
0.054334
0.060679
0.062286
0.065562
0.070853
0.070349
0.068456
0.06201
0.062561
0.062652
0.061818
0.067114
0.070705
0.07035
0.069685
0.072748
0.075523
0.071947
0.070488
0.070371
0.066413
0.060725
0.065761
0.066816
0.062399
0.060508
0.05461
0.05069
0.052645
0.055626
0.05374
0.056921
0.062727
0.062329
0.062555
0.06241
0.062517
0.062269
0.055753
0.053369
0.047124
0.047169
0.04114
0.037459
0.035272
0.033393
0.038994
0.04084
0.047313
0.046705
0.046724
0.0473
0.040852
0.038983
0.033461
0.030099
0.023012
0.028114
0.031328
0.034064
0.039943
0.038529
0.03935
0.038816
0.039216
0.038823
0.039828
0.047594
0.054624
0.054515
0.054953
0.053646
0.047175
0.045404
0.040644
0.044849
0.040559
0.044629
0.038802
0.031452
0.027292
0.021814
0.028616
0.031274
0.031757
0.028046
0.022581
0.016931
0.015131
0.01591
0.015409
0.015756
0.015908
0.017307
0.012774
0.0085408
0.0027127
0.0025583
0.0037703
-0.0043694
-0.0078645
-0.010877
-0.0056112
0.00035032
-0.0001508
0.0030765
-0.00147
-0.0069626
-0.010931
-0.017114
-0.023095
-0.023356
-0.024277
-0.030946
-0.029536
-0.033649
-0.039163
-0.039147
-0.038628
-0.041983
-0.047972
-0.045705
-0.049674
-0.051786
-0.045844
-0.0477
-0.042382
-0.037814
-0.043894
-0.047101
-0.049073
-0.06017
-0.062398
-0.06793
-0.076283
-0.079375
-0.085419
-0.091512
-0.094344
-0.086105
-0.087506
-0.089008
-0.084851
-0.086926
-0.083881
-0.083208
-0.085845
-0.088807
-0.094589
-0.09316
-0.09423
-0.091055
-0.080567
-0.078118
-0.076329
-0.069608
-0.070823
-0.06944
-0.065026
-0.067688
-0.062393
-0.062256
-0.062974
-0.056394
-0.054772
-0.051675
-0.045993
-0.047294
-0.046544
-0.047047
-0.046682
-0.046983
-0.046697
-0.047049
-0.046407
-0.051032
-0.05603
-0.051023
-0.046279
-0.040156
-0.038806
-0.037798
-0.029617
-0.03679
-0.033173
-0.032582
-0.039914
-0.045483
-0.047302
-0.04665
-0.046845
-0.047157
-0.0428
-0.032504
-0.03115
-0.031158
-0.03149
-0.038358
-0.048748
-0.05085
-0.046858
-0.042682
-0.038056
-0.039712
-0.03841
-0.039919
-0.034322
-0.03072
-0.031402
-0.031238
-0.031032
-0.031786
-0.026767
-0.022658
-0.023871
-0.023039
-0.023874
-0.017717
-0.014643
-0.010848
-0.015866
-0.015213
-0.016783
-0.022942
-0.024107
-0.018837
-0.014861
-0.0090139
-0.007468
-0.0078772
-0.0079231
-0.0073987
-0.011214
-0.0087402
-0.010538
-0.016297
-0.014947
-0.016986
-0.022802
-0.024242
-0.019991
-0.015287
-0.010293
-0.0068778
-0.0085928
-0.0017694
0.00035767
-0.00013373
-7.5391e-005
-0.0068324
-0.0080958
-0.0080344
-0.017781
-0.023388
-0.029066
-0.031304
-0.022017
-0.016501
-0.013407
-0.00758
-0.0077984
-0.0080343
-0.011177
-0.0092126
-0.0096583
-0.0073488
-0.0033914
-0.0067182
-0.0091764
-0.015351
-0.0218
-0.022008
-0.019107
-0.01673
-0.015189
-0.015937
-0.010328
-0.0028709
0.00050069
-0.0002444
1.2428e-005
-0.0069322
-0.0080132
-0.007681
-0.0079175
-0.0076718
-0.0079875
-0.0073866
-0.0014591
0.0061869
0.0050848
-0.00065167
0.00044655
-0.0075214
-0.007029
-0.011482
-0.010285
-0.00035345
0.0010556
0.005909
0.0037053
-0.00031498
0.00017552
-0.00028926
0.0037744
0.011963
0.015529
0.021011
0.021045
0.015413
0.014926
0.0077908
0.0079295
0.010343
0.0076196
0.0066273
0.0077461
0.013223
0.016733
0.010925
0.0070162
0.0090842
0.015101
0.017234
0.025778
0.031352
0.024245
0.023112
0.01666
0.015281
0.015844
0.01538
0.01608
0.021845
0.028138
0.031926
0.030628
0.032994
0.033083
0.02639
0.022808
0.023892
0.022795
0.025527
0.031545
0.033386
0.031896
0.030581
0.032108
0.026973
0.028214
0.031205
0.035662
0.034383
0.029889
0.032387
0.024798
0.023639
0.017618
0.015234
0.015519
0.017274
0.024217
0.022598
0.025638
0.031503
0.031056
0.033616
0.031855
0.025326
0.023043
0.023463
0.028664
0.033038
0.038014
0.042346
0.047561
0.046322
0.047483
0.044734
0.038843
0.045789
0.041489
0.051426
0.060435
0.064833
0.070371
0.070455
0.069718
0.071949
0.073209
0.069942
0.069963
0.076274
0.07789
0.082552
0.086233
0.088206
0.089877
0.093202
0.093956
0.10077
0.097865
0.090667
0.091319
0.094891
0.090083
0.085686
0.082181
0.07092
0.065187
0.07125
0.078068
0.077646
0.081009
0.087108
0.079538
0.078242
0.075417
0.066671
0.060328
0.055364
0.05534
0.052484
0.046536
0.046936
0.046866
0.046555
0.050752
0.058289
0.057187
0.054469
0.054858
0.054387
0.055163
0.050492
0.044307
0.038766
0.039363
0.038411
0.04354
0.045363
0.045045
0.04003
0.034457
0.030428
0.031874
0.03034
0.034687
0.039496
0.038977
0.038859
0.039636
0.034495
0.030639
0.031412
0.031421
0.029613
0.021348
0.014216
0.008577
0.0055666
0.0050271
0.0091855
0.0029869
-0.0040071
-0.012091
-0.014636
-0.0086526
-0.0041657
-0.0036089
-0.0091795
-0.0066284
-0.012613
-0.016237
-0.015125
-0.016325
-0.011111
-0.0066115
-0.006305
-0.00041233
-0.0065794
-0.011871
-0.019331
-0.017064
-0.022213
-0.030718
-0.032559
-0.031212
-0.031364
-0.025922
-0.017067
-0.01541
-0.016125
-0.025313
-0.031357
-0.029536
-0.032335
-0.028594
-0.024267
-0.029181
-0.034813
-0.039216
-0.044607
-0.047371
-0.046727
-0.046653
-0.047504
-0.042103
-0.043887
-0.048073
-0.045697
-0.04939
-0.054922
-0.065918
-0.065157
-0.061649
-0.062875
-0.062253
-0.062674
-0.069368
-0.0703
-0.070801
-0.07509
-0.070211
-0.0701
-0.070798
-0.06708
-0.062263
-0.071768
-0.077077
-0.081411
-0.086712
-0.092267
-0.094474
-0.087758
-0.085231
-0.079476
-0.077113
-0.081449
-0.08651
-0.08549
-0.086242
-0.085355
-0.087827
-0.094448
-0.099797
-0.10495
-0.11014
-0.10729
-0.10088
-0.1023
-0.098186
-0.093049
-0.094025
-0.093467
-0.093867
-0.093425
-0.095291
-0.10246
-0.093194
-0.099178
-0.098269
-0.095034
-0.10135
-0.093656
-0.091271
-0.079132
-0.078185
-0.072794
-0.068207
-0.067354
-0.070827
-0.069975
-0.070461
-0.070151
-0.065349
-0.05841
-0.054805
-0.051744
-0.045773
-0.047846
-0.043424
-0.038382
-0.03949
-0.038481
-0.044912
-0.047303
-0.046592
-0.047069
-0.04661
-0.047235
-0.04575
-0.039243
-0.03197
-0.02632
-0.019895
-0.019531
-0.019259
-0.015286
-0.012851
-0.0064784
0.002565
0.0087565
0.0083892
0.016026
0.012094
0.0074821
0.0073324
0.0066971
0.0083944
0.0072266
0.013507
0.0093628
0.0069291
0.0099804
0.015992
0.015268
0.020997
0.017726
0.011803
0.0075578
0.007585
0.011738
0.018396
0.023404
0.023522
0.023254
0.023694
0.022931
0.029339
0.031552
0.031114
0.024139
0.023719
0.022444
0.028945
0.033767
0.036213
0.032945
0.030736
0.031071
0.024976
0.019592
0.019199
0.025454
0.030412
0.031795
0.03051
0.033418
0.039227
0.044135
0.049499
0.0547
0.054684
0.050532
0.048092
0.047193
0.05163
0.055057
0.054681
0.054174
0.059064
0.06323
0.06201
0.06279
0.062165
0.062777
0.062176
0.070503
0.077786
0.079834
0.08667
0.084649
0.078248
0.071141
0.070099
0.065316
0.058504
0.054636
0.050739
0.045175
0.050878
0.054411
0.060661
0.06235
0.064595
0.06897
0.061581
0.062647
0.049997
0.041085
0.029681
0.023191
0.023096
0.027639
0.032821
0.038696
0.038935
0.039538
0.035916
0.030243
0.025094
0.018952
0.01327
0.014501
0.01582
0.020663
0.027108
0.031842
0.030653
0.032129
0.027668
0.023292
0.02041
0.015027
0.015938
0.015432
0.015674
0.015816
0.022153
0.025465
0.031875
0.029984
0.023925
0.022364
0.020352
0.023643
0.022413
0.015786
0.015597
0.015614
0.015587
0.01564
0.015541
0.015708
0.015452
0.015869
0.015106
0.018341
0.021246
0.026569
0.032217
0.030311
0.037641
0.036661
0.02838
0.023299
0.016538
0.015368
0.015773
0.015353
0.017014
0.020635
0.022392
0.027044
0.032579
0.035354
0.039967
0.031357
0.032832
0.034291
0.039561
0.034751
0.025137
0.019271
0.01284
0.012919
0.020439
0.026283
0.03646
0.039171
0.03943
0.034761
0.029841
0.02636
0.023014
0.023904
0.022688
0.026719
0.031895
0.030864
0.031585
0.029839
0.023828
0.023972
0.021229
0.015567
0.010113
0.0070659
0.0083081
0.0073196
0.0084609
0.0056578
-0.00030945
0.00026818
0.0068239
0.0080179
0.0078869
0.006987
4.9456e-005
8.7159e-005
-3.5638e-005
-0.0049874
-0.013024
-0.020742
-0.029528
-0.03899
-0.039642
-0.035641
-0.031115
-0.027102
-0.022495
-0.023779
-0.016292
-0.015374
-0.017975
-0.027695
-0.030932
-0.03723
-0.038976
-0.040985
-0.047074
-0.047213
-0.044697
-0.039201
-0.036025
-0.030507
-0.031476
-0.0313
-0.030718
-0.034403
-0.039731
-0.038718
-0.03918
-0.039089
-0.038273
-0.031182
-0.031478
-0.030905
-0.031852
-0.026793
-0.022574
-0.023972
-0.018775
-0.01535
-0.0086405
-0.00793
-0.0060498
0.00067744
-0.0005357
0.00066524
-0.0021002
-0.008209
-0.0075316
-0.0080909
-0.0073141
-0.0015221
0.0062517
0.0077894
0.0094112
0.017112
0.022815
0.016864
0.015061
0.016226
0.009704
0.0074125
0.0079762
0.0077458
0.007784
0.007919
0.0075055
0.013437
0.016256
0.0097066
0.0075777
0.0078664
0.0077982
0.0079313
0.014674
0.015999
0.022336
0.023786
0.023187
0.023661
0.022998
0.017041
0.0096982
0.014281
0.016086
0.015293
0.015909
0.01526
0.016131
0.014252
0.008689
0.0043841
0.00012022
0.008833
0.015512
0.015315
0.021374
0.023903
0.023376
0.019886
0.009834
0.0013573
-0.0047251
-0.008384
-0.0073985
-0.0024296
0.00035138
-0.00019906
0.00011127
-7.3868e-005
3.4131e-005
-1.5918e-005
2.0128e-005
-0.00032487
-0.0028529
-0.0079318
-0.0077835
-0.0077743
-0.0079107
-0.0076268
-0.0081612
-0.0021141
0.00064976
-0.00048473
0.00051054
-0.00066157
0.0010989
-0.0053178
-0.0037495
-0.0043636
-0.0096452
-0.0046503
-0.006031
-0.007284
1.2876e-005
-1.4139e-005
2.0828e-005
0.0072037
0.0023046
-0.00063074
0.00032009
-0.00016902
7.173e-005
5.0292e-006
-9.6912e-005
0.00025439
-0.0055694
-0.0087533
-0.0056311
0.00036959
0.0018791
0.0024013
0.0079693
0.0078782
0.0053044
0.0075847
0.007837
0.0079646
0.00693
8.0333e-005
4.9735e-005
-3.9901e-005
2.3092e-005
-1.2601e-005
2.4542e-006
7.0667e-006
-2.6947e-005
5.1044e-005
-8.8166e-005
0.0001472
-0.00023562
0.00042894
-0.0012294
-0.0072108
-0.0086623
-0.0028273
-0.0012378
-0.0087043
-0.0071457
-0.0084269
-0.0069905
-0.010106
-0.01612
-0.026559
-0.031635
-0.032017
-0.033688
-0.029636
-0.030928
-0.030965
-0.032252
-0.038778
-0.039237
-0.038569
-0.043187
-0.050192
-0.059363
-0.063835
-0.070075
-0.070075
-0.071307
-0.077745
-0.078594
-0.073784
-0.068676
-0.062883
-0.062252
-0.063693
-0.07426
-0.072804
-0.069459
-0.070807
-0.069673
-0.072082
-0.081126
-0.087363
-0.080552
-0.079048
-0.08001
-0.077756
-0.077785
-0.082248
-0.079891
-0.077334
-0.078419
-0.070846
-0.070351
-0.070176
-0.077547
-0.072523
-0.069668
-0.070572
-0.07012
-0.070305
-0.070389
-0.069488
-0.061812
-0.054473
-0.055316
-0.05008
-0.046205
-0.047138
-0.046702
-0.04688
-0.04691
-0.046667
-0.047254
-0.040919
-0.031564
-0.024531
-0.030004
-0.0313
-0.024277
-0.02343
-0.015672
-0.0074586
-0.0012864
0.0057736
0.011001
0.0072605
0.012335
0.016299
0.015272
0.015827
0.014179
0.015712
0.015529
0.015882
0.022167
0.027511
0.036593
0.046024
0.050308
0.048109
0.042368
0.036794
0.030065
0.023696
0.023284
0.023593
0.023154
0.023835
0.022614
0.02818
0.031454
0.032806
0.039821
0.038425
0.039732
0.033026
0.030929
0.031427
0.038161
0.039067
0.039368
0.033217
0.030864
0.031156
0.036749
0.039803
0.038464
0.039661
0.038123
0.042572
0.047147
0.047146
0.04482
0.041165
0.038842
0.03076
0.03195
0.029632
0.025671
0.031579
0.031121
0.030626
0.023138
0.024013
0.022151
0.023278
0.017519
0.015631
0.013627
0.009303
0.0092521
0.0067342
0.014099
0.015627
0.016028
0.013606
0.0075049
0.0072328
-0.00020854
0.00041302
-0.00094195
-0.00074035
0.00018702
-8.7082e-005
1.0805e-005
0.0013298
-0.00012275
0.00035331
-0.004083
-0.00934
-0.0038988
-0.00017577
0.0029945
0.0086769
0.0072457
0.0083546
0.0066173
0.00036605
-0.00027281
0.00039687
-0.00074199
0.0046609
0.0084625
0.014559
0.015528
0.0092871
0.0042091
0.00032664
0.0079527
0.006377
0.007801
0.0079755
0.0073191
0.010795
0.017229
0.02299
0.023584
0.023348
0.023871
0.025059
0.019647
0.015631
0.01378
0.0073578
0.0079403
0.008034
0.0050659
-0.0014591
0.0027416
0.0073456
0.0099642
0.015733
0.015849
0.0067029
-0.00035153
-0.0015178
-0.0080921
-0.0023258
0.00020487
-6.6179e-005
2.43e-005
-8.673e-006
-5.9941e-005
0.0051083
0.012883
0.01602
0.015457
0.015725
0.015417
0.0086679
0.00069211
-0.0001307
7.6751e-005
-9.1001e-005
0.00011982
-0.0002538
0.00093695
0.0076849
0.0077796
0.0078396
0.0077816
0.0078487
0.0077512
0.0080623
0.014471
0.016235
0.014321
0.0084614
0.0058022
-0.00046793
0.00029611
-0.00025631
0.00026923
-0.00039504
0.0056547
0.013652
0.021678
0.023861
0.022658
0.014711
0.0083035
0.0053885
0.0047309
0.0012231
-0.0046249
-0.0087849
-0.0056097
0.00031751
-0.00027489
0.00084786
0.0079233
0.0073163
0.013753
0.015847
0.016452
0.020858
0.016538
0.011233
0.0034531
-0.0052787
-0.006189
0.00041186
-0.00017908
0.0070547
0.0079
0.0077927
0.0077701
0.007874
0.0076765
0.0080301
0.0073712
0.0069058
0.0073084
0.012302
0.016309
0.015285
0.015801
0.015532
0.01561
0.01585
0.013044
0.0056141
0.0055458
0.0016
0.0016444
0.0081163
0.0086678
0.014641
0.0081427
0.0039599
0.0011895
0.0060507
0.0083043
0.007336
0.0084822
0.0016823
-1.9157e-005
-0.00062111
0.0075562
0.016799
0.014776
0.016525
0.011955
0.0077321
0.0075686
0.0088115
0.0098896
0.0074032
0.0081014
0.014636
0.015903
0.022565
0.023349
0.023955
0.01727
0.015842
0.0094685
0.013289
0.01578
0.019748
0.024322
0.023018
0.023519
0.02416
0.031243
0.031162
0.031103
0.02435
0.015643
0.0061729
-0.0010295
0.006383
0.0073949
0.011075
0.016004
0.020933
0.024271
0.022831
0.024066
0.020872
0.015834
0.015733
0.01539
0.016535
0.02343
0.022634
0.015491
0.016091
0.0097496
0.0072448
0.001138
-0.00031984
0.00012161
1.6708e-005
-0.00024757
0.0016863
0.0055469
0.0033856
0.00034796
-0.0045699
-0.015386
-0.015516
-0.015669
-0.015651
-0.015326
-0.0091258
-0.0017783
0.00020148
-0.0029304
-0.0061442
-0.010326
-0.015468
-0.017332
-0.024186
-0.023942
-0.025471
-0.024715
-0.022963
-0.023751
-0.023112
-0.023806
-0.022762
-0.027924
-0.031863
-0.023806
-0.024301
-0.031141
-0.031093
-0.032009
-0.039265
-0.037084
-0.037797
-0.039729
-0.038185
-0.043733
-0.047256
-0.039802
-0.038814
-0.039304
-0.03854
-0.038324
-0.034869
-0.030086
-0.032794
-0.038302
-0.039876
-0.036551
-0.036636
-0.039758
-0.038632
-0.039315
-0.038822
-0.039281
-0.033717
-0.028689
-0.023343
-0.023272
-0.02431
-0.031142
-0.031179
-0.031266
-0.031214
-0.031221
-0.031264
-0.031177
-0.03117
-0.024287
-0.023282
-0.028211
-0.030012
-0.028175
-0.022694
-0.023747
-0.023275
-0.023418
-0.02357
-0.022988
-0.025396
-0.03167
-0.030989
-0.031368
-0.031149
-0.031266
-0.031222
-0.031211
-0.031277
-0.031155
-0.031362
-0.030969
-0.036784
-0.039923
-0.03811
-0.045531
-0.044248
-0.037222
-0.031835
-0.03091
-0.031482
-0.030917
-0.032282
-0.031838
-0.030855
-0.031661
-0.025681
-0.029397
-0.034511
-0.041397
-0.047212
-0.046541
-0.047367
-0.04267
-0.037201
-0.031985
-0.022939
-0.016246
-0.012416
-0.007685
-0.016498
-0.01307
-0.0085375
-0.015534
-0.015663
-0.01497
-0.006412
0.0034423
0.008619
0.0065328
0.00026815
-0.0071247
-0.007684
-0.0083634
-0.003323
0.00072962
-0.0003981
0.00028456
-0.00025597
0.00027187
-0.00036492
0.00060952
-0.0038746
-0.00037745
-0.00034455
0.0011693
0.0026892
0.0047035
0.0025731
-0.00040155
-0.000535
0.0050061
0.0039245
-0.00078034
-0.00024466
-0.0038528
0.00037453
0.0051938
0.0094663
0.015108
0.015954
0.014078
0.0063935
0.012016
0.011444
0.0072669
0.0055451
-0.0024431
-0.0051049
-4.9917e-006
0.0049582
0.0047128
0.0079546
0.0077259
0.011581
0.019454
0.023844
0.030338
0.026194
0.020878
0.01531
0.016422
0.016475
0.01529
0.015835
0.015555
0.022668
0.023414
0.023664
0.022813
0.027947
0.031924
0.030887
0.031428
0.031212
0.029636
0.025914
0.022993
0.023734
0.023073
0.023899
0.022612
0.027231
0.025737
0.022904
0.022919
0.015384
0.016101
0.021999
0.024878
0.030495
0.035517
0.040345
0.034152
0.030772
0.031419
0.031125
0.031279
0.031215
0.031198
0.031307
0.030974
0.032811
0.040692
0.045892
0.051423
0.055464
0.053452
0.047256
0.053639
0.054942
0.054526
0.054743
0.054609
0.05469
0.054631
0.054672
0.054689
0.054076
0.045837
0.039476
0.038434
0.043482
0.04767
0.046253
0.047496
0.040878
0.038684
0.039136
0.039123
0.038205
0.031421
0.038138
0.03927
0.038883
0.039043
0.032021
0.031195
0.031047
0.031655
0.025374
0.023045
0.02472
0.028802
0.032275
0.029638
0.024273
0.022336
0.028594
0.025813
0.023298
0.026332
0.022481
0.024253
0.021936
0.016365
0.014673
0.018368
0.021056
0.017473
0.023239
0.018807
0.010518
0.0077464
0.0071126
0.012782
0.010232
0.010435
0.0092299
0.0069457
0.008698
0.004543
-0.00089048
0.00097722
-0.0048085
-0.008204
-0.0078032
-0.0075385
-0.0085125
-0.00308
0.00016489
-0.0064182
-0.011323
-0.015803
-0.017289
-0.024025
-0.023112
-0.023567
-0.023404
-0.023321
-0.02368
-0.02284
-0.026571
-0.032042
-0.030672
-0.031795
-0.030395
-0.035921
-0.039572
-0.038862
-0.038923
-0.040614
-0.047941
-0.044365
-0.039269
-0.045141
-0.043563
-0.046873
-0.047756
-0.054399
-0.054965
-0.053954
-0.058054
-0.062726
-0.066298
-0.071881
-0.066462
-0.06223
-0.062388
-0.062832
-0.060555
-0.054143
-0.054808
-0.047771
-0.053519
-0.055051
-0.058794
-0.057482
-0.062404
-0.062798
-0.060658
-0.053775
-0.04864
-0.044261
-0.039131
-0.03861
-0.044945
-0.047098
-0.047115
-0.044911
-0.039962
-0.039087
-0.039302
-0.037868
-0.03188
-0.02516
-0.024093
-0.023959
-0.024157
-0.02411
-0.023191
-0.023457
-0.023565
-0.02306
-0.024203
-0.019942
-0.015397
-0.010098
-0.0072289
-0.0076395
-0.001194
0.00060645
-0.0043503
-0.0089069
-0.0055621
0.00035923
-0.00032903
0.0003979
-0.00070792
0.0032119
0.0090247
0.016984
0.024342
0.022539
0.029674
0.031127
0.033057
0.039599
0.038718
0.039117
0.032062
0.030972
0.026045
0.022231
0.028335
0.031417
0.033562
0.043111
0.047047
0.046825
0.046786
0.046966
0.046636
0.047215
0.046126
0.050207
0.055138
0.054623
0.054308
0.060515
0.062713
0.062712
0.056628
0.054401
0.05427
0.059089
0.063077
0.062839
0.071213
0.077995
0.077833
0.078668
0.075859
0.070269
0.064702
0.061835
0.062785
0.062241
0.062761
0.069144
0.070707
0.069866
0.070805
0.064377
0.061978
0.063822
0.074251
0.076658
0.069524
0.07049
0.06467
0.062189
0.062602
0.062401
0.061968
0.053983
0.058111
0.062816
0.062715
0.058175
0.045548
0.036658
0.031092
0.031085
0.031627
0.030313
0.035188
0.044317
0.041178
0.039378
0.039168
0.0373
0.03055
0.03185
0.033489
0.031339
0.030991
0.031634
0.030477
0.033716
0.033557
0.030718
0.026286
0.019785
0.014662
0.020306
0.023965
0.02325
0.023411
0.023676
0.021054
0.016109
0.013771
0.0071912
0.0083641
0.0066433
0.00038234
-0.0054287
-0.0089251
-0.0064535
-0.011066
-0.012039
-0.017244
-0.024484
-0.028273
-0.032554
-0.02996
-0.03493
-0.039317
-0.039115
-0.038657
-0.044893
-0.047161
-0.046954
-0.046251
-0.050135
-0.055305
-0.061457
-0.062377
-0.068237
-0.070144
-0.069022
-0.070871
-0.069747
-0.071403
-0.077832
-0.078152
-0.078003
-0.078187
-0.077796
-0.079725
-0.087001
-0.082339
-0.077653
-0.078113
-0.08326
-0.089411
-0.094558
-0.092614
-0.097521
-0.096222
-0.093056
-0.093872
-0.093967
-0.090819
-0.084784
-0.086942
-0.081105
-0.077519
-0.078378
-0.077821
-0.078334
-0.077739
-0.078651
-0.075976
-0.069975
-0.07033
-0.0704
-0.069939
-0.071033
-0.065517
-0.062284
-0.059953
-0.0498
-0.043574
-0.03797
-0.033111
-0.027257
-0.023642
-0.022274
-0.016184
-0.0095726
-0.00053335
0.0074179
0.0035261
-0.0077978
-0.0074086
-0.0083142
-0.00201
0.00075337
0.0062111
0.012219
0.0099217
0.0049771
0.00049867
-0.0023842
-0.0041145
0.0066184
0.012954
0.019381
0.023832
0.023359
0.03043
0.031342
0.031261
0.031292
0.038258
0.038963
0.037823
0.039065
0.038025
0.033328
0.030686
0.031513
0.031058
0.031338
0.03116
0.031268
0.031204
0.03124
0.031221
0.03124
0.031215
0.031265
0.031185
0.031312
0.031117
0.031421
0.030922
0.031856
0.026725
0.022679
0.023779
0.017746
0.01505
0.016239
0.013646
0.014222
0.021225
0.029789
0.030973
0.03427
0.039865
0.038544
0.039853
0.040151
0.038077
0.043753
0.04029
0.039123
0.036206
0.029615
0.023659
0.024234
0.031065
0.031414
0.030763
0.037273
0.037859
0.029985
0.037628
0.038918
0.039656
0.034447
0.03066
0.031371
0.03135
0.030776
0.037203
0.039225
0.047607
0.055528
0.054121
0.055081
0.054077
0.048415
0.040576
0.038987
0.03867
0.045077
0.053934
0.055148
