0.028489
0.071938
-0.0078268
0.0083699
0.0040786
0.057079
-0.039305
-0.033128
-0.04913
0.072066
-0.0078204
-0.012134
-0.0125
0.051725
-0.00096576
-0.018792
-0.012681
0.018423
0.060218
-0.011496
-0.0096522
-0.0027837
0.063359
-0.017198
-0.026278
-0.020681
0.057475
0.0032589
-0.007681
-0.028275
0.023134
0.019764
-0.015121
-0.039061
-0.025619
0.010514
-0.030511
-0.0031644
0.0036269
0.052497
-0.01993
-0.013369
-0.034269
0.038809
-0.004746
-0.022639
-0.02224
0.029843
0.023201
-0.019529
-0.026796
-0.011847
0.010086
-0.040464
-0.015157
-0.028834
0.03194
-0.044035
-0.0002198
-0.032605
0.042942
0.0035152
-0.026375
-0.027795
-0.0016168
0.0208
-0.0095037
0.0018498
0.0013632
0.0441
-0.0084252
0.0014478
-0.00048708
0.068269
-0.001104
0.0139
-0.010511
0.0066402
0.020132
0.0047971
0.018601
0.015042
0.051772
-0.010299
0.018134
0.0065857
0.054979
-0.00060548
0.0034806
-0.0096765
-0.0082761
-0.018811
-0.020895
0.0081863
-0.0039543
0.025725
-0.0162
0.0052457
-0.021289
0.0022182
-0.030157
-0.023073
0.0071788
-0.010809
-0.001239
0.012417
0.012373
-0.03708
-0.021289
-0.053489
-0.0017779
-0.025643
0.0032875
-0.012892
0.0025555
0.0068908
-0.014904
0.012747
-0.009
0.035337
-0.014661
-0.0013431
0.0030835
-0.0035445
-0.046722
-0.0081186
-0.017757
-0.034354
0.004589
-0.02768
0.0023322
-0.016463
0.039818
0.01761
0.0081255
0.007975
0.019359
-0.0010037
-0.010888
0.019106
-0.0047515
0.032445
-0.017154
-0.0029247
-0.02179
0.024304
0.062744
0.054737
0.018097
0.01109
0.010256
-0.0049827
0.0077148
0.024383
0.01321
0.017011
-0.016789
-0.00063367
-0.027507
0.051737
-0.0050596
0.00042768
-0.037427
-0.0025256
0.020774
-0.026132
-0.0040239
-0.0099051
0.0096661
0.051428
0.0043619
-0.032651
0.033707
0.018697
-0.02018
-0.010328
-0.035087
-0.031288
0.061025
-0.023714
0.0015296
-0.014159
0.042265
-0.0025547
0.005387
-0.010129
-0.031612
0.014964
-0.028365
-0.01184
-0.014519
0.021466
-0.028092
-0.020175
-0.016723
-0.026767
0.064723
-0.05498
-0.025503
-0.051379
-0.013661
0.063861
-0.027012
0.0051639
-0.050017
-0.0010016
0.0075862
-0.013795
0.021801
-0.03877
0.03118
0.0022854
0.029528
0.031817
-0.01692
-0.004845
0.030273
-0.0061139
0.07847
-0.049173
-0.033114
0.02423
-0.043902
0.081173
-0.033972
-0.013904
0.016234
-0.014456
0.025309
0.00035255
-0.041812
0.024026
-0.0017049
-0.011221
0.0039667
-0.058553
0.019541
0.036819
-0.0084466
0.028864
-0.015741
-0.010648
0.045782
-0.051068
0.039937
0.0027898
-0.02766
0.074066
-0.067908
0.046317
-0.0027457
-0.022222
0.051127
-0.059572
0.052269
0.00059725
-0.0057274
0.0059628
-0.035302
0.040638
0.019684
-0.00099681
-0.047028
-0.014817
0.0040134
0.035172
-0.01061
-0.043249
0.010601
-0.0030374
0.043193
-0.042316
-0.032362
0.019477
-0.005299
0.037987
-0.048134
-0.018116
0.021851
0.010094
0.040845
-0.036733
-0.010047
0.026283
0.0061276
0.033795
-0.045706
0.0010778
0.019136
-0.0044682
0.027581
-0.040148
0.023178
0.029943
-0.017982
0.030663
-0.024468
0.019251
0.026129
-0.040053
0.00046578
-0.011297
0.0087263
0.033533
-0.026029
-0.03726
0.048744
-0.027445
0.083175
-0.047092
-0.045488
0.044769
-0.043418
0.077606
-0.079394
-0.0082861
0.031935
0.0008402
0.044198
-0.059747
-0.012149
0.00237
0.025753
-0.015302
-0.038096
-0.016455
-0.0016642
0.050074
-0.043123
-0.0079742
-0.0099416
-0.0072606
0.051915
-0.059173
0.012355
0.021839
0.0045956
0.050975
-0.069496
0.012936
0.017205
-0.00046061
0.038769
-0.056877
0.0071972
0.026727
0.016968
0.033679
-0.046204
0.0021157
0.013021
0.0011772
0.013611
-0.047738
0.01788
0.0065984
-8.1564e-005
-0.018457
-0.023371
-0.0012971
0.0058044
-0.00039426
-0.037857
0.0051343
-0.015265
0.0039111
-0.0080933
-0.054155
0.027099
-0.017138
0.032083
0.0034735
-0.042235
0.04498
-0.025663
0.033187
-0.026839
-0.035997
0.047561
-0.0003279
0.032492
-0.024193
-0.02373
0.070472
0.0091178
0.020906
-0.041955
-0.035993
0.044651
0.0034596
0.010495
-0.040617
-0.0062264
0.06027
0.02748
-0.0026232
-0.03082
-0.022648
0.048163
-0.0054284
-0.03691
0.0017013
-0.017657
0.052746
0.023143
-0.047724
0.060393
-0.021657
0.031465
0.0086343
-0.062477
0.026615
0.0050733
0.011442
-0.0068037
-0.023602
-0.0021821
0.059943
0.015682
-0.033235
-0.0047401
-0.034885
0.047134
0.013923
-0.059628
0.011513
-0.03596
0.020355
0.036928
-0.034575
0.0030981
-0.0095067
-0.013638
-0.0022901
-0.0027446
0.00095434
0.0256
-0.0060515
-0.042229
0.043781
0.011088
0.038703
-0.041949
-0.028198
0.027374
0.059587
0.011785
-0.042364
0.0085353
0.033273
0.042058
-0.036132
-0.0063362
-0.022895
0.031996
0.015633
-0.0080629
0.016972
-0.039061
-0.0010602
0.0077452
-0.019354
-0.028802
-0.039182
0.013818
-0.012
-0.026837
-0.066326
0.010476
0.045502
-0.067148
0.0027581
-0.017606
0.00057166
0.012694
-0.036188
0.0046503
0.026905
-0.049366
-0.015619
0.051597
0.0021631
0.0056347
-0.046187
0.016559
0.016445
0.042003
-0.0083686
0.028305
-0.00095237
-0.01912
-0.0073417
0.012977
0.017883
-0.020533
0.0068448
-0.016017
0.014258
-0.010619
0.027711
-0.0052725
-0.011824
-0.010027
0.0010835
0.038828
-0.041826
-0.027175
-0.020264
0.047236
0.058156
-0.0059421
-0.0036591
-0.026303
0.019029
0.0097629
0.051991
-0.040335
0.022632
0.00044452
0.018033
0.023066
-0.03743
0.026834
0.011547
0.013324
0.031205
-0.040545
-0.010593
0.0344
-0.0089442
-0.0033092
-0.06166
0.068342
-0.015432
0.047021
-0.052643
0.022062
0.051771
-0.021722
-0.034731
-0.031093
0.037832
-0.011392
-0.0067363
-0.021341
0.00018769
0.0050232
0.058975
0.0052823
-0.0060097
-0.042419
0.0064991
0.0012689
-0.022714
-0.0089458
-0.03576
0.013356
0.0090884
0.038436
-0.006463
-0.013494
-0.018047
-0.032788
-0.04775
-0.037671
0.016888
0.014551
-0.0040921
-0.010525
0.012549
-0.028925
-0.0001361
-0.02945
0.053799
-0.008359
0.039083
0.0043613
-0.0073288
-0.041701
0.017792
0.054932
0.0015761
-0.0024848
-0.0062206
0.012444
-0.025319
-0.00012403
0.022782
0.045632
0.00739
0.0051118
-0.030436
0.011521
-0.032089
-0.012648
-0.010205
0.026578
0.029072
-0.017332
-0.034654
-0.030663
0.0091147
-0.009784
-0.018242
0.043618
0.034613
-0.0090744
-0.066339
0.071286
-0.0044474
0.011217
-0.09512
0.026419
0.020678
0.017966
-0.062396
0.034211
0.038607
-0.0010753
-0.008142
-0.01828
0.082824
-0.027994
-0.0038049
-0.043842
0.064
-0.012046
-0.0069512
-0.042308
0.065018
-0.012429
0.0073782
-0.035159
0.016351
0.0074821
-0.045913
-0.026241
0.031683
0.073798
-0.034579
-0.034931
-0.019041
0.056509
-0.020858
0.0017302
-0.025809
0.068327
-0.0289
-0.038115
-0.042462
0.049338
-0.011679
-0.01674
-0.054557
0.065321
0.072489
0.002371
-0.031117
0.011353
0.037593
-0.042112
-0.050449
-0.019755
0.052915
-0.022401
-0.028945
-0.040787
0.095572
-0.024078
-0.011189
-0.07353
0.10501
-0.009082
-0.0097536
-0.089311
0.11578
-0.0063993
-0.011048
-0.080656
0.12392
0.019294
-0.0048081
-0.10963
0.10231
0.018638
0.018848
-0.10167
0.096358
0.040111
-0.013723
-0.12008
0.062829
0.049624
-0.0091454
-0.093183
0.060376
0.077977
-0.045281
-0.12562
0.015353
0.07564
-0.041939
-0.097331
0.024792
0.096423
-0.039259
-0.10681
0.01684
0.11859
-0.046598
-0.10746
0.0036529
0.12725
-0.018467
-0.092275
0.030386
0.13728
-0.043182
-0.10937
-0.0012972
0.13287
-0.035039
-0.09306
0.028552
0.15439
-0.013627
-0.10716
0.011542
0.11652
-0.036613
-0.12709
0.03383
0.14232
-0.0050704
-0.15004
0.035795
0.080452
-0.053114
-0.1678
0.060864
0.12741
0.0045851
-0.13719
0.064117
0.096951
-0.044737
-0.16434
0.063363
0.072643
-0.030884
-0.12685
0.1066
0.10692
0.0067217
-0.1262
0.11861
0.052439
-0.075754
-0.13142
0.093936
0.049805
-0.058792
-0.059784
0.10963
0.054858
-0.076832
-0.079866
0.094592
0.026126
-0.076376
-0.0040684
0.10564
0.010734
-0.099594
-0.0095145
0.080664
0.0061045
-0.076757
0.030192
0.070848
-0.011843
-0.080977
0.053025
0.040571
-0.037043
-0.06566
0.069291
0.019682
-0.020112
0.0091339
0.03669
0.0078958
-0.06945
-0.021713
0.0043368
0.010799
-0.049816
0.059537
0.032509
-0.022975
-0.069821
0.039864
0.0059972
-0.028931
-0.035422
0.037572
-0.0058759
-0.07182
-0.026011
0.08027
-0.0039754
-0.082245
0.035272
0.062552
-0.0095739
-0.047505
0.024684
0.043461
-0.046626
-0.053442
0.069852
0.020555
-0.0035577
-0.028652
0.049668
0.03545
-0.072452
-0.04764
0.10205
-0.017649
-0.07588
0.0071605
0.04058
0.0042532
-0.049734
0.024791
0.059738
-0.019579
-0.10539
0.047165
0.049052
-0.0043333
-0.065266
0.061964
0.032527
-0.0028745
-0.073415
0.047623
0.020464
-0.05165
-0.031585
0.10836
-0.0046327
-0.0033517
-0.057337
0.095945
0.028531
-0.091865
0.0057693
0.037183
0.015574
-0.072114
-0.02977
0.075313
-0.00095019
-0.056003
0.033917
0.046816
0.012255
-0.11782
0.03324
0.031958
0.017527
-0.11204
0.052562
0.027983
0.016134
-0.081105
0.023135
0.038626
0.008864
-0.10414
0.10887
-0.023186
0.047646
-0.1266
0.077786
0.058059
-0.0070318
-0.080433
0.061523
0.01152
0.067156
-0.16853
0.094438
-0.018685
0.011524
-0.090849
0.027823
0.061185
0.0055981
-0.070456
0.060915
0.037221
0.0026005
-0.061896
0.0040452
0.068213
-0.011006
-0.083146
0.045487
-0.0082675
0.051622
-0.13096
0.02401
0.029799
-0.01193
-0.023314
-0.038752
0.084677
-0.0075719
-0.012705
-0.018274
0.044614
0.011549
-0.031137
-0.025934
0.040296
0.045577
-0.0233
-0.0081432
-0.024962
0.0061068
-0.04181
-0.026806
0.035921
-0.0099512
0.03424
-0.024161
0.025072
0.027878
-0.012303
-0.010072
-0.0075899
-0.048785
0.029714
-0.016463
0.041124
-0.0024001
-0.035592
0.044242
-0.028775
0.062781
-0.019409
0.01042
0.040638
-0.0082775
0.0023824
-0.042463
0.0066874
0.0016165
0.023042
-0.022192
0.024967
-0.015767
0.02148
0.0047623
-0.059588
0.010988
-0.056561
0.079036
0.011343
0.01724
0.00013758
-0.024589
0.039294
-0.038544
-0.022033
-0.026832
0.019128
0.033246
-0.02348
-0.033576
-0.0058356
0.055182
0.02913
-0.0088573
-0.018446
-0.023059
0.040319
-0.0066099
0.0051612
-0.0087305
-0.0083909
0.024179
-0.057555
0.004069
-0.01958
0.0083232
0.035425
-0.050878
0.022896
-0.01999
0.010967
0.038973
-0.054084
-0.008268
-0.021354
0.011773
0.067094
-0.042768
-0.022296
-0.011733
-0.017358
0.051913
-0.034292
-0.016204
0.011548
0.0059959
0.060365
0.017993
-0.023078
-0.023007
-0.0069811
0.0063355
0.038617
-0.045787
-0.0033249
0.021912
-0.0036723
0.052184
-0.035683
-0.0013647
-0.0066619
-0.018918
0.027937
0.0049013
-0.0097606
-0.022016
-0.0050337
0.044635
0.010551
0.017575
-0.024842
0.00070558
0.017919
-0.013077
0.032536
-0.025302
-0.0081898
0.019341
-0.00043448
0.048315
-0.032669
-0.029966
0.050225
-0.026967
0.036028
0.017735
-0.024773
0.01803
-0.042101
0.0068975
0.053074
-0.040997
-0.016506
-0.0022951
-0.041008
0.013939
-0.0087294
-0.0052444
0.016698
-0.046132
0.020487
0.042404
-0.027014
-0.016524
-0.028869
-0.0086554
-0.00088496
-0.015973
0.00055335
4.2834e-005
-0.024076
0.018521
0.0412
0.0025277
-0.015453
0.0027737
0.0040376
0.00010767
-0.0086541
-0.016596
0.010034
-0.019565
0.0029593
0.040756
-0.021715
-0.015278
0.00083435
0.011634
0.021872
-0.010608
0.0049317
-0.0011883
-0.028834
0.014003
0.021696
0.0011442
-0.024839
-0.0085355
0.044702
0.0094156
0.0076885
0.02175
-0.019404
0.0055342
0.0042622
-0.0028687
0.022072
-0.035519
-0.005017
0.04873
-0.044955
0.026174
0.012744
-0.028427
0.019712
-0.0058982
0.011248
0.016642
-0.030785
0.0028596
0.00097603
-0.047114
-0.012376
0.030189
-0.002522
-0.010626
0.012385
-0.028618
0.0022452
-0.01064
1.2062e-005
0.0028244
-0.040701
0.0062338
0.048449
0.012042
-0.016447
0.0074333
0.0024628
-0.011042
0.027593
0.027244
-0.012224
-0.018633
-0.0038544
0.038831
0.011512
-0.010382
-0.016106
-0.0018131
-0.031614
0.02872
0.016105
-0.023914
0.0014383
0.0036606
0.011024
-0.014058
-0.020861
0.0052325
-0.041623
0.019435
0.020069
-0.016454
-0.0065373
-0.026574
0.036338
0.014956
5.7397e-005
0.026798
-0.016772
-0.033162
0.024727
-0.0027395
-0.015169
0.02621
-0.0039779
0.0079347
-0.0039206
-0.022075
0.034849
-0.0059867
-0.0095501
0.0033929
-0.021553
-0.046587
0.0258
0.024227
0.00075279
0.018353
-0.0074821
-0.033717
-0.010563
0.0051799
-0.0015531
-0.024399
0.0057393
0.017264
0.030395
0.0066971
0.008203
-0.016107
-0.016288
0.0075102
0.026551
-0.01048
-0.022622
0.033709
0.00077807
0.027079
0.031768
-0.0088074
-0.01128
-0.021085
0.027287
-0.0051127
-0.022215
0.0054523
-0.033708
-0.012804
0.034214
0.0011112
-0.0044581
-0.003327
-0.020127
0.015083
-0.039255
0.0071165
0.015399
-0.029095
0.030801
0.023958
-0.031309
0.015138
0.011449
-0.019307
0.010862
-0.01136
-0.016168
0.005728
-0.0043316
0.027249
0.0069988
-0.010655
0.01627
0.025476
-0.012636
0.0060389
0.0019717
-0.043084
0.018758
0.016775
-0.0013697
-0.020447
0.0040257
-0.023842
0.0041204
0.023229
-0.0075021
-0.036888
-0.020897
0.012736
0.015449
0.020508
-0.011676
-0.0080023
-0.021198
-0.0089752
0.038588
-0.026491
-0.0080922
-0.01141
-0.012083
0.009218
0.017776
0.030628
0.003622
0.0026459
0.038061
-0.0037375
-0.040296
0.0064892
-0.034002
-0.0019973
0.012278
0.0033633
0.017567
-0.023549
0.013805
0.046328
-0.028028
0.021413
0.043838
-0.014132
0.0076937
0.013992
-0.023195
0.015585
0.010962
0.020121
0.011632
-0.024713
0.0027809
0.023373
-0.02249
-0.0064121
0.015677
-0.041193
-0.012264
0.012528
0.011731
-0.014258
-0.015891
-0.018236
0.00018448
-0.00073465
-0.0046305
-0.015803
-0.022414
-0.011575
0.013078
0.0069382
-0.031251
-0.032417
0.0058136
-0.0075992
0.034907
-0.0053319
-0.026283
-0.0017738
-0.023618
0.032533
0.011264
-0.011307
-0.012756
-0.028595
0.004489
0.015968
-0.0042368
0.013413
-0.015417
0.033085
0.026794
-8.1123e-005
0.028754
-0.0027527
0.0069104
0.024539
-0.026277
0.015556
0.001114
-0.020438
0.035391
-0.01866
0.0015766
0.03531
-0.015866
0.016418
0.024195
-0.031889
0.016444
0.017231
-0.0034144
0.000769
-0.0094998
0.0001999
0.024518
0.0083903
0.022651
0.0042485
-0.030151
0.018685
0.019692
-0.012232
-0.01399
-0.0021266
-0.026742
-0.0049074
0.019603
-0.0096272
-0.043164
-0.0019003
-0.012251
-0.0033871
-0.014455
-0.015133
0.017451
-0.010565
0.028284
0.0065477
-0.047726
-0.021255
-0.0016492
-0.0045576
0.013852
-0.0021396
-0.0096757
-0.046925
0.0038759
0.024898
0.0085603
0.046432
-0.0088225
0.01868
-0.0038943
-0.025446
0.036689
-0.0446
-0.016394
0.039621
-0.033087
0.012672
0.021765
-0.012577
0.030876
0.0015369
-0.0070761
0.029147
-0.038526
0.012553
0.017406
-0.038284
0.028276
0.00092552
-0.020869
0.0068127
-0.0071312
0.017735
0.011257
-0.0020072
0.0066631
-0.013123
-0.020939
0.034986
0.01017
-0.023186
-0.010893
-0.014747
-0.0002009
0.0054067
0.0021593
-0.0071815
-0.0030411
0.0095673
0.054974
-0.012583
-0.031784
-0.0080821
-0.027689
0.026297
0.005132
0.015253
0.012904
-0.025266
0.043602
0.028125
0.00048851
-0.016119
0.00089567
0.0058046
-0.016767
0.030961
-0.021958
0.012568
0.014707
0.0020738
0.057657
-0.036277
-0.0025356
0.0029299
-0.067236
0.03285
-0.023739
-0.011204
-0.003639
-0.053428
0.054643
-0.0059376
-0.0045263
0.019548
-0.035972
-0.0055797
-0.010098
-0.030891
-0.030111
-0.016214
0.014154
0.027656
-0.019393
-0.021005
0.03828
-0.015584
0.043441
-0.038488
-0.015331
-0.018609
-0.013761
0.065457
-0.044556
0.043139
-0.0022681
0.032461
0.024286
-0.0089993
0.047004
-0.012997
0.014625
0.024191
0.0048209
-0.0052874
0.0042569
0.019898
0.020904
0.021863
0.01132
0.026388
-0.035416
0.0075356
0.0013492
-0.033002
0.010204
-0.040141
0.042095
-0.028728
-0.028172
0.037946
-0.03046
0.029317
-0.044324
-0.012835
-0.039407
-0.042478
0.027045
-0.036969
0.0022114
0.00010776
0.024439
0.01049
-0.026527
-0.015409
0.032793
-0.035611
0.023484
-0.057461
0.018569
7.3131e-005
-0.0053841
0.030284
-0.07534
0.067508
-0.048944
0.046239
-0.089085
0.027336
-0.010742
-0.0017518
-0.012528
0.017473
0.021621
-0.013476
-0.022212
0.028
0.016976
-0.025026
0.01723
-0.03787
0.042565
-0.046309
0.048686
-0.016983
0.050244
0.034857
-0.00090301
0.044536
-0.04185
0.072571
-0.033878
0.013783
-0.024689
0.034658
0.045477
-0.01867
0.0042995
0.001993
0.034974
0.01753
-0.020945
-0.010758
0.036738
-0.028495
0.0086403
-0.086354
0.085893
-0.037867
0.069522
-0.063557
0.037893
0.017537
-0.0058941
0.013695
-0.035301
0.036119
-0.033238
-0.0085026
-0.037537
0.019253
-0.01542
0.011735
-0.026476
0.038334
0.0067773
0.0092252
-0.0011525
-0.042916
0.034812
-0.058168
0.013047
-0.0063974
-0.014963
0.05927
-0.055699
-0.00064179
-0.018255
-0.023657
0.045626
-0.043316
-0.025311
-0.01963
-0.066889
0.014213
-0.014161
0.0011155
0.0166
-0.032271
-0.0019518
0.00058793
-0.0084711
-0.0077379
0.0087157
-0.016295
0.024648
0.010293
-0.02326
0.020791
-0.021582
0.018955
0.049912
-0.02502
0.02756
0.0071431
-0.00036003
0.069058
-0.011291
-0.0075487
0.0081883
-0.047649
0.037712
0.012363
-0.013235
0.015368
-0.01324
0.010824
0.028321
0.011585
0.0051545
-0.032556
0.010289
0.0051599
0.0068561
0.028283
-0.020972
0.0028119
0.047768
-0.036901
5.1356e-005
0.037375
-0.017898
0.007228
0.031507
-0.006501
-0.0079195
-0.011087
-0.0083743
0.0014546
-0.010848
-0.01352
-0.01993
-0.0048574
0.0033756
0.00092845
-0.0067625
-0.0023502
-0.015416
-0.02392
0.0053414
0.016657
-0.019378
-0.016884
0.010712
-0.0059806
-0.010321
0.016711
0.0099627
-0.012524
-0.0066413
-0.0049036
0.016044
-0.011781
-0.0030676
0.021936
0.017836
-0.0096442
-0.0048053
0.0086965
0.00028959
-0.011517
0.014579
0.013449
0.00019281
-0.00027092
0.0015786
0.0016732
0.0040375
-0.00037572
-0.010884
-0.00025008
-0.0090124
-0.016931
-0.018801
-0.014565
0.0080225
-0.0052173
0.00065336
-0.001338
-0.0046974
-0.018036
-0.012973
-0.011047
0.0074061
0.0080554
-0.0092775
0.0093258
0.01507
0.014186
0.027692
0.023586
0.0078992
0.0051263
0.0055409
0.0067482
0.017883
0.0082403
-0.0024301
-0.0031257
0.0049931
-0.013388
-0.0021044
0.0040629
-0.012616
-0.0014622
-0.0099089
-0.006628
-0.013563
-0.0081565
-0.0104
-0.0081153
-0.0055789
-0.0016537
-0.0092909
-0.0036765
0.0011311
-0.0020741
0.023789
0.021031
0.005466
0.00083679
0.0051214
0.0033206
0.011214
0.01374
0.032507
0.029057
0.021852
0.020323
0.0073843
-0.015105
-0.013519
-0.021597
-0.024614
-0.0088132
-0.0064699
-0.0047889
-0.014334
-0.010444
-0.011814
-0.006139
0.0054927
-0.0013453
0.0033715
-0.012921
-0.004352
-0.011366
-0.0090116
-0.011069
-0.0029878
-0.012361
-0.008504
-0.0023655
0.008079
4.6572e-005
0.018827
0.0076349
0.00035921
0.0013546
-0.0088066
-0.02149
-0.012456
-0.01226
-0.012345
-0.011978
-0.00019839
-0.022212
-0.0050592
0.0020561
-0.012895
-0.010263
-0.0038177
-0.0012206
0.0034051
0.017828
-0.0039011
0.011531
0.0040546
0.025965
0.023333
0.010738
-0.008805
0.0046887
0.0087515
0.014332
0.035404
0.019269
0.015565
0.012067
0.0060032
0.014647
0.027063
-0.0087283
0.002099
-0.013775
0.0077861
0.0053836
0.0081267
0.005335
-0.015701
-0.021005
-0.0084916
-0.014891
0.015377
0.006473
-0.01145
-0.020503
-0.0043433
-0.0076344
0.016486
0.0029868
-0.011881
-0.0073807
-0.0073538
-0.011813
-0.0021955
0.00030502
-0.0051937
-0.01453
-0.012714
0.014995
0.0028473
0.0087847
-0.0037367
0.00051492
-0.010681
0.0058796
0.0054978
0.0082886
0.0042481
-0.0041893
-0.019829
-0.010211
-0.013516
-3.3256e-006
-0.0044099
0.0034005
9.0147e-005
0.020849
0.016493
0.00055739
0.016906
0.014077
0.017386
0.0064002
0.0041005
0.0079178
-0.0079595
-0.0083841
0.022498
0.025768
0.034224
0.010652
0.017125
-0.0014777
0.011761
0.017348
0.038058
0.039714
0.0065745
-0.010842
-0.0052265
-0.026517
-0.014702
-0.0031424
-0.0073927
-0.03425
-0.028919
-0.022882
-0.030084
-0.022342
-0.0093692
-0.0021375
-0.022989
-0.033354
-0.033358
-0.047559
-0.033349
-0.024858
-0.023327
0.0047947
-0.0129
-0.03104
0.0090106
-0.0031885
-0.021029
0.012575
0.0053484
-0.0095812
-0.012594
0.024845
-0.016032
-0.00073295
0.05042
0.039612
0.014844
0.022297
-0.0065439
-0.028414
-0.0057737
0.00019408
0.018574
0.0051114
-0.0080948
-0.003499
-0.03006
-0.0024304
0.013586
0.03913
-0.027899
-0.013451
-0.0063567
-0.026824
0.0046999
0.041615
0.0089643
-0.0085556
0.029068
-0.0074689
0.0069445
0.02587
0.032508
0.021142
0.0067962
0.040651
0.02515
0.022292
0.0089335
0.06012
-0.020805
0.021625
0.012643
-0.0093423
0.024063
0.047354
0.0049343
0.035679
0.021564
-0.022101
0.0056009
0.01369
-0.015131
-0.010117
0.015111
0.0039052
-0.00034235
0.028335
0.020961
-0.036056
-0.030055
-0.039621
-0.0063533
0.01696
-0.012237
-0.011398
0.0028653
-0.027102
0.0021141
-0.0018195
-0.032805
-0.0094504
-0.025677
0.0085168
0.029201
-0.063021
0.00073287
0.0058147
-0.036989
0.039814
-0.055432
-0.027875
-0.011728
-0.05569
0.059772
-0.044
-0.031616
0.0076892
-0.040307
0.025628
-0.030855
-0.015956
0.010651
-0.038837
0.020302
-0.00089746
-0.0051205
-0.030395
-0.023896
-1.9128e-005
-0.0045888
0.031827
-0.01462
0.039865
-0.018137
-0.0085903
0.037007
-0.042399
0.028403
-0.0022779
0.028417
0.063984
-0.033901
0.043223
-0.016374
-0.017161
0.03134
-0.032675
0.019779
-0.028768
0.0078967
0.042491
-0.0089767
-0.0086718
0.00014328
-0.0053239
0.012348
-0.013368
-0.011566
0.060216
-0.029089
0.060709
-0.047921
0.040221
-0.0072176
-0.0060356
0.042742
-0.027981
0.071118
-0.033138
0.033645
-0.046787
0.014513
0.0035104
-0.013948
-0.017274
-0.00044657
0.024951
-0.00077053
-0.00049277
-0.0083698
0.042849
-0.016659
0.032441
-0.025649
0.031812
-0.014846
0.01637
0.0032042
-0.0099344
0.040174
-0.014303
0.038399
-0.056991
0.029009
-0.017872
-0.0064398
-0.0079011
-0.02215
0.062819
-0.045238
0.013678
-0.048636
0.041558
-0.0087556
-0.019868
-0.018018
0.0012029
0.015486
-0.0099325
-0.023047
0.011031
0.036133
0.01257
0.0073139
-0.033272
0.081863
-0.030021
0.055119
-0.082044
0.095673
-0.026399
0.039218
-0.051215
0.048799
0.023133
0.0019064
-0.033359
0.024528
-0.0077315
0.016745
-0.071066
0.018729
-0.024041
0.015305
-0.040493
-0.010715
0.0060422
-0.032668
-0.010643
-0.061592
0.020785
-0.061885
-0.0038545
-0.075384
0.017333
-0.050666
-0.011861
-0.060149
0.026202
-0.01958
-0.0020977
-0.080986
0.045825
-0.037255
0.029638
-0.086696
0.070666
-0.020106
0.027773
-0.068933
0.042693
0.0099539
0.012313
-0.021424
0.020188
0.019037
0.0085603
-0.037258
0.013162
0.0013104
0.035142
-0.021308
0.023494
0.029999
0.020263
0.012527
-0.0076622
0.075518
-0.00060973
0.055774
-0.02007
0.082087
0.0058643
0.036555
5.9561e-005
0.071621
0.026432
0.024974
-0.031719
0.083851
-0.011098
0.06376
-0.054402
0.09973
-0.026057
0.028294
-0.062357
0.035448
0.0080825
0.00392
-0.032126
0.022826
0.0049514
0.017687
-0.040986
0.016307
0.0040488
0.002217
-0.019037
-0.035646
0.013018
-0.068651
-0.0012967
-0.07979
0.030011
-0.042629
-0.005701
-0.038394
-0.010226
0.019392
-0.016037
-0.0070701
-0.00028878
0.045446
0.0069212
-0.02861
-0.030376
0.046596
-0.010904
0.033924
-0.087112
0.045981
-0.066543
0.0084891
-0.074784
-0.019667
0.0050444
-0.019933
-0.01036
-0.041149
0.0075505
-0.0096387
-0.011094
-0.016171
0.027148
0.00047513
0.011283
-0.044942
0.032712
0.019546
0.028308
0.038123
0.017153
0.084069
-0.004859
0.011688
-0.0075961
-4.1507e-005
0.043551
-0.027503
0.017139
-0.015211
0.0029495
0.021866
-0.026989
0.017229
0.0033103
0.015893
0.0091499
-0.039753
-0.0075269
-0.0046269
-0.00097412
-8.4771e-005
-0.012409
-0.017277
-0.0015539
-0.049582
-0.0077624
-0.04877
-0.062486
-0.039369
-0.075923
0.0072927
-0.065607
-0.021475
-0.00012696
-0.0069908
0.050776
0.021383
0.06031
0.055887
0.055908
0.069391
0.05345
0.053607
0.053367
0.036562
0.021417
0.022106
-0.001269
0.011088
0.025555
-0.0011883
0.038089
-0.019495
-0.02302
-0.0075938
-0.058085
-0.0095265
-0.047049
-0.060528
0.0035579
-0.06581
-0.0014347
-0.0070321
-0.037323
0.0024737
-0.047418
-0.028412
0.013664
-0.045404
-0.014764
-0.0092604
-0.0073781
0.060681
0.04725
0.040828
0.033103
0.002911
0.039024
0.063881
0.017117
0.01365
0.020802
0.028072
0.052752
0.044627
0.010916
0.038544
-0.0029156
0.024123
0.046344
-0.014513
-0.026624
-0.022256
-0.024113
0.016777
-0.037699
-0.039977
-0.026145
-0.060299
-0.0094649
-0.034432
-0.014128
-0.043004
-0.039585
0.0067291
-0.022357
-0.022392
-0.030455
-0.039212
0.03789
-0.025529
0.0047689
0.024812
-0.026982
-0.0092677
-0.016258
-0.030772
0.027466
-0.0020355
-0.0055024
0.043851
-0.016299
0.012827
0.038213
0.007465
-0.0010388
-0.0019896
-0.042045
0.0029587
-0.0044017
-0.011354
0.010904
-0.0042128
-0.029367
0.023855
0.0027743
-0.006281
-0.020916
-0.020306
0.0012534
0.023312
0.021788
0.014965
0.0080661
0.0074613
0.0075397
0.039373
0.025336
-0.032795
-0.015725
-0.0079957
-0.0050269
0.029265
-0.015189
0.008554
-0.0058778
-0.0075998
0.021383
0.0051477
-0.022372
-0.035063
-0.035231
0.030126
-0.0021889
-0.0030011
0.0067091
-0.0049246
0.011624
0.0034019
-0.01406
0.024091
-0.00087711
0.0012883
0.047168
0.014945
0.00083571
0.025232
0.003404
0.042138
0.021299
-0.022441
0.011832
0.025054
0.011906
-0.0037816
0.0038118
-0.0052061
-0.0058823
0.020192
0.0080683
0.011061
-0.0051183
-0.025059
0.025692
0.037855
0.0098771
-0.0093893
-0.03536
-0.035518
-0.030315
-0.0037459
0.0026273
0.0018376
-0.019172
0.014643
0.0087646
0.020187
0.0049488
-0.0094219
0.0049708
0.010651
0.00035846
0.013263
-0.015343
-0.019148
-0.0096918
0.020486
0.040768
-0.0069036
-0.029598
-0.020899
-0.010528
-0.016877
-0.010942
-0.036558
-0.014836
-0.012367
-0.014991
-0.0018669
-0.0093958
-0.031106
-0.026973
-0.038333
-0.026669
-0.00803
-0.030001
-0.0045484
0.013492
-0.013842
0.0040848
-0.0042131
-0.0065591
-0.010434
0.029076
0.016799
0.0062579
-0.011178
-0.027494
-0.02026
0.016228
0.0032485
0.0041172
-0.01319
-0.01255
-0.0020476
0.033806
0.038304
0.015126
0.0016957
-0.00020517
0.017899
0.030216
0.021786
0.025632
0.013306
0.021709
0.027655
0.0040703
0.027709
-0.0026012
0.0021023
0.0055924
0.010341
0.024209
0.01939
0.003838
0.022413
0.035411
0.035244
0.017614
-0.0010106
-0.0026477
-0.0010179
0.0084785
0.011288
-0.0081131
-0.0058007
-0.016451
-0.019336
-0.018817
-0.010256
-0.027347
-0.033014
-0.031494
-0.035709
-0.018347
-0.0018759
-0.011718
-0.010484
-0.025314
-0.018167
-0.013576
-0.024528
-0.022129
-0.0081337
0.0062733
0.020118
0.030032
0.016653
0.017829
0.0045086
0.00075553
-0.001366
0.0092931
-0.0059944
-0.0067558
0.0067177
0.012834
0.016915
0.0053874
-0.010718
-0.017376
-0.026205
-0.020506
-0.0098962
-0.0056787
-0.0016711
-0.0096378
-0.0045582
0.0021347
-0.0015967
0.00052502
0.0042227
-0.0040128
-0.0057491
-0.0048248
-0.00046035
0.016697
0.021164
0.023573
0.029426
0.017026
0.01355
0.0083244
0.026162
0.019685
0.017692
0.016207
0.0061555
0.00083217
-0.0043791
-0.0071401
0.0051951
0.004188
0.0055907
0.0089186
-0.0042462
-0.017114
-0.012865
-0.0038338
0.0079821
0.011449
-0.0049058
-0.00010655
-0.0020308
0.0031659
0.0069148
0.0030775
0.0099703
-0.0047889
-0.018469
0.004657
-0.0042481
-0.020607
-0.025149
-0.03024
-0.00073276
0.0037735
-0.0097033
-0.0045115
-0.014097
-0.017809
-0.011417
-0.016817
-0.0074863
-0.0097828
-0.014986
-0.0007795
-0.0043462
-0.01139
-0.024582
-0.0026737
0.014497
0.010795
0.01665
0.0059278
-0.0093315
0.0044221
0.0035528
0.013214
-0.0012975
-0.017218
-0.014463
0.0076714
0.017141
0.023424
0.022909
0.014146
-0.0058995
-0.0098364
0.0026318
0.0081244
0.0058071
0.0090845
0.025902
0.025097
0.010341
0.0076293
-0.00081797
0.0058505
-0.0015912
-0.009838
-0.0065984
-0.0039302
-0.0081263
0.0058716
-0.012081
-0.014449
-0.030067
-0.033064
-0.0048482
-0.022914
-0.006429
0.0068007
-0.009651
0.001828
0.003313
0.0071423
0.015559
0.00024723
0.013624
0.006664
0.0023828
0.0038506
0.00038123
0.0052555
0.026709
0.014255
0.013179
0.012641
-0.0033356
-0.020924
-0.012503
-0.003072
-0.0048474
0.0099146
0.0021362
0.0065832
-0.00035281
0.0025852
-0.0010546
0.016579
-0.0074378
-0.018469
-0.01569
-0.028755
-0.041308
-0.0099502
0.0038033
0.0095608
0.025618
0.010511
-0.0032883
-0.0010696
0.0060975
0.0066373
0.0047697
-0.0042006
0.0012512
-0.006068
0.0093495
0.0028594
0.013429
0.012533
-0.0040765
0.015413
0.022685
0.019187
0.0089588
0.0023561
0.0065334
-0.0022197
-0.0085223
-0.0072026
-0.0022553
-0.010633
-0.0088296
-0.016715
-0.011243
-0.014923
0.0047015
0.015926
0.0048137
-0.011589
-0.0074795
-0.0013199
-0.0096263
-0.0037641
0.0092779
0.0048796
0.0027942
-0.0049573
0.0024161
0.0011953
0.0098096
0.015163
0.011775
-0.006658
-0.0060355
-0.0054384
0.012735
0.002046
0.0053107
0.0055247
0.0030514
0.0023134
-0.0033491
-0.00084838
0.0062579
-0.0011312
0.014009
0.0035823
-0.0094695
-0.0067642
-0.0091889
0.0050996
0.0054239
0.0073851
0.004703
-0.0044547
0.00030217
-0.0097176
-0.027582
-0.012867
-0.011689
0.017445
0.024383
0.01093
0.0062521
-0.0025667
0.0029352
-0.0070936
-0.014958
-0.0088648
-0.013497
0.0034037
0.0018638
-0.0030488
-0.0083891
-0.013151
-0.01168
-0.028813
-0.033078
-0.020414
0.0074241
0.020533
0.01146
-0.012827
-0.02335
-0.028498
-0.0202
-0.0029768
0.00067472
0.012044
0.036926
0.048628
0.03165
0.011518
-0.0093041
-0.015462
-0.017138
-0.015756
-0.021538
-0.0034169
0.017339
0.033285
0.027192
0.0079007
-0.017768
-0.017917
0.0014319
0.005903
0.0038911
-0.0089869
-0.025056
-0.023208
-0.0065361
0.013485
0.020135
0.024999
0.013675
-0.006077
-0.01537
-0.015644
-0.0085426
-0.0048613
0.0057015
0.0054056
0.010636
0.00752
0.014573
0.018115
0.019605
0.015069
0.014294
0.013773
0.0002816
0.0098754
0.018036
0.019136
0.021902
0.019035
0.011754
-0.010439
-0.021774
-0.02322
-0.0056507
0.0059371
0.013152
0.015212
0.0084982
-0.012386
-0.018421
-0.016708
-0.004193
-0.011571
-0.00038646
0.0029092
-0.0028705
-0.012573
-0.013874
-0.001026
0.0092818
0.01372
0.017529
0.0012283
-0.024946
-0.03177
-0.025636
-0.022501
-0.02103
-0.014824
-0.00115
-0.0074069
-0.0092915
-0.012785
-0.0065312
-0.0059263
-0.025734
-0.017404
-0.0060713
-0.01183
-0.0090172
-0.021119
-0.0041781
-0.010509
0.003902
0.015716
0.023645
0.01996
0.012121
0.016939
0.020199
0.013173
0.011314
0.0082192
0.012532
0.017249
0.021849
0.041605
0.033817
0.018227
0.0065762
-0.0045153
-0.012416
-0.0090638
-0.0037882
0.011931
0.025926
0.041935
0.026001
0.0023698
-0.021286
-0.038763
-0.023883
-0.019286
-0.0054772
0.0041132
0.00025431
-0.010145
-0.021432
-0.010784
0.0095049
0.013988
0.021017
0.00010909
0.013534
0.0019323
0.006522
-0.029919
-0.011155
-0.010309
0.0051861
-0.013335
-0.010502
-0.014546
-0.0011396
-0.003702
0.013086
0.019133
0.01009
-0.0056856
-0.021336
-0.02609
-0.023826
0.012176
-0.0077099
-0.010621
-0.0066511
-0.017242
-0.014515
-0.032767
-0.019089
-0.0038922
-0.0044352
-0.0041386
-0.016267
0.0024958
0.012907
-0.0068658
0.0027051
-0.0035256
-0.0079439
0.0052276
-6.1175e-005
0.0029106
0.015652
-0.0043211
-0.0077248
0.0052264
0.00047989
-0.012759
-0.011218
0.0025784
0.016648
0.043335
0.040706
0.018694
0.025508
0.0084844
-0.0093252
-0.017871
-0.026277
-0.00077854
0.024528
0.01756
0.036833
0.026262
-0.0015738
-0.002378
0.0027706
0.021663
0.0096564
0.0031145
-0.01085
-0.01603
-0.032027
-0.020052
0.0018392
0.023178
0.0034834
0.010906
0.038373
0.01422
-0.00074484
0.0025605
-0.0018677
-0.02046
-0.03122
-0.014401
0.038335
0.013861
-0.019878
-0.020991
-0.014485
-0.00040905
0.00049962
-0.010741
-0.015907
-0.0041857
-0.010624
0.0082443
0.018339
-0.0010964
-0.034378
-0.00922
0.016966
0.017905
-0.0098816
-0.019808
-0.018918
-0.01888
0.017983
0.032029
0.020336
0.0045543
-0.0095396
0.0018487
0.015128
-0.0018617
-0.034862
-0.044324
-0.037439
-0.019522
0.0016842
0.017942
0.0013058
-0.0041486
-0.0044737
-0.013495
0.016859
-0.0062921
-0.0057685
0.0071804
0.0046033
0.0034076
0.0024223
0.025223
0.01904
0.0006581
0.02571
0.025433
0.016924
0.0033801
-0.015092
0.018796
0.0044579
0.0038586
0.0024475
0.0030661
-0.00013144
0.0054491
0.024724
0.03612
0.0227
0.0080131
-0.016127
-0.012615
0.00081015
-0.0072806
-0.0082917
-0.0070623
-0.019829
-0.0086612
-0.00073669
-0.002474
0.0045387
-0.011215
-0.029371
-0.013608
0.0053207
-0.0029764
-0.0074914
-0.017921
-0.029498
-0.025094
-0.019678
-0.0076604
-0.0034591
-0.0046184
-0.0024094
-0.016236
-0.01033
-0.0006783
-0.0012479
0.0074584
0.0014795
0.0066264
0.019135
-0.011408
-0.014116
-0.015252
-0.012705
-0.00070098
-0.0074344
0.013314
0.025464
0.010612
0.010243
-0.0046118
-0.004347
0.0037885
-0.0099652
-0.0033901
0.023451
0.018575
0.025317
0.0061239
0.0050206
-0.016427
-0.020807
-0.014421
0.020412
0.010061
0.023166
0.017504
0.031812
0.01296
0.021305
-0.0044794
-0.014599
-0.011797
-0.019984
0.024456
0.01895
0.0085159
-0.00057424
-0.025487
-0.010063
0.011795
0.010381
0.013026
-0.013759
-0.027
-0.0020027
0.022095
0.012971
0.00093571
-0.0068763
-0.021491
-0.026419
-0.00031275
0.015506
0.0046892
-0.0060528
-0.01486
-0.0021764
0.00047511
0.014246
0.01592
0.017781
0.013486
0.00023564
-0.0094453
-0.0019242
-0.020327
-0.0058907
0.022984
-0.0057008
8.1581e-005
0.025512
0.018647
0.022683
0.0031432
0.0052358
-0.016755
-0.033308
-0.019915
-0.011755
0.0019029
-0.010295
0.011126
0.029494
0.010938
0.0043801
-0.017813
-0.021286
-0.018185
-0.013677
-0.004229
-0.00024913
-0.0047483
-0.010207
-0.0069392
0.0077971
0.015693
0.005919
-0.0053479
-0.018543
-0.019657
-0.011127
0.010067
0.007417
0.0090157
-0.0067802
-0.029729
-0.022251
-0.01279
-0.0094456
-0.0080132
0.0053817
0.0050542
-0.0068309
0.0045642
-0.0043679
-0.012614
0.00055985
0.0065042
0.013187
0.022897
0.0081673
0.011108
-0.00053224
-0.0064663
-0.0052282
0.00286
0.017224
0.014161
0.0080295
-0.0016627
0.0021896
0.004258
0.022198
0.027256
0.0146
-0.006212
-0.019132
-0.013472
-0.01002
-0.0011091
0.010709
0.00084815
-0.010949
0.00013432
0.0014225
0.01608
0.021752
-0.0041158
0.0001856
-0.0072296
-0.0069414
0.0031634
-0.0031318
-0.00040465
0.0074134
9.1449e-005
0.019805
0.019821
0.0026498
0.0018147
-0.015654
-0.0093604
0.0037109
0.013608
0.0013047
-0.0039448
-0.020258
-0.016665
-0.004769
0.0097549
0.0069224
-0.01318
-0.012349
-0.0080674
-0.011007
-0.014576
-0.020372
-0.016593
-0.0019385
-0.0030814
0.012739
0.01296
-0.0037275
0.0062327
0.0016142
0.0088979
-0.012445
-0.0098886
-0.0025117
0.0085965
0.004265
0.0043282
0.023896
0.01406
0.015621
0.0098064
-0.00077952
-0.0059318
-0.0013892
0.0083901
0.018427
-6.6896e-005
-0.012833
-0.010522
-0.0074556
-0.008771
-0.0053929
0.0021743
0.0054808
-0.0039891
-0.0045178
-0.019279
-0.033429
-0.029144
-0.011494
-0.00042718
0.0008567
0.013263
0.013408
0.0062206
0.010997
0.0017911
-0.0075521
-0.015632
-0.018313
-0.0016606
0.0049053
0.0088929
0.023216
0.025693
0.016518
-0.00046882
0.0065716
0.013557
-0.0054333
-0.010084
-0.013649
-0.010592
0.00093908
0.012147
0.029449
0.015914
-0.0091427
-0.013903
-0.014391
0.010542
0.015506
0.016102
0.0085384
-0.019728
-0.027959
-0.013492
0.0027533
0.0057132
0.0044521
0.0065667
-0.0038272
0.0027447
0.015011
0.026786
0.019259
-0.0048649
-0.010281
-0.012434
-0.01644
-0.0042468
0.0061794
0.0057188
-0.010504
-0.021976
-0.014805
5.3802e-005
-0.0015379
0.0042718
-0.0023219
-0.010809
-0.0071738
0.0091917
0.018829
0.0084579
0.0032213
0.0037289
-0.0079449
-0.015219
-0.0053186
0.0045765
0.008755
0.0070052
0.0088624
0.0078661
0.0041829
0.0086299
0.019272
0.0073348
-0.012501
-0.01482
0.0020889
0.017481
0.0055407
0.0068328
-0.014146
-0.02755
-0.027486
-0.0098995
0.0032391
-0.006614
-0.0078453
-0.0073475
-0.0087502
-0.0091588
-0.0044068
-0.0045689
-0.0043407
-0.0052485
0.0023382
-0.0035948
0.0016953
-0.00034415
0.011136
0.0042382
0.0051227
0.014648
0.0029936
0.003865
0.0059297
0.0090301
0.010945
0.0036278
0.0065916
0.0024945
-0.0052322
0.0062957
0.013509
0.0050602
-0.0083047
-0.0052126
-0.001554
-0.0048065
0.0026194
0.0002746
0.013984
0.0067318
0.010592
-0.0011416
-0.014674
-0.019933
-0.010263
0.0072267
-0.0021437
0.0013868
0.0011159
0.0015044
0.0079252
0.010776
0.0080684
-0.022535
-0.019374
-0.0078367
-0.014536
-0.010229
-0.0028083
0.017008
0.010744
0.0087854
0.0046862
-0.01356
-0.017843
-0.015117
0.0030726
0.0022721
0.013801
0.0085718
0.0035536
-0.0013664
-0.0079518
-0.0055642
-0.0044438
-0.011447
-0.014704
0.0156
0.0022656
-0.008046
-0.015055
-0.004135
-0.0077388
0.0056165
0.022762
0.022202
0.019206
0.010758
0.012793
0.015162
0.0082966
-0.00031237
-0.0074645
-0.0048965
0.00076698
0.025267
0.028492
0.019853
0.0057569
-0.0053128
-0.019252
-0.022734
-0.016289
-0.00739
0.0064806
0.0057371
0.0037022
-0.001144
-0.014352
-0.0082087
-0.011414
-0.013054
0.0035722
-0.0073593
-0.0012916
-0.0057891
-0.010795
-0.0070416
-0.00037997
0.0069988
0.022732
0.020613
-0.0003193
-0.022196
-0.033383
-0.035049
-0.0071822
0.0085265
0.01581
0.011553
0.0059641
0.0067873
0.0051884
0.0080146
-0.0017796
0.0021588
0.0058126
0.022286
0.014338
-0.0015776
-0.020784
-0.019025
-0.013872
-0.0074912
0.013445
0.027163
0.014855
0.0025204
-0.0024985
-0.02188
-0.022336
-0.014614
-0.023293
0.0077064
0.0097351
-0.00023784
-0.00079372
-0.0035385
-0.0027074
3.2669e-005
-0.0052643
0.008281
0.012071
0.020288
0.0086863
-0.0016876
-0.0013365
-0.0096163
-0.0090016
-0.0069961
-0.016859
-0.0021131
0.01212
0.021672
0.024298
0.021264
0.020609
-0.00014187
0.007054
-0.01794
-0.013597
-0.0054045
0.0033645
0.0096955
0.020975
0.02165
0.0067818
-0.0077581
0.0023317
-0.020231
-0.0043323
-0.0051071
-0.00098059
0.010609
0.0023639
0.0021478
-0.0054171
-0.02158
-0.024257
-0.023402
-0.0059315
0.01545
0.027651
0.0091781
-0.010425
-0.022795
-0.037394
-0.02164
-0.013078
-0.00201
-0.0056376
0.0053368
0.024654
0.024398
0.029812
0.0049931
-0.013227
-0.018141
-0.01541
-0.023566
-0.0077335
-0.016085
-0.0013678
0.0043852
0.018325
0.040746
0.025369
0.022831
0.01129
-0.0072938
-0.02928
-0.014181
0.0010453
0.0026608
0.0034874
-0.0020478
0.0061813
0.0042691
-0.0042489
-0.014686
-0.022945
-0.00298
0.0080799
0.0074409
-0.0034319
-1.4839e-005
0.0051148
0.013017
0.0038293
-0.0086634
-0.0064868
-0.0042956
-0.0027622
0.0074255
0.020566
0.026934
0.0060515
0.025527
0.018246
0.020675
0.011126
-0.01629
-0.018629
-0.011808
0.0019418
0.0060959
0.018146
0.029413
0.024383
0.013237
0.0033966
-0.0018581
-0.0082916
-0.030696
-0.033661
-0.025132
0.012548
-0.004465
-0.0042388
0.0049724
-0.00055948
-0.014209
-0.021581
-0.026303
-0.01102
-0.0027363
-0.0095135
-0.0037907
0.0067019
-0.0013537
-0.0061897
-0.019969
-0.010169
0.012841
-0.011535
-0.013396
0.002685
0.0055171
0.00794
-0.013685
-0.0073606
-0.0050299
-0.015429
-0.017184
-0.010739
-0.014521
0.017025
-0.0028006
-0.003392
0.0068523
0.0092429
-0.0057941
-0.016113
-0.020149
-0.011237
-0.0082819
0.019833
0.0099157
0.032945
0.038154
0.0178
0.0071478
0.020172
0.014894
0.013412
-0.0021336
-0.017048
0.0070623
0.012485
0.013782
0.0016441
0.0071056
0.020433
0.01379
0.00042505
-0.012849
-0.0020495
0.0010884
0.010117
0.00063361
0.004483
0.0011385
-0.011461
-0.018142
-0.012648
0.00059361
0.00066398
-0.0039072
-0.0055827
0.001901
0.020754
0.015099
0.0041412
-0.017059
-0.019773
-0.0063863
-0.0056536
-0.0067004
-0.010816
0.0039664
0.016063
0.016459
0.018553
0.0028326
-0.015091
-0.02382
-0.020745
-0.0065498
-0.012763
-0.017764
-0.0083004
-0.0072065
-0.014379
-0.015228
-0.019498
-0.012741
-0.00040861
0.0069778
0.0075488
-0.0013161
-0.011449
-0.0015357
0.015657
0.016111
0.010663
-0.0043034
-0.0094291
0.0062081
0.01701
0.018889
0.014479
0.014585
0.0040151
0.014425
0.031456
0.021402
0.0062007
-0.011421
-0.017011
-0.0059457
-0.0034408
0.0029733
0.023315
0.019265
0.012161
-0.0050318
-0.0060381
-0.0049385
-0.0084666
-0.0063103
-0.00041601
-0.012482
-0.011185
-0.010345
0.001836
0.0089989
-0.0002247
-0.0054429
-0.01523
-0.0087502
-0.003106
0.00089397
-0.0038242
-0.000804
0.0018195
0.0089618
0.007493
0.0088724
0.0093492
0.012678
0.016036
0.013297
0.0059488
-0.00061011
-0.010411
-0.010253
-0.0029005
0.0038423
0.00019335
-0.0030874
-0.014754
-0.017825
-0.018372
-0.008079
-0.0011882
-0.0076034
-0.0011259
-0.002123
-0.0023408
0.002926
0.0041939
0.0008914
-0.00075707
-0.00069801
0.00020636
2.2955e-005
0.0030046
0.013495
0.009522
0.0073373
0.0075791
-0.001305
-0.0074744
-0.0076288
-0.011388
-0.0085142
-0.007416
-0.0081913
-0.0073254
-0.008657
-0.0040161
0.00038181
0.0033866
-0.0045332
-0.0062043
-0.013104
-0.011434
-0.0096403
-0.0045238
0.00011708
-0.0016119
-0.0036754
-0.0042187
0.015373
0.0092555
0.0050449
0.0034497
-0.00058235
-0.00029623
0.0049875
0.0064185
0.010577
0.0049856
0.0034196
0.0081894
0.009263
0.032079
0.011751
0.0010432
0.00082388
-0.010165
-0.0085227
-0.0042635
-0.0068545
-0.0018158
-0.0045721
-0.0016807
0.0016453
-0.0035572
0.0029297
-0.012952
-0.0083884
0.0021142
-0.00066146
0.0017033
0.0064913
0.004643
0.0097688
0.011605
0.00019952
-0.00088468
-0.0094049
0.0049864
0.01842
0.025506
0.029642
0.023454
0.015932
0.008838
0.011894
0.0064483
-0.0024738
-0.013479
-0.015376
-0.0090185
0.0098316
0.0022876
-0.0029068
-0.002011
-0.0085486
0.002328
-0.0042168
-0.0091487
-0.015007
-0.011939
-0.0037531
-0.00077196
0.014949
0.0042205
-0.00875
-0.016809
-0.021307
-0.013887
-0.012867
-0.013978
-0.0049347
0.0014342
0.0076273
0.011115
0.0096388
0.015762
-0.0060158
-0.016546
-0.023686
-0.015687
-0.013624
0.0080675
0.0013245
0.011418
0.0020458
0.0081722
0.014544
0.014897
-0.00023689
-0.011363
-0.021337
-0.023992
-0.015624
-0.011177
-0.0063941
-0.011911
-0.0069393
-0.0010488
0.0071659
0.028428
0.021725
0.012061
-0.0035169
-0.010262
-0.0056357
-0.0066736
-0.018243
-0.018342
0.0027315
0.013658
0.026473
0.021816
0.0069144
0.0018518
-0.0013287
-0.010839
-0.017896
-0.03002
-0.0020055
-0.00057378
0.023121
0.023173
0.011828
-0.00090285
-0.0064966
-0.013488
-0.001733
-0.0048952
-0.0053031
0.0013053
0.0015743
0.0099788
0.011617
0.011944
0.0056834
0.0057711
0.0019262
0.0039531
0.0017075
0.014932
0.016809
0.035412
0.015683
0.0021116
-0.0069846
-0.030684
-0.018479
-0.0051308
0.020444
0.025727
0.020605
-0.0087381
-0.0084496
-0.0082536
-0.0029554
0.0029602
-0.007309
0.0096181
-0.0044386
-0.00054847
0.0075476
0.0016747
-0.015697
-0.011498
-0.015967
-0.0095847
0.0039977
0.0021198
0.0020217
-0.0027867
-0.0060791
-0.010426
-0.0016255
-0.0076554
-0.018451
-0.015067
-0.026406
-0.0052943
-0.0058135
0.0092196
0.022093
0.027196
0.017028
0.0011938
-0.022
-0.043778
-0.031514
-0.015154
-0.0045383
0.023192
0.028063
0.025868
0.012552
-0.0010753
-0.009596
-0.011384
-0.0078324
-0.0046735
0.010312
0.020044
0.032941
0.017411
0.0005608
-0.0024178
-0.017801
-0.017436
-0.0049929
0.016242
0.022331
0.027974
0.011051
0.010379
-0.012171
-0.02585
-0.03208
-0.029824
-0.021136
-0.011963
0.010833
0.016633
0.018717
0.0092805
0.0030412
-0.0035094
-0.022862
-0.0228
-0.018125
-0.015046
-0.010459
-0.0034926
0.012385
0.018802
0.018067
0.006081
0.0035979
0.0068018
0.002991
-0.00033826
-0.0036682
-0.00042092
0.0034556
-0.0050527
-0.00040344
0.0045324
0.023537
0.016641
0.0076257
0.00055064
-0.00080134
0.0074139
-0.0019217
0.0071651
0.0029186
-0.0012164
-0.012648
-0.010232
-0.0080181
-0.0083528
-0.0062982
-0.0042639
0.0073638
0.0012185
0.0032072
-0.0031999
0.00073039
-0.0027027
-0.011001
-0.017955
-0.024526
-0.014683
-0.0080969
0.00061428
0.013017
0.022247
0.022767
0.012989
0.0090702
0.012006
-0.0025983
-0.013922
-0.013498
-0.0017463
0.013386
0.015107
0.014896
0.0055556
-0.0047864
-0.0090074
-0.0086363
-0.010637
-0.012454
-0.006108
-0.0024135
0.0071825
0.0098299
0.020685
0.013493
-0.0074643
-0.014611
-0.0065274
0.0065763
0.0069855
0.010238
0.012426
0.0077584
0.0058094
0.0051766
0.0032182
0.0046294
0.0070678
0.0080211
0.00071632
-0.0090048
-0.012762
-0.010789
-0.0048428
0.00054787
0.0063349
-0.0059714
-0.022725
-0.022819
-0.015935
-0.0095662
-0.014516
-0.012205
-0.0099979
0.00014094
0.00023975
-0.00082682
-0.0050147
-0.0098538
-0.0089868
0.0060149
0.012059
0.0113
0.005384
-0.000568
-0.005028
0.0033189
0.0062864
0.00042655
-0.0052946
-0.002094
0.01065
0.01439
0.012514
0.010213
0.0059154
0.0017719
0.0031761
-0.0026021
-0.0060405
-0.018781
-0.014428
-0.0072195
-0.0032799
0.00038457
0.0026385
0.011416
0.01526
0.017991
0.019815
0.0090071
0.0003428
-0.0074694
-0.00065562
0.0053474
0.0067713
0.0038559
-0.0044787
0.00055282
0.0053709
0.007379
0.0016367
-0.0039916
-0.0031514
0.013649
0.013733
0.014315
-0.00049977
-0.011433
-0.017781
-0.007227
0.0024635
0.0095333
0.00039449
-0.0062319
-0.0098081
0.0017769
0.0020208
0.0016424
-0.0081559
-0.010467
-0.0091999
-0.00036814
0.0010056
0.0024396
-0.0023254
-0.00022245
0.0021614
0.0052745
4.5976e-006
-0.0047395
-0.010789
-0.011244
-0.001263
0.0081881
0.012963
0.001437
-0.0019643
0.00032207
0.010221
0.012586
0.01381
0.0047193
-0.0052465
-0.016921
-0.0087032
0.00057829
0.0068228
-0.0013382
-0.0016986
-0.0095931
-0.0061741
-0.0056195
-0.0036816
-0.0093203
-0.0029144
-0.006396
-0.0053969
-0.0078668
-0.00072347
-0.0044605
-0.00070149
-0.0094003
-0.004582
-0.0047085
-0.0029544
-0.0019394
0.003216
0.0044172
0.0062459
0.0060558
0.0015983
-0.0019011
0.0034126
0.0020017
0.0042605
0.003566
0.0073277
0.002391
-0.00011445
-0.0047948
-0.004794
-0.0043762
-0.00087821
0.0024592
0.0051264
-0.00066323
-0.007722
-0.0092298
-0.0017753
0.0021224
0.00507
0.0091318
0.012983
0.0082731
0.0080109
0.005121
0.0038577
0.0016118
0.0049611
0.0080346
0.012741
0.013681
0.019813
0.015515
0.011245
-0.0014939
-0.00024001
-0.0038327
0.00061693
-0.0034698
0.0023681
-0.007509
-0.0064772
-0.0099009
-0.0037957
-0.0022401
-0.0029397
-0.0091295
-0.018622
-0.021508
