0
0.016621
-0.0082759
0
-0.013947
0.022223
-0.01105
0.0055402
-0.062699
0.028988
-0.07719
0.018349
0.029853
-0.014815
-0.015038
-0.06252
0.056441
0
0.021117
-0.0029895
-0.018127
-0.01227
0.036368
-0.011976
-0.024391
0.094187
0.027703
-0.050431
0.011429
-0.011429
-0.023257
0.023257
0
-0.047068
0.04419
-0.020379
-0.011834
0.029328
0.014347
-0.031841
0.017493
-0.032308
0.02068
-0.0177
0.011834
0.034686
0
0
0
0
-0.0085593
0.017046
0.01676
0.051293
0.066182
0.01467
-0.049762
-0.05506
0.0080537
0
0.026387
-0.053489
0.032435
-0.0053333
0.0053333
0
-0.071656
-0.017291
-0.0058309
0
0.037307
-0.028573
0.014389
0.005698
-0.011429
-0.035091
-0.04256
-0.057524
0.063716
-0.03774
0.028438
-0.0031201
0.036814
-0.024391
-0.012423
-0.038221
0.087011
0
0.0029718
0.023461
-0.0029028
0
-0.011696
0.051587
-0.063422
-0.018019
-0.030772
-0.084741
0.0067797
-0.013606
0.027029
-0.006689
-0.044604
-0.046687
0.028988
0.041964
0.027029
0.09531
-0.006079
-0.024693
-0.051293
0.082065
0.047346
-0.023393
-0.054725
0.063561
-0.038869
0.081917
-0.0113
0.049872
-0.0027064
-0.016394
-0.030772
0.055263
0.0053619
0.010638
0.031253
-0.0051414
-0.042111
0.0053619
-0.083614
0.034289
0.033152
0.04256
0.040822
-0.020203
0.035091
-0.014889
0.029559
-0.029559
0.039221
0
0
0.0095695
-0.0095695
0.0095695
-0.016807
-0.019561
0.031594
-0.0047962
-0.0096619
0
-0.049762
0.030153
0.034067
0.0023895
-0.0071857
0.0047962
-0.0072029
0.021455
-0.0047281
-0.023982
-0.019608
-0.020001
0.027399
-0.014852
0.027062
-0.024571
0.048553
-0.0095239
0.018958
-0.018958
-0.039029
-0.040615
0.0025873
-0.0077821
-0.021053
0.023654
0.015464
0.0025543
0.010152
-0.012707
-0.01287
0.017972
0.0076046
0.17132
0.0063627
0.014691
0.0082988
0.0041237
0
-0.03774
0.021142
-0.0041929
-0.034191
0.012959
-0.0086207
-0.030772
0.10178
-0.024491
-0.055216
-0.015402
0.019759
0
-0.072103
0.10629
-0.051736
0.026202
-0.12617
0.13689
0.047876
0.035932
-0.023811
0.066043
-0.0075472
0.044452
0.010811
-0.0036626
7.1945e-005
-0.014493
0.025227
-0.014337
0.010772
-0.014389
-0.014599
0.007326
0
-0.037179
-0.030772
-0.023717
-0.016129
-0.010215
0.14146
0.0088732
0.031307
-0.013793
-0.029958
-0.0053812
-0.014493
-0.011009
-0.0036969
-0.024369
-0.028876
0
-0.027725
-0.036814
0.012423
0.0061539
-0.031155
-0.010605
0
0.0084926
0.016772
0
0.0020768
-0.0020768
0
0
-0.027399
-0.0085837
0.0064447
-0.015103
-0.0065431
-0.037909
-0.011429
-0.035091
-0.079249
0.074476
0.051293
0.0090498
0.015643
0.019759
-0.015334
-0.0066445
0.0044346
0.004415
-0.011074
0.011074
0
-0.0066299
0.019759
0.015103
0.002139
0
-0.0042827
-0.0064586
-0.0086768
0
0.0065147
0
-0.0086957
-0.010977
0.0044053
0.0065718
-0.008772
-0.038164
-0.002291
0
-0.018519
-0.0093897
0.0047059
-0.028573
-0.0072728
-0.0024361
0.0097088
-0.0048426
0.0024242
0
-0.0072904
0
-0.009804
-0.0024661
-0.0024722
0
-0.037836
-0.012937
0.012937
-0.015544
-0.0026144
-0.048267
0.013643
-0.0054348
0.026883
0.010554
0.046162
-0.0025094
-0.012642
-0.028389
0.0026144
0.01039
-0.015625
0.013038
0.010309
0.0051151
0.012674
-0.0050505
-0.015306
-0.007742
-0.010417
0
0
0.0026144
0.0052083
0.002594
-0.002594
0.015464
-0.0025608
-0.018112
-0.0052356
0.03101
-0.0025478
-0.0025543
-0.015464
-0.0026008
-0.0052219
-0.013175
-0.002656
-0.0026631
0.0053192
0.002649
-0.0053051
-0.0026631
0.0026631
0
0.0053051
0
0
-0.013316
-0.0026846
-0.024491
-0.019472
-0.0028129
0.022285
0.021799
-0.0054054
-0.0081633
-0.016529
-0.019636
-0.011396
0.014225
0.0306
0.013606
-0.013606
0
0.084039
0.012516
-0.0049875
0
0.007472
-0.0024845
0.0024845
-0.0099751
-0.015152
-0.0025478
0.0025478
-0.0076629
0.0025608
-0.0051282
-0.007742
0
0.0025873
-0.013004
0.033465
0.022529
0.0049383
0.0068729
0.010222
0.0049273
0.009496
0
-0.024058
0.019273
-0.019371
0.0040018
0.015369
-0.029199
-0.00098814
0.00098814
0.026606
-0.004627
-0.0024184
0.011842
-0.025789
-0.011061
-0.011988
-0.01519
-0.020619
-0.038221
-0.0054259
-0.00097981
-0.00076273
0.032811
-0.024561
0.0053908
-0.0072304
0.017926
-0.021506
0
-0.01854
0.017453
-0.00054422
-0.02324
-0.00044583
-0.00011149
-0.030451
0.039994
0.00055203
0.028294
-0.029398
-0.038178
-0.0031043
-0.013681
0.002565
-0.0073629
-0.00011731
-0.014654
-0.0059702
0.0029895
-0.033387
0.010806
-0.014021
-0.0042199
-0.023916
-0.0063898
0.025318
0.0031201
-0.019504
0.016383
-0.012579
-0.015949
0.010237
-0.0083094
0.016929
-0.022077
0
0
-0.0097245
0
0.003252
0
0.010336
-0.002574
-0.007762
0.019293
-0.002551
-0.0076923
-0.0012878
-0.0012895
-0.0064725
-0.0045558
0.021043
0.0059861
-0.016
0.0032206
-0.0064516
-0.0032415
0.0064725
0
0.0032206
0
0
-0.0032206
0.0096309
-0.0032
-0.0032103
0
-0.0032206
0.0032206
0
-0.0032206
-0.003231
-0.0064935
0.003252
0
0
0
-0.003252
-0.0032626
0.0065147
0
0
0.0064725
0.0096309
0.0063694
0
0.0031696
0
0
0
-0.0063492
-0.0031898
-0.0064103
0
0.0032103
-0.02927
0.0032949
0.0065574
0.012987
0.025479
0.0125
0
0
-0.0031104
-0.0031201
0
-0.0062696
-0.0063092
-0.009539
-0.029175
-0.0032949
-0.0033058
-0.0066445
0
0.0033278
-0.013378
0.01005
0.016529
-0.016529
0
-0.006689
0.019934
0.032365
-0.0031898
0.0031898
0.025159
-0.0031104
0.015456
-0.021706
-0.0031397
-0.0031496
0.024923
0.015267
-0.02144
-0.015601
0.015601
-0.044311
0.044311
0.0061729
0.012233
0.015083
0.0059702
0.099091
0.013387
0.002656
0.002649
-0.002649
-0.002656
-0.0026631
-0.0026702
0
-0.0026774
-0.00096561
0.00096561
0.010667
-0.024162
-0.0054496
-0.013755
0.0027663
0
0
-0.013908
0.0027972
0
-0.011236
0.011236
-0.0027972
-0.0028051
0.0028051
-0.0028051
-0.0084627
-0.017143
-0.002886
-0.011628
-0.0029283
-0.0088366
-0.0089154
0
0
0
0.0089154
0
-0.0059347
0
0
-0.0029806
-0.012012
-0.0030257
-0.015267
-0.015504
0.027737
0.0090772
0.014948
0.002963
0
-0.002963
0
-0.0029718
0
0.0029718
-0.0059524
0.0029806
-0.0059702
0
-0.0029985
0.0029985
0
0.0029895
0.0029806
0.0029718
-0.01194
0.0089687
0
0.0059347
0.0058997
0.0029369
0
0
-0.0088366
-0.014903
-0.0030075
-0.0030166
0.0030166
0
-0.0060423
-0.018349
0.0030817
0.0091884
0
-0.0091884
-0.0092736
-0.0031104
-0.00625
-0.0094489
-0.0031696
-0.0031797
-0.0096001
0.0096001
-0.0096001
-0.0032206
-0.0097245
0.0097245
0
-0.029462
-0.013378
0
-0.0033727
-0.0067797
0.0067797
0.0033727
0.016695
0.0066007
0.0032841
-0.0032841
0.0032841
0
-0.0032841
0
0
-0.0032949
-0.0066225
-0.0033278
-0.0033389
-0.0033501
-0.013514
-0.006826
-0.0068729
0
0.0034423
-0.013841
-0.006993
0.006993
0
-0.010508
-0.014185
0
-0.025318
-0.01105
0
-0.011173
-0.0037523
0
0
0
0.018623
0.007353
-0.0036697
0
0.0036697
-0.007353
0.021899
0.01789
0
0.010582
0
0.0035026
0
0.0034904
0.0034783
0.0069204
0.023851
0
-0.010152
-0.013699
-0.0069204
-0.017514
-0.014235
0.0035778
0.0071175
0.0035398
0
0
-0.0070922
-0.0035651
0.010657
0.0070423
0
0.006993
0.0034783
0.0034662
0.010327
0
0.016978
0.0033613
-0.006734
-0.0033841
0.010118
-0.013514
0.013514
0.013334
-0.0033168
0
0
0
0.02299
0
0.0032415
0.003231
-0.003231
0
0
-0.0032415
0
0.0032415
0.0096619
0.0032
-0.0032
-0.0032103
-0.0064516
-0.0064935
-0.00982
0
-0.016584
-0.0033501
-0.016921
-0.013746
-0.017452
-0.024957
0
-0.018215
-0.011091
0
-0.018762
-0.0076046
0.0076046
-0.0076046
-0.0076629
-0.007722
-0.0038835
0
-0.0038986
-0.011788
0.011788
0.0077821
0
0
-0.0077821
-0.0039139
0
0.0039139
0
-0.0039139
0.0039139
0
0
-0.027725
-0.0040242
0
-0.012171
0.016195
0.011976
-0.0079682
0.0079682
-0.016
0
0.0080322
-0.004008
0
-0.0040242
-0.0040404
-0.016327
-0.0041237
0.0041237
0.016327
0
0.0080646
0.015937
0.0039448
-0.0039448
-0.024001
-0.01222
0
0
0
0.016261
0
0.0040242
-0.0040242
-0.0040404
-0.01222
0.01222
-0.037118
-0.012685
0.057867
0.019881
0.0039293
0.0078125
-0.0038986
0.0038986
-0.023623
-0.020121
-0.016394
0
0
-0.0041408
0.0041408
0.01232
-0.0081968
0
0.016327
0.012073
0.0079682
0.0039604
0
0.0039448
0
0
0.019494
0.0038536
-0.0038536
0.011516
0
0
0
-0.0076629
-0.0038536
0
-0.007752
-0.015687
-0.0079365
0.011881
0.011742
0
-0.0038986
0.0077821
0.007722
0
-0.0038536
-0.0038685
-0.0038835
-0.0038986
0
-0.0039139
-0.031875
0
-0.01222
-0.0041068
-0.012423
-0.0041754
-0.0041929
-0.012685
-0.017168
0.0043197
0
0.012848
0
-0.0085471
0
-0.0043011
0
0
0.012848
-0.0042644
0
-0.0042827
0.0042827
0.0042644
0.015203
-0.015203
-0.0085471
-0.0043011
0.011145
0
-0.015464
-0.013072
-0.0088106
0
0
0
0
0
-0.0088889
0
0
0.0088889
0.0088106
0.0087337
0.0086581
0.0043011
0
-0.0043011
0.0043011
-0.0043011
0
0
0
0
0
0.021323
-0.0042283
0.0042283
0.016737
0
-0.016737
-0.017022
-0.0043011
-0.013015
0
0
-0.008772
-0.0088496
0
0.0088496
0.0043956
0.0087337
-0.026433
0.0044544
0
0.0044346
0
0.004415
0.008772
0.0043573
0.0086581
0
0.017094
0.012632
0.0083334
-0.0083334
-0.012632
-0.03011
-0.008772
-0.0088496
-0.022473
-0.0045558
-0.0091744
0.01373
0.022473
0.0044346
0.004415
0.0043956
0
0.0043764
-0.0043764
-0.0043956
-0.004415
0
0.0088106
0
0
-0.0043956
-0.004415
-0.0088889
-0.0089687
-0.018182
-0.0092167
-0.0093024
0.021268
-0.016606
-0.0093459
-0.023754
-0.019418
0
0
0
0
0
0.00489
0.0048662
0.0048426
0
-0.0097088
0.0048662
0.0096619
0
0
0.0095695
-0.0095695
0
0
0
-0.0096619
0.023982
0
0
-0.023982
-0.0097562
0.014599
-0.0048426
-0.0048662
0.019324
0.014252
0.0047059
0
0.0046838
0
0
0
0
-0.014118
-0.01432
0
0.0047962
0.0047733
-0.0047733
0.0047733
0
0.014185
0
0.0046838
0
0
0.0093024
0.0046189
-0.028039
0
0.041769
0
0
0.0090498
0.0089687
0.0044544
0.021979
-0.030908
-0.0044944
0.0089687
-0.044736
0.0037279
-0.004662
0
-0.023642
-0.10589
0.031416
0.10278
0.027525
0.0090091
-0.061971
-0.022972
0.080448
0.0089687
0.0177
-0.0088106
-0.030368
0.0034605
0.0045352
0.0045147
0.065383
0.073203
0.0078125
0.015444
0
0
0.0038241
0.0038095
0
0.026268
-0.0037106
-0.017248
0
0.017248
0
0.0074074
-0.0074074
-0.0074627
-0.0037523
0
-0.0037665
0.0037665
0
0
0.0037523
0
0.011173
0.014706
0
0
-0.007326
0.007326
0
0.018084
0
0.0035778
-0.0071685
0
-0.0036036
-0.0036166
0.0036166
-0.0072464
-0.0072993
-0.007353
0.0036832
0.0036697
0.0036563
0
0
-0.0036563
-0.007353
-0.018623
0.0037523
-0.0037523
-0.0075472
0
0
0
0
0
0
0.0113
0.0037383
0
0
0.007435
0
0.0073801
0.007326
0.003643
0
0
0
0.0036298
0.0072202
0.0071685
0
-0.0035778
-0.0035907
0
-0.0036036
-0.0036166
0
0.010811
-0.010811
-0.0072728
-0.011009
0.013925
0
-0.0065718
0
-0.0036697
0
-0.0073801
0
0.0073801
0
-0.0036832
-0.011132
0
0
0
0
-0.0037383
0
-0.015095
-0.0076336
0
-0.0038388
0
0.0038388
0.015209
0
0
0
0.0037665
0.0037523
0
0.0037383
0
0.011132
0.0036832
0
0.007326
0.003643
-0.010969
-0.014815
-0.0074907
0
0
-0.0075472
0
-0.0037951
-0.0038095
0.022642
-0.0074907
-0.0075472
-0.0037951
0
0
0.0037951
0
-0.015267
-0.0038536
-0.007752
0
-0.0038986
-0.019725
-0.008
-0.012121
0
0
0.012121
0
-0.0040242
0
0
0
0.0040242
-0.0040242
-0.0040404
0
0.0040404
-0.0040404
0.020041
0.019647
0.007752
-0.018392
0.035997
-0.029255
-0.0039139
-0.011834
0.014185
0.00078217
0.053137
0.014865
0.008003
-0.014599
-0.016608
-0.010371
-0.033646
-0.079652
0
-0.013457
0.011764
-0.0042463
-0.011298
-0.018942
-0.011469
0.011469
-0.0033389
0.027261
0.0020534
-0.025975
-0.0177
0.0177
-0.035718
0.053455
0.017089
0.0057442
-0.0043897
0.016779
0.0066335
-0.0082988
-0.051293
-0.0091647
-0.026553
0.0090498
0.0089687
-0.036368
0
-0.03774
0
0
-0.02927
-0.0099503
-0.030872
0.010669
-0.063179
0.04256
0
0.0093313
-0.04108
0.010695
-0.021506
-0.0069808
0.016285
-0.0093044
-0.011369
-0.044512
0.011883
0.037454
-0.035639
0.042182
-0.05015
0.016998
0
-0.0074434
0.0024873
0.010111
-0.028343
0.011889
-0.011889
-0.083422
0.046406
-0.036456
0.03287
0.0059702
-0.04879
0
0.04879
-0.0059702
-0.02941
0.011283
-0.05001
0.0017933
-0.041014
0.026317
-0.016763
0.016763
-0.028186
-0.15299
0.14817
-0.0053836
0.074108
-0.022815
0.043894
0
-0.018576
0.030772
-0.014652
0
0.0085732
0.047628
-0.017596
0.023393
-0.032905
-0.010087
-0.054054
-0.0063898
-0.033371
-0.013882
0.072571
0
-0.048665
0.0099243
-0.025798
-0.0061522
0.058112
-0.058649
0
-0.01433
0.0075963
-0.027399
0.040822
-0.013423
0
0.013956
0.025784
0.013416
0.037228
0.036368
-0.061369
0.037271
0
-0.037271
0.032381
-0.040005
-0.0051151
0.012739
0.025001
-0.035947
-0.010808
0.0090149
0.03774
-0.012423
-0.021479
0.063101
0
0
0
0
0.0071685
-0.018019
-0.048427
0.054469
0.023811
0
-0.034226
0.040091
0.017392
-0.019734
-0.0035232
0
0.023257
0
0.033902
-0.068993
0.010657
-0.019026
0.0083682
0.020036
-0.0082016
-0.055637
0.043803
-0.0023838
-0.058985
0
0
0
0
0.04698
-0.04193
-0.0025221
0.01005
0.041622
-0.0542
0.012579
0.036814
-0.036814
-0.012579
0.055399
0.0059702
-0.0035778
-0.03279
0.013976
-0.0041479
0
0
0.002442
0
-0.0029311
-0.056871
-0.012245
0.068381
-0.07048
0.011232
-0.013072
-0.013245
0
-0.013423
0.016618
0.048005
0.00075978
-0.0017737
-0.013533
-0.050076
0.026668
-0.0052771
-0.046016
0.0027663
0.048527
-0.013245
-0.040822
0.04879
-0.046016
-0.0027739
0
-0.028171
-0.014389
0.011528
-0.055979
-0.04652
-0.01278
0.01278
0.02508
0.060078
0.020203
-0.058841
0.02099
0.03785
0.00085678
0.013328
-0.028573
-0.014599
0.057158
0.04879
0.018349
0.012903
-0.036558
0.010582
0.038715
-0.025642
-0.013072
-0.018593
-0.0080754
0.070433
-0.043765
0.071096
-0.019803
0.053541
0.0070839
0.050469
0.006689
0
-0.020203
-0.0079682
0.023717
-0.051058
-0.01348
0.044245
-0.010764
-0.033481
0.033481
-0.012279
-0.0453
