-0.0019852
-0.018732
-0.0017074
-0.011242
0.0032733
0.0093733
-0.017374
-0.01646
-0.0058404
-0.011969
-0.03156
0.010654
0.017609
0.024679
-0.039036
0.0016566
0.031676
0.012323
-0.013414
-0.0019216
-0.018628
0.014973
0.03424
0.0044289
0.0032131
0.030833
0.0099627
-0.0038532
-0.00080014
-4.6181e-005
0.024873
-0.014794
-0.02639
-0.010839
-0.030694
-0.012903
0.032303
0.0034176
0.023897
-0.0261
-0.00046347
-0.027075
0.012843
-0.001298
-0.0027313
0.011943
0.0054226
-0.0073065
0.025272
0.02849
0.021008
-0.0048425
0.0056797
0.010524
0.017037
-0.019702
-0.01759
-0.041013
0.014081
-0.015702
-0.0053683
-0.0045381
-0.0090261
0.0086285
0.016755
-0.013198
-0.0090615
-0.00737
-0.0052029
0.023646
-0.0089315
-0.018138
-0.033539
-0.045341
0.020337
0.0081024
0.0019301
-0.0051494
0.044138
-0.0093653
-0.034687
0.00036009
-0.0074511
-0.052898
0.015755
0.022739
0.037691
0.0085526
0.02495
0.0047538
0.015168
0.024227
0.038623
-0.010723
-0.0098116
0.035594
0.0031323
-0.050681
-0.025366
-0.0094034
-0.038407
-0.049702
-0.0017739
0.018307
0.056243
0.01673
0.033372
-0.0069297
-0.013894
0.0049788
0.055908
0.056123
-0.0090762
-0.036517
0.057559
0.0029344
0.031467
0.0058233
0.067368
-0.0037717
-0.0064233
-0.0033159
-0.013966
0.061776
0.019176
-0.0032538
0.0055985
0.034698
0.025915
-0.074644
-0.0032439
0.011879
0.034997
0.030333
-0.011405
0.010335
0.018901
0.014309
-0.033244
0.020236
0.023716
0.01839
-0.014151
-0.0029375
-0.011816
-0.014624
-0.00038313
0.0053614
-0.026886
-0.0046758
-0.0033549
0.028504
0.0077407
-0.0066015
-0.0027297
0.01975
0.0099491
-0.019618
-0.012367
0.0046981
-0.0061295
-0.032282
0.0059567
0.0018987
0.0033478
-0.017596
-0.001685
0.017175
0.015609
0.02007
-0.022816
0.0069892
-0.0089616
-0.027709
-0.03564
-0.016198
0.019899
-0.012702
0.021449
0.015686
-0.020369
0.016711
-0.012486
0.016352
0.00020792
0.02989
0.024887
-0.0044711
0.00026356
0.023226
-0.013936
0.013861
0.0043251
0.0091028
0.0092934
0.019639
-0.0091326
0.001742
-0.010215
-0.013817
0.021356
0.011855
0.0095017
0.017708
-0.0033122
0.0010018
-0.005885
0.012084
0.0048643
-0.0040685
-0.0022896
0.0043755
0.010758
-0.0020636
0.0082289
0.029511
-0.0098045
-0.011062
-0.0062094
0.0093961
0.015213
-0.0089661
0.010769
-0.0096196
-0.011551
-0.0036857
-0.021411
0.0048527
-0.011426
0.011031
-0.0098327
-0.0044615
0.011325
-0.0017859
0.00673
0.010109
-0.014954
0.00019822
-0.018685
-0.0059444
0.008687
0.0081828
0.005875
0.0036668
0.013364
-0.0078393
0.0011798
0.01898
-0.0034769
-0.031749
-0.0051767
0.0020759
-0.022891
0.0039385
-0.035986
0.010821
0.0052525
-0.023265
0.043881
0.018989
-0.021922
-0.010502
0.018746
0.013818
0.015218
-0.019863
0.0051854
0.0071571
0.01606
0.018401
-0.0035568
-0.010552
-0.022042
0.012949
-0.0057126
0.0083608
-0.01232
-0.018627
0.019123
-0.0092507
0.0043821
-0.030808
0.0073787
-0.0044248
0.014267
0.0051159
0.030343
-0.0073354
-0.030418
0.0026983
-0.00031291
-0.027107
0.010114
0.012024
-0.037482
0.012467
-0.037327
0.044303
-0.0018095
-0.0037015
0.014325
0.026893
-0.020361
-0.002975
0.016535
0.019677
-0.0068132
0.016898
0.026532
0.010381
0.000657
-0.00075089
-0.0039515
-0.0019816
-0.0052086
-0.012901
-0.015997
-0.0044077
-0.0046244
0.026663
-0.0076149
0.029366
0.00046968
-0.0016919
0.00028218
-0.012968
0.0015232
-0.023388
0.027944
0.017739
-0.0078454
-0.0068684
-0.028732
0.015522
0.0074343
-0.020724
-0.0099377
0.027714
-0.0090888
0.034107
0.012553
0.015383
-0.013733
-0.0023838
-0.0032179
0.015806
0.0092932
0.017802
-0.0018544
0.011337
0.0072272
0.012073
-0.016159
0.0064259
-0.0037289
-0.0025227
-0.017751
0.0070678
-0.016063
0.010767
0.0099512
0.010981
-0.015019
0.0064895
0.011818
0.0040519
-0.0095959
-0.0073235
-0.0087007
0.00537
-0.0016695
-0.00096784
-0.011421
-0.013356
-0.0040689
0.00027178
-0.013772
-0.0033116
0.017174
0.0048789
-0.0073274
0.011016
-0.030359
-0.0053833
0.019264
0.019706
0.0042873
-0.00071327
-0.021365
0.012046
0.019877
-0.0026511
0.018412
-0.013381
-0.0043235
-0.018654
-0.018917
-0.0090382
0.016174
-0.0021902
-0.0032026
-0.025245
0.006091
-0.001683
-0.021089
0.039908
0.010051
-0.0099594
0.02914
0.021442
-0.019392
-0.02123
0.016859
0.0041929
-0.0039247
0.013229
-0.023741
-0.0078887
0.0043601
0.034125
0.014609
0.016948
0.0031355
0.0051479
-0.013048
0.0063757
0.0097817
0.00050336
-0.0096074
-0.012098
0.0055558
0.010851
0.00059005
-0.0054077
0.002623
-0.0072937
-0.018384
-0.00052034
-0.00078101
-0.011086
0.012648
0.0034611
0.001036
0.0024132
0.01546
0.0016091
0.011025
0.0043427
-0.016045
-0.018029
-0.0013805
0.0046516
-0.0044789
0.0036191
0.013329
0.023819
0.0057023
0.0050962
-0.014369
0.0069623
-0.0040555
0.0060358
0.0073098
-0.0036072
0.0021331
8.195e-005
-0.0048466
-0.0033819
-0.00090928
-0.0044758
-0.00033234
0.002324
-0.00041461
0.004221
0.0084708
-0.013605
-0.0022439
-0.0090264
0.0015101
-0.0020979
0.0031034
-0.0031034
-0.0073353
0.009014
-0.0019307
-0.0086076
0.0064206
0.0043694
0.0074344
-0.0076021
-0.0025189
0.0050315
0.0030068
-0.0062743
-0.0022684
-0.00025237
-0.010657
-0.0060557
-0.0019696
-0.0071401
0.0050807
0.0012018
0.0039387
0.0005126
-0.0081472
-0.01335
-0.0017469
-0.014973
-0.0043577
-0.024907
0.028554
0.013846
-0.00061326
-0.0041273
-0.015877
-0.015497
-0.014174
0.017166
-0.0056287
0.0089727
0.0088035
0.037823
-0.0010339
-0.0013803
-0.0035456
0.0038046
0.00422
-0.006899
0.0016428
-0.0029417
-0.005648
-0.0018316
0.0059187
-0.0070542
0.0052301
-0.0020017
-0.0062921
-0.0056264
-0.010725
-0.010931
0.0027889
-0.0023386
0.0029672
0.0029584
0.0019674
-0.0081633
0.0058377
8.9546e-005
-0.0040375
-0.0025205
0.0027003
0.0072545
-0.0084237
0.00098943
-0.003332
0.0058461
0.00044829
0.0026855
0.0053495
0.0062051
-0.00026515
-0.012005
0.001073
-0.0031327
-0.0063852
-0.0016253
-0.0016279
0.0006334
0.0029806
-0.00018039
-0.0033431
-0.0061734
-0.0044722
0.0052005
-0.0041034
-0.0048546
-0.0028504
-0.002397
-0.0075976
-0.0049415
-0.0023394
-0.00074977
-0.015972
-0.00028584
0.0091065
0.0070572
0.0021543
0.0059702
-0.0024211
-0.0013994
0.011049
-0.0030517
-0.0073437
-0.00046661
-0.0055225
-0.0059308
-0.0027419
-0.00018938
-0.0061743
-0.010536
0.00086626
0.0014421
-0.0035609
-0.0060926
0.0044522
0.010567
-0.0038296
-0.0022087
-0.0039493
-0.00038614
-0.0016428
0.0001934
-0.011867
0.015342
0.0021176
-0.0051092
-0.0097116
-0.0001952
-0.0066595
-0.0047277
-0.012218
-0.0042164
0.0060137
-0.0027172
-0.0018623
-0.0066767
-0.0067724
-0.0090916
0.0028864
0.0070276
-0.0063022
-0.0053662
0.0062237
-0.0014194
-0.0059961
-0.0059702
-0.0066097
-0.0086154
0.0086987
-0.0031487
0.012948
0.0061762
-0.00012295
-0.0059296
-0.010454
-0.0020539
-0.0052006
-0.0042264
-0.0033454
-0.00060272
0.0041061
0.001116
0.00097809
-0.002779
-0.0040772
-0.0094005
-0.0059689
-0.0053778
0.00081013
0.0072725
-0.0031672
-0.0014743
0.007852
-0.010181
0.013903
-0.0052618
0.0011658
0.0014846
-0.00080079
-0.0081941
-0.0040034
-0.0027068
-0.011921
0.010152
-0.0024794
-0.023755
0.0053709
0.0065218
0.010969
0.019982
-0.0044
0.0074611
0.0044098
0.0031863
-0.0042684
0.0088974
-0.0009262
-0.0078332
-0.012731
-0.011492
0.00020656
-0.00021744
-0.00020661
-0.00026104
-0.010905
0.0028772
-0.00057038
-0.0022298
-0.041779
0.029319
0.0048318
-0.023658
0.032945
-0.0037065
0.030034
0.010192
-0.014639
-0.0013112
-0.0067661
0.029079
-0.033963
-0.014964
0.019718
-0.044928
0.040402
-0.0063075
0.015328
0.028304
0.0015812
0.02628
0.026471
0.003369
0.0025687
-0.00029605
-0.0023715
-0.015092
-0.0060747
0.0028354
-0.0046154
0.0047364
0.0072278
-0.0030755
-0.0017775
0.0001608
-0.0061693
-0.0018015
-0.0088112
-0.0010429
-0.0077538
0.0045568
0.01377
0.0044642
0.0031694
-0.0019709
-0.0043072
-0.001143
-0.0031118
0.00048718
-0.0034865
-0.00047869
0.0040058
0.0075207
-0.008018
0.0008118
-0.0049317
0.00049936
0.0031433
-0.0031535
-0.0087905
-0.0086196
-0.0055829
-0.017002
-0.0052097
-0.0081989
0.016395
0.0092296
-0.0077505
0.0027621
0.00056835
-0.0058674
0.0061515
-0.0029391
-0.0012245
0.00061246
-0.001479
-0.00022204
0.0016905
-0.011029
-0.0036678
-0.0015331
0.0013403
-0.00086828
0.0047076
-0.013757
0.00030296
0.0047703
-0.004911
-0.00081182
0.0044731
-0.01122
-0.00032711
0.0041681
-0.0138
-0.002591
-0.014366
-0.0016365
0.0061285
-0.0015175
-0.012223
0.0039259
0.0073142
-0.0028318
0.0019484
-0.0012201
-0.0095549
0.0060991
0.0020547
-0.0019311
0.0066533
-0.0072153
-0.011194
0.0030995
-0.0086411
0.0016109
-0.0037514
-0.0072452
-0.0078679
-0.00020942
-0.0022715
-0.00674
-0.00281
0.0027748
-0.0029985
0.0026345
-0.0082678
0.007116
-0.001895
-0.001403
0.0025922
-0.011528
-0.0086918
0.0023508
-0.0037326
0.00030057
-0.0035163
0.0020246
-0.0073344
-0.0020152
-0.00552
-0.0099591
-0.0051473
0.0044312
-0.00096378
-0.0056158
-0.0048477
-0.0019757
0.0024378
0.00027466
-0.0079331
0.002325
-0.011718
-0.012294
-0.0085227
-0.027651
0.0045359
0.012988
-0.012895
0.0019488
-0.01336
0.0048873
-0.0087336
0.024622
0.0025734
9.1786e-005
-0.00057708
0.017414
0.0066947
-0.00502
-0.0033909
0.00442
0.013969
0.011698
-0.0014548
-0.0021107
-0.0032753
0.001324
-0.005522
0.00049406
-0.0035398
-0.0038585
0.0014662
0.010229
5.0441e-005
-0.003613
-0.0044393
-0.00044502
-0.0037971
0.0086561
-0.0063863
-0.0056713
0.0055694
-0.0070179
-0.00093689
0.00053914
0.00079534
-0.0063418
-0.0034644
-0.0028399
-0.0027829
0.0033022
0.00037633
-0.0055164
-0.0059144
0.0045436
0.0055369
0.0012465
-0.00010381
-0.0013635
0.005094
-0.0041718
-0.003707
0.00085969
0.0006638
-0.001328
-0.0050679
-0.0024649
-0.00064344
-0.0047136
-0.0030136
-0.0081076
0.00074706
-0.00041348
-0.003796
-0.0044021
-0.0026263
0.0026801
0.0048035
0.0050603
0.0043853
-0.00059686
0.0039988
-0.0064563
-0.01755
0.014646
-0.01201
0.0036518
0.0015725
-0.010463
-0.0053886
-0.0025547
-0.006037
0.0085508
0.0071922
-0.0051612
-0.0055028
0.0044128
0.0026139
-0.0050434
-0.0081227
0.0042754
0.0024525
-0.0059704
-0.0062002
0.0011075
0.0022114
-0.0073162
0.0019868
-0.0078869
-0.0047537
-0.0012518
-0.0018313
-0.01036
-0.0025105
-0.0021017
-0.0075712
-0.00046158
-0.010749
-0.0038429
-0.003696
-0.0015441
0.0017938
-0.0094166
0.00022241
0.0066643
-0.0013559
0.0014589
-0.0069008
0.0063411
-0.0085826
0.0014702
0.013252
0.01814
0.0090334
-0.00055596
-0.0060787
0.0016198
0.0024891
-0.0097053
0.020095
0.012813
0.00895
0.00045647
0.00082941
0.0035586
-0.0026885
-0.0038869
-0.0065631
-0.0034798
0.0050967
-0.0063575
-0.0043266
-0.0026078
0.008559
-0.0024941
-0.0024863
-0.0025065
0.012122
0.0074385
-0.0010237
-0.0044388
0.0035803
0.006806
-0.0013492
0.00082628
-0.0034197
0.001863
0.0017769
0.0050381
0.0018469
-0.0057159
-0.0025877
0.0039065
-0.0044165
-0.0027893
-0.0064924
0.00086252
-0.0011548
0.0072271
0.0083958
0.00054809
0.00015067
0.008904
-0.00024438
0.0016416
-0.0043474
0.00065331
0.001645
-0.0059811
-0.0014496
-0.0057781
-0.00013765
-0.0051204
-0.0080299
-0.0078419
0.00066053
-0.001997
-0.00050691
-0.0077481
0.0065785
0.00098657
-0.0020165
-0.003181
0.0031245
-0.003337
-0.0066362
-0.0048737
-0.0042211
0.0027013
-0.0011917
-0.0046944
-0.00073639
0.006895
-0.0036791
-0.002595
-0.0026018
-0.0017818
-0.0042863
-7.2808e-005
-7.2814e-005
-7.2819e-005
-0.0030924
-0.005567
-0.0025153
-0.0023888
0.0030366
-0.0048985
-0.0070206
0.0026924
-0.0077246
-0.005449
0.0017595
-0.00055609
-0.0022425
0.0021072
-0.004536
-0.0013754
-0.0048973
0.0019436
-0.00010619
0.00081891
-0.0018663
-0.001885
-0.004988
0.0082692
0.0014549
-0.0025626
-0.0046263
0.0060979
-0.00056109
-0.0081791
-0.0061516
-0.0037308
0.00067937
0.0060936
-0.0066649
-0.0035274
-0.0067178
-0.0067947
-0.0059874
6.3212e-005
-0.00030029
-0.0074572
-0.006006
0.0061334
-0.0022477
-0.0033091
0.0054613
-0.004373
0.0041341
-0.0043101
0.0034336
0.0083668
0.0072777
0.0018973
-0.0010815
0.0030691
-0.00032838
0.0012192
-0.01
-0.010723
0.00043049
-0.005002
-0.0016515
-0.0024422
-0.0022385
0.010792
0.00097244
0.00058938
0.0034021
-0.0057936
-0.0023333
-9.6005e-005
0.0037533
-0.0041374
-0.0032709
-0.0032978
0.0022694
-0.00177
-0.0083937
-0.0037587
-0.0036747
-0.0030972
-0.0014454
-0.00065768
-0.00065811
-0.0068702
0.00066265
-0.0034173
-0.0091313
-0.00026835
-0.007594
-0.0015901
-0.0038333
-0.0046502
0.0013649
-0.00051163
0.0050367
-0.0094818
0.0086498
0.011418
-0.00015116
0.011075
0.00059785
0.0010454
-0.0030895
-0.0072127
0.00061979
-0.0067209
0.0086616
0.0024539
0.012312
-0.004076
0.0029061
0.0015651
-0.0043389
0.0046352
0.0042533
-0.0013118
-0.00075509
-4.9265e-005
0.0052903
0.001942
0.0099445
0.0047025
0.0028558
0.0062923
-0.0031891
-0.0014224
-0.0044241
-0.0044276
-0.00085558
-0.0047269
-9.7363e-005
-0.003658
-3.2575e-005
-0.001206
-0.0049862
-0.00080339
0.0098582
0.0015093
-0.0032812
0.0035406
-0.0063757
-0.0044316
-0.0096337
0.0010254
-0.0040582
0.0035952
-0.0012577
-0.0012759
0.00044756
-0.0074022
0.0017015
-0.0012675
-0.0025232
0.0078659
-0.013436
-0.010656
0.016878
0.0059845
-0.0074402
0.0084203
-0.012531
0.026529
0.01104
0.0073409
0.0021196
-0.0031168
0.0027959
0.0028041
0.0097133
0.0084892
0.00078531
-0.00045541
-0.008233
-0.002426
0.0061408
-0.0069508
-0.0051292
0.0010535
0.00039875
0.013558
-0.0014642
-0.0011508
-0.0011521
-0.0011534
-0.0023584
0.0049006
-0.0010887
-0.0059853
-0.005143
-0.0019814
-0.0023541
-0.004902
0.0025585
-0.010972
-0.0031733
-0.00039126
0.017008
-0.0071431
0.0034814
-0.0056473
-0.0015708
0.014129
-0.014194
0.019945
0.010164
0.0071769
-0.0077118
-0.0026785
-0.0024959
0.0038203
-0.0032353
-0.0075846
-0.0028232
-0.0021907
0.001024
0.0076306
0.0014748
-0.0025545
-0.0028956
-0.0054319
-0.0058644
-0.0017741
-0.0029261
-0.0064644
-0.0029047
0.002432
-0.0052141
-0.0090376
-0.0062538
0.0048472
0.00329
-0.0053621
-0.0093195
0.0068938
0.0058052
-0.0010921
0.0027776
0.0028028
0.0082147
0.00078351
0.0015815
-0.0038684
-0.01206
-0.0037645
-0.0082081
-0.0053918
-0.00025267
-0.0026991
-0.011775
-0.0027385
0.00049691
-0.00065118
-0.0042086
-8.6074e-005
-8.6081e-005
-0.005317
-0.0035199
-0.00060813
-0.0006085
-0.00060887
-0.0058641
-8.7524e-005
-0.0054063
-0.0059667
0.0032349
0.0085406
-0.0030318
-0.0028298
0.0047411
0.010092
0.00012139
0.0013516
0.0062835
-0.0021878
-0.0031956
-0.0068225
-0.0045918
-0.0011031
0.00070051
-0.0011561
-0.0037402
-0.0090482
-0.00037287
0.01146
0.0021396
-0.0031233
0.013701
0.0017147
0.0024025
-0.0061475
0.0074069
0.0044214
-0.011412
-0.0055192
0.0057797
0.001665
-0.0078463
-0.0022907
-0.0021907
-0.0018087
-0.0061884
-0.0033481
-0.0015628
0.012434
0.021601
-0.0012204
0.0027823
0.00087431
0.0025329
-0.0098941
8.6309e-005
-0.0057124
-0.0055008
-0.008502
-0.0075279
-0.0016154
-0.006327
-0.011472
-0.0084088
-0.0049548
0.0085413
-0.0011092
0.01136
0.011837
-0.00064014
0.0074605
0.0092262
-0.00078749
-0.0038413
-0.0037327
-0.0040477
-0.0037085
-0.0025988
0.0051732
0.01181
0.0061667
-0.0037863
-0.0022226
0.01238
-0.015275
-0.0073365
-0.0091934
-0.0048888
0.00087925
-0.0022445
0.0059325
-0.0018781
-0.0018816
-0.0067311
0.0068387
-0.0070193
-0.0036914
-0.011817
-0.0062934
-0.0091423
-0.0041817
-0.0044435
-0.0056531
0.00068007
0.010314
-0.0011408
0.00014968
-0.0035986
-0.0060077
-0.0042403
-0.0030588
-0.0040994
-0.002123
-0.006011
-0.0048272
1.9355e-005
0.0020302
-0.0031922
0.0077019
0.0014027
-0.0049471
-0.012623
0.0039203
0.00052544
-0.0021424
-0.014731
-0.012945
-0.00038092
-0.0040588
-0.0079643
0.0073601
-0.000786
-0.0063103
0.0032613
-0.0025717
0.013853
0.0082246
0.00099114
0.0074221
0.0008453
-0.0097544
5.9526e-005
0.0011303
-0.0087585
-0.0036655
0.0059022
0.007631
-0.026296
-0.01005
-0.0059714
0.0074894
-0.012541
-0.0069153
-0.0084589
-0.013668
0
0.00014957
0.00017091
-0.0096163
0.010321
-0.0033571
0.017285
-0.016214
-0.012942
-0.00015173
-0.0095184
-0.0090355
-0.0028307
0.0098508
-0.011846
-0.019857
-0.0047876
-0.0048106
0.003035
-0.007777
-0.007352
-0.0059394
0.008573
0.0050858
-0.0148
-0.0072716
-0.00032858
-0.00030521
-0.00032879
-0.0065987
-0.011965
-0.0060725
-0.0055042
-0.0013081
0.00077536
0.0066867
-0.022482
-0.005725
-0.0041663
-0.013964
-0.0021191
0.013769
0.00047315
0.0060317
-0.0041165
0.0018123
0.015164
-0.0099684
-0.0041293
-0.0045197
-0.01958
-0.012669
-0.017059
-0.0062163
0.01177
0.012096
0.0083912
0.015446
0.0028807
0.012231
0.0072873
-0.0090679
-0.0099006
-2.5e-005
0.0053606
0.015936
-0.0040954
0.00054047
0.0015952
-0.00063776
-0.0024567
-0.0085471
-0.0010922
0.0034214
0.01181
-0.005322
-0.001181
-0.0012071
0.0033958
-0.0058885
0.0063306
-0.012105
-0.0014675
-0.0075955
0.016689
0.010745
0.028529
0.006901
0.0055429
0.0084662
0.0017171
0.0016679
0.0066439
-0.0021637
0.0081011
0.0020778
-0.00059321
-0.0082731
-0.0039198
0.0063331
0.00020659
0.0028191
-0.005301
-0.0059078
-0.0021085
-0.0020897
-0.0057108
0.0035003
-0.00032617
-0.00030297
-0.00032638
-0.0040887
-0.0025787
-0.0021618
0.0062143
0.010396
-0.006406
0.0071692
0.01644
0.00015918
0.0037447
0.0073576
0.0049348
0.0022574
0.0086692
0.012121
-0.0029563
0.0011836
-0.015675
-0.0096589
0.010726
0.0059392
-0.0034529
-0.013392
0.0029394
0.0077667
-0.010526
-0.0052259
-0.00031623
0.007876
-0.0042228
0.010546
0.0054643
0.00070861
-0.0074655
0.0058483
-0.019682
-0.00085965
-0.0073142
-0.003723
0.013817
-0.0079306
0.0019772
-0.0033203
0.0053616
-0.0032226
-0.0050362
-0.00025133
-0.014455
-0.0010438
-0.03121
0.0032034
-0.02296
0.007518
0.0091926
-0.0028862
0.0060993
0.011568
0.0046982
0.0081399
0.00046715
0.027046
-0.0043507
-0.0097031
-0.0087978
0.024646
0.015735
-0.0012291
0.016324
0.022041
0.0038446
0.0011569
0.010014
0.010565
-0.005954
-0.0091789
0.0045046
-0.0087301
0.013341
0.0075055
0.015978
0.0013184
0.001255
0.014573
0.014783
-0.0058068
-0.00066291
-0.00066335
-0.011528
-0.0089494
0.00069758
-0.013463
-0.0052105
-0.013506
-0.0014413
-0.0026336
0.0040114
-0.0085516
-0.011258
-0.011167
-0.00019665
0.021831
0.0099776
0.012747
-0.0065423
-0.00075764
-0.025805
0.0051285
-0.0079843
0.020968
0.012314
0.0171
0.018169
-0.014386
-0.010398
0.018512
0.030573
0.00098674
0.025646
0.022
0.013395
0.00024121
-0.01405
-0.0054145
0.020225
0.017568
0.0010741
-0.0023683
-0.013108
0.013072
0.0031687
0.0095004
-0.00091894
0.013607
0.013547
0.008177
-0.009441
0.027786
0.0098603
0.0089093
-0.00041926
0.00011741
0.006803
-0.00041655
0.0067268
-0.0018557
-0.0018426
-0.0018626
0.0057595
0.0028756
0.0085612
-0.00029456
-0.00085144
0.0026175
0.0085247
9.7191e-005
-0.000243
-0.0015566
-0.00040576
-0.00055209
-0.0014304
0.0015603
0.0022225
0.0022499
-0.0091768
0.0061326
-0.00011353
-0.00011354
-0.0072608
-0.00013072
-0.0023559
0.0011296
0.0040331
0.0077267
-0.00080883
0.0010352
-0.00053363
-0.0024454
0.0026557
-0.0037589
-0.0028936
-0.00022794
0.00021166
0.0041103
-0.0029063
-0.0016111
0.0075285
-0.0061126
0.0047215
0.0030869
-0.0032973
-0.002951
-0.0029597
-0.0029685
-0.0029773
0.000606
0.003873
-0.00084848
-0.0032865
-0.0019837
4.9229e-005
-0.0037978
-9.8835e-005
0.0014157
0.00039472
0.0056407
-0.0020624
-0.0045489
-0.015727
-0.0028298
0.0018762
-0.015466
-0.0083635
0.0011648
-0.0089077
-0.0076119
-0.0098475
0.0081577
-0.00083721
0.0073539
0.0079019
0.0021973
-0.0024723
-0.00044703
0.0021302
-0.00053213
-0.0050435
-0.0061971
-0.0008512
0.0020833
0.0092356
0.005962
-0.00051257
-0.0097545
0.0092588
0.0090891
-0.00038978
0.0052408
-0.0021775
0.003155
-0.00087634
0.0026435
0.00010089
-0.0041448
0.012983
0.00043322
0.0098136
-0.0038178
0.005219
0.0041098
0.0087385
-0.0011065
-0.011297
-0.018211
-0.0042177
-0.0018877
-0.0018913
-0.0068862
-0.0049137
-0.0011637
-0.0011479
-0.0011664
-0.0026638
0.0041216
0.0023964
-0.0032366
-0.0041423
0.0027004
0.013834
0.011504
0.0035441
0.011086
0.0026701
-0.013639
-0.023655
-0.0050358
0.0038049
-0.0021235
0.0063229
0.0098149
0.0052156
-0.005975
-0.0017065
-0.0012521
0.0082621
0.0093762
-0.014072
-0.0029568
-0.014419
-0.011846
-0.021563
0.010436
-0.0068742
-0.022049
-0.0052755
-0.0094419
-0.010329
-0.0091634
0.0034741
-0.0079935
0.015868
0.012921
-0.0064489
-0.0064908
-0.0023522
-0.0081177
0.0081363
0.011284
0.014128
-0.0097003
-0.0024124
-0.0024366
-0.0083069
-0.021462
-0.016173
-0.013885
0.017795
-0.0062174
-0.024099
-0.0094902
0.0086419
0.010874
-0.0070134
-0.007063
-0.0050814
-0.018417
-0.026558
0.0361
0.038114
0.01618
0.018502
0.017138
0.019642
-0.0060279
5.4305e-005
0.040563
0.016771
0.015906
0.015375
0.0085447
-0.00060792
0.005082
-0.00067065
0.0071739
0.002839
0.0018612
-0.0017479
-0.0017509
-0.00040574
-0.00012987
-0.0035455
-0.0011248
0.00055442
0.00053782
-0.00053782
-0.0043949
-0.002377
-0.0022511
0.0047264
0.0084613
0.0041959
0.0021962
0.00011291
-0.0088129
-0.010123
-0.0092144
-0.0090657
-0.0065839
0.0003875
0.010456
0.011222
0.0025846
0.0012487
-0.001594
0.0052491
0.0063928
0.0021597
-0.0024361
-0.0024421
0.0018728
-0.0024761
0.0024924
0.0077307
0.010886
0.0036185
0.00069988
0.0014459
-0.0055248
0.00082988
-0.00014358
0.010601
0.00096252
0.0028977
0
0.0077229
-0.0029067
-0.00089246
0.010859
0.012228
0.0051908
0.0095626
0.0072584
-0.0015285
-0.0024023
-0.0009174
-0.0045997
-0.0024517
-0.0043126
-0.00066982
0.0059669
0.00090785
0.0015717
0.0015692
0.0046478
0.0011399
-0.0090042
-0.0034697
-0.0070827
-0.0082577
-0.0018975
0.00030878
0.0040671
0.0024262
-0.0060765
0.0022965
-0.0073395
-0.00043433
-0.00043452
-0.0022999
-0.0027731
-0.0007179
-0.009569
-0.0055637
0.00011094
0.00072876
-0.00063367
0.00061784
-0.0094038
-0.005595
-0.012244
-0.00022787
0.00030924
0.00029287
0.00030905
-0.0045641
-0.013123
0.00089349
0.0032364
-0.012858
0.0017518
0.016335
-0.00016401
-0.0043395
-0.0039118
0.001867
-0.0096036
-0.008822
-0.002104
0.024927
0.019594
0.0030734
0.0052399
0.0075788
-0.0081543
0.021202
0.0064763
0.021269
0.0062239
0.003746
-0.0018864
-0.0039047
-0.0015479
0.0029875
0.0060838
0.00452
-0.0045802
-0.0021245
0.0016729
0.0026017
0.0050935
0.004086
-0.00037212
0.0044859
-0.00031128
0.0038767
4.4303e-005
-0.0021584
0.0044741
-0.0036605
0.0014186
-0.0035057
0.00019262
-0.00087448
-0.0017364
0.0027442
-0.0033683
-0.0014725
-2.9771e-005
-4.4658e-005
-0.0012661
-0.0012677
0.0018191
-0.0052725
-0.004202
-0.010735
0.0047315
-0.0023326
-0.0041181
0.0052548
-0.001076
-0.0015783
0.00042516
-0.0012608
-0.010682
0.0013818
0.0048059
-0.0026603
-0.0026828
-0.0039529
-0.0044948
-0.0018129
-0.0018317
-0.0018195
0.00018677
0.0077049
-0.00074155
-0.0064188
0.0039585
0.010281
0.0043455
-0.00016796
-0.0041162
-0.0079281
0.0068388
0.0034937
-0.014747
0.0036569
-0.0067821
0.0077252
0.0041789
0.011886
-0.0015827
-0.003448
-3.0567e-005
0.013616
0.0035368
0.0086164
-0.0010134
0.0020108
-0.0024582
-0.010753
0.01199
0.010935
0.0024873
0.0012046
0.0021559
-0.010678
-0.0057469
-0.0047022
-0.0057322
-0.0054626
-0.0055078
-0.0028187
-0.0043426
0.0050748
-0.0064089
-0.0016586
-0.0078542
-0.011765
0.0062503
0.0096731
-0.0076502
-0.0026618
0.0071135
0.017687
0.00062322
0.012504
0.002533
-0.002548
0.0030867
0.001226
-0.002933
0.00086884
0.0029156
-0.0010307
0.0067028
-0.011812
-0.00049584
0.018288
0.0055479
0.01067
0.0083716
0.0022149
-0.00705
-0.00085399
0.0055595
0.005672
0.0034592
-0.00037107
0.0050121
0.015517
-0.0051034
-0.0068264
-0.0088847
-0.0062019
-0.0051136
0.00077952
0.00077892
-0.0055812
-0.0011751
0.0023634
0.0012158
-0.0046685
0.002366
-0.0005946
-0.0061698
-0.0012561
-0.0029126
-0.003524
-0.0077078
-0.0017209
-0.0025572
-0.0050144
0.0091443
0.00081505
0.0043161
-0.0053091
0.003833
0.0025079
0.0025017
0.0023341
0.00013196
0.00011728
-0.0057778
-0.0051146
0.0064112
-0.0067818
-0.010132
0.00086825
-0.0047998
-0.0017456
-0.0012057
-0.0022796
-0.0022849
0.0025115
0.00027196
-0.0025563
-0.010704
0.0074123
-0.001262
0.0001065
-0.0018272
0.00041141
0.0019785
0.0013978
-0.0031021
-0.004656
-0.0046932
-0.002247
-0.0020359
0.00055566
0.0025428
-0.0026045
-0.0012662
0.0020992
-0.0045279
-0.0023415
-0.020151
-0.012658
-0.0038255
-0.010669
0.00014648
0.00013019
-0.0072185
0.0052149
0.00053793
0.0064974
0.017017
0.0012408
0.005375
-0.0097086
0.0013403
-0.0090823
-0.0029006
0.011345
0.0014191
0.0014171
-0.0043371
-0.0023678
0.0044271
-0.009083
-0.0046292
-0.0046508
0.0047478
-0.006536
-0.0061205
-0.00080252
-0.00078677
-0.0008038
-0.0022672
-0.011697
0.011187
0.029223
0.010287
0.0064333
0.010507
0.0058155
-0.011274
-0.029551
0.0083568
0.013643
0.020061
0.0038227
0.016721
0.0050858
-0.0061
-0.0048886
-0.0098035
0.0023027
0.0035359
0.0063515
-0.0021431
-0.00042613
0.0018554
0.015484
0.004061
0.0070969
0.0070469
-0.0076092
0.0020112
0.0097469
-0.0057366
-0.016946
-0.0092161
-0.024556
-0.0012701
-0.0015511
-0.0038572
-0.0083876
-0.004757
-0.0042722
-0.0024132
-0.0073867
-0.012942
-0.0041451
0.001042
-0.00019528
-0.015186
0.0079987
-0.013467
0.018193
0.0040868
0.0032769
-0.009258
0.0072153
0.004986
0.010186
0.0087847
0.00095022
-0.0052056
0.011045
0.0014154
0.014277
0.00607
0.010584
0.010006
-0.0093357
-0.0057722
0.00076543
0.0068626
-0.0044324
-0.0087394
-0.014597
-0.0057041
0.0039525
0.0095188
