23.18
23.84
22.99
22.05
21.87
21.56
20.25
19.78
18.72
18.54
18.57
18.81
18.51
17.62
16.66
16.59
16.94
17.25
17.27
18.16
18.83
18.4
17.69
16.52
16.57
16.89
17.39
16.92
17.13
17.26
17.68
17.77
17.44
17.43
17.08
17.22
17.13
17.19
17.61
18.66
19.34
18.57
18.51
18.38
18.25
18.28
18.07
17.83
17.01
16.41
16.04
15.95
15.21
14
13.42
13.33
13.82
13.38
12.91
12.51
11.96
11.81
10.94
10.5
12.52
12.39
11.83
11.94
12.13
12.39
12.68
12.52
12.2
12.39
12.11
11.11
9.91
10.83
10.82
10.98
11.11
11.3
11.7
11.49
11.02
11.33
11.53
11.61
11.78
11.81
13.06
13.76
13.01
12.01
11.5
12.11
11.79
11.37
10.61
10.54
9.48
9.16
9.59
9.41
9.76
10.37
10.59
10.25
10.38
10.04
9.31
9.46
10.01
10.26
11.16
12.28
13.09
14.09
13.87
14.32
15.37
15.62
15.94
15.14
14.47
14.59
14.21
15.32
15.62
15.67
16.28
17.4
18.07
18.29
18.75
18.74
19.55
19.97
19.78
20.09
21.33
22.24
22.32
22.68
21.77
21.08
21.35
21.28
21.49
23.25
23.96
24.64
24.33
24.7
24.26
24.44
24.42
23.17
23.69
25.59
25.74
25.95
26.36
26.84
26.62
27.15
28.8
27.35
25.12
24.37
23.39
21.93
22.74
23.28
24.29
26.2
27.37
27.65
27.72
27.69
28.98
28.51
29.27
28.7
28.14
26.94
25.06
25.21
26.84
27.93
28.43
30.59
32.32
30.63
31.39
28.28
28.33
30.64
29.71
30.46
29.37
30.27
31.06
30.68
29.66
25.45
23.3
21.7
20.95
22.1
23.18
23.73
24.78
24.76
26.88
25.4
24.47
23.44
24.2
23.03
22.41
22.69
22.76
24.1
24.78
24.48
25.38
25.44
25.89
26.61
26.55
26.45
26.12
24.64
24.16
23.73
23.52
22.42
23.23
23.61
24.24
24.37
24.09
24.66
24.9
24.9
24.73
20.86
20.09
19.67
19.16
18.92
18.31
17.7
17.06
16.61
17.24
17.35
16.7
17.18
18.24
18.68
19.08
17.26
17.1
17.77
18.14
18.92
18.36
19.16
20.46
21.94
22.87
23.38
24.83
23.39
22.94
24.32
24.5
24.28
24.46
24.04
22.83
22.31
22.14
23.38
24.06
24.14
24.4
25.19
24.5
24.51
24.29
25.25
26.23
26.13
26.07
26.79
26.73
27.56
27.44
26.85
26.81
25.82
24.53
23.43
22.1
22.52
23.3
24.27
24.85
27.26
28.95
29.03
28.77
29.61
30.02
29.73
30
30.99
31.22
31.81
31.71
31.68
27.18
24.21
25.01
23.31
23.19
23.59
22.04
22.33
24.07
24.92
24.89
25.72
26.34
25.13
25.51
26.52
26.66
27.47
26.91
26.66
28.39
28.32
27.77
28.34
27.05
25.6
24.65
24.65
26.29
27.59
29.29
27.64
26.96
26.28
27.44
28.24
27.28
27.23
28.1
28.15
28.13
28
28.98
29.86
29.66
28.74
27.56
27.49
28.87
29.45
30.88
31.15
31.46
31.51
30.07
29.55
31.21
31.24
31.75
33.63
35.01
36.15
35.49
35.29
32.93
32.6
32.79
31.61
34.12
34.94
35.9
36.84
38.27
39.03
40.68
39.29
37.05
37.16
37.48
39.8
41.62
42.26
44.31
44.27
44.98
40.84
38.16
35.77
37.71
36.83
32.25
33.21
36.16
33.05
35.16
38.26
39.49
42.76
41.54
40.4
42.05
44.35
45.07
46.96
48.06
48.75
46.84
49.48
46.18
46
47.59
45.2
45.12
42.93
43.67
46.65
48.74
49.5
52.55
52.55
53.56
53.93
52.24
53.18
55.05
57.74
58.99
58.74
60.75
59.18
56.93
58.2
58.12
55.99
54.5
53.96
53.32
53.39
52.16
49.46
49.41
49.42
51.88
53.75
51.66
51.73
55.12
56.75
58.02
59.67
59.84
57.05
53.9
54.17
55.98
56.23
56.49
56.63
58.8
61.27
62.99
66.02
66.85
66.94
65.37
64.1
63.49
64.67
64.21
62.66
62.26
65.11
67.74
68.47
69.39
68.08
69.79
71.45
67.86
66.45
64.49
62.02
58.89
56.38
54.93
54.92
53.72
53.86
53.58
53.32
54.36
54.34
53.53
56.13
58.21
56.94
57.22
55.95
54.63
50.12
48.2
50.14
52.11
54.38
53.65
54.46
57.83
58.04
58.03
57.78
61.81
64.93
63.54
62.97
63.25
63.4
61.55
63.92
66.75
65.37
66.79
66.18
68.29
67.84
69.91
73.44
74.43
73.69
73.81
69.87
68.15
67.1
68.46
71.42
73.23
74.97
75.91
75.57
75.66
80.12
81.27
86.02
89.64
87.79
90.54
90.32
85.91
86.79
88.02
89.76
92.93
92.82
88.18
85.53
88.71
86.8
89.91
93.51
95.15
98.01
102.56
102.03
99.32
98.39
103.22
107.28
111.03
110.21
115.11
119.91
123.35
126.06
121.36
129.7
129.78
131.41
137.11
135.55
136.32
125.11
121.29
117.03
110.45
109.26
111.83
106.41
98.53
90.3
98.82
93.38
82
70.6
64.48
59.3
58.66
52.19
47.04
45.72
43.12
38.73
40.99
35.99
34.57
43.12
40.98
41.05
42.07
41.77
43.04
39.87
40.22
42.85
