592
567
755
693
671
638
544
583
580
563
593
657
617
660
633
597
574
670
593
630
599
721
718
619
617
659
790
635
570
617
590
523
679
544
563
620
616
684
649
598
533
576
547
538
533
582
605
639
493
527
637
627
587
658
571
691
1003
943
1057
1112
983
1074
1150
927
1003
1011
881
1035
991
1049
1003
1126
972
1177
1231
1171
1079
1058
1296
1288
1066
1025
763
982
832
882
703
712
726
713
742
783
742
785
777
822
798
918
882
867
883
879
788
749
736
812
750
821
603
616
547
588
574
584
537
630
560
606
657
674
610
583
691
668
691
692
724
768
775
778
709
629
605
563
593
788
820
673
645
680
720
817
742
816
555
543
487
482
528
607
597
572
564
596
562
483
449
474
439
466
480
461
512
482
489
592
553
589
577
762
607
556
563
533
593
554
615
555
567
598
584
600
597
577
635
654
597
601
671
610
669
696
