-0.010471
0.10625
-0.022979
0.060596
-0.13184
-0.052855
0.039242
-0.035958
-0.055039
-0.008116
0.11791
0.014381
-0.10701
-0.045278
0.13635
-0.085976
-0.078068
0.0054795
-0.10219
0.056224
0.077055
0.020968
-0.035791
0.021862
0.011621
-0.044898
0.054671
-0.15702
0.097498
-0.0048692
0.064958
-0.061304
-0.022749
0.07544
-0.015693
-0.065359
-0.01894
0.089558
-0.01823
0.067686
-0.020735
-0.088763
0.039435
0.13761
-0.059815
-0.081971
-0.011415
-0.0313
0.033112
-0.026896
-0.14654
0.06794
-0.024425
0.13353
-0.028034
0.08696
0.056182
0.03887
-0.012442
-0.080347
0.019038
0.049767
-0.080175
0.0039943
-0.12672
0.067483
0.12214
0.019068
-0.055555
0.10619
-0.031411
-0.047967
0.022953
-0.060921
0.044427
-0.0043011
-0.048009
0.080869
0.05823
-0.035039
0.00050929
0.036986
0.04039
-0.13501
0.023982
0.013599
-0.072152
0.050623
-0.08412
0.04405
0.020236
-0.0097933
0.070195
-0.06801
0.07208
-0.088027
0.068549
-0.018282
-0.059735
-0.038214
0.029785
-0.0022599
-0.09548
0.058022
0.021494
0.0017227
0.068725
-0.12538
-0.080245
0.14319
-0.10955
0.089976
0.079864
-0.10877
0.018382
-0.038328
0.075241
0.039961
0.044688
-0.069476
-0.011217
0.039264
-0.028605
-0.059196
0.060868
-0.037462
0.0023108
0.035708
0.052601
0.050474
-0.042057
-0.2903
0.043172
0.015308
-0.11465
0.045611
-0.1012
-0.037499
0.14716
-0.070498
0.061333
0.073045
-0.1047
0.042925
-0.13955
0.087816
-0.027665
0.026189
-0.025431
0.051672
-0.087142
-0.14413
0.059824
0.1363
-0.0037327
-0.021165
0.078573
-0.16219
0.053368
0.01252
-0.048596
0.068612
-0.00076249
0.068535
-0.067011
0.017365
0.054619
0.011976
-0.12437
-0.014377
0.00080418
0.01674
-0.093573
0.17986
0.030002
-0.050516
-0.013413
0.025918
0.018827
-0.062914
0.029359
-0.039339
-0.17586
0.077847
0.05626
-0.085623
-0.0017544
-0.060625
0.011132
0.21648
-0.13078
