21392
25200
21872
11664
-15736
-24412
4239
4317
-26080
-28232
-17700
-21296
695
11280
8139
22312
31004
29848
44992
54320
30692
-2457
-15620
-14868
-32976
-40464
-26660
-15424
-12948
-15996
-14264
5514
82
-5790
40032
57712
26832
2694
-18340
-37824
-24156
1787
12900
7579
-24576
-45104
-44752
-54976
-51680
-5663
48224
70272
58944
14504
-35552
-35696
22888
67968
80176
1.133e+005
1.063e+005
-8444
-97840
-94640
-1.0638e+005
-1.2574e+005
-26124
1.4822e+005
2.2938e+005
1.7626e+005
43008
-1.1867e+005
-2.1222e+005
-2.0762e+005
-1.801e+005
-1.527e+005
-89776
8388
62016
88496
1.7485e+005
2.2426e+005
1.513e+005
60560
-10068
-59584
-28256
43632
80416
44256
-84960
-2.249e+005
-2.3693e+005
-1.5578e+005
-42368
75840
1.472e+005
1.3555e+005
74880
56592
35920
-75664
-1.5846e+005
-1.0629e+005
49504
1.7114e+005
1.6358e+005
50656
-61840
-40080
54896
57232
26608
-4187
-1.1496e+005
-2.1197e+005
-1.865e+005
-1.069e+005
-38592
16744
1.1914e+005
2.2003e+005
1.6934e+005
32896
11128
34336
-49360
-1.273e+005
-54432
45216
50560
37632
35120
-25488
-1.1563e+005
-1.1901e+005
-58080
3600
71696
63424
-33184
-68032
-2108
46320
8964
16888
88848
63648
34304
93248
30744
-1.3338e+005
-1.5987e+005
-78864
2439
1.0181e+005
1.8125e+005
1.3837e+005
26472
-57968
-1.1494e+005
-1.213e+005
-84288
-54192
-84928
-85008
-22592
-17532
14372
68320
78304
1.2093e+005
98176
-7518
-13208
87664
1.4643e+005
1.025e+005
-5043
-1.0557e+005
-1.12e+005
-1.1635e+005
-2.3245e+005
-2.615e+005
-1.687e+005
-1.3914e+005
-1.0549e+005
66720
2.7661e+005
4.0781e+005
4.8192e+005
4.5158e+005
2.9952e+005
1.719e+005
-9844
-3.0605e+005
-4.9574e+005
-4.8986e+005
-4.5082e+005
-4.7309e+005
-4.0742e+005
-1.3414e+005
1.4003e+005
2.1299e+005
3.0221e+005
4.9178e+005
5.0381e+005
2.9005e+005
1.2438e+005
49152
-5967
28160
1.6768e+005
2.6803e+005
1.6435e+005
-28416
-1.9494e+005
-3.4765e+005
-4.7834e+005
-5.7664e+005
-5.6371e+005
-4.3354e+005
-2.3539e+005
14532
1.8701e+005
3.2525e+005
4.5107e+005
4.0512e+005
2.4755e+005
1.0118e+005
23192
40480
26676
-61216
-1.536e+005
-2.2029e+005
-2.1146e+005
-1.2704e+005
-19024
1.2219e+005
2.8301e+005
4.2099e+005
4.7834e+005
3.5635e+005
1.3888e+005
-1.2717e+005
-3.529e+005
-4.0179e+005
-3.3971e+005
-1.9635e+005
-56784
-40320
-74656
-1.2536e+005
-2.1696e+005
-1.7741e+005
51968
2.743e+005
3.6262e+005
3.6941e+005
3.2307e+005
1.504e+005
-54608
-1.9405e+005
-2.4141e+005
-2.3949e+005
-1.8944e+005
-1.2259e+005
-64912
10144
43664
22944
7330
28860
71888
45232
-56624
-76928
-9040
36864
1.1482e+005
2.0659e+005
1.8688e+005
90624
21792
7774
-4967
-67024
-1.0453e+005
-53600
-26572
-79136
-1.4272e+005
-1.9712e+005
-2.2016e+005
-1.256e+005
81200
2.3872e+005
2.4512e+005
2.176e+005
2.4806e+005
1.5475e+005
-1.4144e+005
-3.3766e+005
-2.999e+005
-1.3786e+005
63936
1.6576e+005
1.8074e+005
2.272e+005
2.441e+005
1.269e+005
-44000
-1.9302e+005
-3.2614e+005
-3.3613e+005
-1.8278e+005
-34640
67840
1.3222e+005
1.0298e+005
18280
-31888
-4180
1.0986e+005
1.8854e+005
1.44e+005
93680
78992
10368
-1.5194e+005
-2.6726e+005
-2.7699e+005
-3.0963e+005
-2.9427e+005
-1.3094e+005
43824
2.2541e+005
3.8477e+005
3.6416e+005
2.4806e+005
94688
-50672
-1.004e+005
-76736
-46080
-2201
82544
1.5411e+005
1.3824e+005
25784
-1.591e+005
-2.7046e+005
-2.1683e+005
-84848
41072
1.4003e+005
1.4822e+005
11556
-1.417e+005
-1.847e+005
-1.6589e+005
-1.3414e+005
-38992
1.205e+005
1.8739e+005
81312
-76848
-98880
-27676
-23064
-38032
25856
1.2854e+005
2.4845e+005
3.1693e+005
2.4973e+005
99792
-16980
-36224
-55024
-1.7754e+005
-2.1811e+005
-70000
40816
19052
-21076
-48112
-73232
-81888
-1.2326e+005
-1.4554e+005
-1.2352e+005
-1.0384e+005
-27752
82208
1.2253e+005
67856
20400
49904
1.0629e+005
77680
-7388
33536
1.2622e+005
88976
1046
-19708
-3251
-27856
-1.036e+005
-1.0058e+005
-58400
-67104
-65616
19760
1.1789e+005
84080
18036
74528
1.2973e+005
96208
38288
-38496
-68400
-28888
-28260
-59104
-69328
-1.093e+005
-1.783e+005
-1.696e+005
-61504
67296
1.431e+005
1.8432e+005
1.8611e+005
95424
-17284
-59488
-69040
-69280
-40704
-40256
-46128
21024
1.0446e+005
83008
-29020
-1.0307e+005
-1.1096e+005
-76624
-18096
1.2262e+005
2.3936e+005
1.9328e+005
1.0248e+005
26280
-54032
-88496
-66400
-76416
-1.075e+005
-86816
-80144
-99648
-1.2147e+005
-72400
60112
1.127e+005
79424
64304
29380
782
13200
38880
58880
38496
41888
75232
11320
-92256
-1.3862e+005
-1.1635e+005
-98336
-80960
-18032
50432
87728
1.2211e+005
1.719e+005
1.44e+005
34896
-24092
-40320
-77984
-1.1634e+005
-1.0478e+005
-16772
47056
26600
34576
77648
56128
2929
3873
39712
72512
95408
72576
2010
-82896
-1.4682e+005
-1.3824e+005
-1.0776e+005
-1.1382e+005
-1.0173e+005
-75456
-59648
-8240
38576
25320
16164
32624
26764
11324
13904
12508
588
-8159
-10780
57088
1.3722e+005
1.4848e+005
1.4605e+005
1.3402e+005
78720
5843
-67424
-1.0621e+005
-75792
-62080
-79088
-92368
-93312
-41664
16160
36496
13632
5644
17500
12636
16340
33360
67376
74992
8668
-87632
-1.5424e+005
-1.7114e+005
-1.2398e+005
-9588
1.1509e+005
1.8189e+005
1.9341e+005
1.8509e+005
1.2594e+005
21160
-87168
-1.527e+005
-1.209e+005
-72240
-82448
-82512
-58080
-51520
-55088
-60384
-52080
-21184
8900
35168
77952
1.4234e+005
2.0339e+005
1.8598e+005
1.268e+005
90416
18308
-51232
-51616
-46784
-80784
-1.008e+005
-69920
-22584
1451
-2865
-13696
-19452
-43664
-67968
-62480
-8832
54096
58512
39568
8776
-28968
-60096
-38800
40112
98688
1.1818e+005
1.2846e+005
1.0566e+005
42992
-22156
-61328
-81968
-1.1042e+005
-1.5014e+005
-1.6742e+005
-1.4246e+005
-98144
-41232
15800
37872
42352
48608
66256
1.1195e+005
1.2477e+005
97776
67584
40240
39840
32848
-16188
-21628
28752
63600
68560
47168
-7629
-64240
-1.0069e+005
-1.4182e+005
-1.4976e+005
-83696
-20900
-13008
14952
59504
43632
-23584
-74480
-83344
-64784
-17032
24308
33056
48496
1.0574e+005
1.2598e+005
85200
68592
80496
63744
32672
-5049
-31328
-43920
-69824
-97504
-1.1003e+005
-1.2688e+005
-1.1162e+005
-58000
16488
83936
84256
15056
-865
32308
16672
-877
23784
35632
6510
-18272
6121
42032
13200
-36944
-41456
-7244
9444
11400
31704
37232
20964
-3014
-29848
-56960
-58480
-35968
-4146
37008
63328
36192
25496
55920
52416
26840
12784
-17604
-51088
-57872
-39088
-46432
-65984
-48448
-34320
-32004
-6325
15992
21616
38384
50464
50624
46704
55312
49216
17904
-23448
-43424
-30292
-6448
-11756
-72512
-1.1667e+005
-87712
-18172
30364
57664
69344
48848
21652
7236
-15200
-8672
23012
21416
3185
-2501
26440
26444
-9636
15376
54192
62192
58864
41136
9304
-30488
-47392
-44832
-36912
-50976
-86944
-1.1182e+005
-96944
-56112
-48528
-46096
-10864
30496
72576
98800
88672
77280
80192
88320
1.0091e+005
1.0712e+005
79648
2870
-86096
-1.1962e+005
-1.249e+005
-1.5334e+005
-1.6e+005
-1.152e+005
-69776
-36144
15284
64912
77344
86272
93568
83120
73728
64960
28268
-5154
-28592
-74496
-1.1491e+005
-1.0155e+005
-36336
16096
34816
60656
88960
84160
60384
42384
30088
5772
-54464
-1.0522e+005
-85136
-14196
26460
55968
91488
85696
46112
674
-60640
-1.3002e+005
-1.7421e+005
-1.7446e+005
-1.3965e+005
-84656
-13472
37952
65024
1.0376e+005
1.3402e+005
1.1027e+005
70096
70160
64768
21864
-8048
-9024
-436
-7380
-54000
-83344
-77488
-67216
-63344
-65232
-40800
8296
56688
75744
77664
79136
68256
29580
5093
21116
24836
-11404
-35360
-25912
-42064
-74608
-63744
-23132
16276
48544
73952
88080
81920
34064
-18576
-30788
-23560
-35584
-43456
-32960
-40704
-58048
-65504
-62240
-50432
-29428
-2624
6854
-3414
-600
32896
59616
61120
86112
1.1445e+005
1.0584e+005
81152
33952
-37392
-86512
-1.0176e+005
-1.1562e+005
-1.1342e+005
-78784
-33456
-15724
3970
52032
93104
98448
93360
85920
50112
567
-30980
-42336
-47248
-41696
-30104
-47344
-67792
-45216
-23664
-34032
-19736
24128
56928
75760
80480
93600
78880
23992
5589
-6151
-44704
-63504
-60640
-65216
-70480
-62256
-31084
199
13068
35232
67568
88848
77488
22900
-47584
-81408
-61824
-39664
-22928
18876
40816
17172
-10112
-21404
-36176
-24528
15188
28516
37888
65360
56480
9784
-26488
-36496
-40960
-37360
86
50576
77664
86736
74656
37088
-11052
-64640
-99120
-1.1074e+005
-1.1398e+005
-92080
-40128
1204
8860
19472
33616
12616
6932
49760
90560
77936
32332
19088
26028
11756
-4346
561
5304
-15368
-39744
-35728
-21900
-28796
-11496
21896
28876
31032
26000
-2980
-25368
-15432
6685
-7876
-27300
6233
21348
-19904
