-2.8098e-06
4.1007e-06
-6.7699e-06
1.0442e-05
-1.5526e-05
2.2928e-05
-3.4945e-05
5.8555e-05
-0.00012304
0.00050293
0.0019604
0.00085499
-0.00015032
6.628e-05
-3.8346e-05
2.4844e-05
-1.6777e-05
1.1327e-05
-7.4148e-06
4.5664e-06
0
-8.0227e-06
1.5438e-05
-2.6764e-05
3.8883e-05
-5.8296e-05
8.803e-05
-0.00014134
0.0002691
-0.0010911
-0.00092419
0.00051757
-0.00062152
0.0024685
-0.00052708
8.1008e-05
-0.00032067
-0.00029477
0.00054779
0.00047332
-0.00020889
-0.00043127
0.00024043
-0.00014799
9.2507e-05
-5.7222e-05
3.3675e-05
-1.8247e-05
8.0227e-06
-3.4564e-06
2.236e-21
0
0
0
0
0
0
0
0
0
0
0
0
0
0
0
0
0
0
0
0
0
0
0
0
0
0
0
0
0
0
0
0
0
0
0
0
0
-1.3834e-06
3.6491e-06
-4.8734e-06
1.4176e-06
4.7622e-06
-1.5704e-05
3.2734e-05
-5.5398e-05
7.1951e-05
7.196e-06
0.0036297
-0.00236
0.0018256
0.0017513
-0.0022227
0.00078517
-0.00069707
0.0018727
-0.00014189
0.001634
-0.00052465
0.00066483
-0.00015595
0.0010443
0.00089003
-0.00037414
0.00025119
-0.00021993
-0.0012133
0.0015585
-0.00043972
0.0004668
-0.00064884
0.0011326
-0.00088089
0.0018064
-0.00046449
-0.0033959
0.0019423
-0.0035834
0.004007
-0.0035276
0.0016123
-0.0013735
-0.0013076
0.0033114
-0.0032969
0.0044767
-0.0029197
-0.0021792
0.0042889
-0.00039893
0.0038812
-0.011205
0.0088755
-0.0066913
0.002453
0.0054195
-0.0072815
0.000574
0.0017802
-0.0043732
-0.00083141
0.0070075
0.0025754
-0.00081361
-0.0050153
0.0017195
-0.0050668
0.013727
-0.0071478
0.0024732
-0.0070936
-0.0019775
0.0092752
-0.0040042
0.010278
-0.010024
0.0065441
-0.0061822
-0.0018243
0.012039
-0.0084555
0.0079324
-0.011578
0.0018698
0.0069013
-0.007448
0.0059512
-0.0066425
0.007242
-0.0047926
0.0019692
-0.0017092
-0.0067133
0.0097276
-0.002957
0.0053431
-0.0070987
0.00043183
0.0052731
-0.0022139
0.0030162
-0.0033248
0.0020965
-0.0066101
0.00219
0.0028671
-0.00029813
0.0024343
-0.0073662
0.0066542
-0.0044255
0.0036157
0.0019608
-0.0044075
-0.00022278
-0.0065838
0.007902
-0.0043946
0.0018344
-0.0037221
-0.0016792
0.0024773
-0.0063081
0.0049312
-0.0064877
0.0027801
-0.0023902
-0.00023296
0.00069668
-0.004236
0.0048608
-0.0020932
0.0022137
-0.0049547
0.00073426
0.00023837
-0.0019908
0.002021
-0.0025381
0.00084168
-0.0026001
0.0025513
0.001587
-0.00027822
-0.0010816
-0.00074955
0.00063567
-0.00080113
0.0015382
-0.00091761
-0.0021401
0.00058827
-4.4475e-05
0.0015808
-0.0022087
0.0010063
-0.0011632
0.002123
0.00023688
-0.0018711
-0.00059328
-0.0014217
0.0028669
-0.0011638
0.0010113
-0.0018191
0.00059035
0.00095427
-0.00039171
0.00025395
-0.00018117
4.2269e-05
-0.0020883
0.0021678
0.001971
-0.0013754
-0.0016828
-0.00067195
0.00022497
-0.00011272
5.0605e-05
-7.0092e-07
-5.0134e-05
0.00012231
-0.00026478
0.0015194
0.00026003
1.3051e-05
-0.00017693
0.00041479
-0.0018472
0.001422
-0.00067936
-0.0010571
-0.0022315
-0.00076086
0.00025853
-9.3469e-05
-2.4623e-05
0.00014654
-0.00039976
-0.0013863
0.00080527
-0.0016569
0.0015627
-0.0028343
0.00072603
-0.0012606
0.0022657
0.0010067
-0.0022033
0.0073336
-0.0037645
0.00277
-0.012122
-0.03645
0.039495
0.092174
0.094457
-0.11284
-0.095432
-0.33066
0.057468
0.61658
0.20317
-0.63641
-0.42178
0.92542
0.096604
-0.8859
-0.012863
0.31377
0.23661
-0.03903
-0.23393
0.12338
-0.26589
-0.19846
0.61507
0.11063
-0.2331
-0.34532
-0.0221
0.42629
-0.12382
-0.057225
-0.03695
-0.11129
0.32933
-0.0075267
-0.080479
-0.2092
-0.070363
0.21598
0.20147
-0.021884
-0.10018
-0.25663
0.11061
0.15848
0.018199
-0.14164
-0.16766
0.17132
0.23081
0.090527
-0.2111
-0.26637
0.17768
0.18462
-0.010621
-0.22566
6.6862e-05
0.21769
-0.063141
-0.071162
0.0099588
-0.061908
-0.03576
0.10812
0.17292
-0.13844
-0.16801
0.096168
0.18048
-0.051896
-0.17787
0.060393
0.066681
0.030203
-0.015517
-0.082473
-0.0024505
0.037079
0.050033
0.011863
-0.093404
-0.067559
0.025326
0.080531
0.062062
-0.1237
-0.062059
0.14464
0.11137
-0.011817
-0.090522
0.037839
0.052771
-0.0046679
-0.038771
-0.048385
0.092744
0.029348
-0.070269
-0.0075481
0.036021
0.0022487
-0.15102
-0.059704
0.042388
0.11862
0.016405
-0.087891
-0.022583
-0.021714
0.021359
0.040207
0.0095695
-0.0062488
-0.055095
0.012316
0.045365
0.024574
0.077029
-0.0088511
-0.063034
-0.015421
0.10712
0.045304
-0.067668
-0.11727
0.02468
0.1487
0.0037754
-0.051697
-0.097991
0.021361
0.00922
-0.039017
0.0085726
0.002016
0.010365
0.040719
-0.03355
0.019865
0.01955
-0.024847
-0.01265
0.055797
0.092072
-0.028668
-0.064331
0.022294
0.010605
0.030588
0.034575
-0.027535
0.034489
0.021489
-0.0068178
-0.017406
-0.056827
0.0063
0.066428
-0.029412
-0.098856
-0.042189
0.031794
-0.0058373
-0.1106
-0.020896
0.062389
-0.037152
-0.10225
0.018063
0.027855
-0.031749
-0.091766
0.058388
0.064503
-0.060105
-0.056507
0.004694
0.063989
0.012607
-0.084359
-0.017967
0.067591
0.012739
-0.020156
-0.0043006
0.02215
0.0095419
0.0069125
0.060469
-0.0070813
-0.010736
0.026369
0.011925
-0.047634
-0.0074479
0.030903
0.046707
0.038063
-0.021124
0.00065453
0.0094687
0.03454
-0.027988
-0.049318
-0.022715
-0.03891
-0.029609
-0.027363
-0.050955
-0.039106
0.041973
0.072707
0.022284
-0.019397
0.032135
0.056739
0.02907
-0.0016089
0.014182
0.022775
0.041241
0.0087513
0.0016203
0.032635
0.023761
-0.010884
0.0065077
0.052688
0.013793
-0.004461
-0.016631
-0.028353
0.0066449
-0.037313
-0.014372
0.041932
0.019762
0.018992
0.018182
0.029288
0.059192
0.036915
-0.0046512
0.010042
0.0032817
-0.0072763
-0.016599
-0.059272
-0.021889
0.021704
-0.014103
-0.087915
-0.061318
0.004072
-0.021607
-0.052297
-0.019853
-0.00084792
-0.014166
0.0028812
0.027841
-0.0061817
0.013894
0.0094674
-0.0076514
-0.031899
0.0029041
0.021963
-0.024104
-0.011193
-0.013765
0.015434
0.025997
0.0062647
-0.019373
0.045076
0.070425
-0.21565
0.14633
0.29974
-0.17198
0.049541
0.0052483
-0.15189
-0.30632
0.061526
0.34736
0.20926
-0.36966
-0.17895
0.34133
-0.14444
-0.1495
0.0047353
0.037053
0.088426
-0.065514
-0.29176
-0.031237
0.17278
-0.060482
-0.06698
-0.1081
0.13414
-0.17885
-0.1363
0.34059
0.27198
-0.23614
-0.36602
0.099927
0.37575
0.063727
-0.14146
0.025656
0.14892
-0.095338
0.052934
0.11852
0.12331
-0.053519
-0.14303
0.03679
-0.17936
-0.10431
-0.00054723
-0.021806
0.036622
-0.064214
-0.081888
-0.13131
-0.0032255
0.18045
-0.036678
-0.092587
0.0089669
0.092734
0.099355
0.072681
0.060882
0.0022102
0.011206
0.068598
0.07358
-0.013006
-0.05853
-0.01037
0.018076
-0.053858
-0.073496
-0.058313
0.031971
0.15357
0.03934
-0.029581
0.023109
0.034519
0.05866
0.045873
0.022689
0.023007
-0.0046597
0.018535
0.026358
-0.035123
-0.048423
-0.019589
-0.054143
-0.0565
-0.0066479
-0.017824
-0.019122
-0.0098673
-0.025747
0.0062175
-0.010499
0.036302
0.039974
-0.025566
-0.020305
0.011256
-0.01391
0.0019639
0.019664
-0.018575
-0.028008
-0.0072365
0.031084
0.024532
0.00024622
-0.012014
0.040949
0.0047702
-0.00047086
0.038139
0.051615
0.033604
0.0060273
-0.018444
0.034607
0.06641
0.014339
-0.017494
0.0032126
0.003179
0.0024719
-0.0044887
0.03954
0.0038089
-0.039758
0.022635
0.0001261
-0.01456
0.01316
-0.0094998
-0.0026311
-0.036764
-0.021201
-0.021599
-0.018905
0.0084709
0.031761
0.002529
-0.033045
-0.024898
0.025919
0.038134
0.037151
0.0036667
0.013114
0.0095423
0.028513
0.014214
0.00041527
-0.015937
-0.017141
0.014486
0.024769
-0.026273
-0.0090675
0.029917
0.020828
0.011713
-0.035966
0.021659
0.038031
-0.014071
-0.0062834
0.017655
-0.0061227
-0.03912
-0.03926
0.011192
0.018882
-0.0096449
-0.025266
-0.0275
0.015266
0.010147
-0.022166
-0.023762
0.0033713
0.0004937
-0.028241
-0.045105
-0.024368
-0.012484
-0.036152
-0.033514
-0.018186
-0.018871
-0.038632
-0.027741
-0.026841
-0.018795
-0.013186
-0.0097796
0.0062994
-0.00029059
-0.014138
0.0057514
0.023678
-0.006061
-0.011811
0.0041183
-0.0084897
-0.0057408
-0.0040126
-0.0031064
-0.0022144
-0.016515
0.0036982
0.028572
-0.0051975
0.0070096
0.0099478
0.0069814
0.013685
-0.015024
0.010269
0.026471
0.010361
0.00764
0.013618
-0.0039287
-0.012281
0.0041713
0.012527
-0.0064655
-0.02153
-0.02034
-0.019171
-0.01861
-0.0074097
0.0098595
-0.0046703
-0.027478
-0.029739
-0.0094473
0.0066149
-0.0038226
-0.024946
-0.024266
-0.0020225
0.0039776
0.010993
0.0017178
-0.0088002
-0.010141
-0.012849
0.011381
0.027595
0.01365
0.002948
0.0033197
0.017831
0.010106
0.0018371
0.0078202
0.018126
-0.0020528
0.0076555
0.012178
0.029545
0.013855
0.0061078
0.026207
0.018047
-0.002025
-0.004348
-0.0083724
-0.010586
-0.0024377
-0.013904
-0.0082494
-0.0077977
0.0065416
0.013853
0.0028064
-0.0045566
-0.022474
-0.017306
-0.0009309
0.0028495
-0.00099782
0.00043766
0.013393
0.0024662
-0.0028096
0.022173
0.028724
0.012467
0.011227
0.0022722
0.020977
0.02442
0.00073348
-0.0090425
0.014831
0.019201
0.0093543
0.003132
-0.0038965
0.016878
0.0081421
0.0014466
0.0026822
-0.0078211
-0.0040748
0.0077019
0.00097805
-0.019158
-0.020464
0.0045893
0.00073276
-0.017509
0.0023143
0.0065278
0.0014893
-0.005351
0.0042052
0.01687
-0.0024567
-0.010055
0.0078304
0.027218
0.013626
-0.010221
-0.0078957
0.00846
0.0080196
0.00090803
0.0024044
-0.0016579
-0.0016896
0.002921
-0.0068751
0.00081929
-0.00039923
-0.0056075
-0.0087364
-0.0014
0.000683
0.0070611
-0.0035169
-0.014973
0.0019677
0.0053493
0.0013837
-0.0012738
0.006427
0.010685
0.010008
0.0022219
0.0066171
0.025309
0.020905
0.020116
0.013721
0.021404
0.018388
0.014103
0.017695
0.018348
0.0070168
0.0070968
0.018694
0.020717
0.0094843
0.0080478
0.0027294
0.0086934
0.0038147
-0.0063606
0.00029432
-0.0081915
-0.0032434
0.0010724
-0.003097
-0.01207
-0.0095615
-0.0040491
-0.00088075
-0.0109
-0.016691
-0.0020341
-0.0023038
-0.023091
-0.0079445
-0.0014523
-0.007839
-0.009231
-0.020691
-0.02251
-0.0059082
-0.0039576
-0.027141
-0.023444
-0.013223
-0.016517
-0.014927
-0.021165
-0.012188
-0.013315
-0.016391
-0.015165
-0.015639
-0.0076962
-0.01418
-0.0098808
-0.0050096
-0.011601
-0.015787
-0.015732
-0.0096853
-0.0060301
-0.0074241
-0.014225
-0.01826
-0.0087438
0.0054421
-0.0017182
-0.013577
-0.01347
-0.0036113
0.0052033
0.0026552
-0.0030423
0.00011627
0.0089583
0.0061295
0.0042791
0.0038723
-0.0014687
0.0034495
0.011125
0.0072894
-0.0056071
-0.0037236
0.0011179
-0.00088721
0.0010956
-0.0035926
-0.007574
-0.0006885
0.0007993
-0.0050323
-0.0069033
-0.0045876
-0.0076375
-0.0017945
0.0037233
0.0020222
-0.0071853
-0.0049191
0.0007642
-0.00041685
0.0002826
-0.00025395
0.00058655
0.0072701
0.0079369
0.0077567
0.007838
0.0078038
0.0078159
0.0078084
0.0078001
0.0078467
0.002086
-0.0012252
0.0052078
0.0068454
-0.00084917
0.0011867
0.0060602
0.0052518
0.0084847
0.0015521
-0.00054332
0.0030678
0.0085783
0.00014654
-0.0090179
-0.0045024
0.0064286
0.013107
-0.00087621
-0.0096675
0.0068397
0.013692
0.0024131
-0.00060565
0.0064238
0.0024574
0.0069001
0.0078006
0.0092952
0.015708
0.0068181
-0.00077343
0.012845
0.01309
0.0069767
0.0080479
0.0086017
0.0088928
0.0072578
0.0082652
0.0072449
0.0097782
0.0053936
-0.0015469
0.0052496
0.007949
0.0081968
0.0049421
-0.0010258
0.006853
0.010036
-0.0016979
-0.0034321
0.0063878
0.010884
-0.0048992
-0.0025353
0.0022762
0.0062261
0.0021623
-0.0012965
0.0027087
0.0045825
-0.00028862
-0.0045961
-0.0057654
0.007402
0.0013219
-0.0081503
-0.0059385
-2.4019e-05
0.00031455
-0.0063543
-0.0074553
-0.0034328
-9.8601e-06
-0.0040589
-0.0093639
-0.0051012
-0.0019506
-0.0075976
-0.0085287
-6.0854e-05
-0.00058657
-0.0083014
-0.0080086
-0.0033672
0.0007303
-0.00025163
-5.7786e-05
0.00044688
-0.0026206
-0.0010628
0.00019992
0.0012402
0.00044641
0.0055454
0.0089588
0.00078186
0.0027429
0.0088873
0.0059174
-0.00038666
0.0015454
0.0083202
0.0072868
0.0085471
0.0057367
0.0060038
0.0071354
0.0011493
-0.00048453
0.0043253
0.0088566
-0.003478
-0.0036086
0.0090099
0.0041145
-0.0016728
-0.00031544
0.0064791
0.0039755
-0.0016271
0.0037407
0.0076379
0.00046233
-0.0013098
0.0010433
0.0025007
-0.0082181
-0.0055403
0.0089485
-0.00015217
-0.0097326
-0.010127
0.004027
0.0049383
-0.0090754
-0.0044474
-0.003773
-0.0085828
-0.0067521
-0.0011934
0.0013198
-0.0066516
-0.014182
-0.0036518
-0.0080586
-0.0028568
-0.0018307
-0.011294
-0.013071
-0.0082131
-0.0043746
-0.010191
-0.017153
-0.011955
-0.0076155
-0.0075179
-0.012076
-0.016904
-0.0083059
-0.006586
-0.010003
-0.0066822
-0.011235
-0.01035
-0.0064511
-0.010403
-0.01278
-0.0035973
-0.0022772
-0.0052382
-0.010219
-0.009744
-0.0067653
-0.012729
-0.010111
0.0068786
0.00049847
-0.0098736
-0.0044574
0.0043516
0.0063217
-0.00050828
-0.0078425
0.00090918
0.0095931
0.0052815
0.00046749
-0.00075517
0.0021489
0.0073711
0.008897
0.0037523
0.0020659
0.002918
0.0040184
0.0057561
0.0073351
0.0053578
-0.00084224
0.0085124
0.0044779
-0.00054827
0.0059818
0.0088405
0.0044545
-0.0007713
-0.0072926
0.0015479
0.0052467
-0.00099295
0.00055221
-0.00036511
0.00027247
-0.00027227
0.00065965
0.0067956
0.00060531
-0.00014111
5.3695e-05
-1.9778e-05
-1.4851e-05
5.3618e-05
-0.00010823
0.00019432
-0.00036634
0.003227
3.9123e-05
0.00036345
-0.00086864
0.0036745
0.0038829
-0.0011085
0.0022594
-0.00062509
0.0011313
0.0028586
-0.0010811
0.0016779
0.0018764
0.0026341
0.0084111
-0.00044191
0.0030015
0.0088304
0.0010854
0.00027134
-0.00091076
0.0037493
0.0063286
0.001151
0.0083113
0.007355
-0.00010553
0.00475
0.006493
0.014087
0.011783
0.00082123
-0.00015716
0.0060112
0.0083176
0.0075709
0.0073788
0.0023696
-0.00063944
0.0041756
0.012798
0.0073299
-0.0011976
0.0049691
0.0083233
0.0074962
0.0081418
0.0069862
0.0038457
0.0088542
0.016627
0.01225
0.005812
0.0078572
0.0090825
0.0083211
0.007512
0.0080696
0.0075269
0.0082304
0.0060941
0.010135
0.00072876
0.00075069
0.0011137
-0.00064473
0.00070828
-0.0019317
-0.0074873
-0.00043128
0.00015747
-0.00053679
-0.0072189
-0.0081763
-0.0063488
0.00076224
-0.0029751
-0.0092581
-0.013235
-0.0076431
-0.0094136
-0.016274
-0.011973
-0.0021002
-0.0017913
0.0068244
-0.0079588
-0.027714
0.0017555
-0.019425
-0.025006
0.024677
-0.0014624
-0.0038251
-0.010849
-0.025494
0.0097001
0.022519
-0.014582
-0.023551
-0.014172
-0.0035758
0.0095816
-0.0097476
-0.0045982
-0.0017076
-0.0037425
0.013352
-0.0052851
-0.011594
-0.0053327
-0.0039119
0.0075883
-0.0068838
-0.0019518
0.0094348
0.0041592
0.0068256
-0.00027577
-0.0015977
-0.0053086
0.011662
0.011229
0.0017549
0.0054144
0.0023083
-0.0066121
-0.0077989
0.0049027
-0.0020204
0.0030766
0.0038566
0.0032911
0.0092597
-0.0014225
-0.019011
-0.0014767
0.0069015
-0.007915
-0.0069591
-0.014718
-0.011874
0.0041877
-0.019624
-0.0089796
-0.003179
-0.012306
0.0092972
-0.011241
-0.010276
-0.0053572
-0.015034
-0.011351
0.0042838
0.0090486
-0.0052424
0.0037477
0.0037072
-0.0082583
0.0043664
0.0027499
0.0090575
0.0046905
-0.0093818
-0.006138
-0.0027511
-0.0074695
-0.0079527
0.0061614
0.0017903
0.0010302
0.0073662
-0.0069512
0.0022006
-0.0058994
-0.0099197
0.0073512
-0.0012893
0.00058512
0.00045005
-0.0068093
0.0053818
0.0067887
-0.0013353
-0.0042891
0.004087
0.0032609
0.00075905
-0.0032648
-0.0090469
0.0013535
-0.0011797
-0.0028969
0.0011712
-0.0077358
-0.0011763
-0.0032518
-0.0073278
0.0015741
-0.0080778
-0.0044624
0.002657
-0.0040275
0.0010102
-0.0010396
0.0049473
0.0079376
0.00037946
0.0080549
0.0056333
0.0026772
0.0089693
0.0059174
0.0023539
0.00098387
-0.00097681
0.0035542
0.0068654
-0.00077308
0.00069181
-0.0011776
-0.0038499
-0.00040032
-0.0073839
-0.0078919
-0.0077609
-0.0078946
-0.0076615
-0.0084029
-0.009317
-0.0013056
0.00029984
0.0034194
-0.0011089
0.0052104
0.0076332
0.012077
0.0085311
0.014051
0.011691
0.0067522
0.0083825
0.0073819
0.011466
0.010158
0.0031375
0.0036359
0.0034497
0.0055772
0.0001764
-0.0049031
0.0061321
-0.0061965
-0.0014551
0.005536
-0.0084284
0.0072816
0.0020762
0.0069947
0.011827
0.0036588
0.014309
0.0073849
0.0091443
0.017845
0.0083115
0.013592
0.009013
0.014922
0.015897
0.0097621
0.011437
0.012214
0.0089459
0.0073097
0.0078866
-0.00023374
0.0066585
0.00060032
-0.00096007
0.00042436
-0.0001928
8.5236e-06
0.00017036
-0.00039667
0.00077031
-0.0040342
0.0046923
-0.0012091
-0.0036561
0.00069071
0.00015304
-0.0018634
-0.0072531
-0.011436
-0.0076321
-0.0035265
-0.0023265
0.0044756
0.010697
-0.013106
-0.0060558
-0.0046921
-0.020249
0.00076412
0.0099445
-0.0027494
-0.0083398
-0.019069
-0.013724
0.0069822
0.0066045
-0.007236
-0.012723
-0.0054818
0.0046416
0.0019526
-0.010953
-0.010543
-0.004259
0.0017648
0.0049537
-0.0092937
-0.012979
0.00072315
-0.0010095
-0.0070599
-0.010167
-0.0053371
-0.002618
-0.0093512
-0.002386
-0.0011693
-0.0084017
-0.0016543
0.00069105
-0.00094307
0.0035007
0.0022486
-0.00065423
0.00028731
-6.8788e-05
-0.0001126
0.00034131
-0.0063109
-0.0022334
0.00086037
-0.0010112
-0.0068138
-0.008655
-0.00463
0.00069404
-0.0061424
-0.0085981
-0.0058633
-4.5145e-05
0.00032417
-0.0064182
-0.0067144
0.0006877
-0.00052636
0.0043096
0.00076932
-0.00021451
0.00010475
-4.6249e-05
8.9201e-06
1.72e-05
5.9676e-05
0.003615
-0.002269
-0.0063972
0.00052252
-0.00044649
0.00051934
-0.0010903
-0.0054649
-3.5373e-05
0.00018217
-0.00039268
0.0008349
-0.0051398
-0.0040629
0.0013979
-0.0065161
-6.4223e-05
-0.0064176
-0.0073467
-0.0066108
-0.0079514
-0.0080927
-0.0012798
-0.0024438
-0.0089915
-0.0012434
0.00022736
-0.00020569
0.00029767
-0.00043136
0.0061322
-0.0065771
-0.014091
0.0064294
0.0050646
-0.0057438
0.019724
0.018612
-0.015722
-0.0082181
-0.0010848
-0.013105
0.038292
0.016982
-0.0019139
0.0032971
-0.022602
0.0042823
0.031568
0.0046258
-0.014328
-0.0093382
0.0056424
0.017163
0.0083781
-0.0098512
-0.001603
0.0041743
0.013839
0.020273
-0.015475
-0.016463
0.010182
0.011736
-0.011001
0.0035606
0.0069615
-0.016401
-0.0070703
-0.021478
0.027871
0.0028367
-0.027792
0.00097401
-0.0025917
0.017675
0.0027251
-0.00073378
-0.0064382
-0.0018555
0.0027045
0.0037495
0.014804
-0.0082883
-0.0082131
0.0081446
-0.017037
0.012621
0.010567
-0.013401
-0.013108
-0.0019355
0.012292
-0.0027331
-0.005603
-0.0040567
0.011259
0.010317
-0.0045486
0.0042353
0.0076256
0.017433
0.0049037
-0.0062912
0.014999
0.010362
0.0043138
-0.0039364
-0.0084498
0.0030262
0.02565
0.018906
0.0021747
0.013863
-0.001878
0.001481
0.009723
0.0031225
0.01627
0.005721
-0.014257
0.0015904
0.0028854
0.010423
0.00045449
0.0049356
-0.001195
0.0058283
0.010397
0.0040452
-0.0031982
0.003701
0.012506
0.014654
0.0041773
0.0081508
0.015297
0.0058954
0.0048712
0.0045395
0.0030913
0.0015038
0.0034381
0.0015681
-0.012156
-0.0063115
-0.0046047
-0.014431
-0.011925
-0.010398
-0.010492
-0.0033155
-0.0050574
0.0023272
-0.00014705
-0.0026196
0.012344
-0.0060486
0.00022821
0.024864
0.0026811
0.0085933
0.019382
0.013766
-0.0032261
0.0043522
0.0029869
0.016623
0.023821
-0.001149
-0.02376
-0.022616
-0.0003831
-0.0019539
-0.025058
-0.037481
-0.017894
-0.024713
-0.029393
-0.0058359
-0.013814
-0.022763
-0.01304
-0.0099676
0.0062094
0.027589
-0.027794
-0.03443
0.0072332
-0.035802
-0.016806
0.059915
0.044664
0.054481
-0.02023
-0.053897
0.011445
0.032286
0.058627
0.029199
-0.06929
-0.053712
-0.010476
0.01661
-0.0041722
-0.095202
-0.054703
0.04627
0.064681
0.034565
-0.067202
-0.076507
0.048286
0.054693
0.039014
-0.01212
-0.04397
-0.10326
-0.020406
0.10681
0.10677
0.019169
-0.087016
-0.031774
0.058124
-0.063957
-0.0037617
-0.015134
-0.0022134
-0.017938
-0.056931
0.021889
-0.016494
-0.0097735
0.037152
0.013151
-0.020501
-0.0054718
-0.027428
-0.014967
0.021825
-0.02791
0.013238
0.0041233
-0.0094533
0.063128
0.02681
-0.00025346
-0.015957
-0.032028
0.047443
0.0024209
-0.057768
-0.01027
0.025071
0.021057
-0.0033335
-0.036942
-0.0089653
0.032874
0.048713
0.013107
0.014015
-0.019167
-0.029913
0.04
0.033648
0.0033864
0.0075512
-0.0080333
0.022043
0.014988
0.0035893
-0.015634
0.010025
-0.014611
-0.02176
-0.0054883
-0.041016
0.030779
0.098909
0.0030811
-0.021561
-0.0061668
-0.0053353
0.046816
0.055177
-0.060629
-0.013785
-0.029102
0.028392
0.052628
-0.0048095
-0.021349
0.01267
-0.01562
0.0070096
-0.043941
-0.057284
0.010497
0.0033004
0.055026
0.11772
-0.0092268
0.080878
-0.070914
-0.084279
0.047351
-0.0079206
0.09679
0.031323
-0.066972
0.032839
0.023755
-0.22463
-0.2403
0.23294
0.073096
0.036621
-0.038602
-0.26846
0.13257
0.040475
0.0088783
0.16198
-0.13836
-0.069209
0.071315
0.096968
-0.0042228
0.024581
-0.015841
-0.041571
0.11161
0.0050869
-0.0060289
-0.13186
-0.031283
0.074901
0.015069
-0.091347
-0.0038197
0.00015957
0.027033
0.015896
-0.033047
-0.10083
0.011423
0.026411
0.087564
0.0034208
0.012411
-0.016632
0.00243
0.037791
0.001443
-0.040807
0.037193
0.014163
-0.016752
-0.055879
0.024285
-0.015177
0.0086981
0.0073313
-0.007828
-0.030553
-0.0051367
-0.012523
0.000321
-0.07426
-0.0097969
-0.055206
0.023323
0.024092
0.025178
-0.054087
0.017627
-0.016314
0.048499
0.026958
0.020714
-0.036788
-0.042346
-0.0076927
0.033968
0.012917
0.032828
-0.01307
-0.013726
-0.0064391
-0.018616
0.044212
0.024981
-0.028955
-0.043276
0.005294
0.046402
0.0042105
-0.014349
0.012277
0.041331
0.039419
0.0053258
-0.014921
-0.027475
-0.012278
-0.018603
-0.014699
0.01585
0.036847
0.021604
-0.00016152
-0.032139
-0.01746
-0.0088438
0.03373
0.00055054
-0.017266
0.013158
0.021968
-0.024826
0.01499
-0.0032323
0.00022189
0.031827
0.043516
0.018701
0.017623
-0.060245
-0.015139
0.038034
0.038461
-0.0071134
-0.0073213
-0.0069848
0.012602
-0.0016383
-0.014417
0.015613
0.017789
0.0050058
0.038823
-0.034151
0.0066646
-0.013171
-0.037032
0.010797
0.015714
-0.009774
-0.013018
-0.032705
0.015955
0.043659
-0.04486
-0.020075
0.012267
0.016172
0.0046375
-0.0087283
-0.0027018
-0.027615
-0.010901
0.0020219
-0.018766
-0.025527
-0.032647
-0.0051039
-0.01734
-0.01506
-0.024018
-0.032308
-0.012261
-0.024154
-0.0087365
-0.038603
-0.020504
-0.013166
0.0015593
-0.0043954
-0.015247
0.00061239
0.0068
-0.0090257
0.02011
0.0095781
-0.0073031
-0.0012674
0.0084436
-0.0095858
-0.0025521
-0.0023987
-0.0011723
-0.0069551
0.00085366
-0.0067138
0.0023522
0.010109
0.015087
0.0059369
-0.0045629
0.013826
0.019713
0.011508
0.015839
0.0031703
0.0014108
0.014821
0.024099
0.02387
-0.0075704
0.0062861
0.021875
0.032395
0.0056183
-0.0091781
-0.0059075
0.014146
0.026136
0.012507
-0.0075888
-0.014568
-1.1465e-05
0.027083
0.025759
-0.0023866
0.00061649
0.0027861
0.015084
0.040284
0.012061
0.013748
0.0057677
0.0075342
0.010117
0.014398
-0.005821
-0.0016045
0.0085284
0.0058367
0.0041708
-0.0017369
-0.0051948
0.0029814
-0.00037531
0.0029448
-0.013296
-0.017485
-0.021105
-0.0065243
-0.0011143
-0.0065138
-0.011181
-0.006861
-0.004214
0.00156
-0.0066009
0.0053304
-0.00035536
-0.0010195
0.0044431
0.01027
0.013989
-0.004174
-0.014524
-0.0023588
0.0054316
0.014771
0.0017093
-0.0079036
-0.011177
-0.0057932
-0.00093372
0.00022726
-0.0071013
-0.017379
-0.010801
-0.0062379
-0.003613
-0.0034282
-0.0090238
-0.007736
-0.013669
-0.003309
0.0063077
-0.001085
-0.0036775
-0.0088971
0.0027751
0.003613
-0.0063518
-0.0067717
0.0046982
-0.0024043
-0.0063413
-0.0017592
-0.0049428
-0.0014458
-6.0424e-05
-0.0042
-0.0017339
-1.0959e-05
0.0027091
0.0089631
-0.00085892
-0.010474
-0.0018357
0.0013779
0.0012502
-0.0036175
-0.0019951
-0.0025447
0.00058804
-0.0065222
-0.0057158
0.0085053
0.0066587
0.0039959
-0.005326
-0.0038165
0.0031907
0.0039657
0.0011264
0.0013476
0.0013914
-0.0044501
0.0093915
0.009454
-0.00019897
-0.0024246
0.0030437
0.0013355
0.0056786
0.002828
-0.0021685
0.00269
-0.0072832
-0.0013072
0.0047771
0.0056478
-0.0014162
-0.0028014
-0.0069871
-0.0017884
0.0037105
-0.0037271
0.0051723
-0.00091194
-0.0017573
0.0078824
-0.0014568
-0.002177
0.0050094
0.0011762
0.00041147
-0.002084
2.9905e-05
-0.0042691
-0.0029002
0.0052226
0.0013294
-0.00063947
0.0010781
0.0016128
0.0022184
0.0053448
-0.0025856
-0.00029488
0.00027351
0.00087724
-0.012343
-0.0023197
-0.0077397
-0.010041
-0.00036118
-0.0013607
-0.0079218
-0.003842
-0.00089613
0.003937
-0.0032014
-0.0053991
-0.004929
-0.00092515
0.00053561
0.0015465
0.00038206
-0.00036016
0.0012138
0.0059808
0.0034291
0.0086647
-0.004776
-0.0022469
0.0017541
0.00066516
-0.0014651
-0.0019739
-0.0016384
-0.0057968
-0.0057546
-0.0045722
0.00044186
-0.0080752
-0.0061792
0.0011321
0.0027377
0.00072319
-0.0020511
-0.0023667
0.0049521
0.0015523
-0.00026097
0.00019704
-0.0028451
-0.00066018
0.0052827
0.0013166
0.0012057
-0.0053707
-0.0089514
-0.0030989
0.0010248
-0.00025564
0.00011147
-0.0072235
-0.010387
-0.00018632
-0.0073278
0.00090206
0.0032663
0.0028209
0.007154
0.0048858
-0.00085764
0.0063087
0.0083579
0.0067456
0.0034134
0.0087527
0.0081159
0.0072385
0.0053685
0.0021492
-0.0007438
-0.0015027
0.0040617
0.003555
-0.00072493
-0.00045816
-0.007145
-0.0079267
-0.0072876
-0.00063541
0.00048204
-0.0039574
-0.0022208
-0.00049488
0.00023575
-0.00029731
0.0004649
-0.00086829
0.0035919
0.0040902
-0.0014832
0.0070133
0.0016957
0.0012364
5.7315e-05
0.00012699
-0.00040751
0.0017239
0.0024018
-0.0048933
-0.0089315
-0.0043251
0.00019324
0.00042076
-0.002705
-0.00084286
-0.0005981
-0.0030134
0.00087915
-0.00064236
0.00061451
-0.00069659
0.004064
0.0054584
0.0050091
0.0036267
0.0038029
0.0065485
0.0058187
0.0075999
0.0089011
0.0041632
0.0013036
0.00060632
0.0091977
0.012208
0.0068702
0.0073213
0.0077208
0.0097141
0.0070307
0.01286
0.012125
0.0025952
0.010449
0.013304
0.01139
0.0047606
0.0078633
0.0048253
0.0068892
0.0048985
0.0072164
0.0054152
-0.0041326
-0.0054335
0.0018662
0.0020779
-0.0086259
-0.013032
0.00045401
0.0071033
0.0073376
0.00078862
-0.0042909
-0.0092817
-0.0025073
-0.00012
0.0027097
0.0063591
0.0026714
-0.0020922
-0.005059
-0.0072236
-0.0082595
-0.005882
-0.0018492
-0.0064056
-0.0067348
-0.013398
-0.012657
-0.0085887
-0.013218
-0.0075433
-0.011306
-0.0070482
-0.010592
-0.017218
-0.0098915
-0.0096683
-0.013882
-0.010249
-0.0089093
-0.0085115
-0.011018
-0.013568
-0.0096032
-0.012273
-0.013219
-0.015593
-0.014554
-0.010696
-0.0068831
-0.0042456
-0.0091914
-0.011553
-0.0077987
-0.0082997
-0.00044571
-0.0051495
-0.0048955
-0.0031261
-0.0047051
-0.0013334
0.00018712
0.00070644
0.0030143
-0.0019522
0.0058907
-0.00030555
0.00012757
0.004966
0.0049972
0.0019733
-0.00062157
0.00017378
8.4455e-05
-0.00056039
0.0068928
0.001431
0.0091645
0.011972
0.0031474
0.012156
0.0084526
0.0064075
0.013024
0.0080828
0.014378
0.016431
0.0067543
0.0068106
0.0095269
0.0087045
0.0081147
0.0071174
0.0062891
0.0154
0.013685
0.01197
0.00373
-0.0012275
-0.00044472
0.0075219
0.0038539
0.00049374
0.0039458
0.008024
0.009049
0.00013322
-0.0020544
-0.0069707
0.00031068
0.0094636
0.0061665
0.0048177
-0.0019897
-0.00073591
-0.0029685
0.00059882
-0.0033029
-0.0011336
-0.0024117
-0.0031365
2.4486e-05
-0.0025507
-0.0016479
-0.0022228
0.0038475
0.0019069
0.0031515
-0.0003138
0.0011506
0.0022654
0.0029267
-0.00062541
0.00077747
0.0071728
0.0079977
0.0074182
0.00026146
-0.0022209
-0.0028835
0.00089079
1.3865e-05
-0.0011333
-0.0026762
-0.0051925
-0.0048588
-0.0073379
-0.006271
-0.0068486
-0.00057014
-0.0051597
-0.0045163
-0.0017368
-0.0023918
-0.00091079
-0.0029955
-0.0025078
5.7943e-05
-0.00024609
-0.0015713
0.00037059
-0.00030324
0.00041059
-0.0033303
-0.002031
-0.0023179
-0.0013181
-0.0012724
-0.0065942
-0.0044985
-0.002327
-0.0039024
-0.0036946
-6.7801e-05
-0.0030247
-0.00055283
-0.0027176
0.00096804
0.00031385
0.0032048
0.0022157
0.0027963
-0.00070967
0.0028243
0.002424
0.0020876
0.00013134
-0.0011013
-0.00091024
-0.00050582
0.00052554
-0.0032838
-0.0016143
-0.00054839
-0.0025201
-0.00041178
-0.0029408
-0.0010204
-0.00088567
-0.0011995
5.9324e-05
1.4932e-05
-6.5553e-05
0.00016332
-0.00090637
0.0040011
0.0063009
0.0056245
0.0050951
0.0079273
0.0049715
0.0059195
0.0077037
0.0080959
0.0072558
0.0094583
0.0048388
0.0059261
0.0085211
0.0073301
0.0082617
0.0066487
0.0068483
0.0085766
0.0088526
0.0081619
0.0066111
0.0053474
0.0079286
0.0047233
0.0069733
0.002357
0.0011915
0.0051174
0.0032169
0.00034666
-0.0019927
-0.0070569
-0.0070971
-0.00357
-0.0036242
-0.0046906
-0.0060074
-0.005447
-0.0053985
-0.0030244
-0.0068433
-0.0083521
-0.0072106
-0.0087753
-0.0025449
-0.0041841
-0.011172
-0.0024871
-0.0015926
-0.011808
-0.0051216
-0.0058342
5.6141e-05
0.0003499
0.00095317
-0.0073867
-0.0097233
-0.0054314
-0.0045801
0.001305
-0.017422
-0.0070654
0.0019542
-0.00029183
-0.0037542
-0.0040755
-0.0040846
-0.014585
-0.0040938
-0.0032305
-0.0057508
-0.015616
-0.0032994
-0.0034799
-0.0045479
0.0034919
0.0073443
-0.0059037
-0.013574
0.0048333
0.0098293
0.0045243
0.0010046
-0.0089471
-0.0015819
0.00072813
0.0020105
-0.0049555
-0.0022272
0.0055116
0.0051339
0.015123
0.0068941
0.0026887
-0.0024148
-0.0029762
0.0046041
0.0058615
0.0055893
0.009098
0.005082
-0.0007284
0.0074863
0.0063978
0.0033413
0.0079474
-0.00035174
0.0048664
0.0052553
-0.00043826
0.0032007
0.00011412
-0.0041822
-0.0044512
0.00091034
-0.00061729
0.00055703
0.00069169
-0.0021981
-0.0088325
-0.0040291
-0.0014684
-0.0041028
0.0017108
-0.003395
-0.00049637
-0.0018287
0.00077934
-0.003489
-0.0068437
0.00070281
-0.0015108
-0.0011229
-0.0029058
-0.0016796
-0.0021174
-0.00026203
-0.0005432
-0.0015067
0.0019578
0.0026227
0.00089779
-0.0024862
-0.0016725
-0.0022262
-0.0007382
0.0027766
0.0042685
-5.1347e-05
0.0053941
0.0070145
0.0015227
-6.5433e-05
0.0023574
0.0044247
0.0041917
0.0071026
0.010146
0.0056799
0.015463
0.007084
-0.004983
0.0042309
0.0047942
0.0042189
0.0026381
0.0044332
0.0057648
-0.0026356
-0.00018948
0.007546
-0.0013225
0.0063726
2.495e-05
0.017151
0.0089255
0.012174
0.0021744
0.011533
0.013963
0.001345
0.013123
-0.0013904
0.0088721
-0.0015151
0.0036264
0.0026427
0.0014193
-0.0017725
0.0080308
-0.0034722
-0.0037092
0.0012493
0.0019266
0.0013918
-0.0070012
-0.0033769
9.9195e-05
-0.0013002
-0.0073101
-0.0037277
-0.0083934
-0.0036365
-0.001679
-0.0034905
-0.0028463
-0.0065036
-0.0071922
-0.00058062
-0.0063434
-0.015116
-0.0071081
-0.005884
-0.0066021
-0.00056626
-0.0052451
-0.0066438
-0.0048481
-0.0073444
-0.0078052
-0.0051016
-0.0085944
-0.0085934
-0.0063166
-0.0040086
-0.0031567
-0.0011729
1.5938e-05
0.0027218
-0.005119
-0.0050234
0.0013176
-0.0048666
-0.0042834
-0.0068625
0.0018008
0.0014064
-0.00053541
0.0002531
-0.00014466
-0.0040372
-0.0040134
0.00037162
0.0010433
0.0062152
0.0029536
0.00077468
0.002999
-0.00020467
0.0010184
0.0027603
-0.0007881
0.0031528
0.0035249
0.0008435
0.0049146
-0.00018126
0.0054589
0.0030369
0.0040747
0.0079227
0.0010663
0.0006236
-0.0010872
0.0075289
0.0035877
0.0026515
-0.00032635
0.0054635
0.0082167
0.0051745
0.0074786
-0.0040644
-0.0017564
0.004149
0.0065463
0.0059382
0.00075219
0.00011291
-0.00034186
0.00069915
0.0024564
0.00071201
-0.0069672
-0.0038885
0.0066401
0.0030981
0.0033998
0.0032091
-0.0077409
0.0011665
-0.0033267
-0.0043221
-0.0084164
-0.0048114
0.0076877
-0.0021803
-0.011233
0.0073098
-0.010331
0.0015426
0.0099697
-0.0088725
-0.0052911
0.003681
-0.0073347
0.00023289
0.00078291
-0.0081552
-0.00018862
-0.0081903
0.0017142
5.2162e-05
0.0044781
0.0075536
-0.0025912
-0.0027743
-0.00034547
0.002134
-0.0043231
-0.0029204
0.0037315
0.0021604
-0.00016688
0.0046541
-0.0017034
-0.0028705
0.0060746
0.0030835
-4.4864e-05
-0.0013151
-0.0017841
-0.0048447
-0.0052855
-0.0011877
-0.0025951
-0.0050406
0.00016653
-0.003266
-0.0043192
0.0032657
0.0036387
-0.003903
-0.0043252
-0.0091697
-0.0040312
0.0025739
-0.0042671
-0.0035197
0.00083534
-0.00043599
0.0002743
-0.00017422
-9.8109e-05
-0.005704
-0.006293
-0.0049983
-0.0098955
-0.0010467
-0.0011965
-0.0086666
-0.0058405
-8.6257e-05
-0.0018208
0.0016133
0.0063838
0.0034683
0.0076406
0.0078658
0.0078092
0.0077255
0.010675
0.0058928
0.0040095
0.0024795
0.0007968
-0.0016934
-0.00091269
-0.001611
-0.0018213
-0.0051876
-0.0054927
0.0011888
0.00059646
-0.0026194
-7.9092e-05
0.00014951
-0.00024681
0.0061567
0.010252
0.0063707
0.010768
0.011903
0.011879
0.01649
0.01534
0.015459
0.017263
0.023223
0.016238
0.013094
0.0098635
0.0083767
0.0010463
-0.0030408
-0.005364
-0.011474
-0.016039
-0.015385
-0.015915
-0.012824
-0.011278
-0.0057768
-0.0076798
-0.0069031
0.0015011
0.0049599
0.010141
0.0096712
0.014228
0.020379
0.018041
0.015858
0.013658
0.0098447
0.0090665
0.0080191
0.0045313
0.00024914
-0.002357
-0.011738
-0.015754
-0.015813
-0.015117
-0.018252
-0.016793
-0.014103
-0.00923
-0.0076059
-0.00767
-0.0083836
-0.0046712
0.0005586
-0.00010354
-0.005853
-0.0085227
-0.006611
-0.0064664
-0.0057082
-0.0043318
-0.0060268
-0.0071092
-0.00091894
-0.0027707
-0.0010015
-0.0053557
-0.0018751
-0.00027848
0.0044567
0.008675
0.0072527
0.0083084
0.007293
0.011647
0.011016
0.0070107
0.0083678
0.0072723
0.0085564
0.0057251
0.0029322
0.00027294
0.00013314
-0.0045735
-0.0081018
-0.0079686
-0.006081
-0.0060143
-0.0080625
-0.0078976
-0.0073166
-0.0052398
-0.0054973
-0.006465
-0.0084136
-0.0073841
-0.0081926
-0.0073711
-0.0085203
-0.0031087
0.00068098
-0.00040277
0.00033637
-0.00039148
0.0015832
0.00026083
-5.4017e-05
-1.2007e-05
9.6269e-05
-0.00031596
0.0042205
0.0066805
0.0029688
0.0049775
0.001925
0.00070109
0.0003507
-0.0015194
-0.00083061
-0.0052033
-0.0054195
-0.0035137
-0.0056341
-0.0084324
-0.0051764
-0.0041479
-0.0023057
-0.0016184
-0.00082554
0.0014184
0.0010387
0.0021383
0.0025574
-0.00012873
-0.00010693
0.002338
0.00016536
-0.00165
-0.0012263
0.0027489
0.00010934
-0.0015228
0.0044279
0.0017258
0.00052445
0.0022309
0.0019271
-0.00053808
0.0012779
0.0016611
0.001191
0.0019046
0.0067562
0.0019389
0.0070301
0.0085062
0.0044549
0.0024154
-0.0007245
-0.00099557
0.0017005
0.0083983
0.0060019
0.0062009
-0.0034403
-0.001619
-0.00097023
-0.00035365
0.0029565
-0.00076429
0.0068772
0.0012045
0.0021185
-0.0022271
0.003236
0.00089658
0.0014716
0.0061369
-0.0004213
-0.00032498
0.0067632
0.0016383
-0.0012044
-0.0025349
-0.00078175
-0.0030605
-0.0028734
-0.0045158
-0.0035416
-0.0020389
-0.0043454
-0.0046193
-0.0065135
-0.006126
-0.0063911
-0.0055377
-0.0033137
-0.0043701
-0.0063203
-0.0053209
-0.0017595
-0.0040856
-0.0021509
-0.005625
-0.0050928
-0.0067599
-0.0018191
-0.0008942
-0.0018213
-0.0029861
-0.0012601
0.00086726
0.0010807
0.0031598
0.0024206
0.0036515
0.0040892
0.0050471
0.0073865
0.0060899
0.0074925
0.0045127
0.00028945
0.0017476
0.0025622
2.6485e-05
-4.9735e-05
3.496e-05
-2.643e-05
1.0444e-05
-8.7235e-06
0.001566
-8.9444e-06
7.8112e-06
-1.5154e-05
2.7082e-05
-8.6859e-05
0.0011799
0.0018861
0.00010461
0.001672
-0.00032158
0.0014906
0.0054579
0.0025777
0.00059734
0.0013966
-0.00075762
0.0025728
0.002495
1.0941e-06
4.8466e-05
-3.8133e-05
2.6539e-05
-2.1515e-05
1.6501e-05
-1.4107e-05
1.3397e-05
-2.2284e-05
6.3802e-05
-0.0003981
-0.0022483
-0.0024345
0.00062209
-0.0016458
-0.00024959
7.9978e-05
-4.1077e-05
2.5489e-05
-1.7233e-05
1.1995e-05
-7.3575e-06
7.459e-06
-3.6491e-06
1.3834e-06
0
0
0
0
0
0
0
0
0
0
0
0
0
0
0
0
0
0
0
0
0
0
0
0
0
0
0
0
0
0
0
0
0
0
0
0
0
0
0
0
0
0
0
0
0
0
2.8098e-06
-6.9105e-06
1.368e-05
-2.4122e-05
3.9649e-05
-6.2577e-05
9.7521e-05
-0.00015608
0.00028257
-0.00079007
-0.0011629
0.00029657
-0.00012947
3.8346e-05
3.8346e-05
-0.00012947
0.00029657
-0.0011629
-0.00079007
0.00028257
-0.00015608
9.7521e-05
-6.2577e-05
4.2458e-05
-3.1033e-05
2.7361e-05
-3.1033e-05
4.2458e-05
-6.2577e-05
9.7521e-05
-0.00015608
0.00027912
-0.00078204
-0.0011783
0.00032334
-0.00017301
0.00010673
-6.8385e-05
4.3542e-05
-2.6764e-05
1.5438e-05
-8.0227e-06
3.4564e-06
0
0
0
0
-2.236e-21
-2.5856e-06
-3.263e-07
-2.3798e-06
-5.4621e-06
6.6037e-06
-1.9952e-05
2.9083e-05
-4.9618e-05
3.5886e-05
0.0024969
0.0028809
0.0040342
0.0060612
0.0077858
0.0061312
0.0042803
0.0068016
0.0079286
0.0080501
0.0058014
0.0029447
0.0025988
0.005056
0.0022746
-0.00022158
0.00011295
-6.9477e-05
3.8677e-05
-2.7638e-05
1.2201e-05
-8.7843e-06
4.5176e-06
-4.1932e-06
-2.236e-21
0
0
0
0
0
0
0
0
0
0
0
0
0
0
0
0
0
0
0
0
0
0
0
0
0
0
0
0
0
0
0
0
0
0
0
0
0
0
0
0
0
0
0
0
0
0
0
-2.236e-21
5.7917e-21
-1.0914e-20
1.7511e-20
-2.5271e-20
3.3674e-20
-4.204e-20
4.9614e-20
-5.5659e-20
5.9561e-20
0.0015625
5.9561e-20
-5.5659e-20
4.9614e-20
-4.204e-20
3.3674e-20
-2.5271e-20
1.7511e-20
-1.0914e-20
5.7917e-21
-2.236e-21
0
0
0
0
0
0
0
0
0
0
0
0
0
0
0
0
0
0
0
0
0
0
0
0
0
0
0
0
0
0
0
0
0
0
0
0
0
0
0
0
0
0
0
0
0
0
0
0
0
0
0
0
0
0
0
0
0
0
0
0
0
0
0
0
0
0
0
0
0
0
0
0
0
0
0
0
0
0
0
0
0
0
0
0
0
0
0
0
0
0
0
0
0
0
0
0
0
3.4564e-06
-8.0227e-06
1.5438e-05
-2.6764e-05
4.3542e-05
-6.8385e-05
0.00010673
-0.00017301
0.00032334
-0.0011783
-0.00078204
0.00027912
-0.00015608
9.7521e-05
-6.2577e-05
3.9649e-05
-2.4122e-05
1.368e-05
-6.9105e-06
2.8098e-06
0
0
0
0
-6.2662e-06
1.074e-05
-1.8558e-05
2.9747e-05
-4.8254e-05
7.4752e-05
-0.00011703
0.00019194
-0.00038161
0.0015627
0.001492
0.0021132
-0.00039772
0.00144
0.00048655
-0.00042825
0.00089342
0.0010643
-0.00017435
-8.8398e-05
0.0013793
0.00039165
-0.00014471
4.0454e-05
4.8567e-05
-0.00019249
0.0014347
0.00037363
-0.00015845
9.1015e-05
-5.6506e-05
3.5371e-05
-2.2277e-05
1.3399e-05
-7.459e-06
3.6491e-06
-1.3834e-06
0
0
0
0
0
0
0
0
0
0
0
0
0
0
0
0
0
0
0
0
0
0
0
0
0
0
0
0
0
0
0
0
0
0
0
0
0
0
0
0
0
0
0
0
0
0
0
0
0
0
0
0
0
0
0
0
0
0
0
0
0
0
0
0
0
0
0
0
0
0
0
0
0
0
0
0
0
0
0
0
0
0
0
0
0
0
0
0
0
0
0
0
0
0
0
0
0
0
0
0
4.1932e-06
-3.2438e-07
-3.1586e-06
5.5848e-06
-1.0108e-05
1.8701e-05
-3.3444e-05
5.1924e-05
-4.7582e-05
-0.0002458
-0.0078365
-0.0035062
0.001612
0.0026798
-0.0013628
-0.00018305
0.0049216
-0.0071618
-0.0013162
0.0078873
0.0071332
0.00075167
-0.0015263
-0.00042117
0.00032115
-0.00041799
0.0007493
-0.0033098
-0.0057631
0.0035587
0.0083829
0.0015719
-0.00037387
0.00018439
-0.00010719
6.5255e-05
-3.9713e-05
2.3573e-05
-1.0896e-05
8.3471e-06
-7.6496e-06
0
0
0
0
0
0
0
-1.3834e-06
6.2347e-06
-1.3175e-05
2.4122e-05
-4.0584e-05
6.4882e-05
-0.0001013
0.00015966
-0.00027012
0.00059611
0
-0.00059611
0.00027012
-0.0017222
0.0001013
-6.4882e-05
4.0584e-05
-2.4122e-05
1.3175e-05
-6.2347e-06
1.3834e-06
1.0914e-20
-5.7917e-21
2.236e-21
3.4564e-06
-8.0227e-06
1.5438e-05
-2.6764e-05
4.3542e-05
-6.8385e-05
0.00010673
-0.00017301
0.00031914
-0.0011678
-0.00080318
0.00031664
-0.000218
0.00019547
-0.00021522
0.00028309
-0.00045423
0.001156
0.0026318
-0.00055641
-0.0012704
-0.00017902
0.00011456
-7.3053e-05
4.5072e-05
-2.616e-05
1.3738e-05
-6.042e-06
1.0914e-20
-5.7917e-21
2.236e-21
-3.4564e-06
1.0608e-05
-2.1153e-05
3.7487e-05
-6.4659e-05
0.00010481
-0.00016659
0.00026943
-0.00048211
0.0014768
-0.00077588
-0.00048327
2.7956e-05
0.00059716
0.001296
-0.00039836
0.00021941
-0.00013381
0.0016453
-5.0001e-05
2.8148e-05
-1.5438e-05
8.0227e-06
-3.4564e-06
-2.5271e-20
1.7511e-20
-1.0914e-20
5.7917e-21
-2.236e-21
0
0
0
0
0
0
0
0
0
0
0
0
0
0
0
0
2.8098e-06
-6.9105e-06
1.368e-05
-2.4122e-05
3.9649e-05
-6.2577e-05
9.7521e-05
-0.00015608
0.00027912
-0.00078204
-0.0011783
0.00032334
-0.00017301
0.00010673
-6.8385e-05
4.3542e-05
-2.6764e-05
1.5438e-05
-8.0227e-06
3.4564e-06
0
0
0
0
0
0
0
0
0
0
0
0
0
0
0
0
0
0
0
0
0
0
0
0
0
0
0
0
0
0
0
0
0
0
0
3.4564e-06
-8.0227e-06
1.5438e-05
-2.6764e-05
4.3542e-05
-6.8385e-05
0.00010673
-0.00017301
0.00032334
-0.0011783
-0.00078204
0.00027912
-0.00015608
9.7521e-05
-6.2577e-05
4.3105e-05
-3.2145e-05
2.9118e-05
-3.3675e-05
4.6352e-05
-6.8385e-05
0.00010673
-0.00017301
0.00032334
-0.0011783
-0.00078204
0.00027912
-0.00015608
9.7521e-05
-6.2577e-05
3.9649e-05
-2.4122e-05
1.368e-05
-6.9105e-06
2.8098e-06
-3.4564e-06
8.0227e-06
-1.5438e-05
2.0722e-05
-2.561e-05
3.1665e-05
-4.6563e-05
7.6176e-05
-0.00017301
0.00094642
0.0011538
-0.00096722
0.0046084
0.00019462
-0.0035655
0.0034017
0.00072161
-0.00016682
7.3868e-05
-4.488e-05
3.1736e-05
-2.5206e-05
1.959e-05
-1.5097e-05
1.056e-05
-4.1932e-06
0
0
0
0
0
0
0
0
0
0
0
0
0
0
0
0
0
0
0
0
0
0
0
0
0
0
0
0
0
0
0
0
0
0
0
0
0
0
0
0
0
0
0
0
0
0
0
0
0
0
0
0
0
0
0
0
0
0
0
0
0
0
0
0
0
0
0
0
0
0
0
0
0
0
0
0
0
0
0
0
0
0
0
0
0
0
0
0
0
0
0
0
0
0
0
0
0
0
0
0
0
0
0
0
0
0
0
0
0
0
0
0
0
0
0
0
0
0
0
0
0
0
0
0
0
0
0
0
0
0
0
0
0
0
0
0
0
0
0
0
0
0
0
0
0
0
0
0
0
0
0
0
0
0
0
0
0
0
0
0
0
0
0
0
0
0
0
0
0
0
0
0
0
0
0
0
0
0
0
0
0
0
0
0
0
0
1.3834e-06
-3.6491e-06
7.459e-06
-1.3399e-05
2.2277e-05
-3.5371e-05
5.5123e-05
-8.7366e-05
0.000151
-0.00036023
-0.0030229
0.00023588
-0.00011913
7.2293e-05
-4.7557e-05
3.0574e-05
-2.005e-05
1.3399e-05
-9.6857e-06
8.4453e-06
-1.5215e-05
3.0006e-05
-6.0985e-05
0.00017524
0.0044001
0.00025531
-0.00023612
0.00034416
-0.0006114
0.0019662
0.0019564
-0.00059978
0.00032735
-0.00020319
0.00012958
-8.319e-05
5.0887e-05
-2.9118e-05
1.4933e-05
-6.2662e-06
0
0
0
0
0
0
0
0
0
0
0
2.236e-21
2.5856e-06
-5.7157e-06
1.0723e-05
-1.8307e-05
2.9511e-05
-4.4791e-05
7.2612e-05
-0.00011845
0.00023495
-0.0030216
-0.00036212
0.00015408
-9.349e-05
7.1918e-05
-0.00012785
-0.0045888
-0.0030505
-0.00010327
4.0554e-05
-5.3296e-05
8.1412e-05
-0.00012788
0.00020823
-0.00038286
0.0012763
0.00060125
0.0002759
0.002617
0.0036229
0.0013832
0.0015989
0.0030813
-3.9796e-05
0.0043325
0.00090268
0.00098654
0.001105
0.00055127
-0.00026886
0.0001575
-9.8574e-05
6.0392e-05
-3.6651e-05
2.0039e-05
-1.0915e-05
3.6491e-06
-2.5199e-20
-3.6491e-06
7.459e-06
-1.3399e-05
2.2277e-05
-3.5371e-05
0.0016202
-9.3081e-05
0.00016172
-0.00037992
-0.0014272
-0.0013803
-3.3436e-05
-6.9113e-05
0.00022766
-0.0014931
-0.0002768
0.0015475
0.00031006
0.0014497
-0.00016359
-3.6302e-05
0.00024558
-0.0015732
-6.3956e-06
0.0015875
-0.00025535
5.4979e-05
9.6324e-05
-0.00030873
0.0012196
0.00068392
-0.00010636
-0.00013493
0.00049355
-0.0029869
-0.0083027
0.00036583
-0.0019942
0.00045483
-0.00028812
-0.0015473
-0.0024449
-0.00020999
0.0013623
-0.0016465
-0.0010226
-0.0008273
-0.00064772
-0.00089271
-0.0021372
-0.0010209
0.0045917
-0.0053518
-0.0009033
-0.00013251
-0.001878
0.00086306
-0.00053342
0.00036317
-0.0018268
0.00022663
-0.00033937
-0.0016727
-0.0032656
-0.0020191
-0.004326
-0.0025426
-0.00018363
-0.0032909
0.0016334
-0.0017375
0.0020742
-0.00052784
0.0022979
0.004984
0.003487
0.0006554
0.0018748
0.0035433
-0.0025093
-0.0016528
9.1098e-05
-0.0059965
0.0012864
0.0055383
0.0052843
0.0078954
0.0012016
0.0016323
0.0038823
0.00047501
-0.0009234
0.005815
-0.0023746
-0.00055313
-0.0026534
-0.0016034
-0.00093598
-0.00056121
-0.0014877
0.0005504
-1.8681e-05
0.00041254
0.0011208
-0.0040535
0.003371
-0.0016953
0.0032754
0.0035021
-0.0021444
0.00059411
-0.0039234
-0.0013042
0.00091431
0.0020385
-0.00071568
0.00057724
-0.0050059
-0.0028418
0.002754
0.0030517
-0.00011146
-0.0016473
-0.0045749
0.00050332
0.0019381
-0.0053805
-0.0027248
0.0013782
-0.0015167
-0.0023796
-0.0018703
-0.0023689
0.0028271
0.0051591
0.0010205
-0.0020999
-0.0058934
0.0033416
0.0034775
-0.0026212
-0.004306
0.0033274
0.0031099
-0.0020171
0.0040662
-0.0012706
-0.0032778
0.0016321
0.0027581
-0.0011413
-0.003758
0.00072335
0.0095708
0.0031926
0.00015943
-0.0049517
-0.012959
0.0022281
0.0021111
0.0040388
-0.00060015
0.0081393
-0.0018251
-0.0050504
0.0098179
-0.004601
-0.008389
0.001855
0.0012899
0.00070756
0.0031902
-0.0034141
-0.0036221
-0.011457
0.0012914
0.01121
0.0055143
-0.0009691
0.013177
0.0051343
-0.013437
0.00016583
-0.0019048
-0.0019252
0.0002309
-0.0093403
-0.0045392
-0.0029337
0.0023987
-0.010315
0.0082493
-0.0041803
0.0058044
-0.00034751
0.0022695
-0.00040284
0.0046657
-0.0035983
0.0020482
-0.0022299
-0.0097544
0.0026915
-0.0046922
0.002298
0.0034138
-0.0028541
-0.0063831
0.0050907
-0.00059515
0.00084339
0.0018342
-0.0038657
-0.0074229
-0.0023273
0.0024988
0.0013906
0.0021684
0.0063194
0.0047105
0.0067736
0.0014341
-0.0014661
0.00053957
-0.00087538
0.00040935
-0.00018692
-0.0016304
0.0019851
-0.0014127
-0.0010749
0.0038835
0.0020734
-0.00054701
0.006537
-0.0010232
0.0032332
-0.0060243
0.0041255
-0.0040379
0.00069778
-0.0045951
0.0014141
0.0052767
0.0021205
0.0033307
0.0046197
0.0042052
0.0047791
-0.0018095
-0.0001513
-0.0017337
0.0016965
-0.00045754
-0.004067
-0.00023397
-0.0015086
0.00037422
-0.0016677
0.00032871
-0.0032036
0.0061377
0.0026417
0.0012006
0.0014284
-0.0027785
0.0031291
0.0094659
0.0076662
-0.0041165
-0.0054743
-0.0066013
-0.0096288
-0.00042136
-0.0013809
0.0020942
0.0056956
0.0021783
0.0031443
-0.015602
-0.0072688
-0.010268
-0.0050904
-0.0065764
-0.002966
0.0013892
-0.0047645
-0.0041833
0.0022453
0.0049815
0.0011195
0.0035404
-0.00013793
0.0043619
6.0591e-05
0.0023067
0.0046139
-0.006259
-0.0056604
-0.014547
-0.007412
-0.0021731
0.0044351
0.0083428
0.00612
0.0016072
-0.0028896
-0.0058133
0.005906
0.0013978
-0.0012926
0.014252
0.0098656
-0.0091175
0.0050502
-0.00025409
-0.0033856
-0.00095843
0.0047953
0.0016542
0.016846
0.0042614
0.00055526
-0.0022443
-0.012687
-0.015059
-0.005935
0.0068134
0.0089309
0.00065576
0.0076999
0.0050981
0.0016082
-0.0047145
-0.0019797
0.0032637
0.0026651
0.0034682
-0.0048701
-0.0072057
0.0055651
-0.0030507
-0.0067027
-0.0011211
-0.0049255
0.0052903
-0.0026389
-0.0078954
0.0017635
-0.0012525
-0.0018489
-0.0070157
-0.0041508
-0.0022727
-0.0004972
0.0049083
-0.0035092
-0.00081092
0.00041347
0.0035444
0.0017531
-0.0027477
0.0020065
-0.0021525
0.0014197
-0.0055846
0.0026729
0.023794
0.013682
-0.024146
-0.01298
-0.0017327
-0.0091144
0.021139
0.021262
-0.028127
-0.0027575
-0.0067295
-0.0070981
0.019285
-0.0098639
0.0097783
-0.0072325
0.014309
-0.013878
0.022791
-0.015991
0.012134
-0.00048587
-0.0046193
0.0074458
-0.0026788
-0.0098911
0.0069233
-0.00053776
-0.0083934
0.00019146
0.0072215
0.010498
-0.0099239
-0.0042792
0.0014972
0.0025076
-0.012285
0.009933
0.0026082
-0.016022
0.00020495
0.0031816
-0.032112
0.0018585
0.019864
-0.01708
0.016076
0.0086424
-0.018781
0.0080329
0.016382
-0.0081464
-0.022236
0.0038652
-0.0011936
0.011703
0.012247
0.0035754
-0.019542
0.012887
0.00027848
0.0001619
0.012084
0.0099539
-0.01851
0.0046179
-0.0029556
-0.0066511
0.0096348
-0.0032232
-0.00052395
0.014726
-0.017025
-0.00028224
0.013193
-0.012288
0.0073808
0.0072124
-0.0085506
-0.0053666
2.2822e-06
-0.0065054
-2.1253e-05
-0.006157
0.0052566
-0.0022563
0.00038894
0.00040521
0.0063511
0.011624
0.0023419
0.0033946
-0.00096278
-0.0026865
0.0015912
0.0063086
0.0014751
-0.0058668
-0.0042553
-0.0075405
-0.0032869
0.0037237
0.0039119
0.0020497
-0.002326
0.0010959
0.0089649
-0.00046734
0.0028137
-0.0017751
-0.0021843
0.0030711
0.0026385
0.0012803
0.0023284
0.002589
0.0039296
-0.0081751
-0.00077192
-0.00153
0.0059725
0.011686
-0.0045167
0.0029302
0.0066193
-0.0057646
0.005457
-0.0037603
-0.0053939
-0.0023275
-0.0071659
0.0092065
0.0037171
-0.0020576
-0.0033288
-0.0082
0.0040868
-0.0038278
-0.0010989
0.0079343
-0.0038148
-0.0055171
-0.0016137
0.003029
-0.0048216
-0.0027638
-0.0068527
0.0013501
0.0036546
-0.0047601
-0.0017306
0.0045385
-0.0048625
-0.0024641
0.00075952
-0.0074507
-0.0054196
0.0024484
0.0023462
0.0078877
-0.001792
0.0035275
0.0045047
-0.0048408
0.012093
0.0078373
-0.0060263
-0.0087537
-0.00030378
-0.001384
-0.007076
0.0038802
-0.00086669
0.0039106
-0.00086775
0.0095155
-0.012835
-0.012867
0.010752
0.012978
-0.016178
0.010094
0.0057332
-0.0068896
0.0063779
0.00092322
0.0039246
0.0047769
-0.017547
-0.00074256
0.017162
0.0093146
-0.0031552
-0.0075981
-0.00017417
-0.0022529
-0.010564
0.016953
0.011014
-0.012368
-0.008068
0.0024392
0.0047809
-0.0060671
-0.0046153
0.0035956
-0.006442
0.00074282
0.0021625
-0.0023099
-0.0042204
0.0057404
0.0032949
0.00048518
0.00073189
-0.0032287
-0.00051741
-0.0045678
0.0024163
0.004148
0.00030929
-0.0010922
-0.0067929
-0.0012297
0.0042363
0.002913
0.0020364
0.00047258
-0.0066372
-0.0077697
0.010041
0.0011771
0.0017048
0.0034984
0.0054024
-0.0010405
-0.011978
0.0025699
0.00019075
-0.0058742
-0.0016007
0.0010743
-0.0042879
-0.0043721
-0.0014517
-0.0012479
-0.0021276
-0.000191
0.0050791
0.0035158
-0.001702
0.00099878
0.0034126
0.001928
-0.0051644
-0.0035541
0.00088414
0.0042776
0.0045465
0.0031845
0.0032948
-0.0019077
0.0054525
0.0017931
0.008998
-0.00098006
-0.0016016
0.0025695
-0.0050678
-0.003924
0.0028906
0.0041913
-0.0017175
0.0003067
0.00099019
0.0018918
-0.0044498
4.2813e-05
-0.0028059
0.0039505
0.0031934
0.00045768
-0.0026711
-0.00093596
0.00030288
-0.0043919
0.00010489
-0.0033767
-0.0055014
0.0046674
0.004527
-0.0027792
0.00080932
-0.002269
0.00089057
-0.0017051
0.0014941
0.0040926
-0.0059412
0.0069379
-0.0031591
0.0013065
0.0013623
-0.0038174
0.0032643
-0.0028771
-0.0010346
0.0045638
-0.0015836
-0.00068557
0.0016178
-0.0015161
-0.0021709
-0.0017198
-0.0017758
-0.0012335
0.0028571
-0.00030353
-0.0013087
-0.0052181
0.00030351
0.00055414
0.0015182
-0.0014833
0.0016847
0.00074615
0.0014118
-0.00010141
0.0016267
0.0032664
0.0016092
0.0065238
-0.00017369
-0.0014005
-0.0024875
0.0023536
0.0027258
-0.0032009
0.0012417
0.0026303
-0.000612
0.00041424
-0.00040579
0.00050424
-0.00078831
0.0021964
0.0016213
-3.8999e-05
-0.0012572
0.00010907
0.0031382
-0.0010579
-0.0012262
0.001382
0.00047941
-0.00029972
0.00034253
-0.0015382
-0.00029021
7.0617e-05
1.5027e-05
-5.4026e-05
-0.0024663
-0.003978
0.0015006
-0.0010128
-0.0024585
0.0013995
0.0011143
0.0029505
-0.00018595
-0.0016431
-0.0018103
0.001051
0.0010733
-0.00030799
0.00021771
-0.00019893
0.00020494
-0.00025909
0.00038026
-0.00067181
0.001974
0.007701
-0.0059519
-0.0034922
-0.0017857
-0.013884
-8.9853e-05
0.009301
-0.0044922
-0.0065193
-0.0010159
-0.0003622
0.0054913
-0.00045355
0.0045168
-0.0046223
0.0060093
0.004287
-0.0015516
-0.0049714
0.0027416
-0.00019646
0.0035729
0.0015112
-0.0066071
0.0048396
-0.0087644
0.0078447
-0.0008362
-0.0043951
0.0012972
-0.0022963
0.0014547
0.0014555
-0.0010011
-0.0029128
-0.00047516
0.00069109
-0.00062442
-0.0026032
0.0023684
0.0007252
-0.0031851
-0.0016823
0.0024803
0.0010662
0.00028676
0.0038942
0.0038183
-0.0011966
-0.0043385
0.0011628
0.0011804
-0.0016614
-0.00024624
0.0022382
-0.0042966
0.0010683
-0.0012587
0.002311
-0.00016693
-0.00019958
0.0016233
-0.0012112
0.0028903
-0.00066385
-0.00054033
-0.0022569
-0.0018923
-0.00086231
0.00032796
-0.00078815
-0.0011507
0.00020492
0.0011281
0.00069563
-0.00058656
0.00086302
-0.0034586
-0.0059721
0.0025389
0.0025402
-0.0028872
0.00066455
-0.00027148
0.0022254
-0.0044404
0.0023252
-0.0024556
-0.0015837
-0.0041064
-0.002107
0.003393
-0.0044809
0.0012538
-0.0018341
0.0041153
0.00154
0.0012305
0.00045541
-0.002394
-0.00053904
3.9502e-05
0.0035789
-0.0025501
0.00058821
0.0042839
-0.0005229
0.0024115
0.0015942
-0.0012972
-0.00011942
-0.00073129
0.00033116
0.0037195
0.00086138
-0.00094521
0.0023497
0.0028558
-0.0029287
-0.0005882
-0.0011701
0.0013693
0.0012537
0.0011474
-0.0021406
0.00068266
-0.0020614
0.001555
0.0021977
-0.00087165
0.0010264
0.0011915
-0.0012228
-0.00092532
0.00062592
-0.0010895
-0.00081169
-0.00019033
0.00066525
-0.0024992
-0.0010969
0.0038088
-0.0010148
0.00050145
-0.0001764
-0.0027182
-0.00062377
-0.0010882
-0.0015942
-0.0002874
0.00012045
-8.5754e-05
7.3349e-05
-7.5051e-05
8.9385e-05
-0.00013082
0.00023312
-0.00070808
-0.0012991
0.00056348
-0.0012204
-0.00087956
0.00053982
-0.00071499
0.0020311
0.0019132
-0.00057709
0.00031916
-0.00020913
0.0001538
-0.00012605
0.00011992
-0.00013542
0.00018792
-0.00035725
0.0015148
0.0031294
0.0019927
-0.00016175
-1.8845e-05
0.00012495
-0.00028432
0.001141
0.00082309
-0.00033117
0.00022681
-0.00019959
0.00021003
-0.00028099
0.00049783
-0.0018379
-0.0049129
0.0012247
0.0021898
-0.00018441
0.00011937
-0.00011585
0.00014069
-0.00019818
0.0003404
-0.0016231
9.7203e-06
0.0016025
-0.00030951
0.00015436
-7.7525e-05
2.4516e-05
2.0762e-05
-7.0068e-05
0.00014681
-0.00034787
0.002307
0.0017447
-0.0023905
-0.0017169
0.00045119
-0.00023479
0.00014979
-0.00010684
8.4328e-05
-7.5698e-05
8.0048e-05
-0.0001023
0.00015726
-0.00036023
-0.0030229
0.00023588
-0.00012539
8.7226e-05
-7.5292e-05
8.0398e-05
-0.0001015
0.00014168
-0.00020997
0.00033167
-0.00060245
0.0019604
0.0019604
-0.00060245
0.00032909
-0.00020425
0.00013096
-8.319e-05
5.0887e-05
-2.9118e-05
1.4933e-05
-6.2662e-06
0
0
0
0
0
0
0
0
-3.4564e-06
8.0227e-06
-1.5438e-05
2.6764e-05
-4.3542e-05
6.8385e-05
-0.00010673
0.00017301
-0.00032334
0.0011749
0.00078868
-0.0002909
0.00017538
-0.00012766
0.00010868
-0.00011101
0.00014201
-0.00024965
0.0010342
-0.00042303
0.0011813
-7.9806e-05
2.1607e-05
-9.7158e-06
6.5254e-06
-1.9324e-06
-3.396e-06
1.1625e-05
-2.3859e-05
4.0956e-05
-6.8385e-05
0.00011019
-0.00018103
0.00033877
-0.0012051
-0.0007385
0.00021073
-4.9345e-05
-7.549e-05
0.00026076
-0.0011387
-0.00080617
0.0002928
-0.00016299
9.8948e-05
-5.8928e-05
3.219e-05
-1.0723e-05
-8.5968e-06
2.846e-05
-5.2313e-05
8.7366e-05
-0.000151
0.00036023
0.0014604
-0.00023588
0.00011654
-6.9387e-05
4.2362e-05
-2.4884e-05
1.2918e-05
-4.1974e-06
-4.0001e-06
1.9021e-05
0.0014827
0.0011813
0.0011409
0.001031
-0.00024343
0.00013129
-9.5021e-05
8.5128e-05
-9.2724e-05
0.00012007
-0.00018506
0.00040224
0.0014018
-0.00014852
-3.1868e-05
0.00028794
0.0015066
-0.00026539
-0.0014251
-8.3015e-05
5.189e-05
-3.2097e-05
1.8307e-05
-1.0723e-05
5.7157e-06
-2.5856e-06
1.0914e-20
-5.7917e-21
2.236e-21
0
0
0
0
0
0
0
0
0
0
0
0
0
0
0
0
0
0
0
0
0
0
0
0
0
0
0
0
0
0
0
0
0
0
0
0
0
0
0
0
0
0
0
0
0
0
0
0
0
0
0
0
-3.4564e-06
8.0227e-06
-1.5438e-05
2.6764e-05
-4.3542e-05
6.8385e-05
-0.00010673
0.00016675
-0.0003084
0.0011466
0.00083865
-0.00037303
0.00030535
-0.00033129
0.00043784
0.00084811
0.002101
0.0017165
0.00085413
0.00070482
-0.00038476
0.00026169
-0.0002049
0.00019377
-0.00026642
0.0030199
0.00039383
-0.00021863
0.00019812
-0.00025894
0.00066414
0.0023629
-0.0015831
0.00057378
-0.0013132
-0.00069787
0.00022477
-0.0016832
7.3527e-05
-4.3831e-05
2.0726e-05
-6.4283e-07
-2.169e-05
4.8212e-05
-8.4556e-05
0.000151
-0.00036023
-0.0014569
0.00022786
-0.00010023
3.7505e-05
1.2805e-05
-6.5639e-05
0.00013197
-0.00023067
0.00042435
-0.0013487
-0.00045871
-0.00089921
-0.00093812
0.00037664
-0.00021865
0.00013717
-8.6699e-05
5.3329e-05
-3.1033e-05
1.649e-05
-6.9105e-06
2.8098e-06
-1.3834e-06
3.6491e-06
-7.459e-06
1.3399e-05
-2.2277e-05
3.2785e-05
-4.9407e-05
7.6643e-05
-0.00013269
0.00033072
0.0015066
-0.00030818
0.00024107
-0.00031509
0.0015203
0.0003066
-9.304e-05
1.4066e-05
4.5529e-05
-0.00011758
0.00024612
-0.00075034
-0.0012153
0.0003697
-0.00023867
0.00021323
-0.0002839
0.0014699
0.00038739
-0.00022126
0.00022841
-0.00034661
0.0011736
0.002412
-0.00073155
-0.0021044
0.0017764
0.0007864
0.00039061
-0.0019661
-0.0032362
0.0020881
-0.00054835
0.00025926
-6.6694e-05
-0.00022169
-0.0015443
0.00028331
-0.00014478
8.4274e-05
-4.876e-05
2.9511e-05
-1.8307e-05
1.0723e-05
-4.3323e-06
-1.0635e-06
7.459e-06
-1.3399e-05
2.2277e-05
-3.5371e-05
5.5123e-05
-8.7366e-05
0.000151
-0.00036023
-0.0014604
0.00023588
-0.00011913
7.2293e-05
-4.6174e-05
2.9511e-05
-1.8307e-05
1.0723e-05
-8.5255e-06
9.4961e-06
-1.368e-05
2.4122e-05
-3.9649e-05
6.2577e-05
-9.7521e-05
0.00015608
-0.00027912
0.00078204
0.0011783
-0.00032472
0.00017666
-0.00011419
0.0016415
-5.8908e-05
4.8455e-05
-4.6438e-05
5.574e-05
-9.1875e-05
0.00026271
0.0016165
-0.000515
0.00090117
0.001106
-0.00027716
0.0001435
-8.8424e-05
5.7662e-05
-3.7826e-05
2.4179e-05
-1.5438e-05
8.0227e-06
-3.4564e-06
0
0
0
0
0
0
0
0
0
0
0
0
0
0
0
0
0
0
0
0
0
0
0
0
0
0
0
0
0
0
0
0
0
0
0
0
0
0
0
0
0
0
0
0
0
0
0
0
0
0
0
0
1.3834e-06
-3.6491e-06
7.459e-06
-1.3399e-05
2.2277e-05
-3.5371e-05
5.5123e-05
-8.7366e-05
0.000151
-0.00036023
-0.0014578
0.00023017
-0.00010841
5.3985e-05
-1.6663e-05
-1.6663e-05
5.3985e-05
-0.00010841
0.00023017
-0.0030203
-0.00036023
0.000151
-8.7366e-05
5.5123e-05
-3.5371e-05
2.2277e-05
-1.3399e-05
7.459e-06
-3.6491e-06
1.3834e-06
0
0
0
0
0
0
0
0
0
0
0
0
0
0
0
0
0
0
0
0
0
0
0
0
0
0
0
0
0
0
0
0
0
0
0
0
0
0
0
0
0
0
0
0
0
0
0
0
0
0
0
0
0
0
0
0
0
0
0
0
0
0
0
0
0
0
0
0
0
0
0
0
0
0
0
0
0
0
0
0
0
0
0
0
0
0
0
0
0
0
0
0
0
0
0
0
0
0
0
0
0
0
0
0
0
0
0
0
0
0
0
0
0
0
0
0
0
0
0
0
0
0
0
0
0
0
0
0
0
0
0
0
0
0
0
0
0
0
0
0
0
0
0
0
0
0
0
0
0
0
0
0
0
0
0
0
0
0
0
0
0
0
0
0
0
0
0
0
0
0
0
0
0
0
0
0
0
0
0
0
0
0
0
0
0
0
0
0
0
0
0
0
0
0
0
0
0
0
0
0
0
0
0
0
0
0
0
0
0
0
0
0
0
0
0
0
0
0
0
0
0
0
0
0
0
0
0
0
0
0
0
0
0
0
0
0
0
0
0
0
0
0
0
0
0
0
0
0
0
0
0
0
0
0
0
0
0
0
0
0
0
0
0
0
0
0
0
0
0
0
0
0
0
0
0
0
0
0
0
0
0
0
0
0
0
0
0
0
0
0
0
0
0
0
0
0
0
0
0
0
0
0
0
0
0
0
0
0
0
0
0
0
0
0
0
0
0
0
0
0
0
0
0
0
0
0
0
0
0
0
0
0
0
0
0
0
0
0
0
0
0
0
0
0
0
0
0
0
0
0
0
0
0
0
0
0
0
0
0
0
0
0
0
0
0
0
0
0
0
0
0
0
0
0
0
0
0
0
0
0
0
0
0
0
0
0
0
0
0
0
0
0
0
0
0
0
0
0
0
0
0
0
0
0
0
0
0
0
0
0
0
0
0
0
0
0
0
0
0
0
0
0
0
0
0
0
0
0
0
0
0
0
0
0
0
0
0
0
0
0
0
0
0
0
0
0
0
0
0
0
0
0
0
0
0
0
0
0
0
0
0
0
0
0
0
0
0
0
0
0
0
0
0
0
0
0
0
0
0
0
0
0
0
0
0
0
0
0
0
0
0
0
0
0
0
0
0
0
0
0
0
0
0
0
0
0
0
0
0
0
0
0
0
0
0
0
0
0
0
0
0
0
0
0
0
0
0
0
0
0
0
0
0
0
0
0
0
0
0
0
0
0
0
0
0
0
0
0
0
0
0
0
0
0
0
0
0
0
0
0
0
0
0
0
0
0
0
0
0
0
0
0
0
0
0
0
0
0
0
0
0
0
0
0
0
0
0
0
0
0
0
0
0
0
0
0
0
0
0
0
0
0
0
0
0
0
0
0
0
0
0
0
0
0
0
0
0
0
0
0
0
0
0
0
0
0
0
0
0
0
0
0
0
0
0
0
0
0
0
0
0
0
0
0
0
0
0
0
0
0
0
0
0
0
0
0
0
0
0
0
0
0
0
0
0
0
0
0
0
0
0
0
0
0
0
0
0
0
0
0
0
0
0
0
0
0
0
0
0
0
0
0
0
0
0
0
0
0
0
0
0
2.2422e-07
-3.7804e-06
8.6733e-06
-1.6538e-05
2.8445e-05
-4.3328e-05
6.5687e-05
-9.8518e-05
0.00014405
0.00047198
0.00059613
-0.00095763
-0.00035577
0.00037486
-0.0015485
-0.0003036
0.00011535
-6.5988e-05
4.329e-05
-2.9649e-05
2.0894e-05
-1.3399e-05
7.459e-06
-3.6491e-06
1.3834e-06
0
0
0
0
0
0
0
0
0
0
0
0
0
0
0
0
0
0
0
0
0
0
0
0
0
0
0
0
0
0
0
0
0
0
0
0
0
0
0
0
0
0
0
0
0
0
0
0
0
0
0
0
0
0
0
0
0
0
0
0
0
0
0
0
0
0
0
0
0
0
0
0
0
0
0
0
0
0
0
0
0
0
0
0
0
0
0
0
0
0
0
0
0
0
0
0
0
0
0
0
0
0
0
0
0
0
0
0
0
0
0
0
0
0
0
0
0
0
0
0
0
0
0
0
0
0
0
0
-2.5856e-06
5.7157e-06
-1.0723e-05
1.8307e-05
-2.9511e-05
4.6174e-05
-7.2293e-05
0.00011913
-0.00023588
0.0014604
0.00036023
-0.000151
8.7366e-05
-5.5123e-05
3.5371e-05
-2.2277e-05
1.3399e-05
-7.459e-06
3.6491e-06
-1.3834e-06
0
0
0
0
0
0
0
0
0
0
0
0
0
0
0
0
0
0
0
0
0
0
0
0
2.8098e-06
-6.9105e-06
1.368e-05
-2.4122e-05
3.9649e-05
-6.2577e-05
9.7521e-05
-0.00015608
0.00028257
-0.00079007
-0.0011629
0.00029657
-0.00012947
3.8346e-05
3.8346e-05
-0.00012666
0.00028966
-0.0011492
-0.00081419
0.00032222
-0.00021865
0.00019504
-0.00021865
0.00031876
-0.0023687
-0.0011646
0.00031643
-0.0001702
0.00010673
-6.8385e-05
4.3542e-05
-2.6764e-05
1.5438e-05
-8.0227e-06
3.4564e-06
0
0
0
0
0
0
0
0
0
0
-2.8098e-06
6.9105e-06
-1.0871e-05
1.9285e-05
-2.9829e-05
4.3195e-05
-6.1563e-05
9.5016e-05
-0.00017906
0.00061823
0.0014632
-0.0010726
-0.0015957
-0.0015944
4.3031e-05
8.5295e-05
-0.0012884
0.00060147
-0.00059968
-0.00013225
-1.9168e-05
0.00023262
0.0016107
0.00026724
-0.00010664
9.1899e-05
-0.00014649
0.00052452
0.0019372
-0.00067981
-0.00018707
0.0001161
-0.00011548
0.00015199
-0.0002681
0.0014985
0.00030928
-7.8044e-05
-2.2822e-05
0.00011789
-0.00028797
0.001156
0.00079683
-0.00029022
0.00016718
-0.0001123
8.4854e-05
-7.5019e-05
7.9245e-05
-0.00010105
0.00015791
-0.00036304
-0.0014604
0.00023588
-0.00012258
8.0315e-05
-6.1612e-05
5.6275e-05
-6.1849e-05
7.9108e-05
-0.00010899
0.00016757
0.0012546
0.0011516
0.00082558
-0.0003475
0.00026281
-0.00027192
-0.0011757
-0.0012211
-0.00075249
0.00025794
-0.00013671
7.574e-05
-3.3139e-05
-1.7623e-05
0.00015819
0.0020494
0.0023506
0.00023837
-0.00025964
-0.00065675
0.00082137
-0.00065682
0.0025132
0.00094353
0.00060873
-0.0016765
0.0014215
-0.00017418
-0.00053969
0.0012689
0.00050107
0.00061808
-0.00019027
3.2388e-05
0.0011466
0.00083138
-0.0015209
-0.00037118
-0.00093465
-0.00094907
0.00043311
-0.00033611
0.00034331
-0.00046781
0.0013235
0.00060679
-1.5811e-05
-0.00041143
-0.00014766
0.00073866
-0.00043924
0.00043873
-0.0011866
-0.00088326
0.00055906
-0.0013103
-0.0006977
0.00022277
-0.00011643
6.975e-05
-4.1437e-05
-0.0015418
-6.6533e-06
0.0015576
1.6631e-05
-3.0572e-05
6.3837e-05
-0.00022356
-0.0016752
0.00059337
-0.00086905
0.00043944
0.0019967
-0.00045237
-0.0013403
-9.6289e-05
-6.7613e-06
-0.0014427
-0.00029759
0.0024255
0.0010235
-7.0978e-05
-0.00022037
0.00048744
-0.004075
-0.0019851
0.001374
0.00024077
0.0016479
-0.0019697
0.00028628
0.0013053
-0.00042697
0.00030587
-0.00030244
0.00041488
-0.0012391
-0.0023069
0.00025677
-0.00014524
9.4065e-05
-6.2577e-05
3.9649e-05
-2.4122e-05
1.368e-05
-6.9105e-06
2.8098e-06
2.236e-21
0
0
0
0
0
0
0
0
0
0
0
0
0
0
0
0
0
0
0
0
2.236e-21
-5.7917e-21
1.0914e-20
-1.7511e-20
2.5271e-20
-3.3674e-20
-7.6496e-06
6.9752e-07
-2.4402e-05
2.2598e-05
-0.0016208
8.1606e-05
-0.00012247
0.00018451
-0.00037772
0.0015441
0.0091813
0.018763
0.024196
0.022922
0.024892
0.0052853
-0.0017987
0.021657
0.017095
-0.017579
-0.014114
-0.0088895
-0.02222
-0.032693
-0.012654
0.016466
0.0049065
-0.0085784
-0.024771
-0.024266
-0.018798
-0.0097409
-0.011451
-0.0084645
0.014439
0.0039026
-0.031856
-0.022671
-0.0067761
-0.0081921
-0.015302
0.0023295
-0.0039656
0.034967
-0.0034187
0.065696
0.10448
-0.017436
0.15639
0.25293
-0.043885
-0.14377
-0.0050296
-0.12689
-0.016985
-0.018609
-0.018086
-0.32801
-0.065399
-0.074686
-0.055513
0.11856
-0.06923
0.05916
0.097965
-0.00036798
0.15219
0.081549
0.13655
0.1602
-0.047914
-0.043678
-0.050438
-0.017707
-0.070821
0.008201
-0.011055
-0.21857
-0.082738
0.052205
-0.045331
0.0099738
0.037553
-0.02641
0.0057499
0.062233
-0.019765
-0.11527
-0.072769
0.077309
0.067559
-0.062557
0.022633
0.08255
-0.020009
-0.010271
-0.045216
-0.1157
-0.0010937
0.067143
-0.010928
-0.020604
0.012294
0.004156
0.032088
0.08066
0.037511
0.0055362
-0.027989
-0.053852
-0.025805
-0.021982
-0.017691
-0.00114
-0.029465
-0.0098027
0.046711
0.013643
0.04136
0.0096644
-0.015499
0.040348
0.086852
0.038487
0.034116
0.024026
-0.015784
-0.016397
0.056743
0.04245
-0.014673
-0.0070346
-0.021015
-0.023572
0.025079
0.056257
0.034995
-0.023929
-0.024316
0.022104
-0.0041034
0.0234
0.071439
0.067816
0.03365
0.055278
0.017231
0.016283
0.066052
0.037854
-0.009668
0.0051687
0.011514
0.022122
0.00061588
-0.0031919
0.0026475
-0.031617
0.0040366
0.022019
0.021767
0.016807
0.014596
0.0062781
-0.0095403
0.013369
0.024281
-0.040885
-0.048193
0.00076603
-0.055059
-0.082583
-0.026744
-0.026085
-0.043818
-0.03982
-0.022593
-0.029731
-0.056288
-0.04019
-0.02158
-0.065958
-0.067803
-0.054025
-0.060965
-0.074895
-0.060614
-0.026867
-0.054054
-0.031277
-0.028798
-0.061602
-0.056387
-0.050703
-0.020606
0.0045032
-0.0016178
-0.0070198
0.014648
0.033766
0.048491
0.059576
0.039158
0.034314
0.020369
0.016183
0.02906
0.02831
0.038748
0.05199
0.038585
0.0083026
0.013427
0.011515
0.011836
0.042266
0.023849
-0.0013867
0.016927
-0.0021266
-0.00063568
0.026266
0.045651
0.070346
0.067845
0.058197
0.050484
0.043079
0.018821
0.024342
0.020001
-0.01133
-0.018315
0.0077162
0.003281
-0.012984
-0.0081748
-0.017509
-0.035944
-0.024101
0.002511
0.01033
0.030382
0.024727
0.0039601
-0.015366
-0.032657
-0.02255
-0.016706
-0.019208
-0.032063
-0.020399
-0.017597
-0.029621
-0.009547
0.0083314
0.031429
0.0039868
-0.027912
-0.0076931
-0.023258
-0.047308
-0.052522
-0.0055629
0.0037343
-0.021847
0.001503
0.0094788
0.024045
-0.0060143
-0.030852
-0.020855
-0.02271
0.0020732
0.013038
-0.063422
-0.014053
-0.022771
-0.005249
-0.022944
-0.017031
-0.026911
-0.028529
-0.0063007
-0.0064027
0.015308
0.0074631
0.065292
0.023457
0.043382
0.020525
0.055215
0.032176
0.0073813
0.0091768
0.017089
0.022753
0.0074714
0.025793
0.015614
0.011403
0.0064341
0.015484
0.011646
0.0032086
0.013878
0.0064818
-0.0052581
-0.028018
-0.012805
-0.020523
-0.027553
-0.018872
-0.010561
-0.016706
-0.018801
-0.020355
0.005768
0.0031229
-0.0079347
-0.0042234
-0.0087472
-0.00020689
0.0036379
0.026953
0.01054
0.014326
0.022834
0.015408
0.0088867
0.0049143
-0.0014783
0.0026095
0.0021425
0.0034956
0.0023263
-0.0068415
-0.0018999
0.013593
0.016366
0.019686
0.035619
0.019367
0.0057266
0.019862
0.0083866
-0.00023378
0.011543
0.016482
0.010744
0.0075401
0.0072954
0.013853
0.018609
0.0086469
0.0062778
0.00095948
-0.0038301
-0.013935
-0.032232
-0.024494
-0.023685
-0.026198
-0.0098166
-0.0081513
-0.0041378
0.008188
0.014234
0.0072746
0.010314
0.021243
0.022879
0.0047616
0.0045656
0.0090867
0.0083145
-0.0050196
-0.013588
-0.0034616
-0.0045032
-0.0058381
-0.01693
-0.021657
-0.01377
-0.015108
-0.024349
-0.024686
-0.020053
-0.010264
-0.0099733
-0.0034289
0.0027889
-0.0026053
-0.00078751
-0.00014291
-0.0013145
-0.0027334
-0.00026874
-0.0029046
-0.0096151
-0.0080531
-0.011807
-0.021929
-0.014291
-0.01393
-0.0088432
-0.015624
-0.012418
-0.013414
-0.012461
-0.0044919
-0.0047558
-0.0090431
-0.013767
-0.01505
-0.015405
-0.0083582
-0.015623
-0.0091805
-0.0080775
-0.0034888
-0.0080932
-0.016645
-0.02007
-0.019081
-0.019796
-0.015237
-0.011312
-0.0088116
-0.0053996
0.00019377
0.01033
0.010529
0.014916
0.026537
0.03064
0.028198
0.035004
0.030765
0.02398
0.023616
0.031201
0.031203
0.0309
0.028443
0.030513
0.025851
0.023032
0.023337
0.014807
0.0086627
0.0040621
0.0027926
-0.0008475
0.00082536
-0.0017742
0.00016838
-0.0052123
-0.013095
-0.0029823
0.0016967
-0.00078755
-0.00054979
0.00018962
4.0577e-05
-0.0013315
-0.00017905
0.010594
0.0077478
0.00029091
-0.00017139
-0.0085641
-0.0082406
-6.9846e-05
-0.0058937
-0.0087866
-0.010219
-0.012539
-0.014976
-0.014491
-0.016424
-0.019182
-0.025777
-0.029986
-0.022437
-0.025829
-0.027047
-0.025768
-0.023506
-0.02323
-0.019134
-0.015394
-0.015242
-0.0080951
-0.0034442
0.00085759
0.0049861
0.0022686
0.00012013
-0.00094936
0.00027044
0.0087105
0.0066702
0.0021406
0.0083146
0.006286
0.0085239
0.016565
0.013659
0.0078713
0.013728
0.015273
0.0080385
0.010688
0.015588
0.012595
0.011011
0.016217
0.015345
0.015752
0.015613
0.015178
0.0083228
0.0072802
0.00046767
-7.0386e-05
-2.3605e-05
6.9495e-05
-0.00016403
0.0059313
0.0086696
0.0089349
0.0078983
0.0074201
0.0064402
0.0078415
0.0086856
0.0090513
0.0051357
-0.00083805
-0.00020297
-0.0025098
-0.00072098
0.00052604
0.0013762
-0.00020008
0.00010987
-0.00010207
0.00010685
-0.00014519
0.00021481
-0.00044227
-0.0013388
1.0161e-05
0.001321
0.00043482
0.0001115
0.0039498
0.00020911
0.0022984
0.0060127
-0.00024548
-0.0010351
0.00075832
0.00075279
-0.0028744
-0.00013837
0.0011863
-3.5566e-05
-0.0045914
-0.01066
-0.0087089
-0.005304
-0.0073672
-0.0091536
-0.0071527
-0.0083042
-0.0072751
-0.0096276
-0.010457
-0.013257
-0.011222
-0.01167
-0.015641
-0.014282
-0.011732
-0.01216
-0.0098429
-0.0069146
-0.011501
-0.0121
-0.011877
-0.010453
-0.0093258
-0.0045138
0.00058766
-0.00030746
0.00021127
0.0013945
0.00016392
-0.00023246
0.0025451
0.0067989
0.0081972
0.0067273
0.0051349
0.0066111
0.0079007
0.0077824
0.0078319
0.0077924
0.0078341
0.0078051
0.0075191
0.0038278
0.0056486
0.0079544
0.0080138
0.0016263
-0.00025515
-0.00019293
0.0014938
0.0038872
0.0029128
0.0028293
1.945e-05
-6.9465e-05
0.0001846
-0.00036194
0.00071089
-0.0022791
-0.0050336
0.00094653
-0.00094755
-0.0014757
-0.00093689
-0.001051
-0.0017657
-0.004331
-0.0049325
-0.0023775
-0.0045443
-0.0072518
-0.00049982
8.6633e-05
-5.297e-06
-4.662e-05
0.00010841
-0.00030973
-0.0015297
0.0019198
-0.00043176
-0.0030269
0.00032171
-0.0003545
0.0011639
0.0062137
0.0063057
0.00073999
-0.00027412
0.00056361
0.006973
0.00032666
0.0056597
0.00064377
0.0011824
0.0084938
0.0071952
0.0085733
0.0037232
0.001916
0.0080291
0.0077825
0.0057081
0.0019875
0.0046223
0.0079918
0.0077472
0.0078282
0.0078104
0.0078717
0.0061038
0.003117
0.0051892
0.0046771
-0.00020375
0.0023363
0.003352
0.00038727
6.6638e-05
-0.00031776
0.0007423
-0.0033351
-0.0023969
-0.00091585
-0.0063014
-0.0078529
-0.007865
-0.0077243
-0.0079404
-0.0075616
-0.0092878
-0.0081386
-0.0077108
-0.0078082
-0.007904
-0.0075525
-0.0089121
-0.0086866
-0.0073609
-0.0085133
-0.010347
-0.0079069
-0.0077898
-0.0078122
-0.0078138
-0.0078001
-0.0078229
-0.0077922
-0.0078319
-0.0077808
-0.0078523
-0.0077388
-0.0080027
-0.0045343
0.00030182
-0.0019398
-0.0016744
0.0001927
7.4843e-05
-0.00038976
0.0017534
0.0075284
0.00082176
0.0072598
0.0080315
0.007428
0.010154
0.015009
0.013375
0.014699
0.015808
0.015527
0.015675
0.015579
0.015649
0.015595
0.015642
0.015581
0.015668
0.015558
0.015714
0.015363
0.013985
0.01621
0.013995
0.0071144
0.011251
0.028165
-0.0011303
-0.0022855
0.011259
-0.011774
-0.0019858
-0.0078031
-0.0065308
0.0086423
-0.0017598
0.0077152
0.010035
-0.025239
-0.024084
-0.0075833
-0.012879
-0.0046237
0.0079027
-0.0036756
-0.0068279
-0.00098461
0.012101
0.010175
0.0067614
0.018034
0.018496
-0.010971
-0.0082829
-0.00061332
-0.014507
-0.031528
-0.028288
-0.033531
-0.034702
-0.044758
-0.046152
-0.055063
-0.074583
-0.031646
-0.012043
-0.0059039
0.012572
0.021682
0.023332
0.016048
0.020037
0.025796
-0.0069856
-0.0017172
-0.0085092
-0.030826
-0.030565
-0.019437
-0.0024131
-0.00062337
0.0039337
0.013406
0.01353
0.0096006
0.017401
0.024615
0.018899
0.021122
0.033078
0.02859
0.0086924
0.0017458
-0.0043627
-0.012976
-0.013374
-0.023611
-0.029804
-0.035333
-0.025492
-0.013809
-0.0094394
-0.0045621
0.0045145
0.015117
0.019978
0.028382
0.034726
0.026057
0.02912
0.03192
0.028929
0.029679
0.032807
0.0304
0.029016
0.031691
0.02287
0.022172
0.02414
0.018925
0.01424
0.0091743
0.0029804
-0.006396
-0.014147
-0.02091
-0.019052
-0.017192
-0.017871
-0.01644
-0.010824
-0.019185
-0.02364
-0.011411
-0.0030211
0.0042293
0.0082673
0.0095043
0.015497
0.015296
0.018501
0.0081586
0.014122
0.014566
0.0074774
0.015917
0.0091793
0.0021806
-0.0025696
-0.0068447
-0.013271
-0.018402
-0.024357
-0.031471
-0.028158
-0.03819
-0.038821
-0.039656
-0.034591
-0.027233
-0.023669
-0.023674
-0.016883
-0.0078599
-0.0068114
-0.0064937
-0.0012522
0.006822
0.0017708
-0.00019758
-0.00037462
0.004554
0.0029818
-0.0053246
-0.0083144
-0.0071488
-0.010898
-0.016367
-0.015155
-0.016101
-0.01472
-0.0089613
-0.0049511
-0.0023701
0.0031453
0.0078929
0.0075378
0.0084402
0.015013
0.015856
0.015307
0.01398
0.017291
0.015899
0.015506
0.0214
0.024579
0.021037
0.0221
0.0212
0.01054
0.005811
2.7758e-05
-0.0044258
-0.0082858
-0.0079667
-0.015396
-0.015493
-0.015936
-0.014237
-0.01014
-0.012708
-0.015703
-0.011372
-0.0074338
-0.0082855
-0.0014444
0.0024499
-5.0972e-05
-0.026492
-0.055785
-0.033745
0.04526
0.11618
0.1954
0.18664
-0.009224
-0.12296
0.018129
0.071159
0.00081449
0.076915
0.087431
-0.082236
-0.13311
-0.016845
0.0043902
-0.1168
-0.038522
0.082822
0.035325
-0.0093714
0.12597
0.095224
-0.12932
-0.14965
0.0037745
0.032607
-0.060154
0.062116
0.068243
-0.12934
-0.18393
-0.076212
-0.06946
-0.1014
-0.016583
-0.013342
-0.09467
-0.06607
-0.00079542
-0.027681
-0.0095236
0.11294
0.15549
0.076426
0.069565
0.14859
0.16134
0.055916
-0.042204
-0.036031
-0.017223
-0.059857
-0.056995
-0.051341
-0.11744
-0.099961
-0.0043401
-0.025735
-0.038056
0.038223
0.070831
-0.02273
-0.070184
0.038699
0.086897
0.017244
0.034362
0.11246
0.082285
0.04948
0.097073
0.050162
-8.4088e-05
0.054242
0.037751
-0.029979
-0.016869
0.020893
-0.029436
-0.065969
-0.043958
-0.032389
-0.054374
-0.052419
-0.025931
-0.029651
-0.025297
0.0015802
0.0015019
-0.002467
0.011227
0.018275
0.028491
0.031981
0.023258
0.017583
0.036574
0.030825
0.036246
0.055414
0.039702
0.01962
0.043637
0.046671
0.023845
0.040371
0.043387
0.0085329
0.0044868
0.031305
0.004276
-0.031341
-0.0074877
-0.0020227
-0.050199
-0.042394
0.0020387
-0.023809
-0.048711
-0.029968
-0.046714
-0.085245
-0.045434
-0.010175
-0.050636
-0.066371
-0.010983
-0.00084124
-0.028835
0.0065621
0.029524
-0.021389
-0.034158
0.0069147
-0.00093061
-0.040998
-0.036564
-0.013935
-0.03197
-0.044375
-0.0010953
0.0092456
0.00079453
0.0074654
0.015416
-0.010225
-0.021316
-0.0068328
5.0619e-05
0.00030887
-0.0016497
-0.0072295
0.0038359
0.0068197
-0.0066578
-0.0075372
-0.00010872
0.008533
0.020483
0.025763
0.017053
0.015381
0.015764
0.0090123
-0.010407
-0.0014699
0.024074
0.014655
-0.0088756
0.0026377
-0.0018329
-0.029063
-0.010388
-0.0014035
-0.022061
0.0025387
0.040396
0.013847
-0.0038737
0.019468
0.011679
-0.0077778
0.018843
0.044974
0.015069
0.015219
0.046676
0.02283
-0.017131
0.011997
0.025112
-0.013086
0.00245
0.038516
0.0017679
-0.025519
0.010805
0.028616
0.0011295
0.0063313
0.024883
0.00063379
-0.01712
0.009474
0.0058307
-0.018652
0.00072785
0.016038
-0.0059712
0.0011365
0.0070503
-0.02788
-0.0443
-0.017884
-0.022808
-0.034767
-0.025271
-0.029211
-0.046389
-0.030212
-0.014044
-0.022285
-0.031805
-0.022711
-0.026923
-0.021361
-0.0024623
-0.00077968
-0.0059499
0.00081947
0.004746
0.0044307
0.015543
0.033686
0.023114
0.010022
0.016547
0.016408
0.0078755
0.00949
0.013732
-0.0011548
-0.0073031
-0.00096236
0.0029758
0.014718
0.023758
0.018704
0.015138
0.015641
0.01592
0.015128
0.026932
0.025917
0.010003
0.012164
0.015957
-0.00030249
-0.0092251
0.0075365
0.0042595
-0.0088663
0.0027145
0.010801
0.003352
-0.0022064
0.013044
0.0072076
-0.0054738
0.0032936
0.010039
-0.003255
-0.0071643
0.0021057
-0.0012149
-0.013507
-0.0088517
-0.00089309
-0.0048334
-0.0018706
0.0056331
-0.0057879
-0.0097595
-0.00070368
-0.0031286
-0.016003
-0.00094547
0.00040058
-0.010588
-0.011079
-0.00057351
-0.010824
-0.025894
-0.02096
-0.016411
-0.012691
-0.0093853
-0.0045062
-0.0076734
-0.0063791
0.0017456
-0.0010509
0.00026297
0.012608
0.0086213
0.007547
0.011702
0.017302
0.014385
0.015639
0.021032
0.014668
0.010682
0.01967
0.024146
0.020041
0.013739
0.011598
0.0091105
0.00048152
0.00125
0.0033031
-0.0071593
-0.0092917
0.0001308
-0.00063987
-0.0079495
-0.0038182
-0.0080689
-0.012044
-0.0073463
0.00087984
-0.0050062
-0.012927
-0.0064302
-0.0048493
-0.0050994
0.003242
0.0013737
-0.0093898
-0.0087158
-0.0073257
-0.016171
-0.021174
-0.019665
-0.028107
-0.03062
-0.036425
-0.035576
-0.027373
-0.02215
-0.016016
-0.0042082
0.0012687
0.008197
0.0082203
0.012419
0.0069075
0.0050614
0.011636
0.006021
0.003971
0.0081805
0.0057714
-0.00027397
-0.001867
-0.0024278
-0.0046121
-0.0014306
-0.0015829
0.0047337
-0.0011817
-0.0027735
-0.0075952
-0.0048252
-0.0043932
-0.001996
-0.0026128
-0.0058666
-0.011373
-0.0040599
-0.0062368
-0.017212
-0.026339
-0.011754
-0.0071812
-0.0053129
0.0026377
0.004426
0.0038297
0.010378
0.017837
0.017347
0.01494
0.024225
0.027794
0.018565
0.021839
0.026156
0.022473
0.015368
0.020663
0.021195
0.016114
0.014692
0.011696
0.00091761
0.0026205
0.012167
0.010449
0.0063355
0.010141
0.008499
0.004189
0.004703
0.0066345
-0.0033479
-0.0066245
0.0020853
-0.0029315
-0.0060454
0.0038318
0.0055162
0.00032666
0.0049388
0.0078983
0.0064552
0.0089263
0.0078523
0.0035325
-0.0009146
-8.3522e-05
-0.0039221
-0.012034
-0.015993
-0.014904
-0.022664
-0.021989
-0.014248
-0.016457
-0.019514
-0.013942
-0.015944
-0.015987
-0.0047475
-0.005856
-0.0062497
-0.0084004
-0.00029168
0.0017139
-0.0091517
-0.005213
-0.0026283
-0.0055257
0.00027454
-0.0023084
-0.001261
-0.0076272
-0.0049973
-0.0019874
0.00067486
0.0027331
-0.0012654
-0.014054
0.00044716
0.0046559
0.0043476
0.015832
0.0044909
0.0033314
0.0090698
0.0060249
0.014318
0.0012814
0.010824
0.038898
0.019229
0.010554
-0.0093651
-0.02848
-0.007483
-0.0090777
-0.016201
-0.0053915
-0.013684
-0.0001307
-0.00018096
-0.021879
0.0030548
0.0088943
-0.0060924
0.021397
0.012807
0.0003663
0.010186
0.006065
0.0043553
-0.00091404
0.011257
0.0099983
0.0042249
0.022217
0.022066
0.011436
0.021086
0.016549
0.015716
0.027269
0.023742
0.0080896
0.0044463
0.010233
0.007951
-0.0026431
-0.0015423
-0.0025447
-0.0030176
0.00055771
-0.0083759
-0.011459
-0.012307
-0.010195
-0.0040365
-0.0065573
-0.017368
-0.01653
-0.010246
-0.017277
-0.020044
-0.01246
-0.015653
-0.013367
-0.0078004
-0.0062803
-0.010954
-0.0073055
0.00071778
-0.0032688
-0.007327
-0.0042761
-0.0040689
-0.0070881
-0.0066738
-0.0034697
-0.013197
-0.010312
-0.00412
-0.0033269
-0.0012157
-0.0010394
0.0012707
-0.00011778
0.0035912
0.0086587
0.0083725
0.0060524
0.003437
0.0030105
0.010546
0.0021462
0.0014625
0.0057583
0.0021601
0.0080055
0.0045824
0.0032978
-0.0040063
0.0010647
-0.0023003
-0.011332
-0.0022048
0.0050237
0.0036519
0.0052391
0.00080042
-0.0005361
0.0084943
0.0033481
0.00346
0.0036233
0.0013929
0.0034451
0.00080328
-0.012689
-0.0054696
-0.0013469
-0.011624
0.0026772
0.0031267
-0.0037442
-0.0082485
-0.0031591
-0.0024074
-0.006288
-0.0019962
0.00082436
-0.0092645
0.0062473
-0.0063462
-0.005681
-0.0073653
0.0038832
-0.00032404
0.00099995
0.0079788
0.0011923
0.001397
0.0063811
0.0069312
0.0056283
0.004338
0.00042532
-0.00021368
0.011553
0.0057944
0.0033932
0.0028958
0.0027335
-0.007197
0.0073701
0.0047245
-0.0094356
-0.0022849
0.014024
0.00012396
0.0012917
0.0036238
-0.0022151
0.0065773
0.01489
0.0064701
-0.0066676
0.00086954
0.0030838
0.00035102
0.0094412
0.015998
-0.0012205
0.00033112
-0.00083013
0.011581
0.0039395
0.00663
0.0043761
0.0041069
-0.00035495
0.0019515
-0.00059941
0.0019275
-0.0045764
0.00043316
0.0069349
0.0097444
-0.0027767
-0.0037283
0.0057577
0.0008655
-0.0068981
0.0018705
-0.0055977
-0.0062067
-0.0074313
-0.007224
-0.016166
-0.017899
-0.0085137
-0.012618
-0.023608
-0.020936
-0.0073335
-0.0012964
-0.02019
-0.0014736
0.0021062
-0.027518
-0.0023712
-0.012299
-0.0058994
-0.0002527
0.00086744
-0.0034735
-0.00095632
-0.015281
-0.0051682
0.0078569
-0.0025727
0.0063971
-0.00083776
-0.0045136
0.0063743
-0.0035294
0.013427
-0.0090136
6.8204e-06
0.01784
0.0077042
0.013717
0.020509
0.0196
-0.004867
0.010608
0.016713
0.0042345
0.0060955
0.010397
0.0015798
0.0026098
0.0098451
0.005564
-0.0021505
0.0088895
0.0027729
0.0050453
0.0092148
0.011931
0.012206
0.0022308
0.0088822
0.01716
0.0019357
-0.00021355
0.0059833
0.010834
0.0059071
-0.011436
-0.0025779
-0.0025087
0.002427
0.007597
-0.0079573
0.00030955
-0.0072698
-0.0088207
-0.0059288
-0.010715
-0.0053927
-0.014766
-0.011043
-0.0058538
-0.00706
-0.014478
-0.026288
-0.025035
0.015627
-0.0077046
0.023211
0.010452
0.002865
0.011899
0.011732
0.009
0.027119
-0.017058
-0.016112
-0.015075
-0.021322
0.005681
-0.020783
-0.027398
-0.0055429
-0.0039511
0.0037043
-0.016686
-0.0055581
-0.011965
0.020256
0.011042
0.0054464
0.033324
0.017243
-0.019201
0.013784
0.036891
-0.029797
-0.007379
0.0066357
-0.0018574
0.03271
0.011395
-0.007774
-0.031134
-0.0119
0.0031791
0.010923
0.0046022
0.0097662
-0.0080204
-0.0059453
0.01536
0.0015133
0.019111
-0.0098893
0.012612
0.028491
0.020334
-0.013619
-0.015364
-0.0083364
0.0016961
0.015347
0.0053398
-0.011702
-0.020865
0.0062887
0.0066125
-0.0038407
-0.020865
-0.012957
0.0037551
-0.0079948
-0.014807
0.019066
0.010065
-0.0028446
0.0036281
-0.021585
-0.004244
0.022478
0.0088498
-0.017338
-0.017962
0.0045825
-0.022055
-0.0055108
-0.0022678
0.021412
-0.017997
-0.028592
0.017228
0.0012857
-0.049361
0.018981
0.0055636
-0.016751
-0.034258
0.011772
-0.02811
-0.010874
0.0090411
-0.013483
-0.015075
0.0024429
0.0082907
-0.030564
-0.014426
-0.010935
-0.021118
0.072205
0.067851
-0.00083362
-0.022261
-0.043286
0.046057
0.028521
0.02481
-0.040509
-0.029351
0.024303
0.042876
0.0094647
0.001069
-0.0045716
0.0023703
0.011421
0.045375
0.031605
0.027621
0.18851
0.0030611
-0.1175
-0.018395
-9.3961e-05
-0.047639
-0.11053
-0.024816
-0.028616
0.036739
0.030677
-0.022345
0.041271
0.042391
-0.049511
0.040677
0.059734
-0.01799
0.0063487
-0.088228
-0.031258
0.047371
0.048209
-0.021602
-0.02636
0.018322
0.012907
-0.018191
-0.032831
-0.057601
0.027117
-4.6367e-06
-0.0033584
0.0024602
-0.0073197
0.0062277
0.025164
-0.061999
-0.01148
0.013088
0.0077502
0.014067
-0.017547
-0.01431
0.0095194
0.0053801
-0.0045874
0.014735
0.047832
0.029962
-0.034269
0.015797
-0.021161
-0.031147
0.0034537
-0.013484
0.034103
0.013445
-0.0398
0.0045232
-0.0061319
0.026502
-0.002274
0.0027654
0.00059459
0.0042426
0.00981
0.0096799
0.034055
0.0041448
-0.03399
-0.0079301
0.028293
0.0093086
-0.031684
-0.0087542
-0.031287
0.039628
0.007339
-0.037472
-0.050051
0.028858
0.08199
0.055332
0.025159
-0.0027348
-0.02944
-0.018614
0.0072292
0.044884
-0.011502
0.025885
0.008688
-0.03112
-0.035924
-0.014321
-0.03733
-0.013165
-0.020937
0.033288
0.02279
-7.961e-05
0.0094713
-0.0074653
-0.014738
-0.026326
-0.0076421
-0.0053671
-0.053418
-0.021442
-0.038703
-0.04355
-0.0056398
-0.013058
-0.025925
-0.0074571
-0.020772
0.028899
0.042087
0.019785
0.027701
0.016848
0.015363
0.022402
0.0051842
-0.019567
-0.002823
0.022694
0.012576
0.027523
0.048868
0.040237
0.024661
0.0081582
-0.0045392
-9.2888e-05
-0.00032706
0.00281
-0.016284
-0.0069735
-0.0068713
-0.015723
-0.0063275
-0.018124
-0.033659
-0.020441
-0.00033516
-0.021566
-0.023886
0.018519
0.027942
0.013973
0.053309
0.044906
0.036194
0.042223
0.041618
0.013739
0.014174
0.010467
-0.0094446
-0.012829
-0.012378
-0.024981
-0.011298
-0.019099
-0.02459
-0.0088336
-0.015385
-0.020993
-0.0049129
0.0029481
-0.012928
-0.010738
-0.014376
-0.0083529
0.0071352
-0.01355
-0.021429
-0.015784
-0.020679
-0.031416
-0.0085173
-0.040763
-0.046349
-0.0089801
-0.0099913
0.013826
0.012699
0.0082411
0.026208
0.0070747
0.01976
0.014043
0.0019579
0.018596
0.0081081
0.01645
0.013556
0.0086121
0.018739
0.0037029
0.011204
-0.0042487
-0.011366
-0.015171
-0.015978
-0.030372
-0.026189
-0.021882
-0.02088
-0.020987
-0.003241
-0.0058645
-0.014858
-0.024489
-0.0047253
0.018505
0.017318
0.010912
0.010576
0.010795
0.01187
0.022347
0.0049527
-0.011334
-0.0069456
0.0076532
0.0018868
-0.0071504
0.012258
0.0041497
0.011948
0.0041729
-0.0060849
-0.0028094
-0.0049931
0.00083202
0.0041677
0.014516
0.029819
0.007947
0.017565
0.012663
0.0058868
0.0028465
-0.0029247
-0.0034157
0.00010245
-0.0078121
0.0023759
0.0035416
0.007401
0.00071875
-0.001003
0.0045873
0.0065643
-0.00052303
0.0014772
0.0007319
-0.044132
0.0026498
0.0031426
-0.011475
0.023236
-0.018369
-0.0009607
0.017325
0.0020123
-0.0082022
-0.026643
-0.0070651
0.0028848
-0.015335
-0.00031176
-0.01014
-0.0043938
-0.0088896
0.00142
0.010789
-0.0044
0.0082182
0.0046462
-0.0075545
0.032307
-0.0061889
-0.0016873
0.033003
0.010519
0.0094108
0.015497
0.008722
0.0067085
0.010147
0.0056839
0.012721
0.015959
0.0065784
0.0051036
0.015153
-0.0031042
-0.0095726
-0.0083277
-0.010584
-0.005778
-0.0052176
-0.019417
0.0017573
-0.0039014
-0.0080248
-0.0079776
-0.015769
-0.013632
-0.016157
-0.0039503
-0.0051901
-0.0082769
0.0034626
0.0017583
-0.0055691
0.0075321
-0.0019698
-0.0056767
0.0075667
-0.0026764
-0.0088993
-0.0049136
-0.0067728
-0.004503
-0.0042541
-0.0057684
-0.0072381
-0.0041358
0.00059793
-0.0039128
0.002774
-0.0004654
-0.0016664
0.0012197
0.0045516
0.010805
0.0088008
0.010646
0.014248
0.003251
0.0027162
-0.0009406
-0.0037271
-0.0083804
-0.0090679
-0.0042179
-0.0018344
0.00022414
-0.0046847
1.6366e-05
-0.00021255
-0.0034299
0.0029847
0.0089994
0.0055323
0.0061256
0.0079112
0.0071546
0.01739
0.00981
0.014986
0.015584
0.0065351
0.0090338
0.0052966
0.0074035
0.011363
0.0030545
0.0015413
0.001607
0.004875
0.0039436
0.002166
0.0046704
-0.0045886
-0.0068378
-0.0034281
-0.0088517
-0.0046304
0.00086052
-0.0011668
-0.00077283
-0.00024185
0.0010161
0.00036182
-0.0014567
-0.004284
0.00011326
-0.0048099
-0.0014776
0.0037712
-0.013199
-0.0032709
0.0060521
-0.0048156
-0.0031122
0.00031601
-0.0017252
-0.00063333
-0.0094338
-0.0019992
-0.0041282
-0.00060254
-0.0027205
-0.0082057
-0.00041692
-0.0075994
-0.0076393
-0.0083211
-0.017813
-0.016588
-0.014524
-0.013687
-0.010594
-0.0080267
-0.0028979
-0.0022654
-0.011024
-0.004252
-0.0069298
-0.00016739
-0.00098596
-0.0042947
0.0006608
-0.00041627
0.00035593
-0.00040384
0.00087537
0.0064684
0.001124
-0.0010633
0.0026592
0.0028247
0.003694
0.0093249
0.0044471
-0.00097596
0.0033182
0.0055953
0.0068802
0.0082256
-0.00074989
0.0054533
0.0050331
0.0015628
0.0099295
-0.0001547
0.0040482
0.0031656
0.0020209
0.0091436
0.002877
0.003364
0.0010437
0.0060322
0.0080807
0.0079284
0.0042971
0.0064339
0.0018524
0.00091068
0.0082083
-0.00027438
0.0013505
0.00067073
-0.00023663
0.00012781
0.0025394
0.0011063
-0.0019457
0.00033268
-0.0025132
-0.004315
-0.0025363
-0.004915
-0.0012887
-0.0068981
-0.0070365
-0.0031439
-0.0092132
-0.0028544
-0.007654
-0.0058921
-0.003512
0.0015976
-0.00093558
-0.0075318
-0.0038358
-0.0065662
0.0019005
-0.00018697
-0.007653
-0.0022487
-0.0029937
-0.0028368
0.00050828
-7.1521e-05
-0.00036599
0.002914
0.0083002
0.0022559
0.00553
0.0073764
0.0062349
0.0057122
0.0057189
0.0054943
-0.0010365
0.0088779
0.003838
0.0063042
0.0037784
-0.0010266
0.00058352
-0.0004026
0.0003104
-0.0002876
0.00030891
-0.00039625
0.00058009
-0.0010372
0.0054029
0.0052518
-0.00084819
0.00033659
0.0053299
0.0011129
-0.00043568
0.00022796
-0.00010555
9.8694e-06
8.145e-05
-0.00018931
0.00033632
-0.00063761
0.0027276
0.0015671
0.0026725
0.0049476
-0.0008349
0.00044864
-0.00026824
0.00015643
-6.5492e-05
-6.5602e-06
8.7402e-05
-0.00017152
0.0002912
-0.00048064
0.0008667
-0.0025112
-0.0030222
-0.00079593
-0.0086419
-0.0065583
-0.0067042
-0.009014
-0.0037601
-0.0044753
-0.0080898
-0.0085338
-0.0023808
-0.0028527
-0.0024872
0.0018474
0.011091
-0.042902
-0.0081428
0.033822
-0.0058018
-0.0020129
-0.015788
-0.021708
0.0034214
0.014254
-0.00048417
-0.013467
0.0061127
-0.0030492
-0.00127
0.015485
0.023643
-0.016451
-0.021718
0.010262
0.014215
0.00075477
-0.0041223
-0.0022767
-0.0052329
-0.0077615
0.017111
0.0033509
-0.0046614
-0.0079529
-0.0045746
0.0083956
0.0035745
0.00024639
0.0029835
-0.0012045
0.004632
0.006024
-0.0019754
0.0057381
0.0053798
-0.0025388
0.0015696
-0.0030698
0.0014138
0.0053068
-0.0016795
-0.0084119
-0.0058557
0.0034993
-0.00086352
-0.0010665
-0.00017967
0.00046924
-0.0018657
0.00033884
-0.0014311
-0.0035252
-0.0013697
0.0020447
-0.0011575
-0.0061317
-0.0073639
-0.0077202
-0.00018668
-0.00016193
0.00022157
-0.0003007
0.00045633
-0.0063947
-0.0021646
0.000762
-0.00053725
0.00052684
-0.00072046
0.002753
0.0010494
-0.0003447
0.00012545
0.00012151
-0.0020721
-0.00051982
0.0039601
0.0018522
0.0029572
0.0035868
0.0034538
0.0062547
0.00099821
-0.00071659
0.0045014
0.0090256
0.0028675
-0.00052361
0.00028101
-0.0002218
0.00022446
-0.00028381
0.00039796
-0.00063997
0.0014545
0.003663
0.0030229
-0.0035488
-0.0014723
0.00063549
-0.00037964
0.00024852
-0.00017315
0.00013261
-0.00011941
0.00013152
-0.00017472
0.00030323
-0.001131
-0.00086183
0.00041138
-0.00035661
0.00040556
-0.00055619
0.00095913
-0.0052511
-0.0039482
0.0013003
-0.0013438
-0.0011226
-0.0075614
-0.0017111
0.00034465
-7.2996e-06
-0.00055654
-0.0070729
-0.0084212
-0.0010839
-0.0025528
-0.0058825
0.0010522
-0.0069406
-0.0062952
0.00027752
-2.7261e-05
-0.0028193
-0.0005471
0.00041355
-0.001107
-0.0010264
0.00083195
-0.0020876
-0.0018777
0.00055425
-0.00030677
0.00020144
-0.00015661
0.00013943
-0.00014966
0.0001849
-0.00029525
0.0007774
0.0012011
-0.00040255
0.00061689
0.0073716
0.0067374
-0.0011856
0.0036347
0.0072118
0.0066804
0.0084046
0.0072843
0.00842
0.0013002
0.0057287
0.0085484
0.0065854
0.0067835
0.0087909
0.0027552
0.005541
0.0085049
0.0074619
0.0079754
0.0077814
0.007716
0.0080466
0.0073631
0.0087011
0.0041591
0.0038282
0.0091971
0.0056451
-2.1755e-05
5.4662e-05
-0.00013344
0.0003494
0.003026
-0.00024684
0.00013569
-0.00010053
9.5992e-05
-0.0001065
0.00013725
-0.00020917
0.00043284
-0.0024376
-0.0014628
0.0010728
-0.0033893
-0.0071846
-0.0066788
-0.0090906
-0.0022872
-0.0041502
-0.0087223
-0.0073289
-0.0081096
-0.0076111
-0.0079464
-0.007714
-0.0078747
-0.0077922
-0.0074673
-0.0002684
-0.0003545
-0.0029028
-0.0056684
-0.0087386
-0.0065455
-0.0021001
-6.6074e-05
-0.0039473
-0.0013321
0.00033413
-0.0082647
-0.0030414
0.0005822
-0.00028128
0.00017687
-0.0001155
7.9347e-05
-5.224e-05
3.3561e-05
-1.8256e-05
1.0235e-05
