170
160
178
180
175
163
167
162
162
174
168
154
191
190
174
173
169
166
181
177
173
172
165
176
167
172
172
195
199
181
168
166
193
179
162
174
176
177
177
178
166
180
176
167
177
173
178
181
189
189
186
187
169
179
169
188
182
178
181
188
181
183
191
184
184
178
186
183
193
174
171
178
167
182
186
162
173
187
178
179
173
169
183
171
185
187
186
183
186
176
175
189
188
184
190
188
195
183
189
197
199
197
265
190
184
150
176
185
278
181
199
212
161
288
196
168
222
222
190
218
212
204
198
316
172
170
189
181
187
183
184
210
185
326
167
152
217
181
191
168
179
313
219
184
184
183
152
190
197
189
300
289
137
261
181
172
211
219
183
190
170
176
177
176
183
185
179
153
142
170
180
221
187
170
148
180
182
179
168
173
174
162
298
328
170
185
177
174
179
172
183
170
174
173
169
185
238
136
175
176
171
173
197
176
164
181
171
159
175
237
165
166
153
174
286
165
157
340
176
186
211
292
169
149
172
142
208
158
347
170
141
285
165
158
167
147
174
196
161
163
159
161
165
162
170
158
174
158
169
162
169
155
159
155
152
184
174
154
163
164
159
147
158
160
168
201
159
160
157
161
183
168
155
170
165
145
162
170
167
162
165
163
174
182
165
154
152
161
167
154
158
205
173
157
156
150
174
183
152
167
167
161
163
183
179
167
165
165
231
160
164
168
155
157
217
155
164
157
158
157
176
166
161
159
151
156
166
165
168
166
158
147
161
175
147
162
153
162
174
170
160
170
155
166
160
180
178
158
162
160
167
166
165
155
231
180
166
155
152
165
164
156
158
218
166
167
155
151
148
160
169
168
173
164
173
157
159
168
156
153
165
154
157
150
175
180
163
157
166
169
178
167
159
153
163
159
197
164
164
173
181
161
164
152
177
168
170
160
156
159
161
160
186
176
158
175
159
158
159
168
177
160
160
157
167
168
157
151
207
153
168
159
168
156
158
156
153
169
154
181
173
169
154
162
151
161
153
173
158
166
169
185
209
195
218
217
170
156
165
166
147
160
157
159
162
168
175
165
174
160
151
155
160
158
166
166
162
162
162
169
168
172
175
159
163
151
170
164
155
187
175
175
166
152
166
190
171
189
163
187
166
164
154
155
161
194
166
175
175
165
208
179
158
164
175
178
204
176
191
178
175
160
167
172
163
173
224
174
173
166
171
173
153
164
169
177
164
170
166
162
156
165
159
167
158
170
157
153
151
164
168
183
171
163
170
153
166
162
162
160
165
181
164
158
170
173
214
169
168
169
176
176
172
181
170
165
158
161
159
178
168
181
156
160
172
165
162
161
231
219
188
163
186
167
189
172
169
164
168
179
162
165
162
162
168
160
183
164
160
165
175
158
149
180
173
182
174
174
164
170
156
159
168
168
159
181
176
163
162
156
158
165
171
178
181
177
173
159
164
170
176
188
174
173
167
177
178
178
171
166
169
160
168
166
162
166
171
171
156
160
170
163
165
166
183
175
183
178
177
173
175
169
189
190
201
194
199
184
201
164
168
167
166
167
164
175
173
177
166
165
172
168
165
160
168
158
167
153
164
216
161
168
183
198
239
199
163
179
171
175
172
140
193
156
204
167
180
179
166
165
161
168
165
168
153
156
148
219
175
182
170
167
164
181
177
181
174
158
166
159
177
172
164
164
166
172
177
182
178
183
175
177
164
177
175
152
164
171
190
165
171
180
172
171
170
168
167
162
178
197
183
166
168
169
170
166
182
177
157
168
184
174
170
156
162
171
193
161
165
169
169
153
156
171
169
168
138
162
162
176
193
177
172
172
184
156
170
166
166
171
200
167
174
182
159
167
169
178
173
173
181
195
160
179
168
193
176
163
171
171
161
178
174
160
164
204
198
173
192
181
191
173
169
165
171
171
184
196
206
214
190
184
166
174
172
180
203
207
180
182
170
224
185
174
191
187
180
160
165
169
185
173
167
168
167
186
200
173
180
166
193
207
168
199
186
170
176
185
164
172
187
181
165
193
176
169
182
173
167
182
190
171
161
178
184
184
190
177
177
167
178
169
184
178
189
169
163
171
182
254
196
161
176
167
172
173
162
176
181
183
174
170
161
176
163
174
172
173
172
178
169
167
186
174
162
173
178
187
182
171
168
171
173
170
178
169
167
165
156
178
191
182
164
168
161
161
160
159
162
168
180
164
156
167
228
165
170
171
174
176
173
173
179
183
167
162
172
169
170
192
176
164
163
159
159
169
185
170
169
172
168
187
181
176
179
176
177
174
150
162
170
157
167
168
174
230
177
189
181
229
174
174
170
171
176
155
172
172
178
171
185
175
188
184
181
173
176
181
180
162
162
201
229
197
173
172
173
191
172
177
169
177
179
169
156
158
170
163
182
173
170
157
170
183
170
176
184
180
176
178
180
156
178
166
185
192
168
166
189
191
166
161
155
193
182
172
167
164
168
173
167
168
182
170
167
168
161
164
159
158
186
172
173
170
174
182
188
191
164
165
168
170
172
184
180
172
163
177
161
158
172
164
169
170
176
163
174
173
178
164
170
171
170
165
163
160
166
185
160
145
157
160
157
163
154
155
154
153
171
168
160
167
166
151
204
158
167
166
168
166
162
162
152
153
165
170
173
174
172
156
163
160
157
168
154
171
156
169
157
166
155
151
153
170
147
162
158
170
171
152
150
161
155
150
161
167
164
189
171
173
162
152
151
172
162
175
149
164
156
144
155
161
151
159
163
156
164
149
147
166
165
162
157
155
144
158
147
149
171
172
168
161
164
176
165
153
167
169
159
156
172
156
150
154
165
163
161
178
170
158
159
154
154
146
159
170
158
159
169
163
159
160
180
151
156
176
160
150
156
161
154
160
187
163
158
151
173
156
137
168
146
160
155
166
179
156
158
154
151
162
160
158
152
160
165
160
151
149
152
171
162
154
155
156
200
157
169
161
160
150
155
155
176
161
158
168
158
153
151
152
152
152
165
156
152
167
162
153
165
155
155
157
152
168
159
163
144
171
178
152
163
159
156
168
161
144
155
152
169
156
151
164
160
142
144
160
151
162
155
155
148
161
165
158
152
153
162
149
182
155
154
157
154
158
154
148
173
159
154
144
152
188
155
157
170
164
162
175
156
165
163
160
164
161
163
159
157
249
240
163
172
175
156
208
215
174
152
152
156
154
162
166
163
144
158
157
155
162
170
165
162
155
154
153
156
155
148
164
155
162
156
162
157
164
171
158
168
158
152
182
172
179
197
155
152
159
153
170
169
155
176
152
161
167
179
165
160
173
151
159
150
175
163
147
162
158
162
152
155
162
153
153
151
155
158
151
163
175
183
150
148
152
155
147
157
149
157
160
162
164
176
164
164
162
165
210
160
176
157
177
184
154
150
153
180
168
168
166
162
156
154
151
157
158
149
164
162
167
163
163
154
153
154
164
157
153
157
166
159
171
168
163
173
147
157
179
169
153
151
158
166
173
151
155
162
151
204
169
173
162
178
166
165
155
151
230
169
165
186
152
168
160
160
158
182
165
149
169
179
162
172
161
162
157
173
164
150
160
159
158
157
168
163
172
155
155
141
163
174
156
203
168
154
160
164
165
157
168
151
160
151
157
163
153
179
151
173
168
148
152
145
157
168
168
161
172
172
168
166
162
179
149
164
152
168
145
150
162
152
158
164
158
179
167
168
185
226
159
166
167
160
161
149
160
194
161
165
256
164
161
161
168
177
184
158
201
176
168
159
166
175
166
162
155
162
154
164
151
157
154
161
151
184
144
164
161
164
156
152
163
168
163
172
159
151
153
181
154
162
156
159
161
162
156
158
159
156
172
157
180
176
175
169
156
153
157
161
174
163
154
159
164
175
158
157
167
160
189
158
158
174
161
170
153
164
163
155
158
183
160
165
161
156
154
168
157
155
151
155
151
159
158
145
169
158
160
157
162
166
174
168
160
177
163
166
172
158
166
160
147
159
152
183
153
167
162
155
152
168
162
175
160
174
163
161
157
167
165
154
156
165
158
160
155
160
162
166
149
151
166
157
157
157
154
178
166
159
155
170
159
164
176
174
169
163
153
155
151
152
159
161
149
153
153
162
171
175
167
162
161
160
160
158
162
156
160
155
165
158
173
195
157
152
159
169
164
171
169
159
173
161
163
164
159
152
165
154
171
192
167
154
149
155
156
177
169
158
150
167
165
156
156
162
163
147
159
153
156
166
162
165
162
167
155
173
167
172
162
163
179
169
177
176
156
161
170
152
170
178
172
163
162
153
149
150
150
166
152
237
149
156
151
166
178
164
160
147
160
148
157
158
168
166
161
141
153
157
159
162
161
173
183
175
152
155
166
158
157
155
184
166
153
156
166
157
155
168
161
164
158
150
151
163
155
163
178
172
163
171
165
169
178
184
166
159
164
159
183
173
161
154
163
160
162
170
153
179
177
163
167
148
154
174
150
179
167
162
163
157
159
167
173
160
150
175
169
162
159
174
176
178
184
167
179
160
179
157
171
164
174
177
159
161
159
160
169
172
174
189
161
166
148
181
172
183
154
161
167
155
165
179
182
173
163
150
164
162
179
177
158
176
170
174
164
174
167
154
164
145
171
167
169
166
170
180
169
147
159
166
170
171
172
166
186
174
169
183
174
183
171
155
179
172
168
180
173
161
163
162
170
161
164
167
180
170
168
159
161
164
172
162
169
161
184
166
161
165
180
164
171
165
162
162
183
177
162
172
161
172
173
167
167
166
169
166
182
182
153
180
165
157
174
164
172
177
174
156
184
184
187
177
177
180
177
168
160
180
173
165
170
166
170
168
176
171
164
179
175
160
165
165
155
188
209
169
173
171
190
172
188
172
176
174
158
175
179
175
175
161
173
166
177
172
169
171
152
197
195
171
171
173
164
187
146
208
180
194
176
161
163
180
170
172
170
173
181
175
174
173
168
178
167
170
162
161
163
171
155
173
182
166
170
170
180
171
162
186
170
173
180
145
197
186
192
163
210
176
190
152
158
171
150
168
166
178
184
196
166
168
164
201
172
178
178
163
155
164
174
160
162
157
167
165
165
168
166
155
173
161
167
168
192
163
165
163
157
161
182
172
172
207
154
180
156
166
184
170
181
170
152
166
170
169
168
165
203
184
162
156
151
186
197
155
165
176
163
177
166
160
169
178
157
165
186
168
157
174
170
171
181
167
175
177
165
159
155
163
184
151
174
171
148
178
166
173
209
146
162
148
203
153
163
167
173
178
159
170
164
178
154
160
151
169
165
183
191
159
149
161
158
158
151
199
175
180
165
153
170
163
164
162
167
171
166
161
172
146
165
171
176
168
149
160
160
175
178
192
159
165
165
168
179
160
165
149
173
160
164
164
177
162
168
156
182
177
169
154
166
156
164
148
182
172
161
189
195
163
162
170
178
162
152
168
156
199
169
146
163
164
159
175
176
180
157
155
168
168
152
148
166
156
178
166
170
173
172
162
167
163
163
180
165
170
172
159
166
145
159
147
152
166
174
162
167
157
165
163
164
162
170
172
186
178
173
177
154
194
166
164
166
163
154
171
160
172
165
169
167
157
163
158
158
160
163
168
162
155
157
147
161
172
161
163
166
155
154
155
155
173
177
157
164
160
153
153
150
170
154
158
163
165
170
171
163
161
168
155
167
173
158
165
166
161
173
174
180
181
166
174
188
189
183
197
162
147
164
186
218
164
163
173
161
173
178
170
149
159
151
159
156
163
174
173
176
198
160
165
166
166
171
166
172
162
151
166
195
179
170
140
158
157
153
169
163
160
160
156
160
162
160
161
168
160
156
175
170
170
151
152
163
177
152
157
190
144
161
161
154
170
157
179
152
157
159
155
166
161
160
155
163
153
167
165
165
161
153
156
166
168
174
167
182
163
153
170
159
159
155
162
170
170
170
197
169
157
152
157
146
158
162
143
160
148
152
163
166
169
169
167
161
152
158
175
200
199
201
181
212
186
153
162
149
176
159
166
172
167
153
158
157
165
164
156
157
180
167
163
155
168
163
167
153
150
158
158
143
140
160
165
168
158
163
148
145
162
171
158
157
162
155
170
164
169
161
150
170
169
177
163
155
154
148
164
159
167
174
156
150
151
163
162
163
161
154
166
162
158
164
165
157
159
164
162
172
176
167
162
153
159
162
153
161
160
161
150
146
151
251
154
161
157
145
165
151
152
160
166
175
228
150
149
157
148
241
155
163
163
144
158
143
163
167
161
156
165
164
150
168
148
152
168
155
161
146
163
164
154
159
160
165
156
158
164
164
152
154
157
161
152
154
154
158
157
154
165
149
165
186
170
154
156
169
150
171
150
170
154
152
152
158
154
164
161
163
164
157
161
146
153
158
147
161
151
159
159
152
144
138
153
159
156
146
180
158
149
170
153
147
149
160
150
150
153
159
152
167
160
161
151
158
164
152
156
163
157
159
168
162
158
147
149
165
148
160
148
145
168
167
180
157
160
163
157
160
159
165
155
177
157
158
153
182
165
160
167
175
173
145
160
161
160
162
149
169
166
167
157
159
158
152
153
152
156
161
165
158
160
176
157
155
149
152
155
147
155
148
153
151
150
157
148
160
160
149
146
144
162
162
157
157
156
161
148
160
151
152
153
166
148
155
168
163
158
155
238
158
168
150
164
156
159
156
164
149
153
173
150
175
152
165
151
185
163
157
154
158
162
147
162
162
151
158
152
143
184
156
154
149
163
151
150
154
154
164
162
162
153
217
157
167
173
166
154
150
154
174
151
161
152
162
158
185
173
158
148
148
157
155
152
165
155
155
159
156
153
155
165
179
179
161
166
155
167
170
159
210
166
155
136
152
165
160
165
175
160
144
161
163
160
165
150
156
164
148
167
158
157
158
150
179
153
149
155
144
158
137
158
157
161
142
159
163
155
144
176
149
161
162
149
155
146
169
158
157
141
183
176
146
182
157
165
185
151
170
180
160
171
150
177
161
151
149
145
158
159
156
182
168
145
178
155
151
163
162
157
170
163
157
174
140
173
218
165
159
145
150
155
154
160
156
172
165
162
164
167
144
158
151
153
146
151
155
155
167
168
170
149
149
180
172
163
151
175
175
179
153
163
161
168
169
159
155
176
164
163
159
182
170
167
176
169
152
162
154
153
152
157
160
164
168
144
150
157
168
153
161
155
139
185
171
165
163
178
166
166
164
180
154
171
165
173
142
155
159
157
163
149
165
155
164
166
165
166
165
152
175
158
176
155
155
180
170
162
160
156
173
164
161
177
154
157
159
179
176
170
161
161
158
152
158
156
152
166
169
172
164
159
157
166
170
172
179
172
150
171
168
170
153
151
152
161
170
169
154
166
154
147
166
165
162
157
159
196
188
155
157
161
171
150
170
168
175
155
153
155
162
165
169
155
153
171
163
166
173
170
168
176
162
201
177
153
177
174
162
151
154
160
161
153
168
174
168
173
156
154
165
173
188
153
169
182
169
169
158
156
163
158
234
169
199
181
150
159
164
142
157
159
172
160
170
168
155
152
164
162
177
155
161
170
151
166
165
171
163
160
151
148
145
149
162
164
178
150
160
154
146
164
169
155
154
164
160
165
174
160
157
166
149
172
165
178
174
160
156
151
160
162
176
164
151
151
156
165
170
163
163
163
156
169
156
169
165
169
156
158
157
160
154
180
163
171
170
154
168
163
183
183
169
191
163
162
158
149
155
157
161
169
169
162
161
164
159
145
162
186
218
257
161
149
148
152
153
151
161
166
147
149
180
170
162
172
171
168
161
165
159
184
164
164
166
168
184
166
140
158
158
153
143
158
165
167
164
173
173
167
169
153
164
176
171
155
163
158
157
172
180
174
159
192
200
172
175
149
152
182
184
163
173
169
169
168
186
151
157
146
166
150
162
165
166
153
176
166
159
175
180
152
154
144
144
154
175
173
193
153
157
167
179
159
170
204
186
174
167
152
186
165
160
165
150
155
251
165
156
159
172
168
178
172
155
171
162
158
168
162
152
158
177
165
166
164
206
172
158
164
164
182
163
173
166
179
149
170
168
167
181
148
182
166
183
182
169
137
175
168
182
161
149
177
159
174
174
163
176
167
168
175
182
168
158
163
140
180
170
167
156
160
161
173
153
162
179
161
171
173
154
182
161
175
168
174
180
153
144
166
174
161
163
168
157
165
168
164
164
169
148
159
171
147
167
172
169
173
165
159
157
166
159
152
159
155
150
156
148
158
154
160
144
152
151
161
168
156
144
158
160
159
170
149
152
166
156
145
144
144
166
154
169
165
152
164
166
158
148
161
169
160
155
157
155
157
174
170
163
170
168
146
181
155
160
140
151
157
154
159
157
172
163
158
229
159
157
160
168
165
158
154
160
166
168
157
156
165
159
155
157
153
154
151
159
154
160
160
166
147
158
152
164
160
154
151
149
145
151
155
156
147
148
149
149
151
150
149
155
145
155
161
167
153
148
143
157
161
166
151
153
154
146
151
144
156
155
155
169
154
154
156
159
150
165
155
134
153
159
170
153
151
155
157
166
152
155
151
175
160
154
156
149
158
138
150
158
154
180
153
154
170
151
158
159
150
151
150
131
147
166
151
171
149
184
191
155
150
153
152
172
161
152
166
154
158
157
159
164
157
156
156
146
144
148
154
157
171
149
146
145
162
155
145
166
201
132
155
191
172
215
157
149
140
162
152
140
157
160
169
165
164
154
153
159
168
153
157
158
154
168
155
163
156
166
156
131
146
149
144
151
157
209
204
169
169
169
141
148
155
166
163
156
162
154
160
151
168
163
168
146
152
145
170
160
146
155
194
150
160
158
157
145
155
146
158
152
152
159
150
151
153
152
151
163
160
164
189
184
144
155
151
164
150
139
156
158
148
149
203
181
160
165
161
154
152
169
164
169
165
157
156
175
157
159
165
170
162
146
152
145
176
158
164
160
154
148
151
152
166
152
153
137
159
181
211
158
154
150
169
159
157
163
151
156
156
152
170
154
176
139
166
163
154
148
149
174
165
146
169
149
164
170
170
156
161
164
159
164
165
161
159
157
163
169
148
159
157
153
154
151
153
160
152
144
162
166
147
145
152
207
168
199
154
153
149
163
166
157
164
148
160
149
161
157
171
151
147
163
156
158
146
154
177
157
159
176
161
172
159
172
147
153
157
157
156
151
161
159
156
150
149
161
152
146
153
212
153
159
163
166
160
159
159
153
167
154
146
159
160
151
154
153
150
150
162
168
171
164
162
156
159
142
154
156
160
164
149
186
150
153
150
157
164
151
141
213
159
153
154
159
214
232
227
156
158
168
153
153
150
161
156
159
149
151
172
162
151
184
154
161
147
147
156
163
169
165
153
165
153
162
157
162
173
156
156
145
153
141
187
149
174
157
174
159
177
161
137
153
165
164
159
150
154
163
159
151
151
161
154
147
150
152
168
162
150
154
161
162
155
165
153
144
149
164
158
162
163
147
145
150
153
160
163
149
153
155
156
164
163
163
150
158
154
182
162
160
150
174
151
162
163
162
162
173
164
160
153
154
167
156
165
155
157
142
147
149
149
159
156
154
159
144
148
144
165
155
159
150
151
150
169
167
146
137
150
157
166
168
161
157
144
153
165
156
160
147
159
152
157
163
157
164
159
157
163
168
157
174
176
170
156
158
162
171
156
154
158
183
155
154
151
161
175
160
170
165
162
144
164
149
159
155
183
163
157
155
169
153
156
158
154
165
180
151
153
152
155
163
174
157
164
152
150
158
161
170
172
160
162
159
176
155
165
191
164
166
161
168
149
166
173
171
156
157
150
156
156
167
180
167
160
160
144
146
151
149
160
152
168
162
160
160
162
160
177
149
170
154
158
159
155
159
164
152
147
162
171
168
168
148
165
153
181
167
157
158
157
163
164
162
170
171
155
158
152
162
164
159
157
155
150
179
166
158
162
156
158
163
163
157
163
171
146
152
168
152
165
164
170
166
163
168
177
164
170
165
165
159
164
154
144
138
159
160
161
172
174
170
175
154
165
172
158
160
165
161
168
166
169
158
173
161
181
181
159
158
166
169
177
174
174
167
175
168
166
154
174
170
165
171
160
169
161
169
166
169
162
163
173
174
149
160
169
170
166
180
151
184
159
166
155
169
152
155
146
185
160
158
160
155
163
191
180
172
170
163
158
156
158
165
168
160
167
162
165
149
155
157
159
176
179
170
160
163
162
160
163
177
155
157
175
145
151
161
182
157
165
160
148
173
171
150
148
150
167
172
163
171
170
164
179
160
168
155
143
169
162
165
173
199
168
168
169
164
173
183
189
169
166
158
154
164
170
188
181
158
158
177
173
175
156
156
157
169
183
187
179
168
160
156
160
153
150
160
185
165
156
163
163
246
172
169
148
165
139
164
164
168
163
146
163
157
160
170
174
173
161
156
145
144
146
171
171
173
170
155
167
160
145
149
162
164
175
164
154
154
177
161
217
154
160
160
160
154
158
158
154
150
147
151
167
155
149
152
162
163
172
151
154
157
161
160
154
155
148
152
162
163
163
157
151
150
156
153
166
160
154
146
152
166
144
167
160
153
154
162
151
164
154
153
145
161
165
163
156
152
161
157
156
157
151
163
162
167
156
157
160
158
164
171
154
151
157
161
150
160
151
157
161
163
168
167
151
152
158
163
157
161
147
155
147
161
158
149
142
147
156
164
184
178
159
173
167
155
156
156
161
170
165
157
152
134
156
164
166
155
143
165
165
160
155
169
153
173
164
175
162
156
153
150
153
159
170
164
170
150
145
162
166
158
154
151
145
153
160
175
159
156
154
148
149
155
159
163
174
156
165
151
150
163
164
141
166
140
145
158
165
174
166
154
176
151
159
166
168
154
156
164
161
151
155
154
154
156
172
140
158
154
158
173
164
177
160
166
151
155
142
159
167
165
151
164
171
158
157
155
161
160
157
174
169
152
164
163
153
169
158
181
156
155
157
161
167
162
158
169
162
169
165
183
228
175
163
175
157
164
155
154
164
159
159
168
152
167
164
157
163
164
157
156
170
157
165
146
155
166
161
163
161
140
167
154
171
163
157
162
186
166
152
153
158
158
166
163
153
171
169
168
168
164
158
147
155
171
158
163
173
170
167
153
166
159
175
198
172
152
159
160
173
168
167
174
158
156
159
166
182
155
158
158
167
168
173
170
168
173
160
167
162
171
173
155
160
153
167
162
258
168
167
174
160
160
158
152
161
163
168
160
156
163
179
176
170
152
171
170
149
142
151
166
169
165
172
180
162
160
177
168
154
157
159
171
176
166
163
162
154
155
164
161
174
159
161
156
162
164
183
157
161
167
175
181
184
200
172
158
165
164
166
160
167
175
152
167
181
151
168
172
182
154
165
158
155
169
153
174
171
180
171
158
157
176
163
157
179
182
170
144
155
171
175
166
171
166
169
192
202
174
164
157
166
187
182
157
167
142
160
159
167
172
163
139
176
165
150
156
173
158
170
155
166
170
156
159
164
161
155
168
159
152
155
168
148
162
171
178
224
191
171
151
196
159
174
181
150
161
160
166
178
161
167
187
156
176
172
186
166
179
163
166
167
155
176
169
156
161
154
154
167
154
154
178
154
172
157
157
175
150
156
173
163
173
166
152
155
173
161
162
167
145
159
160
159
175
162
154
184
147
154
142
157
168
174
162
169
172
154
177
179
167
172
183
168
167
173
197
165
175
191
145
160
170
184
189
161
166
163
195
180
193
171
171
178
179
154
188
165
174
163
179
188
173
146
185
165
159
163
145
177
175
171
175
199
161
192
183
174
174
162
170
163
170
176
188
173
142
172
157
157
170
176
186
153
187
177
160
163
165
175
171
143
178
177
170
181
187
174
183
187
166
174
200
169
181
175
190
164
160
170
173
171
160
162
167
183
150
168
173
179
150
147
176
161
181
159
153
170
159
186
170
177
177
136
164
168
160
166
158
148
170
162
165
178
166
170
155
170
190
154
135
159
144
165
158
146
152
163
169
173
165
192
168
168
206
185
177
145
170
143
148
168
173
176
154
182
191
159
189
169
163
156
163
168
157
171
176
158
163
183
194
200
151
161
161
176
168
172
166
170
146
164
166
144
165
171
174
160
161
163
160
152
152
158
154
155
146
162
169
164
157
163
170
163
155
156
153
160
159
165
174
167
158
153
157
167
154
155
152
164
167
171
156
159
156
159
158
168
167
176
200
155
164
183
173
190
164
167
173
170
158
159
158
146
152
159
163
170
155
158
157
158
143
149
149
153
162
158
194
168
194
180
179
147
182
167
165
171
159
162
159
145
156
155
165
165
164
172
157
162
161
161
156
184
152
175
156
168
170
156
147
166
139
151
152
173
158
154
154
167
157
154
156
157
164
156
169
140
157
151
160
134
152
167
145
150
162
151
165
161
160
154
162
156
160
157
170
155
159
158
146
151
156
157
159
163
155
152
164
175
169
151
170
162
156
148
163
156
145
145
190
154
149
141
154
157
140
149
155
145
143
189
158
152
153
159
151
158
149
143
148
135
162
156
151
151
147
149
161
159
161
157
161
143
149
151
160
163
161
157
148
162
160
163
150
170
155
152
154
147
147
157
162
158
168
159
156
145
151
143
159
159
156
137
164
146
147
150
150
163
146
138
155
147
165
148
228
159
151
141
139
161
157
153
176
167
161
158
154
154
148
153
159
156
164
161
151
172
156
151
141
143
163
155
146
152
161
137
171
155
153
162
146
155
148
155
148
155
164
155
144
142
137
142
157
190
157
154
160
159
164
160
147
168
154
147
148
150
142
153
144
157
159
160
174
164
160
158
157
140
154
154
154
152
133
162
160
159
177
168
158
141
157
161
154
161
161
169
154
159
152
142
142
170
152
152
149
144
156
223
151
162
146
149
164
147
165
160
146
158
156
160
163
155
149
149
153
145
150
141
148
173
157
149
145
155
139
152
161
160
162
156
155
162
140
163
158
181
151
164
150
154
152
156
159
151
150
181
148
158
187
161
149
170
155
150
149
156
154
147
156
147
169
148
185
152
151
225
152
153
165
142
153
159
123
157
148
152
156
147
181
140
170
163
155
153
150
149
158
156
150
147
158
154
176
155
163
155
149
154
167
150
150
152
154
161
146
147
139
134
152
153
151
153
166
163
157
140
158
155
162
154
158
155
155
148
158
159
145
177
158
166
155
163
150
159
143
167
158
165
151
149
163
179
150
154
157
165
155
152
167
149
162
154
161
148
165
152
153
150
246
157
167
143
156
164
165
159
163
156
153
150
157
153
151
146
164
157
157
156
167
157
168
162
152
162
143
157
148
163
154
143
148
164
155
150
163
163
150
149
140
153
154
153
157
157
163
158
159
161
157
152
176
161
152
150
161
157
159
147
152
156
156
161
157
156
156
158
158
159
152
146
157
156
141
160
167
152
157
173
170
155
157
177
170
162
161
153
132
160
159
148
152
157
156
152
159
161
150
154
129
158
171
163
157
158
160
163
158
153
156
165
153
159
154
147
153
182
157
155
159
152
153
153
159
162
150
146
140
159
151
165
147
161
148
149
159
167
150
149
154
162
181
166
150
175
163
154
150
145
160
155
153
159
158
156
140
172
163
156
158
155
161
158
152
175
159
186
177
176
170
169
169
152
165
166
159
154
158
164
172
156
137
141
162
157
157
151
171
218
145
154
149
145
154
146
160
154
156
144
142
156
149
156
147
151
157
152
149
144
149
155
159
168
153
158
148
155
155
161
156
154
149
150
161
146
148
153
165
158
150
158
154
159
164
153
166
159
162
146
158
159
162
169
167
162
158
155
161
153
162
161
161
145
152
169
154
146
137
162
163
158
161
150
151
162
155
150
163
157
169
151
159
157
155
152
155
165
161
162
156
159
161
160
165
158
178
186
166
180
144
145
154
153
154
154
155
149
167
158
161
152
158
153
153
170
159
164
163
146
169
144
159
157
158
163
158
145
148
158
156
151
170
141
139
150
162
158
158
155
155
165
146
177
177
171
172
168
186
170
183
171
183
181
167
143
164
169
161
151
164
157
167
175
171
168
162
166
167
173
163
147
154
165
164
156
150
162
167
172
165
154
158
171
156
168
152
167
166
161
172
172
177
151
161
172
175
162
177
172
199
196
205
171
211
181
174
181
163
175
163
200
181
190
164
191
158
165
183
179
171
204
179
173
167
168
161
164
154
146
177
163
162
172
163
161
164
165
173
165
183
180
176
162
210
179
173
187
157
182
170
166
174
159
185
180
152
184
174
190
176
176
181
192
222
161
151
174
179
180
175
176
181
173
158
152
172
169
160
166
174
172
169
172
169
169
184
186
153
168
166
176
177
177
179
136.5
166.9
172.2
189.6
168.6
180.8
155.6
177.8
180.5
173.6
176.9
165.2
173.8
179.7
174.6
179.6
184.9
191
