210.3
211.5
206
183.2
160.2
168.3
163.4
201.9
226.1
241.6
270.3
241.6
249
233.8
216.2
219.9
199.9
206.6
220.8
222.3
225.1
217.4
201.5
203.2
206.4
215
225.7
245.1
260.8
264.3
268.9
262.1
258.3
257.1
253.8
248.6
245.3
249.2
230.3
210.9
206.2
222.2
246.4
261.7
283.1
262.4
274.1
288.7
261.4
258.3
233.6
238.3
249.1
270.5
278.4
287.7
291.2
294.7
280.7
291.9
306.9
315.6
314
324.7
323.6
324.5
330.8
362.1
364.3
369.9
371.8
396.9
390.9
389.1
385.2
368.7
361.7
378.8
388.4
387.7
397.2
392
390.2
412
409.1
419.5
400.5
379.9
376.4
390.6
379.3
415.5
423.1
425.9
412.8
439.5
462.3
473.8
486
515.7
521.7
511.4
534.2
501.1
496.5
465.5
462.2
370.6
358.1
394.4
410.1
444.7
454.9
452.8
461.8
492
519
546.9
527.2
544
584.6
583.3
595.8
582.2
590.1
575.7
552.9
556.7
499.2
467.7
513.5
552.3
551.2
560.7
517.9
464.2
467.5
448.6
408.8
427.1
486.9
524.8
577.2
655.2
658.4
664.2
655.7
634.3
647.5
618.1
648
676.1
642.3
625.1
615.2
646.3
656.7
671.7
721.1
707
