9
222
83
2
104
126
44
49
72
127
14
78
79
30
156
7
89
152
163
16
61
59
2
102
131
104
117
127
149
292
39
70
96
118
137
45
33
48
41
37
11
18
50
45
69
91
57
24
9
193
55
103
259
57
28
74
172
122
141
77
98
85
72
68
45
163
31
40
130
72
31
24
26
11
103
251
53
92
132
233
55
76
128
110
74
145
84
167
75
88
13
114
35
42
8
39
10
27
98
198
48
56
29
77
87
43
28
76
24
12
41
24
43
9
110
204
22
57
27
56
58
84
77
162
87
25
39
67
22
7
25
66
88
73
7
55
65
114
74
119
72
84
66
100
155
132
111
95
63
193
83
30
29
9
26
42
83
126
40
26
7
65
68
36
47
122
2
29
98
86
78
177
2
82
96
84
94
2
55
263
25
55
120
59
38
45
118
32
61
88
6
13
67
97
98
68
29
206
152
190
308
89
190
111
9
84
7
192
73
68
51
51
51
63
41
29
66
43
217
112
14
89
51
78
70
58
38
29
7
29
50
35
35
17
14
125
46
20
26
84
32
18
31
19
13
18
79
66
21
75
27
47
113
15
48
30
90
90
50
12
54
34
67
74
73
61
8
152
34
35
25
56
63
31
53
68
17
42
56
37
20
195
74
78
51
18
198
2
24
35
51
19
24
37
37
43
54
43
91
68
28
42
20
102
50
63
76
178
66
164
120
33
71
85
172
53
84
34
140
76
109
59
39
116
202
99
98
15
27
48
155
51
18
101
78
27
38
150
31
45
119
29
77
95
75
33
47
24
7
30
90
35
57
87
16
48
61
66
67
57
118
146
156
134
57
22
71
15
101
24
24
10
13
7
36
60
71
37
110
22
87
80
46
41
8
64
18
108
66
179
88
65
102
57
88
37
202
242
6
58
90
55
164
96
83
65
25
26
145
60
17
32
79
63
102
93
149
67
72
102
167
219
34
97
154
113
71
50
134
97
127
112
92
99
62
114
183
73
56
97
15
23
18
73
64
97
32
124
48
56
111
56
17
34
55
90
11
150
178
57
26
83
59
126
29
15
20
69
31
9
84
41
70
99
76
58
50
41
31
75
40
56
59
8
8
8
45
117
66
33
72
70
30
19
42
81
69
79
3
12
27
23
38
18
53
43
26
39
56
17
74
69
147
160
4
56
79
11
31
64
91
20
10
25
35
17
27
11
7
12
37
18
19
13
23
33
18
26
36
55
21
15
9
24
44
68
71
44
27
8
109
61
13
65
65
51
56
28
16
20
25
33
71
152
50
45
112
30
71
33
107
12
47
31
81
89
97
28
9
48
56
28
44
23
7
57
14
27
77
48
23
34
90
86
57
109
70
64
94
123
82
96
115
66
109
116
133
11
109
64
65
72
51
37
3
40
17
61
54
51
53
45
43
107
15
56
126
86
96
98
122
155
21
14
90
89
98
76
142
78
31
57
217
330
35
229
33
65
52
144
20
31
26
78
58
21
163
148
93
16
68
137
31
70
94
13
21
18
59
74
40
90
41
54
81
87
14
7
72
52
46
68
59
42
84
2
140
117
57
114
142
66
130
73
106
4
7
43
36
61
70
24
29
12
15
18
15
37
84
131
134
59
34
37
18
38
17
145
94
105
76
171
3
90
91
131
152
119
92
106
111
147
191
129
233
174
69
127
171
242
119
175
189
93
139
89
159
69
141
123
166
179
292
98
171
111
41
141
63
107
150
158
39
22
139
102
107
89
28
72
89
181
162
116
92
89
38
43
49
48
90
9
70
86
48
140
220
183
326
250
152
156
48
69
105
93
64
226
41
48
85
209
143
23
100
32
188
98
130
21
68
38
90
49
59
27
99
18
39
19
210
91
107
51
119
58
58
36
69
74
121
151
184
224
148
45
83
2
123
149
106
113
105
35
78
56
92
114
88
104
109
171
278
161
114
3
82
206
158
142
135
65
109
91
70
77
153
154
141
29
21
20
3
42
74
93
124
133
36
95
91
254
58
86
76
9
106
92
16
195
38
52
106
33
181
99
117
9
73
103
284
119
29
176
99
124
70
67
55
158
247
125
79
120
82
62
87
260
40
52
57
149
141
84
93
93
172
110
82
3
58
138
278
96
148
41
28
182
104
13
73
61
13
44
37
30
112
50
94
64
52
62
22
57
45
78
72
26
94
54
107
76
2
65
91
24
22
96
32
61
43
114
145
148
34
61
26
11
7
43
55
74
82
29
29
54
39
42
78
82
58
42
86
2
40
6
66
32
127
28
64
100
76
52
24
9
32
32
16
85
83
2
47
246
24
32
74
13
44
47
41
52
48
37
104
64
73
71
26
30
31
62
7
63
57
2
76
143
16
25
33
39
42
42
38
21
51
139
65
63
20
35
21
160
73
2
216
2
174
101
91
2
20
64
2
50
92
2
23
68
2
117
37
87
69
58
94
15
58
68
30
6
11
23
8
6
76
37
73
29
84
141
120
7
44
26
12
54
31
56
55
93
117
7
26
43
5
11
31
67
14
65
18
78
54
103
51
17
4
8
6
34
8
63
34
53
93
23
75
46
57
2
71
111
2
99
66
17
100
15
78
131
70
203
119
65
72
2
60
2
70
180
99
92
189
136
105
155
50
164
119
122
205
101
61
88
95
58
66
27
121
132
53
141
73
2
91
36
103
108
116
78
122
230
272
44
5
9
11
48
9
34
6
6
77
49
63
49
87
23
12
44
40
59
74
107
26
13
5
22
70
27
55
94
72
15
13
13
8
13
2
14
2
44
88
114
27
152
79
46
29
128
128
117
17
56
96
73
75
54
12
58
144
104
38
5
53
67
130
36
107
81
186
115
65
131
53
28
82
194
79
25
61
46
15
120
44
88
41
64
43
33
13
6
57
59
84
42
3
200
50
20
71
63
43
111
11
154
179
57
24
23
78
52
76
86
49
6
72
66
104
37
37
6
44
59
80
42
25
28
6
96
415
81
79
111
25
24
54
70
30
42
86
144
50
40
25
77
27
15
26
134
3
53
54
87
48
103
35
36
13
120
130
5
27
57
128
29
66
166
161
68
48
51
17
37
24
13
31
20
58
46
93
134
67
33
37
108
30
56
46
67
45
11
54
57
51
84
84
110
64
110
158
8
12
20
90
43
2
115
34
5
37
35
21
37
27
10
11
8
15
48
82
112
40
49
65
8
88
77
54
17
45
44
38
83
23
39
57
11
31
180
8
93
47
8
42
31
54
6
46
4
51
23
58
71
71
37
43
52
12
12
28
31
16
55
39
6
21
19
65
28
41
14
29
23
61
123
30
23
44
115
50
78
47
101
92
3
35
83
29
65
45
51
64
139
99
123
30
53
96
131
183
117
120
55
181
222
60
116
85
172
21
72
154
21
32
2
59
93
38
20
2
82
124
96
13
60
11
8
96
76
12
36
90
41
28
11
34
20
27
97
28
105
82
52
13
68
81
2
110
29
41
76
9
15
65
61
57
167
26
12
16
91
45
5
42
43
39
16
18
32
25
14
93
32
64
57
118
19
64
22
72
29
11
29
88
45
8
87
6
32
13
108
143
33
23
63
71
8
66
70
107
104
36
38
53
161
74
66
75
16
85
2
56
151
91
2
70
7
46
40
21
33
3
49
62
24
7
24
57
99
28
109
141
76
40
39
104
2
77
8
5
37
93
140
64
8
54
84
78
144
167
34
43
62
7
79
72
192
156
70
66
57
40
8
19
24
5
46
72
31
33
8
6
27
53
121
32
6
44
154
83
90
21
32
47
64
88
42
11
70
70
23
37
12
73
140
174
65
148
25
8
85
33
6
13
10
24
51
64
52
76
28
13
66
28
2
40
101
154
99
7
41
20
24
59
39
64
12
15
86
11
37
75
70
2
113
108
52
77
77
61
133
46
34
28
63
102
17
45
29
2
16
38
82
113
63
14
8
2
63
53
75
69
7
8
57
87
26
101
192
66
176
92
23
31
47
9
46
90
7
23
28
27
77
40
2
125
48
71
65
58
42
39
52
15
40
79
41
2
48
75
45
51
76
58
49
17
19
2
49
58
63
10
23
55
40
13
13
83
58
2
35
69
42
45
55
66
163
48
151
55
86
31
133
46
136
104
22
27
120
2
62
37
79
2
46
146
33
29
15
168
96
85
32
66
28
88
61
68
86
80
2
193
12
9
44
52
128
122
2
47
30
22
36
15
51
28
32
42
86
50
69
60
43
11
82
24
148
90
93
56
90
37
66
67
67
110
9
118
25
27
42
24
33
161
2
66
24
33
94
43
30
68
2
82
73
20
57
8
102
82
126
144
61
102
2
37
87
19
113
58
68
64
35
95
72
82
87
44
16
67
25
49
34
31
185
98
33
27
64
87
62
54
129
151
65
5
52
6
57
5
120
179
69
162
249
237
157
127
264
146
113
173
57
132
85
44
31
46
32
66
83
121
119
23
67
124
29
20
85
24
41
127
80
78
83
7
48
42
59
216
122
109
75
131
85
41
36
117
82
36
126
85
58
20
42
89
136
19
77
145
64
145
208
87
176
162
99
79
64
111
175
43
11
40
24
70
35
31
51
95
130
62
67
35
64
54
96
43
45
62
81
18
71
36
36
21
39
13
65
100
114
46
59
2
53
69
76
49
29
31
68
36
63
59
61
3
24
129
13
10
26
16
22
109
57
191
107
70
98
47
184
31
10
8
67
57
50
16
22
13
116
100
84
168
56
109
83
42
39
9
19
108
2
21
63
84
95
108
71
161
115
2
2
49
42
96
60
74
55
40
9
121
44
61
67
27
50
144
41
18
93
64
74
65
50
177
55
56
148
21
5
18
31
90
26
47
67
87
35
84
79
54
40
97
162
60
63
48
22
89
39
75
96
111
172
192
8
4
43
38
48
81
43
16
79
82
117
66
75
9
4
140
146
124
79
61
92
17
10
4
126
100
112
108
115
32
60
78
79
152
117
42
129
143
17
140
32
92
44
46
63
100
175
213
39
148
30
21
49
44
131
111
114
105
169
85
105
111
65
40
65
126
2
49
45
9
4
109
143
25
11
25
60
92
288
63
176
112
94
42
123
56
73
31
140
79
99
74
108
89
66
140
59
62
44
120
48
59
208
93
59
343
127
84
204
2
50
40
47
48
19
105
157
131
165
80
44
66
113
42
87
48
116
11
4
33
117
96
113
13
15
193
26
102
39
313
83
49
90
95
124
43
213
218
110
204
44
191
60
176
14
13
40
100
19
130
63
227
2
86
21
21
119
62
95
2
69
35
50
47
57
46
30
7
27
53
34
93
18
60
57
31
8
47
115
7
85
60
47
25
35
68
139
53
6
6
19
105
76
51
55
30
156
69
43
29
38
2
38
139
148
74
29
2
56
103
73
76
29
71
66
36
7
35
12
33
86
85
45
33
6
8
7
28
35
13
80
141
30
30
159
68
64
66
129
6
104
75
8
22
115
75
146
71
50
123
108
26
29
15
10
52
30
98
23
48
85
75
89
57
43
70
33
40
79
160
18
44
161
114
107
28
6
194
39
2
44
27
67
16
74
70
37
132
33
25
64
91
57
42
121
20
119
74
155
13
293
139
189
105
56
38
43
72
47
27
90
113
32
91
63
17
60
79
52
205
148
216
91
20
8
81
36
69
51
141
77
47
93
123
2
127
2
94
50
23
37
14
50
95
79
44
53
188
43
116
113
226
53
172
110
22
184
119
112
162
7
134
115
167
154
101
125
99
92
50
55
77
40
34
9
8
53
17
39
33
83
53
20
8
6
51
92
132
102
69
67
49
54
65
65
86
29
114
104
65
50
21
5
46
23
7
58
72
73
65
64
11
16
77
68
123
27
154
152
2
47
5
5
63
25
14
56
64
2
37
30
48
44
108
20
68
91
24
69
72
95
134
76
70
62
90
29
78
51
24
78
13
52
76
9
77
54
78
175
196
6
121
40
118
61
173
29
30
75
88
107
156
20
30
115
188
85
67
31
76
40
106
11
6
7
12
14
51
91
47
51
11
7
23
43
2
58
83
103
117
98
26
44
29
48
23
55
173
92
133
42
83
144
68
61
71
92
66
116
66
5
120
56
235
73
70
89
113
239
74
50
48
76
78
57
16
7
46
94
18
60
6
30
36
47
215
12
8
83
162
138
41
83
104
51
13
170
359
112
101
43
2
39
111
71
105
33
25
33
32
47
28
8
113
161
46
15
108
89
136
187
60
98
111
50
98
46
14
61
48
51
117
82
73
166
45
73
82
86
16
59
123
57
105
103
107
15
7
38
114
101
131
18
175
77
53
141
259
80
15
127
160
29
158
12
107
66
169
84
101
167
97
112
43
34
61
51
33
18
86
111
18
47
38
195
33
58
72
24
8
29
180
127
89
19
141
55
19
103
47
54
29
60
17
90
164
52
41
117
95
53
9
143
77
32
69
28
149
20
77
52
62
145
70
16
22
44
6
28
35
42
107
115
51
162
59
51
58
119
31
38
8
63
2
81
62
45
24
6
23
16
32
96
76
84
120
126
270
78
2
41
145
48
180
89
48
19
209
105
38
63
19
60
164
68
19
151
39
43
152
23
102
81
39
82
41
37
50
88
31
125
232
7
165
20
32
52
38
38
43
60
53
78
80
140
77
79
98
6
41
13
85
42
37
44
143
15
157
142
146
147
165
2
74
155
234
12
120
49
56
2
145
48
151
121
81
22
11
104
7
9
107
119
2
142
46
9
14
28
2
34
66
12
64
62
25
38
51
8
80
92
20
38
106
35
10
2
16
44
17
84
16
38
44
23
18
43
2
26
61
34
139
43
58
81
36
79
11
10
7
51
47
32
8
29
61
6
52
147
13
21
25
149
39
94
90
49
45
87
111
63
213
104
51
3
29
4
38
112
72
19
35
46
50
42
76
29
32
44
15
47
173
137
55
66
2
26
47
45
93
2
66
94
128
105
68
2
45
95
7
43
63
118
154
183
20
53
43
8
45
50
181
144
115
98
47
57
77
231
68
186
104
110
60
129
103
61
99
40
59
58
3
74
23
10
29
161
46
44
16
136
65
44
172
54
44
125
95
114
71
64
83
2
28
59
40
39
99
60
67
2
2
31
31
38
37
2
45
25
38
102
138
46
176
72
65
17
54
105
30
66
42
33
122
27
9
10
9
67
92
45
101
74
33
67
117
31
17
97
62
14
149
16
37
51
12
70
4
4
26
78
131
100
180
103
63
11
58
32
74
39
60
92
9
35
8
57
75
31
52
41
63
53
72
55
54
23
58
33
99
44
27
151
80
103
2
111
53
50
35
18
42
26
40
22
32
41
8
22
22
68
2
68
76
145
67
46
73
5
33
33
72
31
65
2
104
100
38
63
18
58
69
169
2
133
88
213
74
13
72
99
36
42
81
17
12
48
69
90
27
91
69
23
48
166
18
113
121
166
111
2
116
56
27
13
48
8
26
7
16
70
26
32
6
98
52
97
122
42
73
46
23
26
43
99
52
30
20
45
73
26
36
43
63
9
6
20
23
58
32
10
76
33
11
127
31
56
103
104
83
39
70
47
80
22
71
41
50
34
35
40
127
21
73
44
54
64
48
70
48
29
70
63
82
2
33
52
8
13
10
72
76
6
9
245
89
69
82
24
56
64
67
36
29
217
246
33
102
2
45
47
75
100
13
66
2
26
48
67
57
67
54
55
53
41
40
42
2
67
42
119
74
2
158
70
66
58
130
69
40
46
152
159
70
204
148
82
37
60
54
64
20
35
18
7
79
36
30
56
56
50
96
2
53
40
73
66
92
38
33
90
31
52
70
13
121
102
83
42
46
25
60
171
33
87
62
76
46
45
49
90
35
6
2
34
133
64
74
90
66
31
53
44
48
30
28
13
45
73
49
28
57
81
70
43
39
21
23
4
50
54
55
17
42
78
51
22
5
99
27
30
26
43
28
22
18
46
126
111
164
85
109
96
99
13
43
149
16
126
159
50
2
165
31
118
209
95
31
109
53
119
182
2
127
118
15
135
124
151
23
7
73
45
44
43
256
127
118
147
11
78
188
61
39
32
20
124
170
16
94
137
14
58
4
42
24
103
18
7
41
38
15
25
9
9
45
15
60
24
59
25
29
66
59
55
81
50
71
53
49
23
8
24
78
28
37
85
50
11
22
59
74
137
82
28
132
8
174
103
10
59
27
15
153
30
76
2
2
49
116
59
7
28
68
30
99
57
66
51
42
111
57
106
93
107
57
112
51
55
31
40
76
38
48
122
171
5
45
40
76
38
17
60
50
125
221
122
31
103
93
53
60
30
42
40
143
55
10
11
54
9
51
3
39
19
78
31
88
10
107
34
12
60
229
93
104
30
8
7
27
112
32
60
48
6
15
30
51
92
56
45
72
10
26
13
20
77
85
95
34
69
16
51
47
86
25
8
28
23
24
80
71
41
27
74
25
24
35
4
49
30
61
67
37
11
8
40
8
61
38
14
18
39
6
66
85
23
261
2
72
143
38
18
42
66
124
80
92
83
109
82
46
104
109
15
45
75
22
106
22
272
96
34
36
78
41
73
126
12
12
10
36
42
61
19
27
32
81
111
15
44
53
77
13
175
89
45
7
112
116
56
18
11
8
60
82
71
48
6
111
2
49
45
25
21
13
13
45
63
114
42
23
27
11
95
75
26
17
2
101
70
12
45
6
31
31
68
7
102
37
21
49
40
76
13
93
32
72
46
20
23
44
28
67
31
62
84
110
51
24
17
6
6
2
94
77
14
186
87
116
2
2
86
56
85
108
55
43
10
39
31
53
16
65
3
45
73
42
33
73
2
53
61
56
20
56
27
23
91
23
10
38
9
94
25
23
23
54
43
65
29
114
15
176
4
18
107
15
19
51
48
41
121
118
19
95
122
4
6
70
25
59
7
68
17
156
172
97
69
169
95
115
13
53
57
39
36
23
73
20
46
58
53
22
2
77
25
66
182
33
51
65
57
58
124
42
61
37
55
8
49
146
119
68
109
158
76
39
97
82
26
52
38
148
119
23
12
56
9
19
94
60
3
41
60
54
3
36
60
14
37
12
30
29
35
34
35
142
7
14
67
39
61
35
64
95
48
32
26
18
31
61
102
133
76
128
87
25
37
134
118
133
51
50
102
83
48
23
38
30
49
72
49
33
41
44
20
114
55
63
6
136
70
5
79
50
72
93
69
5
39
33
56
11
14
45
19
62
107
130
38
40
54
77
106
23
49
39
54
15
62
30
17
9
46
116
115
66
74
32
45
59
41
29
49
255
59
97
48
86
59
32
95
103
34
47
96
58
46
95
2
34
119
63
36
57
63
51
129
15
94
60
57
145
104
42
136
102
43
60
27
42
4
4
39
48
88
2
20
70
97
59
42
5
88
22
15
42
15
56
14
15
36
39
55
56
26
37
6
20
131
27
113
79
101
78
196
78
37
189
55
169
120
198
54
129
252
83
305
203
224
155
207
232
152
114
54
47
70
105
145
71
115
82
59
49
75
75
89
133
78
147
80
162
155
118
115
97
82
160
180
194
210
99
125
98
72
74
55
180
107
24
137
143
175
14
87
111
52
56
72
82
15
65
97
33
68
51
78
113
105
104
66
252
163
40
122
120
96
99
28
6
83
10
151
116
181
106
33
104
96
85
34
73
16
66
68
45
86
27
26
43
90
22
61
61
73
18
95
46
21
43
48
82
40
83
65
14
14
2
37
30
66
12
32
112
2
58
77
116
107
28
30
142
2
75
87
101
180
132
108
97
107
64
19
17
39
22
93
138
140
25
26
25
67
45
7
148
40
19
21
11
18
43
106
127
41
21
216
25
48
93
59
39
81
183
63
15
38
8
5
56
8
45
42
14
82
6
76
43
32
5
5
61
25
47
59
70
30
17
107
97
30
28
18
43
86
22
46
18
60
145
50
44
56
51
35
31
79
29
28
76
42
87
134
21
19
23
33
49
75
124
133
106
123
204
115
12
56
137
57
97
159
60
115
137
161
76
175
195
144
190
122
92
129
132
195
73
49
86
171
182
64
71
114
16
95
53
86
99
106
165
54
290
117
108
5
42
60
66
16
46
93
101
15
114
70
74
45
95
45
31
10
9
55
15
8
9
69
21
26
43
112
94
38
21
7
21
56
26
103
56
26
109
27
28
54
186
50
141
88
32
163
128
182
140
102
107
66
43
154
167
101
52
58
97
110
191
13
156
203
83
48
141
248
44
27
99
106
165
130
105
168
273
215
169
123
72
71
100
68
31
32
51
80
158
70
74
10
106
43
164
56
19
83
212
17
85
175
241
142
65
173
262
119
60
92
24
15
93
36
6
52
48
50
46
126
57
66
131
25
29
64
38
30
25
27
16
29
3
41
4
38
121
39
20
76
32
58
23
70
49
79
39
43
101
98
19
30
12
110
49
199
96
22
76
39
106
3
46
82
13
59
27
13
11
88
67
6
28
3
54
95
98
153
85
131
3
42
55
91
33
91
81
49
10
18
9
59
101
109
78
179
37
40
36
12
17
13
58
6
8
52
223
13
122
132
248
72
175
215
3
109
43
89
92
87
38
40
28
128
72
115
31
27
100
60
39
74
28
83
30
54
58
108
44
41
68
117
134
39
153
161
63
84
148
126
72
131
42
38
48
13
90
30
15
11
11
4
29
10
57
67
42
2
30
52
50
58
148
79
24
123
15
28
98
37
45
92
54
49
19
16
10
8
51
77
9
15
38
35
5
74
44
51
80
47
44
36
7
66
48
16
89
56
52
88
2
33
22
27
33
62
115
47
45
40
117
57
16
47
94
56
15
50
24
3
10
54
2
2
32
50
47
70
16
134
36
95
22
27
24
28
11
7
22
26
44
17
83
51
17
9
48
28
35
15
6
108
49
64
86
24
8
46
81
41
59
2
45
19
20
42
6
11
35
47
21
52
88
71
22
52
18
3
33
21
107
65
7
47
29
48
61
144
57
23
40
56
44
79
164
49
41
22
113
69
81
80
85
195
41
41
80
55
25
50
32
71
121
18
32
39
8
74
48
6
23
30
33
3
44
3
32
23
15
54
29
79
35
8
45
5
13
37
63
66
50
48
49
8
55
39
92
79
45
44
99
76
87
123
72
66
75
68
28
84
107
49
173
107
24
21
72
50
49
28
50
119
148
10
26
34
170
106
39
59
50
53
114
83
108
55
22
35
11
41
7
70
80
66
24
9
28
95
3
30
71
43
197
49
131
139
157
55
67
74
33
114
34
46
74
70
64
25
32
104
57
34
44
51
67
105
51
45
54
22
63
85
40
63
59
5
26
49
41
18
37
11
2
2
2
44
112
142
91
45
18
47
113
48
55
14
105
33
9
43
45
19
15
3
32
75
51
212
85
80
72
91
24
51
45
9
66
72
21
134
151
56
2
78
10
59
138
12
40
87
37
56
58
34
18
47
99
47
3
62
70
13
10
16
23
83
17
23
16
21
3
68
46
98
16
150
19
3
59
25
9
91
3
72
81
48
61
128
74
117
41
76
48
64
48
90
3
14
54
92
82
70
44
44
92
6
126
108
116
26
93
154
154
22
6
53
58
25
63
77
33
33
82
78
148
68
9
3
190
67
59
25
113
26
12
79
149
48
46
200
46
55
44
40
27
65
9
67
7
89
137
19
121
4
47
55
72
106
127
80
61
24
25
115
127
34
96
27
15
66
77
147
163
175
101
37
89
34
167
160
51
108
43
63
21
3
52
19
25
23
27
39
8
28
23
40
41
4
47
46
33
20
3
36
83
98
76
78
18
56
3
82
94
71
79
45
28
3
54
94
3
25
69
78
2
43
3
43
108
18
44
3
87
24
19
8
40
13
46
96
20
61
115
57
22
9
34
3
30
186
106
128
3
96
113
85
73
74
118
2
46
95
53
23
59
36
7
6
35
24
3
29
2
18
60
79
94
181
90
16
166
45
106
81
118
120
3
41
2
95
74
111
90
2
22
6
44
7
94
22
73
56
80
39
6
63
34
35
71
54
13
53
141
70
51
68
59
98
28
14
91
13
104
93
15
29
59
2
47
140
148
35
47
84
104
5
6
87
57
39
82
2
74
112
99
159
140
68
117
2
32
63
112
33
89
3
39
74
34
49
89
3
29
2
49
34
72
70
47
80
83
34
94
82
3
104
30
84
75
53
60
82
50
10
5
41
5
35
59
60
76
33
67
50
8
6
104
29
115
37
21
25
141
2
94
50
17
22
75
7
6
29
71
85
77
70
3
45
7
6
104
129
86
52
28
19
119
2
120
45
57
52
56
32
3
34
29
6
40
68
36
31
54
17
35
33
111
15
2
20
5
30
48
84
34
15
42
19
58
14
94
116
2
65
8
7
32
2
43
56
93
46
35
59
34
43
36
43
2
67
67
105
132
65
99
14
6
52
41
112
26
62
2
12
120
118
34
31
58
112
12
35
90
24
129
3
109
65
51
72
86
99
28
57
57
53
178
48
45
79
39
111
83
15
123
108
43
87
145
142
2
26
99
137
49
59
116
31
52
20
2
6
13
194
16
18
25
90
44
24
88
44
157
5
91
115
31
54
6
156
125
76
64
111
73
41
82
31
167
6
102
73
82
53
126
64
14
132
46
48
124
143
100
67
6
3
167
62
81
119
70
104
66
75
31
11
117
112
152
140
98
72
83
48
40
51
47
107
70
22
23
76
103
162
55
12
61
74
32
8
40
25
27
46
27
10
83
36
31
26
112
88
86
102
11
75
74
47
35
82
94
43
35
54
100
69
9
78
14
12
39
30
57
73
57
45
35
73
71
41
50
68
169
107
12
75
78
115
71
8
15
101
28
10
10
76
55
37
21
59
89
32
46
95
18
38
68
9
75
52
63
93
133
89
50
185
143
104
206
82
23
18
28
24
26
22
40
23
24
3
21
117
42
61
120
411
80
102
62
83
20
132
72
109
121
50
42
164
131
31
43
78
125
2
26
62
41
61
116
69
68
19
53
18
13
20
43
26
64
68
30
16
33
3
17
41
80
31
18
39
17
15
22
38
2
72
9
7
74
29
6
34
2
46
33
45
51
99
26
22
106
51
25
21
11
41
40
89
57
42
94
9
31
86
165
140
102
35
16
55
40
56
13
42
3
57
80
55
66
110
37
138
89
100
30
3
50
3
84
101
115
6
17
95
2
77
74
81
106
17
3
70
66
53
133
39
92
89
43
9
2
72
39
17
18
75
31
44
165
156
12
49
36
41
93
95
123
3
26
131
65
96
229
29
114
126
69
29
128
53
127
73
76
40
39
28
128
24
114
100
138
161
59
78
106
40
143
3
88
67
56
32
102
45
29
7
3
15
37
156
27
4
4
19
107
84
53
36
61
27
90
3
71
99
106
7
78
6
106
34
36
45
90
83
16
190
44
15
62
3
22
117
20
40
110
90
113
13
19
13
24
82
148
3
133
49
153
169
30
9
6
93
16
6
86
66
93
17
114
41
74
44
58
75
66
57
72
15
22
34
125
106
66
68
131
116
28
26
6
40
2
34
37
36
45
24
28
15
44
84
2
73
3
105
32
43
81
23
120
109
106
136
171
67
82
93
176
56
52
86
34
85
15
32
32
43
146
44
54
225
3
24
59
27
34
27
21
6
124
40
48
20
3
26
28
28
33
31
22
147
154
3
70
77
109
51
51
36
17
82
185
64
20
163
48
47
3
73
11
12
31
65
42
21
140
60
36
160
105
61
69
89
85
15
18
42
153
70
81
35
35
11
14
82
55
35
16
97
44
40
90
105
3
46
74
105
49
28
95
14
135
19
54
72
36
55
158
131
33
26
39
14
70
104
9
123
56
20
102
124
15
108
109
41
121
71
54
21
175
12
46
94
38
95
65
50
37
4
28
25
3
52
58
25
55
122
3
48
56
43
64
34
33
29
24
32
65
195
197
84
63
141
34
42
3
41
20
16
58
98
173
43
107
70
113
105
77
94
28
58
43
66
35
29
99
191
127
100
134
88
54
17
37
59
73
39
76
61
5
30
15
36
17
22
24
30
100
29
39
109
81
14
149
121
178
129
91
79
39
92
39
65
17
16
30
88
40
17
39
100
55
80
160
3
80
142
82
3
51
96
56
29
54
26
25
62
43
91
44
62
74
40
66
47
6
72
42
109
19
6
53
89
40
32
45
30
109
36
17
28
16
64
79
9
52
39
72
35
45
6
66
128
52
192
32
70
35
65
63
39
8
25
22
20
128
24
7
16
16
36
48
20
28
43
53
4
4
21
40
55
11
89
37
75
60
41
51
30
18
49
185
107
148
16
93
47
78
55
18
39
30
30
50
69
32
21
36
35
63
12
3
3
21
95
24
31
33
16
15
49
19
30
54
99
43
34
7
47
56
92
2
66
36
4
131
23
20
35
49
33
62
52
79
96
33
111
82
91
18
63
70
90
28
123
70
68
37
36
59
67
86
62
129
28
130
42
109
19
16
68
74
61
151
66
2
122
23
29
17
69
2
42
64
31
26
2
26
59
75
9
56
24
21
74
11
91
55
77
6
139
53
159
59
2
228
73
32
104
15
2
25
64
49
126
140
189
60
36
67
50
79
67
14
77
69
50
105
111
54
2
57
40
74
48
14
36
21
17
40
27
25
43
18
68
59
37
41
42
30
88
42
53
23
46
25
124
23
11
42
46
62
100
92
94
33
33
14
34
21
28
29
40
48
54
34
12
24
67
18
63
31
13
37
5
5
31
40
24
22
35
23
65
58
64
94
112
92
114
121
47
56
73
49
39
58
66
88
8
6
37
29
64
8
8
37
78
49
105
48
8
37
145
41
31
27
24
31
55
41
56
68
31
67
58
60
52
72
30
50
63
132
69
41
54
72
8
20
11
111
119
44
46
55
60
70
30
128
78
36
88
71
75
53
69
74
95
50
81
59
110
59
74
64
58
2
140
85
33
147
33
57
90
115
190
85
124
92
47
113
31
6
109
115
15
50
46
309
74
174
112
65
66
6
34
73
82
12
26
85
58
95
102
36
57
12
83
39
39
67
41
14
33
47
43
39
56
132
122
54
60
184
3
39
31
35
40
40
35
50
108
41
119
126
68
89
16
15
88
107
111
220
155
22
132
59
73
9
45
39
73
108
10
7
21
77
113
82
18
13
16
53
20
63
5
56
23
21
36
62
59
41
41
78
56
100
30
12
61
16
46
35
26
27
2
2
18
18
135
15
63
43
71
17
39
37
16
152
134
89
168
88
40
74
35
15
4
14
49
21
60
5
30
29
22
51
56
49
35
35
46
42
109
31
91
63
97
123
96
88
43
40
13
119
55
24
52
105
15
11
31
9
44
27
79
8
43
88
51
75
10
30
45
17
49
34
64
20
23
34
12
38
48
13
180
80
41
64
35
21
21
14
44
12
55
19
27
27
16
52
68
64
22
23
24
126
55
2
77
231
130
39
30
119
130
41
2
49
47
8
42
32
6
56
55
2
14
8
19
11
30
56
45
38
111
95
91
19
88
26
29
16
31
31
177
61
19
35
34
29
29
19
63
4
38
93
145
168
64
181
14
81
30
24
2
30
29
70
69
15
7
11
94
61
80
35
51
68
57
65
24
81
55
99
109
34
136
59
38
6
121
109
21
2
12
2
40
13
16
78
73
89
176
142
103
64
139
94
274
214
103
247
190
48
57
140
28
72
141
82
62
55
19
129
92
94
89
35
2
54
109
79
13
92
75
124
84
16
62
11
33
12
143
19
28
3
22
98
84
35
41
7
111
33
44
97
49
89
62
125
2
53
49
78
38
28
2
61
80
5
27
15
14
60
81
55
78
56
20
88
71
59
83
10
48
44
20
76
71
38
99
75
29
54
172
49
35
17
53
41
23
35
2
110
25
10
82
78
64
21
4
11
67
47
62
54
79
61
94
68
53
28
43
9
33
61
71
48
54
13
5
5
35
58
144
97
12
34
20
32
118
43
43
45
63
19
41
86
88
25
10
29
81
47
27
36
19
15
32
39
49
14
54
83
12
20
17
33
26
71
10
77
59
16
36
51
31
43
49
35
82
38
23
51
3
42
80
15
60
33
98
191
92
50
29
52
65
89
60
6
24
10
16
69
2
27
17
122
90
67
70
140
98
77
77
21
30
102
88
26
29
40
35
9
106
88
32
28
44
34
30
18
40
8
43
58
30
73
39
35
44
22
45
13
14
44
6
3
35
41
57
73
101
41
53
89
124
251
33
157
39
47
47
75
198
140
227
86
17
71
52
7
43
33
33
30
87
106
88
36
165
72
75
243
53
44
107
134
33
149
71
209
161
112
2
58
15
11
61
18
91
2
32
110
2
23
28
4
18
13
5
2
114
44
56
40
23
31
3
48
65
2
38
35
25
120
30
20
7
46
19
7
83
48
139
47
43
75
15
12
35
6
5
7
126
83
76
30
32
34
23
40
25
47
52
10
55
24
14
30
100
182
25
158
64
87
42
45
7
19
74
13
48
23
32
3
3
44
22
43
58
39
57
24
60
53
51
66
47
25
59
20
17
63
246
6
39
65
48
74
69
45
35
28
31
34
59
36
23
8
27
30
104
74
27
8
36
27
48
7
71
26
36
22
50
54
3
25
143
54
62
2
30
39
16
30
33
221
123
86
4
31
51
37
45
36
21
50
33
109
23
70
99
35
27
76
43
19
32
30
15
32
2
94
96
75
2
2
49
24
46
37
174
49
119
81
93
108
138
217
126
133
275
258
93
125
191
61
44
182
68
54
104
78
81
74
125
92
105
34
48
30
21
71
4
41
154
66
135
86
49
75
15
13
124
143
54
10
109
6
11
57
44
43
38
77
151
31
14
31
39
51
81
39
171
118
85
11
39
62
22
52
18
26
94
16
49
55
19
5
67
69
41
11
77
56
31
8
8
36
12
33
52
46
221
115
111
131
23
23
22
21
65
52
23
23
37
3
19
7
48
66
4
17
25
28
21
30
29
40
27
57
114
68
131
11
15
25
69
9
109
42
38
10
16
19
9
6
39
76
14
58
4
17
4
13
11
114
19
25
27
8
68
4
8
79
106
31
25
19
23
18
24
55
10
31
67
86
7
20
28
28
55
56
28
52
51
55
43
43
46
70
178
4
8
78
136
77
25
78
31
50
23
40
14
21
20
68
50
43
24
20
21
34
58
87
24
14
118
19
35
13
2
50
31
67
17
37
285
11
102
88
7
11
28
40
35
12
11
18
11
60
37
61
46
18
35
18
12
12
59
15
37
68
70
28
5
55
12
72
44
7
26
42
27
4
4
12
19
10
45
23
113
44
61
16
19
15
19
59
48
53
32
59
80
80
21
121
123
11
10
11
2
2
11
56
27
32
21
140
53
5
32
13
5
28
18
11
45
35
82
126
50
74
38
18
51
67
5
5
20
60
51
46
31
24
25
21
37
65
13
13
86
39
45
121
109
169
49
214
68
129
21
60
87
99
31
8
32
39
46
85
2
34
36
14
29
27
20
76
69
49
18
23
43
80
83
88
51
52
7
7
75
57
98
40
49
44
48
12
17
48
39
68
15
62
62
101
23
121
84
4
13
21
44
24
75
53
85
115
16
77
41
23
9
24
5
114
61
40
64
8
169
52
49
37
82
12
9
16
96
33
21
21
15
9
13
38
98
88
58
18
59
69
27
8
8
7
30
28
50
14
22
17
7
55
68
54
4
7
16
64
48
13
49
35
48
72
16
93
15
26
40
92
38
63
47
65
60
44
45
77
62
43
47
74
13
113
106
55
129
16
41
76
120
79
59
206
114
14
7
46
42
10
10
7
2
6
9
67
79
30
31
22
29
35
67
23
31
7
20
31
23
59
40
59
34
6
82
55
2
42
53
46
43
70
45
27
20
64
46
2
48
2
49
91
75
40
22
30
23
9
22
48
23
19
12
52
15
6
33
18
12
7
12
6
47
29
23
68
88
333
58
70
17
114
96
50
2
75
168
155
93
106
26
30
76
57
37
81
35
94
48
58
52
43
17
42
12
37
24
36
43
116
139
14
42
11
83
52
44
69
54
155
12
45
83
89
7
53
67
46
39
8
5
51
25
26
33
30
3
16
60
29
86
39
105
131
3
79
91
25
25
16
189
65
59
36
10
28
45
61
43
46
65
37
50
37
76
106
110
89
174
113
6
92
23
91
123
54
91
2
52
76
28
10
82
23
7
44
30
47
27
16
154
82
69
6
15
7
67
44
58
249
73
229
63
98
139
166
52
22
44
42
247
64
193
93
129
88
73
49
86
141
85
311
43
135
194
132
55
218
89
45
64
100
20
6
73
109
109
93
61
60
57
13
81
25
38
18
75
189
137
69
67
158
90
50
22
109
88
34
71
30
88
181
2
54
90
38
15
21
97
66
29
67
24
22
105
40
143
68
84
66
78
76
52
185
95
24
35
49
75
12
27
12
70
104
126
65
124
39
15
56
45
115
50
4
49
46
94
26
7
106
68
119
33
7
100
122
72
59
69
102
6
60
32
91
23
90
71
33
135
81
43
45
65
28
5
142
3
67
119
71
98
47
73
27
32
157
94
63
92
20
99
2
44
37
103
48
66
13
15
7
49
33
15
40
14
52
6
10
89
63
107
228
35
26
17
59
66
80
45
196
206
151
7
144
62
60
11
109
129
47
143
35
57
53
88
198
175
95
198
116
98
64
48
181
71
132
66
33
83
60
18
150
86
63
28
38
65
73
54
39
30
20
142
110
49
95
227
55
63
23
7
50
54
116
84
47
94
88
83
55
143
120
63
83
71
94
43
43
82
32
62
33
153
11
41
176
69
35
52
86
28
94
79
254
25
52
101
134
