34
9
32
167
266
116
139
296
36
9
33
520
121
302
161
82
216
65
36
9
32
411
107
81
82
41
116
79
38
8
35
161
146
92
324
45
76
29
14
27
50
267
276
187
265
274
80
83
38
43
34
14
31
20
260
134
167
142
34
96
157
153
60
105
59
35
14
31
453
117
91
92
87
114
73
47
51
43
40
4
35
89
12
66
80
28
122
163
88
118
123
54
45
241
39
158
99
54
53
54
38
6
35
148
139
243
54
209
32
226
42
42
50
492
270
227
121
89
35
8
32
96
117
164
44
209
134
31
190
40
52
33
11
29
141
419
99
51
32
14
27
314
246
320
123
121
76
34
14
30
86
48
37
41
105
58
265
77
72
112
74
77
47
72
190
87
319
242
159
50
55
219
69
58
35
13
31
85
105
109
102
142
147
87
106
71
44
46
143
157
160
64
30
15
24
149
204
293
73
268
293
54
33
14
29
299
289
38
39
52
72
55
199
86
65
52
53
46
81
167
116
34
23
68
34
75
81
312
34
83
33
16
29
43
194
290
37
50
64
254
12
127
246
68
42
62
37
35
12
30
194
324
124
190
130
38
9
32
301
32
109
266
169
82
34
14
29
338
391
59
295
268
289
442
141
45
156
36
9
32
305
54
89
154
151
137
141
134
28
92
46
139
131
116
102
233
179
41
75
58
48
249
118
103
69
130
20
106
187
75
97
326
44
80
36
14
29
150
148
108
347
75
117
37
64
48
146
198
109
133
105
87
114
215
41
36
10
32
166
137
139
121
77
62
172
156
37
55
29
17
24
500
566
154
265
340
206
105
150
153
252
299
157
182
222
189
142
81
422
212
97
53
138
65
47
185
190
201
126
211
199
196
272
180
200
249
181
171
357
180
196
224
88
157
117
33
49
35
11
28
148
223
222
267
335
240
105
214
62
225
36
74
48
35
14
29
593
84
167
143
59
179
39
40
9
35
301
424
72
267
44
33
15
27
114
86
307
117
175
163
123
61
142
374
85
50
102
402
112
335
178
42
77
49
40
9
32
139
228
82
162
130
85
370
219
150
257
170
231
293
200
164
230
218
248
53
290
151
239
186
227
153
209
309
86
192
413
564
706
522
37
50
204
273
107
109
38
51
134
238
45
162
102
37
20
276
231
82
34
14
31
274
150
114
172
327
74
51
153
132
54
74
98
158
311
100
72
255
274
58
47
175
80
47
322
139
109
191
55
55
52
141
209
114
110
211
152
89
90
52
45
70
179
121
139
20
367
41
246
147
287
89
73
228
255
81
29
153
120
184
181
137
29
301
206
119
366
480
267
125
110
229
214
98
209
305
78
96
31
14
27
259
329
118
211
107
92
161
140
185
58
53
175
196
187
95
161
249
156
357
641
179
139
90
44
54
84
513
117
164
104
144
195
40
57
291
64
40
9
33
382
148
134
242
151
107
111
73
37
9
32
353
196
80
27
18
25
159
280
40
51
141
138
122
66
53
58
43
184
106
125
190
104
219
56
99
252
154
57
81
31
14
27
440
52
85
159
109
47
72
61
62
82
167
192
225
147
42
49
31
11
27
138
249
295
292
113
141
51
8
42
5
474
282
222
168
44
34
13
30
328
126
386
200
229
151
117
111
156
259
123
311
278
202
228
122
585
222
64
135
200
47
40
297
111
45
90
78
20
194
87
200
297
60
78
253
199
18
66
98
126
84
32
90
109
181
173
56
53
1218
124
354
115
47
120
173
81
326
46
96
54
81
130
146
55
63
48
74
74
32
113
48
95
68
50
160
164
282
210
202
165
350
219
56
838
689
25
41
298
72
47
100
562
224
112
249
33
171
198
147
114
428
53
51
101
431
164
113
132
106
36
291
62
683
34
454
112
30
572
93
46
165
170
92
138
90
239
38
58
29
14
26
252
163
47
233
93
253
92
65
36
9
32
134
629
169
260
142
101
115
293
174
197
333
83
92
41
48
43
172
220
185
539
410
54
33
43
99
202
143
137
177
62
116
78
72
45
232
76
268
61
237
72
137
198
194
45
90
194
46
41
132
148
420
19
45
71
59
58
183
36
76
31
17
27
140
70
155
138
380
558
179
294
116
50
93
48
106
231
267
411
121
400
211
79
40
48
37
10
32
176
137
344
122
334
158
134
242
275
154
77
194
157
285
28
91
106
129
110
188
108
395
167
133
148
55
81
38
12
32
319
287
235
68
31
21
24
182
249
244
20
149
175
213
233
226
40
55
37
9
32
213
180
176
422
216
78
83
301
164
160
56
49
105
116
56
340
127
249
71
133
68
72
93
53
95
44
138
107
142
172
304
82
194
295
60
206
12
282
133
109
145
92
49
295
125
345
264
334
49
153
360
46
166
187
132
154
68
52
39
9
32
162
147
182
118
151
113
146
154
193
326
176
131
261
142
74
58
50
267
338
34
43
98
233
229
136
100
39
6
34
85
251
193
273
41
233
521
220
139
100
217
117
52
35
12
29
134
319
210
99
174
225
72
45
67
55
168
331
37
105
282
334
56
37
12
29
189
162
144
293
114
229
90
198
197
556
128
140
84
143
211
148
203
113
40
6
34
221
221
138
221
90
218
309
235
127
64
35
830
143
338
74
114
51
495
312
205
104
89
20
213
98
342
183
120
87
191
260
59
159
42
101
52
225
127
114
99
95
235
127
144
100
93
252
163
490
159
197
41
334
29
141
77
126
80
48
21
126
78
471
74
97
81
36
11
29
157
156
203
370
168
173
77
37
13
29
203
41
98
79
256
135
20
401
192
85
136
28
98
138
88
56
131
231
115
152
367
39
10
32
346
37
58
256
213
21
85
91
52
86
218
140
157
121
145
264
145
122
27
183
693
145
167
146
198
230
182
87
196
108
68
28
88
146
76
257
131
116
188
66
68
48
59
39
12
32
206
109
147
226
292
80
43
6
35
183
209
255
39
62
177
85
93
51
36
17
27
194
191
100
273
86
148
220
83
42
42
54
156
12
72
225
147
107
231
29
118
29
30
126
97
246
30
17
27
256
96
28
137
180
92
148
59
36
9
32
81
156
164
143
209
74
235
96
208
376
123
169
166
263
115
95
20
181
338
107
107
45
71
27
24
22
220
28
210
195
119
12
62
64
224
40
61
28
22
22
124
236
199
78
57
178
165
90
50
308
86
232
77
151
78
34
125
23
148
404
364
253
41
51
219
35
61
36
9
32
280
536
187
120
195
127
48
422
155
289
133
36
74
37
14
31
388
344
41
196
149
41
75
104
184
58
89
50
202
118
232
300
37
210
299
193
36
64
37
11
32
343
173
78
175
217
72
31
14
29
118
12
285
192
97
120
42
391
95
153
146
210
51
34
14
31
121
190
284
68
109
198
280
125
209
212
491
246
200
56
100
609
153
96
251
58
131
53
39
48
103
270
167
153
20
251
245
88
285
34
79
48
93
111
159
259
139
340
28
103
145
351
95
700
97
115
69
118
133
187
42
113
51
246
348
183
113
169
79
32
11
29
418
224
135
167
118
157
196
90
95
140
81
91
48
36
11
32
120
394
90
125
127
112
148
132
37
49
224
80
102
97
151
101
63
37
50
306
264
324
169
47
330
211
267
166
118
138
178
152
292
67
69
90
151
168
146
100
215
135
105
20
103
119
81
36
14
32
209
28
206
216
125
200
73
153
20
123
201
5
74
51
39
45
232
201
116
20
120
82
102
386
170
118
168
135
58
103
168
97
48
79
53
117
56
28
19
24
195
239
156
90
144
172
190
28
218
154
207
175
93
57
105
117
236
14
152
68
199
309
101
76
46
202
243
143
185
98
72
292
136
237
225
34
72
67
36
14
30
253
202
222
406
39
41
512
129
78
54
216
19
97
273
81
297
238
20
67
101
193
14
195
237
164
132
195
273
310
145
154
85
21
373
73
291
74
85
175
120
112
139
58
48
178
89
112
98
102
102
40
71
26
21
21
159
222
182
157
135
119
126
88
137
219
303
102
20
131
210
93
305
39
67
92
28
22
22
97
158
120
210
94
145
98
131
62
54
74
48
142
198
175
62
158
460
176
332
197
12
422
172
72
32
14
27
117
622
80
261
206
86
93
84
280
181
32
60
36
14
32
385
134
39
43
50
263
154
156
154
77
187
159
50
279
160
231
69
107
70
36
12
31
121
168
771
157
39
64
37
14
31
310
115
136
135
125
127
20
8
89
138
174
50
39
9
32
205
12
242
478
34
65
57
38
10
32
205
200
216
81
87
161
302
108
58
30
60
37
50
403
254
113
92
101
406
126
65
38
11
32
207
53
139
122
415
136
188
42
42
42
14
35
65
94
304
78
58
100
194
135
15
155
122
140
71
48
36
15
28
67
120
123
93
41
69
146
198
115
70
40
72
179
121
74
60
30
18
24
232
64
314
143
179
34
55
37
10
32
157
28
307
20
152
25
139
63
47
34
14
28
270
20
100
170
199
206
164
58
42
9
35
385
107
127
175
116
64
73
57
269
180
164
55
134
162
52
192
103
39
9
33
73
143
110
235
103
130
20
192
216
413
195
396
40
62
39
8
32
111
314
95
72
80
251
69
56
35
19
27
157
452
100
185
86
52
52
55
488
114
102
97
42
59
51
256
103
115
170
201
311
120
116
166
121
194
152
96
511
70
28
21
24
135
227
168
80
137
324
43
54
51
116
258
66
223
262
184
51
31
17
25
299
196
193
63
89
32
20
25
165
342
62
68
72
97
76
28
20
22
43
234
96
144
141
236
34
65
204
165
74
17
27
12
79
12
69
121
117
144
97
124
106
113
147
136
36
13
30
502
343
179
128
65
93
47
389
177
58
459
178
39
54
125
51
38
14
30
1029
148
108
33
16
27
222
182
199
66
150
222
171
178
80
315
34
54
52
182
331
141
255
229
171
105
143
195
358
126
104
102
214
77
257
72
32
14
28
219
20
103
493
207
105
70
151
77
32
14
27
151
347
148
135
200
77
152
61
46
58
135
193
145
111
109
149
29
123
188
59
199
46
148
46
143
81
98
22
120
89
113
110
53
123
107
412
70
181
92
118
160
60
48
86
156
177
329
50
150
250
324
99
64
35
49
165
50
110
89
46
37
14
31
107
195
387
96
52
166
166
41
4
36
262
119
73
49
95
77
118
75
19
134
108
67
247
208
174
127
81
75
48
259
135
148
207
132
81
97
126
144
113
163
86
176
59
44
9
38
269
35
53
82
145
159
120
152
94
65
39
10
32
107
350
246
343
190
154
175
44
205
110
60
18
27
12
132
244
62
64
52
145
145
157
162
156
122
186
126
235
40
63
53
416
58
34
60
15
34
8
156
57
143
117
60
139
33
34
34
35
32
96
19
17
33
9
348
62
36
13
30
184
160
100
38
180
27
163
41
141
38
61
52
68
61
84
59
46
40
145
106
101
95
71
50
244
215
73
12
68
33
87
73
36
46
38
39
35
77
62
135
19
142
131
81
19
29
12
443
146
115
42
69
49
122
223
84
49
1251
278
204
133
167
195
156
292
105
263
201
138
106
134
145
129
199
173
58
217
229
336
237
313
44
147
162
146
138
20
244
274
20
199
312
12
259
142
135
104
398
64
314
118
158
184
80
384
112
190
144
222
82
234
437
262
378
420
180
319
217
153
152
147
87
114
66
269
322
247
250
200
320
404
85
58
231
64
122
194
558
154
200
202
40
211
160
47
140
160
257
111
399
357
93
373
231
174
108
775
124
494
180
206
139
160
227
323
216
135
250
235
92
484
121
102
195
211
45
219
42
150
407
229
158
128
146
319
190
175
95
156
181
270
421
371
257
146
166
112
104
122
40
94
114
50
250
239
225
239
255
239
369
239
251
239
222
239
304
239
268
239
287
239
505
239
301
239
326
239
768
272
239
38
12
29
162
124
215
164
147
368
107
181
22
27
19
25
172
138
146
286
293
144
232
169
79
428
146
274
275
311
248
227
85
186
376
114
217
267
204
105
422
147
241
96
144
336
276
88
300
159
132
51
453
206
22
176
303
62
36
14
29
185
184
381
148
64
228
417
57
73
205
28
389
399
128
550
41
218
623
148
42
53
243
105
69
232
158
110
533
33
125
208
97
70
32
231
261
39
29
308
70
419
259
213
405
474
358
33
188
205
390
100
321
234
41
189
34
29
116
91
70
124
95
270
160
280
108
62
48
258
301
235
359
139
272
376
235
40
44
116
83
76
105
138
123
322
104
213
75
48
90
55
61
24
53
82
93
69
70
42
219
67
46
80
45
47
64
1
74
50
324
123
221
233
141
137
225
52
176
193
86
48
217
82
263
149
167
53
103
121
54
83
12
114
49
76
178
192
180
156
290
57
131
69
410
209
123
74
12
152
164
169
154
79
264
86
57
440
179
102
120
12
119
120
77
9
221
417
38
79
112
44
116
153
206
283
89
43
255
63
61
52
752
473
85
60
54
20
315
188
363
341
45
221
80
224
185
141
866
355
689
89
225
235
261
197
134
37
107
126
340
191
205
208
195
231
179
245
150
28
138
385
176
192
136
181
202
127
206
242
199
153
196
183
129
130
251
46
229
347
94
121
216
46
159
262
480
60
302
172
20
104
231
380
267
120
53
224
147
35
126
97
84
246
332
73
160
114
12
205
319
677
176
177
40
65
429
758
55
20
649
261
93
235
207
206
107
36
201
94
