23
25
15
14
20
25
16
17
24
7
17
24
20
27
39
10
20
6
16
31
31
48
16
12
51
18
17
34
18
11
43
48
13
18
13
15
41
9
26
14
17
13
15
27
22
15
23
24
39
20
16
29
16
19
19
40
15
20
27
33
20
37
33
19
57
29
33
40
20
38
10
60
22
35
25
15
23
17
16
52
31
21
9
21
33
13
15
16
17
30
9
35
38
76
30
13
16
9
8
48
31
3
6
3
22
23
37
11
22
15
26
58
86
42
18
13
36
66
30
23
34
40
27
23
30
28
41
21
30
29
42
54
5
3
23
34
28
38
62
15
59
30
1
4
16
11
17
5
1
6
10
26
9
9
34
26
35
27
44
25
12
14
28
37
15
22
18
49
26
25
24
25
12
15
34
27
62
33
9
24
23
54
32
14
25
24
87
44
47
28
18
18
18
29
10
9
19
21
25
8
1
41
7
21
28
5
3
16
27
2
12
1
2
32
13
31
33
33
44
31
11
20
1
1
5
5
15
19
69
35
7
47
10
12
1
19
25
24
14
19
19
13
2
10
1
4
9
12
35
16
13
21
32
3
20
1
2
10
40
31
14
18
18
13
25
44
14
59
43
19
20
4
31
31
25
16
52
45
37
38
22
29
65
32
15
8
14
20
10
61
49
28
46
14
15
22
37
46
61
43
26
14
20
20
29
7
18
27
33
6
30
30
32
11
40
37
40
34
29
55
27
32
20
48
17
27
25
43
21
58
10
20
3
10
10
2
3
16
35
24
21
3
8
35
5
6
4
2
31
39
52
10
12
8
4
4
1
5
11
15
7
4
25
4
5
1
7
7
16
4
1
7
11
18
7
12
43
5
2
14
28
10
34
22
14
11
15
35
7
22
15
30
19
10
29
17
30
42
22
12
44
51
20
5
26
11
5
1
10
10
25
13
18
20
56
7
2
20
4
25
11
7
18
2
4
4
8
2
18
12
29
2
14
34
32
2
13
30
39
18
56
36
24
48
5
48
13
18
52
32
31
26
65
87
18
31
27
25
32
48
35
37
36
32
34
30
17
4
8
58
44
52
46
22
8
72
24
44
10
55
31
16
33
8
12
49
10
52
69
57
19
25
43
23
1
43
24
25
15
27
26
18
48
10
31
30
6
16
73
35
23
32
21
17
16
62
55
55
28
19
31
16
21
18
15
19
6
32
6
17
23
23
9
21
51
26
26
10
13
7
17
16
8
13
27
35
27
17
33
69
2
2
22
9
51
37
41
5
51
23
43
45
35
20
19
39
44
46
18
61
21
37
41
10
21
33
59
52
23
22
43
30
38
9
11
39
12
36
13
17
28
32
28
24
17
39
26
26
24
42
36
49
63
14
18
33
8
29
38
25
39
50
35
23
63
2
2
9
8
7
13
30
48
20
42
26
42
14
26
25
26
37
9
12
23
16
7
64
18
14
18
34
17
61
30
23
80
3
35
48
44
11
9
50
31
20
13
33
10
32
49
11
21
62
44
46
60
12
31
30
29
40
27
21
9
30
20
30
38
34
21
21
25
13
18
25
27
12
36
27
20
12
18
25
9
72
42
40
5
28
19
50
17
30
21
22
21
2
11
28
13
48
14
50
9
34
11
28
32
15
28
36
22
25
47
10
27
32
26
28
27
19
26
21
16
12
19
2
8
33
11
52
33
27
16
18
36
5
2
21
22
35
40
30
16
5
44
18
13
16
9
65
57
14
2
45
41
28
28
15
32
25
16
25
71
42
26
38
17
26
32
35
37
39
73
23
22
29
13
35
8
23
16
41
3
16
27
29
16
18
15
79
27
7
27
25
30
5
20
11
44
71
22
12
18
12
37
28
24
36
36
14
12
9
23
18
22
27
25
18
35
28
22
83
30
38
22
23
48
17
22
50
28
30
14
19
28
33
26
24
36
36
39
47
14
28
14
20
6
2
6
24
7
47
19
16
10
25
11
11
22
11
19
15
29
22
25
24
15
32
35
24
16
5
26
16
25
39
26
34
6
27
15
31
39
6
1
6
19
20
6
23
1
8
3
5
14
9
29
22
51
50
33
14
11
17
39
44
41
26
23
140
34
49
24
23
80
51
50
56
6
29
36
43
14
33
38
19
23
18
63
35
51
5
19
10
6
19
21
9
44
26
8
20
22
14
28
16
14
17
45
4
8
10
4
33
11
10
51
12
5
29
35
12
15
54
10
48
25
53
89
23
16
35
12
1
2
4
6
1
1
21
23
9
46
16
21
11
1
2
10
11
38
18
30
33
13
37
17
29
27
25
38
10
16
13
49
30
23
32
15
25
42
27
22
32
19
27
31
22
45
9
16
38
5
7
17
32
28
15
27
7
12
7
4
12
29
9
2
4
10
8
13
2
4
6
15
11
12
16
24
11
13
29
4
23
2
7
11
2
2
19
11
22
12
57
18
10
34
24
12
14
13
13
14
18
63
25
50
17
6
32
52
42
46
24
28
49
34
23
16
31
16
8
18
43
9
11
9
10
15
7
25
7
9
1
23
18
7
1
14
42
26
16
32
10
67
10
3
15
7
26
16
16
21
4
5
6
10
35
2
5
25
22
2
3
8
3
46
22
59
7
17
1
5
8
15
27
10
40
14
19
64
29
21
6
22
2
26
19
24
3
31
31
29
8
3
1
52
10
14
16
39
6
10
19
6
10
9
15
2
3
9
11
18
11
17
15
12
24
10
1
13
26
14
42
7
19
20
23
16
4
24
18
21
24
18
17
9
17
8
2
10
10
17
15
24
29
14
29
39
6
13
18
9
5
15
27
10
24
36
22
20
9
2
6
5
6
13
9
4
7
5
15
5
9
14
11
1
5
20
18
2
22
8
9
8
27
24
30
7
12
24
13
41
19
8
28
51
33
33
34
19
14
1
33
12
70
7
41
20
15
8
5
19
1
1
12
15
7
12
15
4
5
7
5
5
21
17
4
21
2
8
19
19
23
51
44
14
16
46
32
24
22
38
47
46
25
24
49
41
33
12
8
49
8
9
3
2
5
12
16
19
38
18
7
7
26
28
27
19
23
12
1
3
1
9
4
2
3
5
44
37
19
10
12
8
18
11
14
9
4
2
10
4
10
20
20
4
4
2
5
10
16
27
19
15
7
7
8
3
8
9
5
8
11
8
13
4
18
28
29
8
1
12
10
11
8
3
8
2
3
2
4
7
16
4
10
16
16
12
22
49
40
25
30
16
49
40
8
39
11
18
23
11
45
39
41
50
18
53
19
27
13
12
17
58
50
13
6
24
14
11
12
11
23
10
12
20
10
20
35
35
14
25
11
4
25
52
2
13
57
29
20
47
22
24
23
23
1
8
2
14
18
18
16
18
14
13
8
31
39
19
6
15
14
18
20
12
9
12
4
24
13
28
3
12
16
2
4
12
12
19
15
17
14
15
10
5
31
7
3
28
14
27
31
13
13
1
5
8
6
9
18
26
9
6
14
44
5
2
10
8
2
4
37
29
45
17
1
3
5
11
44
3
7
3
1
10
5
34
13
7
19
35
50
46
25
59
36
35
24
42
45
19
3
13
15
16
3
24
19
4
8
11
13
10
23
12
35
29
10
20
34
3
12
3
8
7
17
8
3
3
3
13
32
24
11
21
20
25
11
9
43
19
14
28
1
4
17
35
8
34
42
7
23
13
5
34
5
5
5
13
11
33
46
2
44
14
8
23
2
7
2
9
38
26
6
9
1
12
9
27
19
15
39
46
23
18
24
13
10
35
65
22
15
24
27
3
7
10
20
11
50
22
12
19
15
34
17
20
29
26
6
18
17
53
15
16
12
1
4
27
8
13
22
3
2
5
3
8
16
28
5
2
6
7
13
23
1
14
11
23
1
29
1
18
6
13
1
33
19
15
30
16
16
7
42
30
8
13
3
12
16
17
13
8
23
14
10
21
8
7
17
40
22
11
18
34
12
13
11
23
6
6
12
30
29
23
31
23
67
10
23
31
40
34
11
12
32
4
31
29
27
32
18
36
26
15
29
19
9
4
30
27
28
32
20
37
67
14
16
60
3
6
23
11
48
18
31
8
5
38
19
32
35
27
4
29
36
38
17
22
14
19
32
11
20
23
20
24
43
20
22
8
12
13
33
21
17
26
37
23
2
28
28
29
20
1
12
5
36
41
12
8
22
11
21
13
11
9
9
20
2
4
8
25
10
26
22
1
3
9
17
21
5
41
22
6
7
12
4
25
7
16
5
15
7
10
8
2
4
6
1
10
7
14
2
9
8
1
7
17
37
2
14
31
72
13
38
7
30
20
19
7
2
3
3
11
14
7
15
12
28
18
18
16
29
10
9
18
16
11
9
8
45
32
28
53
21
17
26
44
34
49
32
17
9
20
14
18
32
22
30
11
11
32
6
12
13
40
31
16
22
35
19
7
3
15
55
11
19
21
17
14
31
17
30
15
59
7
9
13
7
5
16
8
16
45
95
15
30
33
17
17
32
32
18
10
4
17
14
20
31
13
15
80
13
28
26
37
24
7
24
10
24
8
16
4
12
45
7
25
15
38
25
29
43
37
11
25
25
16
10
11
58
8
28
10
11
27
30
43
12
9
10
20
28
16
16
11
21
36
31
6
15
23
17
9
34
35
102
37
17
15
21
7
10
30
55
13
76
59
33
41
29
27
23
7
13
11
29
13
19
39
26
19
37
20
12
36
57
8
28
8
25
26
30
32
19
11
11
32
30
13
7
9
21
14
18
40
65
11
7
5
26
13
21
15
31
20
42
34
19
29
8
28
25
12
42
37
17
30
17
20
21
11
23
20
43
3
6
6
28
28
3
20
27
27
1
3
14
39
21
32
39
43
13
32
19
31
5
13
67
33
15
23
50
25
47
35
22
17
10
37
26
20
19
27
12
37
23
10
16
39
25
11
32
33
21
30
9
8
15
17
52
43
23
21
5
33
44
11
27
24
19
67
12
26
15
15
35
42
37
27
17
15
11
20
16
36
