37
67
16
15
17
17
23
24
53
10
5
11
7
12
5
13
36
13
26
24
12
23
56
53
52
18
21
13
71
46
61
14
22
22
50
42
28
28
25
28
37
32
65
36
30
19
35
42
7
13
12
11
30
13
22
17
27
15
11
18
14
17
33
17
19
38
29
18
9
41
41
39
56
18
22
31
17
22
24
12
20
35
36
6
33
34
37
11
6
20
34
5
31
16
15
46
15
15
25
24
20
19
6
27
7
52
43
41
28
34
6
28
29
29
17
17
20
15
33
41
31
28
46
4
21
15
30
37
42
4
36
24
18
60
6
34
19
35
26
14
6
14
28
35
19
6
41
16
17
34
28
22
12
10
31
21
6
19
19
6
20
53
73
43
59
22
25
25
15
24
23
6
44
6
44
31
72
20
49
8
18
23
17
22
53
15
6
43
19
9
18
32
28
36
30
10
13
44
30
17
5
29
19
12
51
14
49
18
4
25
13
9
45
15
31
38
23
25
4
12
5
26
8
3
15
16
22
14
13
4
18
28
16
70
47
30
16
23
25
26
14
14
14
53
28
36
26
4
48
12
27
18
12
15
10
12
21
6
30
3
26
25
20
11
17
13
28
9
54
9
22
9
21
12
13
13
24
42
35
41
19
59
19
36
63
28
31
13
12
12
20
14
15
19
24
15
18
12
11
17
12
33
13
16
21
25
6
11
15
13
31
34
5
36
23
23
29
29
26
42
11
15
31
13
4
17
19
19
28
39
24
18
12
9
16
30
18
15
13
26
17
13
15
8
32
14
21
6
21
32
8
38
27
36
3
20
32
18
13
4
29
15
13
13
14
17
39
4
19
8
14
18
58
31
43
28
33
4
34
12
19
20
29
29
40
24
6
7
32
20
10
41
39
22
40
4
14
26
3
26
24
3
18
36
21
5
46
5
37
39
30
20
20
24
6
21
27
18
6
30
33
14
5
67
31
44
71
31
14
31
7
24
18
11
13
37
25
11
50
36
16
29
6
28
5
20
63
17
30
14
13
7
39
9
3
31
18
25
27
7
4
41
53
20
25
52
31
12
13
19
36
11
14
25
31
12
65
9
22
23
28
18
24
11
20
33
11
27
20
27
3
42
14
27
26
30
2
24
50
18
47
15
42
15
27
3
24
8
13
16
23
47
4
23
14
3
20
12
53
35
13
4
43
14
9
35
40
23
41
32
37
24
20
10
45
6
18
23
17
20
13
6
44
43
8
62
24
8
31
16
32
28
8
38
15
46
19
7
19
13
30
31
26
19
29
5
56
35
42
8
25
10
25
7
18
10
10
6
15
8
16
24
40
24
22
16
16
13
5
9
19
24
42
11
11
6
28
14
17
4
68
36
35
9
33
42
15
22
11
38
37
30
39
19
23
10
39
5
17
3
8
42
18
44
10
26
53
44
4
30
31
7
13
36
46
4
15
33
16
41
18
27
15
27
32
19
14
28
6
6
5
11
4
20
44
25
36
16
38
6
4
24
19
20
18
20
33
14
19
14
12
30
19
18
7
35
25
36
10
35
29
20
14
20
37
8
14
16
18
27
22
31
13
14
23
6
16
18
26
16
17
17
48
12
6
32
8
22
21
12
10
15
3
39
35
5
10
14
48
25
21
9
15
8
12
10
6
10
17
6
6
25
15
33
26
12
30
26
33
25
10
11
6
42
39
43
31
45
6
33
4
23
33
35
21
10
10
4
15
25
16
6
19
12
13
26
27
19
25
29
51
6
25
3
16
5
3
12
6
14
23
25
41
18
21
7
18
8
22
13
11
9
26
15
11
9
3
28
23
17
37
27
29
7
14
38
26
6
31
17
21
16
6
11
18
28
6
15
8
10
27
10
15
25
9
24
23
21
22
22
10
7
12
17
11
5
13
4
10
15
14
17
20
14
7
50
7
10
5
45
68
46
17
23
7
33
16
25
7
14
11
49
48
40
9
25
9
30
28
25
8
15
9
17
11
33
3
33
13
6
51
28
34
6
8
19
13
8
13
12
11
11
12
13
14
18
9
20
25
28
21
25
5
3
21
9
24
17
26
12
25
18
14
21
33
16
9
27
15
18
30
10
30
6
3
18
12
41
3
10
15
23
25
27
36
34
11
16
26
5
3
12
33
26
14
23
26
16
38
33
28
19
48
13
13
12
28
40
9
25
22
17
19
17
20
23
32
17
17
16
9
20
10
10
6
29
39
19
31
19
26
10
5
30
29
16
13
14
34
50
13
14
26
8
12
40
10
5
8
43
20
9
14
9
21
12
9
15
7
42
4
14
15
21
36
16
20
10
6
11
7
10
30
21
30
6
6
29
21
78
18
25
21
8
16
19
7
14
13
29
39
25
21
22
10
3
40
13
9
20
12
11
31
18
12
36
23
8
22
33
54
18
6
27
6
17
13
11
8
24
8
51
19
18
21
8
17
18
8
7
21
14
14
8
26
20
16
23
44
20
26
6
29
35
35
60
3
65
40
22
26
15
23
19
23
32
20
16
24
14
13
9
13
40
8
48
34
11
9
7
24
4
10
34
42
11
19
31
25
22
59
23
19
17
9
18
7
7
30
25
25
31
25
26
16
17
29
9
16
11
11
29
30
8
10
16
14
22
35
23
15
25
28
7
19
6
12
28
26
35
25
7
36
38
35
19
11
34
13
41
29
45
26
24
12
23
16
13
24
22
11
7
16
26
15
6
6
16
7
17
20
14
5
20
14
7
5
34
6
21
11
31
22
32
15
20
19
25
19
9
25
78
11
16
15
26
56
9
55
17
20
15
7
19
8
28
21
11
34
36
37
40
57
18
50
11
26
9
24
3
35
9
23
19
16
22
13
7
3
32
14
30
13
22
20
10
12
6
11
16
11
14
21
22
12
10
31
13
22
23
17
44
9
3
107
25
8
26
57
20
8
36
12
19
26
24
120
33
31
21
11
61
15
12
41
20
31
7
69
23
16
16
22
35
9
32
33
65
64
4
8
51
2
27
61
16
11
8
108
63
13
48
4
22
28
5
29
23
17
29
23
10
5
13
36
34
12
30
28
31
53
59
9
17
22
43
29
18
43
38
40
47
53
24
14
10
19
39
27
7
27
50
20
33
65
49
11
23
20
34
10
20
53
19
15
59
16
10
32
28
18
45
15
21
19
11
18
35
21
19
48
31
19
69
48
20
22
20
56
23
37
19
18
25
24
74
3
19
10
38
37
35
17
7
28
16
35
25
13
48
18
22
14
21
29
33
15
19
31
12
28
29
9
29
29
10
22
9
21
17
28
12
16
68
7
17
29
21
14
9
8
18
19
11
16
41
65
30
12
23
29
18
20
21
13
20
38
12
26
30
38
36
13
8
38
18
37
33
7
9
32
94
19
21
9
9
15
7
43
42
17
45
13
13
34
9
26
21
19
17
28
13
21
20
21
10
26
29
19
22
28
27
14
32
29
33
49
27
27
38
50
3
16
46
17
20
39
21
21
20
35
37
31
15
4
15
20
16
23
38
34
47
41
8
9
63
13
15
49
45
8
9
3
33
15
32
40
13
8
13
10
10
24
20
11
17
18
9
10
10
32
14
13
8
3
17
11
47
24
36
34
9
22
6
23
24
21
25
9
23
2
18
13
16
17
5
14
16
19
36
34
15
12
27
18
17
8
14
25
13
3
13
19
2
11
10
8
17
13
18
15
9
31
5
33
30
26
38
19
11
14
13
20
11
7
2
12
33
13
12
35
21
21
33
24
33
3
64
39
19
31
17
13
35
25
14
21
6
19
24
11
14
45
26
24
31
17
8
9
22
40
6
27
54
22
3
65
30
54
26
7
25
20
61
43
11
51
14
19
10
5
11
7
12
5
13
18
5
6
12
6
17
17
27
22
25
43
29
22
27
8
37
3
22
19
34
7
24
19
13
16
11
20
72
39
9
4
25
16
23
31
25
21
6
20
11
28
19
8
37
41
24
14
24
14
30
18
11
3
27
23
22
22
15
23
19
12
9
7
35
21
46
8
35
48
22
8
41
31
19
26
23
25
56
32
16
5
9
11
33
5
4
40
35
19
35
25
37
20
27
42
22
18
41
7
24
33
35
2
27
9
13
8
27
9
17
5
12
13
35
16
12
29
15
31
5
13
28
31
8
59
26
2
20
21
16
12
22
16
14
5
17
9
20
56
16
19
18
15
17
38
25
46
21
13
39
7
7
20
46
12
52
20
14
28
10
22
29
29
33
38
15
7
23
27
23
14
6
19
16
33
27
10
27
23
10
32
11
8
20
34
14
4
16
21
32
5
9
14
14
14
9
69
23
20
28
3
15
8
8
26
21
7
8
10
49
88
8
13
46
9
18
35
15
44
37
15
26
11
40
23
27
12
8
42
39
22
13
24
26
17
7
22
22
25
30
25
11
23
15
34
69
12
43
15
33
6
11
13
16
16
7
10
15
47
16
15
16
42
5
44
39
46
27
35
19
18
24
17
22
9
28
16
35
21
23
25
33
22
15
25
35
29
12
28
30
16
35
20
37
7
20
45
6
22
34
29
46
20
15
47
23
11
8
53
11
13
12
26
26
13
29
18
7
19
16
8
48
27
56
19
13
7
54
7
6
12
23
15
33
29
20
32
19
12
39
20
48
21
10
9
2
1
20
12
28
18
26
15
7
2
13
16
9
12
24
20
24
16
19
11
16
11
32
9
28
3
17
6
13
12
12
19
18
13
32
31
15
34
13
18
11
31
21
16
8
13
16
10
17
17
14
14
15
22
17
10
14
27
21
17
20
18
19
18
12
5
26
50
6
42
29
18
20
26
41
34
27
17
28
13
12
31
22
39
24
30
47
36
26
21
31
9
58
24
29
33
7
26
18
21
13
26
27
19
21
13
16
15
17
17
9
21
5
15
14
25
47
40
17
67
31
29
9
35
43
15
12
10
6
15
41
5
19
37
20
29
35
28
12
2
8
28
49
26
50
8
22
21
54
17
30
22
21
49
23
38
21
19
17
22
20
15
6
23
18
34
33
26
6
27
16
13
19
19
9
27
24
34
32
26
10
30
35
5
19
9
23
13
24
8
20
34
32
14
23
23
8
40
12
24
43
35
3
15
9
6
32
11
36
12
20
11
12
9
16
2
17
8
17
19
10
20
15
39
21
25
22
2
41
5
30
18
22
11
18
54
47
28
25
28
12
15
55
35
10
13
25
32
15
25
63
23
17
19
17
9
18
15
13
11
28
11
19
36
21
6
34
21
25
23
34
41
27
23
11
17
24
17
43
19
15
11
27
16
35
18
31
12
38
20
24
13
4
12
5
46
13
24
12
63
17
28
10
32
15
58
19
18
29
54
2
13
26
24
56
43
23
31
28
41
4
29
27
8
6
26
26
23
48
50
17
11
7
70
21
28
32
39
7
19
10
25
46
20
17
6
14
17
18
20
25
23
26
28
32
6
39
36
39
27
15
38
16
8
13
24
40
32
29
20
15
17
43
39
25
27
10
24
21
31
25
36
6
7
8
8
11
20
24
15
11
23
15
48
20
5
51
30
11
35
12
28
7
18
24
28
40
44
36
15
10
44
28
7
16
29
31
36
12
27
48
4
46
30
18
29
17
17
19
26
30
30
28
29
12
24
16
21
27
32
24
22
17
43
25
26
8
11
14
30
20
5
9
8
16
27
33
40
11
29
18
29
16
16
7
12
8
7
16
21
5
19
20
25
44
8
10
20
10
16
23
49
17
21
10
26
25
9
15
6
50
27
15
8
11
19
33
28
15
14
43
53
32
31
15
37
17
24
25
25
29
21
13
21
10
16
20
2
9
23
28
6
14
18
8
16
17
15
7
24
14
10
25
18
12
18
22
29
9
7
14
9
5
60
63
22
27
14
15
34
10
44
12
7
15
17
34
27
24
16
23
20
27
19
21
40
20
24
37
3
49
34
46
31
10
57
35
18
69
23
22
39
17
2
5
24
38
18
17
14
8
32
10
9
12
11
6
32
20
12
25
20
15
17
42
25
24
17
27
37
49
5
10
18
6
23
11
18
29
10
57
17
10
31
11
14
19
11
20
34
18
45
64
26
7
13
13
19
19
17
21
59
41
18
23
20
14
12
16
16
25
26
19
23
44
3
29
4
17
28
13
19
17
28
34
24
16
12
14
28
17
30
2
4
7
17
17
7
31
11
22
15
19
27
10
13
32
9
25
24
28
21
