429
120
103
23
26
305
221
377
118
109
241
3
48
91
39
221
577
238
29
183
210
145
21
11
108
746
116
34
117
65
134
154
182
731
95
14
218
153
96
186
576
269
171
74
117
187
82
26
118
103
287
80
387
95
225
117
404
349
326
466
129
79
356
12
155
285
212
13
48
2
220
13
110
5
52
173
73
50
21
44
124
197
212
37
38
116
70
3
4
9
66
126
20
187
22
45
75
17
29
105
67
127
82
135
117
35
18
20
243
29
252
21
74
205
55
188
44
93
19
10
28
92
13
23
148
13
97
42
24
237
3
10
102
15
9
8
16
8
31
16
21
8
4
29
29
55
23
13
30
9
277
207
2
23
33
8
19
21
32
31
13
24
28
6
21
71
5
32
2
52
9
2
33
39
26
23
16
9
31
9
26
103
31
9
112
304
36
53
153
14
39
85
100
12
135
46
26
27
26
25
34
20
11
115
81
22
11
4
379
133
47
4
59
24
9
62
44
35
19
64
4
55
25
61
211
42
22
4
12
9
35
31
134
40
15
83
36
11
274
277
19
39
7
3
40
6
252
20
20
22
15
132
70
126
163
59
99
76
115
46
15
18
36
12
25
10
37
40
253
122
134
16
88
21
93
120
289
22
263
30
143
34
106
143
84
246
44
18
37
175
249
40
12
27
7
221
29
55
68
35
78
33
416
16
16
144
22
18
5
19
18
12
6
38
9
10
11
53
43
27
2
25
206
41
260
107
212
113
2
173
6
18
182
71
23
16
16
22
26
21
13
18
7
19
155
160
71
383
19
48
74
14
7
12
14
27
13
7
5
27
71
34
21
60
116
32
25
94
39
19
70
27
15
24
22
18
96
11
14
58
68
52
23
2
29
37
219
60
20
24
89
32
6
97
173
5
24
100
319
135
199
5
54
22
15
217
32
28
65
140
87
92
204
12
145
14
122
55
34
28
8
146
46
29
37
131
2
2
2
27
83
9
154
49
46
16
56
53
22
18
17
26
14
66
68
91
16
41
69
36
28
63
47
16
19
7
47
66
2
24
52
7
7
180
4
26
84
49
339
28
50
147
34
21
17
18
123
106
104
100
57
30
20
46
34
55
56
49
19
86
52
84
28
25
93
20
99
73
68
83
73
199
47
149
162
17
24
5
28
114
161
51
128
55
127
56
5
46
68
131
5
17
15
105
82
5
35
17
82
16
16
114
15
21
27
1
57
113
33
31
10
67
41
182
167
17
3
9
35
22
138
76
17
51
56
18
16
31
15
15
30
8
16
57
49
13
50
41
19
65
10
66
23
29
35
23
67
88
175
110
33
111
70
214
21
76
136
55
133
220
72
25
18
29
47
28
35
130
104
25
113
27
82
203
87
11
110
67
104
169
236
38
25
23
118
80
70
64
23
35
29
23
66
88
56
31
13
18
19
41
190
161
13
114
51
124
219
520
12
28
2
41
2
79
29
11
28
19
28
105
15
22
39
4
47
81
48
4
134
18
56
12
162
37
149
178
139
20
40
2
69
66
18
12
19
20
59
16
50
213
94
40
12
41
52
19
78
24
27
24
31
14
79
33
27
116
52
73
25
50
54
74
119
51
75
49
270
223
119
31
28
76
92
55
56
4
60
76
107
218
22
2
37
14
91
24
2
8
12
16
39
168
35
52
228
17
29
68
35
20
287
14
22
24
39
46
9
9
9
204
189
60
478
110
34
10
22
3
18
2
45
68
7
11
139
176
39
41
51
524
21
68
51
90
111
46
4
4
9
231
95
118
53
111
103
25
61
92
14
6
14
46
45
41
17
68
39
52
95
238
34
15
15
74
28
58
6
176
140
100
143
126
217
105
205
25
128
24
171
138
170
53
20
20
11
30
18
175
69
180
98
176
45
155
94
151
26
36
188
51
59
2
46
4
9
11
105
14
47
4
47
14
89
121
76
42
271
18
107
9
45
44
156
4
112
148
39
273
17
57
116
69
32
17
205
217
36
54
75
21
70
76
82
113
4
140
46
36
7
125
25
66
61
72
28
157
44
32
73
256
43
68
10
39
95
117
68
2
7
31
12
88
9
16
4
56
4
58
135
17
95
17
4
12
33
12
57
33
12
12
159
109
49
40
12
26
138
26
62
26
69
128
111
127
26
55
37
29
29
41
52
257
191
10
8
27
44
16
17
20
19
21
17
31
12
7
186
112
11
38
17
10
23
31
11
16
9
9
77
74
11
192
143
72
107
105
76
41
118
190
139
54
229
197
2
80
183
42
206
10
90
43
41
13
29
8
23
54
14
115
39
92
137
20
10
45
33
32
53
22
98
140
87
21
14
5
8
26
192
106
8
13
33
77
107
99
175
136
105
106
155
216
176
142
19
10
19
99
59
8
132
27
40
40
137
187
13
11
56
5
19
39
67
24
42
20
23
31
55
25
34
26
3
16
19
51
26
25
78
30
54
174
46
12
207
183
284
155
19
11
12
68
78
41
168
208
44
33
65
383
214
71
152
301
42
97
98
32
84
87
63
111
86
25
114
29
41
6
39
103
126
390
477
100
128
74
360
41
53
189
30
35
119
71
51
370
170
124
134
155
250
30
20
23
117
30
152
208
301
148
74
28
136
146
105
218
138
389
396
220
35
30
68
20
7
90
42
60
41
46
26
25
13
16
12
3
66
13
31
37
2
20
54
30
32
31
55
221
139
174
46
33
29
374
45
37
199
364
312
27
13
6
11
13
236
26
26
30
39
367
28
58
6
22
30
136
81
346
90
6
15
6
22
6
21
53
107
11
21
11
22
9
153
34
70
107
10
14
78
58
2
20
32
91
40
13
64
28
96
20
12
4
4
29
15
39
4
19
89
14
19
116
41
198
14
18
30
20
43
126
26
12
9
18
9
151
153
123
2
7
7
37
34
121
42
44
48
103
3
120
29
243
4
18
26
58
46
9
8
30
37
7
8
27
38
111
94
12
71
49
138
19
318
10
80
65
5
65
9
3
22
6
77
33
17
89
36
44
8
179
194
56
32
35
304
87
48
116
261
38
19
115
99
2
14
12
11
35
61
53
52
9
166
142
115
40
14
186
70
19
16
37
147
15
44
50
23
8
4
20
29
17
7
39
155
114
63
2
78
18
21
49
29
4
22
43
44
79
55
39
4
21
4
33
28
50
39
104
22
10
12
8
74
28
9
22
13
22
22
34
10
4
15
29
4
22
49
65
57
19
4
136
22
43
24
4
17
52
22
22
17
4
14
13
23
48
13
20
194
71
95
256
9
93
35
104
35
68
85
206
16
49
253
44
141
111
184
30
18
388
101
11
2
60
212
12
27
28
30
2
45
14
8
54
31
34
50
137
7
24
10
27
4
29
78
2
108
11
18
10
23
233
139
70
22
12
39
27
47
55
58
130
4
13
50
67
74
188
91
75
60
10
73
16
25
33
85
54
145
148
70
151
133
27
13
14
75
171
25
17
16
17
50
22
16
83
16
58
16
14
16
33
16
64
16
76
91
70
31
10
104
44
77
231
159
180
39
287
57
102
153
72
74
58
71
2
25
149
100
70
64
71
13
26
227
133
19
14
22
3
7
7
184
37
94
79
189
148
22
13
14
9
9
11
54
35
50
40
20
104
69
16
10
16
119
15
24
5
28
31
18
31
22
59
55
104
30
104
13
10
72
16
7
64
63
65
33
64
30
115
43
73
74
11
13
11
23
16
98
25
31
25
14
47
69
20
18
87
20
208
150
47
136
64
5
28
105
9
32
114
167
66
27
81
25
63
18
9
111
100
34
94
82
37
14
16
80
119
79
54
125
58
69
7
2
6
14
25
4
4
65
12
14
83
14
10
54
33
14
18
11
62
2
99
14
51
54
80
14
15
10
41
42
63
32
17
65
31
122
442
51
50
201
442
296
207
155
360
461
347
170
51
535
16
216
165
236
31
256
143
22
31
227
64
4
13
108
43
17
16
110
158
48
38
13
2
14
20
23
160
56
87
56
9
21
14
2
81
53
80
2
226
89
7
90
54
7
13
41
39
60
25
25
34
23
8
47
12
2
29
24
212
36
24
17
22
59
16
91
154
16
90
71
65
67
36
17
186
31
30
25
35
14
28
28
21
23
12
52
14
6
8
51
95
529
13
18
329
9
60
46
354
237
158
79
29
17
73
56
120
228
199
110
21
39
189
2
20
116
63
268
15
31
135
87
28
90
31
121
126
372
52
2
18
4
119
7
26
5
53
106
213
112
240
117
38
42
184
34
16
155
50
148
19
13
18
107
19
86
41
84
40
41
14
178
71
10
10
10
74
48
11
11
42
139
56
21
9
40
17
19
319
19
3
40
2
22
9
66
12
17
140
58
47
78
10
7
12
143
130
23
90
149
27
168
389
7
119
70
255
148
2
35
311
18
70
9
128
25
12
17
52
30
51
25
18
35
35
196
80
19
25
22
41
47
12
3
38
68
19
15
32
29
23
15
117
32
8
35
11
7
69
37
19
20
35
8
78
108
114
39
10
29
48
95
9
7
104
18
67
83
50
167
10
8
33
89
72
67
107
26
10
28
11
105
46
35
45
17
521
19
61
25
137
117
140
1
14
18
42
70
92
7
5
33
48
53
4
34
45
8
52
96
157
21
20
107
195
76
144
17
10
14
34
98
12
41
6
18
10
59
69
94
28
25
23
30
82
51
16
16
78
27
17
13
16
70
48
26
50
47
42
91
25
23
17
44
8
3
13
26
49
88
73
75
199
143
125
90
12
115
215
15
59
100
16
17
37
20
52
97
61
17
136
57
25
22
17
135
68
27
96
127
19
15
30
40
107
59
120
20
96
54
28
74
41
253
165
117
169
112
2
71
12
12
45
4
78
34
37
37
62
117
678
41
12
26
5
42
38
9
17
43
151
28
36
61
29
153
12
2
23
28
29
14
12
71
63
27
55
9
49
134
15
28
19
8
26
35
30
18
42
65
84
142
15
10
46
93
64
96
86
57
39
49
60
66
15
469
19
14
37
27
26
79
26
27
125
3
67
97
3
5
64
54
31
3
103
61
48
8
118
136
9
87
3
57
70
2
11
23
26
194
110
18
127
244
91
168
