0.14219
-1.0727
-2.3566
-0.60414
-2.65
-2.4453
-1.3968
-1.1199
-1.3586
0.8117
0.52346
0.34845
1.1253
0.86343
0.52478
0.98412
-0.35167
-0.33354
0.31511
-0.93597
-1.4452
-0.51636
-1.8566
-0.89037
-1.0819
-0.83291
-0.46613
-0.68482
-0.26701
-0.44955
-0.35246
-0.062396
0.59014
0.34522
-0.14575
0.049451
0.13107
0.51377
-0.38288
0.40408
0.79633
0.28211
0.05534
0.57128
-0.2335
-0.39578
-1.2929
-0.43472
-1.0287
-0.1931
-0.61094
0.0042198
0.23557
1.268
0.25246
0.88959
-0.065532
0.79983
-0.28055
0.9776
-0.50949
0.18718
0.48334
0.18265
-0.86917
-0.80661
-0.62579
-0.14619
-0.79401
-1.1826
-0.22717
0.66368
0.43044
-0.10898
1.5335
0.30501
2.1177
0.6221
1.1204
0.70213
1.3179
-0.43149
0.15646
-1.0451
-1.1014
-0.6578
0.79683
-0.6246
-0.62058
-0.029727
0.11437
-0.48121
-0.2048
-0.72678
-0.68884
-0.26932
-0.096579
-0.10637
0.76603
0.48998
0.34146
0.97419
1.5243
0.58804
0.81264
-1.4148
0.19708
0.25348
-0.082539
-0.77714
0.70514
-0.66706
0.89063
-0.12734
0.086305
0.7223
1.4033
-0.016853
2.4072
0.87099
1.1113
0.39114
-0.030308
-0.91131
-0.23491
-2.0241
-0.64755
-1.1581
-0.31455
-1.037
0.28715
0.067818
1.3668
1.046
1.6125
1.4795
1.3416
0.089999
0.60046
-1.0078
-1.4927
-0.79425
-0.98331
-1.2608
-1.2506
-0.48604
-0.3941
-0.64002
-0.93346
-0.73046
-0.3502
-0.047484
-0.74614
0.15966
-0.73484
0.37193
-1.2683
-0.26749
-0.45297
0.6779
-0.55331
1.0719
-0.16877
0.14747
0.16879
0.76079
-0.36164
1.0792
1.0443
1.7531
-0.47375
1.6981
-0.71288
1.186
-0.080597
-0.6285
-0.79033
1.0219
-2.6727
0.6962
-2.3052
-0.77582
-2.0261
-0.71314
-2.566
0.34636
-2.1892
0.74777
-0.74168
0.71554
0.027952
2.0834
-0.18169
0.72973
-0.27457
1.5556
-0.014647
0.1466
-0.27892
1.1238
-1.6687
0.25697
-1.4066
-0.22532
-0.89288
0.64962
-0.33715
1.122
-1.002
1.5929
0.25813
2.0209
-0.68177
1.8534
-0.31178
2.2122
-0.80585
1.4684
-1.1407
-0.18209
-0.82754
1.522
-0.37305
2.3567
0.54111
1.6142
2.0481
1.9339
-0.60843
2.1736
-0.39
-0.15114
-0.041786
0.16099
-1.184
0.56547
-1.3645
1.1801
-0.36671
0.4667
-0.47674
1.2008
-0.56162
0.34742
-0.64162
1.0167
-0.58321
1.5443
0.57703
1.2776
-0.54967
0.63042
0.90309
0.56743
-1.1173
-0.43591
-0.31809
0.3942
-0.34176
0.21174
-0.66242
0.67102
-1.0459
0.32627
-0.47093
0.46773
-0.020163
0.075076
0.76194
1.2441
-0.63312
0.21096
1.569
-0.3111
0.58127
0.10873
-0.76123
1.2775
0.60091
0.97855
1.2836
1.1874
0.89254
1.6419
0.72925
-0.030663
0.43127
-0.80566
-1.2775
-0.32121
-0.67997
0.10293
-0.4504
-0.37227
-0.29833
0.61613
-0.92528
-1.3581
-1.8519
-1.6607
-2.5271
-1.556
-1.8773
-0.97484
-0.14376
-0.13694
0.053421
1.0597
-0.25485
1.4473
0.97817
0.70772
0.75819
0.0026254
-0.5931
0.59691
0.43192
-0.53942
0.88119
0.27528
0.62629
-0.28165
0.90669
-0.69032
0.47416
0.11258
1.1744
0.024151
2.0071
-0.096342
1.8968
0.90394
0.36986
-0.47315
1.3475
-0.73723
0.72404
-0.74211
1.2478
-0.32364
0.90587
0.68416
1.0798
-0.04178
2.1278
1.1982
1.8298
0.93483
1.5891
0.35547
1.8534
-0.71028
0.13895
-0.25716
1.2624
-0.62594
0.56771
-0.076622
1.8379
-0.38319
0.6208
0.29667
0.71488
-0.68226
0.3497
-0.90357
0.27326
-1.5265
-1.176
-0.12704
0.19398
0.14015
1.3487
0.44638
1.9964
1.5186
-0.35178
-0.49438
-0.23648
-1.1385
-0.26108
-1.1348
-0.45613
-0.69554
-0.66779
-0.79403
0.92032
0.65441
0.9732
0.42619
0.7552
0.53962
1.4367
0.010456
0.52516
0.14677
-0.19346
-0.99839
-0.51276
-1.257
-1.7326
-0.97579
-1.1346
-0.53338
1.2574
0.93179
1.4578
1.9896
1.7018
1.6595
0.39262
-0.71387
0.44964
0.20568
-0.97991
0.15252
-0.13601
-0.35607
-0.035534
-0.045814
-1.0127
-0.64569
-0.49434
-0.88887
-1.2691
-0.037318
-0.16308
0.47411
-0.32412
0.31611
-0.2239
0.81394
-0.88023
0.29079
-0.90874
-0.11948
-0.4579
-0.20915
-0.5323
1.2816
-0.76347
0.072254
-0.38036
0.44717
-0.603
0.63143
-0.94724
0.69386
-0.68832
0.46732
-0.91651
0.87172
-1.3761
-0.24051
-2.2176
0.38181
-2.1747
-0.48248
-1.9
-0.29523
-2.1929
0.215
-1.9505
0.20012
-1.0372
0.20407
-1.3814
1.2265
-0.74834
0.60603
-0.35792
1.3056
-0.26538
1.2663
-1.4969
2.4409
-1.5711
0.11227
-2.1543
-0.25075
-1.954
1.2894
-1.4765
1.3268
-0.1519
1.1377
-0.39335
1.2494
-0.88149
0.9578
-0.69111
0.48829
-0.73297
0.39836
-0.020642
0.28708
-0.87522
1.0643
-0.19297
1.2967
1.0709
0.69359
0.081933
1.2786
-0.31207
1.6566
-0.094096
1.142
0.69549
1.3698
-1.3527
1.3202
-2.1179
-0.86113
-2.3572
-0.21012
-1.7537
-0.039115
-1.6675
0.307
-1.0275
1.2791
-0.43103
1.4565
-0.54141
1.036
-0.56336
0.91597
-0.96643
0.084318
-0.0047592
1.2678
0.2149
1.4309
0.93032
2.4248
0.52664
1.5672
0.52331
-0.76404
-1.3318
-1.2394
-2.3886
-1.2984
-2.2337
-1.4745
0.20091
-0.38243
0.56941
0.52649
0.78166
0.54907
0.77431
0.14538
-0.057321
-0.41924
-0.027461
-1.4454
-0.53803
-0.93476
-1.409
-1.0381
0.34954
-0.13011
1.1767
0.26136
1.2583
1.7442
1.5604
0.75854
1.5343
1.8692
0.13515
-0.291
0.048423
-0.11239
-0.16342
-0.3737
-0.36943
0.39055
-0.54857
-0.5051
0.64008
1.1971
0.47346
0.9387
0.6535
1.4402
-0.65636
-0.24471
-0.3705
0.24143
0.43954
-0.37766
0.015936
-0.97258
-1.3613
-1.2185
-1.3543
-1.0456
0.50683
-0.87415
0.49263
1.2587
0.7944
0.20886
1.3781
-0.47531
0.37407
-1.818
-0.88903
-1.3747
0.047519
-1.7027
0.88582
-0.54101
1.6752
0.021885
1.562
0.76968
1.7695
0.048557
1.2435
-1.7525
0.14705
-1.1035
-0.43468
-1.5075
2.089
-0.089926
1.604
1.168
1.3677
-0.36917
0.96754
-2.5986
-0.89225
-2.1642
-1.5477
-0.96882
0.55145
-1.0914
1.4945
0.0074696
1.2171
-0.34896
0.41693
-0.75627
1.0954
-1.007
-0.050524
-0.92341
0.12517
-0.41098
0.28486
-0.90405
0.22483
-0.32556
0.75048
-0.3935
1.1428
0.03536
1.659
-0.15727
1.5381
0.51837
1.4536
-1.0374
0.80338
-0.82058
-0.17993
-2.2415
-1.0586
-0.81178
0.0015178
-1.3947
0.84681
-1.1995
0.99134
0.43339
1.2151
-0.35573
0.095082
-0.43474
0.60151
-1.3447
-0.2912
-1.0611
-0.81445
-0.28268
0.50374
-0.56426
1.0569
0.37682
1.4449
1.2123
1.5401
0.8769
1.619
0.90257
0.85013
0.011859
0.56633
-0.38742
-0.49573
-0.84689
0.23868
0.7446
-0.056732
0.49823
1.1896
1.0632
0.58301
0.79821
0.12366
0.94368
-0.35536
-0.047444
0.84161
1.145
0.36723
1.6092
0.9779
2.3711
1.5714
1.5358
1.8138
1.0515
0.40926
0.75499
0.94791
-0.35538
-0.74795
-1.682
-0.2183
-0.52541
-1.6195
-0.43596
0.02198
-0.34002
0.4179
0.091577
0.030971
0.30116
0.18108
-1.1738
0.15982
-0.85361
1.1545
0.15687
0.57745
0.29493
1.5143
0.54411
0.52791
0.10676
0.33612
-0.085464
-0.59538
0.34329
0.26876
-0.63815
-0.26799
0.8298
-0.1395
0.66337
-0.26864
0.92497
1.404
1.0583
-0.037072
2.2758
0.14832
0.76106
0.26043
0.19589
-0.98389
-0.52512
-2.0584
-1.2224
-2.1949
-0.29164
-1.5636
-0.039687
0.038263
0.5138
-0.42786
0.1927
-0.95696
0.43685
-0.76119
-0.22353
-0.36669
-0.33921
-0.60846
0.33391
0.1471
-0.23833
-0.84732
-0.39552
-1.7515
-1.0557
-1.2478
-1.0733
-1.2406
0.45864
-0.44206
0.13922
0.75908
-0.56052
-0.60185
0.020904
-1.8096
-0.63926
-0.13723
-1.2813
-0.65952
-0.056051
-0.80382
0.83037
0.62597
0.014174
1.4163
2.0605
0.35873
2.6148
1.4911
0.42603
1.6351
0.53859
-0.58433
0.78039
-0.90359
-0.47272
-0.30438
-1.0136
-0.27825
-0.66234
-1.1217
0.37195
0.15377
-0.072768
1.5468
-0.40381
-0.15705
0.63097
-1.1738
-1.4679
0.011419
-2.1246
-1.0211
-1.3905
-0.66323
-0.89457
-0.20134
-0.6248
0.6096
-1.1917
0.53148
-0.34959
-0.1325
-0.17603
0.61793
-1.172
-0.12232
-1.8533
-0.61867
-1.2638
0.17978
-1.6151
1.286
-0.36129
1.6711
0.2019
0.84049
-0.17725
0.57236
-0.52747
0.81838
-0.71962
0.54001
-0.1913
0.68033
-0.80604
0.13774
-1.4862
1.0081
-1.3932
-0.50646
-0.43137
-0.83637
-1.2748
0.22814
-1.7442
-1.8529
-1.6967
-1.9206
-1.0036
-0.70351
-0.78315
0.31779
-0.42371
0.29296
0.94466
-0.084705
-0.68026
0.25164
-0.63805
0.20547
0.232
0.31812
0.34276
0.91966
0.46695
0.34951
1.77
0.46917
0.96805
0.54234
0.64113
-0.9578
0.039966
-1.0063
0.4491
-0.24051
-0.46115
-0.95823
0.94666
-0.46428
0.06718
-0.4682
0.60619
1.0323
0.54391
-0.88059
0.10826
-0.33048
-0.7729
-1.3071
-1.6718
-2.3543
-0.46822
-1.8348
-1.6783
-0.62213
0.39212
-1.3218
0.36393
-0.35169
0.69243
0.094623
1.2308
0.58661
1.3664
0.45089
1.7516
0.18733
0.45002
0.51926
0.21173
-0.76946
0.17752
-0.17311
-0.45933
0.66457
0.58484
-0.51341
1.1126
1.0292
0.12731
0.6174
-0.33873
-0.2162
-0.17701
-0.12398
-0.67979
-0.12983
-0.20173
-0.23891
-0.51906
-0.63887
-0.61912
-0.43787
-0.26769
-0.53076
0.19846
-0.50251
0.71209
1.2913
0.60967
1.2855
1.1562
1.2832
2.6037
1.0687
2.0571
2.3658
2.0844
1.5487
1.7375
0.69179
0.20441
-0.43138
-1.0949
-0.032843
-0.65017
-0.06351
1.9008
1.8134
1.4582
1.6737
0.91743
1.8794
0.26415
-0.34646
-0.54185
-0.3894
-1.8907
-0.54112
-1.481
-0.9211
-1.521
-0.35729
-1.7105
0.58274
0.0059643
0.40106
0.28417
1.2373
-1.106
0.85181
-0.71541
0.10811
-1.3684
-0.75665
-1.4125
0.17292
-0.14622
0.17103
-0.49167
0.66531
-0.95618
-0.75751
-0.72103
-0.4024
-0.46053
-0.48787
0.72673
0.53147
0.32645
1.4403
1.2637
1.3294
0.39084
-0.63589
0.25479
-0.53836
-1.5453
-0.50649
-1.6913
-0.39173
0.21025
-0.24504
-0.21912
1.722
0.099536
0.58731
0.78699
-0.44431
-0.54741
0.036576
-1.3393
-0.93871
-0.59704
-1.5738
-0.76751
-0.18882
-1.0985
0.31564
0.28289
0.057539
-0.27032
0.39689
-0.19819
0.052333
-0.30958
-0.88975
-1.1608
-1.1113
-0.80166
-0.3621
-0.26964
-0.96807
0.060923
0.0071664
0.33122
-0.3795
0.21307
-0.41211
0.91724
-1.0752
0.29351
-0.21721
-0.67187
-0.33774
-0.11614
-1.0803
0.93472
-1.0728
0.33936
0.27567
1.2933
-0.56935
1.3967
0.38166
0.64755
-0.37494
-0.14592
-1.5811
-0.2846
-2.8523
-0.98394
-1.6315
-0.97201
-0.61218
1.4236
-0.46092
1.6801
-0.24704
1.1089
0.19291
0.92752
-0.19253
1.3684
0.049252
1.1938
0.28755
0.75992
0.36175
0.59537
-0.085272
1.3825
-0.65505
1.0318
-0.27138
0.62064
-0.30119
0.41896
-1.3071
0.28885
-0.61719
-1.0799
-1.0757
0.14614
-0.81532
0.98379
-0.47382
-0.069137
0.47493
0.1683
-0.054479
0.081637
-0.40203
-0.49057
-0.8296
-1.2989
-0.52699
-0.13767
-0.55651
0.14739
0.47113
0.33267
-0.14239
-0.67848
-0.99172
-1.0101
-1.3298
-1.1878
-0.38473
-0.17749
-0.41434
-0.70951
-0.90082
-0.77719
-0.69859
-2.3716
-0.4436
0.11029
0.25154
0.14669
0.3787
0.25026
0.98591
-0.4834
0.54608
-1.1076
-0.17391
-1.0766
-0.62999
-1.7169
0.10341
-0.64711
0.44918
-0.25288
0.1415
0.085191
0.80375
-1.8868
-0.54143
-0.93177
-1.6294
-1.5221
0.10014
-1.9233
-0.19714
-1.5148
0.32016
-0.48095
0.3619
-1.7144
1.9559
-0.72539
-0.026028
-0.055558
0.55512
-0.2994
2.8527
-0.21817
2.0276
0.83578
0.54545
-0.24977
1.5497
-1.0472
1.1684
-0.94169
1.0797
0.45398
0.88936
-0.20119
1.727
-0.11444
1.4285
-0.18267
0.89613
-1.2569
0.72822
-1.2047
-1.0948
-1.4452
0.2644
-0.99017
-0.26451
-0.72577
0.45559
-0.85644
0.065407
-0.75494
0.30835
-0.81162
1.0615
-0.83334
1.0432
-0.41821
0.33017
-0.97759
0.054668
-0.70292
0.077692
-1.6399
-0.40442
-1.5729
-0.29831
-0.90045
-0.31031
-1.5344
1.3382
0.15509
-0.29596
-0.19832
-0.22973
-1.0732
-0.010502
-1.6824
0.18042
0.17841
0.15971
0.24081
1.2965
-0.0040438
1.4265
1.0089
0.89442
0.36633
1.5228
-0.11166
-0.45039
-0.30199
0.11218
-0.57073
-0.19546
-0.23476
0.78143
0.38233
0.23431
-0.42667
0.79039
0.24738
-0.24489
-1.0594
-0.20063
-0.37661
-0.99359
-0.4208
0.82018
-0.22213
0.72471
2.0917
1.6158
1.0989
1.1211
0.50475
1.8206
0.44028
-0.32094
-0.41444
-0.63819
-1.1978
-0.4587
-2.0263
-0.87142
-1.2179
-0.42839
-0.96236
1.0815
0.62821
1.9107
0.76721
1.5822
0.56134
1.7204
-0.73068
-0.62171
-0.53192
0.36826
-1.5249
-0.58766
-0.41812
0.28706
-0.42825
1.7218
-0.18776
0.7692
-0.42981
-0.66843
-0.11479
-0.21957
-2.2955
0.10654
-0.11837
-0.34026
-0.78735
0.55499
-0.12628
0.40145
-0.067426
0.85737
0.1516
0.21519
0.20634
0.52762
0.47376
1.1633
0.93505
1.9645
1.7718
1.8091
1.2281
0.31952
0.64732
0.57951
-0.43455
0.70225
-0.20583
0.22032
-0.17316
-0.79975
-0.65752
-1.1667
-0.79326
-0.13912
-1.3601
-0.19502
1.2604
0.63356
1.2751
1.8475
1.0298
1.7416
0.16806
0.69149
1.0477
-1.061
-0.40936
0.49552
-1.0256
-0.033957
0.64273
-0.26818
0.11252
0.79679
-0.89637
-0.31942
-0.3772
-0.78535
-0.37163
-0.019643
-1.0653
0.57179
0.36684
-0.0021047
0.22099
1.4763
-0.061426
1.9902
1.283
1.5841
0.33357
1.3241
0.68385
0.61835
0.39087
2.1754
0.55605
1.6281
1.5144
1.506
1.3781
-0.12404
-0.019761
0.17616
0.28974
-0.49153
0.25484
-0.79933
-0.16273
0.14553
-0.77281
-1.4106
0.6958
-0.96665
0.13881
0.98602
0.46576
0.24865
0.81814
-0.036506
0.77506
-0.50479
-1.2076
-0.38352
-0.051284
-0.48478
-0.59413
0.54251
0.19047
1.0036
0.4002
0.062636
0.70993
0.15323
-0.0020989
0.88745
0.68527
-0.35001
0.71884
-0.704
-0.30311
0.77839
0.80094
0.61335
0.75699
0.951
1.1816
0.19091
0.79051
0.61519
0.89299
0.51778
0.50666
-0.91945
-1.294
-0.67015
-0.9248
-2.5089
-0.91839
-0.86738
-1.5106
-0.10317
-0.14499
-0.69036
0.024845
-1.0499
-1.8852
0.23093
-1.0114
-1.4111
-0.74654
0.34444
-0.20273
0.31971
0.53126
1.2154
0.30753
0.56434
-0.1878
-0.37993
-1.2817
-0.30646
-1.6455
0.98682
-1.0301
0.71265
0.56363
1.4055
0.17753
2.4191
1.4725
1.8081
0.89985
1.0421
-1.3698
0.73118
-0.5961
-1.2894
-1.2738
-1.4359
-1.9504
-1.3438
-1.6582
-1.0556
0.47804
0.098369
0.58904
-0.11385
0.088863
1.0551
0.36102
-0.90715
0.57141
-0.61086
-0.15322
-0.083138
0.25642
0.17407
0.79054
-0.77946
-0.49919
-0.06773
-0.21274
-0.31776
-0.59922
0.10134
-0.594
0.057485
0.2894
0.38502
0.38703
1.2686
1.2427
0.65674
1.2186
0.52663
-0.049428
0.64118
-0.61548
-1.0436
-0.041433
-0.35664
-0.68587
1.4539
-0.25436
0.98098
0.16384
-0.071889
-0.10146
-0.48378
-1.2025
-0.43036
-1.1539
-0.48335
0.070355
0.0003063
0.52568
1.1396
1.587
1.0456
1.1169
0.62108
-0.09275
-0.78081
-0.42277
-0.19462
-0.47387
-0.42828
0.39025
1.1124
-0.091732
-0.93089
-0.90524
-0.69893
-0.94457
-0.77681
-0.80443
-0.30467
1.118
0.52114
1.7682
1.213
0.5018
-0.071151
-0.65748
-0.80514
-0.80098
-0.6347
-0.76257
-0.1263
-0.14075
0.68875
1.2599
0.50114
1.1476
0.6076
0.047841
1.1929
0.37785
-0.065392
0.91815
0.85604
0.36382
1.2549
0.17296
0.28415
1.2269
-0.097259
-0.29164
0.15459
-1.0188
-0.83963
-0.89919
-1.0248
-0.48672
-0.30439
-0.19496
0.82416
0.43919
-0.20807
0.081952
0.73911
-0.51723
-0.37299
0.64896
-0.49291
-0.57956
-0.44276
-0.9539
-0.41498
-1.0819
-0.89255
-1.7261
-1.0938
-1.1526
-0.40331
-0.38041
-0.74428
-0.33435
1.5631
0.369
1.2622
0.56284
1.4156
-0.24147
0.6178
-0.19254
0.94641
-0.44289
0.56744
0.13609
0.060971
0.033978
0.21288
-0.41169
0.026148
-0.57105
0.73843
0.59439
0.20461
0.42761
1.072
0.047546
0.22685
-0.14603
-0.6841
-1.5844
-0.22891
-1.2511
-0.55333
-0.59725
-0.96202
-0.16803
0.96464
-1.5754
0.28236
0.1655
0.54587
0.68294
0.71026
-0.061417
0.83498
-0.76989
-1.0203
-1.1496
-1.2377
-0.65138
0.34571
-0.59558
-0.55561
1.4746
0.58353
0.45119
-0.32922
-0.27804
-0.19613
0.7046
-1.3461
0.6535
0.30806
0.80167
-1.1304
0.98329
-0.88392
-0.39942
0.29327
-0.70018
-0.94364
0.91582
-0.30452
-0.0096127
0.48948
0.082856
0.53041
1.017
0.7458
-0.35053
0.65105
0.39091
0.32937
0.28791
-0.16371
0.087603
0.93892
0.73513
0.91421
1.1214
1.3606
1.0198
0.63125
0.99083
0.88989
0.015912
0.17797
-0.011573
-1.3009
-1.6657
-1.2556
-1.405
-1.5564
-0.80041
0.022066
1.6958
1.8937
1.7735
2.5051
1.1348
1.6518
-0.052614
-0.016656
-0.80933
-0.57414
-0.082761
-1.0349
-0.78354
0.24619
0.43605
0.87133
0.70457
0.076046
1.3999
0.9728
0.92378
0.4857
1.8315
0.66745
0.78317
0.084251
1.5072
-0.13687
1.0921
0.35361
0.4546
-0.36786
0.74911
-0.46012
0.20218
-0.37237
-0.95757
-1.3646
-0.87077
-1.8817
-0.80247
-1.8019
-0.053223
0.77617
0.39723
0.68884
1.0085
0.43922
1.3293
0.44621
0.4851
0.56994
0.1094
-0.0028232
1.0382
-0.92477
0.51721
-0.85415
0.45274
-0.050867
0.099648
-1.1707
1.3765
-0.67856
-0.33646
0.43584
0.88192
-0.71796
0.77184
-0.38905
0.42488
0.21144
-0.15906
0.097431
1.0764
0.24202
-0.034649
0.4651
1.1554
-0.0018876
1.196
-0.28829
1.4753
0.72559
0.70308
0.088738
1.3195
0.65914
0.57465
0.36103
0.28342
-1.2588
0.40146
0.047852
-0.84485
0.0026646
0.91232
-0.91873
-0.27755
0.18617
0.25196
0.69806
0.42238
-0.15481
0.63378
-0.27849
0.12905
0.78825
0.12763
0.42829
-0.15367
-0.18508
0.53599
0.64585
0.69629
0.94762
0.060432
0.22466
1.0238
0.38249
-0.042322
-0.50976
0.2499
-1.1148
-1.9552
-0.8473
-1.5147
-0.37584
-0.81259
-0.37599
1.1174
0.86328
0.75566
1.0177
1.4851
0.12874
0.43999
-0.37238
0.52001
-1.1226
0.72008
-0.94137
0.77538
-0.080972
0.64769
-0.54521
0.30796
-0.58231
0.35123
-0.81403
0.28991
0.52327
-0.089773
-0.34343
0.76328
-1.0213
-0.80333
-1.0832
-0.6247
-0.82394
0.75146
-0.34556
0.41506
-0.39559
0.84942
0.099014
0.657
-0.49072
1.0467
-0.99881
1.4976
0.93092
0.093649
-0.66398
1.0521
-0.92127
0.92003
-0.34336
0.32185
-0.97479
0.93481
-0.47685
0.13986
-0.34021
1.1442
-0.4315
0.64514
-0.67145
-0.11151
-1.0818
-0.18592
-0.85869
0.63457
-0.71646
0.2258
-0.79437
0.8905
0.11141
0.74587
0.86433
1.7639
0.87746
1.7619
0.65121
0.59783
1.231
0.37937
-1.2512
0.75343
-1.5607
-0.45919
-0.11848
-1.4506
-0.57591
0.75385
-0.80957
-0.090599
-0.53721
-0.0506
0.33736
-0.16731
-1.6397
0.093242
-1.6746
-1.0902
-1.1448
-0.65313
-0.91136
0.53571
0.58698
0.63035
0.63666
0.96882
0.13558
0.11976
0.41337
-0.19605
0.4913
1.65
0.44946
1.2938
1.2259
0.30449
0.0021442
-0.17493
-0.6023
-0.34882
-0.32296
-0.39994
0.053869
0.6722
0.30856
-0.024048
0.40625
-0.28006
-0.14779
0.2374
-0.018417
0.87485
0.51559
1.1585
0.30505
0.14458
0.46327
-0.87117
-1.2391
-0.71704
-1.8998
-1.2149
-2.1409
-0.4301
-1.1225
0.55281
0.85965
2.9251
2.0281
2.0175
1.18
2.638
0.20817
0.51958
-0.64474
-0.24305
-1.5418
-0.049437
-0.72035
0.10939
-0.58878
0.49968
0.51092
0.47177
-1.8722
0.53013
-0.40389
0.093141
-0.24696
-0.17564
-0.80582
1.147
1.2301
1.4807
-0.23836
1.6845
0.26613
0.47661
-1.0897
-0.47548
-0.89224
0.1033
-1.7974
0.56113
-1.0184
-0.52265
-1.0424
-0.96047
-0.72542
-0.52991
-1.3277
-0.85679
-1.4013
-0.5135
0.0036522
-0.54858
-1.2423
-0.1816
-0.6054
-0.89012
-0.87798
-1.2371
-0.19508
-1.1263
-1.1779
-0.073735
-0.096333
-1.0105
-0.30979
-1.5866
-0.18715
-0.73369
-0.82993
-1.5096
0.47412
-1.8638
0.3856
-0.58112
0.82291
0.010418
1.0681
-0.032712
1.3527
-0.4221
1.1156
-1.2186
0.1254
-1.338
-0.83669
-1.4597
0.99257
-1.9371
-0.37465
-1.1297
-1.1522
-1.651
-0.238
-1.2704
0.4309
-0.66556
0.2942
0.7324
0.8237
-1.4309
0.29746
-0.44972
-0.74124
-0.86923
-0.86103
-1.5764
-1.0813
-0.43395
0.78833
0.60155
1.6874
1.1034
2.6317
0.32942
0.52245
0.82526
0.35005
-1.201
-0.74451
-1.7095
-0.44708
-1.5656
-1.0665
-0.64089
1.0941
-0.038863
1.3104
-0.10759
0.60915
1.0345
-0.088202
-1.7528
0.4194
-1.8729
-0.79581
-0.66455
-1.0883
-1.8437
0.68038
-0.55151
0.30202
-0.13514
-0.32114
-0.14192
-0.15387
-1.3911
-0.97258
-0.98855
-1.2545
-1.5455
-0.81831
-1.2252
-0.96923
-0.21489
-0.86022
0.06734
-0.76739
-1.143
1.1681
-0.3795
-0.88411
0.85842
0.40748
-0.11986
-0.41201
-0.48431
-0.044653
0.98748
-0.82812
0.70537
0.47697
-0.2609
0.83646
-0.34946
-0.92574
0.15914
-0.5578
0.39389
0.30638
0.60226
0.90956
0.98285
0.42101
0.8696
0.36631
0.087992
-0.29719
0.19242
0.15464
-0.00051347
-0.2825
0.42337
0.70499
0.22385
0.72051
0.81895
1.3834
0.67951
0.0045837
0.4624
0.28412
-0.73718
-0.62414
-1.1616
-0.94878
-0.44963
-0.92382
0.31735
0.30277
0.45893
-0.41248
-0.02054
0.082949
-0.018776
-0.32892
0.090443
-0.80826
-0.65382
-0.91745
-0.092397
-0.30489
0.36108
-0.032671
1.0278
-0.42028
0.75109
0.19513
0.012021
-0.67223
0.50354
-0.49087
1.7717
0.14634
0.98269
0.020433
0.6315
-0.0865
0.31788
0.22031
-0.26949
0.15619
-0.0074867
-0.89309
1.0758
-0.78912
-0.25846
0.81989
0.00073631
-0.27633
2.1274
-0.071559
0.88091
-0.12236
0.90463
-0.63036
0.38585
-2.3019
0.39223
-0.63053
0.34115
-0.75466
0.78313
-0.47605
0.35118
-0.87539
0.0038716
-1.215
0.43936
-0.76017
-0.61521
-0.8988
0.25323
-0.80356
-0.36953
-1.8238
-1.4999
-1.2183
-0.79628
-1.373
0.18181
-0.57432
0.76658
0.62443
0.63904
-0.32029
0.92116
0.045184
0.42646
-0.28719
0.33719
-0.22292
0.57155
0.21536
0.25978
0.16486
0.74291
-0.38861
-0.082519
-0.45673
-0.53118
0.061645
-0.25875
0.31732
1.0727
1.0964
0.42891
1.0191
0.36963
-0.20703
0.18112
-0.92641
-0.72816
-1.161
-1.2842
0.21137
0.2494
-0.18544
1.4818
2.0516
0.50996
1.5428
0.1035
-0.76234
0.62321
-2.0127
-2.2589
-0.62119
-2.0228
-1.0922
0.20041
-0.25196
1.2961
0.89037
1.2576
0.94936
1.0825
0.82927
-0.030526
-0.65205
0.50268
-0.86995
-0.59204
-0.3048
-0.36989
-0.62405
-0.15594
-1.5008
-0.80718
-0.81332
-1.6079
-2.1572
-2.0087
-2.61
-0.37672
-1.3215
-0.14153
0.25958
1.1024
1.1026
1.2769
0.49826
1.2363
0.16685
1.0775
-0.76712
0.32495
-0.7079
-0.53646
0.58112
-0.078959
-0.68077
0.19827
0.037561
0.40587
0.2252
-0.11715
-0.35635
-0.40607
-1.0174
-0.1415
-0.70776
-0.146
0.2317
0.2201
0.050948
0.16403
-0.17881
-0.4051
-0.4646
-0.73462
-0.081318
-0.76786
-0.4145
0.19445
-0.65079
-0.99022
0.77435
-0.79916
-0.4496
-0.54452
-0.027892
0.16844
0.97496
0.061787
0.60659
-0.24953
-0.52621
-0.87756
-0.16494
-1.7057
-0.67154
-0.26298
0.56817
-1.0768
1.0231
0.29389
0.33556
-0.35156
0.70598
-0.72753
0.095834
-1.4153
0.85779
-0.45644
0.31282
-0.051123
0.29484
-0.83205
0.40079
-0.69876
-0.72399
0.61674
-0.022686
-0.86358
-0.59324
-1.3321
-0.42186
-0.58917
-2.0245
-0.22141
-0.54829
-0.3203
-0.98187
0.051734
-0.17473
0.73904
-0.53302
1.0802
-0.53374
-0.0033705
-0.67787
-1.2055
-1.151
-0.084818
-2.0086
0.95115
-0.22322
1.0965
1.1054
1.5896
1.1004
2.7256
1.2332
0.48979
0.20395
-0.9897
-1.2943
-0.087523
-1.4184
-1.1938
-0.23991
-0.78559
-0.74008
0.95473
0.54213
0.36832
0.96074
0.46715
1.457
-0.69261
-0.21005
-0.025018
0.10115
-1.3766
0.023857
-0.44096
1.1683
0.37319
2.1221
1.5395
0.72682
-0.096281
0.45186
-1.5528
-0.66297
-2.3155
-1.2619
-0.93578
-0.39589
-0.55622
0.64355
0.45454
0.85275
0.60329
-0.11069
-0.51207
0.7534
-1.5474
-0.35201
-0.085021
-1.0752
-0.0035687
0.087556
-1.0859
0.46328
-0.83631
0.82841
0.55504
1.1328
1.5619
1.9421
0.91755
0.69337
0.26101
-0.070269
-0.52035
-0.2331
-1.015
-1.1092
-0.97809
0.14326
-1.1116
-0.95911
-1.1318
-0.31083
0.55189
0.41422
-0.36031
1.8455
1.3929
1.1877
1.5481
1.8536
0.68965
-0.34662
-0.28584
-0.087379
-0.30155
-0.93695
0.77829
0.035763
0.9541
0.97346
1.6588
1.9164
1.248
0.022691
0.48331
0.30357
-0.65408
-0.2753
-0.32077
0.29021
0.47347
-0.0072582
0.21258
1.1731
-0.2308
0.11557
-0.0097753
0.97074
0.1746
0.16494
-0.17098
0.83967
-0.46566
-0.30244
-0.70951
-0.77358
-1.1056
-1.9172
-1.1357
-0.42617
-1.3834
-0.90556
-0.77002
-0.877
0.14011
0.25927
1.3423
0.69952
0.74657
0.49495
0.88551
-0.9499
-1.4772
-1.1941
-2.3134
-2.3484
-2.1076
-1.7353
-0.044624
-0.31747
-0.38635
1.558
0.32093
0.53554
0.57529
0.1402
0.61439
0.099837
-1.9063
0.18865
-0.23768
-0.58132
-0.50202
-0.14245
0.0832
1.4701
1.0353
1.0639
1.5473
1.4183
-0.33675
-0.42633
-1.2399
-2.16
-0.65055
-1.2436
-1.9172
-0.37674
0.58337
-0.46
-0.35246
-0.9152
-0.8758
-0.89661
0.089062
-0.57626
0.84011
0.79115
1.4852
0.45022
0.82942
0.0065262
1.4341
-0.10859
0.71335
0.054373
1.5058
0.20448
1.3649
-1.2561
0.40821
-1.3447
-1.0862
-1.1984
-0.86823
-1.3663
-0.19747
-2.1386
0.36182
0.16426
-0.29379
0.79049
0.53402
-0.034342
1.4957
0.80639
0.55486
0.38904
0.71231
1.0467
0.56265
0.10168
1.1424
-0.21014
-0.20692
-1.1544
-0.062491
-0.97387
0.57949
-1.2842
1.5109
0.77742
0.78238
0.016189
2.0628
-0.41955
0.70391
-0.55037
0.34753
-0.47678
-0.66955
-1.446
-1.0222
-2.4551
-1.7684
-1.2385
-0.39907
-0.49292
0.52068
0.49685
1.7222
0.45457
0.99458
0.41253
0.15144
0.018538
-0.39944
0.52981
0.44436
0.24344
-0.057067
0.16332
-0.58817
-0.55736
-1.1101
-0.87612
-0.46576
0.28088
0.36706
2.2116
1.0106
1.2753
0.7828
0.27062
-0.51728
0.45375
-1.6033
-1.6092
-1.1161
-1.3523
-1.9774
-0.14832
-0.12262
0.32742
0.13528
0.4444
-0.11752
0.5724
0.18474
-0.13984
0.33213
-0.24219
-0.3464
-1.1609
-0.16585
-0.37849
-0.0055736
-0.53571
0.14534
-0.61194
0.552
-0.52417
0.078623
-1.0172
-0.23749
-0.6632
0.012175
-1.3471
0.17271
0.074674
-0.69148
-0.8157
0.12444
-1.1858
0.18835
-1.6103
-1.6025
-1.6678
-0.0044751
-1.6095
0.49431
0.049142
1.8601
1.0558
1.8098
0.89873
2.6366
1.3459
1.6683
-0.39624
0.36226
-0.78378
-0.72333
-1.5274
0.35148
-0.4584
-0.090862
-0.037249
-0.010302
-1.285
0.55086
-0.4587
1.0756
0.77584
0.4402
-0.071213
0.94733
-0.59191
-0.85889
-0.48142
-0.27535
-1.2674
0.84333
-0.36218
1.0022
0.33862
0.81699
0.1038
0.76256
-0.097477
0.39898
-0.4575
0.66882
-0.13862
0.74296
0.13718
1.0682
0.39784
0.45945
0.16849
0.74639
0.14659
-0.081892
-1.0012
0.22802
-0.40259
-1.0529
-0.33845
-1.132
-0.82476
0.35708
-0.039134
0.10673
1.0074
0.89366
0.55897
0.66367
1.0891
-0.8571
0.87428
-0.071775
-1.1113
0.076387
-0.71553
-2.0005
-0.51613
-1.4949
-1.0096
-1.3937
-0.30882
-1.1101
0.41202
-0.54733
0.80672
-0.19695
0.51877
0.44505
0.25699
-0.63841
-0.5206
-0.83633
-0.69144
-0.70799
-2.423
-0.27231
-0.94703
-0.93433
1.0895
1.0704
1.3674
0.87713
0.062923
0.14484
-0.0065931
-0.68149
-0.89401
-0.69546
-0.6626
0.17028
-0.0053183
0.72407
0.89965
0.063803
0.76418
-0.27716
-0.62327
-0.88403
-0.83084
-0.96727
-1.3971
-1.2045
-0.22007
-0.6262
-1.9297
-0.49476
-0.92528
-1.1049
-0.38666
-0.84588
0.26313
0.86269
0.35555
1.3534
1.017
0.49875
0.73321
-0.19911
-1.8313
-0.18612
-0.73833
-2.1333
-0.7894
-1.0102
-1.0682
0.60277
-0.49436
0.22922
1.1368
0.84423
0.37853
1.2192
-0.37834
-0.31765
-0.50113
-0.72951
-1.0059
0.2698
-0.80612
-0.62449
0.37223
0.2002
0.95093
1.6959
1.6558
1.6378
1.1897
1.118
1.0185
0.18628
-0.53427
-0.23288
-1.2016
-0.55749
0.070089
-0.40535
0.43811
0.19877
0.24689
0.20243
0.85081
0.6574
0.35642
0.39047
-0.43941
-0.10939
-1.0806
-1.0856
-1.0556
-0.87885
-0.37107
-0.89181
-0.56467
0.22385
-0.16144
0.22374
1.0115
-0.3851
0.13086
0.49428
-0.13592
-0.11476
1.0453
0.091772
0.23919
0.65846
0.43354
0.056063
0.018652
-0.49437
0.15603
0.16253
-0.39995
0.52948
0.75331
-0.61772
1.2844
1.8774
0.85748
0.98952
0.7833
0.56773
0.71485
-0.55182
0.20894
1.5437
0.11517
-0.4719
0.53138
0.63532
-0.25364
0.80232
0.94446
0.6733
1.6949
0.019493
-0.66245
0.11248
-1.2906
-2.1965
-1.5355
-1.549
-1.3756
-0.23378
-1.0492
-0.08485
0.77901
-0.13405
0.76748
0.15294
-0.21205
-0.1133
1.3646
0.09747
0.93616
1.2973
1.8185
1.8252
1.1405
1.2006
0.99181
0.37712
0.10647
0.055734
-0.65411
0.32616
0.42051
-0.47983
0.31119
0.95703
0.60967
1.7392
0.48683
0.37128
1.281
0.097611
-0.27475
-0.64829
-1.7608
-0.97376
0.023814
-2.5742
-1.1538
-0.71956
-1.1953
0.32951
0.22634
-0.46084
2.0253
0.56755
0.82132
1.6254
0.55698
0.43615
1.236
-0.59153
-0.45258
-0.012372
-0.85813
0.25559
-0.1044
-0.46045
-0.18103
0.026794
-0.8365
0.2977
-0.45516
-0.044496
-0.65652
0.67079
0.26677
0.84795
0.68948
0.4849
-0.31692
0.56445
-0.98123
0.25726
-0.82006
0.15611
-1.3756
-0.17378
-1.2705
-1.2635
-0.86515
-0.83903
-0.3114
0.5829
0.72317
0.56603
0.59779
-0.67548
0.037329
-1.1447
-0.66187
-0.69102
-0.15621
-0.20314
0.081
0.32135
-0.044716
-0.19621
0.18099
-0.6963
-0.89289
-1.6449
-1.0557
-0.82671
-0.73639
-1.5213
1.301
0.58133
1.6165
1.8337
1.3124
0.45453
0.45304
-0.63225
0.15355
-0.32485
-0.18326
-0.22408
0.54008
0.12284
1.1076
0.41147
1.5738
1.5036
1.0853
0.62961
0.77696
-0.054271
0.48869
0.27082
0.15158
0.29944
0.060977
-0.040784
0.77037
0.7061
0.5743
-0.074294
-1.3272
0.43386
-1.0303
0.72849
0.25707
-0.15628
0.12395
0.56808
-0.30578
0.47218
-0.058685
-0.3371
0.64354
0.12387
0.049353
0.93401
0.81229
0.11263
-0.67909
0.84892
-0.14997
-0.39272
-0.42043
-0.077621
-0.20624
0.77029
-1.031
0.27429
0.25849
1.2561
-1.0859
0.10192
-1.8111
0.060454
-2.1299
-0.68951
-1.8557
0.34939
-1.6114
0.77123
-1.3036
0.53808
-0.79094
0.88392
-0.54096
0.66336
0.32354
1.3115
0.22488
0.15746
-1.1192
0.30868
0.033129
0.49801
0.45882
0.87071
-0.49932
1.201
0.42252
0.18194
-0.11881
1.4161
0.31823
1.7723
0.19085
0.94636
0.94557
0.21964
-0.061897
0.77372
0.21601
1.0615
-0.18929
0.24896
0.3868
0.61377
-0.4734
0.88008
-0.89885
1.1284
0.43852
1.6395
0.13409
1.6445
-0.39308
1.6962
-0.24722
-0.087782
-0.28306
0.81862
-0.44975
0.31963
-0.079423
1.3053
-0.10843
1.4584
0.81459
1.2542
-0.9952
1.3999
-0.62131
0.74165
-1.0126
0.96947
-1.1257
1.0206
-0.55948
1.0696
-0.24174
0.91206
-0.15572
1.6859
-1.5386
1.5128
0.058592
0.49785
-0.08483
0.81226
-1.3508
2.2425
-1.2192
-0.64738
-1.8579
-1.3921
-2.596
0.26587
-1.5608
0.92879
-0.17074
2.6551
-0.17649
1.7731
-1.3598
1.1236
-3.1995
-0.25471
-1.9939
0.091995
-1.0265
1.7021
-0.55915
1.7514
-0.14459
0.89025
-1.3934
1.1537
-1.5827
0.51061
-2.2647
1.1594
-1.3988
1.0629
-0.072873
2.2325
-0.23782
1.6635
-0.61634
1.7537
-0.042252
1.5602
-0.62462
0.6138
-0.97114
0.71532
-1.1814
1.0055
-0.76148
0.467
0.63125
1.2857
-0.36796
2.3612
0.35801
0.29126
-0.27762
0.73101
-0.61133
1.4879
0.69705
1.9027
0.19269
0.93899
-0.71196
0.48571
-0.5863
0.288
-1.5544
-0.44424
-0.69801
-0.85292
-2.1988
-0.24647
-3.0306
-0.6848
-0.70354
-1.1175
0.11425
0.75412
-0.25993
1.7096
0.92626
0.4919
0.52612
0.90034
0.43233
0.65882
-0.74114
-0.0011897
-0.095017
-0.86077
-0.5588
-0.47757
-0.58186
-0.17448
0.1121
-0.63633
-0.013809
-0.27574
-0.91075
0.14795
-0.67158
-1.3133
0.50566
-1.7099
-0.97966
-0.12273
-0.52659
-1.1944
0.046235
-1.2435
0.61928
0.91026
0.29606
1.1687
2.1641
1.7737
3.5294
2.8941
2.7987
2.2126
1.746
0.49715
0.43668
-1.7175
-0.38554
-0.74312
-0.82621
0.14803
0.6832
-0.2252
1.1522
0.3733
-0.16041
0.41562
0.7365
-0.24888
1.1115
0.12176
0.38304
0.96741
0.70038
-0.97817
0.89594
-0.043917
-0.48081
0.13675
-0.076459
0.53651
-0.78219
-0.11122
-1.631
-1.0767
-0.66032
-0.74417
-0.77417
0.49577
-0.21842
0.69622
0.85949
0.88179
0.5398
0.68089
0.17432
0.25367
-1.191
-0.9685
-1.5916
-1.8285
-1.2041
-0.75248
-0.73181
-0.08306
0.46937
0.79171
0.35303
1.5581
0.53969
1.9488
1.8848
0.8885
1.336
1.0434
-0.14366
0.4581
-0.142
-0.67773
-0.2262
0.032846
-0.4231
0.11496
-0.44483
0.66873
-0.36614
0.806
0.16892
1.7497
0.94199
1.7283
1.0402
1.6991
0.26782
0.043108
-0.5902
-0.86378
-0.79878
-0.27707
-0.49875
0.37756
-0.078503
1.6253
0.59212
1.203
1.2696
0.53195
-0.60317
1.1119
-1.2423
0.432
0.80303
1.0032
0.64223
1.4224
-0.24621
0.62717
-0.42634
-1.4323
-1.9043
-1.4015
-1.7342
-1.069
-1.4832
0.47067
0.83996
1.2242
1.3973
2.0605
1.256
0.72715
0.1467
0.94922
-0.57775
-0.82798
-0.60287
-0.30276
-0.70635
-0.097066
-1.2768
-0.37012
-0.95246
-0.73315
-1.2244
-0.82226
-1.353
-0.64235
-0.76777
-0.8146
-1.4986
0.39758
-0.54278
-0.89766
-0.20889
1.4678
0.86261
0.70668
0.11483
0.74455
0.92001
0.70503
-0.07274
0.62481
-0.22974
-1.0821
-1.144
-0.46486
-1.6835
-1.8084
-0.9454
-0.48112
-0.41887
1.0274
1.166
2.7835
1.6339
1.9867
1.3303
0.40458
-1.0372
-0.79862
-2.246
-1.9588
-0.79035
-1.7471
-2.1179
-0.068167
0.28566
0.12277
0.77976
1.2859
1.3691
0.62693
0.90367
0.21958
-0.42809
0.077673
-1.1428
-0.44912
0.41086
-1.0812
0.20984
0.55479
-0.083217
0.16404
0.40072
-1.5894
0.18617
-0.099399
-0.44127
-0.76083
0.15852
-0.66224
-0.72187
0.15945
0.21056
0.75824
1.1755
0.557
0.774
1.0466
-0.027877
0.40538
0.16636
-0.71693
-0.46607
-1.017
-0.75408
-0.71837
-1.0719
0.43261
0.43669
-0.25715
0.74029
0.61501
-0.19673
0.64605
1.3412
-0.087613
1.0096
0.24806
0.18073
-0.83367
1.5071
-1.271
-0.078325
-1.1767
-0.0022962
-0.59201
1.4233
0.057413
1.8177
1.6137
1.2797
0.43936
0.69554
-0.42708
0.5279
-1.1842
-0.91905
-1.2891
-0.79281
-0.97377
0.07607
-1.089
0.034565
-0.5482
1.293
-0.77426
0.84838
-0.017124
0.60188
-0.52871
0.72868
-1.0034
0.8041
-1.067
0.22282
-0.092867
0.22667
-1.044
0.99158
-0.72012
1.0375
-0.98779
0.54674
-0.3183
-0.14289
-1.4319
0.3746
-0.64807
0.54989
-0.016237
-0.16907
-0.41017
-0.053665
-1.2789
-0.6058
-0.025467
-0.29997
0.51474
0.74851
0.21357
0.96723
0.67248
0.33154
0.34063
0.28777
0.019643
0.91607
-0.51381
1.1646
-1.0812
-0.11978
-0.48627
0.15171
-1.1219
0.063912
-1.3169
0.49513
0.20562
1.1853
0.06222
0.9463
-0.29635
1.3569
-1.2534
0.44641
-1.9221
-0.10284
-1.4245
0.2676
-0.24416
1.4855
-0.58123
2.1781
0.40338
0.57257
-0.37178
0.47143
-0.48972
-0.5521
-1.1453
0.76845
-0.96571
0.76294
0.94037
0.94981
0.82184
0.23621
-0.62008
0.29142
-0.55203
-2.4492
0.6198
-1.0493
-1.2188
-0.087498
-0.53923
-0.6565
-0.46992
-0.43534
-0.58748
-0.79966
-1.4442
0.29917
-0.44311
1.0088
2.2372
1.6721
1.098
1.9039
1.6626
1.0366
1.2863
0.27932
-0.48796
-0.52461
-0.2222
-1.3651
-0.24668
0.1239
0.78572
1.325
1.7911
2.0333
2.2438
1.3609
0.92102
-0.0025342
-0.44908
-0.65846
-1.1485
-2.1275
-1.1363
-1.108
-1.3053
-0.54222
0.076727
-0.99011
0.73499
0.38417
-0.47467
0.78835
0.37349
0.47701
-0.52493
-0.070248
-0.42275
-0.52431
-1.4843
-0.44862
-1.4314
-0.29415
-1.4272
-0.82496
-1.191
1.0596
-0.80649
0.90123
-0.041851
0.49079
-0.017266
0.39716
-0.1192
1.2731
-0.16451
0.23361
-0.57985
0.82558
-0.32172
-0.55422
-1.508
-0.16708
-0.67134
0.51551
-0.34441
0.59171
0.73357
1.294
-0.42086
0.8208
0.51128
-0.0039391
-0.80447
0.44217
-0.99294
-0.37457
-1.0232
0.095512
0.2279
0.79542
0.65398
0.92122
1.062
0.63172
-0.25939
0.067644
-0.8654
-1.2343
-0.71142
-0.79005
-1.5425
-1.1331
-1.4295
0.30626
-0.96397
0.55528
-0.44844
0.014802
-0.70584
0.85475
-0.67165
0.47599
-1.0067
0.49088
-0.002514
0.41142
-1.0324
0.14973
-1.2786
-1.0972
-2.1156
0.92253
0.38605
1.9959
0.72923
1.9722
2.022
1.3362
0.11306
0.97592
-0.087835
-0.52258
-0.78446
-0.2134
-0.80109
0.75357
-0.025634
-0.28564
-0.87403
-0.62941
-0.037417
-0.83829
-0.59279
-1.1404
0.42325
-0.033181
0.32708
0.24105
1.4007
0.17086
1.0834
1.1508
-0.17737
0.31633
-0.84617
-1.0154
-0.087352
-1.4451
-1.7865
-0.46619
-1.8218
-0.37591
-0.47557
0.54436
1.2071
1.5278
0.60336
1.4993
0.2742
0.33024
1.4177
0.8236
-0.42184
0.71315
-1.1237
0.66891
-0.67902
-0.65522
-0.5124
1.0661
-2.3493
0.36529
-1.9284
0.075988
0.59169
0.90586
-0.78605
2.9474
0.036898
1.67
1.0076
-0.21631
-1.2143
1.4011
-1.9226
-0.35164
-0.83987
-0.65271
-1.0189
-0.13837
-2.1025
0.72588
-0.50512
-0.4289
0.75419
0.55561
-0.44735
1.5313
-0.99396
0.68548
-0.34368
0.30942
0.47715
1.2204
-1.7001
0.85279
0.028891
0.98852
0.99305
0.79506
0.069444
2.2491
0.66999
0.8483
-1.0914
-0.27776
-0.80853
-1.1173
-2.2709
-1.5067
-2.1242
-1.0872
-1.071
-1.1346
-0.84798
-0.64606
0.91514
-0.025064
-0.15162
0.49981
0.39587
0.019802
-0.24094
0.42363
0.75911
0.15917
0.173
0.27677
0.1781
1.0911
0.32937
-0.52461
0.62063
-1.0841
-0.32393
0.33254
-0.020484
-0.54786
0.014113
-0.96671
0.1355
-0.62037
-0.52335
1.2911
0.94379
-0.76819
1.6949
0.48308
-0.7892
0.37333
-0.6656
-0.75129
0.25089
-0.21339
-0.24314
0.36122
-0.062442
0.25957
0.96787
-0.18406
0.12763
1.108
-0.07618
-0.079277
-0.35142
-0.25471
-0.43844
0.16434
-0.66553
1.014
0.26603
1.3641
0.68816
2.2857
0.83664
2.4401
0.57682
1.3979
-0.1148
0.94786
-0.92548
-0.11496
-1.8741
-1.4546
-2.2935
-0.95591
-1.5136
0.32742
-1.1588
0.40676
-0.30661
-0.078864
-0.54672
0.74624
-0.95615
-0.094496
-0.21164
0.50107
-0.60898
0.28303
-1.5684
-0.12027
-1.4957
-0.21095
-1.2616
-0.21207
-0.76439
0.21861
-0.1856
0.77115
-0.53933
1.3647
0.45816
0.83633
-0.61466
0.38993
-1.2072
0.42669
-0.25545
0.52003
-0.68141
0.75169
-1.2316
0.50914
-0.73044
-0.45164
-0.12669
0.67975
-0.72346
1.1219
-0.47602
0.088844
0.43383
-0.069675
-0.34488
1.0107
-0.59902
0.23884
-0.23434
-0.60277
-0.9526
0.82268
-2.2134
-0.058753
-0.22225
-0.86814
-1.0561
0.29132
-1.9184
-0.22824
-0.82513
-0.77666
-0.85703
0.28802
-0.93175
-0.61624
-0.69688
-0.62445
-0.42778
0.22794
-0.75872
0.14972
0.71213
0.69655
1.1111
2.918
1.0546
2.2332
1.1438
0.46543
-0.27569
0.063482
-1.3499
-1.5875
-1.909
-1.0762
-1.2143
-0.54171
-0.50844
0.14261
0.60194
0.14189
-0.78136
0.36125
-0.2473
-1.0754
0.33624
-0.11671
0.3789
0.23408
0.25392
-0.43312
0.5336
-0.73735
0.27716
0.18629
1.0487
-0.035721
0.41939
-0.28477
1.1892
-0.0047455
0.53008
-0.0059419
0.58934
-0.61651
0.48487
-0.33703
-0.058384
-1.1435
-1.6435
-1.366
-0.78657
-2.7544
-0.90653
-2.8577
-1.5168
-1.1612
-0.75228
-1.1475
2.0461
-0.23047
0.75166
1.2399
1.3189
0.42388
0.68153
-0.78176
0.10518
-0.83527
-0.67526
-1.0073
0.23587
-1.2737
-0.28579
-0.75108
-1.1398
-0.40809
-0.22836
-1.5984
0.7387
-0.24674
-0.17863
0.71906
1.1897
-0.81579
0.65159
-0.31739
-0.73816
-0.54283
-1.239
-1.2812
0.045153
-1.066
-1.1451
-0.53888
0.066458
0.21798
0.80165
-0.037089
1.0056
-0.22147
1.0042
-1.0056
-0.32025
-1.8073
-1.2588
-2.288
-0.82129
-1.8733
-0.34753
-1.2018
0.87247
0.30367
-0.37753
-0.16626
0.20843
-1.2147
0.63771
-1.1259
-0.06282
-0.047185
-0.13067
-1.2447
0.74162
-0.48883
-0.55016
-0.077172
0.4668
0.56832
0.029411
-0.92615
0.45239
0.052648
-0.4736
-1.0012
-0.76983
-0.53903
-0.3378
-1.2789
-0.32078
-1.2143
-0.39453
-0.56099
-0.86111
-1.2293
0.14883
-0.93469
-0.042233
-1.0718
0.34118
-0.34003
1.5538
-0.44207
-0.094487
-0.41021
0.44066
-1.2781
-0.91902
-1.853
0.30343
-1.3639
-0.93943
-0.71062
-0.39168
-0.66184
0.14186
-1.0513
-1.009
-1.3282
-1.0139
-2.9512
-1.2363
-2.1241
-1.2476
-1.1399
-1.2668
-0.5018
0.38715
-0.74469
0.2087
0.88549
1.0861
0.016449
0.30669
0.21831
1.0957
-0.81913
-0.18086
-0.22173
-0.53237
-0.97362
-0.73419
-1.5406
0.38285
-0.38944
-0.59114
0.22786
0.86083
-0.25728
-0.43062
0.20655
0.32194
0.72787
0.98851
-0.072269
1.2382
-0.015707
0.20368
-0.38309
0.23164
-1.0623
0.075913
-0.43803
-0.35266
0.019684
0.90256
0.15584
0.89956
0.92378
0.63714
1.2083
0.57008
0.68983
1.0179
0.45229
-0.44478
0.1642
-0.82878
-1.1871
-1.2626
-0.9016
-0.082069
0.55892
1.0125
1.4724
1.131
1.3613
1.2676
-0.64385
-1.1249
-0.25923
-1.7155
-0.13177
-0.45186
-0.79507
0.0137
0.87459
-0.60827
0.372
1.1649
0.13582
-0.27286
-0.69527
-2.0943
-0.40775
-1.5753
-0.91799
-1.204
-0.73886
-0.90791
0.59195
-0.35546
1.6235
1.6264
1.7726
0.90253
2.4009
-0.036299
1.6072
-0.42731
-0.36509
0.30667
-0.56435
-0.73554
1.34
-0.94921
0.85111
0.26579
-0.99929
-0.18909
0.58586
-1.5677
0.70653
0.011778
0.87496
0.55778
1.4312
-0.31111
1.7172
0.43878
0.80652
0.15986
0.80592
-1.134
0.74028
-1.9211
-0.76782
-2.1718
-0.57513
-0.92151
0.3089
-0.85884
1.5545
-0.40467
1.2833
-0.30472
1.0455
0.075751
1.6953
-0.96885
0.27415
-0.39938
0.59184
-0.65324
1.3898
0.89776
1.0639
0.28244
1.548
-0.082488
0.59864
-1.5526
0.7737
-0.48734
0.38536
-1.0404
1.2557
-0.14315
0.6238
-0.21776
1.8676
0.41709
1.7741
0.47187
1.8387
-0.52903
0.99361
-0.12914
1.18
-0.84542
0.54547
0.1109
0.58905
-0.80828
0.68033
-0.41644
0.53343
-0.66625
0.079331
-0.85457
0.71379
-0.62246
1.2693
0.44443
0.72448
-0.32893
0.5747
-1.27
0.31731
0.0092507
-0.078026
-0.082325
1.0722
-0.65475
0.12781
-0.35583
-0.34996
-0.57298
-0.46655
-1.4038
-0.91727
-1.0962
-0.14389
-0.31909
0.33352
-0.26854
0.40321
0.10417
-0.054321
-1.0044
0.50062
0.027454
1.1299
1.2469
0.15949
0.75096
1.2651
0.043874
0.12295
-0.25946
-0.69176
-0.35958
-0.33725
-1.2682
-0.31674
-0.067011
0.65119
0.41401
1.226
1.4762
2.2147
1.3039
0.98942
0.48783
-0.02952
1.2616
-0.10217
-1.8619
-0.67682
-1.3941
-0.97152
-0.34898
0.24713
-0.16635
0.77731
-0.20043
1.677
0.94328
-0.14354
0.16384
0.42793
-0.53281
-0.21739
-0.62405
1.5145
-0.078042
-0.33206
-0.3591
0.33232
-0.67739
0.26373
-0.018164
0.69358
1.5298
1.9491
0.029914
1.635
-0.22327
0.74205
-0.51861
-0.55825
-0.88867
0.71913
-1.3303
0.5192
1.0601
1.1896
0.66531
1.3633
0.38974
2.4425
-0.045399
-0.60255
-0.38242
-0.081385
-1.5499
0.1381
-0.97102
-1.1932
0.47956
0.1925
-0.52593
0.39871
-0.23508
-0.22602
-0.33668
-0.27669
-0.16158
-1.0363
-1.6428
-0.56396
-0.65136
-1.6854
-0.95706
-1.2292
0.14466
0.36421
-0.84258
-0.5181
0.91666
-0.090505
-0.49011
0.13625
-0.43616
-0.00017189
-1.6644
-1.708
-0.091719
-0.38436
-0.04344
1.6903
0.19203
1.3734
1.7522
0.23181
0.46528
0.90006
-0.14797
0.31284
-1.1025
-0.86447
-1.0837
-1.1334
-1.7683
-0.62344
0.10742
-0.20379
0.31933
1.005
1.0699
-0.03645
0.63955
0.76575
-0.2823
-0.46234
-0.11846
-0.1996
0.022766
-1.0882
-0.30163
-0.44279
1.0994
0.86305
1.1526
0.812
1.5619
0.4794
0.65681
-0.12099
0.37209
-0.56204
-0.92082
-1.5928
-1.3468
-1.0109
-0.19132
-0.25605
-0.47619
0.38954
0.88701
0.95216
1.6959
0.1716
1.224
-0.013092
0.39306
-0.44491
-0.11155
-0.82968
1.1391
0.41609
1.1054
-0.43176
1.6369
-0.84797
1.0946
-0.45807
0.93892
-0.69552
1.7189
-0.082597
2.2159
0.028016
1.2333
-0.029474
0.040831
-1.2259
0.97054
-1.8709
-0.8249
-1.6437
-0.49048
-1.7966
-0.11698
-1.6735
0.98148
-0.21347
0.92494
-0.68352
1.9756
0.83356
1.2392
-0.8861
1.8695
-0.95678
-0.080183
-2.3436
-1.0214
-2.2482
-1.4053
-1.9723
0.11272
-0.37414
1.0713
1.21
1.9468
0.33872
1.27
-1.281
-0.43712
-1.1474
-1.0283
-1.5415
0.20889
-0.46753
0.021296
0.18741
0.2724
-0.00085183
0.6094
-0.33414
0.8611
-0.67928
0.26545
-0.91425
-0.050281
-1.6506
-1.0437
-2.04
-1.4651
-2.5581
-1.7034
-1.8735
-1.1991
-1.2249
1.0877
-0.37382
0.34485
-0.41625
0.29624
-1.6831
-0.13333
-1.2165
-1.5432
-2.6135
0.04315
-2.2643
0.7976
-1.2229
0.18863
-0.41141
1.0582
-1.9747
1.163
-1.4329
0.3867
-0.53879
0.79509
-0.98325
2.8185
-0.60621
2.1678
-0.18888
1.4633
-1.6174
1.2726
-1.6432
0.2939
-2.87
1.0087
-2.0484
-0.12005
-2.0849
1.2129
-1.291
1.7689
-0.71935
1.3962
-1.1873
1.1781
-2.2082
1.1016
-1.7619
1.3054
-1.5353
1.536
0.46213
2.6617
-0.28875
1.9858
-0.035811
1.8713
-0.55807
-0.219
-1.5642
0.10735
-1.5446
0.20873
-0.94315
2.1896
1.1335
1.7267
1.1223
2.314
-0.69075
1.2149
-2.052
0.16529
-1.7153
-1.1597
-1.897
-0.22407
-1.9273
1.6358
0.44137
1.2328
0.98099
2.5655
0.92145
3.2761
-0.38698
1.0839
0.91546
0.57717
-1.1165
0.98873
-0.69856
0.3329
-1.1975
0.25587
-1.4311
-0.5485
-1.3775
0.3874
-0.64721
1.4971
-0.48933
1.1867
1.1585
1.07
-0.39036
-0.11135
-1.5467
-0.24471
-1.3929
-2.0459
-0.96308
0.27839
-0.64234
-0.12258
-0.15329
0.96106
1.4031
1.3468
0.1401
1.1141
0.48564
-0.035192
0.36517
0.48922
0.69821
1.0593
1.133
1.5338
2.2781
1.8368
1.2147
0.13653
-0.48184
-0.90001
-1.6764
-1.823
-1.6296
-1.3161
-1.2894
-0.74484
-1.2368
1.1827
1.0875
1.7011
0.1956
1.6107
0.24215
-0.14175
-1.0701
-0.14138
-1.5811
-0.44274
-1.7485
0.17276
-0.65801
0.6258
-0.72737
0.34798
-0.69606
0.5577
-1.2504
-0.091844
-0.78033
0.40376
-1.3234
0.5594
-0.62292
1.0265
-0.29285
0.13544
-0.95204
-0.59073
-1.475
-0.14726
-1.0229
-0.12308
-1.0614
0.3326
-0.8782
1.1007
0.2093
-0.20289
0.41852
0.75559
-0.91556
0.41223
-1.224
0.063114
-0.40222
0.37821
-0.32208
1.6864
-0.066944
2.2445
0.60901
1.1384
-1.3335
1.1014
-0.97295
1.7808
-1.8887
1.6732
-0.37264
0.96549
-0.23892
1.2089
-0.029734
1.526
0.38359
1.879
0.3136
0.54879
-0.40167
0.23815
-0.35268
0.46391
-1.3256
0.81237
-0.96121
0.63611
-0.2029
0.67616
0.19209
1.94
-0.76896
0.91524
0.70253
0.68931
-0.55071
1.3552
-0.15741
-0.0033631
-0.61773
-0.51417
-0.52971
0.014668
-1.3407
0.14579
-0.03238
-0.4359
-0.35718
-0.57308
0.44958
0.77531
-0.27153
0.58305
0.32884
0.014703
0.51692
-0.52778
-0.72739
-1.0507
-0.70758
-1.5947
-0.79128
-1.3454
-0.52013
-0.92297
0.42247
0.41692
0.708
-0.37432
1.1296
0.49338
-0.50846
-0.67791
0.28871
-1.7164
-0.25701
-1.0018
-0.92488
-0.81437
0.46346
-1.048
0.64416
-0.85188
0.057882
-0.78339
-0.629
-2.0745
-0.34183
-0.69226
-0.29825
0.59725
1.019
0.56119
1.2336
0.40403
0.63638
-0.17584
0.42196
-1.1784
0.20511
-0.61644
0.25116
0.64967
1.5601
1.5492
2.2837
1.5039
1.4154
-0.18797
0.1574
-1.224
-0.74435
-0.99385
-1.1942
-1.6435
-1.1554
-0.80616
0.25304
0.72916
0.26262
1.1549
1.0457
0.84732
-0.8356
-0.45987
-1.2328
-0.54669
-1.2601
-0.89443
-0.96705
0.22704
-0.47689
-0.76529
-0.80071
-0.66425
-0.7469
-0.17519
-0.1538
-0.0015829
-0.26765
-0.72228
-0.99214
-0.31179
-1.0913
-0.5405
-0.85818
-0.0064669
-1.3324
-0.1916
-0.77313
0.29891
-0.59032
-0.63413
-1.1607
0.36853
-1.8451
-1.1156
-1.2197
0.08823
-0.86197
0.35329
0.29762
0.29838
-0.25141
0.16892
-0.33685
-0.016375
-0.72558
0.20185
-0.25694
0.43699
-0.35056
0.39763
-0.17168
-0.26711
-0.35301
-0.54701
0.59602
-0.0025207
0.68724
0.802
1.2373
1.3552
1.4546
-0.1142
0.2374
-0.26868
0.32965
0.42893
0.059735
-0.07176
0.81722
-1.0215
0.56683
0.25433
-0.29546
0.92621
0.6941
-0.28855
1.8719
0.16672
-0.58946
1.1595
-0.31289
-1.0157
-0.74562
-0.89437
-0.63627
-0.63473
-0.87596
0.041651
0.022184
-0.27955
0.91697
1.5905
1.0769
0.72454
0.57827
0.7909
0.081163
0.97567
-0.14369
0.65021
0.58083
0.12078
-0.2148
0.038599
0.21355
-0.55067
-0.48369
-0.34084
-0.4395
-0.16886
0.23852
-0.071891
-0.77728
-0.39464
-0.080464
-0.30322
-0.099545
-0.83697
0.044749
1.1627
0.41881
-0.29525
1.1098
-0.36735
-0.24245
0.4579
-0.10863
-0.039357
0.085328
-1.3056
0.94862
0.48744
0.41944
0.69267
0.62134
0.070212
0.2535
-0.53715
-0.35363
-0.20895
-0.71321
-0.22085
-0.51763
-0.51978
-0.22902
-0.81608
-0.75357
0.70909
-0.91471
-0.54691
1.2526
0.7028
0.51123
0.55958
-0.12778
0.094535
-0.53989
-0.66438
-1.7915
0.18256
-0.36447
-0.59133
0.24146
0.029372
-0.54406
0.20579
-0.54074
0.05314
1.0517
-0.080066
0.5237
0.83135
0.43922
0.97692
0.10469
-0.62587
0.15438
1.0715
0.48691
1.4878
1.0237
1.1323
0.016691
0.24844
-1.7987
-0.97589
-0.75514
-1.4275
-1.812
-0.55292
0.93613
0.094874
0.64681
0.32645
-0.26014
-0.7914
-0.528
-2.0853
-1.0238
-0.76063
-0.57155
0.54459
0.24539
0.77347
0.041434
-0.51018
-0.23968
-1.5085
-2.4862
-1.8794
-1.0506
-0.76473
0.70391
0.99201
2.1374
0.70233
2.3916
2.5949
1.4059
0.12223
0.50778
-0.024539
0.25326
-1.3038
-0.93857
0.04757
-0.34793
-1.1969
0.83692
0.012865
0.61173
0.84428
0.43494
0.37634
0.4039
-0.28571
-0.64036
-0.34531
-1.5824
-1.5827
-0.441
0.08136
0.94166
0.53393
0.73609
0.11359
0.41568
-0.043662
-0.24746
-0.65817
-1.1513
-0.89325
0.24056
-0.31912
1.0047
-0.66686
1.216
1.0037
1.3782
0.74043
2.1569
0.87608
1.1686
0.18663
1.3838
-0.13905
0.44613
-0.6784
0.2541
-0.40055
0.11188
-1.7761
0.91545
0.057889
0.26973
-0.86368
0.014689
-1.1126
-0.41285
-1.7556
-0.78064
-1.0308
-0.78235
-0.84024
0.49349
-0.58472
0.29272
-0.70926
-0.63865
-0.25213
-0.7142
-0.50963
-0.44177
-1.2389
-0.20242
-0.35389
-0.30155
-0.057287
-0.077433
0.27538
-0.13115
-0.60447
0.82494
0.65022
0.50822
0.6337
0.95557
0.90261
0.48816
-0.55348
-0.94018
-0.5351
-0.61401
-0.85038
-0.86346
0.62858
-0.49309
-0.034233
-1.1589
0.48228
-0.84925
-0.85037
-2.6822
-0.9084
-1.5816
-0.73475
-1.1521
0.92594
-0.24347
2.198
1.2927
0.95489
1.3381
1.8236
0.080493
0.7575
-0.64898
-0.53699
-1.3323
-0.8073
-1.4892
-0.19229
-0.94738
0.063654
0.93741
1.5082
1.1426
2.7185
1.0008
1.7914
0.33296
0.96347
-0.2441
0.13726
-1.2085
0.67836
-0.91736
0.083655
-1.0654
0.42864
-0.041197
0.63367
0.18622
1.1487
-0.83164
-0.13841
-0.44845
-0.38474
0.3965
0.49029
0.35448
0.66502
0.58169
0.29849
0.12697
-0.31433
-0.66685
-0.68332
-1.2334
0.0044934
-0.41956
-0.11132
0.19408
0.62456
0.021313
0.47604
-0.53747
0.39592
-0.71649
-0.87575
-0.9271
-1.0515
-2.052
-0.15626
-2.278
-0.24259
-1.019
-0.59455
-1.4438
0.11505
-0.57101
1.9687
-0.11739
1.1452
0.30303
0.96636
0.23517
1.0173
-0.19564
0.97365
0.24121
0.49739
0.70415
0.74385
0.4043
0.54356
0.50083
0.42267
0.24994
0.2426
0.53154
0.23306
-0.38284
0.66673
0.97756
0.74499
-0.36934
0.69569
0.021774
-0.031397
-1.5605
-0.27875
-1.7444
0.11815
-0.70075
-0.66914
-0.98745
0.9051
-0.99382
-0.19321
0.24766
-0.038486
0.40506
0.46612
0.10383
0.28323
0.24277
-0.75907
-0.78718
-0.71472
-0.16822
-0.014423
-0.98108
0.73136
-0.15366
-0.56724
-0.81077
-0.37536
-0.85716
-0.69922
-0.90035
-0.72981
0.078801
-0.188
-0.48378
-0.37145
0.034197
0.68057
0.63911
-0.40103
-0.061885
-0.51856
0.34972
-0.19326
-0.70936
-0.26378
1.4073
0.22691
0.49724
1.5461
0.29485
0.52433
-0.34312
-2.5711
-1.0988
-1.7171
-1.4788
-2.4047
-0.75968
0.65614
0.44028
-0.12677
2.2001
1.1933
-0.34258
0.3778
0.54043
0.48481
1.1605
-0.36556
0.55629
1.541
0.15501
-0.30474
0.6897
-1.7498
-0.59257
-1.4886
-1.4319
-1.5154
-0.19079
-0.99995
0.056011
-0.1763
-0.46205
0.29848
0.48021
0.10984
0.18515
-0.019184
0.086965
-0.62523
-0.70333
-0.95724
-0.3865
-0.88946
-0.0088439
0.27202
0.18725
0.68464
0.46547
0.71966
-0.41999
-0.089004
0.53
0.42763
-0.19717
0.21093
-0.25994
-0.40493
-1.0516
-0.37504
-0.73091
0.18702
-0.79514
0.50554
0.14707
1.1047
-0.97429
-0.026893
-1.0178
-0.76178
-1.3463
0.085145
-0.24562
1.4757
0.49145
0.71996
0.86477
0.70532
-0.078846
0.69852
-0.99642
-1.0174
-0.95131
-1.221
-1.4305
0.34333
0.36904
0.10856
-0.07168
1.2103
0.91402
0.5854
0.18452
0.56579
0.21547
0.36175
1.5826
1.4044
0.57033
0.63828
0.58388
-0.25356
0.46663
-1.6894
-0.45793
-1.2019
-0.95161
-1.7828
0.63537
-1.4945
2.2115
1.4949
1.7488
1.0937
2.0581
0.34928
-0.53759
-1.9283
-1.5642
-2.2265
-0.30375
-1.1103
0.073238
0.33337
2.1212
0.58836
3.567
1.6206
2.482
1.7889
0.8339
-0.59767
0.82735
-1.0061
0.49468
-1.8513
-0.25767
-1.128
1.7811
-0.35257
1.3019
-0.075474
2.7912
0.38064
0.86933
-1.4308
0.53213
-1.1027
-0.060209
-0.9667
1.4424
0.1003
2.2829
0.70334
1.923
0.14227
1.1144
0.16154
0.6807
-1.1296
0.57571
-1.6557
0.28075
-0.81249
2.4044
-0.035171
2.9803
0.39019
2.3452
-0.28292
1.2552
-1.7197
0.58827
-1.3707
0.43491
-1.5559
1.6333
-0.14109
1.3825
-0.022475
1.7181
-0.2593
1.0141
-0.87714
1.3691
-0.53253
-0.038307
-0.034416
1.0983
-1.1027
1.929
-2.357
-1.2675
-1.4615
-1.1879
-2.3031
0.40795
-2.2121
1.5497
-0.051249
1.7235
0.41941
2.3837
0.28751
2.4262
-0.84853
1.6178
0.20398
2.1094
-0.41087
0.85406
-0.29694
0.92872
-0.58746
1.0125
0.26747
0.56673
0.41128
0.71113
-0.24
0.89304
-1.2802
-0.86146
-1.3979
0.13512
-1.0618
-0.11226
0.068614
0.79012
-0.55849
0.63085
-0.18776
-0.59665
-1.2434
-0.62134
-2.0523
-0.61225
-1.0764
-0.92563
-1.0918
1.1826
0.030296
1.9614
1.0576
1.5097
0.13918
0.53185
-1.104
-0.81611
-1.4541
-1.0421
-2.3908
-2.2312
-0.49137
-0.71969
-1.0237
0.48708
0.35999
0.19204
0.15883
-0.77346
-0.42949
-0.8585
-1.1049
-0.63486
-0.53196
-0.19977
0.93711
1.8712
1.5746
1.695
2.1802
1.0139
1.1648
1.6804
-0.02526
0.7051
-0.79032
0.061951
-0.91665
-0.5209
-2.3929
-0.30415
-1.1849
-0.4177
-0.088319
1.6907
-0.263
0.94302
0.46747
-0.49528
-0.3275
-0.21152
-1.781
-0.31265
-0.42725
0.74795
0.83004
1.6957
1.7218
2.1313
1.5031
0.49403
-0.6412
-0.3705
-1.8482
-1.8152
-1.4365
-0.14015
-0.34459
1.0263
0.073949
1.8177
1.7951
0.1233
0.20755
0.41245
-1.1333
-0.67389
-1.979
-0.77422
0.38948
0.35294
-0.74347
1.2137
0.59041
0.32387
0.18172
0.30777
0.93852
0.72109
-0.064325
0.051217
-0.5613
-1.088
-0.19921
-1.1033
-0.65604
-0.42156
0.73576
0.26278
0.94945
1.34
1.3244
1.4122
1.2803
0.84326
1.5778
0.37669
-0.69052
0.079318
-0.54799
-0.3931
-0.28686
0.25809
0.8045
1.1866
0.27175
1.3883
1.0667
1.5889
0.58231
1.0258
0.29274
1.1626
-0.1249
-0.78324
0.54526
1.8178
-0.61006
1.279
0.52262
0.58805
1.7549
0.80935
-0.069739
0.67572
-1.1985
0.17075
-0.16705
-0.25999
0.20535
0.26499
0.22122
0.84883
0.70088
0.2713
-0.51074
-0.42589
0.10471
0.86013
0.8146
0.69366
1.1582
0.36002
0.6031
-0.08394
-0.31668
1.0608
0.038029
-0.52394
-0.11671
-0.57626
-0.59759
0.1824
-0.77947
0.382
0.25105
0.35672
0.45092
0.014293
-0.21831
0.62021
0.2967
0.57405
1.1667
1.0968
0.22571
1.4943
-0.26659
0.4442
0.105
-0.027334
-0.31098
-0.16252
-1.0545
0.16311
-1.7162
-1.4512
-2.1252
-1.5305
-1.2544
-1.0698
-0.55339
0.34805
0.11623
1.767
0.88918
0.86136
1.3553
1.2707
0.2568
0.88886
0.42891
-0.97144
-0.12292
-0.90072
-0.51055
-1.1551
-0.1191
-0.9766
0.24306
-0.43905
-0.11721
-0.99022
0.023825
-0.53102
-0.12451
-1.4951
-0.88128
-0.68071
0.16485
-0.0015614
-0.44408
-0.89079
0.58874
-0.013923
-0.16261
0.036312
0.08775
0.15902
1.1417
0.29144
-0.41139
-0.039978
0.73043
-0.15922
0.24732
-0.17933
0.079424
0.89286
-0.48077
-0.79149
-0.173
-0.53329
-0.29335
0.46593
-0.43782
0.048347
0.8476
1.3176
2.0243
2.6592
2.0034
1.0868
-0.054711
-0.44779
0.15658
-1.6177
-1.3173
-1.4809
-1.2876
-0.71586
-0.0091876
-0.44193
1.0438
0.77959
1.4807
1.4438
2.0269
1.6502
3.0791
1.3508
1.3981
0.93738
1.1551
-0.79547
-0.027739
-1.579
0.014786
-1.0447
-0.16271
-1.395
-0.5295
-1.6263
0.45347
-1.6394
0.75022
-1.7205
0.17952
-0.11052
0.58173
-1.2014
1.0336
-0.63625
0.35776
-0.00021036
-0.15382
-0.60611
0.077684
-0.64432
-0.3457
-0.29914
0.48035
0.01653
0.49895
1.2119
0.20597
-0.21297
-0.28085
-0.32504
-0.34935
-0.58496
-0.37689
0.29697
0.076979
-0.69106
-0.234
-0.044485
-1.1751
-1.117
-0.039792
-0.13948
0.92451
0.40113
0.96925
1.6313
0.8426
0.4042
0.92429
0.10834
0.040109
-0.3181
-1.0735
-2.2653
-1.4262
-1.1402
-0.7488
-1.128
0.43643
-0.67359
0.78465
0.84322
1.5119
0.83698
2.0158
0.284
0.81655
-0.8823
0.46769
-0.8623
-0.35911
-1.6848
-0.089923
-0.68714
1.0993
-0.25295
1.6852
0.16819
2.1325
0.23494
1.4173
-0.15083
1.7367
-0.92759
0.57791
-0.70993
0.4751
-1.8112
0.084112
-1.2769
0.53078
-0.92061
0.60699
-0.4379
0.65349
-1.0569
0.77674
-0.94235
1.7048
-0.31464
0.80202
-0.50047
0.65767
-1.5055
1.1954
-0.4079
1.9457
0.56616
1.5555
1.2467
2.4125
-0.60813
0.20544
-0.59538
-0.74896
-2.7478
-0.53589
-2.4375
-0.46935
-1.3223
-0.73466
0.091969
1.0901
-0.31808
1.9614
1.5361
1.1375
-0.32904
1.8602
-0.85275
0.68304
-1.3976
0.22625
-1.1663
-0.93302
-2.3252
0.66556
-2.0669
0.73306
-0.9506
0.36304
-1.0885
1.0119
-1.2535
-0.2726
-1.3661
0.61635
-1.8903
-0.23863
-2.2974
0.30521
-1.1095
0.39696
-0.98165
1.45
-0.46108
1.6402
-0.46142
1.7523
0.050289
1.7744
-0.096812
1.2292
-0.77622
0.69867
-1.8172
0.16329
-1.8493
0.72709
-1.3867
1.4938
0.28409
2.2495
-0.082571
1.8754
-0.96003
0.20845
-1.8528
-0.066969
-1.3944
0.47832
-0.92017
-0.32542
-0.62924
-0.13084
-1.3389
0.59497
-0.59749
0.20173
-0.025785
-0.58898
-0.20174
0.31556
-1.2565
-0.064013
-0.24078
-0.029801
-0.20375
0.096614
0.1504
0.77428
-0.60208
-0.69345
-0.9955
-0.95173
-1.6002
-0.55175
-1.0703
-0.01735
-0.54112
0.45151
0.25646
1.6231
0.81538
1.2188
1.2006
1.2388
0.028347
0.50605
0.075036
1.1293
-0.28091
0.63851
0.80345
0.27451
0.81134
1.1743
0.74345
1.1336
2.2364
0.9864
1.1634
1.034
0.012253
-0.10205
-1.3017
-1.2019
-1.5479
-1.4881
-2.0109
0.89936
-0.44437
0.2635
0.31627
1.6576
0.44369
0.22739
-0.92747
0.72603
-0.11594
-0.69121
0.1914
0.56725
-0.26523
0.94916
0.38467
0.90718
0.4693
-0.069733
-0.035858
0.44711
-1.0399
-0.29485
-0.45094
-0.17116
0.26768
1.1316
-0.061257
1.3157
0.88813
-0.63421
0.019109
0.21089
-0.43526
-1.1532
-2.4167
-0.34565
-0.87492
0.0073868
-1.3039
0.56678
-1.0279
0.15437
-0.59341
-0.31884
-0.60027
0.59104
-0.89536
-0.32152
0.24032
-0.13665
0.59736
0.91016
-0.29953
1.1083
0.10117
-0.19073
0.55012
0.66595
0.040833
0.86181
-0.48214
-0.097348
-0.041249
-0.49019
-1.4878
-0.50253
-1.86
0.30037
-1.4827
-0.35796
0.86501
0.15379
0.47846
1.1979
0.037869
-0.66489
-0.34839
-1.8635
-0.47688
-0.68134
-0.83879
-0.50355
0.32098
-1.2657
0.32709
-0.8675
-0.23077
-0.45689
-0.18194
-2.0927
0.34997
-2.4539
-1.3837
-0.87824
-0.86657
-1.1126
1.6473
0.2731
1.3343
1.1434
1.1585
-0.27954
-0.83582
-2.045
-0.8407
-1.8271
-1.4239
-0.7708
0.24329
-0.8525
0.9826
-0.32594
1.2138
-0.99393
-0.61562
0.31638
0.33699
-0.033362
0.93491
-0.28751
1.5841
-0.51518
0.072796
-0.14288
0.48842
-1.5374
-0.19166
-0.59552
0.13876
-0.0090172
-0.088011
-0.1922
0.79912
-0.34962
-0.19361
-0.45124
-0.27155
-0.20965
0.17555
0.074155
1.6252
0.55414
0.70265
1.0494
0.16413
-0.33838
-0.036736
-0.96059
-0.14633
-0.70022
-0.82791
-0.89804
0.076606
-0.3183
-0.035336
-0.084299
0.47619
1.1385
1.4543
1.7635
1.6151
2.6907
1.2204
1.1577
0.45323
0.1228
-0.626
0.69089
-1.7635
-1.9954
-0.19361
-1.2151
-0.895
0.28246
-0.69105
0.57041
0.48549
-0.37744
-0.1438
0.50315
-0.91202
-0.058307
-0.013283
0.5567
0.97159
-0.47726
0.50368
0.67174
0.10616
-0.84537
-1.2335
-1.4525
0.069533
-1.3924
-0.54579
0.12458
0.15501
0.82828
0.81847
-0.045025
0.7222
0.38296
1.2268
0.37109
0.76828
1.2187
0.42734
1.5925
1.497
1.5154
0.21039
0.18427
0.29068
-0.56014
-0.47027
-1.1519
-2.2678
-1.9481
-2.3723
-0.71857
-0.87158
0.50753
0.42356
1.3283
1.3495
1.3217
0.38223
1.7389
-0.64503
-0.47709
-0.29883
-0.91279
-1.2846
-0.39414
-0.1502
1.2188
0.068427
0.88525
0.41274
1.2681
-0.049097
-0.0069474
-0.79343
-0.53471
-1.0325
-1.6139
-2.2941
-0.61286
-1.4676
-0.58318
-0.021592
1.028
0.052134
2.6878
0.44684
1.0902
0.76922
0.87254
0.0057818
0.55789
-0.87278
0.033487
0.2528
-0.53886
-0.73035
0.30433
-0.44514
0.69313
0.77284
-0.17575
0.13949
0.32549
-1.8535
-0.2774
-0.16608
-0.37146
-0.2834
0.44056
0.73356
1.904
1.7882
0.83932
0.61928
0.58536
0.52391
0.46238
-0.71684
-0.036258
0.66869
0.082122
1.4456
0.032203
0.76366
0.049295
1.1702
-1.1913
0.5259
-0.71902
0.80148
-0.563
0.90737
0.32228
2.0739
-0.85085
1.548
0.24874
1.24
-0.95188
1.3092
-0.037618
0.85783
-1.11
0.7595
0.85387
0.97473
0.20859
1.1437
0.41073
1.1055
-0.34293
0.64975
-0.81325
0.83255
-1.7964
-0.027744
-0.90067
0.12673
-1.3384
0.72972
-0.11709
0.36253
-0.27981
0.38807
0.504
0.87615
-0.4535
0.3848
0.25018
-0.1964
0.20782
-1.2931
-1.0159
-0.25581
-0.42221
-1.217
-0.33793
0.016696
0.39561
0.58377
1.2175
1.2019
1.3454
1.3951
0.528
0.22728
0.3345
0.48176
-0.83714
-1.6647
-1.6035
-0.41261
-0.89434
-1.3373
0.10094
0.046086
0.91719
1.5875
0.11049
1.2827
1.0821
-0.46274
0.34502
-0.15389
-0.88269
0.32174
-0.046927
-0.63891
0.76648
0.7731
0.80637
0.94055
0.62465
1.1167
0.79327
-0.26941
0.51816
0.45139
0.57732
0.17366
1.4459
0.010219
0.70206
0.64212
0.98041
-0.085502
0.51307
-0.72357
-0.07968
-0.41835
0.27728
-0.566
-0.84471
-0.8729
0.049607
0.082887
0.43164
-0.094677
0.77682
1.8233
1.1102
0.083631
1.0561
1.1308
0.65663
-0.29219
-0.39555
0.42424
0.32239
-0.39006
0.16524
0.61237
0.14201
0.24185
-0.14177
-0.054456
-0.71598
-0.35288
-0.89027
-0.22095
-0.79404
0.23185
-1.1534
-1.1459
-0.9136
-0.72919
-2.5228
0.10471
-1.3415
0.017177
0.22347
2.0199
0.031747
1.8534
0.093311
1.0866
-0.59963
0.57733
-1.0787
0.22809
-1.8956
-0.63254
-1.754
-0.71051
-1.7936
-0.082306
-1.4255
0.16489
-1.1983
0.084326
-0.39994
-0.084566
-0.44821
0.34502
-1.7999
0.075017
-1.9166
-0.38033
-1.4034
0.1358
-2.4509
0.39454
-1.6225
0.59381
-0.97716
0.33744
-0.27271
1.6908
1.5135
1.2988
0.027851
0.56371
0.05726
0.11539
-0.85497
-0.62205
-1.4662
-1.2172
-1.9923
-0.96552
-1.4947
-0.70231
-0.95741
-0.0067986
-0.40498
0.50833
-0.2948
0.46247
-0.28922
0.83553
-0.28122
1.8155
-0.31648
1.5629
0.94282
1.0793
-0.26019
1.5358
-0.95051
0.62993
-0.49782
-0.55633
-1.2873
0.19056
-1.2452
0.10909
-0.63323
-0.78186
-1.0963
-0.28226
-1.2357
0.29049
-0.65778
1.0744
0.48719
1.07
0.31721
2.0531
0.41911
0.24703
-0.05231
0.94653
-0.18251
0.6475
-1.1552
0.97345
0.44359
0.71401
0.45161
1.7172
0.55487
1.4236
-0.48994
0.40991
0.02069
0.25414
-1.7738
0.5012
-0.57641
0.69342
0.15264
1.0763
-0.92229
2.1553
-0.9531
0.86766
-0.24995
-0.51578
-1.6056
-0.13594
-1.9751
-0.26389
-1.1403
0.31892
0.31637
0.35736
-0.041782
0.5239
-0.70757
-0.6581
-1.0128
-0.3084
-0.87687
-0.38952
0.25126
-0.67735
-1.0684
-0.17063
-0.4041
-0.96089
-0.13035
0.20922
-0.20997
0.67922
1.0597
0.26557
1.264
0.14135
0.65561
1.1402
-1.0039
-0.068531
-0.63603
-0.37524
-0.82389
-0.42598
-1.7915
0.12404
-1.496
-1.4858
0.037474
0.44556
-0.22197
2.3467
-0.074743
1.0174
-0.46157
-0.12409
-1.1891
-0.29371
-2.6433
-0.064392
-1.2928
-0.12735
-0.70627
1.1863
-0.17887
0.21743
-1.0141
0.20203
0.086612
-0.8866
-0.80161
-0.18504
0.25441
0.42043
-0.38312
-0.18001
0.065434
0.32782
0.54752
0.86487
-0.26589
0.35498
-0.034024
0.042054
0.20366
0.77864
0.57688
0.67762
0.53947
1.1197
0.23711
1.1348
-0.14778
0.0029438
-0.30262
0.72208
-1.0742
-0.07521
-0.22917
-0.22608
0.1832
-0.15513
0.59781
0.64537
0.21652
0.62671
-0.018102
-1.0992
-0.15509
-1.2037
-0.65377
-1.302
-1.2353
-1.1429
-0.22457
-0.67787
-0.18183
-1.0193
0.90068
0.28694
0.98065
0.93415
1.3646
-0.091474
0.76167
-0.045105
-0.0011998
-1.1689
-0.56622
-0.17443
0.06056
-0.33209
0.094744
0.56416
0.075772
0.26625
0.29738
0.15292
0.80061
0.083618
-1.0257
-0.072851
-0.22016
-0.098528
0.32024
-0.43826
-0.43784
0.057755
-0.13452
-0.013504
0.3563
0.39756
1.2438
1.5692
0.91839
1.6462
0.56156
-0.3881
0.5207
-0.3903
-0.60067
-0.23455
-0.54379
0.54627
0.88821
-0.49994
0.13894
0.33776
-0.095906
-0.35391
-0.76848
-1.0947
-1.1345
-0.48558
-1.3548
-0.01342
0.56481
1.3634
0.014299
0.20175
0.96286
0.3734
0.63361
0.82992
1.5258
1.7016
1.8401
2.5585
3.384
1.7702
1.2209
1.1259
-0.10905
-0.93848
-0.56291
-1.1416
0.73023
-0.094691
0.41343
0.89281
0.13502
-0.16694
1.1127
-1.0437
0.17614
-1.3432
-0.46979
-0.31848
0.59422
-1.1327
1.1096
-0.15393
0.66685
0.21116
0.29356
0.45152
1.9316
-2.1672
0.1507
-0.57979
-1.1137
-1.8401
-0.35406
-2.2323
0.95882
-1.2645
-0.28145
-0.32237
0.75609
-0.98027
0.051011
-1.4537
-0.37507
-0.51452
-0.094026
-1.2177
1.1747
-0.68605
0.64412
0.22977
1.5148
0.5619
2.7782
0.82804
2.1669
0.24166
0.84328
-0.14754
-0.44643
-1.7572
0.20654
-0.073565
-0.56159
-0.71029
-0.17628
-0.041857
1.0235
-0.52316
0.6388
0.77966
0.24381
-0.43373
1.144
0.2958
0.14745
0.64751
0.86294
-0.38823
0.24647
-0.96558
0.27445
-0.65302
0.9724
-0.18544
1.0228
-0.23726
0.36407
-1.7947
-0.15138
-1.2565
-1.7085
-1.569
-0.044817
-1.0245
0.41766
-0.64849
0.11616
-0.0092151
-0.57873
-1.5034
-0.2182
-0.94816
0.1202
-0.3163
-0.65865
-0.37713
-0.3754
-0.50679
0.35507
0.3373
-0.22519
0.32216
0.49111
0.4622
0.6288
1.1561
2.03
1.4546
1.4463
1.4184
1.8162
0.73673
0.88817
-0.11626
-0.45715
-0.98642
-0.38775
-0.52981
-0.43486
0.61486
0.64664
0.62672
1.1936
0.59915
0.8274
-0.00038152
-0.032922
-0.86643
-0.64344
-1.1765
-0.1747
-1.1381
-1.4578
-0.52216
0.1844
1.8038
1.9693
2.128
1.414
2.0195
2.2479
1.2706
0.55384
0.74176
0.70397
-0.53349
-0.88322
-0.70069
0.39945
-1.3321
-0.426
-0.71999
0.98247
-0.53139
-0.32963
0.1834
1.6902
-0.40279
0.11029
0.48958
0.37891
-1.1411
-0.20094
-1.0822
0.13818
0.16696
-0.34342
-0.45501
1.3952
-0.46559
0.57288
-1.0955
0.78849
-0.36941
-0.46213
-0.98793
0.48629
-0.11411
1.1005
0.45097
0.91632
0.48634
0.59519
-0.44542
1.0444
-0.25984
0.11709
-0.91704
0.01834
-1.8323
-0.12167
-1.4205
-0.90159
-0.11959
-0.29595
-1.4081
0.16824
-0.95254
-0.063278
0.49893
-0.051211
0.83192
2.0266
0.43359
1.5412
0.093827
0.5654
0.12036
-0.80232
-1.2547
-0.11073
-2.6951
-0.566
-1.1703
0.63535
0.40105
2.0218
0.90764
3.0125
1.437
2.4449
0.42784
0.098734
0.38959
0.6153
-0.85322
0.055559
-0.89642
0.038547
-0.83006
0.14285
-0.85347
-0.18877
-0.5239
0.19988
-0.53434
0.56714
-1.7379
1.1953
-0.20877
0.8765
-0.4479
0.8793
-1.4849
-0.15827
-0.43801
0.19342
-1.1518
-0.091342
-0.67241
-0.12211
-0.63099
0.41095
0.90414
1.7144
2.4834
2.2681
1.8233
2.139
0.8749
0.96796
0.21171
-1.0212
-2.3857
-0.47042
-2.2072
-1.7202
-1.5555
-0.014923
-0.067354
1.154
0.43881
2.556
1.5118
0.80291
1.1279
2.0177
-0.44236
1.8055
0.91316
0.38306
1.0808
0.35757
0.1469
1.8413
0.351
0.45768
1.3377
1.7
0.66973
2.3248
-0.0012468
1.1557
0.16256
-0.95138
0.13714
-0.30296
-1.2252
0.86004
0.59138
0.20634
0.78601
1.0891
0.43613
1.7254
0.06182
0.66057
0.09509
-0.24106
-0.54813
0.71299
-0.15945
0.35013
-0.23359
0.55633
0.54751
0.7352
0.6145
-0.23064
-0.38164
-1.455
-1.5249
-1.1919
-1.4994
-0.63355
-0.32487
-0.31324
0.3318
0.6442
0.77763
1.9079
0.54904
0.42289
0.40026
0.52339
-0.67469
-0.069509
-1.2383
0.41755
-1.0673
0.24965
-0.57349
0.72498
-0.69046
-0.24304
-0.23345
-1.1292
-0.82347
-0.72934
-1.1022
-0.66204
-1.2094
-0.43224
-0.52544
-0.38664
-0.44514
-0.34264
-0.91746
-0.28296
-1.1151
0.079325
-0.56044
-0.66134
-0.22332
-0.48718
0.27349
1.0402
-0.42708
-0.53909
-0.061401
0.25467
-0.59885
-1.572
-1.8218
-0.8991
-1.6283
-0.44966
-0.44407
-0.86051
0.46064
0.42121
-1.9345
0.41869
-0.46623
-1.1655
-0.97603
-0.72998
-1.9023
-0.57958
