-0.28809
-0.67923
0.035533
0.68365
-0.41438
-0.50434
0.39354
-0.093649
-0.62615
0.27101
0.046867
-0.81066
0.12925
0.38689
-0.35839
-0.23509
-0.18082
-0.59969
-2.1606
-1.4028
-0.63495
0.11827
0.080972
-0.41257
-0.23624
0.40658
-0.035404
0.05885
-0.77368
0.55828
0.72423
-0.19158
0.7556
1.2601
0.55216
-0.55388
0.070911
0.070092
0.23469
0.68843
-0.39609
-0.24607
0.21234
0.010964
-0.35029
0.58796
-0.22
0.073684
-0.88234
0.1998
-0.1766
-0.58813
-0.62115
0.57111
0.66863
-0.53771
-1.1344
0.0038128
0.27862
-0.10581
0.022824
0.021376
0.66234
0.83827
0.32584
-0.13942
0.22264
0.049399
0.68619
0.56847
0.17785
0.95646
1.1671
0.47544
0.47385
-0.5146
0.5634
0.39472
0.14736
0.493
0.66516
0.41666
0.13422
0.55525
0.42821
-0.26124
0.15387
-0.18795
-0.1533
0.3422
-0.071891
0.075221
0.30197
1.3149
0.90177
-0.77075
-1.033
-1.5714
-0.20126
1.4317
0.22993
0.85399
0.59353
-0.33313
-0.8372
-0.81836
0.39381
0.10128
-0.36223
-0.35757
0.61272
0.30316
-0.12507
-0.15922
1.3209
-0.43284
-0.17003
0.45934
-0.32933
0.75764
0.70948
-0.58309
-0.35977
0.17619
0.55078
0.30925
-0.068411
-0.085216
0.53306
0.13815
-0.45429
0.20178
0.086007
-0.76716
-1.206
1.3614
0.77508
0.31075
0.36855
0.014107
-0.013435
-1.1867
-0.81851
-0.13561
-0.30602
0.89496
1.0282
-0.21039
0.45571
0.048115
-1.199
-1.0876
-0.77188
0.69953
0.17607
0.47694
0.15897
-0.023845
-0.50523
0.082754
-0.77159
-0.36737
0.54757
0.50277
0.36071
0.48601
1.0794
0.039134
0.54008
-0.28899
-0.81044
-1.0089
-1.3442
-0.61285
0.97046
0.35302
0.19777
0.18579
-0.2716
0.0053979
-0.59493
-0.39166
-0.21827
0.48984
0.59472
0.14664
-0.13182
-0.4991
-1.3598
-0.19373
0.26749
0.46846
-0.011865
-0.8654
-0.15804
0.2325
-1.149
-0.69043
-0.14424
-1.2101
-0.61268
-0.47154
0.69252
-0.084792
0.91379
0.23498
-0.29493
-0.63737
0.1623
0.79532
1.4025
0.97998
0.73009
0.68619
-0.28944
-0.37312
-0.81156
-0.33756
0.47591
0.045269
-0.22014
-0.20839
0.66452
-0.50912
-0.69105
-0.49371
-0.021501
0.02899
0.93995
1.4398
-0.083987
0.44712
-0.37328
0.29079
0.085957
-0.36552
-0.17137
0.68885
0.41555
0.74965
0.20828
-0.75203
-0.57616
-0.57186
0.02142
0.41245
0.64702
-1.2676
-1.0694
-0.93891
0.11724
0.43846
0.6295
0.23308
0.67233
0.68604
0.69028
0.16232
0.24106
-0.12068
-0.1264
0.078943
0.64062
-0.023688
-0.11066
0.19894
-0.081125
-0.24839
0.14216
0.39096
-0.0844
-0.21567
-0.29776
0.38252
0.040273
-0.67131
-1.0993
0.35066
0.72443
0.62978
-0.75213
0.53806
0.69418
-0.79788
-0.46721
-0.7441
-1.4644
-0.78094
0.57985
0.024236
-0.68685
-0.70189
-0.083021
-0.096137
0.83239
1.0368
0.1359
0.14888
-0.202
-0.4811
-0.11334
-0.33224
0.18128
-0.082225
-0.88036
0.27576
0.29605
-0.59506
-0.55127
0.001406
-0.4935
-1.0636
-0.060115
-0.36795
-0.49535
-1.2082
-1.0017
-0.07861
-1.009
0.27217
-0.13863
0.3267
0.12545
0.69322
0.53642
0.55275
-0.53625
-1.1542
-1.1662
-0.54184
-0.078562
-0.38105
0.9005
1.4379
0.67536
0.42776
0.12706
-0.43211
-1.1449
0.19932
0.75889
0.2969
-0.85733
-0.47667
0.20091
0.92281
1.0309
0.79005
0.43215
-0.80633
-0.067504
0.63431
0.58789
0.38426
-0.67645
-0.4153
0.21468
-0.26763
0.38349
-0.014037
-1.0779
-1.7723
-0.77416
0.31336
0.78976
-0.41836
-0.41878
-0.50286
0.70325
-0.15055
-0.30025
-0.75927
-0.42045
-0.047982
-0.63168
-0.045556
0.42902
0.41569
-0.31437
-0.29794
1.3596
1.3488
0.61771
0.44106
-0.074535
0.08169
-0.23544
-0.77942
-0.41454
0.18926
-0.025082
-0.63592
-0.63396
-0.08004
0.29523
-0.89065
0.29153
0.074526
1.5763
0.39846
0.26996
0.21268
-0.60137
-0.43298
-1.3531
-1.0652
0.18382
-0.15194
-0.12126
0.29488
0.64671
0.88372
-0.00010579
0.17725
0.5995
0.33538
0.16325
-0.57603
-0.47712
0.34688
0.55477
0.04034
0.44965
1.308
0.9846
0.32393
-0.67669
-0.2651
0.0018681
-0.58018
0.9069
0.47828
-0.54952
-0.7936
-2.2027
-0.97664
-1.1631
-1.9061
-0.42283
0.19836
1.0195
-0.27512
-0.06416
-0.63997
-0.49706
0.45441
0.40067
-0.34888
0.51877
1.0674
0.67729
0.32659
0.14379
-0.30635
-0.24513
0.43318
0.19292
0.21092
-0.19294
0.97949
0.23962
0.15603
-0.67872
-1.1304
0.20178
0.22397
0.44692
0.53625
-1.1205
-0.95981
0.23645
0.4261
-0.18623
0.31184
-0.89293
-0.58811
-1.2825
-0.38944
-0.14199
-0.45163
0.41184
0.050234
0.062997
-1.3594
-0.15572
0.35888
0.82281
0.47724
0.34723
-0.21201
0.33077
0.44552
0.61362
0.018731
0.98725
0.82879
-0.39173
-0.49521
0.075489
0.7334
