-0.56091
-0.36002
1.1311
-0.73474
0.00066901
-0.98078
0.25834
-0.046126
-0.14338
-0.14032
0.3778
-0.034505
1.3815
-0.54581
0.83078
-0.72735
1.1388
0.16091
0.49887
-0.88883
0.081392
0.82181
1.0009
0.11564
-0.49383
-1.1121
0.20639
0.083706
0.35715
-0.66451
-0.81276
-0.73722
0.16573
0.73043
0.49174
0.23695
-0.44079
-0.18549
0.80741
0.20543
0.34004
-0.84449
-0.01698
-0.38422
0.26681
-0.07296
0.10681
-0.12698
-0.052151
0.30635
0.090073
-0.21435
-0.49465
0.3973
0.22422
1.0551
0.49369
0.75833
-0.19172
0.29876
0.29132
1.2864
0.91228
0.38464
-0.252
0.93572
0.17558
1.1941
0.17741
0.39059
0.101
1.1268
0.017249
0.029258
-0.58012
0.19575
-0.040613
0.01607
-0.067284
0.19723
0.19828
-0.14414
-0.70793
0.37467
0.6098
1.1293
0.16203
0.5487
0.32518
0.65847
0.5391
0.5504
0.20795
0.33167
0.12695
0.50367
-0.06108
0.65749
-0.11609
0.30568
1.0778
0.60197
0.42143
-0.24112
0.18081
0.037057
0.53764
0.32142
-0.2811
-0.58744
-0.38185
-0.10889
0.64388
-0.3553
0.046115
-1.1353
-0.2077
0.44501
0.41587
-0.36037
-0.9039
-0.58528
-0.48829
0.88937
0.14266
0.22728
-0.52712
-0.5492
0.33313
0.36732
0.4329
0.2711
0.59989
0.29091
1.0789
0.35721
0.57387
0.088424
0.16611
-0.28361
1.2576
0.59129
1.3036
-0.75029
0.97492
0.058674
0.97311
-0.29019
0.41647
-0.52874
0.33471
-0.18429
0.7264
0.42255
-0.049786
0.27858
-0.11441
0.19459
-0.086207
0.69538
-0.21794
0.73151
-0.087533
0.81999
-0.20138
0.014268
-0.1282
0.36396
0.29956
0.26518
0.55553
0.086031
0.46935
-0.076444
0.89651
0.21938
0.56457
0.073673
0.30628
0.22241
0.36329
-0.14829
-0.087521
0.07966
0.91024
0.34885
0.522
-0.37032
0.27211
0.51071
1.3866
0.60302
0.29334
-0.1821
0.51893
0.75536
1.0287
-0.045754
0.67949
-0.077102
0.72295
-0.027258
0.16638
0.05427
0.43838
0.51389
0.32873
-0.15202
0.072315
0.06618
0.28396
-0.0074647
-0.67726
0.020578
0.24675
0.64225
0.84849
-0.22076
0.57025
-0.19685
0.28553
0.47128
0.67082
0.15669
0.16491
-0.1898
0.73592
0.14512
-0.25345
-0.37175
-0.15433
0.39721
0.90171
0.17699
0.89175
-0.018162
0.86372
-0.3645
-0.21863
-0.086103
0.17479
0.32913
-0.33666
-0.47402
-0.44527
-0.15546
-0.65039
0.3614
-0.20617
0.306
0.056216
0.44718
0.045353
-0.25106
-0.12718
0.33544
-0.042204
-0.051032
0.20339
-0.23175
0.24083
-0.087884
0.2409
0.30614
0.65741
-0.12587
-0.137
0.088165
0.8341
0.60428
0.50005
-0.25482
0.16858
0.23494
0.76106
-0.049265
-0.14085
-0.92999
0.046175
-0.62263
0.26356
-0.77023
-0.18435
-0.14476
0.34162
-0.55863
-0.0043519
-0.54546
-0.38273
-0.45635
0.37343
-0.37231
-0.29454
-0.62799
0.40018
0.33112
0.41762
-0.48066
0.063535
0.41806
0.6664
0.28784
0.031535
-0.42248
-0.083816
0.81555
0.52455
0.84855
-0.54569
0.088526
-0.71626
0.71614
0.85063
0.96103
-0.27061
-0.059599
0.46933
0.61678
1.3749
0.053917
-0.11553
-0.087035
-0.27532
0.18585
-0.20127
-0.44205
-0.8956
0.21195
0.17405
0.23873
-1.1171
-0.6601
-0.20906
1.018
0.71276
-0.1972
-0.77562
-1.0195
-0.25258
0.24144
-0.127
-0.28436
-1.4386
-0.65588
-0.93975
-0.48775
-0.53744
-0.95999
-0.42029
0.03029
0.64141
0.13735
-0.49924
-0.64708
1.0759
0.23987
0.74177
0.20312
1.1368
0.54422
0.92562
-0.22138
0.13646
0.18677
0.57546
-0.08143
-0.48959
0.12541
-0.12983
0.36672
0.04962
-0.08793
-0.51296
0.51824
0.23192
0.4134
-0.62937
-0.20671
-0.46951
0.44475
-0.78897
-0.20017
-0.92465
0.13876
-0.40504
-0.14279
-0.48963
0.70448
-0.3898
0.35146
-0.55019
0.43212
-0.20848
0.4963
-0.025795
0.50116
0.066939
0.7427
0.43396
0.04407
-0.34018
-0.31668
0.26094
0.15759
0.24528
-0.24927
0.74955
0.16359
0.090685
0.011672
0.28559
0.61918
0.072141
0.49883
-0.10207
0.41728
0.16662
0.69042
0.48222
-0.1502
-0.17367
-0.020671
0.45519
0.26003
0.19089
-0.13773
-0.18765
0.43877
-0.132
-0.46935
-0.69619
-0.15424
-0.096346
-0.42651
-0.43255
-0.48376
-0.20096
-0.56203
0.37798
-0.54274
0.52394
-0.08016
0.39751
-1.1988
-0.33255
-0.084934
0.64938
0.15215
-0.80916
-0.37483
-0.16984
0.56682
-0.35177
0.078398
-0.98667
0.71162
-0.55588
0.8919
-0.68179
0.17206
-0.31618
1.1229
0.22376
0.42921
0.37935
0.10456
0.52794
0.66121
0.6685
0.31752
-0.24898
-0.17761
0.94931
0.20324
0.7241
-0.62865
0.75842
0.019538
0.28902
-0.55565
-0.36651
-0.16038
0.14677
0.54046
0.35263
1.025
-0.38185
0.38632
-0.31111
0.21139
-0.12961
-0.55063
0.18312
-0.23885
0.048452
0.42609
0.42809
0.1724
0.55717
0.45067
0.38727
0.43415
0.40934
0.43165
0.46894
0.23566
1.0102
-0.40175
1.2013
-0.59306
0.97861
-0.36126
0.23093
-0.42115
0.58674
-0.073896
0.21396
-0.49281
0.15132
-0.4401
-0.69494
-0.3055
-0.11554
-0.28419
-0.61592
-0.82487
-0.090186
-0.36914
-0.42673
-1.4761
-0.75745
-0.81169
0.7868
-0.31805
0.80672
-0.65679
0.082402
0.39536
0.10663
0.45272
-0.33451
0.37962
-0.63105
0.54886
-0.39059
0.23783
-0.42032
-0.33527
-0.2643
-0.20951
-0.21698
-0.13782
0.22401
-0.038813
-0.71541
-0.42254
0.34356
0.36036
0.50309
-0.35546
0.16993
0.49859
0.92383
0.71519
0.43008
0.010789
-0.048392
0.58703
-0.19934
1.1077
-0.64942
0.63794
-0.93361
0.61216
-0.69669
-0.97914
-0.54949
-0.9198
0.44951
-0.29677
-0.21695
-0.73476
0.30768
0.13293
-0.43274
-0.62181
-0.59485
-0.020927
-0.23373
-0.25213
0.033397
0.23625
-0.18941
-0.62747
0.17715
-0.30714
0.38387
-0.84214
-0.035577
-0.80086
0.10948
-0.69678
0.0041725
0.12323
0.76677
0.13848
-0.31291
-0.25602
0.34427
-0.059292
-0.0039969
-0.48278
0.66624
0.25563
0.056025
0.11674
-0.40132
0.48325
-0.35997
0.56379
0.052233
1.3152
0.37316
1.0663
0.70856
1.4899
-0.39494
1.0306
-0.077835
0.49433
0.01063
-0.2863
0.29665
0.47841
0.28037
-0.65616
-0.064333
-0.56624
0.50767
0.1286
-0.34301
-0.68059
-0.31215
0.070635
-0.29944
-0.97365
-0.86113
0.21264
0.042157
-0.23476
-0.36849
-0.36869
0.079829
0.54811
0.080708
-0.01789
-0.052883
-0.29722
0.46492
0.00012816
0.21158
-0.43969
0.24094
-0.80305
0.1453
-0.47667
0.40038
-0.56701
0.51291
-0.48457
0.59097
0.24028
1.005
-0.3815
0.34041
0.077761
0.37458
0.2994
0.20855
0.88395
-0.0070955
0.63249
-0.43545
0.26272
-0.20418
1.2486
-0.37069
-0.21282
-1.02
-0.43492
0.25322
-0.065458
-0.12821
-1.2643
-0.54148
-0.53281
0.56192
-0.54668
-0.34223
-0.93978
0.21336
0.04253
0.5538
-0.71818
-0.17721
-0.18424
0.68141
0.0080206
0.25618
0.49406
0.335
0.44046
0.14105
1.1993
-0.13821
0.22998
0.1405
0.7572
0.29357
0.032991
0.54324
-0.28761
0.56384
-0.064779
1.0136
-0.13215
0.56051
0.43725
1.1342
0.91624
0.22551
-0.18932
0.68195
0.44848
0.40008
0.78667
0.43598
0.22455
0.42276
0.13922
0.2757
0.09061
0.49494
0.66047
-0.099004
-0.17286
0.043039
0.21178
0.8266
-0.80942
-0.38165
-0.53827
0.59669
0.77886
0.055244
0.20038
-0.83899
0.61377
0.50653
0.77901
-0.13422
-0.38164
-0.07005
1.0506
0.34217
0.29011
-0.89866
-0.17414
-0.23887
0.45834
0.55829
0.25235
-0.39266
-0.20822
0.090471
0.054104
0.64235
-0.048848
0.15502
0.27773
0.97
-0.22943
0.92415
-0.22399
0.85165
0.13212
0.19068
-0.43767
1.0208
0.59477
0.88136
0.23466
-0.090262
-0.14094
-0.18514
0.25897
-0.57438
0.25035
-0.50245
0.047894
-0.84269
-0.15656
-0.26642
0.058279
-0.58963
0.21188
-0.20896
1.0702
0.16018
-0.017998
-0.92628
-0.090892
0.66339
0.35447
-0.19277
-0.88432
-0.33492
0.051968
1.1728
0.58557
-0.35564
-0.38755
-0.60234
1.0002
0.27298
0.052932
-1.1238
-0.34034
0.51814
1.1946
0.66283
-0.92475
-0.62943
0.18909
1.8684
0.59072
0.50634
-1.0943
0.34913
0.094468
1.0875
-0.2295
0.79613
-0.25074
0.82919
0.70704
0.59655
0.57738
0.094608
0.30213
-0.035299
0.30146
-0.18341
0.60776
-0.31834
-0.5406
-0.21239
-0.13478
-0.14351
0.18815
-0.83236
-0.5615
-1.0821
0.28066
-0.045792
0.034706
-0.076216
0.32595
0.54121
0.37761
-0.54527
-0.086131
-0.016744
0.44379
0.59947
-0.079873
-0.19857
-0.39321
-0.50868
0.1493
0.10715
-0.074163
-0.015836
0.33667
-0.050754
0.086915
-0.51713
0.37764
-0.44495
0.5111
-0.41786
-0.34234
-0.52683
-0.4326
-0.40982
0.17184
0.14282
-0.40034
-0.74174
-0.28847
0.41365
0.38581
0.14805
-0.74403
-0.26329
0.0061987
-0.1778
-0.025488
-0.57168
0.0067371
-0.60039
0.11
-0.44164
-0.23235
-0.34022
-0.21178
0.15005
-0.33979
-0.31961
-0.13651
-0.13421
-0.1022
-0.48972
0.48679
0.33632
0.1939
-0.162
-0.057786
0.090719
0.12141
0.84283
-0.020744
-0.36428
-0.64668
-0.44048
0.52259
-0.32449
0.32008
-0.80776
-0.3032
-0.49969
0.52678
-0.1309
-0.40402
-0.38487
0.21498
0.30877
0.26606
0.55727
0.39131
-0.48881
0.01429
0.17354
0.46154
0.50698
-0.61858
-0.5063
0.15138
0.13788
-0.32147
-0.43633
-0.23347
0.20475
-0.026593
-0.19657
0.32623
0.051997
-0.54942
-0.30998
-0.71021
-0.075113
0.15188
0.082625
-0.60958
-0.12871
-0.53833
0.26735
-0.48288
-0.048484
-1.0544
-0.12259
-0.38501
-0.36012
-0.27814
-1.0099
-0.026358
-0.63312
-0.32078
-0.49954
-0.62821
0.0054527
-0.14411
0.73968
-0.91599
0.22788
-1.4092
0.67849
-0.012585
0.55402
-0.51086
