-0.14343
-0.13364
-0.12376
-0.11381
-0.10379
-0.09372
-0.083604
-0.073456
-0.063287
-0.053108
-0.042929
-0.032763
-0.022619
-0.012508
-0.0024407
0.0075722
0.017521
0.027395
0.037186
0.046883
0.056478
0.065961
0.075324
0.084557
0.093653
0.1026
0.1114
0.12003
0.1285
0.13679
0.1449
0.15282
0.16054
0.16806
0.17537
0.18246
0.18934
0.19598
0.2024
0.20857
0.2145
0.22018
0.22561
0.23077
0.23567
0.2403
0.24465
0.24872
0.2525
0.25599
0.25919
0.26208
0.26467
0.26694
0.2689
0.27054
0.27186
0.27285
0.2735
0.27382
0.27379
0.27343
0.27272
0.27166
0.27024
0.26848
0.26636
0.26388
0.26105
0.25786
0.25432
0.25042
0.24616
0.24156
0.23661
0.23131
0.22567
0.21969
0.21339
0.20676
0.19981
0.19255
0.18499
0.17713
0.16899
0.16058
0.1519
0.14296
0.13378
0.12437
0.11474
0.1049
0.094871
0.084656
0.074273
0.063734
0.053052
0.04224
0.031312
0.02028
0.009157
-0.002044
-0.01331
-0.02463
-0.035991
-0.047381
-0.05879
-0.070206
-0.081619
-0.093019
-0.1044
-0.11574
-0.12705
-0.1383
-0.1495
-0.16063
-0.17169
-0.18267
-0.19357
-0.20438
-0.21509
-0.2257
-0.2362
-0.24659
-0.25687
-0.26702
-0.27705
-0.28695
-0.29671
-0.30634
-0.31583
-0.32516
-0.33435
-0.34338
-0.35225
-0.36095
-0.36948
-0.37783
-0.38599
-0.39396
-0.40173
-0.40929
-0.41662
-0.42373
-0.4306
-0.43721
-0.44357
-0.44964
-0.45542
-0.46089
-0.46604
-0.47085
-0.47531
-0.47938
-0.48307
-0.48633
-0.48917
-0.49155
-0.49345
-0.49485
-0.49574
-0.49608
-0.49586
-0.49506
-0.49366
-0.49164
-0.48898
-0.48566
-0.48168
-0.47701
-0.47165
-0.46558
-0.45881
-0.45132
-0.44312
-0.4342
-0.42458
-0.41427
-0.40326
-0.39159
-0.37926
-0.3663
-0.35273
-0.33858
-0.32389
-0.30867
-0.29297
-0.27682
-0.26026
-0.24334
-0.22608
-0.20854
-0.19076
-0.17277
-0.15462
-0.13636
-0.11801
-0.099624
-0.081238
-0.062886
-0.044604
-0.026425
-0.0083791
0.0095038
0.027198
0.044678
0.061923
0.078913
0.09563
0.11206
0.12819
0.144
0.1595
0.17466
0.18949
0.20399
0.21814
0.23196
0.24543
0.25857
0.27137
0.28385
0.29599
0.30782
0.31934
0.33054
0.34145
0.35207
0.36241
0.37246
0.38226
0.39179
0.40108
0.41012
0.41893
0.42751
0.43588
0.44403
0.45198
0.45973
0.46729
0.47467
0.48186
0.48887
0.4957
0.50236
0.50885
0.51517
0.52131
0.52728
0.53307
0.53868
0.54411
0.54934
0.55438
0.5592
0.56381
0.56819
0.57233
0.57621
0.57981
0.58313
0.58614
0.58882
0.59115
0.59311
0.59468
0.59583
0.59653
0.59677
0.59651
0.59572
0.59439
0.59248
0.58996
0.58682
0.58302
0.57855
0.57338
0.56749
0.56087
0.55349
0.54536
0.53645
0.52676
0.5163
0.50506
0.49305
0.48028
0.46677
0.45253
0.43759
0.42197
0.40571
0.38885
0.37141
0.35345
0.335
0.31611
0.29684
0.27722
0.25732
0.23718
0.21686
0.1964
0.17586
0.15529
0.13474
0.11424
0.093857
0.073621
0.053573
0.033752
0.014191
-0.0050779
-0.024027
-0.042629
-0.060863
-0.078709
-0.096148
-0.11317
-0.12976
-0.1459
-0.1616
-0.17685
-0.19163
-0.20596
-0.21984
-0.23326
-0.24622
-0.25874
-0.27082
-0.28246
-0.29368
-0.30447
-0.31486
-0.32484
-0.33443
-0.34364
-0.35247
-0.36094
-0.36906
-0.37683
-0.38427
-0.39138
-0.39817
-0.40466
-0.41085
-0.41675
-0.42236
-0.42769
-0.43276
-0.43756
-0.4421
-0.4464
-0.45044
-0.45423
-0.45779
-0.46111
-0.46419
-0.46703
-0.46965
-0.47203
-0.47417
-0.47608
-0.47776
-0.4792
-0.48039
-0.48135
-0.48205
-0.48251
-0.48271
-0.48265
-0.48232
-0.48172
-0.48084
-0.47968
-0.47822
-0.47647
-0.47441
-0.47203
-0.46934
-0.46632
-0.46297
-0.45928
-0.45524
-0.45085
-0.4461
-0.44099
-0.43552
-0.42967
-0.42345
-0.41686
-0.4099
-0.40256
-0.39485
-0.38677
-0.37832
-0.36952
-0.36036
-0.35085
-0.34101
-0.33084
-0.32035
-0.30957
-0.29849
-0.28714
-0.27553
-0.26368
-0.25161
-0.23934
-0.22688
-0.21426
-0.20149
-0.18861
-0.17562
-0.16255
-0.14943
-0.13627
-0.1231
-0.10994
-0.096804
-0.083717
-0.0707
-0.057772
-0.044952
-0.032258
-0.019707
-0.0073155
0.0049004
0.016926
0.028747
0.04035
0.051723
0.062854
0.073734
0.084352
0.094699
0.10477
0.11455
0.12404
0.13323
0.14212
0.1507
0.15897
0.16692
0.17456
0.18187
0.18887
0.19553
0.20188
0.2079
0.21359
0.21895
0.22399
0.2287
0.23309
0.23715
0.24089
0.2443
0.24738
0.25015
0.25259
0.25471
0.25652
0.258
0.25917
0.26002
0.26055
0.26077
0.26068
0.26028
0.25956
0.25854
0.25721
0.25558
0.25364
0.25139
0.24885
0.24601
0.24287
0.23944
0.23571
0.2317
0.2274
0.22281
0.21794
0.2128
0.20738
0.20169
0.19573
0.18951
0.18304
0.17631
0.16933
0.16211
0.15465
0.14697
0.13905
0.13092
0.12258
0.11403
0.10529
0.09635
0.08723
0.077935
0.068473
0.058852
0.049079
0.039164
0.029116
0.018942
0.0086517
-0.0017455
-0.01224
-0.022824
-0.033487
-0.044219
-0.055012
-0.065856
-0.076741
-0.087657
-0.098595
-0.10954
-0.12049
-0.13143
-0.14235
-0.15325
-0.16409
-0.17489
-0.18563
-0.19629
-0.20686
-0.21733
-0.2277
-0.23794
-0.24804
-0.258
-0.26778
-0.27739
-0.28681
-0.29601
-0.30499
-0.31373
-0.3222
-0.3304
-0.3383
-0.34588
-0.35312
-0.36001
-0.36653
-0.37264
-0.37833
-0.38358
-0.38837
-0.39267
-0.39646
-0.39972
-0.40243
-0.40456
-0.4061
-0.40702
-0.40731
-0.40694
-0.40591
-0.4042
-0.40178
-0.39867
-0.39483
-0.39027
-0.38499
-0.37898
-0.37224
-0.36478
-0.35661
-0.34773
-0.33816
-0.32791
-0.31701
-0.30548
-0.29334
-0.28061
-0.26733
-0.25354
-0.23925
-0.22452
-0.20937
-0.19384
-0.17797
-0.1618
-0.14537
-0.12871
-0.11188
-0.094889
-0.077793
-0.060621
-0.043408
-0.026188
-0.0089902
0.0081552
0.025221
0.042182
0.059016
0.075701
0.092218
0.10855
0.12469
0.14061
0.15631
0.17178
0.18701
0.202
0.21675
0.23124
0.24549
0.2595
0.27326
0.28678
0.30006
0.31312
0.32595
0.33857
0.35098
0.36319
0.37522
0.38706
0.39874
0.41025
0.42162
0.43285
0.44395
0.45493
0.46581
0.47658
0.48727
0.49788
0.50841
0.51889
0.5293
0.53967
0.54999
0.56027
0.57051
0.58071
0.59088
0.601
0.61108
0.62112
0.63109
0.641
0.65082
0.66055
0.67016
0.67964
0.68895
0.69806
0.70696
0.71558
0.72391
0.73189
0.73947
0.74661
0.75324
0.7593
0.76473
0.76947
0.77343
0.77656
0.77877
0.77999
0.78015
0.77916
0.77697
0.77349
0.76866
0.76243
0.75473
0.74553
0.73479
0.72248
0.70858
0.69311
0.67605
0.65745
0.63733
0.61575
0.59276
0.56844
0.54289
0.51619
0.48845
0.45978
0.43031
0.40015
0.36943
0.33828
0.30683
0.27519
0.24349
0.21184
0.18034
0.14911
0.11822
0.087777
0.057843
0.028489
-0.00022661
-0.028255
-0.055555
-0.082094
-0.10785
-0.1328
-0.15693
-0.18025
-0.20275
-0.22443
-0.24532
-0.26541
-0.28474
-0.30332
-0.32117
-0.33833
-0.3548
-0.37064
-0.38585
-0.40048
-0.41456
-0.4281
-0.44115
-0.45374
-0.46588
-0.47763
-0.48899
-0.5
-0.5107
-0.5211
-0.53122
-0.54111
-0.55077
-0.56024
-0.56953
-0.57867
-0.58767
-0.59656
-0.60535
-0.61405
-0.62269
-0.63127
-0.63981
-0.64831
-0.65679
-0.66524
-0.67369
-0.68212
-0.69053
-0.69893
-0.70731
-0.71566
-0.72396
-0.73222
-0.7404
-0.74848
-0.75645
-0.76427
-0.77191
-0.77933
-0.78649
-0.79335
-0.79984
-0.80592
-0.81153
-0.81659
-0.82105
-0.82482
-0.82784
-0.83003
-0.83129
-0.83156
-0.83075
-0.82877
-0.82555
-0.82101
-0.81507
-0.80768
-0.79877
-0.78829
-0.7762
-0.76248
-0.7471
-0.73007
-0.71139
-0.69109
-0.66921
-0.64581
-0.62096
-0.59473
-0.56723
-0.53856
-0.50884
-0.47819
-0.44674
-0.41463
-0.38199
-0.34896
-0.31568
-0.28228
-0.24888
-0.21562
-0.18259
-0.14991
-0.11768
-0.085986
-0.054899
-0.024492
0.0051778
0.034062
0.062121
0.089324
0.11565
0.14108
0.16561
0.18924
0.21197
0.23382
0.25479
0.27491
0.29419
0.31266
0.33035
0.34728
0.36349
0.379
0.39385
0.40807
0.42169
0.43473
0.44725
0.45926
0.47079
0.48188
0.49256
0.50286
0.51279
0.5224
0.5317
0.54072
0.54948
0.55801
0.56633
0.57445
0.5824
0.59019
0.59785
0.60538
0.61279
0.62011
0.62734
0.63449
0.64157
0.64858
0.65553
0.66242
0.66925
0.67601
0.68271
0.68934
0.69588
0.70232
0.70866
0.71487
0.72094
0.72684
0.73253
0.73801
0.74322
0.74813
0.75271
0.75691
0.76069
0.76399
0.76676
0.76894
0.77049
0.77133
0.77142
0.77068
0.76906
0.76649
0.76291
0.75828
0.75252
0.74559
0.73745
0.72806
0.71738
0.70538
0.69206
0.6774
0.66141
0.64409
0.62548
0.60561
0.58452
0.56226
0.5389
0.51452
0.48919
0.46301
0.43606
0.40845
0.38028
0.35166
0.32268
0.29345
0.26409
0.23468
0.20532
0.17611
0.14713
0.11847
0.090193
0.062371
0.035062
0.0083199
-0.017809
-0.043286
-0.06808
-0.092163
-0.11552
-0.13813
-0.15999
-0.18109
-0.20144
-0.22103
-0.23989
-0.25801
-0.27542
-0.29212
-0.30814
-0.3235
-0.33821
-0.35231
-0.36581
-0.37873
-0.3911
-0.40295
-0.41429
-0.42515
-0.43556
-0.44554
-0.4551
-0.46428
-0.47309
-0.48155
-0.48968
-0.49751
-0.50504
-0.5123
-0.51931
-0.52607
-0.5326
-0.53891
-0.54503
-0.55095
-0.55669
-0.56226
-0.56766
-0.5729
-0.57799
-0.58292
-0.58771
-0.59236
-0.59686
-0.60121
-0.60541
-0.60946
-0.61335
-0.61707
-0.62061
-0.62397
-0.62713
-0.63008
-0.6328
-0.63528
-0.63749
-0.63942
-0.64104
-0.64234
-0.64328
-0.64384
-0.644
-0.64372
-0.64298
-0.64175
-0.63999
-0.63768
-0.63479
-0.63128
-0.62713
-0.62232
-0.6168
-0.61057
-0.6036
-0.59587
-0.58736
-0.57806
-0.56796
-0.55706
-0.54535
-0.53284
-0.51954
-0.50546
-0.49061
-0.47502
-0.45872
-0.44173
-0.4241
-0.40586
-0.38706
-0.36774
-0.34796
-0.32776
-0.3072
-0.28633
-0.26522
-0.24391
-0.22246
-0.20094
-0.17939
-0.15786
-0.13642
-0.1151
-0.093956
-0.073031
-0.052366
-0.031998
-0.011963
0.0077101
0.026991
0.045856
0.064282
0.08225
0.099746
0.11676
0.13327
0.14928
0.16478
0.17977
0.19424
0.2082
0.22165
0.2346
0.24704
0.25898
0.27044
0.28142
0.29192
0.30197
0.31156
0.3207
0.32942
0.33771
0.34559
0.35307
0.36016
0.36687
0.37321
0.37919
0.38481
0.3901
0.39505
0.39967
0.40398
0.40798
0.41167
0.41507
0.41818
0.42101
0.42355
0.42582
0.42782
0.42955
0.43102
0.43223
0.43318
0.43387
0.43431
0.4345
0.43443
0.4341
0.43353
0.4327
0.43162
0.43028
0.42869
0.42685
0.42474
0.42238
0.41975
0.41686
0.41371
0.4103
0.40661
0.40266
0.39845
0.39396
0.3892
0.38417
0.37887
0.3733
0.36747
0.36136
0.35499
0.34836
0.34147
0.33432
0.32692
0.31927
0.31138
0.30325
0.29489
0.28631
0.27752
0.26852
0.25932
0.24994
0.24038
0.23066
0.22078
0.21076
0.20062
0.19035
0.17999
0.16953
0.15899
0.1484
0.13775
0.12707
0.11637
0.10566
0.09496
0.084282
0.073639
0.063045
0.052513
0.042057
0.03169
0.021424
0.01127
0.0012424
-0.008649
-0.018393
-0.027979
-0.037396
-0.046636
-0.055688
-0.064544
-0.073196
-0.081635
-0.089853
-0.097845
-0.1056
-0.11312
-0.12039
-0.12741
-0.13417
-0.14067
-0.1469
-0.15286
-0.15855
-0.16396
-0.16909
-0.17393
-0.17848
-0.18274
-0.18671
-0.19038
-0.19375
-0.19682
-0.19959
-0.20206
-0.20422
-0.20607
-0.20761
-0.20885
-0.20977
-0.21039
-0.21069
-0.21068
-0.21035
-0.20972
-0.20877
-0.20751
-0.20593
-0.20405
-0.20185
-0.19934
-0.19653
-0.19341
-0.18998
-0.18624
-0.18221
-0.17788
-0.17325
-0.16833
-0.16312
-0.15762
-0.15184
-0.14578
-0.13945
-0.13285
-0.12598
-0.11886
-0.11148
-0.10386
-0.095995
-0.087897
-0.079572
-0.071026
-0.062266
-0.0533
-0.044135
-0.03478
-0.025241
-0.015528
-0.0056482
0.0043897
0.014577
0.024906
0.035367
0.045952
0.056651
0.067456
0.078358
0.089347
0.10041
0.11155
0.12274
0.13399
0.14527
0.15659
0.16792
0.17927
0.19061
0.20195
0.21325
0.22453
0.23576
0.24693
0.25803
0.26905
0.27997
0.29078
0.30146
0.31199
0.32237
0.33258
0.34258
0.35237
0.36193
0.37124
0.38026
0.38899
0.39739
0.40545
0.41313
0.42041
0.42726
0.43365
0.43956
0.44495
0.4498
0.45407
0.45774
0.46077
0.46314
0.46482
0.46578
0.46599
0.46543
0.46408
0.46192
0.45892
0.45508
0.45038
0.44481
0.43837
0.43105
0.42287
0.41382
0.40391
0.39317
0.38162
0.36926
0.35615
0.34229
0.32774
0.31253
0.2967
0.28029
0.26336
0.24594
0.2281
0.20987
0.19132
0.17249
0.15343
0.13419
0.11482
0.095376
0.075892
0.056414
0.036983
0.017638
-0.0015857
-0.020656
-0.039542
-0.058217
-0.076659
-0.094845
-0.11276
-0.13038
-0.14771
-0.16472
-0.18141
-0.19778
-0.21383
-0.22955
-0.24495
-0.26002
-0.27477
-0.28922
-0.30336
-0.31721
-0.33077
-0.34406
-0.35709
-0.36987
-0.38241
-0.39473
-0.40684
-0.41876
-0.43049
-0.44206
-0.45347
-0.46475
-0.47591
-0.48695
-0.4979
-0.50877
-0.51957
-0.53031
-0.541
-0.55166
-0.5623
-0.57291
-0.58352
-0.59412
-0.60473
-0.61534
-0.62596
-0.63658
-0.64721
-0.65783
-0.66845
-0.67905
-0.68961
-0.70013
-0.71058
-0.72093
-0.73116
-0.74124
-0.75112
-0.76077
-0.77015
-0.77919
-0.78784
-0.79604
-0.80372
-0.81081
-0.81724
-0.82291
-0.82776
-0.83168
-0.83458
-0.83638
-0.83699
-0.8363
-0.83424
-0.8307
-0.82562
-0.81892
-0.81054
-0.80041
-0.7885
-0.77478
-0.75922
-0.74183
-0.72263
-0.70165
-0.67894
-0.65457
-0.62861
-0.60117
-0.57236
-0.5423
-0.51112
-0.47897
-0.44599
-0.41235
-0.37818
-0.34364
-0.30888
-0.27405
-0.23929
-0.20471
-0.17045
-0.13662
-0.10332
-0.07063
-0.038636
-0.0074033
0.023013
0.052566
0.081221
0.10895
0.13575
0.16159
0.18648
0.21043
0.23345
0.25554
0.27674
0.29707
0.31655
0.33522
0.3531
0.37023
0.38665
0.40239
0.41749
0.43198
0.44591
0.45929
0.47219
0.48462
0.49662
0.50823
0.51948
0.5304
0.54102
0.55138
0.5615
0.5714
0.58112
0.59069
0.60011
0.60943
0.61865
0.62781
0.63691
0.64598
0.65503
0.66408
0.67313
0.6822
0.69129
0.70042
0.70959
0.71879
0.72803
0.7373
0.74659
0.7559
0.7652
0.77448
0.78372
0.79289
0.80196
0.81089
0.81963
0.82814
0.83637
0.84426
0.85173
0.85873
0.86516
0.87096
0.87603
0.88029
0.88362
0.88595
0.88715
0.88714
0.88582
0.88307
0.87881
0.87294
0.86538
0.85606
0.84492
0.8319
0.81697
0.80011
0.78132
0.76061
0.73803
0.71361
0.68744
0.65961
0.63023
0.5994
0.56729
0.53402
0.49975
0.46466
0.4289
0.39264
0.35604
0.31928
0.2825
0.24586
0.20948
0.17352
0.13807
0.10324
0.06914
0.035834
0.003394
-0.028123
-0.058673
-0.088224
-0.11675
-0.14424
-0.17069
-0.1961
-0.22048
-0.24385
-0.26622
-0.28762
-0.30809
-0.32764
-0.34632
-0.36416
-0.3812
-0.39748
-0.41303
-0.4279
-0.44212
-0.45574
-0.46879
-0.4813
-0.49332
-0.50489
-0.51603
-0.52678
-0.53718
-0.54725
-0.55702
-0.56653
-0.5758
-0.58486
-0.59374
-0.60245
-0.61102
-0.61948
-0.62783
-0.6361
-0.64431
-0.65247
-0.66059
-0.66868
-0.67676
-0.68482
-0.69289
-0.70095
-0.70902
-0.71708
-0.72514
-0.73318
-0.74121
-0.74919
-0.75712
-0.76498
-0.77273
-0.78036
-0.78782
-0.79508
-0.80211
-0.80884
-0.81523
-0.82122
-0.82675
-0.83175
-0.83616
-0.8399
-0.84289
-0.84504
-0.84629
-0.84653
-0.84569
-0.84368
-0.84042
-0.83582
-0.82982
-0.82234
-0.81332
-0.8027
-0.79044
-0.77652
-0.76091
-0.74361
-0.72462
-0.70398
-0.68173
-0.65791
-0.63261
-0.6059
-0.57789
-0.54868
-0.51839
-0.48716
-0.45511
-0.42239
-0.38913
-0.35548
-0.32158
-0.28757
-0.25357
-0.21971
-0.18612
-0.15289
-0.12013
-0.087931
-0.056367
-0.025511
0.0045786
0.033853
0.062272
0.089805
0.11643
0.14213
0.16691
0.19076
0.21368
0.23569
0.2568
0.27703
0.2964
0.31495
0.33269
0.34966
0.36588
0.3814
0.39623
0.41042
0.42399
0.43698
0.44943
0.46136
0.4728
0.48379
0.49436
0.50453
0.51434
0.52381
0.53296
0.54183
0.55044
0.5588
0.56694
0.57488
0.58265
0.59025
0.5977
0.60502
0.61223
0.61932
0.62633
0.63325
0.64009
0.64685
0.65355
0.66019
0.66675
0.67325
0.67968
0.68603
0.69229
0.69846
0.70451
0.71044
0.71622
0.72183
0.72724
0.73243
0.73736
0.74201
0.74632
0.75027
0.7538
0.75686
0.75942
0.76141
0.76278
0.76348
0.76343
0.7626
0.76091
0.75831
0.75475
0.75015
0.74448
0.73769
0.72972
0.72054
0.71013
0.69844
0.68548
0.67122
0.65567
0.63884
0.62075
0.60143
0.58093
0.55928
0.53656
0.51284
0.48817
0.46266
0.43639
0.40946
0.38195
0.35398
0.32564
0.29703
0.26826
0.23942
0.2106
0.1819
0.1534
0.12518
0.097309
0.069861
0.042892
0.016458
-0.0093952
-0.034627
-0.059205
-0.083101
-0.10629
-0.12877
-0.15051
-0.17151
-0.19178
-0.21132
-0.23012
-0.24821
-0.26559
-0.28227
-0.29828
-0.31362
-0.32833
-0.34242
-0.35591
-0.36883
-0.38119
-0.39302
-0.40435
-0.41519
-0.42556
-0.4355
-0.44502
-0.45413
-0.46287
-0.47126
-0.4793
-0.48702
-0.49444
-0.50158
-0.50844
-0.51504
-0.52141
-0.52754
-0.53346
-0.53917
-0.54469
-0.55002
-0.55517
-0.56014
-0.56495
-0.56959
-0.57407
-0.5784
-0.58257
-0.58657
-0.59042
-0.59411
-0.59763
-0.60097
-0.60413
-0.6071
-0.60988
-0.61244
-0.61477
-0.61687
-0.61871
-0.62028
-0.62155
-0.62252
-0.62315
-0.62342
-0.62332
-0.62282
-0.62189
-0.6205
-0.61864
-0.61627
-0.61337
-0.60992
-0.60588
-0.60124
-0.59597
-0.59006
-0.58347
-0.5762
-0.56823
-0.55955
-0.55014
-0.54001
-0.52915
-0.51756
-0.50525
-0.49223
-0.47851
-0.46411
-0.44905
-0.43335
-0.41706
-0.40019
-0.38278
-0.36489
-0.34654
-0.32778
-0.30866
-0.28922
-0.26952
-0.24961
-0.22953
-0.20934
-0.18908
-0.16881
-0.14857
-0.1284
-0.10836
-0.088479
-0.068799
-0.049358
-0.030189
-0.011325
0.0072056
0.025377
0.043166
0.060552
0.077517
0.094045
0.11012
0.12574
0.1409
0.15558
0.16978
0.1835
0.19673
0.20949
0.22177
0.23358
0.24491
0.25578
0.26618
0.27614
0.28565
0.29472
0.30337
0.31159
0.3194
0.3268
0.33381
0.34043
0.34668
0.35255
0.35806
0.36322
0.36804
0.37251
0.37665
0.38047
0.38397
0.38716
0.39004
0.39262
0.39491
0.3969
0.39861
0.40003
0.40117
0.40204
0.40263
0.40295
0.403
0.40278
0.40229
0.40154
0.40053
0.39925
0.39771
0.39591
0.39384
0.39152
0.38893
0.38608
0.38297
0.3796
0.37597
0.37208
0.36793
0.36352
0.35885
0.35392
0.34874
0.34331
0.33762
0.33168
0.3255
0.31907
0.3124
0.3055
0.29836
0.291
0.28341
0.27561
0.2676
0.25938
0.25097
0.24238
0.2336
0.22465
0.21554
0.20628
0.19687
0.18734
0.17768
0.16791
0.15804
0.14809
0.13806
0.12796
0.11781
0.10762
0.097403
0.087167
0.076926
0.066692
0.056478
0.046294
0.036153
0.026066
0.016044
0.0060985
-0.0037603
-0.013522
-0.023176
-0.032712
-0.042121
-0.051393
-0.06052
-0.069491
-0.0783
-0.086938
-0.095398
-0.10367
-0.11175
-0.11963
-0.1273
-0.13476
-0.142
-0.14901
-0.1558
-0.16234
-0.16865
-0.17471
-0.18052
-0.18607
-0.19136
-0.19639
-0.20115
-0.20564
-0.20985
-0.21378
-0.21743
-0.2208
-0.22387
-0.22665
-0.22913
-0.23132
-0.2332
-0.23478
-0.23605
-0.23701
-0.23766
-0.238
-0.23803
-0.23773
-0.23712
-0.23619
-0.23494
-0.23336
-0.23147
-0.22925
-0.22672
-0.22386
-0.22068
-0.21719
-0.21338
-0.20925
-0.20482
-0.20007
-0.19502
-0.18966
-0.18401
-0.17806
-0.17183
-0.16531
-0.15852
-0.15145
-0.14412
-0.13653
-0.1287
-0.12062
-0.1123
-0.10376
-0.095007
-0.086043
-0.07688
-0.067527
-0.057994
-0.048291
-0.038428
-0.028414
-0.018259
-0.0079736
0.0024323
0.012949
0.023566
0.034273
0.045062
0.055923
0.066845
0.077821
0.08884
0.099894
0.11097
0.12207
0.13317
0.14428
0.15538
0.16646
0.17751
0.18854
0.19953
0.21047
0.22135
0.23218
0.24293
0.25361
0.2642
0.2747
0.28509
0.29538
0.30555
0.31559
0.3255
0.33526
0.34486
0.3543
0.36355
0.37261
0.38147
0.39011
0.39851
0.40666
0.41455
0.42215
0.42945
0.43643
0.44307
0.44935
0.45524
0.46072
0.46578
0.47037
0.47449
0.4781
0.48118
0.4837
0.48564
0.48697
0.48766
0.4877
0.48706
0.48571
0.48364
0.48083
0.47725
0.4729
0.46777
0.46183
0.4551
0.44755
0.43921
0.43006
0.42012
0.4094
0.39792
0.38569
0.37274
0.35909
0.34477
0.32983
0.31428
0.29819
0.28157
0.26448
0.24697
0.22907
0.21084
0.19232
0.17357
0.15462
0.13552
0.11633
0.097075
0.077808
0.058567
0.039392
0.020317
0.0013755
-0.0174
-0.035982
-0.054345
-0.072465
-0.090322
-0.1079
-0.12518
-0.14215
-0.1588
-0.17513
-0.19112
-0.20677
-0.22209
-0.23707
-0.25171
-0.26602
-0.28
-0.29365
-0.30699
-0.32001
-0.33274
-0.34518
-0.35733
-0.36921
-0.38083
-0.39221
-0.40334
-0.41425
-0.42495
-0.43544
-0.44574
-0.45585
-0.4658
-0.47559
-0.48523
-0.49472
-0.50409
-0.51333
-0.52246
-0.53147
-0.54039
-0.5492
-0.55791
-0.56654
-0.57507
-0.5835
-0.59184
-0.60007
-0.6082
-0.61622
-0.62411
-0.63187
-0.63947
-0.64691
-0.65417
-0.66121
-0.66802
-0.67458
-0.68084
-0.68677
-0.69235
-0.69753
-0.70226
-0.70651
-0.71023
-0.71336
-0.71587
-0.71768
-0.71876
-0.71904
-0.71847
-0.717
-0.71457
-0.71113
-0.70663
-0.70103
-0.69428
-0.68635
-0.6772
-0.66682
-0.65519
-0.6423
-0.62814
-0.61273
-0.59609
-0.57824
-0.55922
-0.53908
-0.51786
-0.49563
-0.47247
-0.44844
-0.42364
-0.39814
-0.37204
-0.34543
-0.31841
-0.29107
-0.26351
-0.23582
-0.20808
-0.18039
-0.15282
-0.12546
-0.09838
-0.071639
-0.045299
-0.019416
0.0059646
0.0308
0.055057
0.078704
0.10172
0.12408
0.14579
0.16682
0.18717
0.20685
0.22586
0.24421
0.2619
0.27895
0.29537
0.31118
0.32639
0.34103
0.35512
0.36867
0.38172
0.39427
0.40635
0.41799
0.4292
0.44001
0.45044
0.46051
0.47025
0.47966
0.48878
0.49761
0.50618
0.51451
0.52261
0.5305
0.53819
0.54569
0.55302
0.56019
0.56721
0.57409
0.58083
0.58745
0.59395
0.60033
0.60659
0.61274
0.61878
0.6247
0.6305
0.63617
0.64171
0.6471
0.65234
0.65741
0.66229
0.66697
0.67142
0.67562
0.67955
0.68318
0.68648
0.68942
0.69195
0.69406
0.69569
0.69681
0.69737
0.69734
0.69667
0.69531
0.69324
0.69039
0.68672
0.68221
0.6768
0.67047
0.66318
0.65491
0.64562
0.6353
0.62394
0.61153
0.59808
0.58358
0.56805
0.55151
0.53399
0.51552
0.49615
0.47592
0.45489
0.43312
0.41066
0.3876
0.36401
0.33995
0.3155
0.29075
0.26576
0.24062
0.2154
0.19018
0.16502
0.13999
0.11516
0.090581
0.066314
0.042407
0.018906
-0.0041477
-0.026719
-0.048777
-0.070295
-0.09125
-0.11163
-0.13141
-0.15059
-0.16916
-0.18712
-0.20447
-0.22121
-0.23734
-0.25288
-0.26783
-0.2822
-0.29601
-0.30927
-0.32199
-0.3342
-0.34589
-0.3571
-0.36783
-0.3781
-0.38794
-0.39735
-0.40635
-0.41497
-0.4232
-0.43108
-0.43861
-0.44581
-0.45269
-0.45926
-0.46555
-0.47155
-0.47728
-0.48276
-0.48798
-0.49296
-0.49771
-0.50224
-0.50654
-0.51063
-0.51451
-0.51818
-0.52165
-0.52492
-0.52799
-0.53086
-0.53353
-0.53599
-0.53825
-0.54031
-0.54215
-0.54377
-0.54517
-0.54634
-0.54727
-0.54795
-0.54837
-0.54853
-0.54841
-0.548
-0.54729
-0.54626
-0.54491
-0.54322
-0.54117
-0.53876
-0.53596
-0.53277
-0.52916
-0.52514
-0.52068
-0.51578
-0.51042
-0.50459
-0.49828
-0.4915
-0.48422
-0.47645
-0.46818
-0.45941
-0.45015
-0.44039
-0.43014
-0.41942
-0.40822
-0.39655
-0.38445
-0.37191
-0.35896
-0.34562
-0.3319
-0.31784
-0.30346
-0.28878
-0.27384
-0.25866
-0.24327
-0.2277
-0.212
-0.19617
-0.18027
-0.16431
-0.14834
-0.13238
-0.11645
-0.1006
-0.084854
-0.06923
-0.053757
-0.038462
-0.023366
-0.0084928
0.0061382
0.020508
0.034599
0.048395
0.061882
0.075047
0.087879
0.10037
0.1125
0.12428
0.13569
0.14672
0.15738
0.16767
0.17757
0.18708
0.19622
0.20497
0.21334
0.22132
0.22893
0.23615
0.243
0.24948
0.25558
0.26132
0.2667
0.27172
0.27637
0.28068
0.28463
0.28824
0.29151
0.29443
0.29703
0.29928
0.30121
0.30282
0.3041
0.30506
0.3057
0.30603
0.30605
0.30576
0.30516
0.30426
0.30306
0.30155
0.29975
0.29766
0.29527
0.29259
0.28963
0.28638
0.28285
0.27903
0.27494
0.27057
0.26593
0.26103
0.25585
0.25042
0.24472
0.23878
0.23258
0.22613
0.21945
0.21252
0.20537
0.19799
0.19039
0.18257
0.17455
0.16632
0.1579
0.14929
0.1405
0.13154
0.12241
0.11312
0.10369
0.094111
0.084401
0.074567
0.064618
0.054563
0.044411
0.034171
0.023852
0.013464
0.0030153
-0.0074835
-0.018023
-0.028594
-0.039186
-0.04979
-0.060396
-0.070994
-0.081576
-0.092132
-0.10265
-0.11312
-0.12354
-0.13389
-0.14416
-0.15435
-0.16444
-0.17443
-0.18429
-0.19403
-0.20363
-0.21308
-0.22238
-0.2315
-0.24043
-0.24917
-0.25771
-0.26602
-0.2741
-0.28194
-0.28952
-0.29682
-0.30384
-0.31055
-0.31695
-0.32302
-0.32874
-0.33409
-0.33907
-0.34366
-0.34783
-0.35158
-0.35488
-0.35773
-0.36011
-0.36199
-0.36337
-0.36423
-0.36457
-0.36435
-0.36358
-0.36225
-0.36033
-0.35783
-0.35474
-0.35106
-0.34677
-0.34187
-0.33638
-0.33029
-0.32359
-0.31631
-0.30844
-0.30001
-0.29101
-0.28146
-0.27139
-0.26081
-0.24973
-0.23818
-0.22619
-0.21378
-0.20097
-0.18779
-0.17427
-0.16043
-0.14632
-0.13195
-0.11736
-0.10257
-0.08762
-0.072532
-0.057335
-0.042057
-0.026726
-0.011366
0.0039984
0.019344
0.034648
0.049892
0.065055
0.08012
0.095072
0.1099
0.12458
0.13911
0.15348
0.16767
0.18169
0.19553
0.20917
0.22263
0.23589
0.24895
0.26182
0.2745
0.28698
0.29927
0.31138
0.3233
0.33505
0.34662
0.35803
0.36927
0.38036
0.39129
0.40209
0.41274
0.42326
0.43366
0.44394
0.4541
0.46415
0.47409
0.48394
0.49368
0.50333
0.51288
0.52234
0.53171
0.54098
0.55015
0.55921
0.56817
0.577
0.58571
0.59427
0.60269
0.61093
0.61899
0.62684
0.63445
0.64181
0.64888
0.65563
0.66204
0.66805
0.67364
0.67875
0.68335
0.68739
0.69082
0.69359
0.69565
0.69694
0.69741
0.69701
0.69569
0.69339
0.69007
0.68567
0.68017
0.67351
0.66567
0.65661
0.64633
0.6348
0.62202
0.60799
0.59273
0.57626
0.55861
0.5398
0.5199
0.49896
0.47704
0.45421
0.43055
0.40613
0.38105
0.35539
0.32925
0.30271
0.27587
0.24882
0.22166
0.19446
0.16731
0.14028
0.11346
0.086912
0.060696
0.03487
0.0094855
-0.015412
-0.039785
-0.063599
-0.086827
-0.10945
-0.13144
-0.1528
-0.17352
-0.19359
-0.21302
-0.2318
-0.24995
-0.26748
-0.28439
-0.30071
-0.31645
-0.33162
-0.34625
-0.36035
-0.37395
-0.38707
-0.39973
-0.41195
-0.42375
-0.43516
-0.44619
-0.45688
-0.46723
-0.47727
-0.48702
-0.49651
-0.50574
-0.51473
-0.52351
-0.5321
-0.54049
-0.54872
-0.55679
-0.56472
-0.57251
-0.58018
-0.58774
-0.59519
-0.60255
-0.60981
-0.61697
-0.62405
-0.63104
-0.63794
-0.64474
-0.65144
-0.65803
-0.6645
-0.67084
-0.67703
-0.68306
-0.6889
-0.69453
-0.69993
-0.70506
-0.7099
-0.71441
-0.71855
-0.72228
-0.72557
-0.72836
-0.7306
-0.73226
-0.73327
-0.73358
-0.73314
-0.7319
-0.72981
-0.7268
-0.72283
-0.71786
-0.71183
-0.7047
-0.69644
-0.68702
-0.67641
-0.66459
-0.65156
-0.63731
-0.62184
-0.60518
-0.58735
-0.56837
-0.5483
-0.52718
-0.50508
-0.48205
-0.45817
-0.43353
-0.4082
-0.38227
-0.35583
-0.32898
-0.3018
-0.2744
-0.24686
-0.21927
-0.19172
-0.16428
-0.13704
-0.11007
-0.083433
-0.05719
-0.031397
-0.0061021
0.018651
0.042827
0.066393
0.089326
0.11161
0.13322
0.15415
0.1744
0.19396
0.21284
0.23104
0.24857
0.26544
0.28166
0.29725
0.31222
0.3266
0.34039
0.35363
0.36632
0.37849
0.39017
0.40137
0.41211
0.42241
0.4323
0.44179
0.4509
0.45966
0.46808
0.47617
0.48396
0.49146
0.49869
0.50567
0.51239
0.51889
0.52516
0.53123
0.5371
0.54278
0.54828
0.5536
0.55875
0.56374
0.56857
0.57324
0.57775
0.5821
0.5863
0.59033
0.59419
0.59789
0.6014
0.60473
0.60786
0.61078
0.61348
0.61595
0.61816
0.62011
0.62176
0.62311
0.62413
0.6248
0.6251
0.62499
0.62446
0.62348
0.62202
0.62006
0.61756
0.61451
0.61087
0.60662
0.60174
0.5962
0.58998
0.58307
0.57545
0.56709
0.558
0.54816
0.53757
0.52624
0.51416
0.50134
0.48779
0.47353
0.45859
0.44298
0.42674
0.4099
0.39249
0.37455
0.35613
0.33727
0.31802
0.29842
0.27854
0.25841
0.23809
0.21764
0.19709
0.17652
0.15595
0.13545
0.11505
0.094798
0.07474
0.054911
0.035348
0.016083
-0.0028537
-0.021434
-0.039633
-0.05743
-0.074805
-0.091743
-0.10823
-0.12425
-0.13981
-0.15488
-0.16947
-0.18358
-0.19721
-0.21034
-0.223
-0.23517
-0.24687
-0.2581
-0.26887
-0.27918
-0.28904
-0.29847
-0.30746
-0.31603
-0.32418
-0.33193
-0.33928
-0.34625
-0.35283
-0.35905
-0.36491
-0.37042
-0.37558
-0.38041
-0.38491
-0.38909
-0.39296
-0.39651
-0.39977
-0.40273
-0.4054
-0.40778
-0.40988
-0.4117
-0.41325
-0.41453
-0.41553
-0.41628
-0.41675
-0.41697
-0.41692
-0.41661
-0.41605
-0.41522
-0.41413
-0.41279
-0.41119
-0.40932
-0.4072
-0.40482
-0.40217
-0.39926
-0.39609
-0.39266
-0.38896
-0.385
-0.38078
-0.37629
-0.37154
-0.36652
-0.36124
-0.3557
-0.34991
-0.34385
-0.33754
-0.33097
-0.32416
-0.3171
-0.3098
-0.30226
-0.2945
-0.28651
-0.2783
-0.26989
-0.26127
-0.25246
-0.24346
-0.23429
-0.22495
-0.21545
-0.20581
-0.19604
-0.18614
-0.17613
-0.16603
-0.15584
-0.14557
-0.13525
-0.12487
-0.11447
-0.10404
-0.093598
-0.083164
-0.072747
-0.06236
-0.052016
-0.041726
-0.031504
-0.02136
-0.011307
-0.0013552
0.008483
0.018197
0.027778
0.037214
0.046496
0.055616
0.064563
0.07333
0.081908
0.09029
0.098468
0.10644
0.11418
0.12171
0.12901
0.13606
0.14288
0.14945
0.15578
0.16184
0.16764
0.17318
0.17846
0.18346
0.18818
0.19262
0.19679
0.20066
0.20425
0.20755
0.21055
0.21326
0.21567
0.21778
0.21959
0.2211
0.2223
0.22319
0.22377
0.22404
0.22401
0.22366
0.22299
0.22202
0.22073
0.21913
0.21721
0.21498
0.21244
0.20959
0.20643
0.20296
0.19918
0.19509
0.19071
0.18603
0.18105
0.17577
0.17021
0.16436
0.15824
0.15183
0.14516
0.13822
0.13103
0.12358
0.11588
0.10795
0.099779
0.091388
0.082779
0.07396
0.064941
0.055727
0.04633
0.036756
0.027014
0.017114
0.0070644
-0.003126
-0.013448
-0.023892
-0.03445
-0.045112
-0.055869
-0.066712
-0.077633
-0.088622
-0.09967
-0.11077
-0.12191
-0.13308
-0.14427
-0.15548
-0.1667
-0.17791
-0.18912
-0.2003
-0.21145
-0.22256
-0.23363
-0.24463
-0.25557
-0.26642
-0.27719
-0.28786
-0.29842
-0.30885
-0.31915
-0.32929
-0.33928
-0.34908
-0.3587
-0.3681
-0.37728
-0.38621
-0.39488
-0.40326
-0.41134
-0.4191
-0.4265
-0.43354
-0.44017
-0.44639
-0.45215
-0.45744
-0.46223
-0.46648
-0.47017
-0.47328
-0.47577
-0.47762
-0.4788
-0.47928
-0.47904
-0.47805
-0.4763
-0.47376
-0.47042
-0.46625
-0.46125
-0.45542
-0.44873
-0.4412
-0.43282
-0.4236
-0.41355
-0.40268
-0.39102
-0.37858
-0.36538
-0.35147
-0.33687
-0.32162
-0.30576
-0.28933
-0.27238
-0.25495
-0.2371
-0.21886
-0.20029
-0.18144
-0.16236
-0.1431
-0.12371
-0.10423
-0.084706
-0.065185
-0.045707
-0.026309
-0.0070288
0.012102
0.031052
0.049794
0.068303
0.086557
0.10454
0.12223
0.13961
0.15669
0.17343
0.18985
0.20594
0.22169
0.23711
0.25219
0.26694
0.28137
0.29548
0.30928
0.32278
0.33599
0.34891
0.36156
0.37396
0.38611
0.39802
0.40971
0.4212
0.43249
0.44359
0.45453
0.46532
0.47596
0.48647
0.49686
0.50714
0.51732
0.52742
0.53745
0.5474
0.55729
0.56712
0.57691
0.58665
0.59635
0.606
0.61561
0.62518
0.63469
0.64414
0.65352
0.66282
0.67202
0.68111
0.69007
0.69886
0.70746
0.71584
0.72397
0.73179
0.73928
0.74638
0.75304
0.7592
0.76481
0.76979
0.7741
0.77765
0.78038
0.78221
0.78307
0.78288
0.78157
0.77908
0.77532
0.77024
0.76378
0.75589
0.74652
0.73563
0.72321
0.70922
0.69368
0.67659
0.65798
0.63787
0.61632
0.59339
0.56915
0.54368
0.51709
0.48947
0.46093
0.43159
0.40157
0.371
0.34
0.30869
0.27719
0.24563
0.21411
0.18275
0.15163
0.12086
0.090526
0.060693
0.031432
0.0028017
-0.025148
-0.052376
-0.078849
-0.10454
-0.12943
-0.15352
-0.17678
-0.19923
-0.22087
-0.24171
-0.26176
-0.28104
-0.29956
-0.31736
-0.33445
-0.35086
-0.36663
-0.38176
-0.39631
-0.41029
-0.42373
-0.43667
-0.44913
-0.46114
-0.47274
-0.48395
-0.49479
-0.5053
-0.5155
-0.52541
-0.53507
-0.54449
-0.55369
-0.56271
-0.57155
-0.58023
-0.58878
-0.59722
-0.60555
-0.61378
-0.62195
-0.63005
-0.63809
-0.64608
-0.65403
-0.66194
-0.66982
-0.67766
-0.68546
-0.69322
-0.70093
-0.70858
-0.71616
-0.72365
-0.73103
-0.73828
-0.74537
-0.75228
-0.75896
-0.76539
-0.77152
-0.7773
-0.78269
-0.78763
-0.79206
-0.79592
-0.79916
-0.80169
-0.80345
-0.80437
-0.80438
-0.8034
-0.80136
-0.79818
-0.79381
-0.78817
-0.7812
-0.77286
-0.76309
-0.75186
-0.73913
-0.72489
-0.70913
-0.69186
-0.6731
-0.65287
-0.63122
-0.60821
-0.58391
-0.55839
-0.53174
-0.50407
-0.47548
-0.44608
-0.416
-0.38536
-0.35427
-0.32286
-0.29125
-0.25956
-0.22791
-0.1964
-0.16513
-0.13419
-0.10368
-0.073674
-0.044234
-0.015426
0.012699
0.040097
0.066732
0.092576
0.11761
0.14181
0.16519
0.18772
0.20943
0.23031
0.25037
0.26964
0.28812
0.30585
0.32284
0.33912
0.35471
0.36964
0.38394
0.39764
0.41076
0.42334
0.4354
0.44696
0.45807
0.46874
0.479
0.48888
0.49841
0.50759
0.51647
0.52506
0.53338
0.54145
0.5493
0.55693
0.56437
0.57163
0.57873
0.58568
0.59249
0.59917
0.60574
0.61219
0.61854
0.62478
0.63094
0.63699
0.64295
0.64882
0.65458
0.66023
0.66576
0.67117
0.67645
0.68156
0.68651
0.69126
0.6958
0.7001
0.70414
0.70788
0.71129
0.71433
0.71697
0.71917
0.72088
0.72207
0.72268
0.72267
0.72199
0.72059
0.71842
0.71544
0.7116
0.70685
0.70115
0.69447
0.68676
0.678
0.66815
0.6572
0.64514
0.63196
0.61765
0.60223
0.58572
0.56813
0.5495
0.52987
0.50929
0.48781
0.4655
0.44241
0.41863
0.39423
0.36929
0.34389
0.31813
0.29207
0.26581
0.23943
0.21301
0.18663
0.16037
0.13429
0.10846
0.082953
0.057813
0.033096
0.0088471
-0.014893
-0.03809
-0.060713
-0.082738
-0.10414
-0.12492
-0.14505
-0.16452
-0.18334
-0.20151
-0.21902
-0.23589
-0.25212
-0.26772
-0.28271
-0.2971
-0.31089
-0.32412
-0.33679
-0.34893
-0.36055
-0.37166
-0.3823
-0.39247
-0.40219
-0.41149
-0.42037
-0.42887
-0.43699
-0.44475
-0.45216
-0.45925
-0.46602
-0.47249
-0.47868
-0.48459
-0.49024
-0.49564
-0.50079
-0.50571
-0.5104
-0.51488
-0.51914
-0.5232
-0.52706
-0.53072
-0.53418
-0.53746
-0.54053
-0.54342
-0.54611
-0.54861
-0.55091
-0.553
-0.55489
-0.55656
-0.55801
-0.55923
-0.56022
-0.56095
-0.56143
-0.56164
-0.56157
-0.5612
-0.56053
-0.55953
-0.5582
-0.55651
-0.55446
-0.55203
-0.5492
-0.54596
-0.54229
-0.53817
-0.5336
-0.52857
-0.52305
-0.51703
-0.51052
-0.50349
-0.49595
-0.48788
-0.47929
-0.47017
-0.46053
-0.45036
-0.43967
-0.42848
-0.41679
-0.40461
-0.39196
-0.37886
-0.36533
-0.35139
-0.33706
-0.32237
-0.30735
-0.29202
-0.27643
-0.26059
-0.24454
-0.22833
-0.21197
-0.1955
-0.17896
-0.16239
-0.14581
-0.12925
-0.11276
-0.096351
-0.080064
-0.063925
-0.047962
-0.032198
-0.016658
-0.0013644
0.013662
0.028403
0.042841
0.05696
0.070746
0.084186
0.09727
0.10999
0.12233
0.1343
0.14587
0.15706
0.16785
0.17825
0.18825
0.19785
0.20705
0.21586
0.22427
0.23229
0.23992
0.24716
0.25401
0.26049
0.26659
0.27231
0.27767
0.28266
0.2873
0.29157
0.2955
0.29907
0.3023
0.30519
0.30775
0.30997
0.31187
0.31344
0.31469
0.31562
0.31623
0.31654
0.31653
0.31622
0.3156
0.31468
0.31346
0.31195
0.31014
0.30804
0.30565
0.30297
0.30001
0.29676
0.29324
0.28944
0.28536
0.28101
0.27639
0.27151
0.26636
0.26095
0.25529
0.24937
0.24321
0.2368
0.23015
0.22327
0.21615
0.20882
0.20126
0.19349
0.18551
0.17734
0.16897
0.16041
0.15167
0.14276
0.13369
0.12446
0.11508
0.10557
0.095917
0.086145
0.076259
0.066269
0.056183
0.046011
0.035761
0.025445
0.01507
0.004646
-0.0058169
-0.016309
-0.026822
-0.037345
-0.047868
-0.058381
-0.068876
-0.079343
-0.089773
-0.10015
-0.11048
-0.12074
-0.13092
-0.14102
-0.15102
-0.16092
-0.1707
-0.18035
-0.18987
-0.19924
-0.20846
-0.21751
-0.22639
-0.23507
-0.24356
-0.25184
-0.25989
-0.26772
-0.27529
-0.28261
-0.28966
-0.29643
-0.30289
-0.30905
-0.31488
-0.32038
-0.32552
-0.3303
-0.33469
-0.33869
-0.34229
-0.34545
-0.34818
-0.35046
-0.35227
-0.3536
-0.35443
-0.35476
-0.35458
-0.35387
-0.35262
-0.35082
-0.34848
-0.34557
-0.34209
-0.33805
-0.33344
-0.32826
-0.3225
-0.31619
-0.30931
-0.30187
-0.29389
-0.28538
-0.27635
-0.2668
-0.25677
-0.24626
-0.2353
-0.2239
-0.21209
-0.19989
-0.18733
-0.17443
-0.16122
-0.14772
-0.13397
-0.11998
-0.10579
-0.091423
-0.076905
-0.062265
-0.047527
-0.032717
-0.01786
-0.0029781
0.011905
0.026768
0.041591
0.056357
0.071046
0.085643
0.10013
0.1145
0.12874
0.14283
0.15678
0.17056
0.18417
0.19761
0.21088
0.22396
0.23686
0.24958
0.26211
0.27445
0.28662
0.2986
0.31041
0.32203
0.33349
0.34478
0.35591
0.36688
0.37769
0.38836
0.39888
0.40926
0.41951
0.42963
0.43962
0.44949
0.45925
0.46888
0.47841
0.48783
0.49713
0.50633
0.51541
0.52438
0.53323
0.54197
0.55057
0.55904
0.56737
0.57553
0.58353
0.59135
0.59896
0.60636
0.61351
0.6204
0.62699
0.63327
0.6392
0.64474
0.64986
0.65452
0.65869
0.66232
0.66537
0.66778
0.66953
0.67055
0.67081
0.67025
0.66883
0.66651
0.66323
0.65897
0.65368
0.64732
0.63988
0.63132
0.62163
0.61079
0.5988
0.58566
0.57138
0.55599
0.53949
0.52193
0.50334
0.48378
0.4633
0.44195
0.41981
0.39694
0.37343
0.34934
0.32477
0.29979
0.27449
0.24894
0.22324
0.19745
0.17166
0.14594
0.12037
0.094991
0.06988
0.045089
0.020668
-0.0033385
-0.026891
-0.049954
-0.0725
-0.094504
-0.11595
-0.13681
-0.1571
-0.17678
-0.19587
-0.21437
-0.23227
-0.24959
-0.26633
-0.2825
-0.29812
-0.31319
-0.32775
-0.34179
-0.35535
-0.36843
-0.38106
-0.39325
-0.40503
-0.41642
-0.42742
-0.43807
-0.44839
-0.45838
-0.46808
-0.47749
-0.48663
-0.49553
-0.5042
-0.51264
-0.52088
-0.52894
-0.53681
-0.54452
-0.55208
-0.55949
-0.56676
-0.57391
-0.58093
-0.58783
-0.59462
-0.6013
-0.60786
-0.61431
-0.62065
-0.62686
-0.63295
-0.6389
-0.64471
-0.65035
-0.65583
-0.66111
-0.66618
-0.67103
-0.67561
-0.67992
-0.68391
-0.68756
-0.69084
-0.69371
-0.69612
-0.69804
-0.69944
-0.70026
-0.70046
-0.69999
-0.69882
-0.69689
-0.69416
-0.69059
-0.68614
-0.68075
-0.67441
-0.66707
-0.65871
-0.6493
-0.63882
-0.62727
-0.61463
-0.6009
-0.58609
-0.57023
-0.55332
-0.53541
-0.51653
-0.49672
-0.47603
-0.45453
-0.43227
-0.40933
-0.38577
-0.36167
-0.33711
-0.31218
-0.28694
-0.26148
-0.23588
-0.21022
-0.18457
-0.159
-0.13359
-0.10839
-0.083471
-0.058881
-0.034675
-0.010895
0.012417
0.035226
0.057502
0.07922
0.10036
0.1209
0.14084
0.16016
0.17886
0.19694
0.2144
0.23124
0.24747
0.2631
0.27815
0.29261
0.30651
0.31986
0.33268
0.34498
0.35678
0.3681
0.37895
0.38935
0.39932
0.40888
0.41804
0.42682
0.43524
0.44331
0.45104
0.45846
0.46558
0.4724
0.47895
0.48524
0.49127
0.49705
0.50261
0.50794
0.51305
0.51795
0.52265
0.52715
0.53146
0.53558
0.53951
0.54325
0.54681
0.55018
0.55336
0.55636
0.55915
0.56175
0.56414
0.56632
0.56828
0.57001
0.57149
0.57273
0.5737
0.5744
0.5748
0.5749
0.57468
0.57412
0.57321
0.57192
0.57024
0.56815
0.56564
0.56269
0.55927
0.55537
0.55098
0.54608
0.54064
0.53467
0.52815
0.52106
0.51341
0.50517
0.49635
0.48695
0.47697
0.4664
0.45526
0.44356
0.4313
0.4185
0.40518
0.39136
0.37705
0.3623
0.34711
0.33153
0.31558
0.2993
0.28272
0.26588
0.24882
0.23157
0.21417
0.19666
0.17908
0.16146
0.14385
0.12628
0.10877
0.091378
0.074121
0.057035
0.040147
0.023486
0.007075
-0.0090613
-0.024902
-0.040427
-0.055619
-0.070464
-0.084946
-0.099053
-0.11278
-0.12611
-0.13904
-0.15156
-0.16367
-0.17537
-0.18666
-0.19753
-0.20799
-0.21803
-0.22765
-0.23687
-0.24568
-0.25409
-0.2621
-0.26972
-0.27694
-0.28378
-0.29024
-0.29633
-0.30205
-0.3074
-0.31239
-0.31704
-0.32133
-0.32528
-0.32889
-0.33217
-0.33512
-0.33775
-0.34006
-0.34205
-0.34372
-0.34509
-0.34616
-0.34692
-0.34738
-0.34754
-0.34741
-0.34699
-0.34628
-0.34528
-0.344
-0.34243
-0.34058
-0.33845
-0.33605
-0.33336
-0.3304
-0.32717
-0.32367
-0.3199
-0.31586
-0.31155
-0.30699
-0.30216
-0.29707
-0.29173
-0.28614
-0.28029
-0.27421
-0.26788
-0.26131
-0.25452
-0.24749
-0.24024
-0.23278
-0.2251
-0.21722
-0.20914
-0.20087
-0.19242
-0.18378
-0.17498
-0.16602
-0.1569
-0.14764
-0.13824
-0.12872
-0.11908
-0.10933
-0.099481
-0.089545
-0.07953
-0.069446
-0.059303
-0.049111
-0.03888
-0.028621
-0.018343
-0.0080557
0.0022299
0.012504
0.022758
0.032981
0.043164
0.053298
0.063373
0.07338
0.083309
0.093152
0.1029
0.11254
0.12208
0.13149
0.14077
0.14991
0.15891
0.16776
0.17644
0.18496
0.19329
0.20144
0.2094
0.21716
0.2247
0.23203
0.23913
0.24599
0.25262
0.25899
0.26511
0.27095
0.27652
0.28181
0.2868
0.29149
0.29586
0.29992
0.30364
0.30703
0.31007
0.31275
0.31506
0.317
0.31856
0.31972
0.32049
0.32085
0.32079
0.32031
0.3194
0.31806
0.31628
0.31405
0.31138
0.30826
0.30468
0.30065
0.29617
0.29124
0.28585
0.28002
0.27375
0.26704
0.2599
0.25234
0.24437
0.23599
0.22722
0.21808
0.20857
0.19871
0.18852
0.17801
0.1672
0.1561
0.14474
0.13313
0.1213
0.10926
0.09703
0.084634
0.072089
0.059415
0.046633
0.03376
0.020816
0.0078178
-0.0052161
-0.018269
-0.031324
-0.044365
-0.057379
-0.070351
-0.083267
-0.096115
-0.10888
-0.12156
-0.13414
-0.14661
-0.15897
-0.1712
-0.1833
-0.19526
-0.20708
-0.21876
-0.23029
-0.24166
-0.25289
-0.26395
-0.27486
-0.28561
-0.2962
-0.30664
-0.31691
-0.32703
-0.33698
-0.34678
-0.35642
-0.3659
-0.37523
-0.38439
-0.3934
-0.40226
-0.41095
-0.41948
-0.42785
-0.43606
-0.4441
-0.45197
-0.45966
-0.46718
-0.4745
-0.48163
-0.48856
-0.49528
-0.50178
-0.50804
-0.51406
-0.51982
-0.5253
-0.53049
-0.53537
-0.53993
-0.54413
-0.54797
-0.55141
-0.55444
-0.55702
-0.55914
-0.56077
-0.56188
-0.56244
-0.56244
-0.56183
-0.56059
-0.5587
-0.55614
-0.55287
-0.54888
-0.54415
-0.53865
-0.53238
-0.52531
-0.51745
-0.50878
-0.4993
-0.48901
-0.47792
-0.46604
-0.45338
-0.43996
-0.4258
-0.41093
-0.39538
-0.37918
-0.36237
-0.34499
-0.32708
-0.30869
-0.28987
-0.27066
-0.25113
-0.23131
-0.21127
-0.19104
-0.1707
-0.15027
-0.12982
-0.10939
-0.089019
-0.068759
-0.048647
-0.028719
-0.0090122
0.010443
0.029616
0.048482
0.067017
0.0852
0.10302
0.12045
0.13748
0.15411
0.17033
0.18613
0.20151
0.21647
0.231
0.24512
0.25882
0.27211
0.28499
0.29748
0.30958
0.3213
0.33265
0.34363
0.35427
0.36456
0.37453
0.38417
0.3935
0.40254
0.41129
0.41975
0.42796
0.4359
0.4436
0.45105
0.45827
0.46527
0.47206
0.47863
0.485
0.49116
0.49714
0.50292
0.50851
0.51392
0.51914
0.52418
0.52903
0.53369
0.53816
0.54243
0.5465
0.55037
0.55401
0.55744
0.56063
0.56358
0.56627
0.5687
0.57083
0.57267
0.57419
0.57538
0.57621
0.57667
0.57675
0.5764
0.57563
0.5744
0.57269
0.57048
0.56776
0.5645
0.56067
0.55627
0.55127
0.54565
0.53941
0.53253
0.52499
0.5168
0.50794
0.49841
0.48821
0.47735
0.46583
0.45367
0.44086
0.42745
0.41343
0.39884
0.3837
0.36805
0.35191
0.33532
0.31831
0.30093
0.28321
0.2652
0.24694
0.22848
0.20984
0.19109
0.17227
0.1534
0.13455
0.11574
0.097018
0.078418
0.059976
0.041724
0.023693
0.0059132
-0.01159
-0.028793
-0.045674
-0.062212
-0.078392
-0.094198
-0.10962
-0.12464
-0.13925
-0.15346
-0.16724
-0.1806
-0.19354
-0.20605
-0.21814
-0.2298
-0.24104
-0.25187
-0.26228
-0.27228
-0.28189
-0.29109
-0.29991
-0.30834
-0.31639
-0.32407
-0.3314
-0.33836
-0.34498
-0.35125
-0.35719
-0.3628
-0.36809
-0.37306
-0.37772
-0.38208
-0.38614
-0.38991
-0.39338
-0.39657
-0.39948
-0.40211
-0.40447
-0.40655
-0.40837
-0.40992
-0.4112
-0.41222
-0.41297
-0.41346
-0.41369
-0.41366
-0.41336
-0.4128
-0.41198
-0.4109
-0.40954
-0.40792
-0.40604
-0.40388
-0.40145
-0.39875
-0.39578
-0.39253
-0.38901
-0.38521
-0.38114
-0.37678
-0.37215
-0.36724
-0.36205
-0.35659
-0.35085
-0.34483
-0.33855
-0.332
-0.32518
-0.3181
-0.31076
-0.30318
-0.29534
-0.28727
-0.27896
-0.27043
-0.26169
-0.25273
-0.24358
-0.23424
-0.22472
-0.21503
-0.20518
-0.1952
-0.18508
-0.17484
-0.1645
-0.15406
-0.14354
-0.13296
-0.12233
-0.11166
-0.10096
-0.090252
-0.079547
-0.068858
-0.058198
-0.047582
-0.037021
-0.026528
-0.016117
-0.0057991
0.0044139
0.014511
0.02448
0.034312
0.043996
0.053522
0.062882
0.072065
0.081063
0.089869
0.098475
0.10687
0.11506
0.12302
0.13075
0.13825
0.14552
0.15254
0.15931
0.16582
0.17208
0.17808
0.18381
0.18928
0.19447
0.19938
0.20402
0.20837
0.21244
0.21623
0.21972
0.22292
0.22583
0.22844
0.23076
0.23277
0.23448
0.23589
0.237
0.2378
0.23829
0.23847
0.23835
0.23791
0.23716
0.23611
0.23474
0.23306
0.23107
0.22877
0.22616
0.22324
0.22001
0.21648
0.21264
0.2085
0.20406
0.19932
0.19429
0.18897
0.18336
0.17747
0.1713
0.16486
0.15815
0.15118
0.14395
0.13647
0.12875
0.1208
0.11261
0.1042
0.095579
0.086751
0.077724
0.068509
0.059112
0.049544
0.039813
0.029929
0.019899
0.0097344
-0.00055701
-0.010966
-0.021482
-0.032097
-0.0428
-0.053584
-0.064438
-0.075353
-0.086321
-0.097332
-0.10838
-0.11945
-0.13053
-0.14163
-0.15272
-0.16381
-0.17487
-0.18591
-0.19691
-0.20787
-0.21877
-0.22961
-0.24038
-0.25106
-0.26165
-0.27215
-0.28253
-0.29278
-0.3029
-0.31288
-0.3227
-0.33235
-0.34181
-0.35107
-0.36012
-0.36894
-0.37752
-0.38583
-0.39386
-0.40159
-0.409
-0.41607
-0.42278
-0.4291
-0.43501
-0.4405
-0.44552
-0.45007
-0.45411
-0.45762
-0.46057
-0.46295
-0.46471
-0.46584
-0.46632
-0.46612
-0.46521
-0.46359
-0.46123
-0.45811
-0.45423
-0.44956
-0.4441
-0.43785
-0.4308
-0.42295
-0.41431
-0.40488
-0.39468
-0.38372
-0.37202
-0.3596
-0.34649
-0.33271
-0.31831
-0.30331
-0.28775
-0.27168
-0.25513
-0.23814
-0.22077
-0.20306
-0.18505
-0.16679
-0.14832
-0.12969
-0.11095
-0.092138
-0.073292
-0.054454
-0.03566
-0.016946
0.0016544
0.020112
0.038397
0.056487
0.074356
0.091987
0.10936
0.12646
0.14328
0.1598
0.17602
0.19192
0.20752
0.2228
0.23776
0.25242
0.26676
0.28079
0.29452
0.30796
0.32111
0.33398
0.34659
0.35893
0.37103
0.38288
0.39452
0.40593
0.41714
0.42816
0.439
0.44967
0.46019
0.47055
0.48078
0.49089
0.50088
0.51076
0.52055
0.53024
0.53985
0.54939
0.55885
0.56824
0.57756
0.58682
0.596
0.60512
0.61416
0.62312
0.63199
0.64076
0.64942
0.65794
0.66631
0.67451
0.68252
0.6903
0.69782
0.70505
0.71195
0.71848
0.72459
0.73023
0.73536
0.73992
0.74384
0.74707
0.74955
0.75122
0.752
0.75184
0.75066
0.74841
0.74502
0.74045
0.73463
0.72751
0.71906
0.70923
0.69802
0.68538
0.67133
0.65586
0.63898
0.62073
0.60113
0.58024
0.55811
0.53482
0.51043
0.48503
0.45873
0.43161
0.40379
0.37536
0.34645
0.31715
0.28759
0.25786
0.22808
0.19834
0.16873
0.13936
0.11029
0.08161
0.053382
0.025669
-0.0014761
-0.028008
-0.053887
-0.079082
-0.10357
-0.12733
-0.15035
-0.17263
-0.19415
-0.21493
-0.23498
-0.25429
-0.27289
-0.29079
-0.30801
-0.32457
-0.34049
-0.3558
-0.37052
-0.38468
-0.39829
-0.4114
-0.42402
-0.43617
-0.4479
-0.45921
-0.47014
-0.48072
-0.49096
-0.50089
-0.51052
-0.5199
-0.52903
-0.53793
-0.54663
-0.55514
-0.56347
-0.57166
-0.5797
-0.58762
-0.59542
-0.60312
-0.61073
-0.61825
-0.62569
-0.63306
-0.64036
-0.6476
-0.65476
-0.66185
-0.66887
-0.6758
-0.68264
-0.68937
-0.69599
-0.70247
-0.70879
-0.71494
-0.72088
-0.72658
-0.73202
-0.73715
-0.74194
-0.74634
-0.7503
-0.75379
-0.75675
-0.75911
-0.76083
-0.76186
-0.76212
-0.76155
-0.76011
-0.75772
-0.75433
-0.74988
-0.74431
-0.73759
-0.72966
-0.72048
-0.71003
-0.69827
-0.6852
-0.6708
-0.65507
-0.63804
-0.61972
-0.60014
-0.57935
-0.55741
-0.53437
-0.51031
-0.48531
-0.45945
-0.43283
-0.40554
-0.37769
-0.34937
-0.3207
-0.29177
-0.26269
-0.23355
-0.20445
-0.17549
-0.14674
-0.11829
-0.090211
-0.062569
-0.035425
-0.0088301
0.017169
0.042532
0.067229
0.091232
0.11452
0.13708
0.15891
0.17999
0.20033
0.21993
0.23881
0.25696
0.27441
0.29116
0.30725
0.32268
0.33748
0.35167
0.36527
0.3783
0.3908
0.40277
0.41425
0.42526
0.43581
0.44595
0.45568
0.46503
0.47402
0.48266
0.49099
0.49902
0.50676
0.51424
0.52146
0.52846
0.53523
0.54179
0.54816
0.55434
0.56035
0.56619
0.57187
0.57741
0.5828
0.58804
0.59315
0.59811
0.60294
0.60763
0.61217
0.61656
0.6208
0.62488
0.62879
0.63251
0.63603
0.63934
0.64243
0.64527
0.64784
0.65012
0.65208
0.65371
0.65498
0.65585
0.65629
0.65629
0.6558
0.65478
0.65322
0.65108
0.64832
0.6449
0.64081
0.63601
0.63047
0.62416
0.61706
0.60915
0.60041
0.59083
0.58039
0.5691
0.55695
0.54394
0.53009
0.51541
0.49991
0.48363
0.4666
0.44884
0.43041
0.41134
0.39168
0.37148
0.35081
0.3297
0.30824
0.28646
0.26444
0.24224
0.21991
0.19753
0.17513
0.15279
0.13055
0.10847
0.086592
0.064967
0.043636
0.022636
0.0020025
-0.018232
-0.038041
-0.057399
-0.076286
-0.094683
-0.11258
-0.12995
-0.14681
-0.16313
-0.17892
-0.19418
-0.2089
-0.22309
-0.23675
-0.24989
-0.26251
-0.27463
-0.28625
-0.29738
-0.30804
-0.31822
-0.32796
-0.33725
-0.3461
-0.35454
-0.36257
-0.3702
-0.37745
-0.38432
-0.39083
-0.39698
-0.4028
-0.40828
-0.41344
-0.41828
-0.42282
-0.42706
-0.43101
-0.43468
-0.43807
-0.44119
-0.44404
-0.44663
-0.44897
-0.45105
-0.45288
-0.45446
-0.45579
-0.45688
-0.45773
-0.45834
-0.4587
-0.45881
-0.45869
-0.45831
-0.45769
-0.45682
-0.4557
-0.45432
-0.45269
-0.4508
-0.44864
-0.44622
-0.44353
-0.44056
-0.43732
-0.4338
-0.43
-0.42591
-0.42154
-0.41687
-0.41191
-0.40666
-0.40112
-0.39528
-0.38914
-0.38271
-0.37599
-0.36897
-0.36167
-0.35408
-0.34621
-0.33807
-0.32966
-0.32098
-0.31205
-0.30287
-0.29345
-0.28381
-0.27395
-0.26388
-0.25362
-0.24318
-0.23258
-0.22182
-0.21092
-0.1999
-0.18878
-0.17756
-0.16627
-0.15492
-0.14353
-0.13211
-0.12069
-0.10927
-0.09787
-0.086513
-0.07521
-0.063979
-0.052833
-0.041788
-0.030857
-0.020055
-0.0093947
0.0011104
0.011448
0.021608
0.031577
0.041345
0.050902
0.06024
0.069348
0.078219
0.086844
0.095217
0.10333
0.11118
0.11876
0.12606
0.13307
0.13981
0.14625
0.1524
0.15825
0.1638
0.16905
0.174
0.17863
0.18296
0.18698
0.19068
0.19408
0.19715
0.19991
0.20236
0.20448
0.20629
0.20779
0.20896
0.20982
0.21035
0.21057
0.21048
0.21006
0.20933
0.20829
0.20693
0.20525
0.20327
0.20097
0.19836
0.19545
0.19223
0.1887
0.18488
0.18075
0.17633
0.17162
0.16661
0.16132
0.15575
0.1499
0.14377
0.13738
0.13072
0.12379
0.11662
0.10919
0.10152
0.093614
0.085475
0.077111
0.068529
0.059735
0.050738
0.041543
0.03216
0.022595
0.012857
0.0029539
-0.0071055
-0.017313
-0.02766
-0.038137
-0.048735
-0.059446
-0.070258
-0.081164
-0.092152
-0.10321
-0.11434
-0.12551
-0.13673
-0.14797
-0.15924
-0.17051
-0.18178
-0.19303
-0.20425
-0.21543
-0.22655
-0.23759
-0.24856
-0.25942
-0.27016
-0.28076
-0.29122
-0.3015
-0.31159
-0.32148
-0.33113
-0.34053
-0.34965
-0.35848
-0.36698
-0.37513
-0.38291
-0.3903
-0.39725
-0.40375
-0.40976
-0.41526
-0.42022
-0.4246
-0.42839
-0.43156
-0.43406
-0.43589
-0.43701
-0.43739
-0.43702
-0.43588
-0.43394
-0.43119
-0.42762
-0.42322
-0.41797
-0.41188
-0.40495
-0.39718
-0.38857
-0.37915
-0.36892
-0.3579
-0.34613
-0.33362
-0.3204
-0.30652
-0.292
-0.27688
-0.26122
-0.24505
-0.22841
-0.21136
-0.19394
-0.17621
-0.15819
-0.13996
-0.12154
-0.10299
-0.084356
-0.065672
-0.046982
-0.028324
-0.0097325
0.0087577
0.027116
0.045316
0.06333
0.081137
0.098718
0.11605
0.13313
0.14994
0.16647
0.18271
0.19866
0.21432
0.22969
0.24475
0.25953
0.27403
0.28824
0.30218
0.31586
0.32928
0.34246
0.3554
0.36812
0.38064
0.39295
0.40509
0.41706
0.42887
0.44054
0.45209
0.46352
0.47486
0.48611
0.49729
0.50841
0.51949
0.53054
0.54157
0.55259
0.5636
0.57463
0.58568
0.59675
0.60784
0.61898
0.63014
0.64134
0.65257
0.66383
0.6751
0.68639
0.69767
0.70892
0.72013
0.73128
0.74232
0.75323
0.76397
0.77449
0.78474
0.79467
0.80421
0.8133
0.82187
0.82983
0.83711
0.84361
0.84924
0.8539
0.85749
0.85992
0.86107
0.86085
0.85916
0.85589
0.85097
0.84431
0.83583
0.82547
0.8132
0.79897
0.78277
0.7646
0.74448
0.72244
0.69856
0.67289
0.64554
0.61662
0.58625
0.55458
0.52174
0.48791
0.45324
0.4179
0.38206
0.34588
0.30953
0.27317
0.23694
0.20098
0.16541
0.13036
0.095926
0.062201
0.029262
-0.0028243
-0.034003
-0.064233
-0.093482
-0.12173
-0.14896
-0.17518
-0.20038
-0.22458
-0.24779
-0.27003
-0.29134
-0.31174
-0.33126
-0.34995
-0.36782
-0.38493
-0.40132
-0.41701
-0.43206
-0.4465
-0.46037
-0.47372
-0.48657
-0.49897
-0.51096
-0.52257
-0.53383
-0.54479
-0.55546
-0.5659
-0.57612
-0.58615
-0.59603
-0.60577
-0.61542
-0.62498
-0.63449
-0.64395
-0.65341
-0.66286
-0.67234
-0.68185
-0.69141
-0.70102
-0.7107
-0.72046
-0.73029
-0.7402
-0.75019
-0.76025
-0.77038
-0.78055
-0.79076
-0.80098
-0.81119
-0.82136
-0.83144
-0.8414
-0.85119
-0.86076
-0.87003
-0.87895
-0.88743
-0.89539
-0.90275
-0.90941
-0.91526
-0.9202
-0.92412
-0.9269
-0.92842
-0.92856
-0.92721
-0.92426
-0.91958
-0.91308
-0.90466
-0.89425
-0.88178
-0.86719
-0.85045
-0.83155
-0.8105
-0.78733
-0.76208
-0.73485
-0.70572
-0.67482
-0.64227
-0.60824
-0.57288
-0.53639
-0.49894
-0.46072
-0.42194
-0.38277
-0.34341
-0.30403
-0.26481
-0.22591
-0.18747
-0.14962
-0.1125
-0.076186
-0.040783
-0.0063612
0.02702
0.059313
0.090485
0.12051
0.14939
0.17711
0.20368
0.22911
0.25344
0.27668
0.29886
0.32002
0.34021
0.35945
0.3778
0.39529
0.41198
0.4279
0.4431
0.45762
0.47152
0.48483
0.49759
0.50985
0.52165
0.53303
0.54401
0.55465
0.56498
0.57502
0.58482
0.59439
0.60378
0.61301
0.62211
0.63109
0.63999
0.64883
0.65762
0.66639
0.67515
0.68392
0.69271
0.70153
0.71039
0.7193
0.72826
0.73727
0.74633
0.75545
0.7646
0.77378
0.78298
0.79217
0.80133
0.81043
0.81944
0.82832
0.83703
0.84551
0.85372
0.86158
0.86903
0.87599
0.88239
0.88814
0.89315
0.89731
0.90054
0.90272
0.90375
0.90352
0.90193
0.89887
0.89425
0.88797
0.87994
0.87009
0.85835
0.84467
0.82903
0.81139
0.79177
0.77018
0.74667
0.72128
0.69411
0.66525
0.63482
0.60295
0.56977
0.53546
0.50017
0.46407
0.42734
0.39014
0.35267
0.31507
0.27751
0.24014
0.20311
0.16654
0.13055
0.095251
0.060729
0.027063
-0.0056804
-0.037448
-0.068198
-0.097902
-0.12654
-0.1541
-0.18058
-0.20599
-0.23034
-0.25366
-0.27595
-0.29726
-0.3176
-0.33703
-0.35557
-0.37326
-0.39014
-0.40625
-0.42163
-0.43633
-0.45038
-0.46382
-0.47669
-0.48904
-0.50089
-0.51229
-0.52326
-0.53386
-0.5441
-0.55402
-0.56365
-0.57302
-0.58216
-0.5911
-0.59985
-0.60845
-0.61691
-0.62526
-0.63352
-0.64169
-0.64981
-0.65789
-0.66593
-0.67395
-0.68195
-0.68995
-0.69795
-0.70595
-0.71395
-0.72196
-0.72996
-0.73794
-0.7459
-0.75382
-0.76168
-0.76946
-0.77714
-0.78468
-0.79205
-0.79921
-0.80612
-0.81272
-0.81897
-0.82481
-0.83017
-0.83498
-0.83918
-0.84268
-0.84542
-0.8473
-0.84824
-0.84816
-0.84697
-0.84459
-0.84092
-0.83591
-0.82946
-0.82151
-0.812
-0.80089
-0.78812
-0.77367
-0.75754
-0.73971
-0.7202
-0.69904
-0.67627
-0.65197
-0.62619
-0.59904
-0.57061
-0.54101
-0.51037
-0.47883
-0.4465
-0.41355
-0.3801
-0.3463
-0.31229
-0.2782
-0.24417
-0.21032
-0.17676
-0.14361
-0.11095
-0.07888
-0.04747
-0.016788
0.013108
0.042174
0.070371
0.097672
0.12406
0.14951
0.17404
0.19763
0.2203
0.24206
0.26292
0.28291
0.30204
0.32035
0.33787
0.35461
0.37062
0.38592
0.40056
0.41455
0.42794
0.44076
0.45303
0.4648
0.47609
0.48694
0.49737
0.50741
0.51709
0.52644
0.53548
0.54424
0.55275
0.56101
0.56906
0.57692
0.58459
0.59211
0.59949
0.60674
0.61387
0.6209
0.62783
0.63468
0.64145
0.64815
0.65478
0.66135
0.66785
0.67427
0.68062
0.68689
0.69307
0.69915
0.70511
0.71094
0.71662
0.72211
0.7274
0.73246
0.73726
0.74176
0.74591
0.74969
0.75304
0.75591
0.75826
0.76004
0.76118
0.76164
0.76135
0.76025
0.75829
0.75541
0.75156
0.74667
0.7407
0.73359
0.72532
0.71583
0.70511
0.69312
0.67986
0.66531
0.64949
0.6324
0.61406
0.59452
0.57381
0.55198
0.5291
0.50524
0.48047
0.45488
0.42856
0.4016
0.37409
0.34615
0.31787
0.28934
0.26067
0.23196
0.20329
0.17475
0.14643
0.11841
0.090752
0.063525
0.036786
0.010589
-0.015023
-0.04001
-0.064339
-0.087987
-0.11093
-0.13316
-0.15466
-0.17542
-0.19546
-0.21476
-0.23334
-0.25121
-0.26838
-0.28485
-0.30066
-0.31582
-0.33034
-0.34425
-0.35757
-0.37032
-0.38253
-0.39421
-0.40538
-0.41608
-0.42632
-0.43612
-0.44551
-0.4545
-0.46313
-0.47139
-0.47932
-0.48693
-0.49425
-0.50127
-0.50803
-0.51454
-0.5208
-0.52683
-0.53265
-0.53826
-0.54368
-0.5489
-0.55395
-0.55882
-0.56352
-0.56806
-0.57243
-0.57665
-0.5807
-0.5846
-0.58833
-0.59189
-0.59528
-0.5985
-0.60153
-0.60436
-0.607
-0.60941
-0.6116
-0.61355
-0.61524
-0.61665
-0.61776
-0.61856
-0.61903
-0.61914
-0.61887
-0.6182
-0.6171
-0.61554
-0.61351
-0.61098
-0.60792
-0.60431
-0.60012
-0.59533
-0.58992
-0.58387
-0.57717
-0.56978
-0.56171
-0.55294
-0.54346
-0.53327
-0.52237
-0.51075
-0.49843
-0.48541
-0.47172
-0.45736
-0.44236
-0.42675
-0.41055
-0.39379
-0.37653
-0.35878
-0.3406
-0.32202
-0.3031
-0.28387
-0.2644
-0.24472
-0.22489
-0.20495
-0.18495
-0.16494
-0.14497
-0.12508
-0.10531
-0.08571
-0.066307
-0.047141
-0.028247
-0.0096531
0.0086109
0.02652
0.044052
0.061185
0.077904
0.094193
0.11004
0.12543
0.14036
0.15483
0.16882
0.18234
0.19539
0.20796
0.22006
0.23169
0.24285
0.25355
0.2638
0.2736
0.28296
0.29189
0.30039
0.30847
0.31614
0.32341
0.33029
0.33678
0.34289
0.34864
0.35402
0.35905
0.36374
0.36808
0.3721
0.37579
0.37916
0.38221
0.38496
0.38741
0.38955
0.39141
0.39298
0.39425
0.39525
0.39597
0.39641
0.39658
0.39648
0.3961
0.39546
0.39455
0.39337
0.39193
0.39022
0.38825
0.38602
0.38352
0.38076
0.37774
0.37446
0.37092
0.36711
0.36305
0.35873
0.35415
0.34931
0.34422
0.33888
0.33329
0.32744
0.32135
0.31502
0.30845
0.30164
0.2946
0.28734
0.27985
0.27215
0.26424
0.25612
0.24781
0.23932
0.23064
0.22179
0.21278
0.20361
0.1943
0.18486
0.17529
0.16561
0.15582
0.14595
0.13599
0.12597
0.11588
0.10575
0.095589
0.085403
0.075205
0.065008
0.054824
0.044663
0.034537
0.024458
0.014436
0.0044821
-0.0053927
-0.015178
-0.024864
-0.034441
-0.0439
-0.05323
-0.062423
-0.071471
-0.080364
-0.089095
-0.097655
-0.10604
-0.11424
-0.12224
-0.13005
-0.13765
-0.14504
-0.15221
-0.15916
-0.16588
-0.17236
-0.17861
-0.18461
-0.19036
-0.19586
-0.20109
-0.20607
-0.21077
-0.21521
-0.21937
-0.22324
-0.22684
-0.23015
-0.23316
-0.23588
-0.23831
-0.24043
-0.24225
-0.24376
-0.24496
-0.24585
-0.24642
-0.24667
-0.24661
-0.24622
-0.24551
-0.24447
-0.24311
-0.24142
-0.2394
-0.23705
-0.23438
-0.23138
-0.22805
-0.2244
-0.22043
-0.21613
-0.21152
-0.20659
-0.20135
-0.1958
-0.18995
-0.18381
-0.17736
-0.17064
-0.16363
-0.15635
-0.1488
-0.14099
-0.13294
-0.12464
-0.11611
-0.10735
-0.098381
-0.089206
-0.079837
-0.070284
-0.060556
-0.050665
-0.040621
-0.030434
-0.020116
-0.0096756
0.00087509
0.011526
0.022266
0.033085
0.043973
0.054921
0.065917
0.076953
0.088019
0.099106
0.1102
0.12131
0.1324
0.14349
0.15455
0.16559
0.17658
0.18754
0.19844
0.20928
0.22006
0.23077
0.2414
0.25195
0.2624
0.27275
0.283
0.29314
0.30315
0.31304
0.32279
0.33239
0.34185
0.35114
0.36027
0.36921
0.37795
0.3865
0.39482
0.40292
0.41077
0.41837
0.42569
0.43272
0.43944
0.44584
0.45189
0.45757
0.46287
0.46776
0.47221
0.47622
0.47974
0.48276
0.48526
0.4872
0.48857
0.48934
0.48949
0.48899
0.48783
0.48597
0.48341
0.48013
0.4761
0.47133
0.46578
0.45947
0.45238
0.44452
0.43587
0.42646
0.41628
0.40536
0.3937
0.38133
0.36826
0.35453
0.34016
0.3252
0.30966
0.2936
0.27705
0.26005
0.24265
0.22489
0.20682
0.18848
0.16991
0.15118
0.13231
0.11335
0.094345
0.075336
0.056362
0.037459
0.018662
2.0877e-006
-0.01849
-0.036786
-0.054862
-0.072695
-0.090265
-0.10756
-0.12455
-0.14124
-0.15761
-0.17366
-0.18937
-0.20475
-0.21979
-0.2345
-0.24886
-0.2629
-0.2766
-0.28998
-0.30304
-0.31578
-0.32823
-0.34037
-0.35223
-0.36382
-0.37513
-0.38619
-0.397
-0.40758
-0.41793
-0.42807
-0.438
-0.44773
-0.45729
-0.46666
-0.47587
-0.48493
-0.49383
-0.50259
-0.51121
-0.5197
-0.52807
-0.53631
-0.54444
-0.55244
-0.56033
-0.5681
-0.57574
-0.58327
-0.59066
-0.59791
-0.60501
-0.61195
-0.61872
-0.62531
-0.63169
-0.63784
-0.64375
-0.64938
-0.65472
-0.65973
-0.66438
-0.66864
-0.67246
-0.67583
-0.67868
-0.68098
-0.6827
-0.68377
-0.68416
-0.68382
-0.68271
-0.68077
-0.67797
-0.67426
-0.66961
-0.66397
-0.65731
-0.6496
-0.64082
-0.63095
-0.61997
-0.60787
-0.59466
-0.58035
-0.56494
-0.54847
-0.53095
-0.51244
-0.49296
-0.47259
-0.45136
-0.42935
-0.40662
-0.38324
-0.3593
-0.33487
-0.31003
-0.28487
-0.25946
-0.23388
-0.20821
-0.18254
-0.15692
-0.13144
-0.10615
-0.081115
-0.056396
-0.032042
-0.0080974
0.015396
0.038404
0.060895
0.082843
0.10423
0.12503
0.14524
0.16485
0.18386
0.20226
0.22005
0.23725
0.25385
0.26987
0.28532
0.3002
0.31454
0.32835
0.34165
0.35445
0.36677
0.37862
0.39004
0.40103
0.41161
0.4218
0.43163
0.4411
0.45023
0.45905
0.46756
0.47579
0.48375
0.49145
0.4989
0.50612
0.51313
0.51993
0.52653
0.53294
0.53917
0.54523
0.55112
0.55685
0.56243
0.56785
0.57312
0.57824
0.5832
0.58801
0.59266
0.59715
0.60147
0.6056
0.60955
0.6133
0.61684
0.62015
0.62321
0.62602
0.62854
0.63077
0.63266
0.63421
0.63539
0.63617
0.63651
0.63641
0.63581
0.63471
0.63305
0.63082
0.62798
0.62451
0.62037
0.61554
0.60999
0.6037
0.59665
0.58882
0.58019
0.57076
0.56051
0.54945
0.53757
0.52487
0.51137
0.49708
0.48203
0.46623
0.44972
0.43253
0.41469
0.39625
0.37726
0.35775
0.33779
0.31743
0.29672
0.27571
0.25447
0.23305
0.21151
0.1899
0.16829
0.14671
0.12522
0.10388
0.082717
0.061787
0.041126
0.020771
0.00075573
-0.01889
-0.038139
-0.056968
-0.075356
-0.093286
-0.11074
-0.12771
-0.14419
-0.16017
-0.17564
-0.19061
-0.20507
-0.21903
-0.23248
-0.24543
-0.25789
-0.26987
-0.28137
-0.29241
-0.30298
-0.3131
-0.32279
-0.33204
-0.34088
-0.34931
-0.35734
-0.36499
-0.37226
-0.37917
-0.38572
-0.39193
-0.3978
-0.40335
-0.40858
-0.4135
-0.41811
-0.42244
-0.42647
-0.43023
-0.43371
-0.43692
-0.43987
-0.44255
-0.44498
-0.44716
-0.44908
-0.45076
-0.45219
-0.45337
-0.45431
-0.455
-0.45545
-0.45565
-0.4556
-0.45531
-0.45476
-0.45397
-0.45292
-0.45161
-0.45004
-0.4482
-0.4461
-0.44373
-0.44109
-0.43817
-0.43496
-0.43148
-0.4277
-0.42364
-0.41929
-0.41464
-0.40969
-0.40445
-0.3989
-0.39306
-0.38692
-0.38048
-0.37374
-0.3667
-0.35937
-0.35176
-0.34386
-0.33568
-0.32722
-0.3185
-0.30952
-0.30029
-0.29082
-0.28113
-0.27121
-0.26108
-0.25076
-0.24026
-0.22959
-0.21877
-0.2078
-0.19672
-0.18553
-0.17424
-0.16289
-0.15147
-0.14001
-0.12852
-0.11703
-0.10555
-0.094083
-0.082661
-0.071295
-0.060001
-0.048792
-0.037686
-0.026695
-0.015835
-0.0051167
0.0054453
0.015839
0.026054
0.036078
0.0459
0.055512
0.064902
0.074064
0.082987
0.091666
0.10009
0.10826
0.11616
0.12379
0.13115
0.13822
0.14501
0.15151
0.15772
0.16363
0.16924
0.17455
0.17956
0.18426
0.18865
0.19274
0.19651
0.19997
0.20312
0.20596
0.20848
0.21068
0.21257
0.21414
0.2154
0.21634
0.21696
0.21727
0.21726
0.21694
0.2163
0.21535
0.21408
0.2125
0.21061
0.20841
0.2059
0.20308
0.19996
0.19654
0.19281
0.18879
0.18447
0.17985
0.17495
0.16976
0.16429
0.15853
0.15251
0.14621
0.13965
0.13282
0.12574
0.11841
0.11083
0.10302
0.09497
0.086696
0.078202
0.069497
0.060585
0.051475
0.042175
0.032692
0.023034
0.01321
0.0032269
-0.0069059
-0.01718
-0.027587
-0.038117
-0.048761
-0.059511
-0.070356
-0.081287
-0.092294
-0.10337
-0.1145
-0.12567
-0.13688
-0.14812
-0.15937
-0.17062
-0.18186
-0.19308
-0.20427
-0.21541
-0.22649
-0.23749
-0.24841
-0.25922
-0.26992
-0.28048
-0.29089
-0.30113
-0.31118
-0.32102
-0.33064
-0.34002
-0.34912
-0.35793
-0.36643
-0.37458
-0.38238
-0.38978
-0.39677
-0.40331
-0.40939
-0.41496
-0.42001
-0.4245
-0.42842
-0.43172
-0.43438
-0.43638
-0.43768
-0.43828
-0.43813
-0.43723
-0.43554
-0.43307
-0.42978
-0.42567
-0.42074
-0.41497
-0.40837
-0.40093
-0.39266
-0.38358
-0.3737
-0.36303
-0.35159
-0.33941
-0.32653
-0.31296
-0.29875
-0.28393
-0.26855
-0.25264
-0.23625
-0.21943
-0.20222
-0.18467
-0.16683
-0.14874
-0.13045
-0.11201
-0.093452
-0.07483
-0.056182
-0.037547
-0.018961
-0.00045777
0.01793
0.036173
0.054246
0.072124
0.089786
0.10722
0.1244
0.14131
0.15796
0.17432
0.19039
0.20617
0.22166
0.23686
0.25177
0.26638
0.28072
0.29478
0.30856
0.32209
0.33537
0.34841
0.36121
0.3738
0.38619
0.39838
0.4104
0.42225
0.43395
0.44551
0.45695
0.46827
0.47951
0.49065
0.50173
0.51275
0.52373
0.53467
0.54559
0.55649
0.56739
0.5783
0.58921
0.60014
0.61109
0.62206
0.63305
0.64406
0.65508
0.66612
0.67715
0.68816
0.69915
0.71008
0.72094
0.7317
0.74233
0.75279
0.76303
0.77301
0.78269
0.79199
0.80086
0.80923
0.81703
0.82417
0.83058
0.83616
0.84082
0.84446
0.847
0.84833
0.84835
0.84698
0.84411
0.83966
0.83355
0.8257
0.81606
0.80458
0.79122
0.77595
0.75878
0.73972
0.71879
0.69605
0.67156
0.64541
0.61769
0.58852
0.55803
0.52636
0.49365
0.46005
0.42574
0.39086
0.35558
0.32006
0.28445
0.24889
0.21352
0.17847
0.14385
0.10978
0.076344
0.043626
0.011697
-0.019386
-0.049575
-0.078833
-0.10713
-0.13446
-0.1608
-0.18617
-0.21055
-0.23397
-0.25644
-0.27798
-0.29862
-0.3184
-0.33733
-0.35547
-0.37283
-0.38946
-0.4054
-0.42068
-0.43534
-0.44943
-0.46297
-0.47601
-0.48858
-0.50072
-0.51247
-0.52385
-0.53491
-0.54568
-0.55618
-0.56644
-0.57651
-0.58639
-0.59613
-0.60574
-0.61525
-0.62468
-0.63406
-0.6434
-0.65272
-0.66204
-0.67138
-0.68074
-0.69014
-0.69959
-0.70909
-0.71866
-0.72828
-0.73797
-0.74771
-0.7575
-0.76733
-0.77719
-0.78705
-0.7969
-0.8067
-0.81642
-0.82603
-0.83547
-0.84471
-0.85367
-0.86231
-0.87054
-0.8783
-0.8855
-0.89205
-0.89786
-0.90283
-0.90686
-0.90983
-0.91164
-0.91217
-0.91131
-0.90896
-0.905
-0.89934
-0.89188
-0.88255
-0.87126
-0.85798
-0.84264
-0.82525
-0.80578
-0.78426
-0.76074
-0.73526
-0.70791
-0.67878
-0.64801
-0.61572
-0.58207
-0.54721
-0.51132
-0.47457
-0.43716
-0.39925
-0.36103
-0.32268
-0.28436
-0.24624
-0.20845
-0.17114
-0.13443
-0.098431
-0.063234
-0.028922
0.0044372
0.036788
0.06809
0.098312
0.12743
0.15545
0.18235
0.20816
0.23287
0.25652
0.27913
0.30073
0.32135
0.34103
0.3598
0.37772
0.39481
0.41112
0.4267
0.44159
0.45583
0.46945
0.48251
0.49504
0.50709
0.51868
0.52986
0.54067
0.55113
0.56128
0.57116
0.58079
0.5902
0.59943
0.60849
0.61741
0.62622
0.63494
0.64358
0.65218
0.66074
0.66927
0.67781
0.68634
0.6949
0.70347
0.71208
0.72072
0.72939
0.73809
0.74681
0.75556
0.7643
0.77304
0.78174
0.79039
0.79895
0.8074
0.81569
0.82378
0.83163
0.83917
0.84635
0.8531
0.85936
0.86504
0.87007
0.87435
0.87779
0.88031
0.88181
0.88219
0.88134
0.87918
0.8756
0.87052
0.86385
0.85552
0.84546
0.8336
0.81991
0.80437
0.78694
0.76765
0.74651
0.72355
0.69885
0.67247
0.6445
0.61506
0.58426
0.55225
0.51915
0.48514
0.45036
0.41497
0.37914
0.34303
0.30679
0.27058
0.23452
0.19877
0.16343
0.12862
0.094444
0.060986
0.028322
-0.0034833
-0.034378
-0.064321
-0.09328
-0.12124
-0.14818
-0.17409
-0.19899
-0.22289
-0.24578
-0.26771
-0.28869
-0.30875
-0.32791
-0.34622
-0.36371
-0.38041
-0.39636
-0.4116
-0.42616
-0.44009
-0.45342
-0.46618
-0.47842
-0.49017
-0.50146
-0.51232
-0.5228
-0.53292
-0.54271
-0.55219
-0.56141
-0.57038
-0.57913
-0.58768
-0.59606
-0.60429
-0.61238
-0.62036
-0.62824
-0.63603
-0.64376
-0.65143
-0.65905
-0.66664
-0.67419
-0.68172
-0.68923
-0.6967
-0.70416
-0.71158
-0.71897
-0.7263
-0.73358
-0.74077
-0.74787
-0.75485
-0.76168
-0.76833
-0.77477
-0.78095
-0.78684
-0.79238
-0.79753
-0.80223
-0.80642
-0.81003
-0.813
-0.81526
-0.81674
-0.81737
-0.81706
-0.81575
-0.81335
-0.8098
-0.80502
-0.79896
-0.79153
-0.78271
-0.77242
-0.76065
-0.74735
-0.73251
-0.71614
-0.69822
-0.6788
-0.65789
-0.63556
-0.61185
-0.58684
-0.56061
-0.53327
-0.50491
-0.47564
-0.44559
-0.41487
-0.38362
-0.35195
-0.32
-0.28788
-0.25571
-0.22362
-0.19171
-0.16008
-0.12883
-0.09804
-0.06779
-0.038148
-0.0091732
0.019083
0.046578
0.07328
0.09916
0.1242
0.14839
0.17172
0.1942
0.21582
0.2366
0.25654
0.27568
0.29402
0.31159
0.32842
0.34452
0.35993
0.37467
0.38877
0.40227
0.41518
0.42755
0.43939
0.45074
0.46162
0.47207
0.4821
0.49175
0.50104
0.50999
0.51863
0.52697
0.53505
0.54287
0.55047
0.55784
0.56503
0.57203
0.57886
0.58554
0.59207
0.59848
0.60475
0.61092
0.61697
0.62291
0.62875
0.63449
0.64013
0.64567
0.65109
0.6564
0.66159
0.66665
0.67156
0.67631
0.68088
0.68526
0.68942
0.69334
0.69699
0.70034
0.70337
0.70603
0.70829
0.71012
0.71147
0.7123
0.71257
0.71223
0.71125
0.70956
0.70714
0.70392
0.69988
0.69496
0.68913
0.68235
0.67459
0.66582
0.65601
0.64515
0.63322
0.62023
0.60616
0.59103
0.57485
0.55765
0.53946
0.52031
0.50025
0.47933
0.45762
0.43516
0.41204
0.38832
0.36407
0.33939
0.31434
0.289
0.26347
0.23781
0.2121
0.18642
0.16084
0.13543
0.11025
0.08536
0.060818
0.036672
0.012968
-0.010254
-0.032961
-0.055121
-0.07671
-0.097707
-0.1181
-0.13787
-0.15701
-0.17551
-0.19339
-0.21063
-0.22724
-0.24323
-0.25861
-0.27338
-0.28757
-0.30117
-0.31421
-0.32671
-0.33867
-0.35012
-0.36107
-0.37154
-0.38154
-0.3911
-0.40022
-0.40893
-0.41725
-0.42518
-0.43275
-0.43996
-0.44684
-0.45339
-0.45964
-0.46558
-0.47124
-0.47663
-0.48175
-0.48662
-0.49123
-0.49561
-0.49976
-0.50369
-0.50739
-0.51088
-0.51415
-0.51722
-0.52008
-0.52274
-0.52519
-0.52743
-0.52947
-0.5313
-0.53292
-0.53432
-0.5355
-0.53646
-0.53718
-0.53767
-0.5379
-0.53789
-0.53761
-0.53705
-0.53621
-0.53508
-0.53364
-0.53188
-0.5298
-0.52738
-0.5246
-0.52146
-0.51794
-0.51404
-0.50974
-0.50503
-0.49991
-0.49435
-0.48836
-0.48194
-0.47506
-0.46773
-0.45995
-0.45171
-0.44302
-0.43387
-0.42427
-0.41423
-0.40375
-0.39285
-0.38152
-0.3698
-0.35769
-0.3452
-0.33236
-0.3192
-0.30572
-0.29195
-0.27792
-0.26366
-0.24918
-0.23452
-0.21971
-0.20476
-0.18972
-0.17461
-0.15946
-0.1443
-0.12915
-0.11405
-0.099011
-0.08407
-0.069249
-0.054572
-0.040062
-0.02574
-0.011627
0.0022577
0.015897
0.029274
0.042373
0.055181
0.067685
0.079874
0.091737
0.10327
0.11445
0.12529
0.13577
0.1459
0.15565
0.16505
0.17407
0.18273
0.19101
0.19892
0.20646
0.21363
0.22043
0.22686
0.23292
0.23862
0.24396
0.24893
0.25355
0.25782
0.26173
0.26529
0.26851
0.27139
0.27392
0.27612
0.27798
0.27951
0.28071
0.28158
0.28213
0.28236
0.28227
0.28187
0.28115
0.28011
0.27878
0.27713
0.27518
0.27293
0.27038
0.26753
0.26439
0.26096
0.25725
0.25324
0.24896
0.24439
0.23955
0.23444
0.22906
0.22341
0.2175
0.21134
0.20492
0.19826
0.19136
0.18422
0.17684
0.16924
0.16142
0.15339
0.14515
0.1367
0.12807
0.11924
0.11024
0.10107
0.091728
0.082233
0.07259
0.062807
0.052892
0.042856
0.032705
0.022451
0.0121
0.0016633
-0.0088503
-0.019431
-0.03007
-0.040758
-0.051483
-0.062237
-0.073009
-0.08379
-0.094569
-0.10534
-0.11608
-0.12679
-0.13746
-0.14807
-0.15861
-0.16908
-0.17946
-0.18973
-0.1999
-0.20993
-0.21983
-0.22958
-0.23917
-0.24857
-0.25778
-0.26678
-0.27556
-0.2841
-0.29239
-0.3004
-0.30813
-0.31555
-0.32265
-0.32941
-0.3358
-0.34182
-0.34744
-0.35264
-0.35741
-0.36172
-0.36555
-0.36888
-0.37171
-0.37399
-0.37573
-0.3769
-0.37748
-0.37747
-0.37683
-0.37557
-0.37367
-0.37111
-0.3679
-0.36403
-0.35949
-0.35427
-0.34839
-0.34184
-0.33463
-0.32676
-0.31826
-0.30912
-0.29937
-0.28902
-0.27809
-0.26662
-0.25461
-0.2421
-0.22911
-0.21568
-0.20184
-0.18761
-0.17304
-0.15815
-0.14298
-0.12756
-0.11193
-0.096125
-0.080171
-0.064104
-0.047954
-0.031751
-0.015526
0.00069473
0.016885
0.033021
0.049079
0.06504
0.080883
0.096592
0.11215
0.12755
0.14277
0.1578
0.17264
0.18728
0.20172
0.21595
0.22996
0.24376
0.25736
0.27074
0.28391
0.29688
0.30965
0.32222
0.33461
0.34681
0.35884
0.37071
0.38241
0.39397
0.40538
0.41666
0.42782
0.43886
0.44979
0.46063
0.47137
0.48204
0.49262
0.50314
0.5136
0.524
0.53434
0.54464
0.55488
0.56509
0.57524
0.58534
0.59539
0.60537
0.61529
0.62513
0.63488
0.64452
0.65404
0.66341
0.67261
0.68161
0.69038
0.69889
0.70709
0.71496
0.72243
0.72946
0.73599
0.74197
0.74735
0.75205
0.756
0.75915
0.76142
0.76274
0.76303
0.76223
0.76028
0.75709
0.75262
0.7468
0.73959
0.73093
0.7208
0.70916
0.696
0.68132
0.66513
0.64743
0.62827
0.60768
0.58573
0.56248
0.53801
0.5124
0.48576
0.45819
0.42981
0.40072
0.37104
0.3409
0.31041
0.27969
0.24886
0.21802
0.18729
0.15676
0.12652
0.096662
0.067255
0.038369
0.010064
-0.017609
-0.044605
-0.070891
-0.096439
-0.12123
-0.14524
-0.16847
-0.19092
-0.21259
-0.23348
-0.25361
-0.273
-0.29165
-0.30959
-0.32684
-0.34343
-0.35939
-0.37473
-0.38949
-0.4037
-0.41738
-0.43057
-0.44328
-0.45556
-0.46743
-0.47892
-0.49004
-0.50085
-0.51134
-0.52156
-0.53153
-0.54127
-0.5508
-0.56014
-0.56932
-0.57836
-0.58727
-0.59606
-0.60477
-0.61339
-0.62195
-0.63045
-0.63891
-0.64733
-0.65572
-0.66409
-0.67243
-0.68075
-0.68905
-0.69732
-0.70556
-0.71375
-0.72188
-0.72994
-0.7379
-0.74575
-0.75346
-0.76099
-0.76831
-0.77539
-0.78217
-0.78862
-0.79467
-0.80027
-0.80536
-0.80987
-0.81375
-0.8169
-0.81927
-0.82077
-0.82131
-0.82084
-0.81926
-0.81649
-0.81247
-0.80712
-0.80037
-0.79217
-0.78246
-0.7712
-0.75835
-0.74391
-0.72785
-0.71019
-0.69094
-0.67014
-0.64782
-0.62406
-0.59893
-0.5725
-0.54489
-0.5162
-0.48654
-0.45604
-0.42483
-0.39303
-0.36078
-0.32821
-0.29545
-0.26262
-0.22986
-0.19726
-0.16494
-0.13301
-0.10154
-0.070615
-0.040315
-0.010697
0.018185
0.046288
0.073576
0.10002
0.12561
0.15032
0.17416
0.19712
0.21921
0.24043
0.26082
0.28037
0.29912
0.31708
0.33429
0.35076
0.36654
0.38165
0.39611
0.40997
0.42325
0.43598
0.44819
0.45992
0.47119
0.48203
0.49247
0.50254
0.51226
0.52166
0.53077
0.5396
0.54818
0.55654
0.56468
0.57264
0.58042
0.58805
0.59554
0.60291
0.61016
0.61731
0.62436
0.63133
0.63823
0.64505
0.6518
0.65848
0.66509
0.67163
0.67809
0.68446
0.69074
0.6969
0.70295
0.70885
0.7146
0.72015
0.7255
0.7306
0.73542
0.73994
0.7441
0.74787
0.7512
0.75404
0.75634
0.75805
0.75912
0.75947
0.75907
0.75785
0.75575
0.75271
0.74867
0.7436
0.73743
0.73011
0.72161
0.71189
0.70093
0.6887
0.67519
0.66039
0.64432
0.62698
0.60841
0.58864
0.56771
0.54567
0.5226
0.49857
0.47364
0.44791
0.42147
0.39441
0.36684
0.33884
0.31052
0.28199
0.25333
0.22465
0.19603
0.16756
0.13933
0.1114
0.083859
0.056756
0.030153
0.0040993
-0.021361
-0.046192
-0.070362
-0.093846
-0.11663
-0.13869
-0.16002
-0.18063
-0.20051
-0.21966
-0.23809
-0.25581
-0.27284
-0.28918
-0.30486
-0.3199
-0.33431
-0.34812
-0.36134
-0.37401
-0.38613
-0.39774
-0.40885
-0.41949
-0.42968
-0.43944
-0.4488
-0.45777
-0.46637
-0.47463
-0.48256
-0.49018
-0.4975
-0.50455
-0.51133
-0.51787
-0.52417
-0.53026
-0.53613
-0.5418
-0.54727
-0.55257
-0.55769
-0.56264
-0.56743
-0.57205
-0.57652
-0.58083
-0.58498
-0.58898
-0.59281
-0.59648
-0.59998
-0.6033
-0.60644
-0.60938
-0.61212
-0.61463
-0.61692
-0.61895
-0.62073
-0.62222
-0.6234
-0.62427
-0.62478
-0.62493
-0.62469
-0.62403
-0.62292
-0.62135
-0.61928
-0.61669
-0.61355
-0.60984
-0.60552
-0.60059
-0.59501
-0.58877
-0.58184
-0.57421
-0.56587
-0.55681
-0.54701
-0.53647
-0.5252
-0.5132
-0.50047
-0.48703
-0.47289
-0.45807
-0.4426
-0.4265
-0.40981
-0.39256
-0.3748
-0.35655
-0.33787
-0.3188
-0.29939
-0.2797
-0.25976
-0.23963
-0.21936
-0.199
-0.17861
-0.15822
-0.13789
-0.11767
-0.097585
-0.077688
-0.058015
-0.038602
-0.019483
-0.0006862
0.01776
0.03583
0.053503
0.07076
0.087584
0.10396
0.11988
0.13533
0.15031
0.1648
0.17882
0.19235
0.2054
0.21796
0.23005
0.24166
0.25281
0.26348
0.27371
0.28348
0.29281
0.3017
0.31017
0.31822
0.32587
0.33311
0.33997
0.34644
0.35254
0.35827
0.36365
0.36868
0.37337
0.37773
0.38176
0.38547
0.38886
0.39195
0.39474
0.39723
0.39943
0.40134
0.40297
0.40432
0.40539
0.40619
0.40671
0.40697
0.40696
0.40669
0.40615
0.40535
0.40428
0.40296
0.40137
0.39952
0.39741
0.39504
0.39241
0.38951
0.38636
0.38295
0.37927
0.37533
0.37114
0.36668
0.36196
0.35699
0.35176
0.34627
0.34053
0.33454
0.3283
0.32182
0.31509
0.30813
0.30093
0.29351
0.28586
0.27799
0.26992
0.26164
0.25316
0.2445
0.23565
0.22664
0.21746
0.20813
0.19866
0.18906
0.17934
0.16951
0.15958
0.14956
0.13947
0.12932
0.11912
0.10888
0.098615
0.088336
0.078056
0.067787
0.057541
0.04733
0.037166
0.027061
0.017025
0.0070705
-0.0027919
-0.012552
-0.022198
-0.031722
-0.041113
-0.050363
-0.059461
-0.068399
-0.077169
-0.085762
-0.094171
-0.10239
-0.11041
-0.11822
-0.12582
-0.1332
-0.14036
-0.14729
-0.15398
-0.16043
-0.16664
-0.17259
-0.1783
-0.18374
-0.18891
-0.19382
-0.19846
-0.20283
-0.20691
-0.21071
-0.21423
-0.21746
-0.2204
-0.22304
-0.22538
-0.22743
-0.22917
-0.23061
-0.23174
-0.23257
-0.23308
-0.23328
-0.23316
-0.23273
-0.23199
-0.23093
-0.22955
-0.22785
-0.22583
-0.2235
-0.22084
-0.21787
-0.21459
-0.21099
-0.20708
-0.20286
-0.19833
-0.1935
-0.18836
-0.18293
-0.17721
-0.17119
-0.1649
-0.15832
-0.15147
-0.14436
-0.13699
-0.12936
-0.12149
-0.11338
-0.10504
-0.09648
-0.087705
-0.078724
-0.069547
-0.060183
-0.050642
-0.040932
-0.031063
-0.021045
-0.010887
-0.00059866
0.0098105
0.020331
0.030952
0.041665
0.05246
0.063329
0.074261
0.085247
0.09628
0.10735
0.11845
0.12956
0.14069
0.15182
0.16294
0.17405
0.18514
0.1962
0.20722
0.21819
0.22911
0.23997
0.25076
0.26147
0.27209
0.28262
0.29304
0.30334
0.31352
0.32357
0.33347
0.34321
0.35278
0.36217
0.37136
0.38035
0.3891
0.39762
0.40588
0.41386
0.42155
0.42892
0.43596
0.44265
0.44895
0.45485
0.46032
0.46534
0.46989
0.47393
0.47744
0.4804
0.48277
0.48453
0.48566
0.48613
0.48591
0.48499
0.48333
0.48092
0.47775
0.47379
0.46903
0.46346
0.45707
0.44987
0.44184
0.433
0.42335
0.41289
0.40165
0.38965
0.3769
0.36343
0.34927
0.33446
0.31904
0.30303
0.28648
0.26944
0.25195
0.23406
0.21581
0.19726
0.17845
0.15944
0.14026
0.12096
0.1016
0.082204
0.062827
0.043504
0.024273
0.0051676
-0.013779
-0.032537
-0.051081
-0.069386
-0.087432
-0.1052
-0.12267
-0.13984
-0.15669
-0.17321
-0.1894
-0.20525
-0.22077
-0.23594
-0.25078
-0.26529
-0.27946
-0.29331
-0.30685
-0.32007
-0.333
-0.34564
-0.35799
-0.37008
-0.38191
-0.39349
-0.40484
-0.41597
-0.42688
-0.4376
-0.44814
-0.45849
-0.46869
-0.47873
-0.48863
-0.4984
-0.50805
-0.51759
-0.52702
-0.53635
-0.54559
-0.55475
-0.56382
-0.57281
-0.58173
-0.59056
-0.59932
-0.60799
-0.61658
-0.62506
-0.63344
-0.6417
-0.64983
-0.65781
-0.66561
-0.67323
-0.68063
-0.68778
-0.69465
-0.7012
-0.70741
-0.71322
-0.71859
-0.72348
-0.72782
-0.73158
-0.73469
-0.73709
-0.73874
-0.73956
-0.73949
-0.73848
-0.73647
-0.73339
-0.72919
-0.72383
-0.71725
-0.70941
-0.70028
-0.68983
-0.67804
-0.6649
-0.6504
-0.63456
-0.61739
-0.59892
-0.57919
-0.55826
-0.53617
-0.51301
-0.48883
-0.46374
-0.43781
-0.41115
-0.38386
-0.35603
-0.32777
-0.29918
-0.27037
-0.24145
-0.21249
-0.18361
-0.15488
-0.12639
-0.098213
-0.070426
-0.043088
-0.016254
0.010025
0.035708
0.06076
0.085151
0.10886
0.13187
0.15416
0.17575
0.19661
0.21675
0.23619
0.25492
0.27297
0.29035
0.30707
0.32315
0.33862
0.3535
0.3678
0.38156
0.3948
0.40753
0.4198
0.43161
0.443
0.45399
0.4646
0.47486
0.48478
0.4944
0.50372
0.51278
0.52158
0.53016
0.53852
0.54669
0.55468
0.5625
0.57017
0.5777
0.5851
0.59238
0.59955
0.60662
0.61359
0.62047
0.62725
0.63395
0.64056
0.64707
0.65349
0.65979
0.66599
0.67206
0.67798
0.68376
0.68935
0.69475
0.69993
0.70486
0.70951
0.71385
0.71784
0.72145
0.72463
0.72734
0.72954
0.73117
0.73219
0.73254
0.73218
0.73105
0.7291
0.72628
0.72253
0.71782
0.71208
0.70529
0.6974
0.68838
0.67821
0.66686
0.65431
0.64058
0.62565
0.60954
0.59227
0.57387
0.55437
0.53383
0.51229
0.48982
0.46649
0.44236
0.41753
0.39208
0.36608
0.33964
0.31285
0.28579
0.25855
0.23123
0.20391
0.17667
0.14958
0.12273
0.096184
0.069997
0.044229
0.018932
-0.0058487
-0.030075
-0.053713
-0.076736
-0.09912
-0.12085
-0.14191
-0.1623
-0.182
-0.20103
-0.21938
-0.23706
-0.25408
-0.27044
-0.28617
-0.30128
-0.31578
-0.32969
-0.34303
-0.35583
-0.36809
-0.37984
-0.3911
-0.40188
-0.41222
-0.42213
-0.43163
-0.44073
-0.44946
-0.45784
-0.46588
-0.4736
-0.48101
-0.48814
-0.49499
-0.50158
-0.50792
-0.51403
-0.51991
-0.52558
-0.53104
-0.53631
-0.54139
-0.54628
-0.551
-0.55554
-0.55991
-0.56411
-0.56814
-0.572
-0.5757
-0.57922
-0.58256
-0.58572
-0.58868
-0.59145
-0.59402
-0.59636
-0.59848
-0.60035
-0.60197
-0.60331
-0.60437
-0.60511
-0.60553
-0.6056
-0.60531
-0.60462
-0.60353
-0.602
-0.60001
-0.59754
-0.59457
-0.59107
-0.58703
-0.58241
-0.57721
-0.5714
-0.56496
-0.55789
-0.55016
-0.54177
-0.53271
-0.52297
-0.51256
-0.50147
-0.48971
-0.47729
-0.46422
-0.45051
-0.43619
-0.42128
-0.4058
-0.38979
-0.37327
-0.35628
-0.33887
-0.32107
-0.30291
-0.28446
-0.26574
-0.24681
-0.2277
-0.20848
-0.18918
-0.16984
-0.15051
-0.13124
-0.11206
-0.093016
-0.074141
-0.055471
-0.03704
-0.018878
-0.0010124
0.01653
0.033726
0.050556
0.067001
0.083044
0.098672
0.11387
0.12864
0.14296
0.15684
0.17026
0.18323
0.19574
0.20779
0.21939
0.23054
0.24124
0.25149
0.26131
0.27069
0.27965
0.28819
0.29631
0.30403
0.31135
0.31828
0.32482
0.33099
0.33679
0.34222
0.3473
0.35204
0.35643
0.36048
0.36421
0.36762
0.37071
0.37348
0.37595
0.37812
0.37998
0.38156
0.38284
0.38383
0.38454
0.38497
0.38512
0.38499
0.38459
0.38391
0.38296
0.38174
0.38026
0.3785
0.37647
0.37418
0.37163
0.36881
0.36572
0.36237
0.35876
0.35489
0.35075
0.34636
0.34171
0.3368
0.33164
0.32622
0.32056
0.31465
0.3085
0.3021
0.29547
0.28861
0.28151
0.2742
0.26667
0.25892
0.25097
0.24282
0.23449
0.22596
0.21726
0.2084
0.19937
0.1902
0.18089
0.17144
0.16188
0.1522
0.14242
0.13256
0.12262
0.11261
0.10254
0.092432
0.082289
0.072123
0.061946
0.05177
0.041604
0.031461
0.021351
0.011285
0.0012735
-0.0086731
-0.018545
-0.028331
-0.038022
-0.04761
-0.057083
-0.066434
-0.075654
-0.084734
-0.093666
-0.10244
-0.11105
-0.1195
-0.12776
-0.13584
-0.14372
-0.15141
-0.15889
-0.16616
-0.17321
-0.18004
-0.18664
-0.19301
-0.19913
-0.20501
-0.21064
-0.21602
-0.22113
-0.22598
-0.23056
-0.23487
-0.23889
-0.24263
-0.24608
-0.24924
-0.2521
-0.25466
-0.25692
-0.25886
-0.26049
-0.2618
-0.26279
-0.26346
-0.2638
-0.26381
-0.26348
-0.26282
-0.26182
-0.26048
-0.2588
-0.25678
-0.25441
-0.2517
-0.24864
-0.24525
-0.2415
-0.23742
-0.233
-0.22825
-0.22316
-0.21774
-0.212
-0.20593
-0.19956
-0.19287
-0.18589
-0.17861
-0.17104
-0.1632
-0.15508
-0.14671
-0.13809
-0.12922
-0.12013
-0.11082
-0.1013
-0.091583
-0.081683
-0.071612
-0.06138
-0.050999
-0.040483
-0.029842
-0.01909
-0.0082371
0.0027032
0.013719
0.0248
0.035935
0.047111
0.05832
0.069549
0.08079
0.092032
0.10327
0.11448
0.12567
0.13683
0.14794
0.15901
0.17001
0.18095
0.19183
0.20262
0.21333
0.22395
0.23448
0.24491
0.25523
0.26544
0.27553
0.2855
0.29535
0.30507
0.31465
0.32408
0.33337
0.3425
0.35147
0.36027
0.3689
0.37734
0.38559
0.39364
0.40148
0.4091
0.41648
0.42362
0.43051
0.43712
0.44345
0.44948
0.45519
0.46057
0.4656
0.47026
0.47453
0.47839
0.48182
0.4848
0.4873
0.48932
0.49081
0.49177
0.49216
0.49197
0.49118
0.48976
0.48771
0.48499
0.48159
0.4775
0.47271
0.4672
0.46097
0.45401
0.44632
0.43791
0.42876
0.41889
0.40832
0.39704
0.38509
0.37248
0.35923
0.34537
0.33093
0.31594
0.30043
0.28445
0.26802
0.25119
0.23401
0.21651
0.19873
0.18072
0.16253
0.14418
0.12573
0.10722
0.088686
0.070164
0.051691
0.033303
0.015031
-0.0030945
-0.021045
-0.038795
-0.056321
-0.073602
-0.09062
-0.10736
-0.1238
-0.13994
-0.15576
-0.17126
-0.18643
-0.20127
-0.21577
-0.22993
-0.24376
-0.25725
-0.27041
-0.28324
-0.29575
-0.30795
-0.31983
-0.33141
-0.3427
-0.3537
-0.36442
-0.37487
-0.38506
-0.395
-0.40469
-0.41416
-0.42339
-0.43241
-0.44122
-0.44983
-0.45825
-0.46648
-0.47453
-0.48241
-0.49012
-0.49766
-0.50504
-0.51227
-0.51934
-0.52625
-0.533
-0.5396
-0.54604
-0.55231
-0.55842
-0.56435
-0.57009
-0.57565
-0.581
-0.58613
-0.59104
-0.59569
-0.60009
-0.6042
-0.608
-0.61148
-0.61462
-0.61737
-0.61972
-0.62164
-0.6231
-0.62407
-0.62452
-0.6244
-0.62371
-0.62239
-0.62042
-0.61777
-0.6144
-0.61029
-0.60541
-0.59973
-0.59323
-0.58589
-0.5777
-0.56864
-0.55871
-0.54789
-0.53619
-0.52362
-0.51019
-0.49591
-0.48081
-0.4649
-0.44823
-0.43082
-0.41272
-0.39398
-0.37463
-0.35474
-0.33436
-0.31354
-0.29235
-0.27083
-0.24906
-0.2271
-0.205
-0.18282
-0.16061
-0.13845
-0.11637
-0.094433
-0.07268
-0.051158
-0.029906
-0.0089637
0.011636
0.031863
0.05169
0.071093
0.090052
0.10855
0.12658
0.14412
0.16117
0.17772
0.19377
0.20932
0.22437
0.23892
0.25298
0.26656
0.27965
0.29228
0.30445
0.31617
0.32746
0.33831
0.34875
0.35879
0.36844
0.37771
0.38662
0.39517
0.40338
0.41126
0.41882
0.42608
0.43303
0.43971
0.4461
0.45223
0.4581
0.46372
0.46909
0.47423
0.47914
0.48382
0.48828
0.49253
0.49655
0.50037
0.50398
0.50738
0.51056
0.51354
0.5163
0.51885
0.52118
0.52329
0.52517
0.52682
0.52822
0.52938
0.53028
0.53092
0.53128
0.53136
0.53114
0.53062
0.52977
0.5286
0.52708
0.5252
0.52296
0.52033
0.51731
0.51388
0.51004
0.50576
0.50105
0.49588
0.49025
0.48416
0.47758
0.47053
0.463
0.45498
0.44648
0.43748
0.42801
0.41806
0.40764
0.39676
0.38543
0.37366
0.36148
0.34889
0.33592
0.32258
0.30891
0.29491
0.28063
0.26608
0.2513
0.23631
0.22114
0.20583
0.19039
0.17487
0.15929
0.14369
0.12808
0.1125
0.096986
0.081555
0.066235
0.051051
0.036028
0.021189
0.0065537
-0.0078572
-0.022025
-0.035933
-0.049566
-0.062908
-0.075948
-0.088673
-0.10107
-0.11314
-0.12487
-0.13625
-0.14727
-0.15794
-0.16824
-0.17818
-0.18776
-0.19696
-0.2058
-0.21427
-0.22238
-0.23012
-0.23749
-0.2445
-0.25115
-0.25745
-0.26339
-0.26897
-0.27421
-0.2791
-0.28365
-0.28786
-0.29173
-0.29527
-0.29847
-0.30135
-0.30391
-0.30614
-0.30806
-0.30966
-0.31094
-0.31191
-0.31258
-0.31294
-0.31299
-0.31274
-0.31219
-0.31134
-0.31019
-0.30875
-0.30702
-0.305
-0.30268
-0.30008
-0.29719
-0.29402
-0.29057
-0.28684
-0.28283
-0.27855
-0.27399
-0.26917
-0.26408
-0.25873
-0.25311
-0.24725
-0.24113
-0.23476
-0.22815
-0.2213
-0.21422
-0.20691
-0.19937
-0.19162
-0.18367
-0.1755
-0.16714
-0.1586
-0.14986
-0.14096
-0.13189
-0.12266
-0.11327
-0.10375
-0.094095
-0.084315
-0.074421
-0.06442
-0.054323
-0.044138
-0.033876
-0.023545
-0.013155
-0.002716
0.0077622
0.01827
0.028798
0.039337
0.049877
0.060409
0.070923
0.081409
0.091859
0.10226
0.11261
0.12289
0.1331
0.14322
0.15325
0.16318
0.173
0.1827
0.19226
0.20168
0.21096
0.22007
0.22902
0.23778
0.24635
0.25472
0.26288
0.27081
0.27851
0.28596
0.29315
0.30007
0.3067
0.31304
0.31907
0.32478
0.33014
0.33516
0.33981
0.34408
0.34796
0.35143
0.35447
0.35708
0.35924
0.36093
0.36215
0.36287
0.36309
0.3628
0.36198
0.36062
0.35872
0.35626
0.35325
0.34967
0.34552
0.34081
0.33552
0.32966
0.32324
0.31625
0.30871
0.30062
0.292
0.28285
0.2732
0.26305
0.25243
0.24135
0.22984
0.21792
0.2056
0.19292
0.17991
0.16658
0.15296
0.13909
0.12498
0.11068
0.096194
0.081564
0.066813
0.051966
0.037051
0.022091
0.0071097
-0.0078689
-0.022824
-0.037734
-0.052582
-0.067347
-0.082016
-0.096571
-0.111
-0.12529
-0.13943
-0.15341
-0.16723
-0.18086
-0.19432
-0.20759
-0.22068
-0.23357
-0.24627
-0.25878
-0.27109
-0.28321
-0.29514
-0.30688
-0.31844
-0.32982
-0.34102
-0.35204
-0.3629
-0.37359
-0.38413
-0.39451
-0.40474
-0.41482
-0.42477
-0.43457
-0.44425
-0.4538
-0.46322
-0.47251
-0.48169
-0.49075
-0.49968
-0.50849
-0.51718
-0.52575
-0.53418
-0.54247
-0.55062
-0.55862
-0.56646
-0.57413
-0.5816
-0.58887
-0.59592
-0.60273
-0.60928
-0.61553
-0.62148
-0.62708
-0.63231
-0.63713
-0.64152
-0.64542
-0.64881
-0.65165
-0.65388
-0.65548
-0.6564
-0.65658
-0.656
-0.65461
-0.65236
-0.64921
-0.64514
-0.64009
-0.63404
-0.62697
-0.61884
-0.60965
-0.59937
-0.588
-0.57554
-0.56201
-0.5474
-0.53174
-0.51507
-0.49741
-0.4788
-0.4593
-0.43897
-0.41785
-0.39601
-0.37353
-0.35047
-0.32691
-0.30293
-0.2786
-0.254
-0.2292
-0.20429
-0.17934
-0.15441
-0.12957
-0.10489
-0.080423
-0.056229
-0.032355
-0.0088471
0.014254
0.036913
0.059099
0.080786
0.10195
0.12258
0.14265
0.16217
0.18112
0.1995
0.21731
0.23456
0.25124
0.26738
0.28297
0.29804
0.31259
0.32663
0.34019
0.35328
0.36591
0.37811
0.38989
0.40127
0.41227
0.4229
0.43318
0.44313
0.45277
0.46212
0.47118
0.47998
0.48853
0.49685
0.50494
0.51283
0.52052
0.52803
0.53536
0.54253
0.54954
0.5564
0.56312
0.56971
0.57616
0.58247
0.58866
0.59472
0.60064
0.60643
0.61208
0.61758
0.62293
0.62811
0.63311
0.63792
0.64252
0.64689
0.65102
0.65488
0.65844
0.66169
0.66458
0.66709
0.6692
0.67086
0.67204
0.6727
0.6728
0.67232
0.6712
0.66941
0.66691
0.66366
0.65962
0.65477
0.64907
0.64248
0.63498
0.62655
0.61716
0.60681
0.59549
0.58319
0.56992
0.55568
0.54049
0.52437
0.50735
0.48946
0.47074
0.45125
0.43102
0.41011
0.38859
0.36651
0.34395
0.32097
0.29764
0.27403
0.25021
0.22625
0.20223
0.1782
0.15423
0.13038
0.10671
0.08327
0.060118
0.037297
0.014848
-0.0071903
-0.028785
-0.049907
-0.070531
-0.090636
-0.1102
-0.12922
-0.14768
-0.16558
-0.1829
-0.19965
-0.21583
-0.23145
-0.2465
-0.261
-0.27496
-0.28839
-0.30129
-0.31368
-0.32557
-0.33698
-0.34793
-0.35841
-0.36846
-0.37808
-0.38729
-0.39611
-0.40454
-0.41261
-0.42032
-0.4277
-0.43474
-0.44147
-0.4479
-0.45403
-0.45988
-0.46546
-0.47078
-0.47585
-0.48066
-0.48524
-0.48959
-0.49371
-0.49761
-0.50129
-0.50475
-0.50801
-0.51105
-0.51389
-0.51651
-0.51893
-0.52113
-0.52312
-0.52489
-0.52644
-0.52776
-0.52885
-0.5297
-0.53031
-0.53067
-0.53076
-0.53058
-0.53013
-0.52938
-0.52833
-0.52698
-0.52529
-0.52328
-0.52092
-0.5182
-0.51511
-0.51164
-0.50778
-0.50352
-0.49884
-0.49375
-0.48822
-0.48226
-0.47586
-0.469
-0.46169
-0.45393
-0.44571
-0.43703
-0.4279
-0.41832
-0.40829
-0.39783
-0.38694
-0.37564
-0.36394
-0.35185
-0.3394
-0.32659
-0.31346
-0.30001
-0.28629
-0.2723
-0.25808
-0.24365
-0.22904
-0.21428
-0.19939
-0.1844
-0.16935
-0.15426
-0.13915
-0.12406
-0.10902
-0.094043
-0.079162
-0.0644
-0.04978
-0.035326
-0.021058
-0.006996
0.0068403
0.020434
0.033768
0.046829
0.059602
0.072075
0.084238
0.096079
0.10759
0.11877
0.1296
0.14008
0.15021
0.15998
0.16938
0.17843
0.18711
0.19543
0.20338
0.21096
0.21818
0.22503
0.23153
0.23766
0.24343
0.24885
0.25391
0.25862
0.26298
0.267
0.27067
0.274
0.27699
0.27965
0.28197
0.28396
0.28563
0.28697
0.28799
0.28869
0.28907
0.28913
0.28889
0.28833
0.28746
0.28629
0.28481
0.28304
0.28096
0.27858
0.27592
0.27295
0.2697
0.26616
0.26234
0.25824
0.25385
0.24919
0.24425
0.23905
0.23358
0.22785
0.22186
0.21561
0.20912
0.20238
0.19541
0.18819
0.18075
0.17309
0.16521
0.15712
0.14882
0.14033
0.13164
0.12277
0.11373
0.10452
0.095147
0.085622
0.075955
0.066151
0.056222
0.046174
0.036017
0.025761
0.015414
0.0049849
-0.0055157
-0.016079
-0.026696
-0.037356
-0.04805
-0.058768
-0.0695
-0.080238
-0.090969
-0.10169
-0.11238
-0.12303
-0.13364
-0.14419
-0.15468
-0.16508
-0.1754
-0.18562
-0.19573
-0.20572
-0.21557
-0.22527
-0.23482
-0.24419
-0.25338
-0.26237
-0.27115
-0.2797
-0.28801
-0.29607
-0.30386
-0.31135
-0.31854
-0.32542
-0.33195
-0.33813
-0.34394
-0.34935
-0.35435
