-0.099793
-0.014638
0.071154
0.15763
0.24483
0.33278
0.42152
0.51104
0.60132
0.6923
0.78391
0.876
0.96842
1.0609
1.1532
1.245
1.3358
1.4251
1.5125
1.5972
1.6788
1.7563
1.8292
1.8967
1.9582
2.0128
2.0601
2.0995
2.1307
2.1535
2.1677
2.1735
2.1711
2.161
2.1435
2.1195
2.0896
2.0547
2.0156
1.9731
1.9281
1.8814
1.8338
1.7859
1.7384
1.6918
1.6466
1.6033
1.5622
1.5236
1.4878
1.4548
1.4249
1.3982
1.3748
1.3546
1.3377
1.3242
1.3139
1.307
1.3032
1.3026
1.3051
1.3105
1.3189
1.33
1.3438
1.36
1.3784
1.399
1.4214
1.4453
1.4705
1.4966
1.5232
1.5501
1.5766
1.6024
1.6269
1.6497
1.6702
1.688
1.7024
1.713
1.7193
1.7208
1.7174
1.7085
1.694
1.6738
1.6478
1.6159
1.5784
1.5354
1.4871
1.4339
1.3762
1.3142
1.2485
1.1796
1.1078
1.0335
0.95732
0.87953
0.80057
0.72077
0.64049
0.56001
0.47962
0.39957
0.32008
0.24136
0.1636
0.086977
0.011643
-0.062246
-0.13454
-0.2051
-0.27377
-0.34042
-0.40488
-0.46701
-0.52664
-0.58359
-0.63769
-0.68876
-0.73661
-0.78103
-0.82184
-0.85885
-0.89186
-0.9207
-0.94519
-0.96519
-0.98055
-0.99117
-0.99697
-0.99789
-0.9939
-0.98502
-0.97128
-0.95276
-0.92957
-0.90184
-0.86973
-0.83343
-0.79315
-0.74912
-0.70159
-0.65079
-0.59701
-0.5405
-0.48154
-0.4204
-0.35736
-0.29269
-0.22665
-0.15952
-0.091569
-0.023055
0.045753
0.11459
0.18319
0.25128
0.31859
0.38485
0.44978
0.5131
0.57453
0.63379
0.69058
0.74464
0.79568
0.84345
0.88768
0.92814
0.96461
0.99688
1.0248
1.0482
1.067
1.0812
1.0906
1.0953
1.0953
1.0907
1.0816
1.0681
1.0504
1.0286
1.0029
0.97353
0.94069
0.90458
0.86541
0.82339
0.7787
0.73153
0.68205
0.63041
0.57675
0.52121
0.46389
0.40489
0.3443
0.28218
0.21859
0.1536
0.087248
0.019582
-0.049355
-0.11952
-0.19086
-0.26331
-0.3368
-0.41126
-0.48656
-0.56259
-0.6392
-0.7162
-0.79337
-0.87049
-0.94725
-1.0233
-1.0984
-1.1721
-1.2439
-1.3134
-1.3801
-1.4436
-1.5033
-1.5589
-1.6097
-1.6555
-1.6959
-1.7305
-1.7591
-1.7816
-1.7981
-1.8084
-1.8128
-1.8116
-1.805
-1.7935
-1.7775
-1.7576
-1.7343
-1.7082
-1.6798
-1.6498
-1.6186
-1.5868
-1.5549
-1.5233
-1.4926
-1.4629
-1.4348
-1.4084
-1.3841
-1.362
-1.3424
-1.3254
-1.3112
-1.2998
-1.2914
-1.2861
-1.284
-1.2849
-1.2891
-1.2966
-1.3072
-1.3211
-1.3382
-1.3585
-1.3819
-1.4083
-1.4376
-1.4697
-1.5045
-1.5416
-1.5808
-1.6218
-1.6643
-1.7078
-1.7517
-1.7956
-1.8389
-1.8808
-1.9206
-1.9576
-1.991
-2.0201
-2.0439
-2.0619
-2.0733
-2.0775
-2.0742
-2.063
-2.0436
-2.016
-1.9802
-1.9366
-1.8855
-1.8272
-1.7624
-1.6917
-1.6157
-1.535
-1.4503
-1.3622
-1.2714
-1.1784
-1.0837
-0.9877
-0.89089
-0.79355
-0.69598
-0.59842
-0.50105
-0.40402
-0.30746
-0.21147
-0.11611
-0.021466
0.072428
0.16552
0.25775
0.34905
0.43935
0.52856
0.61654
0.70316
0.78824
0.87155
0.95286
1.0319
1.1082
1.1816
1.2516
1.3177
1.3796
1.4367
1.4886
1.5349
1.575
1.6086
1.6354
1.6551
1.6674
1.6722
1.6695
1.6594
1.6419
1.6174
1.586
1.5482
1.5043
1.4549
1.4003
1.3411
1.2778
1.2107
1.1404
1.0672
0.99157
0.91379
0.83417
0.75297
0.67041
0.58666
0.50188
0.41619
0.32967
0.24241
0.15444
0.065816
-0.023429
-0.11326
-0.20364
-0.29454
-0.3859
-0.47764
-0.56966
-0.66185
-0.75403
-0.84601
-0.93754
-1.0283
-1.118
-1.2063
-1.2926
-1.3765
-1.4574
-1.5348
-1.6081
-1.6767
-1.7398
-1.7971
-1.8479
-1.8917
-1.9282
-1.9571
-1.9783
-1.9916
-1.9972
-1.9954
-1.9863
-1.9706
-1.9487
-1.9213
-1.889
-1.8525
-1.8126
-1.7699
-1.7251
-1.6789
-1.6318
-1.5845
-1.5373
-1.4907
-1.4452
-1.4009
-1.3581
-1.3172
-1.2781
-1.2412
-1.2064
-1.1738
-1.1436
-1.1156
-1.09
-1.0667
-1.0457
-1.027
-1.0105
-0.9963
-0.98424
-0.97434
-0.96654
-0.96081
-0.95711
-0.95539
-0.9556
-0.95771
-0.96167
-0.96742
-0.97491
-0.98409
-0.99488
-1.0072
-1.021
-1.0362
-1.0527
-1.0703
-1.0889
-1.1085
-1.1288
-1.1496
-1.1708
-1.1922
-1.2135
-1.2344
-1.2548
-1.2743
-1.2927
-1.3096
-1.3248
-1.338
-1.3488
-1.357
-1.3624
-1.3647
-1.3636
-1.3591
-1.3509
-1.339
-1.3233
-1.3038
-1.2805
-1.2536
-1.223
-1.1891
-1.1519
-1.1118
-1.0688
-1.0234
-0.97573
-0.92613
-0.87489
-0.82229
-0.76859
-0.71409
-0.65904
-0.60368
-0.54826
-0.49298
-0.43806
-0.38367
-0.33001
-0.27721
-0.22544
-0.17481
-0.12545
-0.077483
-0.030997
0.013911
0.057152
0.098648
0.13832
0.17611
0.21193
0.24574
0.27746
0.30706
0.33446
0.35964
0.38254
0.40313
0.42136
0.43722
0.45068
0.46173
0.47035
0.47655
0.48034
0.48173
0.48075
0.47744
0.47184
0.46402
0.45404
0.44198
0.42793
0.41199
0.39426
0.37486
0.35393
0.33158
0.30796
0.28322
0.25749
0.23095
0.20374
0.17602
0.14797
0.11973
0.091477
0.063369
0.035568
0.0082307
-0.018486
-0.04443
-0.069454
-0.093417
-0.11618
-0.13761
-0.15759
-0.176
-0.19273
-0.20769
-0.22077
-0.23191
-0.24102
-0.24804
-0.25292
-0.25563
-0.25612
-0.25438
-0.2504
-0.24417
-0.2357
-0.22502
-0.21215
-0.19713
-0.18001
-0.16085
-0.1397
-0.11665
-0.091778
-0.065166
-0.036914
-0.0071266
0.024085
0.056604
0.090305
0.12506
0.16072
0.19716
0.23421
0.27173
0.30955
0.34751
0.38544
0.42316
0.46049
0.49726
0.53328
0.56838
0.60238
0.63509
0.66635
0.696
0.72387
0.74982
0.77372
0.79543
0.81485
0.83189
0.84647
0.85852
0.86802
0.87493
0.87925
0.88099
0.88017
0.87685
0.87106
0.86288
0.8524
0.83968
0.82483
0.80793
0.78909
0.76841
0.74597
0.72188
0.69621
0.66906
0.6405
0.61059
0.5794
0.54698
0.51337
0.47861
0.44271
0.40569
0.36757
0.32835
0.28801
0.24654
0.20393
0.16016
0.1152
0.069011
0.021577
-0.027135
-0.077154
-0.1285
-0.1812
-0.23526
-0.29069
-0.34748
-0.4056
-0.46503
-0.52571
-0.58757
-0.6505
-0.71439
-0.77908
-0.84439
-0.91011
-0.97597
-1.0417
-1.107
-1.1714
-1.2347
-1.2963
-1.356
-1.4131
-1.4672
-1.5179
-1.5648
-1.6075
-1.6455
-1.6786
-1.7065
-1.7291
-1.7462
-1.7579
-1.7642
-1.7653
-1.7614
-1.7529
-1.7402
-1.7237
-1.7039
-1.6813
-1.6564
-1.6298
-1.602
-1.5735
-1.5448
-1.5163
-1.4886
-1.4619
-1.4367
-1.4132
-1.3918
-1.3727
-1.3562
-1.3424
-1.3315
-1.3237
-1.3192
-1.3179
-1.3202
-1.3259
-1.3353
-1.3483
-1.365
-1.3855
-1.4098
-1.4378
-1.4695
-1.5049
-1.5439
-1.5863
-1.632
-1.6807
-1.7322
-1.786
-1.8418
-1.8989
-1.9568
-2.0147
-2.0719
-2.1274
-2.1803
-2.2295
-2.2742
-2.3131
-2.3453
-2.37
-2.3862
-2.3934
-2.391
-2.3789
-2.3568
-2.325
-2.2838
-2.2337
-2.1755
-2.1099
-2.0377
-1.9599
-1.8775
-1.7912
-1.702
-1.6105
-1.5176
-1.4238
-1.3297
-1.2356
-1.142
-1.0491
-0.95707
-0.86609
-0.77624
-0.68755
-0.60002
-0.51362
-0.42829
-0.34394
-0.26047
-0.17778
-0.095729
-0.014204
0.066928
0.14779
0.22852
0.30923
0.39002
0.47101
0.55226
0.63383
0.71578
0.79811
0.88079
0.96376
1.0469
1.1301
1.2131
1.2956
1.3773
1.4578
1.5366
1.6132
1.6869
1.7571
1.8231
1.8841
1.9394
1.9882
2.0299
2.0638
2.0895
2.1064
2.1144
2.1133
2.1032
2.0842
2.0566
2.021
1.9779
1.928
1.872
1.8106
1.7446
1.6747
1.6017
1.5262
1.4488
1.3699
1.2902
1.2099
1.1294
1.049
0.96876
0.88891
0.80952
0.73064
0.65228
0.57442
0.49701
0.41999
0.34327
0.26674
0.19029
0.11381
0.037167
-0.039771
-0.11713
-0.19504
-0.27363
-0.353
-0.43328
-0.51454
-0.59688
-0.68033
-0.76495
-0.85072
-0.9376
-1.0255
-1.1143
-1.2039
-1.2939
-1.384
-1.4738
-1.5629
-1.6507
-1.7365
-1.8196
-1.8992
-1.9745
-2.0446
-2.1087
-2.1658
-2.2153
-2.2564
-2.2885
-2.3114
-2.3247
-2.3285
-2.323
-2.3084
-2.2853
-2.2545
-2.2168
-2.173
-2.1241
-2.0711
-2.0148
-1.9563
-1.8964
-1.8359
-1.7755
-1.7157
-1.6572
-1.6003
-1.5454
-1.4929
-1.4429
-1.3957
-1.3513
-1.3098
-1.2713
-1.2358
-1.2034
-1.1738
-1.1473
-1.1236
-1.1028
-1.0848
-1.0694
-1.0568
-1.0467
-1.0391
-1.034
-1.0312
-1.0308
-1.0325
-1.0364
-1.0423
-1.0502
-1.06
-1.0715
-1.0846
-1.0993
-1.1153
-1.1325
-1.1507
-1.1698
-1.1895
-1.2096
-1.23
-1.2502
-1.2701
-1.2893
-1.3076
-1.3247
-1.3403
-1.354
-1.3656
-1.3747
-1.3811
-1.3846
-1.385
-1.382
-1.3755
-1.3654
-1.3516
-1.3341
-1.313
-1.2884
-1.2603
-1.2288
-1.1943
-1.1568
-1.1167
-1.0742
-1.0296
-0.98309
-0.93504
-0.88571
-0.83537
-0.78428
-0.73269
-0.68085
-0.62896
-0.57724
-0.52587
-0.47502
-0.42484
-0.37547
-0.32702
-0.27961
-0.23332
-0.18824
-0.14443
-0.10196
-0.060873
-0.021214
0.01698
0.053675
0.088846
0.12247
0.15452
0.18499
0.21386
0.24111
0.26674
0.29073
0.31307
0.33377
0.3528
0.37018
0.38589
0.39994
0.41233
0.42306
0.43215
0.4396
0.44543
0.44967
0.45235
0.45348
0.45311
0.45128
0.44804
0.44343
0.43752
0.43037
0.42205
0.41263
0.40219
0.39082
0.3786
0.36562
0.35198
0.33778
0.32311
0.30807
0.29278
0.27732
0.26181
0.24634
0.23102
0.21594
0.2012
0.1869
0.17312
0.15995
0.14747
0.13577
0.12491
0.11496
0.10598
0.098033
0.091162
0.085413
0.080821
0.077417
0.075223
0.074255
0.074523
0.076027
0.078762
0.082716
0.087869
0.094195
0.10166
0.11023
0.11985
0.13047
0.14203
0.15447
0.16772
0.18171
0.19635
0.21155
0.22725
0.24333
0.2597
0.27628
0.29296
0.30963
0.32621
0.34258
0.35864
0.3743
0.38945
0.404
0.41785
0.43092
0.4431
0.45433
0.46451
0.47359
0.48148
0.48813
0.49348
0.49747
0.50008
0.50124
0.50094
0.49915
0.49584
0.491
0.48461
0.47668
0.4672
0.45617
0.4436
0.42949
0.41385
0.3967
0.37805
0.35791
0.33629
0.31323
0.28872
0.26279
0.23545
0.20673
0.17663
0.14519
0.11241
0.078324
0.042952
0.0063189
-0.031545
-0.070607
-0.11083
-0.15216
-0.19456
-0.23797
-0.28232
-0.32753
-0.37351
-0.42016
-0.46738
-0.51503
-0.56297
-0.61106
-0.65911
-0.70694
-0.75435
-0.80113
-0.84706
-0.89189
-0.93538
-0.9773
-1.0174
-1.0554
-1.091
-1.1242
-1.1545
-1.1819
-1.2061
-1.2271
-1.2447
-1.2588
-1.2695
-1.2766
-1.2803
-1.2806
-1.2776
-1.2715
-1.2624
-1.2506
-1.2362
-1.2195
-1.2007
-1.1801
-1.1579
-1.1343
-1.1096
-1.084
-1.0578
-1.031
-1.004
-0.97686
-0.94973
-0.92274
-0.89603
-0.86967
-0.84375
-0.81834
-0.79348
-0.76922
-0.74557
-0.72255
-0.70015
-0.67839
-0.65723
-0.63667
-0.61667
-0.59719
-0.57821
-0.55967
-0.54154
-0.52377
-0.5063
-0.48908
-0.47207
-0.4552
-0.43842
-0.42167
-0.4049
-0.38804
-0.37105
-0.35385
-0.3364
-0.31863
-0.30049
-0.28192
-0.26286
-0.24325
-0.22302
-0.20213
-0.18051
-0.1581
-0.13484
-0.11067
-0.085521
-0.059334
-0.032043
-0.0035808
0.026121
0.057133
0.089527
0.12338
0.15876
0.19575
0.23444
0.2749
0.31723
0.36151
0.40783
0.45628
0.50696
0.55996
0.61536
0.67325
0.73372
0.79682
0.86263
0.93118
1.0025
1.0766
1.1533
1.2327
1.3146
1.3988
1.485
1.5729
1.662
1.7518
1.8417
1.9309
2.0185
2.1037
2.1854
2.2625
2.334
2.3987
2.4557
2.5041
2.5431
2.5722
2.591
2.5995
2.5979
2.5867
2.5665
2.5383
2.503
2.462
2.4163
2.3672
2.316
2.2639
2.2118
2.1608
2.1118
2.0655
2.0226
1.9836
1.9489
1.9188
1.8937
1.8736
1.8587
1.8491
1.8445
1.8451
1.8506
1.8608
1.8754
1.8941
1.9164
1.942
1.9703
2.0006
2.0323
2.0645
2.0965
2.1274
2.1563
2.1822
2.2042
2.2213
2.2327
2.2377
2.2355
2.2256
2.2077
2.1814
2.1469
2.1041
2.0534
1.9953
1.9301
1.8587
1.7816
1.6997
1.6136
1.524
1.4317
1.3373
1.2414
1.1445
1.0471
0.94958
0.85223
0.75535
0.65915
0.56379
0.46941
0.37609
0.28389
0.19285
0.10299
0.014308
-0.073196
-0.15952
-0.24467
-0.32863
-0.41138
-0.49289
-0.5731
-0.65193
-0.72928
-0.805
-0.87893
-0.95085
-1.0205
-1.0877
-1.152
-1.2132
-1.2708
-1.3245
-1.3738
-1.4183
-1.4577
-1.4915
-1.5193
-1.5409
-1.5558
-1.5641
-1.5653
-1.5595
-1.5467
-1.527
-1.5004
-1.4672
-1.4277
-1.3822
-1.331
-1.2747
-1.2135
-1.148
-1.0785
-1.0054
-0.92926
-0.85035
-0.76903
-0.68565
-0.60048
-0.51381
-0.42588
-0.33691
-0.24709
-0.15662
-0.065655
0.025631
0.11708
0.20853
0.29982
0.39075
0.48114
0.57076
0.65938
0.74673
0.83251
0.91638
0.998
1.077
1.1529
1.2253
1.2938
1.3579
1.4171
1.4711
1.5193
1.5615
1.5974
1.6266
1.649
1.6646
1.6732
1.675
1.6702
1.6589
1.6415
1.6184
1.59
1.5568
1.5191
1.4776
1.4326
1.3847
1.3343
1.2819
1.2277
1.1721
1.1154
1.058
0.9999
0.94139
0.88257
0.82355
0.76439
0.70513
0.64579
0.58635
0.52677
0.46701
0.407
0.34667
0.28591
0.22463
0.16273
0.1001
0.036608
-0.027852
-0.093401
-0.16016
-0.22824
-0.29776
-0.36883
-0.44153
-0.51595
-0.59217
-0.67022
-0.75015
-0.83194
-0.91556
-1.0009
-1.0879
-1.1764
-1.266
-1.3565
-1.4475
-1.5385
-1.629
-1.7184
-1.8058
-1.8905
-1.9717
-2.0485
-2.12
-2.1852
-2.2434
-2.2938
-2.3358
-2.369
-2.393
-2.4078
-2.4135
-2.4105
-2.3993
-2.3807
-2.3555
-2.3246
-2.2892
-2.2502
-2.2088
-2.166
-2.1228
-2.0801
-2.0388
-1.9995
-1.9631
-1.9299
-1.9005
-1.8752
-1.8545
-1.8385
-1.8274
-1.8213
-1.8202
-1.8242
-1.8332
-1.8471
-1.8656
-1.8885
-1.9156
-1.9463
-1.9803
-2.017
-2.0557
-2.0958
-2.1363
-2.1765
-2.2153
-2.2518
-2.2848
-2.3134
-2.3365
-2.3532
-2.3626
-2.3639
-2.3566
-2.3403
-2.3148
-2.28
-2.2363
-2.184
-2.1236
-2.0557
-1.9813
-1.901
-1.8157
-1.7263
-1.6335
-1.5382
-1.4411
-1.3426
-1.2435
-1.1442
-1.045
-0.94628
-0.84826
-0.75113
-0.65501
-0.55998
-0.46609
-0.37334
-0.28172
-0.19117
-0.10166
-0.013116
0.07453
0.16135
0.2474
0.33274
0.41742
0.50146
0.58487
0.66762
0.74968
0.83095
0.91132
0.99061
1.0686
1.1451
1.2197
1.2922
1.362
1.4288
1.492
1.5511
1.6056
1.6549
1.6985
1.7358
1.7664
1.7899
1.8058
1.8139
1.8141
1.8063
1.7905
1.7669
1.7358
1.6974
1.6523
1.6009
1.5436
1.4811
1.4139
1.3426
1.2676
1.1895
1.1087
1.0257
0.94073
0.85422
0.76643
0.67757
0.58784
0.49739
0.40634
0.31479
0.2228
0.13042
0.037695
-0.055343
-0.14867
-0.24224
-0.33603
-0.42995
-0.52394
-0.61788
-0.71164
-0.80505
-0.89788
-0.98986
-1.0807
-1.17
-1.2574
-1.3423
-1.4243
-1.5029
-1.5773
-1.6471
-1.7116
-1.7701
-1.8223
-1.8675
-1.9053
-1.9354
-1.9575
-1.9717
-1.9778
-1.9761
-1.9668
-1.9504
-1.9273
-1.8981
-1.8634
-1.824
-1.7804
-1.7334
-1.6837
-1.6319
-1.5785
-1.5242
-1.4693
-1.4144
-1.3598
-1.3057
-1.2525
-1.2004
-1.1494
-1.0998
-1.0516
-1.0048
-0.95955
-0.91575
-0.87341
-0.8325
-0.79298
-0.7548
-0.71788
-0.68218
-0.64762
-0.61414
-0.58166
-0.55012
-0.51944
-0.48957
-0.46044
-0.43199
-0.40416
-0.37689
-0.35014
-0.32386
-0.29801
-0.27253
-0.2474
-0.22257
-0.19801
-0.1737
-0.14961
-0.1257
-0.10195
-0.078348
-0.054863
-0.031478
-0.0081716
0.015073
0.038276
0.061454
0.084627
0.10781
0.13103
0.1543
0.17765
0.20109
0.22466
0.24837
0.27225
0.29634
0.32067
0.34527
0.37017
0.39542
0.42105
0.44711
0.47365
0.5007
0.52833
0.55658
0.58551
0.61516
0.64558
0.67684
0.70898
0.74204
0.77607
0.81112
0.8472
0.88434
0.92255
0.96184
1.0022
1.0435
1.0858
1.129
1.1729
1.2174
1.2624
1.3075
1.3526
1.3973
1.4413
1.4843
1.5257
1.5651
1.6021
1.636
1.6664
1.6927
1.7145
1.7311
1.7422
1.7474
1.7462
1.7384
1.7239
1.7026
1.6744
1.6396
1.5982
1.5505
1.4969
1.4378
1.3736
1.3047
1.2317
1.1551
1.0752
0.99271
0.9079
0.82124
0.7331
0.64384
0.55379
0.46323
0.37242
0.28161
0.19102
0.10084
0.011271
-0.077511
-0.16533
-0.252
-0.33734
-0.42115
-0.50323
-0.58335
-0.66129
-0.73677
-0.80953
-0.87927
-0.94568
-1.0084
-1.0672
-1.1217
-1.1714
-1.2162
-1.2557
-1.2896
-1.3177
-1.3397
-1.3555
-1.3649
-1.368
-1.3646
-1.3549
-1.339
-1.3171
-1.2893
-1.2559
-1.2172
-1.1735
-1.1252
-1.0726
-1.016
-0.95573
-0.8922
-0.82568
-0.75646
-0.68482
-0.611
-0.53523
-0.45771
-0.37864
-0.29818
-0.21648
-0.13368
-0.04992
0.034682
0.12
0.20589
0.29223
0.37885
0.46559
0.55227
0.63866
0.72453
0.80959
0.89355
0.97605
1.0567
1.1352
1.211
1.2836
1.3527
1.4177
1.4782
1.5336
1.5837
1.6279
1.666
1.6977
1.7228
1.7413
1.7532
1.7585
1.7575
1.7504
1.7377
1.7197
1.6968
1.6697
1.6387
1.6046
1.5678
1.5287
1.488
1.4461
1.4034
1.3603
1.3172
1.2743
1.2319
1.1901
1.1493
1.1096
1.071
1.0336
0.9975
0.96276
0.92937
0.89734
0.86666
0.83732
0.80927
0.7825
0.75695
0.73259
0.70937
0.68724
0.66617
0.64609
0.62698
0.60878
0.59146
0.57497
0.5593
0.54439
0.53023
0.5168
0.50406
0.49201
0.48063
0.46991
0.45985
0.45043
0.44168
0.43358
0.42615
0.4194
0.41335
0.40801
0.4034
0.39956
0.39651
0.39428
0.3929
0.39241
0.39285
0.39425
0.39667
0.40015
0.40473
0.41046
0.41739
0.42557
0.43504
0.44586
0.45808
0.47174
0.48689
0.50357
0.52183
0.54169
0.56319
0.58635
0.6112
0.63774
0.66596
0.69587
0.72742
0.76058
0.7953
0.8315
0.86908
0.90792
0.94789
0.98882
1.0305
1.0728
1.1153
1.1579
1.2002
1.2419
1.2828
1.3223
1.3602
1.396
1.4295
1.4603
1.488
1.5123
1.5329
1.5497
1.5624
1.571
1.5753
1.5753
1.5712
1.5631
1.5511
1.5355
1.5165
1.4946
1.4699
1.443
1.4141
1.3837
1.3521
1.3198
1.287
1.2541
1.2214
1.1892
1.1578
1.1273
1.0981
1.0703
1.044
1.0194
0.99655
0.97566
0.95676
0.93992
0.92521
0.91266
0.90232
0.89422
0.8884
0.88487
0.88367
0.8848
0.8883
0.89419
0.9025
0.91324
0.92645
0.94217
0.96042
0.98123
1.0047
1.0307
1.0594
1.0909
1.125
1.1619
1.2015
1.2439
1.2889
1.3366
1.3868
1.4393
1.4941
1.5508
1.6092
1.6689
1.7295
1.7904
1.851
1.9107
1.9688
2.0242
2.0763
2.1241
2.1667
2.2031
2.2326
2.2543
2.2675
2.2719
2.2669
2.2525
2.2286
2.1955
2.1535
2.1031
2.045
1.98
1.9087
1.8321
1.7509
1.6659
1.578
1.4878
1.3959
1.3029
1.2092
1.1152
1.0213
0.92764
0.83444
0.74184
0.64989
0.55865
0.46811
0.37824
0.28899
0.20028
0.11204
0.024173
-0.063421
-0.15084
-0.23817
-0.32551
-0.41292
-0.50046
-0.58818
-0.67608
-0.76414
-0.85232
-0.9405
-1.0286
-1.1163
-1.2034
-1.2896
-1.3746
-1.4578
-1.5387
-1.6168
-1.6914
-1.7618
-1.8274
-1.8874
-1.9411
-1.9878
-2.0269
-2.0579
-2.0804
-2.094
-2.0987
-2.0945
-2.0814
-2.0599
-2.0304
-1.9933
-1.9495
-1.8995
-1.8441
-1.7841
-1.7202
-1.6532
-1.5836
-1.5122
-1.4394
-1.3658
-1.2917
-1.2176
-1.1436
-1.07
-0.9969
-0.9245
-0.85282
-0.7819
-0.71172
-0.64226
-0.57346
-0.50525
-0.43753
-0.37019
-0.30313
-0.23622
-0.16933
-0.10233
-0.035075
0.032564
0.10073
0.16956
0.23918
0.30974
0.38135
0.45414
0.52822
0.60367
0.68059
0.75904
0.83905
0.92062
1.0037
1.0883
1.1743
1.2614
1.3494
1.438
1.5268
1.6154
1.7031
1.7893
1.8732
1.954
2.0308
2.1028
2.1689
2.2283
2.28
2.3234
2.3577
2.3826
2.3976
2.4028
2.3983
2.3843
2.3616
2.3307
2.2925
2.248
2.1982
2.1441
2.0867
2.027
1.9659
1.9043
1.8429
1.7824
1.7234
1.6663
1.6115
1.5593
1.51
1.4638
1.4207
1.381
1.3445
1.3115
1.2817
1.2553
1.2322
1.2122
1.1954
1.1817
1.171
1.1633
1.1583
1.1561
1.1565
1.1594
1.1647
1.1723
1.182
1.1937
1.2072
1.2224
1.239
1.2569
1.2757
1.2953
1.3154
1.3357
1.3559
1.3756
1.3945
1.4123
1.4285
1.4429
1.4551
1.4647
1.4714
1.4749
1.4749
1.4713
1.4637
1.4521
1.4364
1.4166
1.3926
1.3646
1.3326
1.2969
1.2577
1.2151
1.1696
1.1213
1.0706
1.0178
0.96325
0.90724
0.85009
0.7921
0.73355
0.67471
0.61582
0.55711
0.4988
0.44107
0.38408
0.32801
0.27297
0.21911
0.16651
0.11529
0.065524
0.017297
-0.029322
-0.074268
-0.11748
-0.15891
-0.19849
-0.23618
-0.27193
-0.30569
-0.33741
-0.36706
-0.39459
-0.41995
-0.44311
-0.46403
-0.48267
-0.49901
-0.51302
-0.52468
-0.53397
-0.54089
-0.54544
-0.54763
-0.54747
-0.545
-0.54024
-0.53325
-0.5241
-0.51283
-0.49955
-0.48434
-0.46729
-0.44852
-0.42815
-0.40631
-0.38312
-0.35873
-0.33328
-0.30693
-0.27983
-0.25213
-0.22401
-0.19561
-0.16711
-0.13866
-0.11042
-0.082547
-0.055199
-0.028526
-0.0026754
0.022211
0.045998
0.068553
0.089753
0.10948
0.12763
0.14409
0.15878
0.17161
0.18251
0.19141
0.19826
0.20301
0.20563
0.20609
0.20438
0.2005
0.19445
0.18625
0.17593
0.16353
0.14908
0.13265
0.1143
0.094098
0.072137
0.048501
0.02329
-0.0033929
-0.031433
-0.060712
-0.091104
-0.12247
-0.15469
-0.1876
-0.22105
-0.25491
-0.28899
-0.32316
-0.35723
-0.39105
-0.42444
-0.45724
-0.48928
-0.52039
-0.55042
-0.57919
-0.60656
-0.63238
-0.65652
-0.67884
-0.69922
-0.71757
-0.73378
-0.74778
-0.7595
-0.76888
-0.77591
-0.78054
-0.78278
-0.78262
-0.7801
-0.77523
-0.76806
-0.75864
-0.74703
-0.73329
-0.71748
-0.69969
-0.67997
-0.65841
-0.63506
-0.61002
-0.58332
-0.55505
-0.52525
-0.49398
-0.46127
-0.42716
-0.3917
-0.3549
-0.31678
-0.27735
-0.23664
-0.19464
-0.15135
-0.10678
-0.060919
-0.013771
0.034664
0.084385
0.13539
0.18765
0.24117
0.29591
0.35182
0.40886
0.46695
0.52601
0.58592
0.64656
0.70777
0.76938
0.83116
0.8929
0.95432
1.0151
1.075
1.1336
1.1906
1.2456
1.2982
1.348
1.3946
1.4377
1.477
1.512
1.5427
1.5686
1.5898
1.6061
1.6175
1.624
1.6258
1.6231
1.6162
1.6053
1.5908
1.573
1.5525
1.5296
1.5048
1.4785
1.4512
1.4232
1.3949
1.3668
1.3391
1.3122
1.2864
1.2618
1.2388
1.2175
1.1981
1.1807
1.1656
1.1527
1.1423
1.1343
1.129
1.1263
1.1262
1.129
1.1345
1.1429
1.1541
1.1683
1.1854
1.2054
1.2284
1.2543
1.2832
1.3149
1.3495
1.3868
1.4267
1.4691
1.5138
1.5605
1.6089
1.6587
1.7094
1.7605
1.8115
1.8618
1.9105
1.9571
2.0006
2.0403
2.0752
2.1047
2.1278
2.144
2.1524
2.1528
2.1446
2.1278
2.1021
2.0679
2.0252
1.9746
1.9165
1.8516
1.7804
1.7038
1.6224
1.537
1.4482
1.3566
1.263
1.1677
1.0713
0.97409
0.87646
0.77868
0.68096
0.58345
0.48629
0.38956
0.29332
0.1976
0.1024
0.0077315
-0.086406
-0.18002
-0.27311
-0.36567
-0.45767
-0.54907
-0.63978
-0.72971
-0.81872
-0.90662
-0.99319
-1.0782
-1.1612
-1.2419
-1.3199
-1.3947
-1.4658
-1.5327
-1.5947
-1.6514
-1.7022
-1.7465
-1.7838
-1.8138
-1.8361
-1.8504
-1.8566
-1.8547
-1.8447
-1.8268
-1.8015
-1.7689
-1.7296
-1.6842
-1.6331
-1.577
-1.5164
-1.4519
-1.3842
-1.3136
-1.2406
-1.1657
-1.0893
-1.0116
-0.933
-0.85359
-0.77359
-0.69311
-0.61225
-0.53105
-0.44953
-0.36768
-0.28549
-0.2029
-0.11986
-0.036301
0.047844
0.13265
0.21817
0.30448
0.39163
0.47964
0.56854
0.65829
0.74887
0.84017
0.93209
1.0244
1.117
1.2094
1.3013
1.3924
1.4821
1.5698
1.6548
1.7366
1.8144
1.8873
1.9547
2.0158
2.0699
2.1164
2.1548
2.1847
2.2059
2.2183
2.222
2.2174
2.2049
2.185
2.1584
2.1261
2.0887
2.0473
2.0026
1.9556
1.9071
1.8579
1.8086
1.76
1.7125
1.6667
1.623
1.5817
1.5431
1.5074
1.4749
1.4456
1.4197
1.3971
1.378
1.3624
1.3502
1.3414
1.3359
1.3338
1.3349
1.3391
1.3463
1.3564
1.3692
1.3846
1.4024
1.4224
1.4442
1.4677
1.4924
1.5182
1.5445
1.571
1.5972
1.6227
1.6469
1.6692
1.6893
1.7065
1.7203
1.7302
1.7357
1.7365
1.732
1.7221
1.7066
1.6852
1.6579
1.6249
1.5861
1.5418
1.4923
1.4378
1.3789
1.3158
1.2491
1.1791
1.1064
1.0313
0.95432
0.87586
0.79629
0.71597
0.63524
0.55438
0.47367
0.39335
0.31365
0.23477
0.15688
0.080162
0.0047618
-0.06917
-0.14149
-0.21206
-0.28074
-0.34738
-0.41184
-0.47397
-0.53359
-0.59055
-0.64466
-0.69575
-0.74362
-0.78808
-0.82893
-0.86598
-0.89904
-0.92793
-0.95248
-0.97253
-0.98794
-0.9986
-1.0044
-1.0054
-1.0014
-0.99252
-0.97877
-0.96022
-0.93698
-0.90918
-0.87699
-0.84059
-0.8002
-0.75605
-0.70837
-0.65743
-0.60349
-0.54681
-0.48768
-0.42637
-0.36315
-0.2983
-0.23208
-0.16478
-0.096654
-0.027973
0.040997
0.10999
0.17874
0.24697
0.31442
0.38081
0.44587
0.50931
0.57085
0.63021
0.6871
0.74125
0.79239
0.84024
0.88455
0.92508
0.96161
0.99395
1.0219
1.0454
1.0642
1.0784
1.0879
1.0926
1.0926
1.088
1.0788
1.0652
1.0474
1.0255
0.99974
0.97024
0.93725
0.90097
0.86161
0.81937
0.77445
0.72703
0.67728
0.62536
0.57141
0.51555
0.4579
0.39856
0.33762
0.27514
0.2112
0.14584
0.079132
0.011109
-0.058175
-0.12867
-0.20033
-0.27307
-0.34684
-0.42152
-0.49702
-0.57319
-0.64988
-0.72691
-0.80404
-0.88103
-0.95758
-1.0334
-1.108
-1.1812
-1.2524
-1.3211
-1.387
-1.4496
-1.5083
-1.5627
-1.6123
-1.6568
-1.6958
-1.729
-1.7562
-1.7774
-1.7924
-1.8015
-1.8047
-1.8023
-1.7946
-1.7822
-1.7654
-1.7447
-1.7208
-1.6942
-1.6655
-1.6351
-1.6037
-1.5718
-1.5399
-1.5083
-1.4776
-1.448
-1.42
-1.3937
-1.3694
-1.3474
-1.3279
-1.3109
-1.2966
-1.2852
-1.2767
-1.2713
-1.2689
-1.2696
-1.2734
-1.2804
-1.2906
-1.304
-1.3205
-1.3401
-1.3628
-1.3884
-1.4169
-1.4482
-1.482
-1.5182
-1.5565
-1.5967
-1.6383
-1.6809
-1.7242
-1.7675
-1.8102
-1.8518
-1.8914
-1.9285
-1.9622
-1.9917
-2.0164
-2.0354
-2.0481
-2.0539
-2.0524
-2.0431
-2.0259
-2.0006
-1.9672
-1.926
-1.8772
-1.8213
-1.7588
-1.6902
-1.6161
-1.5372
-1.4542
-1.3676
-1.2781
-1.1861
-1.0924
-0.99719
-0.90102
-0.80419
-0.70703
-0.60977
-0.51264
-0.4158
-0.31938
-0.2235
-0.12824
-0.033692
0.060082
0.15302
0.24507
0.33614
0.42616
0.51501
0.60257
0.68869
0.77318
0.85583
0.93638
1.0145
1.09
1.1624
1.2313
1.2963
1.357
1.413
1.4637
1.5087
1.5477
1.5802
1.6059
1.6246
1.636
1.64
1.6366
1.626
1.6081
1.5832
1.5516
1.5137
1.4698
1.4204
1.366
1.3069
1.2437
1.1769
1.1067
1.0337
0.95819
0.88051
0.80093
0.71973
0.63712
0.55327
0.46833
0.38244
0.29569
0.20815
0.11989
0.030964
-0.058578
-0.14869
-0.23932
-0.3304
-0.42186
-0.51361
-0.60551
-0.69741
-0.78912
-0.88041
-0.97101
-1.0606
-1.1488
-1.2351
-1.3192
-1.4005
-1.4785
-1.5525
-1.6221
-1.6865
-1.7453
-1.7979
-1.8437
-1.8826
-1.914
-1.9378
-1.954
-1.9625
-1.9636
-1.9576
-1.9447
-1.9256
-1.9008
-1.8709
-1.8365
-1.7985
-1.7574
-1.7139
-1.6687
-1.6223
-1.5753
-1.5282
-1.4815
-1.4354
-1.3904
-1.3466
-1.3044
-1.2639
-1.2253
-1.1886
-1.154
-1.1215
-1.0911
-1.0629
-1.0368
-1.0128
-0.99096
-0.9712
-0.9535
-0.93783
-0.92414
-0.9124
-0.90257
-0.89462
-0.8885
-0.88419
-0.88163
-0.88081
-0.88168
-0.88421
-0.88837
-0.8941
-0.90139
-0.91017
-0.92041
-0.93204
-0.94502
-0.95926
-0.9747
-0.99126
-1.0088
-1.0273
-1.0465
-1.0664
-1.0868
-1.1074
-1.1282
-1.149
-1.1694
-1.1894
-1.2085
-1.2267
-1.2436
-1.2589
-1.2725
-1.284
-1.2932
-1.2999
-1.3038
-1.3048
-1.3026
-1.2972
-1.2884
-1.2762
-1.2606
-1.2415
-1.2191
-1.1933
-1.1644
-1.1326
-1.0979
-1.0605
-1.0208
-0.97901
-0.9353
-0.88995
-0.84324
-0.79542
-0.74674
-0.69743
-0.64773
-0.59787
-0.54804
-0.49843
-0.44923
-0.40059
-0.35266
-0.30558
-0.25946
-0.21442
-0.17056
-0.12796
-0.086691
-0.046834
-0.0084477
0.028413
0.0637
0.097368
0.12938
0.1597
0.18829
0.21514
0.24021
0.26348
0.28494
0.30458
0.32238
0.33834
0.35245
0.36472
0.37515
0.38375
0.39054
0.39554
0.39878
0.40029
0.4001
0.39827
0.39485
0.38989
0.38345
0.37562
0.36646
0.35606
0.34451
0.33189
0.31832
0.30388
0.28869
0.27285
0.25648
0.2397
0.2226
0.20532
0.18797
0.17066
0.15351
0.13663
0.12014
0.10414
0.088737
0.074033
0.060125
0.047106
0.035062
0.024076
0.014224
0.0055747
-0.0018089
-0.0078706
-0.012561
-0.015839
-0.017671
-0.018029
-0.016896
-0.014259
-0.010117
-0.0044736
0.0026581
0.011257
0.021296
0.032739
0.045541
0.059653
0.075017
0.091566
0.10923
0.12793
0.14758
0.16809
0.18937
0.21131
0.2338
0.25675
0.28002
0.30351
0.3271
0.35065
0.37406
0.39718
0.4199
0.44209
0.46364
0.48441
0.5043
0.52318
0.54096
0.55753
0.57279
0.58666
0.59906
0.6099
0.61914
0.62671
0.63257
0.63669
0.63903
0.63957
0.63832
0.63525
0.63039
0.62373
0.6153
0.60512
0.59321
0.57961
0.56435
0.54746
0.52897
0.50893
0.48736
0.46429
0.43977
0.41381
0.38645
0.3577
0.3276
0.29615
0.26338
0.2293
0.19392
0.15725
0.1193
0.08008
0.039603
-0.0021203
-0.045077
-0.08925
-0.13462
-0.18115
-0.22881
-0.27756
-0.32733
-0.37807
-0.42968
-0.48209
-0.53516
-0.58879
-0.6428
-0.69704
-0.75132
-0.80542
-0.85912
-0.91217
-0.96429
-1.0152
-1.0646
-1.1122
-1.1577
-1.2007
-1.2411
-1.2784
-1.3124
-1.3428
-1.3696
-1.3924
-1.4112
-1.4259
-1.4365
-1.4429
-1.4454
-1.4439
-1.4387
-1.43
-1.418
-1.403
-1.3854
-1.3653
-1.3433
-1.3196
-1.2944
-1.2682
-1.2413
-1.2139
-1.1863
-1.1588
-1.1316
-1.1049
-1.0788
-1.0536
-1.0294
-1.0062
-0.98432
-0.9637
-0.94444
-0.92661
-0.91026
-0.89541
-0.88211
-0.87037
-0.8602
-0.85163
-0.84466
-0.83929
-0.83554
-0.8334
-0.83288
-0.83398
-0.8367
-0.84106
-0.84706
-0.85471
-0.86401
-0.87497
-0.8876
-0.90192
-0.91792
-0.93562
-0.95501
-0.97608
-0.99884
-1.0233
-1.0493
-1.077
-1.1061
-1.1368
-1.1688
-1.2021
-1.2365
-1.2718
-1.3078
-1.3444
-1.3812
-1.4179
-1.4541
-1.4896
-1.5238
-1.5563
-1.5866
-1.6143
-1.6388
-1.6596
-1.6763
-1.6883
-1.6953
-1.6968
-1.6926
-1.6823
-1.6659
-1.6433
-1.6144
-1.5793
-1.5383
-1.4915
-1.4392
-1.3818
-1.3198
-1.2535
-1.1833
-1.1098
-1.0334
-0.95449
-0.87355
-0.79096
-0.70709
-0.62231
-0.53692
-0.45123
-0.3655
-0.27999
-0.19492
-0.11051
-0.026959
0.055542
0.13681
0.21665
0.29488
0.37131
0.44574
0.51797
0.58777
0.65492
0.71917
0.78028
0.83799
0.89203
0.94213
0.98802
1.0295
1.0662
1.0979
1.1245
1.1457
1.1615
1.1716
1.176
1.1746
1.1676
1.1549
1.1365
1.1128
1.0838
1.0497
1.0108
0.96737
0.91961
0.86783
0.81234
0.7534
0.69133
0.62639
0.55886
0.48901
0.41709
0.34335
0.26803
0.19135
0.11353
0.034786
-0.04466
-0.1246
-0.20481
-0.28506
-0.36512
-0.44475
-0.52367
-0.60163
-0.67831
-0.75342
-0.82662
-0.89757
-0.96592
-1.0313
-1.0933
-1.1517
-1.206
-1.2559
-1.301
-1.3412
-1.3761
-1.4056
-1.4295
-1.4477
-1.4602
-1.467
-1.4683
-1.4642
-1.4549
-1.4406
-1.4217
-1.3985
-1.3714
-1.3406
-1.3066
-1.2697
-1.2303
-1.1887
-1.1452
-1.1
-1.0536
-1.006
-0.95751
-0.90824
-0.85835
-0.80794
-0.75708
-0.70583
-0.65423
-0.60227
-0.54995
-0.49724
-0.44409
-0.39045
-0.33625
-0.28141
-0.22584
-0.16945
-0.11214
-0.053808
0.0056568
0.066361
0.12841
0.19192
0.25697
0.32368
0.39213
0.4624
0.53455
0.60863
0.68466
0.76265
0.84257
0.92433
1.0079
1.093
1.1794
1.267
1.3553
1.4439
1.5324
1.6201
1.7064
1.7906
1.8719
1.9495
2.0225
2.0901
2.1515
2.2059
2.2527
2.2914
2.3217
2.3433
2.3562
2.3608
2.3574
2.3466
2.3291
2.3059
2.2778
2.2458
2.2111
2.1746
2.1373
2.1001
2.064
2.0298
1.9981
1.9695
1.9447
1.9241
1.908
1.8967
1.8906
1.8898
1.8943
1.9042
1.9195
1.9401
1.9658
1.9963
2.0314
2.0705
2.1133
2.1589
2.2068
2.256
2.3055
2.3544
2.4014
2.4454
2.4851
2.5192
2.5466
2.5662
2.577
2.5783
2.5696
2.5505
2.521
2.4814
2.4321
2.3738
2.3073
2.2335
2.1535
2.0684
1.9791
1.8866
1.792
1.696
1.5993
1.5027
1.4066
1.3114
1.2176
1.1253
1.0348
0.9462
0.85948
0.77471
0.69186
0.61088
0.53168
0.45418
0.37825
0.30377
0.23061
0.15862
0.08767
0.017612
-0.051701
-0.12041
-0.18866
-0.25658
-0.32431
-0.39197
-0.45968
-0.52754
-0.59564
-0.66407
-0.73288
-0.80211
-0.87178
-0.94186
-1.0123
-1.083
-1.1538
-1.2246
-1.2951
-1.3651
-1.434
-1.5016
-1.5674
-1.6308
-1.6912
-1.748
-1.8006
-1.8482
-1.8901
-1.9258
-1.9545
-1.9758
-1.9892
-1.9943
-1.991
-1.979
-1.9586
-1.9298
-1.893
-1.8485
-1.7969
-1.7387
-1.6745
-1.605
-1.5309
-1.4527
-1.3711
-1.2866
-1.1998
-1.1111
-1.0209
-0.92964
-0.8375
-0.74476
-0.65159
-0.55816
-0.46455
-0.37084
-0.27708
-0.18328
-0.089462
0.0043855
0.09827
0.1922
0.28618
0.38019
0.4742
0.56817
0.66202
0.75563
0.84884
0.94146
1.0332
1.1239
1.213
1.3002
1.3851
1.467
1.5454
1.6198
1.6894
1.7536
1.8118
1.8634
1.9079
1.9448
1.9736
1.9942
2.0065
2.0103
2.0059
1.9935
1.9735
1.9464
1.9128
1.8733
1.8286
1.7795
1.7266
1.6705
1.6121
1.5518
1.4901
1.4277
1.3649
1.302
1.2394
1.1774
1.116
1.0555
0.99588
0.9373
0.87977
0.82326
0.76777
0.71325
0.65964
0.60687
0.55485
0.5035
0.45271
0.40237
0.3524
0.30267
0.25307
0.20349
0.15381
0.10393
0.053724
0.0030779
-0.048123
-0.099996
-0.15266
-0.20622
-0.26081
-0.31653
-0.37351
-0.43186
-0.49168
-0.55309
-0.61618
-0.68106
-0.74781
-0.81649
-0.88716
-0.95986
-1.0346
-1.1113
-1.1899
-1.2704
-1.3525
-1.4359
-1.5204
-1.6056
-1.6909
-1.7758
-1.8595
-1.9415
-2.0206
-2.0961
-2.1669
-2.2321
-2.2906
-2.3415
-2.384
-2.4173
-2.4409
-2.4545
-2.4578
-2.4511
-2.4346
-2.4088
-2.3745
-2.3326
-2.2839
-2.2296
-2.1708
-2.1084
-2.0434
-1.977
-1.9098
-1.8427
-1.7764
-1.7115
-1.6483
-1.5874
-1.529
-1.4733
-1.4207
-1.371
-1.3246
-1.2813
-1.2412
-1.2042
-1.1705
-1.1398
-1.1121
-1.0875
-1.0657
-1.0467
-1.0306
-1.0171
-1.0062
-0.99787
-0.992
-0.98853
-0.98738
-0.98848
-0.99175
-0.99712
-1.0045
-1.0138
-1.0249
-1.0377
-1.0522
-1.0681
-1.0853
-1.1037
-1.1231
-1.1433
-1.1642
-1.1854
-1.2068
-1.2281
-1.2491
-1.2694
-1.2888
-1.3069
-1.3236
-1.3384
-1.3512
-1.3615
-1.3693
-1.3742
-1.3761
-1.3747
-1.37
-1.3618
-1.3501
-1.3349
-1.3163
-1.2942
-1.269
-1.2406
-1.2093
-1.1753
-1.1389
-1.1002
-1.0597
-1.0174
-0.97376
-0.92897
-0.88331
-0.83702
-0.79033
-0.74347
-0.69663
-0.65
-0.60374
-0.55799
-0.51289
-0.46854
-0.42504
-0.38247
-0.34089
-0.30035
-0.26089
-0.22254
-0.18532
-0.14922
-0.11427
-0.080442
-0.047736
-0.016134
0.014383
0.043837
0.072252
0.099656
0.12608
0.15154
0.17607
0.19971
0.22248
0.2444
0.2655
0.2858
0.30533
0.32411
0.34216
0.35949
0.37612
0.39206
0.40732
0.42191
0.43584
0.44911
0.46172
0.47368
0.48498
0.49563
0.50562
0.51495
0.52361
0.5316
0.53891
0.54555
0.5515
0.55676
0.56133
0.56521
0.56841
0.57091
0.57272
0.57385
0.57431
0.57411
0.57325
0.57176
0.56964
0.56693
0.56363
0.55977
0.55537
0.55047
0.54508
0.53925
0.53299
0.52634
0.51934
0.51201
0.50438
0.49649
0.48836
0.48003
0.47153
0.46289
0.45412
0.44525
0.43632
0.42732
0.4183
0.40925
0.4002
0.39115
0.38211
0.37309
0.36408
0.3551
0.34613
0.33718
0.32822
0.31926
0.31029
0.30128
0.29221
0.28308
0.27386
0.26452
0.25505
0.24542
0.23559
0.22555
0.21527
0.2047
0.19383
0.18263
0.17105
0.15908
0.14667
0.13381
0.12045
0.10657
0.092147
0.077141
0.061532
0.045293
0.028403
0.010841
-0.0074124
-0.026372
-0.046052
-0.066462
-0.087608
-0.10949
-0.13211
-0.15546
-0.17952
-0.20429
-0.22973
-0.25583
-0.28253
-0.30981
-0.33761
-0.36587
-0.39454
-0.42354
-0.45279
-0.4822
-0.51168
-0.54112
-0.57042
-0.59946
-0.62812
-0.65627
-0.68379
-0.71053
-0.73637
-0.76116
-0.78478
-0.8071
-0.82799
-0.84733
-0.86501
-0.88093
-0.89501
-0.90717
-0.91735
-0.9255
-0.93159
-0.93561
-0.93755
-0.93744
-0.93531
-0.93121
-0.92519
-0.91733
-0.9077
-0.8964
-0.88353
-0.86918
-0.85345
-0.83646
-0.81831
-0.7991
-0.77893
-0.75789
-0.73608
-0.71357
-0.69043
-0.66675
-0.64256
-0.61793
-0.59288
-0.56746
-0.54168
-0.51556
-0.48911
-0.46231
-0.43516
-0.40765
-0.37974
-0.35141
-0.32262
-0.29332
-0.26348
-0.23303
-0.20193
-0.17011
-0.13752
-0.10409
-0.069749
-0.034441
0.0019029
0.039347
0.077956
0.11779
0.15891
0.20136
0.2452
0.29046
0.33718
0.38538
0.43506
0.48622
0.53884
0.59288
0.64828
0.70496
0.76279
0.82165
0.88137
0.94174
1.0025
1.0635
1.1242
1.1845
1.2439
1.302
1.3585
1.4128
1.4645
1.5131
1.5583
1.5996
1.6365
1.6689
1.6964
1.7188
1.736
1.7479
1.7547
1.7563
1.753
1.7452
1.7331
1.7172
1.6979
1.6757
1.6512
1.6248
1.5972
1.5686
1.5398
1.5111
1.483
1.4558
1.43
1.4059
1.3838
1.3639
1.3465
1.3318
1.32
1.3113
1.3059
1.3037
1.3051
1.31
1.3186
1.3309
1.347
1.367
1.3909
1.4187
1.4504
1.486
1.5255
1.5687
1.6155
1.6658
1.7192
1.7755
1.8343
1.8951
1.9573
2.0202
2.0831
2.1451
2.2052
2.2624
2.3156
2.3636
2.4054
2.4399
2.4661
2.4833
2.4908
2.4882
2.4752
2.4519
2.4186
2.3757
2.324
2.2642
2.1972
2.1241
2.0459
1.9635
1.878
1.7903
1.7011
1.6111
1.521
1.4313
1.3424
1.2547
1.1683
1.0836
1.0005
0.91919
0.83964
0.76186
0.68578
0.61134
0.53844
0.46698
0.39683
0.32786
0.25994
0.19293
0.1267
0.06109
-0.0040353
-0.068819
-0.1334
-0.19793
-0.26253
-0.32733
-0.39248
-0.45808
-0.52426
-0.5911
-0.65872
-0.72718
-0.79654
-0.86684
-0.93809
-1.0103
-1.0833
-1.1571
-1.2316
-1.3064
-1.3814
-1.4562
-1.5304
-1.6035
-1.6751
-1.7444
-1.8108
-1.8735
-1.9318
-1.985
-2.0321
-2.0724
-2.1053
-2.1301
-2.1464
-2.1537
-2.1518
-2.1407
-2.1204
-2.0914
-2.0538
-2.0084
-1.9557
-1.8965
-1.8314
-1.7613
-1.6869
-1.6089
-1.5281
-1.4451
-1.3604
-1.2745
-1.1878
-1.1007
-1.0135
-0.9263
-0.83938
-0.75281
-0.66663
-0.58089
-0.49557
-0.41062
-0.326
-0.24163
-0.15741
-0.073236
0.010989
0.095378
0.18004
0.26507
0.35058
0.43663
0.52331
0.61065
0.69867
0.78736
0.87668
0.96653
1.0568
1.1472
1.2376
1.3275
1.4167
1.5046
1.5907
1.6744
1.7549
1.8316
1.9036
1.9702
2.0305
2.0839
2.1296
2.167
2.1957
2.2153
2.2256
2.2267
2.2188
2.2022
2.1774
2.1451
2.106
2.0609
2.0107
1.9563
1.8985
1.8382
1.776
1.7128
1.6492
1.5857
1.5228
1.4609
1.4003
1.3412
1.284
1.2287
1.1754
1.1242
1.0752
1.0283
0.98349
0.9408
0.90015
0.86149
0.82475
0.78987
0.75679
0.72544
0.69575
0.66765
0.6411
0.61603
0.59239
0.57014
0.54923
0.52964
0.51132
0.49426
0.47844
0.46383
0.45044
0.43826
0.42729
0.41753
0.409
0.40172
0.39569
0.39095
0.38752
0.38544
0.38473
0.38543
0.38759
0.39125
0.39644
0.40322
0.41164
0.42174
0.43357
0.44718
0.46263
0.47995
0.49919
0.5204
0.54362
0.56886
0.59618
0.62557
0.65705
0.69061
0.72625
0.76392
0.80359
0.84517
0.88858
0.9337
0.98039
1.0285
1.0777
1.1279
1.1788
1.23
1.2812
1.332
1.3821
1.4309
1.478
1.5231
1.5655
1.6048
1.6407
1.6726
1.7003
1.7234
1.7417
1.7551
1.7634
1.7667
1.765
1.7587
1.7478
1.7327
1.7139
1.6918
1.6668
1.6394
1.6101
1.5796
1.5481
1.5164
1.4847
1.4536
1.4234
1.3945
1.3673
1.342
1.319
1.2984
1.2806
1.2656
1.2536
1.2449
1.2395
1.2375
1.2391
1.2444
1.2534
1.2662
1.283
1.3037
1.3284
1.3573
1.3902
1.4273
1.4684
1.5136
1.5629
1.616
1.6728
1.7331
1.7965
1.8627
1.9312
2.0014
2.0725
2.1437
2.2142
2.2828
2.3484
2.4099
2.466
2.5154
2.5572
2.5901
2.6134
2.6263
2.6285
2.6197
2.6001
2.5701
2.5303
2.4814
2.4246
2.3608
2.2914
2.2173
2.1399
2.0602
1.9792
1.8977
1.8167
1.7367
1.6582
1.5819
1.5079
1.4366
1.3681
1.3027
1.2403
1.181
1.1248
1.0716
1.0215
0.97428
0.92996
0.88845
0.84965
0.81348
0.77987
0.74875
0.72003
0.69367
0.66959
0.64775
0.62811
0.61063
0.59527
0.58201
0.57085
0.56176
0.55474
0.54979
0.54692
0.54614
0.54745
0.55089
0.55646
0.5642
0.57412
0.58624
0.60059
0.6172
0.63607
0.65723
0.68068
0.70642
0.73444
0.76473
0.79725
0.83196
0.86878
0.90764
0.94842
0.99099
1.0352
1.0808
1.1277
1.1755
1.2239
1.2727
1.3214
1.3697
1.4172
1.4634
1.5078
1.55
1.5895
1.6259
1.6587
1.6875
1.712
1.732
1.7471
1.7573
1.7625
1.7628
1.7583
1.7491
1.7356
1.7181
1.6969
1.6727
1.6457
1.6166
1.5858
1.5538
1.5211
1.4882
1.4555
1.4235
1.3925
1.3629
1.335
1.3091
1.2855
1.2643
1.2458
1.2302
1.2176
1.2081
1.202
1.1992
1.1999
1.2042
1.2121
1.2238
1.2393
1.2587
1.2821
1.3094
1.3408
1.3762
1.4157
1.4593
1.5069
1.5583
1.6136
1.6725
1.7348
1.8001
1.8681
1.9382
2.0097
2.082
2.1543
2.2255
2.2946
2.3604
2.4218
2.4775
2.5263
2.5671
2.5989
2.6209
2.6323
2.6329
2.6226
2.6014
2.57
2.5288
2.4789
2.4213
2.357
2.2873
2.2134
2.1363
2.0573
1.9772
1.8969
1.8173
1.7389
1.6624
1.588
1.5163
1.4473
1.3814
1.3185
1.2589
1.2024
1.1492
1.0991
1.0522
1.0083
0.96739
0.92939
0.89422
0.86179
0.83205
0.8049
0.78029
0.75815
0.73843
0.72108
0.70606
0.69333
0.68286
0.67464
0.66863
0.66483
0.66323
0.66382
0.6666
0.67157
0.67873
0.68808
0.69962
0.71334
0.72925
0.74732
0.76754
0.78989
0.81432
0.8408
0.86926
0.89961
0.93177
0.96562
1.001
1.0378
1.0758
1.1148
1.1545
1.1947
1.2351
1.2754
1.3151
1.354
1.3917
1.4277
1.4617
1.4933
1.522
1.5476
1.5697
1.588
1.6024
1.6125
1.6183
1.6198
1.6169
1.6097
1.5985
1.5833
1.5645
1.5424
1.5173
1.4895
1.4596
1.4278
1.3946
1.3603
1.3254
1.2903
1.2552
1.2205
1.1865
1.1534
1.1215
1.0909
1.0619
1.0346
1.0092
0.98577
0.96438
0.94511
0.92806
0.91325
0.90075
0.89058
0.88278
0.87737
0.87436
0.8738
0.87569
0.88005
0.88691
0.8963
0.90824
0.92276
0.93989
0.95967
0.98213
1.0073
1.0353
1.066
1.0996
1.136
1.1753
1.2175
1.2625
1.3104
1.361
1.4143
1.47
1.5281
1.5882
1.6501
1.7133
1.7774
1.8418
1.9058
1.9687
2.0298
2.0881
2.1426
2.1925
2.2367
2.2743
2.3044
2.3263
2.3392
2.3427
2.3365
2.3205
2.2948
2.2596
2.2155
2.1631
2.1031
2.0364
1.9637
1.8861
1.8044
1.7195
1.632
1.5428
1.4524
1.3614
1.2702
1.1793
1.0888
0.99908
0.91021
0.82233
0.73547
0.64965
0.56485
0.48101
0.39806
0.31591
0.23443
0.15352
0.073051
-0.0071151
-0.087107
-0.16706
-0.24709
-0.32733
-0.40789
-0.48886
-0.57034
-0.65238
-0.73501
-0.81826
-0.9021
-0.98646
-1.0712
-1.1562
-1.2413
-1.3261
-1.4102
-1.4933
-1.5749
-1.6543
-1.731
-1.8041
-1.8731
-1.937
-1.9951
-2.0467
-2.0909
-2.1272
-2.155
-2.1739
-2.1835
-2.1839
-2.175
-2.1571
-2.1305
-2.0959
-2.0537
-2.0049
-1.95
-1.8901
-1.8257
-1.7579
-1.6873
-1.6145
-1.5404
-1.4653
-1.3897
-1.3142
-1.2389
-1.1642
-1.0903
-1.0173
-0.94532
-0.87437
-0.80449
-0.73566
-0.66783
-0.60094
-0.53491
-0.46964
-0.40502
-0.34093
-0.27725
-0.21385
-0.15059
-0.087338
-0.02396
0.039686
0.10374
0.16833
0.2336
0.29968
0.3667
0.43478
0.50405
0.57461
0.64655
0.71997
0.79492
0.87144
0.94955
1.0292
1.1104
1.193
1.2768
1.3616
1.4471
1.5329
1.6186
1.7036
1.7873
1.8689
1.9476
2.0226
2.093
2.1577
2.2159
2.2667
2.3093
2.343
2.3672
2.3816
2.3861
2.3807
2.3657
2.3416
2.3089
2.2686
2.2214
2.1684
2.1105
2.0488
1.9841
1.9175
1.8497
1.7815
1.7136
1.6465
1.5807
1.5166
1.4545
1.3946
1.3371
1.2823
1.23
1.1804
1.1335
1.0892
1.0476
1.0087
0.9722
0.93822
0.90667
0.87746
0.85053
0.82583
0.80328
0.78283
0.76443
0.74803
0.73359
0.72107
0.71043
0.70166
0.69473
0.68962
0.68631
0.68479
0.68507
0.68712
0.69095
0.69655
0.70392
0.71306
0.72395
0.73659
0.75097
0.76705
0.78483
0.80426
0.82529
0.84788
0.87196
0.89744
0.92423
0.95221
0.98125
1.0112
1.0419
1.0731
1.1047
1.1363
1.1678
1.1989
1.2293
1.2587
1.2868
1.3132
1.3377
1.3601
1.3799
1.3969
1.4109
1.4218
1.4292
1.4331
1.4334
1.4301
1.4232
1.4127
1.3988
1.3815
1.3612
1.338
1.3121
1.2839
1.2535
1.2214
1.1878
1.153
1.1173
1.0809
1.0441
1.0072
0.97041
0.93387
0.89778
0.8623
0.82757
0.7937
0.76078
0.72889
0.69809
0.66841
0.63989
0.61252
0.58633
0.56128
0.53736
0.51455
0.49279
0.47206
0.4523
0.43345
0.41545
0.39825
0.38177
0.36595
0.35072
0.336
0.32173
0.30782
0.29421
0.28081
0.26755
0.25435
0.24114
0.22782
0.21434
0.2006
0.18652
0.17204
0.15706
0.14151
0.1253
0.10835
0.090586
0.071917
0.052259
0.031529
0.0096404
-0.013493
-0.03796
-0.063848
-0.091246
-0.12024
-0.15093
-0.1834
-0.21774
-0.25404
-0.29238
-0.33286
-0.37556
-0.42054
-0.4679
-0.51769
-0.56997
-0.62478
-0.68215
-0.74209
-0.8046
-0.86963
