10.583
10.494
10.409
10.33
10.256
10.186
10.121
10.061
10.005
9.9525
9.9044
9.8603
9.8199
9.7832
9.7499
9.7201
9.6935
9.6702
9.6499
9.6327
9.6184
9.6069
9.5983
9.5924
9.5892
9.5886
9.5907
9.5953
9.6024
9.6121
9.6243
9.639
9.6561
9.6757
9.6978
9.7224
9.7496
9.7792
9.8114
9.8462
9.8836
9.9236
9.9664
10.012
10.06
10.111
10.165
10.222
10.282
10.345
10.411
10.481
10.553
10.629
10.708
10.79
10.875
10.963
11.054
11.149
11.246
11.345
11.447
11.552
11.658
11.766
11.875
11.985
12.095
12.206
12.316
12.425
12.534
12.64
12.744
12.846
12.945
13.04
13.132
13.219
13.303
13.381
13.455
13.524
13.588
13.646
13.699
13.747
13.789
13.825
13.855
13.88
13.899
13.913
13.92
13.922
13.919
13.91
13.895
13.874
13.849
13.818
13.781
13.74
13.693
13.641
13.585
13.524
13.458
13.388
13.314
13.237
13.156
13.072
12.985
12.896
12.804
12.711
12.617
12.522
12.426
12.331
12.236
12.142
12.049
11.958
11.868
11.781
11.697
11.616
11.538
11.463
11.392
11.325
11.262
11.203
11.149
11.098
11.053
11.011
10.975
10.943
10.916
10.894
10.876
10.864
10.856
10.854
10.856
10.864
10.877
10.895
10.919
10.947
10.981
11.021
11.066
11.116
11.172
11.233
11.3
11.371
11.448
11.531
11.618
11.71
11.806
11.907
12.012
12.121
12.233
12.348
12.466
12.586
12.707
12.829
12.953
13.076
13.199
13.322
13.443
13.564
13.682
13.799
13.914
14.026
14.136
14.244
14.348
14.451
14.551
14.648
14.743
14.836
14.927
15.015
15.102
15.188
15.271
15.354
15.435
15.516
15.595
15.675
15.753
15.832
15.911
15.99
16.069
16.149
16.23
16.312
16.395
16.479
16.565
16.652
16.74
16.831
16.923
17.017
17.113
17.211
17.311
17.412
17.515
17.62
17.726
17.833
17.941
18.049
18.158
18.268
18.376
18.484
18.591
18.697
18.8
18.902
19
19.096
19.189
19.277
19.362
19.443
19.519
19.591
19.658
19.72
19.777
19.829
19.876
19.918
19.954
19.985
20.011
20.032
20.047
20.057
20.063
20.063
20.058
20.049
20.035
20.016
19.993
19.965
19.933
19.897
19.857
19.813
19.765
19.714
19.66
19.603
19.543
19.481
19.416
19.35
19.281
19.212
19.142
19.071
18.999
18.928
18.857
18.787
18.717
18.649
18.583
18.519
18.457
18.398
18.342
18.289
18.239
18.193
18.15
18.111
18.077
18.046
18.02
17.999
17.982
17.969
17.961
17.958
17.96
17.966
17.978
17.994
18.015
18.04
18.07
18.105
18.144
18.188
18.235
18.287
18.343
18.403
18.466
18.532
18.601
18.673
18.748
18.824
18.903
18.983
19.064
19.146
19.229
19.312
19.394
19.477
19.558
19.638
19.718
19.795
19.871
19.944
20.016
20.085
20.151
20.215
20.276
20.334
20.389
20.441
20.489
20.534
20.576
20.615
20.65
20.681
20.709
20.733
20.754
20.771
20.784
20.793
20.798
20.799
20.796
20.789
20.778
20.763
20.743
20.718
20.689
20.656
20.617
20.574
20.526
20.473
20.415
20.351
20.283
20.209
20.131
20.047
19.958
19.865
19.766
19.663
19.556
19.444
19.329
19.21
19.089
18.964
18.838
18.709
18.58
18.449
18.319
18.188
18.058
17.929
17.801
17.674
17.549
17.426
17.305
17.185
17.068
16.953
16.84
16.729
16.62
16.512
16.406
16.301
16.196
16.093
15.99
15.887
15.783
15.68
15.575
15.47
15.363
15.255
15.145
15.033
14.918
14.801
14.682
14.559
14.433
14.305
14.173
14.039
13.901
13.761
13.618
13.474
13.327
13.179
13.031
12.882
12.734
12.586
12.44
12.296
12.155
12.017
11.882
11.752
11.627
11.506
11.391
11.281
11.176
11.077
10.984
10.897
10.816
10.74
10.67
10.606
10.547
10.494
10.446
10.404
10.367
10.335
10.308
10.287
10.27
10.258
10.251
10.248
10.251
10.258
10.27
10.286
10.307
10.333
10.363
10.398
10.438
10.483
10.532
10.585
10.644
10.707
10.775
10.848
10.925
11.007
11.093
11.184
11.279
11.378
11.48
11.587
11.697
11.81
11.925
12.043
12.162
12.283
12.404
12.526
12.647
12.768
12.887
13.005
13.12
13.233
13.342
13.448
13.55
13.648
13.741
13.83
13.914
13.993
14.067
14.136
14.2
14.258
14.312
14.36
14.403
14.44
14.472
14.499
14.521
14.537
14.548
14.553
14.554
14.549
14.538
14.523
14.502
14.475
14.443
14.405
14.362
14.314
14.26
14.2
14.135
14.064
13.988
13.907
13.82
13.728
13.63
13.528
13.422
13.311
13.197
13.078
12.957
12.833
12.707
12.579
12.449
12.32
12.19
12.06
11.932
11.805
11.68
11.556
11.436
11.318
11.203
11.092
10.983
10.879
10.777
10.68
10.585
10.495
10.407
10.323
10.242
10.165
10.09
10.018
9.9491
9.8826
9.8186
9.757
9.6976
9.6402
9.5849
9.5314
9.4796
9.4294
9.3807
9.3334
9.2874
9.2425
9.1988
9.156
9.1141
9.073
9.0325
8.9927
8.9534
8.9146
8.8761
8.8378
8.7997
8.7617
8.7237
8.6856
8.6474
8.6089
8.57
8.5307
8.4908
8.4504
8.4092
8.3672
8.3244
8.2805
8.2356
8.1896
8.1423
8.0937
8.0438
7.9923
7.9393
7.8848
7.8285
7.7706
7.7109
7.6495
7.5862
7.5212
7.4543
7.3857
7.3154
7.2434
7.1698
7.0947
7.0181
6.9402
6.8612
6.7812
6.7003
6.6187
6.5366
6.4543
6.3719
6.2895
6.2075
6.126
6.0452
5.9653
5.8865
5.809
5.7329
5.6584
5.5855
5.5145
5.4454
5.3783
5.3133
5.2503
5.1896
5.131
5.0746
5.0204
4.9683
4.9184
4.8707
4.825
4.7814
4.7397
4.7
4.6622
4.6263
4.5921
4.5596
4.5288
4.4995
4.4719
4.4457
4.421
4.3976
4.3757
4.355
4.3356
4.3175
4.3006
4.2848
4.2703
4.2569
4.2446
4.2335
4.2236
4.2148
4.2072
4.2008
4.1956
4.1916
4.1889
4.1874
4.1874
4.1887
4.1915
4.1959
4.2018
4.2093
4.2186
4.2297
4.2427
4.2577
4.2748
4.294
4.3156
4.3395
4.3659
4.395
4.4267
4.4613
4.4988
4.5394
4.5832
4.6303
4.6807
4.7346
4.792
4.853
4.9177
4.9861
5.0583
5.1341
5.2137
5.2969
5.3836
5.4738
5.5673
5.664
5.7636
5.8659
5.9706
6.0774
6.1861
6.2964
6.4078
6.52
6.6328
6.7457
6.8584
6.9707
7.0823
7.1929
7.3022
7.4102
7.5167
7.6215
7.7245
7.8259
7.9254
8.0232
8.1193
8.2138
8.3068
8.3985
8.489
8.5784
8.667
8.755
8.8426
8.93
9.0175
9.1053
9.1937
9.283
9.3734
9.4651
9.5586
9.654
9.7516
9.8518
9.9547
10.061
10.17
10.282
10.399
10.519
10.643
10.772
10.904
11.041
11.181
11.326
11.474
11.625
11.779
11.936
12.095
12.255
12.416
12.577
12.738
12.897
13.055
13.21
13.361
13.51
13.654
13.795
13.93
14.061
14.187
14.308
14.424
14.536
14.642
14.743
14.84
14.933
15.021
15.105
15.185
15.261
15.334
15.403
15.47
15.533
15.594
15.652
15.708
15.761
15.813
15.862
15.91
15.956
16.001
16.045
16.088
16.129
16.17
16.21
16.25
16.289
16.328
16.367
16.406
16.445
16.484
16.524
16.565
16.606
16.648
16.691
16.735
16.78
16.827
16.875
16.925
16.976
17.03
17.085
17.143
17.203
17.265
17.33
17.397
17.467
17.539
17.614
17.692
17.772
17.855
17.94
18.027
18.117
18.209
18.303
18.398
18.495
18.593
18.693
18.793
18.893
18.994
19.095
19.195
19.295
19.394
19.492
19.589
19.684
19.778
19.87
19.96
20.048
20.133
20.217
20.299
20.379
20.457
20.532
20.606
20.678
20.749
20.818
20.885
20.951
21.015
21.079
21.142
21.204
21.265
21.326
21.387
21.448
21.509
21.57
21.631
21.694
21.757
21.821
21.886
21.953
22.021
22.092
22.164
22.238
22.315
22.395
22.477
22.563
22.651
22.743
22.839
22.939
23.042
23.149
23.261
23.377
23.496
23.62
23.748
23.88
24.016
24.154
24.296
24.441
24.587
24.736
24.885
25.035
25.184
25.333
25.48
25.626
25.768
25.908
26.044
26.176
26.304
26.428
26.546
26.66
26.768
26.872
26.97
27.063
27.152
27.235
27.313
27.387
27.456
27.52
27.58
27.636
27.687
27.735
27.778
27.818
27.854
27.886
27.915
27.94
27.962
27.981
27.996
28.008
28.017
28.023
28.026
28.026
28.023
28.017
28.008
27.995
27.98
27.962
27.941
27.917
27.889
27.859
27.825
27.788
27.748
27.704
27.657
27.607
27.553
27.495
27.434
27.369
27.3
27.227
27.15
27.07
26.985
26.896
26.804
26.707
26.607
26.502
26.395
26.284
26.17
26.053
25.933
25.811
25.688
25.564
25.438
25.313
25.187
25.063
24.94
24.819
24.7
24.584
24.471
24.362
24.256
24.156
24.06
23.968
23.882
23.801
23.725
23.655
23.591
23.531
23.478
23.43
23.388
23.351
23.32
23.295
23.275
23.261
23.252
23.249
23.251
23.259
23.273
23.292
23.317
23.347
23.383
23.425
23.472
23.524
23.582
23.646
23.715
23.789
23.868
23.953
24.042
24.137
24.235
24.338
24.445
24.555
24.669
24.785
24.904
25.024
25.146
25.268
25.391
25.513
25.634
25.755
25.873
25.99
26.104
26.215
26.324
26.428
26.53
26.628
26.721
26.811
26.897
26.979
27.057
27.131
27.201
27.268
27.33
27.388
27.443
27.494
27.541
27.584
27.625
27.661
27.694
27.724
27.75
27.773
27.792
27.808
27.821
27.831
27.837
27.839
27.839
27.834
27.827
27.816
27.801
27.782
27.76
27.734
27.704
27.67
27.632
27.59
27.544
27.493
27.437
27.377
27.313
27.243
27.168
27.088
27.004
26.914
26.818
26.718
26.612
26.501
26.386
26.265
26.14
26.01
25.877
25.74
25.6
25.458
25.313
25.167
25.02
24.873
24.726
24.58
24.436
24.293
24.153
24.016
23.882
23.752
23.625
23.502
23.382
23.267
23.155
23.047
22.943
22.842
22.744
22.65
22.559
22.471
22.386
22.303
22.222
22.143
22.067
21.991
21.918
21.845
21.774
21.704
21.634
21.565
21.496
21.427
21.359
21.29
21.221
21.152
21.082
21.011
20.94
20.867
20.794
20.72
20.645
20.568
20.491
20.412
20.332
20.25
20.168
20.085
20
19.915
19.829
19.742
19.655
19.567
19.479
19.392
19.305
19.218
19.132
19.047
18.964
18.882
18.802
18.723
18.647
18.574
18.502
18.434
18.368
18.306
18.246
18.19
18.137
18.088
18.041
17.999
17.959
17.923
17.89
17.861
17.835
17.812
17.792
17.776
17.762
17.752
17.744
17.739
17.737
17.738
17.741
17.746
17.754
17.764
17.777
17.791
17.807
17.825
17.845
17.866
17.889
17.913
17.938
17.964
17.992
18.02
18.049
18.079
18.109
18.14
18.171
18.202
18.233
18.264
18.294
18.325
18.355
18.384
18.413
18.441
18.469
18.495
18.521
18.545
18.568
18.59
18.611
18.631
18.649
18.666
18.682
18.696
18.709
18.72
18.731
18.739
18.747
18.753
18.758
18.762
18.765
18.767
18.768
18.767
18.766
18.765
18.762
18.759
18.756
18.752
18.748
18.744
18.74
18.735
18.731
18.727
18.724
18.721
18.718
18.716
18.715
18.715
18.716
18.718
18.72
18.724
18.729
18.736
18.744
18.753
18.763
18.776
18.789
18.804
18.821
18.839
18.859
18.88
18.903
18.927
18.952
18.979
19.008
19.037
19.068
19.1
19.133
19.166
19.201
19.236
19.273
19.309
19.346
19.384
19.421
19.459
19.497
19.534
19.572
19.609
19.645
19.681
19.716
19.75
19.784
19.816
19.847
19.877
19.906
19.933
19.959
19.983
20.005
20.025
20.044
20.06
20.075
20.087
20.097
20.105
20.11
20.113
20.113
20.11
20.105
20.097
20.087
20.073
20.056
20.036
20.013
19.987
19.958
19.926
19.89
19.851
19.809
19.763
19.714
19.662
19.607
19.548
19.487
19.423
19.356
19.286
19.213
19.139
19.062
18.983
18.903
18.821
18.737
18.653
18.568
18.482
18.397
18.311
18.225
18.139
18.055
17.971
17.888
17.806
17.725
17.646
17.568
17.492
17.417
17.344
17.273
17.203
17.135
17.068
17.003
16.94
16.878
16.818
16.759
16.701
16.645
16.589
16.535
16.482
16.43
16.378
16.328
16.278
16.228
16.179
16.131
16.082
16.034
15.986
15.938
15.89
15.842
15.794
15.745
15.696
15.647
15.597
15.546
15.494
15.442
15.389
15.335
15.279
15.222
15.164
15.105
15.044
14.982
14.918
14.852
14.785
14.716
14.645
14.571
14.496
14.419
14.34
14.259
14.176
14.091
14.005
13.916
13.826
13.734
13.642
13.548
13.453
13.357
13.262
13.166
13.07
12.975
12.881
12.789
12.697
12.608
12.521
12.437
12.355
12.277
12.202
12.131
12.063
12
11.941
11.886
11.836
11.79
11.749
11.712
11.681
11.654
11.632
11.615
11.602
11.594
11.591
11.592
11.598
11.608
11.623
11.641
11.664
11.691
11.721
11.755
11.792
11.833
11.876
11.923
11.972
12.023
12.076
12.132
12.189
12.247
12.306
12.366
12.426
12.486
12.546
12.606
12.665
12.722
12.779
12.833
12.886
12.936
12.984
13.029
13.072
13.111
13.147
13.179
13.208
13.233
13.254
13.272
13.285
13.294
13.299
13.299
13.295
13.287
13.275
13.258
13.237
13.212
13.182
13.148
13.111
13.069
13.024
12.975
12.923
12.868
12.809
12.748
12.684
12.617
12.549
12.479
12.407
12.334
12.26
12.186
12.111
12.036
11.962
11.888
11.815
11.742
11.672
11.602
11.535
11.469
11.405
11.344
11.285
11.229
11.175
11.125
11.077
11.032
10.99
10.951
10.916
10.884
10.855
10.83
10.808
10.79
10.776
10.765
10.758
10.755
10.755
10.76
10.769
10.782
10.799
10.821
10.847
10.878
10.913
10.953
10.997
11.046
11.101
11.16
11.224
11.292
11.366
11.445
11.528
11.616
11.709
11.806
11.907
12.011
12.12
12.232
12.346
12.464
12.583
12.704
12.826
12.95
13.073
13.197
13.32
13.443
13.565
13.685
13.804
13.921
14.037
14.15
14.262
14.372
14.48
14.585
14.69
14.792
14.893
14.993
15.092
15.19
15.288
15.385
15.482
15.579
15.677
15.775
15.874
15.975
16.077
16.181
16.287
16.395
16.506
16.619
16.736
16.855
16.977
17.103
17.231
17.363
17.498
17.636
17.776
17.918
18.063
18.209
18.355
18.503
18.65
18.796
18.942
19.085
19.226
19.364
19.498
19.629
19.755
19.876
19.992
20.103
20.208
20.308
20.402
20.491
20.573
20.65
20.721
20.787
20.847
20.901
20.95
20.994
21.032
21.065
21.093
21.116
21.133
21.146
21.154
21.158
21.156
21.15
21.139
21.123
21.102
21.077
21.047
21.013
20.973
20.929
20.88
20.826
20.768
20.705
20.636
20.564
20.486
20.404
20.317
20.225
20.13
20.03
19.926
19.818
19.707
19.593
19.476
19.357
19.236
19.114
18.991
18.868
18.745
18.622
18.501
18.382
18.265
18.151
18.04
17.932
17.828
17.729
17.633
17.542
17.456
17.375
17.299
17.227
17.161
17.1
17.044
16.994
16.948
16.908
16.872
16.842
16.817
16.797
16.783
16.773
16.769
16.769
16.775
16.786
16.803
16.824
16.851
16.883
16.921
16.964
17.012
17.066
17.125
17.19
17.261
17.337
17.418
17.505
17.597
17.694
17.796
17.903
18.014
18.13
18.249
18.372
18.498
18.626
18.757
18.888
19.021
19.154
19.287
19.419
19.55
19.679
19.807
19.932
20.054
20.173
20.289
20.402
20.512
20.618
20.72
20.819
20.914
21.006
21.095
21.18
21.263
21.342
21.419
21.493
21.564
21.633
21.7
21.765
21.828
21.889
21.949
22.007
22.063
22.119
22.173
22.227
22.279
22.331
22.382
22.433
22.484
22.534
22.584
22.634
22.684
22.734
22.785
22.836
22.887
22.939
22.992
23.045
23.099
23.154
23.21
23.268
23.326
23.385
23.446
23.508
23.571
23.635
23.701
23.768
23.837
23.906
23.977
24.05
24.123
24.197
24.273
24.349
24.425
24.503
24.58
24.658
24.736
24.814
24.892
24.968
25.045
25.12
25.194
25.267
25.339
25.409
25.477
25.543
25.607
25.67
25.729
25.787
25.842
25.895
25.945
25.993
26.038
26.081
26.121
26.158
26.193
26.226
26.256
26.284
26.309
26.332
26.353
26.372
26.389
26.403
26.415
26.426
26.434
26.441
26.446
26.449
26.451
26.451
26.449
26.446
26.441
26.435
26.427
26.418
26.408
26.396
26.384
26.37
26.354
26.338
26.32
26.302
26.282
26.261
26.239
26.216
26.192
26.167
26.141
26.114
26.086
26.057
26.027
25.996
25.965
25.933
25.899
25.865
25.831
25.795
25.759
25.722
25.685
25.647
25.609
25.57
25.53
25.491
25.451
25.41
25.37
25.329
25.288
25.247
25.206
25.165
25.124
25.084
25.043
25.003
24.963
24.924
24.885
24.846
24.808
24.771
24.734
24.698
24.662
24.627
24.593
24.56
24.527
24.496
24.465
24.435
24.405
24.377
24.35
24.323
24.297
24.273
24.249
24.226
24.204
24.183
24.163
24.144
24.126
24.109
24.093
24.078
24.064
24.051
24.04
24.029
24.019
24.01
24.003
23.997
23.992
23.988
23.985
23.983
23.983
23.985
23.987
23.991
23.997
24.003
24.012
24.022
24.033
24.046
24.061
24.078
24.096
24.116
24.138
24.162
24.187
24.215
24.244
24.275
24.309
24.344
24.381
24.42
24.46
24.503
24.548
24.594
24.642
24.691
24.743
24.795
24.849
24.905
24.961
25.019
25.078
25.137
25.197
25.258
25.319
25.38
25.442
25.503
25.565
25.626
25.687
25.747
25.806
25.865
25.923
25.98
26.036
26.091
26.145
26.197
26.248
26.298
26.346
26.393
26.439
26.483
26.525
26.566
26.605
26.643
26.68
26.714
26.748
26.779
26.809
26.838
26.865
26.89
26.914
26.936
26.957
26.976
26.993
27.009
27.023
27.035
27.045
27.053
27.06
27.065
27.067
27.068
27.067
27.063
27.057
27.049
27.038
27.025
27.009
26.991
26.969
26.945
26.918
26.888
26.854
26.817
26.777
26.734
26.686
26.635
26.581
26.522
26.46
26.394
26.324
26.25
26.172
26.091
26.006
25.917
25.825
25.729
25.631
25.53
25.426
25.32
25.212
25.103
24.992
24.88
24.768
24.656
24.544
24.432
24.321
24.21
24.101
23.994
23.887
23.783
23.68
23.579
23.479
23.381
23.285
23.191
23.098
23.006
22.916
22.826
22.738
22.65
22.562
22.475
22.388
22.3
22.212
22.123
22.033
21.942
21.849
21.754
21.657
21.558
21.456
21.351
21.243
21.131
21.016
20.898
20.775
20.649
20.518
20.384
20.246
20.104
19.959
19.81
19.659
19.505
19.349
19.193
19.035
18.877
18.72
18.565
18.411
18.259
18.111
17.966
17.825
17.689
17.557
17.43
17.308
17.191
17.079
16.973
16.871
16.775
16.683
16.597
16.515
16.437
16.364
16.295
16.231
16.17
16.112
16.059
16.009
15.962
15.918
15.877
15.839
15.804
15.771
15.741
15.713
15.687
15.664
15.642
15.623
15.605
15.59
15.576
15.563
15.552
15.543
15.535
15.528
15.523
15.519
15.516
15.514
15.512
15.512
15.513
15.515
15.517
15.52
15.524
15.528
15.532
15.537
15.543
15.548
15.554
15.56
15.566
15.573
15.579
15.585
15.591
15.597
15.602
15.607
15.612
15.616
15.619
15.622
15.624
15.625
15.625
15.625
15.623
15.62
15.616
15.61
15.604
15.595
15.585
15.573
15.56
15.544
15.526
15.506
15.484
15.46
15.432
15.402
15.37
15.334
15.295
15.253
15.207
15.158
15.105
15.048
14.986
14.921
14.851
14.776
14.696
14.612
14.522
14.427
14.327
14.222
14.111
13.995
13.873
13.747
13.615
13.479
13.338
13.194
13.046
12.895
12.742
12.586
12.43
12.273
12.116
11.959
11.804
11.651
11.499
11.35
11.204
11.061
10.92
10.784
10.65
10.519
10.392
10.267
10.145
10.026
9.9084
9.7931
9.6794
9.567
9.4556
9.3449
9.2347
9.1245
9.0142
8.9033
8.7918
8.6792
8.5654
8.4501
8.3333
8.2148
8.0944
7.9722
7.8481
7.7222
7.5946
7.4655
7.335
7.2035
7.0712
6.9385
6.8059
6.6738
6.5425
6.4128
6.2849
6.1594
6.0368
5.9175
5.802
5.6906
5.5837
5.4815
5.3844
5.2925
5.2061
5.1253
5.0501
4.9807
4.917
4.8592
4.8072
4.761
4.7205
4.6857
4.6566
4.6331
4.615
4.6025
4.5953
4.5934
4.5967
4.6052
4.6188
4.6374
4.6609
4.6893
4.7225
4.7603
4.8027
4.8496
4.9009
4.9564
5.016
5.0795
5.1469
5.2178
5.2921
5.3695
5.4498
5.5327
5.6178
5.7049
5.7936
5.8835
5.9743
6.0655
6.1567
6.2476
6.3377
6.4266
6.5139
6.5993
6.6822
6.7625
6.8398
6.9137
6.984
7.0504
7.1127
7.1707
7.2241
7.2729
7.3168
7.3558
7.3897
7.4185
7.4421
7.4603
7.4733
7.4808
7.483
7.4797
7.4711
7.457
7.4375
7.4126
7.3825
7.347
7.3064
7.2606
7.2099
7.1543
7.094
7.0291
6.9599
6.8866
6.8095
6.7287
6.6447
6.5577
6.4681
6.3762
6.2825
6.1873
6.0911
5.9941
5.8969
5.7999
5.7033
5.6076
5.5131
5.4202
5.3291
5.2401
5.1535
5.0695
4.9882
4.9099
4.8346
4.7625
4.6938
4.6284
4.5665
4.5081
4.4532
4.4019
4.3543
4.3102
4.2699
4.2332
4.2002
4.1709
4.1453
4.1236
4.1056
4.0914
4.0812
4.0748
4.0725
4.0742
4.08
4.09
4.1042
4.1228
4.1458
4.1734
4.2056
4.2425
4.2843
4.331
4.3828
4.4397
4.5018
4.5692
4.642
4.7201
4.8038
4.8928
4.9872
5.0869
5.1917
5.3017
5.4164
5.5356
5.6591
5.7865
5.9174
6.0512
6.1877
6.3261
6.466
6.6069
6.7482
6.8895
7.0302
7.17
7.3084
7.4451
7.5798
7.7124
7.8427
7.9705
8.0959
8.2189
8.3395
8.4579
8.5742
8.6886
8.8014
8.9126
9.0227
9.1319
9.2405
9.3488
9.457
9.5655
9.6746
9.7846
9.8957
10.008
10.122
10.239
10.357
10.477
10.6
10.726
10.854
10.985
11.118
11.253
11.391
11.531
11.672
11.815
11.959
12.103
12.247
12.39
12.532
12.672
12.809
12.944
13.075
13.203
13.326
13.444
13.558
13.666
13.769
13.866
13.957
14.042
14.121
14.195
14.262
14.324
14.38
14.429
14.474
14.512
14.545
14.572
14.594
14.61
14.622
14.627
14.628
14.623
14.614
14.599
14.579
14.554
14.524
14.49
14.45
14.405
14.355
14.301
14.242
14.178
14.109
14.036
13.958
13.876
13.789
13.699
13.605
13.507
13.406
13.302
13.196
13.087
12.977
12.865
12.753
12.64
12.527
12.415
12.304
12.195
12.088
11.983
11.881
11.782
11.687
11.596
11.51
11.427
11.349
11.276
11.208
11.145
11.087
11.034
10.987
10.945
10.908
10.877
10.851
10.83
10.816
10.806
10.802
10.804
10.811
10.823
10.842
10.865
10.895
10.93
10.971
11.017
11.069
11.127
11.19
11.258
11.332
11.411
11.496
11.585
11.679
11.778
11.881
11.988
12.098
12.212
12.328
12.447
12.567
12.689
12.811
12.934
13.056
13.178
13.299
13.418
13.536
13.651
13.764
13.874
13.981
14.085
14.186
14.284
14.378
14.469
14.557
14.641
14.723
14.801
14.876
14.948
15.017
15.083
15.147
15.208
15.266
15.323
15.377
15.429
15.479
15.527
15.573
15.617
15.66
15.701
15.741
15.779
15.816
15.852
15.886
15.92
15.952
15.983
16.014
16.043
16.072
16.1
16.127
16.153
16.179
16.205
16.23
16.254
16.278
16.302
16.326
16.349
16.373
16.396
16.42
16.444
16.468
16.492
16.516
16.542
16.567
16.594
16.621
16.649
16.677
16.707
16.739
16.771
16.805
16.84
16.877
16.916
16.956
16.999
17.043
17.09
17.139
17.191
17.245
17.301
17.36
17.422
17.487
17.554
17.625
17.698
17.774
17.852
17.934
18.018
18.104
18.193
18.284
18.377
18.472
18.569
18.667
18.766
18.866
18.966
19.067
19.168
19.268
19.368
19.467
19.565
19.662
19.757
19.851
19.943
20.033
20.122
20.208
20.293
20.376
20.457
20.536
20.613
20.688
20.762
20.834
20.905
20.975
21.043
21.11
21.177
21.243
21.309
21.374
21.439
21.504
21.569
21.635
21.701
21.769
21.837
21.906
21.977
22.05
22.124
22.2
22.279
22.36
22.444
22.531
22.621
22.714
22.81
22.911
23.015
23.123
23.235
23.351
23.471
23.595
23.723
23.855
23.991
24.13
24.272
24.416
24.563
24.712
24.861
25.011
25.161
25.31
25.458
25.603
25.746
25.886
26.023
26.156
26.284
26.407
26.526
26.64
26.749
26.853
26.951
27.045
27.133
27.216
27.294
27.368
27.436
27.5
27.56
27.615
27.666
27.713
27.755
27.794
27.829
27.86
27.888
27.912
27.932
27.95
27.963
27.974
27.981
27.985
27.986
27.984
27.978
27.97
27.958
27.943
27.925
27.904
27.88
27.852
27.821
27.787
27.749
27.708
27.663
27.615
27.564
27.508
27.449
27.386
27.319
27.248
27.173
27.094
27.011
26.924
26.833
26.738
26.639
26.536
26.429
26.319
26.205
26.089
25.969
25.848
25.724
25.599
25.473
25.347
25.22
25.094
24.969
24.846
24.725
24.607
24.492
24.38
24.272
24.168
24.069
23.975
23.885
23.801
23.722
23.648
23.58
23.518
23.46
23.409
23.363
23.322
23.287
23.258
23.234
23.216
23.203
23.196
23.194
23.198
23.207
23.221
23.242
23.267
23.298
23.335
23.377
23.425
23.478
23.537
23.602
23.671
23.746
23.827
23.912
24.003
24.098
24.198
24.302
24.41
24.522
24.637
24.755
24.876
24.998
25.122
25.246
25.371
25.496
25.62
25.743
25.864
25.983
26.1
26.214
26.325
26.433
26.537
26.638
26.734
26.827
26.916
27.001
27.082
27.159
27.233
27.302
27.368
27.429
27.488
27.542
27.593
27.641
27.685
27.726
27.764
27.798
27.829
27.858
27.883
27.905
27.924
27.94
27.953
27.963
27.97
27.974
27.975
27.973
27.968
27.959
27.948
27.933
27.915
27.894
27.869
27.841
27.809
27.774
27.735
27.692
27.644
27.593
27.538
27.478
27.414
27.345
27.272
27.194
27.111
27.023
26.93
26.832
26.729
26.621
26.509
26.391
26.269
26.143
26.013
25.879
25.742
25.602
25.46
25.316
25.171
25.026
24.881
24.736
24.593
24.452
24.313
24.176
24.043
23.914
23.788
23.666
23.548
23.435
23.325
23.22
23.12
23.023
22.931
22.842
22.758
22.677
22.599
22.525
22.455
22.387
22.323
22.261
22.202
22.145
22.091
22.038
21.988
21.94
21.894
21.849
21.806
21.764
21.723
21.684
21.646
21.609
21.572
21.537
21.502
21.468
21.434
21.4
21.367
21.334
21.301
21.268
21.234
21.201
21.167
21.132
21.097
21.061
21.025
20.987
20.949
20.909
20.868
20.825
20.781
20.735
20.688
20.639
20.587
20.534
20.479
20.421
20.361
20.298
20.233
20.166
20.096
20.023
19.949
19.871
19.791
19.709
19.625
19.538
19.45
19.36
19.268
19.175
19.08
18.985
18.889
18.792
18.696
18.599
18.503
18.408
18.313
18.219
18.127
18.036
17.947
17.859
17.773
17.689
17.607
17.527
17.45
17.374
17.3
17.228
17.158
17.09
17.024
16.959
16.896
16.835
16.774
16.715
16.658
16.601
16.544
16.489
16.434
16.379
16.325
16.271
16.217
16.162
16.108
16.052
15.996
15.94
15.882
15.823
15.763
15.701
15.638
15.573
15.506
15.437
15.365
15.291
15.214
15.135
15.052
14.966
14.877
14.785
14.688
14.589
14.485
14.377
14.266
14.151
14.032
13.91
13.784
13.655
13.523
13.388
13.251
13.113
12.973
12.833
12.692
12.552
12.413
12.276
12.141
12.008
11.879
11.753
11.632
11.515
11.402
11.295
11.193
11.096
11.004
10.918
10.837
10.762
10.692
10.628
10.569
10.515
10.467
10.424
10.386
10.353
10.326
10.303
10.285
10.272
10.264
10.261
10.263
10.269
10.281
10.297
10.318
10.344
10.374
10.41
10.451
10.496
10.547
10.603
10.664
10.729
10.8
10.876
10.958
11.044
11.135
11.231
11.332
11.437
11.546
11.66
11.777
11.898
12.021
12.147
12.275
12.405
12.535
12.666
12.796
12.926
13.054
13.181
13.306
13.427
13.546
13.662
13.773
13.881
13.984
14.084
14.179
14.269
14.355
14.436
14.513
14.585
14.653
14.717
14.776
14.83
14.881
14.927
14.969
15.007
15.041
15.071
15.097
15.119
15.138
15.152
15.163
15.169
15.172
15.171
15.167
15.158
15.145
15.128
15.108
15.083
15.054
15.02
14.983
14.941
14.894
14.843
14.787
14.726
14.661
14.59
14.514
14.434
14.348
14.257
14.16
14.059
13.953
13.841
13.725
13.605
13.48
13.351
13.218
13.083
12.944
12.804
12.662
12.519
12.376
12.233
12.091
11.95
11.811
11.675
11.541
11.41
11.283
11.159
11.039
10.923
10.811
10.703
10.599
10.499
10.403
10.311
10.223
10.138
10.056
9.9779
9.9026
9.8303
9.7608
9.6938
9.6293
9.567
9.5069
9.4486
9.3922
9.3375
9.2842
9.2324
9.1818
9.1323
9.0837
9.0361
8.9891
8.9428
8.897
8.8515
8.8063
8.7613
8.7163
8.6712
8.626
8.5805
8.5346
8.4881
8.4411
8.3934
8.3448
8.2954
8.2449
8.1934
8.1406
8.0866
8.0313
7.9745
7.9162
7.8564
7.7949
7.7319
7.6671
7.6007
7.5326
7.4628
7.3914
7.3184
7.2438
7.1678
7.0904
7.0117
6.932
6.8512
6.7696
6.6874
6.6046
6.5216
6.4386
6.3556
6.273
6.1909
6.1096
6.0292
5.9499
5.872
5.7955
5.7206
5.6475
5.5763
5.5071
5.44
5.375
5.3122
5.2517
5.1935
5.1376
5.084
5.0327
4.9837
4.937
4.8924
4.8501
4.8098
4.7717
4.7356
4.7014
4.6692
4.6388
4.6103
4.5834
4.5583
4.5347
4.5128
4.4924
4.4735
4.456
4.4399
4.4252
4.4119
4.3998
4.3891
4.3796
4.3715
4.3646
4.3589
4.3546
4.3515
4.3498
4.3493
4.3502
4.3525
4.3563
4.3614
4.3681
4.3764
4.3862
4.3978
4.411
4.4261
4.4431
4.4621
4.483
4.5061
4.5315
4.5591
4.589
4.6215
4.6565
4.6942
4.7345
4.7777
4.8237
4.8727
4.9246
4.9796
5.0377
5.0988
5.163
5.2303
5.3007
5.374
5.4503
5.5294
5.6112
5.6956
5.7823
5.8713
5.9623
6.055
6.1493
6.2449
6.3414
6.4387
6.5364
6.6343
6.7321
6.8296
6.9265
7.0225
7.1176
7.2114
7.3039
7.3949
7.4843
7.5719
7.6579
7.742
7.8244
7.905
7.9839
8.0611
8.1366
8.2106
8.2832
8.3544
8.4245
8.4934
8.5614
8.6286
8.6952
8.7613
8.8271
8.8927
8.9583
9.0241
9.0903
9.157
9.2245
9.2929
9.3624
9.4333
9.5056
9.5796
9.6556
9.7336
9.814
9.8968
9.9823
10.071
10.162
10.257
10.355
10.456
10.562
10.67
10.783
10.899
11.019
11.143
11.27
11.401
11.534
11.67
11.809
11.949
12.091
12.234
12.377
12.52
12.662
12.802
12.941
13.077
13.209
13.339
13.464
13.585
13.701
13.813
13.919
14.02
14.115
14.205
14.29
14.369
14.443
14.511
14.574
14.631
14.683
14.73
14.772
14.809
14.84
14.867
14.889
14.906
14.918
14.926
14.929
14.927
14.921
14.909
14.893
14.873
14.848
14.818
14.783
14.743
14.699
14.65
14.595
14.536
14.472
14.403
14.329
14.25
14.166
14.077
13.983
13.885
13.782
13.675
13.563
13.448
13.329
13.207
13.083
12.956
12.828
12.698
12.568
12.438
12.308
12.179
12.052
11.927
11.804
11.684
11.567
11.455
11.346
11.241
11.14
11.044
10.953
10.866
10.784
10.706
10.634
10.566
10.502
10.443
10.389
10.34
10.294
10.253
10.217
10.185
10.157
10.134
10.114
10.099
10.088
10.081
10.079
10.081
10.086
10.097
10.111
10.13
10.153
10.181
10.213
10.25
10.292
10.338
10.389
10.445
10.507
10.573
10.644
10.721
10.803
10.89
10.982
11.08
11.183
11.291
11.403
11.521
11.642
11.768
11.898
12.031
12.167
12.305
12.445
12.586
12.728
12.87
13.011
13.151
13.29
13.426
13.56
13.691
13.819
13.944
14.064
14.181
14.295
14.404
14.509
14.611
14.709
14.803
14.894
14.981
15.065
15.145
15.223
15.298
15.371
15.441
15.508
15.574
15.637
15.699
15.759
15.818
15.875
15.931
15.987
16.041
16.094
16.147
16.199
16.251
16.303
16.355
16.406
16.458
16.51
16.562
16.614
16.668
16.721
16.776
16.831
16.888
16.945
17.003
17.063
17.123
17.185
17.249
17.313
17.38
17.447
17.516
17.586
17.658
17.731
17.805
17.88
17.957
18.034
18.112
18.191
18.271
18.351
18.431
18.511
18.591
18.671
18.75
18.829
18.906
18.982
19.058
19.131
19.203
19.273
19.341
19.408
19.472
19.533
19.593
19.65
19.704
19.756
19.806
19.853
19.897
19.939
19.979
20.016
20.05
20.082
20.112
20.14
20.165
20.188
20.209
20.228
20.245
20.26
20.272
20.284
20.293
20.3
20.306
20.31
20.313
20.314
20.313
20.311
20.307
20.302
20.296
20.288
20.279
20.268
20.256
20.243
20.228
20.212
20.194
20.176
20.156
20.134
20.111
20.087
20.062
20.035
20.007
19.977
19.946
19.914
19.88
19.845
19.809
19.772
19.733
19.692
19.651
19.608
19.564
19.519
19.473
19.426
19.378
19.329
19.279
19.229
19.177
19.125
19.073
19.02
18.967
18.914
18.86
18.807
18.753
18.7
18.647
18.595
18.543
18.491
18.441
18.39
18.341
18.293
18.246
18.199
18.154
18.11
18.067
18.025
17.985
17.946
17.908
17.871
17.836
17.802
17.77
17.739
17.709
17.681
17.654
17.628
17.604
17.581
17.56
17.54
17.521
17.504
17.488
17.474
17.461
17.449
17.439
17.431
17.423
17.418
17.414
17.411
17.41
17.41
17.413
17.416
17.422
17.429
17.438
17.449
17.462
17.477
17.494
17.512
17.533
17.556
17.581
17.609
17.638
17.67
17.704
17.741
17.78
17.821
17.865
17.911
17.959
18.01
18.063
18.119
18.176
18.236
18.298
18.361
18.427
18.494
18.563
18.633
18.705
18.777
18.851
18.925
18.999
19.074
19.15
19.225
19.299
19.374
19.448
19.521
19.593
19.665
19.735
19.804
19.872
19.938
20.002
20.066
20.127
20.187
20.246
20.302
20.357
20.411
20.463
20.513
20.562
20.609
20.654
20.698
20.741
20.782
20.822
20.861
20.898
20.934
20.969
21.003
21.035
21.066
21.097
21.126
21.154
21.181
21.207
21.233
21.257
21.28
21.302
21.323
21.343
21.362
21.38
21.397
21.413
21.428
21.442
21.454
21.465
21.475
21.484
21.491
21.497
21.501
21.503
21.504
21.503
21.5
21.496
21.489
21.48
21.469
21.455
21.439
21.42
21.399
21.375
21.347
21.317
21.283
21.245
21.204
21.159
21.11
21.057
21
20.938
20.871
20.8
20.724
20.642
20.556
20.464
20.367
20.264
20.157
20.044
19.926
19.803
19.675
19.543
19.407
19.267
19.124
18.978
18.831
18.681
18.531
18.38
18.229
18.078
17.928
17.78
17.633
17.489
17.346
17.205
17.067
16.931
16.797
16.665
16.535
16.407
16.279
16.153
16.027
15.902
15.777
15.651
15.524
15.396
15.267
15.136
15.003
14.867
14.729
14.588
14.443
14.296
14.145
13.991
13.834
13.675
13.512
13.348
13.183
13.016
12.849
12.682
12.516
12.351
12.189
12.03
11.874
11.722
11.574
11.432
11.294
11.162
11.035
10.913
10.798
10.688
10.583
10.484
10.39
10.302
10.218
10.139
10.065
9.9955
9.93
9.8685
9.8109
9.7569
9.7064
9.6592
9.6152
9.5741
9.5358
9.5002
9.4671
9.4364
9.4079
9.3815
9.3571
9.3345
9.3136
9.2944
9.2766
9.2602
9.2451
9.2311
9.2182
9.2063
9.1952
9.1848
9.175
9.1658
9.1571
9.1486
9.1404
9.1322
9.1241
9.1159
9.1074
9.0986
9.0894
9.0796
9.0692
9.0579
9.0457
9.0325
9.0181
9.0023
8.9851
8.9663
8.9458
8.9233
8.8988
8.8721
8.843
8.8114
8.7771
8.7398
8.6995
8.656
8.609
8.5584
8.504
8.4455
8.3829
8.316
8.2445
8.1684
8.0874
8.0015
7.9106
7.8145
7.7133
7.607
7.4956
7.3792
7.2579
7.132
7.0017
6.8673
6.7293
6.588
6.4439
6.2975
6.1494
6
5.8499
5.6997
5.5497
5.4004
5.2522
5.1055
4.9605
4.8173
4.6761
4.537
4.3999
4.2647
4.1313
3.9996
3.8692
3.7398
3.6113
3.4832
3.3551
3.2268
3.0978
2.9677
2.8361
2.7027
2.5671
2.429
2.288
2.1439
1.9964
1.8455
1.6909
1.5328
1.3712
1.2062
1.0381
0.86738
0.69434
0.51957
0.34369
0.16736
-0.0087231
-0.18384
-0.35727
-0.52835
-0.69643
-0.86096
-1.0214
-1.1774
-1.3286
-1.4748
-1.6158
-1.7516
-1.8821
-2.0075
-2.1277
-2.243
-2.3536
-2.4597
-2.5615
-2.6592
-2.7532
-2.8437
-2.931
-3.0154
-3.097
-3.1763
-3.2533
-3.3285
-3.4021
-3.4742
-3.5451
-3.6151
-3.6844
-3.7532
-3.8217
-3.8901
-3.9585
-4.0273
-4.0965
-4.1663
-4.2369
-4.3085
-4.381
-4.4548
-4.5299
-4.6063
-4.6842
-4.7637
-4.8446
-4.9272
-5.0114
-5.0971
-5.1843
-5.273
-5.3631
-5.4543
-5.5467
-5.6399
-5.7339
-5.8285
-5.9233
-6.0183
-6.113
-6.2074
-6.3011
-6.3939
-6.4856
-6.5758
-6.6645
-6.7514
-6.8363
-6.919
-6.9994
-7.0774
-7.1528
-7.2255
-7.2956
-7.363
-7.4276
-7.4894
-7.5484
-7.6047
-7.6583
-7.7092
-7.7575
-7.8032
-7.8465
-7.8874
-7.926
-7.9623
-7.9965
-8.0286
-8.0587
-8.0869
-8.1133
-8.138
-8.161
-8.1824
-8.2023
-8.2207
-8.2377
-8.2534
-8.2678
-8.281
-8.2929
-8.3037
-8.3134
-8.322
-8.3295
-8.3359
-8.3413
-8.3457
-8.349
-8.3512
-8.3524
-8.3525
-8.3515
-8.3493
-8.346
-8.3415
-8.3357
-8.3287
-8.3203
-8.3105
-8.2992
-8.2863
-8.2719
-8.2557
-8.2378
-8.218
-8.1962
-8.1724
-8.1465
-8.1183
-8.0878
-8.0548
-8.0193
-7.9811
-7.9402
-7.8964
-7.8498
-7.8001
-7.7474
-7.6915
-7.6324
-7.5701
-7.5046
-7.4357
-7.3636
-7.2883
-7.2098
-7.1282
-7.0437
-6.9563
-6.8662
-6.7736
-6.6787
-6.5817
-6.483
-6.3827
-6.2812
-6.1787
-6.0755
-5.972
-5.8684
-5.7651
-5.6622
-5.5601
-5.4589
-5.3588
-5.2602
-5.163
-5.0674
-4.9736
-4.8815
-4.7911
-4.7026
-4.6159
-4.5309
-4.4476
-4.3658
-4.2856
-4.2067
-4.129
-4.0524
-3.9767
-3.9017
-3.8274
-3.7534
-3.6796
-3.6057
-3.5317
-3.4572
-3.3821
-3.3061
-3.2291
-3.1507
-3.0707
-2.989
-2.9053
-2.8193
-2.7309
-2.6397
-2.5456
-2.4484
-2.3479
-2.2438
-2.136
-2.0245
-1.909
-1.7895
-1.666
-1.5385
-1.4071
-1.272
-1.1333
-0.99136
-0.84649
-0.6991
-0.54968
-0.39877
-0.24693
-0.094773
0.057068
0.20796
0.35728
0.50444
0.64886
0.79004
0.92752
1.0609
1.1899
1.3141
1.4335
1.5478
1.6569
1.7609
1.8597
1.9533
2.0418
2.1252
2.2038
2.2775
2.3466
2.4111
2.4711
2.5269
2.5785
2.6261
2.6697
2.7096
2.7458
2.7784
2.8075
2.8332
2.8556
2.8748
2.8908
2.9037
2.9136
2.9205
2.9244
2.9254
2.9236
2.9188
2.9112
2.9008
2.8875
2.8714
2.8524
2.8306
2.8059
2.7782
2.7476
2.7141
2.6775
2.6378
2.5949
2.5489
2.4996
2.447
2.391
2.3316
2.2686
2.2021
2.1319
2.0581
1.9805
1.8992
1.8142
1.7254
1.6329
1.5368
1.4371
1.3341
1.2278
1.1184
1.0063
0.89175
0.77503
0.65653
0.53668
0.41593
0.29475
0.17364
0.053099
-0.066358
-0.18423
-0.30001
-0.41323
-0.52345
-0.63023
-0.73322
-0.83204
-0.92641
-1.0161
-1.1007
-1.1803
-1.2545
-1.3233
-1.3866
-1.4443
-1.4963
-1.5425
-1.5831
-1.6179
-1.6469
-1.6701
-1.6876
-1.6994
-1.7054
-1.7057
-1.7002
-1.6891
-1.6723
-1.6497
-1.6216
-1.5877
-1.5483
-1.5034
-1.4529
-1.3969
-1.3356
-1.269
-1.1972
-1.1204
-1.0388
-0.95249
-0.8618
-0.76696
-0.66828
-0.56611
-0.46081
-0.35279
-0.24248
-0.13035
-0.016856
0.097507
0.21225
0.32688
0.44093
0.55393
0.66545
0.77507
0.88243
0.98717
1.089
1.1876
1.2829
1.3745
1.4623
1.5463
1.6263
1.7022
1.774
1.8416
1.9051
1.9644
2.0195
2.0704
2.1172
2.1599
2.1984
2.2328
2.2631
2.2892
2.3113
2.3293
2.3432
2.3529
2.3584
2.3598
2.3569
2.3497
2.3382
2.3223
2.3019
2.2769
2.2473
2.213
2.1738
2.1297
2.0807
2.0265
1.9671
1.9024
1.8324
1.757
1.676
1.5897
1.4978
1.4005
1.2978
1.1898
1.0768
0.95885
0.83631
0.70948
0.57872
0.44448
0.30721
0.16743
0.025697
-0.11744
-0.2614
-0.40561
-0.54954
-0.69264
-0.83446
-0.97454
-1.1125
-1.2481
-1.3809
-1.5109
-1.6379
-1.7619
-1.8827
-2.0005
-2.1153
-2.2273
-2.3365
-2.4432
-2.5475
-2.6498
-2.7501
-2.8487
-2.946
-3.0421
-3.1373
-3.2318
-3.326
-3.42
-3.5141
-3.6085
-3.7035
-3.7993
-3.896
-3.9938
-4.093
-4.1936
-4.2957
-4.3995
-4.505
-4.6123
-4.7213
-4.8319
-4.9441
-5.0578
-5.1727
-5.2887
-5.4055
-5.5228
-5.6402
-5.7575
-5.8742
-5.99
-6.1043
-6.2169
-6.3272
-6.435
-6.5397
-6.641
-6.7386
-6.8322
-6.9215
-7.0062
-7.0862
-7.1612
-7.2311
-7.2958
-7.3553
-7.4093
-7.458
-7.5012
-7.5391
-7.5715
-7.5986
-7.6203
-7.6368
-7.648
-7.6541
-7.655
-7.651
-7.6421
-7.6283
-7.6098
-7.5867
-7.5591
-7.527
-7.4907
-7.4503
-7.4059
-7.3577
-7.3058
-7.2505
-7.192
-7.1304
-7.0661
-6.9992
-6.9301
-6.8591
-6.7864
-6.7123
-6.6373
-6.5616
-6.4856
-6.4097
-6.3342
-6.2594
-6.1857
-6.1135
-6.0431
-5.9748
-5.9089
-5.8457
-5.7855
-5.7285
-5.675
-5.6253
-5.5794
-5.5376
-5.5
-5.4668
-5.4381
-5.414
-5.3945
-5.3799
-5.3701
-5.3651
-5.365
-5.3699
-5.3797
-5.3943
-5.4138
-5.4382
-5.4673
-5.5011
-5.5395
-5.5824
-5.6296
-5.681
-5.7364
-5.7956
-5.8584
-5.9246
-5.9939
-6.066
-6.1407
-6.2176
-6.2964
-6.3768
-6.4584
-6.5409
-6.624
-6.7073
-6.7904
-6.873
-6.9549
-7.0357
-7.1151
-7.1928
-7.2687
-7.3425
-7.4139
-7.4828
-7.5489
-7.6123
-7.6726
-7.7299
-7.7839
-7.8345
-7.8818
-7.9256
-7.9658
-8.0024
-8.0353
-8.0645
-8.0898
-8.1113
-8.1289
-8.1424
-8.152
-8.1574
-8.1586
-8.1556
-8.1482
-8.1364
-8.1202
-8.0994
-8.0739
-8.0438
-8.0088
-7.9689
-7.9241
-7.8743
-7.8194
-7.7594
-7.6943
-7.624
-7.5486
-7.4681
-7.3826
-7.2922
-7.1971
-7.0973
-6.9931
-6.8849
-6.7728
-6.6573
-6.5386
-6.4172
-6.2936
-6.1682
-6.0413
-5.9136
-5.7854
-5.6572
-5.5294
-5.4023
-5.2763
-5.1516
-5.0286
-4.9074
-4.7881
-4.6709
-4.5558
-4.4427
-4.3317
-4.2227
-4.1156
-4.0101
-3.9062
-3.8037
-3.7023
-3.6018
-3.5019
-3.4025
-3.3032
-3.2038
-3.1039
-3.0034
-2.902
-2.7993
-2.6952
-2.5893
-2.4814
-2.3714
-2.2589
-2.1439
-2.0261
-1.9055
-1.782
-1.6556
-1.5263
-1.3942
-1.2595
-1.1223
-0.98302
-0.84188
