1.095
0.94251
1.0324
1.292
1.0723
0.62847
0.25464
-0.074101
-0.32531
-0.46524
-0.63315
-1.0849
-1.4189
-0.99064
-0.598
-0.34649
-0.10324
0.066525
0.011605
-0.36566
-1.0144
-1.219
-0.69104
-0.36198
-0.55783
-1.2902
-1.2995
-0.48498
0.27238
1.2297
1.2807
0.36875
-0.44677
-1.2363
-1.1047
-0.4796
-0.25477
-0.58222
-1.3551
-1.1817
-0.34036
0.46817
1.3567
1.0821
0.25036
-0.40538
-0.98873
-1.1182
-0.85776
-0.93164
-1.3182
-1.1407
-0.61707
-0.17579
0.29735
0.84816
1.1294
0.89901
0.82173
1.1992
1.3069
0.79809
0.32884
-0.12623
-0.69507
-1.1525
-0.9719
-0.70744
-0.94951
-1.4008
-1.0409
-0.46308
0.042844
0.70761
1.2922
0.92909
0.40493
0.32001
0.81773
1.4847
0.92677
0.11884
-0.75171
-1.4746
-0.80658
0.026018
0.8017
1.2823
0.85756
0.4878
0.69899
1.3752
1.1892
0.4346
-0.2606
-1.1694
-1.3011
-0.44604
0.2906
1.0013
1.1925
0.75401
0.6333
1.1096
1.4064
0.79071
0.1825
-0.48917
-1.2961
-1.1026
-0.35219
0.16467
0.52242
0.79052
1.0543
1.2541
1.1709
0.95843
0.75943
0.56714
0.5041
0.83139
1.4389
1.1357
0.51537
0.028634
-0.64404
-1.359
-0.96978
-0.26066
0.20849
0.52234
0.76446
1.0665
1.2978
1.1385
0.88853
0.704
0.54393
0.54342
0.96253
1.4682
1.0068
0.44498
-0.020991
-0.69157
-1.3428
-0.93293
-0.29011
0.045652
0.081126
-0.15355
-0.56567
-0.96381
-1.0246
-0.92227
-1.1018
-1.3006
-0.99411
-0.57871
-0.23649
0.054811
0.22832
0.23035
0.17763
0.35588
1.0531
1.4891
0.69145
-0.1047
-1.0872
-1.4285
-0.48053
0.43918
1.369
1.0755
0.2295
-0.42501
-0.99191
-1.1097
-0.87423
-0.97285
-1.3218
-1.0998
-0.59716
-0.17409
0.26697
0.75571
1.0644
0.97565
0.9457
1.2251
1.2272
0.80363
0.40974
0.070645
-0.21732
-0.39423
-0.50169
-0.78995
-1.3475
-1.2621
-0.73846
-0.41216
-0.11979
0.22027
0.55923
0.82451
1.0128
1.178
1.2182
1.0498
0.80697
0.56801
0.42203
0.59299
1.2512
1.3753
0.66038
0.07449
-0.66428
-1.4445
-0.92694
-0.093172
0.66919
1.2719
0.95359
0.50099
0.58084
1.2365
1.3416
0.58196
-0.11382
-1.0026
-1.4091
-0.5941
0.17873
0.92616
1.2418
0.78426
0.54409
0.91765
1.4563
0.96057
0.27971
-0.40578
-1.2765
-1.1742
-0.35426
0.2962
0.88538
1.134
0.91178
0.90528
1.2679
1.2079
0.70625
0.27083
-0.15804
-0.64645
-1.0352
-1.0127
-0.9134
-1.149
-1.2891
-0.91071
-0.49187
-0.13895
0.17987
0.41689
0.57353
0.83437
1.2899
1.2775
0.86271
0.60385
0.42359
0.32974
0.55888
1.2836
1.3534
0.57452
-0.091362
-0.98605
-1.4595
-0.59915
0.27027
1.1879
1.2343
0.45245
-0.087243
-0.41016
-0.62528
-0.92273
-1.3087
-1.2211
-0.87993
-0.67293
-0.52086
-0.4808
-0.81086
-1.4363
-1.152
-0.52223
-0.033072
0.64269
1.3676
0.9695
0.24384
-0.26282
-0.64899
-0.92778
-1.0996
-1.1946
-1.1679
-0.99103
-0.74046
-0.50242
-0.42236
-0.75752
-1.4425
-1.1533
-0.44935
0.15336
1.0151
1.4114
0.59133
-0.19961
-0.99617
-1.2594
-0.69696
-0.38439
-0.65498
-1.3835
-1.1772
-0.3747
0.39051
1.3237
1.1675
0.27751
-0.4964
-1.2118
-1.0774
-0.55245
-0.49187
-1.0529
-1.4509
-0.75754
-0.043796
0.79601
1.464
0.78017
-0.031142
-0.78804
-1.2688
-0.8753
-0.52421
-0.75789
-1.4025
-1.1406
-0.41466
0.25515
1.1429
1.3078
0.47939
-0.22411
-0.87901
-1.1794
-0.87342
-0.76748
-1.179
-1.3336
-0.78382
-0.26794
0.26242
0.95057
1.2402
0.74875
0.43767
0.69595
1.397
1.1696
0.39801
-0.32422
-1.2556
-1.2424
-0.35333
0.4241
1.1752
1.1273
0.57258
0.43907
0.92816
1.4802
0.87252
0.12905
-0.69164
-1.4636
-0.87505
-0.036468
0.73416
1.2806
0.90643
0.49524
0.64395
1.3179
1.2623
0.50188
-0.18865
-1.0892
-1.3589
-0.51877
0.23219
0.95781
1.2168
0.77576
0.59899
1.031
1.4371
0.86274
0.22946
-0.43923
-1.2743
-1.1472
-0.37015
0.19885
0.64712
0.9634
1.07
1.1228
1.2021
1.0811
0.78502
0.49191
0.31343
0.4505
1.1244
1.4573
0.68405
-0.037569
-0.94593
-1.4836
-0.6252
0.26631
1.2091
1.2345
0.41721
-0.18038
-0.63267
-0.95482
-1.0781
-1.1324
-1.1954
-1.074
-0.7879
-0.50065
-0.3317
-0.49167
-1.1822
-1.4244
-0.64637
0.051726
0.95005
1.4774
0.62624
-0.25477
-1.1852
-1.2449
-0.44785
0.12033
0.50233
0.78477
1.0459
1.2424
1.1801
0.98038
0.78058
0.58035
0.4957
0.784
1.411
1.1893
0.55172
0.059759
-0.60131
-1.3481
-1.0092
-0.28032
0.22036
0.58362
0.85756
1.0899
1.2321
1.1585
0.96661
0.75032
0.54065
0.48112
0.83422
1.4559
1.1086
0.46774
-0.060505
-0.81852
-1.4175
-0.79396
-0.065825
0.52622
1.0199
1.0701
0.89921
1.0702
1.3142
0.99541
0.5394
0.15607
-0.21418
-0.5567
-0.82161
-1.0206
-1.1918
-1.2119
-1.0339
-0.79786
-0.56598
-0.43333
-0.6334
-1.2995
-1.3329
-0.62554
-0.058391
0.67443
1.4364
0.92069
0.10539
-0.61981
-1.2186
-1.0026
-0.59916
-0.72822
-1.3405
-1.2246
-0.52439
0.092721
0.90541
1.4003
0.70752
0.015172
-0.52871
-0.96474
-1.065
-0.99178
-1.1443
-1.2447
-0.93538
-0.55069
-0.23669
-0.040105
-0.10711
-0.60629
-1.3593
-1.0608
-0.26864
0.41559
1.0849
1.1344
0.70189
0.67306
1.2092
1.3479
0.69194
0.10193
-0.59817
-1.3521
-1.0012
-0.27609
0.20514
0.52965
0.77904
1.0717
1.287
1.1417
0.90349
0.71632
0.54897
0.53847
0.94594
1.4674
1.0222
0.45252
-0.016474
-0.68892
-1.3464
-0.93422
-0.28281
0.071197
0.14864
0.0079174
-0.19684
-0.306
-0.30777
-0.42457
-0.9876
-1.5141
-0.88069
-0.22679
0.46194
1.3738
1.1299
0.22264
-0.62263
-1.3594
-0.94973
-0.29202
0.0066176
-0.052968
-0.46847
-1.0951
-1.1457
-0.63379
-0.4243
-0.7956
-1.4649
-1.0399
-0.28366
0.47109
1.382
1.0964
0.20628
-0.59229
-1.2871
-0.99769
-0.44763
-0.36835
-0.89692
-1.4846
-0.85729
-0.072925
0.79997
1.4697
0.76547
-0.052752
-0.81863
-1.2729
-0.85074
-0.50977
-0.75995
-1.4103
-1.1283
-0.39627
0.28631
1.1836
1.2808
0.43839
-0.27186
-0.94383
-1.1822
-0.82064
-0.73088
-1.1838
-1.3441
-0.75773
-0.216
0.36951
1.1167
1.2022
0.57968
0.23096
0.3615
1.0521
1.4282
0.64778
-0.1473
-1.0632
-1.3503
-0.54523
0.13474
0.70565
1.086
1.0133
0.94028
1.199
1.2393
0.82287
0.41353
0.063035
-0.23759
-0.43688
-0.57972
-0.89765
-1.3672
-1.1956
-0.76216
-0.51026
-0.31328
-0.2076
-0.42882
-1.1819
-1.4112
-0.56911
0.22546
1.2249
1.3213
0.35536
-0.55354
-1.4023
-0.9795
-0.19224
0.36939
0.82279
1.0561
1.0495
1.1234
1.2211
1.0107
0.66193
0.36319
0.206
0.39029
1.1163
1.4425
0.6177
-0.18592
-1.1765
-1.3499
-0.40287
0.47912
1.3362
1.0571
0.30787
-0.14727
-0.38402
-0.53304
-0.86386
-1.38
-1.203
-0.73058
-0.45453
-0.22122
-0.025611
-0.023399
-0.38975
-1.1406
-1.2725
-0.52651
0.099889
0.64005
1.0398
1.0346
0.95709
1.1761
1.2473
0.87125
0.47258
0.14166
-0.10786
-0.18677
-0.069126
0.12195
0.20984
0.11822
-0.049288
-0.096475
0.12299
0.64188
1.1931
1.0063
0.56382
0.56935
1.1616
1.4035
0.69379
0.036512
-0.76795
-1.4551
-0.81661
-0.014845
0.71395
1.2394
0.93917
0.59111
0.81189
1.4039
1.1184
0.43626
-0.18126
-1.0123
-1.3549
-0.61604
0.031925
0.52753
0.91356
1.0587
1.0695
1.1808
1.1741
0.89324
0.56519
0.31269
0.26856
0.68224
1.4609
1.1047
0.27452
-0.55527
-1.4778
-0.99053
-0.047753
0.89174
1.4167
0.68558
-0.0059951
-0.51087
-0.9003
-1.0629
-1.0829
-1.1792
-1.164
-0.89423
-0.57355
-0.32873
-0.30531
-0.75886
-1.4956
-1.0336
-0.23276
0.59026
1.4896
0.96066
0.023752
-0.92051
-1.4115
-0.65926
0.033759
0.55683
0.95591
1.0658
1.0451
1.1786
1.1884
0.88289
0.53558
0.26681
0.18703
0.52323
1.3349
1.2527
0.38091
-0.45712
-1.4128
-1.0807
-0.15083
0.71551
1.3729
0.87103
0.26104
0.039696
0.22836
0.84636
1.3497
0.81813
0.19969
-0.17321
-0.35101
-0.44534
-0.74674
-1.3649
-1.2642
-0.67409
-0.28274
0.14244
0.76918
1.2529
0.89539
0.4837
0.58499
1.2496
1.3389
0.57737
-0.11262
-1.0037
-1.4159
-0.59071
0.19997
0.9816
1.2512
0.72093
0.44367
0.77253
1.4432
1.0686
0.30977
-0.43514
-1.3435
-1.1323
-0.25975
0.4912
1.183
1.085
0.60078
0.58694
1.1718
1.3858
0.67815
0.01942
-0.78711
-1.4421
-0.80209
-0.029946
0.63876
1.1582
1.0099
0.73702
0.97372
1.3902
1.0178
0.45102
-0.05139
-0.69944
-1.2638
-0.94276
-0.46855
-0.47391
-1.0845
-1.4446
-0.70969
0.02066
0.90593
1.4599
0.6712
-0.1508
-0.96504
-1.2819
-0.71273
-0.35728
-0.56437
-1.3001
-1.2738
-0.45551
0.31341
1.2591
1.2366
0.34567
-0.42362
-1.1571
-1.1279
-0.60505
-0.5127
-1.0438
-1.4517
-0.78505
-0.088942
0.71416
1.4525
0.86305
0.051188
-0.67244
-1.225
-0.97002
-0.61206
-0.8096
-1.3926
-1.1342
-0.46065
0.14095
0.94781
1.3707
0.67888
0.038244
-0.40702
-0.74204
-0.98719
-1.1614
-1.2126
-1.0964
-0.88782
-0.64863
-0.46277
-0.53163
-1.0914
-1.4653
-0.82232
-0.23135
0.40219
1.2737
1.1962
0.35435
-0.35376
-1.0347
-1.1616
-0.74561
-0.69141
-1.1985
-1.3484
-0.71584
-0.14213
0.51818
1.2872
1.08
0.37685
-0.047608
-0.20543
-0.16536
-0.12509
-0.38662
-1.1645
-1.4049
-0.54357
0.28807
1.2873
1.245
0.29448
-0.57561
-1.3553
-0.98208
-0.29935
0.034368
0.037217
-0.25328
-0.74392
-1.1069
-0.94826
-0.78755
-1.0871
-1.3665
-0.93315
-0.43913
-0.0018917
0.53619
1.0868
1.0676
0.73158
0.81824
1.3283
1.2111
0.60378
0.093935
-0.52567
-1.2301
-1.0806
-0.47854
-0.23781
-0.51786
-1.2936
-1.2597
-0.41276
0.39231
1.314
1.1517
0.29683
-0.39384
-1.0238
-1.1334
-0.79803
-0.83411
-1.3019
-1.2179
-0.63424
-0.1369
0.43578
1.1172
1.1452
0.61906
0.44308
0.87161
1.4802
0.95316
0.21365
-0.56194
-1.4262
-1.0054
-0.1381
0.6431
1.2803
0.96693
0.47858
0.50419
1.1359
1.4115
0.65886
-0.065688
-0.95865
-1.4342
-0.62727
0.168
0.94408
1.2587
0.75354
0.4687
0.79118
1.4437
1.0625
0.31873
-0.40745
-1.3134
-1.1633
-0.29844
0.43454
1.1238
1.1222
0.6658
0.64625
1.2045
1.3556
0.67743
0.062587
-0.68181
-1.4006
-0.91493
-0.17399
0.3732
0.82816
1.0557
1.0352
1.113
1.2327
1.0235
0.66472
0.35703
0.17684
0.30502
0.96483
1.4942
0.74354
-0.078716
-1.0437
-1.4209
-0.52725
0.32054
1.1746
1.194
0.51137
0.15613
0.26008
0.88612
1.4306
0.78606
0.02183
-0.73708
-1.2999
-0.8954
-0.42648
-0.4714
-1.1183
-1.4216
-0.65626
0.090687
1.0064
1.4193
0.57936
-0.22149
-1.0137
-1.2448
-0.69111
-0.41617
-0.74393
-1.4366
-1.0852
-0.30896
0.45323
1.3635
1.1101
0.23218
-0.53198
-1.2198
-1.0542
-0.55677
-0.54513
-1.1418
-1.4071
-0.68513
0.0030211
0.84453
1.4518
0.74041
-0.048153
-0.77717
-1.2434
-0.89727
-0.59221
-0.8736
-1.4297
-1.0451
-0.37993
0.24211
1.08
1.3138
0.55841
-0.058855
-0.51907
-0.87157
-1.0524
-1.1235
-1.1928
-1.1208
-0.86665
-0.57817
-0.37121
-0.43058
-1.0072
-1.5033
-0.8272
-0.13058
0.66359
1.49
0.90585
0.0060248
-0.89725
-1.3871
-0.70229
-0.083047
0.2566
0.41434
0.57934
1.0447
1.4447
0.99624
0.55838
0.26533
-0.065994
-0.45417
-0.81471
-1.0004
-1.0486
-1.1692
-1.2104
-0.97048
-0.65335
-0.38752
-0.27714
-0.55639
-1.3309
-1.2936
-0.46365
0.29506
1.282
1.2686
0.30605
-0.60271
-1.4198
-0.93573
-0.15586
0.4106
0.87274
1.0711
1.024
1.1164
1.2376
1.0006
0.62994
0.3189
0.13568
0.25249
0.8838
1.4918
0.80297
-0.028674
-0.95898
-1.4273
-0.61777
0.15663
0.87906
1.2277
0.83701
0.62751
1.016
1.4307
0.89865
0.28117
-0.34387
-1.1644
-1.2319
-0.49425
0.034782
0.34247
0.51739
0.76261
1.2435
1.3298
0.89082
0.60126
0.40879
0.27709
0.40652
1.0601
1.4907
0.73476
-0.0036068
-0.90946
-1.5017
-0.65506
0.25128
1.2155
1.245
0.39805
-0.2536
-0.8063
-1.1015
-0.98473
-0.98446
-1.2523
-1.1622
-0.72891
-0.34292
-0.013364
0.23529
0.344
0.39669
0.69013
1.3616
1.2813
0.61889
0.13644
-0.47339
-1.2825
-1.1346
-0.36395
0.21094
0.68139
1.0006
1.0549
1.0858
1.2148
1.1095
0.78004
0.46205
0.24746
0.29905
0.86658
1.5186
0.8773
0.066376
-0.85044
-1.5098
-0.69948
0.20359
1.1461
1.2792
0.47937
-0.1073
-0.50723
-0.80358
-1.0499
-1.2215
-1.1846
-1.0072
-0.79888
-0.58239
-0.47456
-0.7267
-1.3757
-1.2446
-0.57818
-0.060344
0.62589
1.3828
0.97984
0.21617
-0.37007
-0.88154
-1.09
-0.9666
-1.0366
-1.2777
-1.0847
-0.65772
-0.29435
0.0068889
0.18846
0.17837
0.043788
-0.0091755
0.24467
0.93476
1.3924
0.72067
0.014343
-0.6143
-1.1218
-1.0273
-0.7796
-1.0029
-1.3738
-1.0114
-0.47605
-0.010107
0.56273
1.1455
1.0539
0.64879
0.69614
1.2717
1.3032
0.62842
0.043044
-0.6879
-1.3902
-0.91492
-0.19404
0.31073
0.70234
0.97035
1.1046
1.1827
1.1681
0.98241
0.71259
0.46785
0.39641
0.75551
1.4567
1.1304
0.40459
-0.24393
-1.1595
-1.3418
-0.44857
0.3737
1.2109
1.1594
0.47795
0.13538
0.23981
0.8529
1.4224
0.81572
0.062532
-0.65028
-1.2369
-0.97884
-0.55964
-0.67132
-1.3081
-1.2713
-0.54434
0.1018
0.94716
1.4096
0.65826
-0.074082
-0.72599
-1.1667
-0.96556
-0.76682
-1.0782
-1.3716
-0.91036
-0.38493
0.10195
0.72658
1.2261
0.93354
0.55707
0.71022
1.3466
1.2308
0.51521
-0.11537
-0.9552
-1.4035
-0.65403
0.069708
0.70775
1.1499
0.98117
0.79489
1.0948
1.3563
0.90569
0.39911
-0.063838
-0.63826
-1.1547
-1.005
-0.6749
-0.8377
-1.3748
-1.1522
-0.5243
0.012692
0.71279
1.3429
0.90953
0.29186
0.012811
0.096883
0.57506
1.2342
1.074
0.45934
0.14804
0.26143
0.89793
1.4453
0.77544
-0.0099261
-0.82575
-1.3519
-0.79673
-0.25354
-0.12239
-0.46843
-1.2331
-1.2341
-0.43531
0.26889
0.99624
1.2151
0.73127
0.52865
0.94156
1.4635
0.92379
0.2393
-0.47174
-1.3375
-1.1086
-0.2787
0.39607
1.0179
1.1313
0.80344
0.84021
1.3022
1.2153
0.63699
0.14511
-0.41723
-1.0921
-1.1555
-0.64636
-0.47556
-0.91225
-1.4779
-0.92738
-0.21181
0.5436
1.4071
1.0292
0.17203
-0.58115
-1.2309
-1.022
-0.55892
-0.60721
-1.2321
-1.3429
-0.60979
0.055447
0.89995
1.4318
0.69551
-0.064121
-0.75441
-1.2064
-0.93126
-0.6829
-0.9956
-1.4132
-0.95883
-0.3701
0.18365
0.92832
1.3129
0.72981
0.23875
0.15595
0.57032
1.3433
1.1312
0.30842
-0.44531
-1.221
-1.117
-0.48918
-0.23612
-0.51357
-1.2858
-1.2594
-0.41623
0.38293
1.293
1.1613
0.32796
-0.31798
-0.88797
-1.1217
-0.92858
-0.95214
-1.2805
-1.1623
-0.68352
-0.27209
0.11852
0.51823
0.85517
1.015
1.0815
1.1987
1.1669
0.90194
0.6002
0.36364
0.33397
0.77179
1.4941
1.0463
0.2705
-0.50626
-1.4419
-1.0569
-0.1164
0.80537
1.4299
0.76197
0.051127
-0.45462
-0.8486
-1.0504
-1.0958
-1.1749
-1.164
-0.92204
-0.61327
-0.3689
-0.3398
-0.78434
-1.4978
-1.0335
-0.26197
0.51581
1.4461
1.0474
0.1096
-0.81036
-1.427
-0.75922
-0.055272
0.43692
0.816
1.0368
1.1192
1.184
1.143
0.91536
0.6276
0.40074
0.40564
0.90279
1.5121
0.94078
0.23173
-0.5061
-1.4189
-1.0708
-0.15505
0.71821
1.3938
0.85927
0.20121
-0.13516
-0.21397
-0.15961
-0.23723
-0.77272
-1.5152
-0.96234
-0.12277
0.79085
1.5262
0.74933
-0.175
-1.1438
-1.3001
-0.46456
0.18791
0.71958
1.0597
1.0302
1.0162
1.2242
1.1634
0.77884
0.41503
0.13057
0.0045295
0.19571
0.82721
1.3985
0.82801
0.11475
-0.47701
-0.9996
-1.0854
-0.88095
-1.0125
-1.3246
-1.0611
-0.57953
-0.17616
0.23313
0.66183
0.97458
1.0226
1.0496
1.2202
1.1598
0.8229
0.49203
0.2424
0.1925
0.57868
1.393
1.1794
0.30981
-0.54436
-1.4585
-0.9928
-0.076228
0.7946
1.372
0.8072
0.2329
0.057348
0.31027
0.99386
1.3354
0.67606
0.059322
-0.38913
-0.73792
-0.97967
-1.1337
-1.2073
-1.1293
-0.91968
-0.66607
-0.45596
-0.46762
-0.96016
-1.4991
-0.92958
-0.28463
0.35863
1.2574
1.2365
0.36253
-0.40525
-1.1602
-1.1415
-0.58258
-0.42928
-0.89591
-1.4814
-0.90558
-0.15528
0.65779
1.4581
0.90713
0.060637
-0.71249
-1.2813
-0.92075
-0.49163
-0.61297
-1.2844
-1.2976
-0.53303
0.16267
1.0627
1.3773
0.5408
-0.22063
-0.95946
-1.226
-0.76601
-0.56491
-0.97921
-1.4523
-0.90134
-0.24147
0.44526
1.2983
1.1384
0.33423
-0.28623
-0.8316
-1.1029
-0.96809
-0.98018
-1.2624
-1.1584
-0.71499
-0.32616
0.013919
0.2923
0.46237
0.6167
1.0049
1.4085
1.0843
0.68143
0.44438
0.2434
0.15673
0.42581
1.2125
1.3671
0.50161
-0.32573
-1.3153
-1.2102
-0.26801
0.59004
1.3457
0.97592
0.32329
0.05006
0.18523
0.7601
1.3505
0.90112
0.24715
-0.17262
-0.41734
-0.5838
-0.90937
-1.3645
-1.1917
-0.77641
-0.53996
-0.36167
-0.29277
-0.59265
-1.3627
-1.2695
-0.45905
0.2677
1.242
1.3065
0.35068
-0.55219
-1.4054
-0.98119
-0.18389
0.40234
0.8885
1.0816
0.99676
1.0886
1.2591
1.0264
0.63033
0.29646
0.06081
0.046152
0.42048
1.1878
1.2557
0.47663
-0.19096
-0.83443
-1.1793
-0.89627
-0.75148
-1.1335
-1.3614
-0.83613
-0.31116
0.20834
0.89143
1.2594
0.79282
0.43469
0.62538
1.3308
1.2569
0.47343
-0.24489
-1.1775
-1.3137
-0.4276
0.35979
1.138
1.1698
0.59311
0.39666
0.81141
1.4714
0.98655
0.21136
-0.5942
-1.4418
-0.96623
-0.10572
0.66937
1.2765
0.95135
0.49576
0.57479
1.232
1.3447
0.58266
-0.11753
-1.01
-1.4064
-0.5866
0.18693
0.93681
1.2408
0.77522
0.53762
0.91505
1.4579
0.95923
0.27426
-0.41794
-1.2902
-1.1619
-0.33752
0.32083
0.923
1.1399
0.8811
0.88251
1.2765
1.2143
0.68848
0.23603
-0.23101
-0.79193
-1.1417
-0.92292
-0.77513
-1.1188
-1.3613
-0.87842
-0.37534
0.094735
0.69902
1.203
0.95827
0.6
0.76462
1.3677
1.1924
0.50948
-0.08583
-0.88087
-1.399
-0.73425
-0.049629
0.46496
0.87972
1.0565
1.0534
1.1576
1.2038
0.94577
0.60558
0.32939
0.22501
0.52027
1.3152
1.2932
0.43504
-0.37332
-1.3629
-1.1732
-0.21339
0.69461
1.4208
0.8618
0.14094
-0.32932
-0.66491
-0.92917
-1.16
-1.2344
-1.095
-0.89669
-0.68266
-0.50274
-0.5517
-1.0712
-1.4648
-0.86982
-0.30747
0.24726
1.0648
1.3281
0.57462
-0.067776
-0.5834
-0.97713
-1.0562
-1.0232
-1.1812
-1.2031
-0.87865
-0.51978
-0.2374
-0.11914
-0.36502
-1.126
-1.3977
-0.55978
0.25915
1.2073
1.2652
0.40182
-0.30796
-0.96327
-1.1651
-0.82418
-0.78528
-1.2416
-1.2878
-0.70616
-0.19382
0.36963
1.0748
1.1918
0.64248
0.38532
0.70475
1.4249
1.1214
0.32874
-0.44165
-1.3682
-1.1186
-0.22209
0.5776
1.2809
1.0091
0.45622
0.37212
0.89726
1.4846
0.8597
0.077201
-0.79305
-1.4706
-0.77203
0.048536
0.81706
1.2755
0.85023
0.50254
0.74384
1.4028
1.1434
0.40458
-0.2823
-1.1836
-1.2837
-0.43654
0.28194
0.96656
1.1855
0.7966
0.70044
1.1667
1.3627
0.76204
0.19966
-0.41656
-1.1894
-1.1698
-0.4943
-0.09617
-0.071698
-0.47205
-1.1955
-1.1875
-0.48197
0.036378
0.36554
0.57434
0.82648
1.2394
1.2982
0.93938
0.69426
0.52997
0.44353
0.66285
1.3169
1.3171
0.6374
0.11381
-0.54538
-1.3528
-1.0585
-0.26618
0.35921
0.92464
1.1185
0.90332
0.94769
1.2952
1.1531
0.66035
0.24226
-0.17077
-0.61941
-0.97595
-1.0238
-0.99849
-1.1892
-1.2222
-0.88218
-0.51962
-0.22824
-0.070421
-0.2205
-0.86043
-1.4596
-0.80416
0.0019062
0.84249
1.3713
0.7698
0.18399
-0.053015
0.042081
0.44038
0.99866
1.1268
0.76165
0.68861
1.1613
1.3776
0.78138
0.22953
-0.36522
-1.1474
-1.2143
-0.52911
-0.084673
0.018528
-0.237
-0.83009
-1.2666
-0.84736
-0.40618
-0.43208
-1.0542
-1.4603
-0.71778
0.038249
0.94946
1.454
0.62515
-0.20867
-1.0495
-1.2639
-0.62956
-0.26155
-0.41003
-1.1216
-1.3929
-0.58829
0.19981
1.1226
1.3168
0.49074
-0.19003
-0.78354
-1.1262
-0.96714
-0.90051
-1.2183
-1.2487
-0.7824
-0.34947
0.047789
0.46855
0.85194
1.0222
1.0294
1.1527
1.227
0.97611
0.63558
0.35246
0.21077
0.42019
1.1676
1.4137
0.57402
-0.22649
-1.2225
-1.3158
-0.35907
0.53198
1.3713
1.0075
0.25379
-0.22419
-0.53059
-0.7751
-1.0978
-1.308
-1.1062
-0.8582
-0.68129
-0.53371
-0.57013
-1.0407
-1.4619
-0.93285
-0.40038
0.066753
0.7521
1.3442
0.88059
0.27453
0.0007451
0.080391
0.53947
1.1935
1.1021
0.51433
0.23958
0.45827
1.2139
1.3403
0.50097
-0.29951
-1.2468
-1.2373
-0.3605
0.37351
1.064
1.153
0.72277
0.68424
1.2093
1.343
0.6954
0.11166
-0.57501
-1.3306
-1.0252
-0.31357
0.13275
0.37241
0.5126
0.81113
1.3464
1.2543
0.76103
0.46483
0.22085
-0.0075083
-0.09573
0.083907
0.56502
1.1451
1.0648
0.61423
0.56789
1.114
1.427
0.75462
0.10863
-0.64634
-1.4256
-0.93864
-0.13091
0.55625
1.1445
1.0534
0.70998
0.85757
1.3683
1.1383
0.52277
-0.0076547
-0.68724
-1.3128
-0.9388
-0.36072
-0.17347
-0.48338
-1.2628
-1.2572
-0.41841
0.36563
1.2311
1.1769
0.42513
-0.06331
-0.307
-0.40824
-0.61843
-1.1993
-1.4073
-0.81753
-0.38091
0.012369
0.58831
1.206
1.0384
0.53969
0.46953
1.0087
1.4724
0.80526
0.086776
-0.74015
-1.4737
-0.83019
0.0098819
0.80754
1.3063
0.83804
0.41411
0.53846
1.2342
1.3404
0.54548
-0.19617
-1.1302
-1.3453
-0.46974
0.31159
1.0811
1.1965
0.65154
0.45899
0.88849
1.4749
0.93592
0.20209
-0.57288
-1.4213
-0.99625
-0.14641
0.59936
1.2275
1.012
0.57542
0.66288
1.2897
1.2876
0.56466
-0.078875
-0.91249
-1.4163
-0.69127
0.039263
0.67232
1.134
1.0023
0.80796
1.0834
1.3536
0.92693
0.42512
-0.024318
-0.5671
-1.0941
-1.049
-0.74274
-0.875
-1.3569
-1.1509
-0.56604
-0.07559
0.52583
1.1975
1.0814
0.53574
0.38449
0.83013
1.4831
0.96096
0.18432
-0.63784
-1.4652
-0.92051
-0.051936
0.76049
1.3218
0.86523
0.3855
0.419
1.0554
1.4459
0.6929
-0.077886
-0.99665
-1.4174
-0.58818
0.19747
0.95767
1.2409
0.75562
0.51807
0.89818
1.4612
0.96568
0.26671
-0.44253
-1.3195
-1.1355
-0.29977
0.3816
1.0134
1.1385
0.79972
0.81931
1.2891
1.237
0.65103
0.14968
-0.42296
-1.1139
-1.1553
-0.61633
-0.4149
-0.80965
-1.4708
-1.0095
-0.24682
0.53225
1.418
1.0313
0.15202
-0.64242
-1.294
-0.96192
-0.44804
-0.43226
-1.0301
-1.4593
-0.73811
0.01811
0.91242
1.4517
0.66435
-0.14212
-0.92417
-1.2684
-0.76505
-0.45803
-0.75196
-1.4266
-1.1038
-0.34729
0.37932
1.2944
1.1891
0.31784
-0.42474
-1.1287
-1.1282
-0.6512
-0.60582
-1.159
-1.39
-0.70919
-0.071459
0.68997
1.4182
0.90087
0.1346
-0.47486
-0.99895
-1.0878
-0.89206
-1.0276
-1.3197
-1.0458
-0.57261
-0.17556
0.21836
0.61324
0.91397
1.0311
1.1071
1.2164
1.1157
0.82482
0.53176
0.3276
0.3869
0.96586
1.5143
0.83655
0.098142
-0.75048
-1.5156
-0.80915
0.099827
1.0474
1.3516
0.55667
-0.088635
-0.56807
-0.92577
-1.068
-1.1061
-1.1924
-1.1243
-0.84414
-0.53923
-0.32685
-0.38361
-0.96252
-1.5144
-0.83629
-0.093427
0.76135
1.5163
0.79753
-0.11099
-1.0598
-1.3448
-0.54601
0.096387
0.57524
0.93105
1.0686
1.1057
1.1933
1.1225
0.83966
0.53433
0.32311
0.38313
0.96667
1.5137
0.83004
0.085542
-0.77507
-1.5168
-0.78364
0.12428
1.075
1.3367
0.53244
-0.10852
-0.59119
-0.94662
-1.0687
-1.0977
-1.1953
-1.1258
-0.83317
-0.52219
-0.30658
-0.35737
-0.92853
-1.519
-0.85424
-0.089181
0.78511
1.5194
0.76974
-0.14205
-1.0992
-1.3253
-0.50853
0.13758
0.64109
0.99778
1.0601
1.0616
1.2042
1.1462
0.81585
0.48087
0.23821
0.22366
0.67937
1.465
1.0642
0.21078
-0.66742
-1.5008
-0.87174
0.034505
0.93322
1.3611
0.68313
0.12378
-0.091671
-0.0018906
0.32142
0.75161
1.0275
0.97438
0.98341
1.2392
1.197
0.79723
0.43171
0.12922
-0.0695
-0.043353
0.28301
0.87142
1.2146
0.82849
0.52839
0.78325
1.417
1.1287
0.4224
-0.21963
-1.0928
-1.3417
-0.52749
0.18484
0.84707
1.1871
0.88797
0.74657
1.139
1.36
0.82393
0.29406
-0.23823
-0.93726
-1.2577
-0.75137
-0.39749
-0.58791
-1.3082
-1.2794
-0.47782
0.26402
1.2103
1.2914
0.39185
-0.40693
-1.1884
-1.1371
-0.54014
-0.3432
-0.74181
-1.4538
-1.0363
-0.23031
0.59103
1.4411
0.96415
0.10641
-0.65749
-1.2601
-0.96554
-0.53095
-0.63851
-1.2903
-1.2901
-0.5444
0.12706
0.99957
1.3992
0.60432
-0.14203
-0.83985
-1.2154
-0.87282
-0.66705
-1.0402
-1.415
-0.89621
-0.30681
0.27803
1.0595
1.2738
0.60777
0.12948
0.0039747
0.25877
0.88895
1.305
0.78482
0.27029
0.12447
0.44207
1.2145
1.2757
0.45732
-0.29096
-1.0954
-1.226
-0.59807
-0.2639
-0.45118
-1.1886
-1.3532
-0.52729
0.26326
1.1983
1.269
0.41483
-0.28664
-0.93201
-1.165
-0.85057
-0.80406
-1.2383
-1.2824
-0.71951
-0.22167
0.31051
0.98304
1.2099
0.7355
0.49571
0.8511
1.4604
1.0167
0.3044
-0.39798
-1.296
-1.1791
-0.32128
0.40141
1.087
1.1402
0.70157
0.67238
1.2104
1.3459
0.68723
0.093885
-0.6127
-1.359
-0.98694
-0.26389
0.21654
0.54449
0.79798
1.0837
1.2793
1.1375
0.90889
0.71907
0.54708
0.53676
0.94919
1.4692
1.0155
0.44352
-0.032656
-0.71991
-1.3593
-0.90389
-0.24992
0.12072
0.25212
0.24315
0.35693
0.93609
1.5295
0.87151
0.13698
-0.68554
-1.5174
-0.87522
0.054025
1.0257
1.3862
0.5568
-0.16498
-0.79279
-1.1515
-0.9484
-0.84766
-1.1932
-1.291
-0.79952
-0.3332
0.1106
0.63861
1.0856
1.0112
0.80987
1.0405
1.3612
0.99528
0.4949
0.066876
-0.43169
-0.97727
-1.106
-0.82548
-0.8563
-1.2919
-1.225
-0.6755
-0.21318
0.287
0.91353
1.1922
0.81161
0.61924
1.0078
1.438
0.91491
0.30196
-0.30849
-1.1309
-1.2634
-0.52256
0.034785
0.38825
0.62408
0.89187
1.2534
1.2594
0.9524
0.73783
0.57604
0.4964
0.73747
1.3592
1.2612
0.6286
0.16039
-0.41558
-1.1954
-1.1841
-0.47686
-0.0071294
0.19049
0.16824
0.090261
0.23316
0.86852
1.5016
0.81524
-0.027172
-0.97369
-1.4357
-0.5961
0.21224
0.99936
1.2446
0.70877
0.44808
0.7996
1.454
1.0372
0.28491
-0.46514
-1.3628
-1.1029
-0.23605
0.50992
1.1874
1.0733
0.60411
0.61656
1.2118
1.3562
0.64594
0.00018362
-0.80378
-1.4347
-0.79013
-0.034384
0.60511
1.1135
1.0352
0.80183
1.027
1.3636
0.99283
0.47354
0.021278
-0.52022
-1.0813
-1.0768
-0.73196
-0.80163
-1.3155
-1.2302
-0.61809
-0.10261
0.51956
1.2337
1.0852
0.46967
0.20439
0.43394
1.1888
1.3394
0.50775
-0.28539
-1.1978
-1.2449
-0.43077
0.19062
0.69466
1.0297
1.0453
1.0498
1.2187
1.1402
0.78432
0.44225
0.19156
0.15377
0.55144
1.3682
1.181
0.3085
-0.54115
-1.4225
-1.0011
-0.1426
0.5939
1.206
1.021
0.62125
0.7498
1.3464
1.2106
0.524
-0.078899
-0.87102
-1.3951
-0.74473
-0.071462
0.40986
0.78618
1.0173
1.1158
1.1863
1.1504
0.93212
0.64966
0.41837
0.40258
0.86423
1.5057
0.98954
0.27855
-0.4301
-1.3603
-1.1531
-0.23526
0.61863
1.3653
0.94962
0.27906
-0.045652
-0.047117
0.23167
0.69269
1.0623
0.98054
0.85268
1.12
1.3301
0.92857
0.47721
0.090127
-0.32565
-0.75311
-1.0129
-1.0098
-1.0675
-1.2449
-1.1098
-0.74875
-0.4238
-0.18868
-0.17517
-0.61535
-1.4221
-1.1101
-0.24213
0.62677
1.4641
0.91571
0.052455
-0.7323
-1.2887
-0.90362
-0.47872
-0.60957
-1.2883
-1.2933
-0.52274
0.18092
1.0895
1.3634
0.51494
-0.24799
-0.99226
-1.2191
-0.73846
-0.54779
-0.97644
-1.4569
-0.8928
-0.22182
0.48612
1.3379
1.0963
0.28169
-0.36405
-0.94922
-1.1267
-0.87712
-0.91756
-1.2993
-1.171
-0.65371
-0.21513
0.23977
0.77012
1.1083
0.94891
0.84863
1.1732
1.3087
0.84605
0.39254
-0.020597
-0.49682
-0.96261
-1.0606
-0.89905
-1.0313
-1.3159
-1.0632
-0.60791
-0.23064
0.12645
0.45453
0.71143
0.93751
1.1882
1.2478
1.0445
0.82131
0.61645
0.47718
0.6204
1.2278
1.3868
0.7268
0.20032
-0.40001
-1.2295
-1.2003
-0.41841
0.18315
0.68287
1.0227
1.0424
1.0424
1.2165
1.1529
0.79797
0.45261
0.19432
0.13557
0.49255
1.307
1.2475
0.37555
-0.45884
-1.369
-1.0821
-0.22695
0.47299
1.0963
1.0994
0.74297
0.83067
1.3344
1.1886
0.57821
0.057461
-0.5824
-1.2591
-1.0322
-0.44945
-0.25587
-0.60444
-1.3804
-1.159
-0.31511
0.50572
1.3944
1.0432
0.19068
-0.5227
-1.1469
-1.0709
-0.68911
-0.79326
-1.3405
-1.2003
-0.55513
0.0012834
0.71162
1.3512
0.90686
0.27458
-0.035205
-0.024946
0.29029
0.8254
1.1569
0.88475
0.68976
1.0256
1.4135
0.94699
0.38556
-0.1346
-0.84254
-1.3132
-0.81052
-0.31548
-0.25839
-0.75805
-1.4648
-0.95729
-0.13166
0.72772
1.4421
0.83822
0.065956
-0.55811
-1.0647
-1.0609
-0.85967
-1.0559
-1.3347
-0.989
-0.50651
-0.094819
0.34693
0.8114
1.0552
0.97121
1.0123
1.2637
1.143
0.7305
0.37039
0.073421
-0.10414
-0.050548
0.27084
0.79169
1.1382
0.91373
0.73726
1.0642
1.3908
0.93008
0.40261
-0.079108
-0.71382
-1.2483
-0.93669
-0.50272
-0.5718
-1.2181
-1.3632
-0.61138
0.074791
0.94955
1.435
0.64115
-0.15051
-0.92224
-1.2625
-0.77104
-0.47677
-0.78735
-1.4391
-1.0729
-0.33227
0.38478
1.2915
1.1866
0.32389
-0.40394
-1.0939
-1.1392
-0.69322
-0.66082
-1.2021
-1.3538
-0.69061
-0.089533
0.6271
1.3715
0.97122
0.2397
-0.26425
-0.64169
-0.91807
-1.1064
-1.2065
-1.1582
-0.97623
-0.73558
-0.50803
-0.44572
-0.80999
-1.4633
-1.1056
-0.42961
0.15325
0.99644
1.4069
0.61492
-0.14936
-0.8931
-1.2493
-0.80642
-0.53926
-0.8797
-1.4512
-1.0034
-0.31326
0.36374
1.2416
1.2136
0.38982
-0.27189
-0.87421
-1.1427
-0.90937
-0.87833
-1.2517
-1.2369
-0.72668
-0.27746
0.16812
0.69451
1.0943
0.98519
0.83255
1.1087
1.3404
0.92315
0.45121
0.037971
-0.43448
-0.92739
-1.0799
-0.89689
-0.97356
-1.3047
-1.1341
-0.65982
-0.26403
0.11738
0.50695
0.83526
1.0074
1.0952
1.2042
1.1545
0.89832
0.60878
0.38264
0.3735
0.84498
1.5096
0.98676
0.24867
-0.50496
-1.4291
-1.0665
-0.13826
0.75965
1.4156
0.81211
0.12498
-0.30079
-0.5757
-0.82518
-1.1702
-1.2998
-1.039
-0.80622
-0.63633
-0.51269
-0.63182
-1.1934
-1.4027
-0.79051
-0.29964
0.19953
0.94036
1.3261
0.71376
0.17557
-0.028236
0.11611
0.61479
1.2108
1.0323
0.51515
0.38949
0.85392
1.4901
0.93941
0.1697
-0.65576
-1.4743
-0.90285
-0.029011
0.80388
1.3388
0.82071
0.32241
0.30714
0.87327
1.4756
0.8396
0.034718
-0.84511
-1.4354
-0.7338
0.0093836
0.62421
1.0912
1.0338
0.86426
1.1049
1.3229
0.92813
0.46072
0.054876
-0.38102
-0.82168
-1.0413
-0.98569
-1.0602
-1.2642
-1.0912
-0.70199
-0.3664
-0.11221
-0.046687
-0.35227
-1.1096
-1.3414
-0.55382
0.17942
0.93685
1.2595
0.75638
0.45159
0.7407
1.4226
1.1159
0.3556
-0.37134
-1.2909
-1.1968
-0.32
0.4329
1.1484
1.123
0.6237
0.56051
1.1107
1.4208
0.73765
0.071212
-0.7161
-1.4398
-0.86814
-0.078167
0.59767
1.1496
1.0318
0.72835
0.92544
1.3852
1.0695
0.48384
-0.026717
-0.68255
-1.278
-0.95183
-0.4356
-0.36762
-0.89748
-1.4905
-0.86176
-0.077947
0.79799
1.4798
0.76398
-0.074924
-0.88466
-1.3012
-0.77656
-0.38611
-0.55414
-1.2721
-1.3045
-0.49673
0.25757
1.2011
1.2907
0.40286
-0.37254
-1.1267
-1.1604
-0.62131
-0.47874
-0.96194
-1.4724
-0.86042
-0.14313
0.64897
1.4452
0.92285
0.090185
-0.65011
-1.237
-0.97877
-0.57722
-0.72189
-1.3476
-1.2181
-0.50645
0.12583
0.9625
1.3915
0.65138
-0.047866
-0.63437
-1.0732
-1.0328
-0.90084
-1.1392
-1.294
-0.9008
-0.46173
-0.085048
0.28025
0.60509
0.85072
1.0553
1.2218
1.1864
0.98136
0.74948
0.53198
0.44877
0.75578
1.4222
1.1837
0.50395
-0.04864
-0.82681
-1.4387
-0.77749
-0.0089623
0.68048
1.1965
0.9757
0.67452
0.91863
1.408
1.0449
0.43232
-0.11884
-0.8564
-1.3388
-0.78578
-0.23796
-0.060389
-0.30425
-0.99444
-1.3528
-0.67251
-0.017787
0.52289
0.97095
1.063
0.96397
1.1222
1.2698
0.96143
0.55751
0.22365
-0.025704
-0.08864
0.13026
0.6344
1.1619
1.0119
0.61974
0.68596
1.2773
1.3051
0.62058
0.029366
-0.71783
-1.4079
-0.88311
-0.14723
0.40681
0.8722
1.0693
1.0098
1.1029
1.2495
1.0185
0.63789
0.31679
0.10719
0.15835
0.67699
1.4379
1.0063
0.16331
-0.6747
-1.399
-0.89898
-0.18957
0.25684
0.54351
0.78384
1.121
1.314
1.0799
0.83018
0.6565
0.51964
0.58857
1.1002
1.4473
0.87455
0.35804
-0.12271
-0.83722
-1.3489
-0.80328
-0.21962
0.038628
-0.032539
-0.42967
-1.0258
-1.1529
-0.71447
-0.55667
-0.98925
-1.4601
-0.89985
-0.25034
0.42362
1.2874
1.1621
0.34287
-0.31024
-0.90674
-1.1379
-0.8939
-0.89096
-1.2723
-1.213
-0.69697
-0.25138
0.19976
0.73247
1.1072
0.96543
0.82929
1.1319
1.3346
0.89133
0.42165
0.0016612
-0.48962
-0.98617
-1.0726
-0.85767
-0.96954
-1.328
-1.1124
-0.61519
-0.20337
0.22497
0.70769
1.048
0.99327
0.94097
1.1999
1.2479
0.84445
0.44773
0.11193
-0.16616
-0.31696
-0.35626
-0.51738
-1.1061
-1.4695
-0.82905
-0.27667
0.28646
1.1273
1.308
0.50909
-0.17281
-0.79647
-1.1559
-0.93669
-0.81861
-1.1725
-1.3168
-0.81869
-0.33626
0.12605
0.69828
1.1548
0.96973
0.7056
0.95044
1.4018
1.0384
0.45971
-0.048148
-0.71699
-1.2962
-0.92056
-0.39604
-0.30951
-0.80168
-1.4814
-0.93943
-0.12681
0.74215
1.4716
0.8159
-0.01285
-0.77546
-1.2707
-0.88346
-0.52385
-0.74702
-1.3952
-1.1532
-0.42424
0.24584
1.1335
1.3152
0.48765
-0.21881
-0.87688
-1.1819
-0.87282
-0.76036
-1.1713
-1.3402
-0.79017
-0.2697
0.26477
0.96032
1.2435
0.73711
0.41511
0.65462
1.371
1.2067
0.41867
-0.31616
-1.2562
-1.2465
-0.34938
0.4406
1.2017
1.1142
0.5371
0.38174
0.83743
1.48
0.94281
0.16283
-0.669
-1.464
-0.89086
-0.043295
0.73412
1.2858
0.90379
0.48298
0.61825
1.296
1.2859
0.51781
-0.18217
-1.0887
-1.363
-0.5165
0.24423
0.98522
1.2193
0.7458
0.55706
0.98625
1.4539
0.88752
0.22335
-0.47748
-1.3272
-1.106
-0.29717
0.33546
0.90262
1.1204
0.91742
0.9484
1.2862
1.1608
0.6756
0.26098
-0.13952
-0.56205
-0.91335
-1.0268
-1.0428
-1.1903
-1.1957
-0.89872
-0.56625
-0.3039
-0.21835
-0.54418
-1.3488
-1.254
-0.39216
0.42948
1.4053
1.1135
0.16046
-0.74919
-1.419
-0.8173
-0.12337
0.31078
0.59819
0.85397
1.1761
1.2827
1.0464
0.8265
0.65092
0.51868
0.63061
1.1875
1.4054
0.79553
0.30246
-0.19679
-0.93711
-1.3272
-0.71654
-0.17705
0.027976
-0.11518
-0.61298
-1.2101
-1.0339
-0.51575
-0.38787
-0.84946
-1.4896
-0.9438
-0.17287
0.65195
1.4735
0.90645
0.031858
-0.80099
-1.3391
-0.82292
-0.323
-0.3054
-0.86884
-1.4756
-0.84403
-0.038588
0.84003
1.4358
0.73847
-0.0050848
-0.61831
-1.0868
-1.0368
-0.86807
-1.1044
-1.3213
-0.93076
-0.46531
-0.062412
0.36574
0.79654
1.029
1.0003
1.0732
1.2548
1.0874
0.71448
0.38877
0.15372
0.13908
0.56373
1.3757
1.1504
0.28384
-0.55684
-1.4008
-0.9935
-0.18692
0.43635
0.97267
1.099
0.90614
1.0169
1.3114
1.0664
0.59595
0.20096
-0.18062
-0.55159
-0.84549
-1.0174
-1.1421
-1.216
-1.0937
-0.83876
-0.57504
-0.39367
-0.49307
-1.1069
-1.4666
-0.76067
-0.11419
0.64912
1.4681
0.93057
0.053601
-0.79679
-1.3638
-0.81175
-0.25004
-0.098535
-0.40769
-1.1503
-1.2845
-0.52084
0.14881
0.79288
1.1803
0.91923
0.74015
1.0923
1.3793
0.8808
0.34486
-0.16981
-0.84944
-1.2705
-0.82356
-0.4295
-0.56533
-1.2599
-1.3275
-0.53998
0.18372
1.1132
1.3627
0.4848
-0.31364
-1.111
-1.1991
-0.60573
-0.36005
-0.70784
-1.4314
-1.092
-0.2878
0.50933
1.4051
1.0466
0.17174
-0.59912
-1.2524
-1.0045
-0.52536
-0.55943
-1.1887
-1.3773
-0.63263
0.060083
0.92829
1.4353
0.66222
-0.11722
-0.85715
-1.2488
-0.83697
-0.56475
-0.89602
-1.4459
-1.0003
-0.32654
0.32832
1.1917
1.2465
0.44656
-0.18536
-0.7228
-1.0684
-1.0166
-0.98619
-1.2216
-1.1925
-0.792
-0.41177
-0.099999
0.10071
0.083545
-0.19029
-0.65905
-1.0689
-0.99598
-0.8174
-1.0549
-1.3576
-0.98998
-0.5039
-0.091865
0.37689
0.89493
1.0999
0.89439
0.90968
1.2756
1.2086
0.7139
0.29176
-0.1205
-0.58724
-0.98664
-1.0303
-0.94454
-1.1391
-1.2775
-0.94204
-0.54011
-0.20801
0.053383
0.15287
0.022297
-0.28353
-0.64459
-0.91431
-1.0186
-1.1152
-1.2275
-1.099
-0.80257
-0.51751
-0.32483
-0.40614
-1.013
-1.5038
-0.79346
-0.06555
0.79402
1.5143
0.76824
-0.13465
-1.0822
-1.3302
-0.5282
0.10423
0.57233
0.9198
1.0696
1.1209
1.193
1.1072
0.8334
0.53877
0.34183
0.43415
1.0561
1.489
0.76342
0.054236
-0.7972
-1.5093
-0.76902
0.12545
1.0598
1.3341
0.55508
-0.054008
-0.46028
-0.75704
-1.0142
-1.2216
-1.2019
-1.0164
-0.8148
-0.60618
-0.48581
-0.69747
-1.3318
-1.2937
-0.6337
-0.12837
0.50284
1.3023
1.1027
0.34182
-0.2104
-0.6451
-0.95305
-1.0735
-1.138
-1.1984
-1.0651
-0.77877
-0.49643
-0.33479
-0.50865
-1.2086
-1.4068
-0.62581
0.066098
0.96643
1.4701
0.6124
-0.26491
-1.1905
-1.2374
-0.44568
0.1106
0.47024
0.7309
1.0152
1.273
1.1854
0.94329
0.75346
0.57894
0.52001
0.83556
1.4295
1.1474
0.54382
0.084614
-0.52809
-1.2719
-1.0832
-0.40061
-0.0029951
0.088135
-0.11026
-0.52563
-0.9746
-1.0482
-0.86696
-0.99943
-1.3284
-1.0911
-0.61594
-0.22562
0.16529
0.57663
0.91027
1.0251
1.0635
1.2027
1.1715
0.87583
0.55745
0.3129
0.27127
0.68523
1.4625
1.1041
0.2764
-0.5499
-1.4758
-0.99686
-0.052413
0.88902
1.4198
0.6862
-0.012557
-0.53253
-0.93355
-1.0663
-1.0554
-1.1751
-1.1852
-0.89461
-0.554
-0.28994
-0.22152
-0.58553
-1.3928
-1.1967
-0.33663
0.49926
1.4471
1.0412
0.099256
-0.81177
-1.4102
-0.76753
-0.10622
0.28368
0.50961
0.7337
1.1509
1.3568
1.0015
0.7096
0.53379
0.41541
0.53792
1.1414
1.4486
0.7729
0.19015
-0.46587
-1.3335
-1.1329
-0.28307
0.44577
1.1375
1.1163
0.64659
0.61727
1.179
1.3772
0.69184
0.059477
-0.70359
-1.4186
-0.88896
-0.1293
0.47128
0.98549
1.0866
0.90927
1.0433
1.3109
1.0362
0.57709
0.19246
-0.17203
-0.50509
-0.76521
-0.98479
-1.199
-1.2259
-1.0327
-0.80851
-0.5926
-0.46016
-0.64102
-1.2809
-1.3469
-0.66516
-0.12863
0.53094
1.3484
1.0713
0.27167
-0.36509
-0.94563
-1.1248
-0.87986
-0.92041
-1.2986
-1.1702
-0.65589
-0.21998
0.2295
0.75083
1.0968
0.9618
0.86482
1.1742
1.3008
0.85222
0.4084
0.010755
-0.42744
-0.8595
-1.0434
-0.979
-1.08
-1.2702
-1.0562
-0.66577
-0.33583
-0.090621
-0.045676
-0.38023
-1.1461
-1.3072
-0.51772
0.19395
0.91524
1.2345
0.7955
0.55617
0.92373
1.454
0.96382
0.29266
-0.37702
-1.2442
-1.203
-0.39139
0.24778
0.81337
1.1132
0.96378
0.94249
1.2478
1.2006
0.74356
0.33497
-0.033698
-0.38447
-0.67447
-0.89988
-1.1248
-1.2503
-1.1181
-0.89341
-0.67294
-0.48949
-0.51575
-1.0075
-1.4836
-0.91894
-0.32649
0.2408
1.0764
1.3386
0.55552
-0.12898
-0.73914
-1.1344
-0.97443
-0.84505
-1.1591
-1.3116
-0.84866
-0.381
0.048015
0.54733
1.0176
1.0505
0.8575
1.0221
1.3377
1.0474
0.56647
0.16641
-0.25155
-0.70221
-1.0136
-1.0074
-1.0111
-1.2251
-1.1842
-0.81277
-0.45813
-0.17669
-0.043221
-0.23275
-0.89889
-1.4344
-0.75989
0.012425
0.78616
1.3086
0.85371
0.39791
0.46085
1.1214
1.4177
0.64178
-0.11578
-1.0427
-1.4005
-0.54588
0.24853
1.0325
1.2302
0.68231
0.43707
0.80441
1.4593
1.024
0.26734
-0.49511
-1.3855
-1.0713
-0.20404
0.55068
1.2179
1.0434
0.57008
0.59568
1.2082
1.3614
0.63487
-0.030056
-0.86408
-1.4389
-0.72851
0.036781
0.72454
1.1998
0.95114
0.68921
0.98003
1.4105
0.98108
0.39198
-0.15274
-0.8828
-1.3177
-0.77126
-0.27364
-0.19694
-0.64368
-1.4046
-1.0636
-0.23108
0.57415
1.3543
0.99576
0.28469
-0.12974
-0.31001
-0.3773
-0.62225
-1.2745
-1.3661
-0.70261
-0.21469
0.34208
1.1549
1.2552
0.49848
-0.090407
-0.53338
-0.86999
-1.053
-1.14
-1.1959
-1.0992
-0.84793
-0.57116
-0.38285
-0.48389
-1.1055
-1.4675
-0.75099
-0.090214
0.70055
1.4869
0.87511
-0.0044284
-0.8811
-1.3688
-0.7316
-0.1637
0.044898
-0.089666
-0.54131
-1.1083
-1.0796
-0.6587
-0.62522
-1.1643
-1.3929
-0.73433
-0.13008
0.57443
1.3675
1.0192
0.24476
-0.3403
-0.84452
-1.0818
-0.9903
-1.0467
-1.2635
-1.0886
-0.68024
-0.32782
-0.053242
0.057305
-0.12605
-0.66922
-1.2733
-0.98324
-0.41267
-0.20289
-0.49044
-1.2711
-1.2739
-0.42484
0.38011
1.2923
1.1622
0.32865
-0.31581
-0.88277
-1.1198
-0.93375
-0.95766
-1.2792
-1.1591
-0.68508
-0.27727
0.10578
0.48796
0.80927
0.99677
1.1092
1.2096
1.1423
0.89687
0.62094
0.4051
0.41391
0.91052
1.5111
0.94069
0.2419
-0.4796
-1.3964
-1.1016
-0.1886
0.67
1.3774
0.9057
0.25147
-0.05522
-0.041267
0.24671
0.70582
1.0592
0.97583
0.86967
1.1454
1.314
0.90371
0.46632
0.089848
-0.30104
-0.68283
-0.94663
-1.0429
-1.1364
-1.2187
-1.0607
-0.76234
-0.48297
-0.31752
-0.47256
-1.1606
-1.4378
-0.65746
0.053322
0.96158
1.4766
0.61281
-0.27478
-1.213
-1.2283
-0.41586
0.17176
0.60636
0.92249
1.0821
1.1584
1.1872
1.0532
0.79037
0.52211
0.37629
0.5825
1.2857
1.3469
0.58816
-0.053868
-0.9112
-1.4717
-0.67479
0.17354
1.0521
1.2955
0.59812
0.12179
0.027859
0.3345
1.0041
1.2789
0.67863
0.19134
0.051497
0.32405
1.0294
1.3354
0.63855
-0.003087
-0.52958
-0.95906
-1.0596
-0.9892
-1.1432
-1.248
-0.94078
-0.55664
-0.24247
-0.042311
-0.10101
-0.58864
-1.3486
-1.0801
-0.28539
0.39963
1.0741
1.143
0.70781
0.66414
1.1926
1.3602
0.7082
0.11504
-0.58103
-1.3461
-1.017
-0.28544
0.20529
0.54324
0.8017
1.0777
1.27
1.1475
0.92555
0.73177
0.55183
0.52486
0.91359
1.4656
1.0493
0.46143
-0.01941
-0.70741
-1.3649
-0.91316
-0.2409
0.16693
0.37556
0.50248
0.82604
1.3818
1.2191
0.70406
0.38982
0.095612
-0.24665
-0.5828
-0.84134
-1.0257
-1.1868
-1.2121
-1.0336
-0.78898
-0.55185
-0.41916
-0.62374
-1.3002
-1.3334
-0.61372
-0.03009
0.7344
1.4584
0.85746
0.034861
-0.73413
-1.2858
-0.90371
-0.47688
-0.59973
-1.277
-1.3054
-0.53436
0.16995
1.0781
1.3719
0.52441
-0.24416
-0.99644
-1.2233
-0.72994
-0.52553
-0.94181
-1.4632
-0.91878
-0.2304
0.48869
1.3499
1.0908
0.26246
-0.41184
-1.0303
-1.1252
-0.79665
-0.8462
-1.3108
-1.2042
-0.6244
-0.13232
0.43617
1.1101
1.1437
0.63046
0.47004
0.91811
1.4795
0.91608
0.19743
-0.56869
-1.4218
-1.0027
-0.14604
0.61551
1.2519
0.9947
0.53078
0.58765
1.2254
1.3496
0.60374
-0.07836
-0.94505
-1.4262
-0.64973
0.11885
0.84317
1.2373
0.85547
0.60324
0.94863
1.4402
0.96332
0.32122
-0.30626
-1.142
-1.264
-0.50666
0.071556
0.4767
0.77826
1.0202
1.2043
1.2029
1.0358
0.82514
0.60284
0.46707
0.65454
1.2954
1.3327
0.65322
0.12077
-0.54026
-1.3503
-1.0625
-0.26975
0.35429
0.91737
1.1177
0.90939
0.95186
1.2929
1.1521
0.66402
0.2493
-0.15577
-0.58765
-0.93968
-1.0274
-1.0279
-1.1914
-1.2033
-0.88915
-0.54603
-0.27473
-0.16808
-0.44392
-1.2344
-1.3455
-0.4793
0.34727
1.3281
1.1894
0.25658
-0.58584
-1.3262
-0.98664
-0.3651
-0.15652
-0.44472
-1.2075
-1.2861
-0.47009
0.28216
1.1007
1.2348
0.58299
0.20996
0.31313
0.96839
1.4431
0.71852
-0.070658
-0.93623
-1.3694
-0.6793
-0.073054
0.26693
0.43323
0.61046
1.0752
1.4293
0.98765
0.58193
0.31948
0.050506
-0.18712
-0.29248
-0.28684
-0.40978
-0.99345
-1.5166
-0.85408
-0.17622
0.57055
1.4577
1.0079
0.092502
-0.80916
-1.4138
-0.76968
-0.094412
0.33036
0.61502
0.87335
1.1897
1.2734
1.0364
0.82193
0.64504
0.51614
0.64445
1.2153
1.3881
0.7693
0.28141
-0.22805
-0.97967
-1.3143
-0.67847
-0.15134
0.047965
-0.086173
-0.54404
-1.1257
-1.0811
-0.63165
-0.56682
-1.0948
-1.435
-0.77863
-0.13541
0.60162
1.4066
0.98403
0.17316
-0.5024
-1.1002
-1.0842
-0.75064
-0.86699
-1.3509
-1.1522
-0.55781
-0.05195
0.57067
1.2308
1.0446
0.49763
0.36198
0.81941
1.4835
0.95716
0.16798
-0.67141
-1.4735
-0.88497
-0.02262
0.78861
1.3182
0.84563
0.38863
0.45867
1.1252
1.4125
0.63223
-0.12926
-1.0584
-1.3885
-0.53299
0.25059
1.0176
1.2244
0.7057
0.48925
0.89407
1.4685
0.95061
0.23476
-0.50693
-1.3762
-1.0673
-0.22162
0.49283
1.1397
1.0881
0.67774
0.73672
1.2997
1.2607
0.59683
0.020768
-0.70382
-1.3724
-0.90625
-0.2293
0.17917
0.39108
0.53104
0.87535
1.3968
1.1816
0.70033
0.41476
0.15675
-0.093062
-0.22677
-0.18769
-0.099771
-0.22696
-0.84385
-1.5043
-0.84387
0.00091735
0.94388
1.4513
0.62053
-0.20195
-1.009
-1.2554
-0.68775
-0.38886
-0.68157
-1.4036
-1.1452
-0.34776
0.42067
1.3451
1.1383
0.25331
-0.51585
-1.2165
-1.0646
-0.55475
-0.52149
-1.104
-1.428
-0.71574
-0.016746
0.82434
1.4578
0.75672
-0.042132
-0.78453
-1.2557
-0.88535
-0.55975
-0.82239
-1.4231
-1.0853
-0.39152
0.25386
1.1175
1.3083
0.5133
-0.1467
-0.71335
-1.0882
-1.0074
-0.9349
-1.2002
-1.2425
-0.82154
-0.41002
-0.055369
0.25775
0.48237
0.65721
0.97892
1.3514
1.1599
0.8056
0.59734
0.44292
0.4367
0.85317
1.4869
1.0523
0.38956
-0.19902
-1.0605
-1.3797
-0.55509
0.21081
0.97225
1.2417
0.73801
0.48638
0.84835
1.4599
1.0051
0.2813
-0.44371
-1.3346
-1.1303
-0.27607
0.44154
1.1095
1.1178
0.69382
0.70677
1.2575
1.3041
0.64297
0.062361
-0.6473
-1.3612
-0.9575
-0.25984
0.1749
0.42046
0.59186
0.93341
1.3765
1.1679
0.76056
0.53086
0.35561
0.29918
0.6279
1.3992
1.2253
0.42126
