-0.13183
0.023346
0.15698
0.26441
0.34678
0.40799
0.45241
0.48373
0.50436
0.51526
0.51593
0.5046
0.47875
0.43604
0.37557
0.29898
0.21077
0.11753
0.026356
-0.05663
-0.12719
-0.18301
-0.22328
-0.24807
-0.25785
-0.25324
-0.23488
-0.20355
-0.1603
-0.10658
-0.044301
0.024207
0.096237
0.16875
0.23828
0.30067
0.3508
0.38257
0.38949
0.36635
0.31148
0.22844
0.12567
0.013962
-0.096901
-0.20045
-0.29409
-0.3783
-0.45548
-0.52868
-0.60045
-0.67138
-0.73798
-0.79003
-0.80889
-0.77091
-0.65933
-0.47958
-0.26201
-0.045519
0.14223
0.29151
0.40557
0.49331
0.56441
0.62723
0.68786
0.74926
0.80951
0.85899
0.87804
0.83956
0.72211
0.52886
0.29298
0.058989
-0.14146
-0.29781
-0.4143
-0.50115
-0.56904
-0.62679
-0.6807
-0.73383
-0.78479
-0.82551
-0.83953
-0.8041
-0.70022
-0.52793
-0.31265
-0.092461
0.10216
0.258
0.376
0.46392
0.53093
0.58504
0.63208
0.67523
0.71422
0.74414
0.75446
0.73002
0.65628
0.5285
0.35845
0.17102
-0.0077234
-0.16081
-0.2826
-0.37532
-0.44464
-0.49669
-0.53652
-0.56748
-0.59086
-0.60561
-0.60816
-0.59277
-0.55288
-0.48392
-0.38637
-0.26734
-0.13884
-0.013746
0.097991
0.19094
0.26365
0.31714
0.35343
0.37459
0.38221
0.37731
0.36043
0.33188
0.29217
0.24227
0.1839
0.11954
0.052213
-0.014847
-0.078557
-0.13622
-0.18559
-0.22479
-0.25222
-0.2664
-0.26608
-0.25041
-0.21926
-0.17355
-0.11536
-0.047806
0.025484
0.10092
0.17546
0.24679
0.31323
0.37333
0.42524
0.46604
0.49128
0.49506
0.47126
0.41593
0.33002
0.22052
0.098755
-0.023278
-0.13639
-0.23565
-0.31999
-0.39076
-0.45039
-0.50118
-0.54446
-0.57977
-0.60418
-0.61184
-0.59469
-0.54484
-0.45869
-0.34051
-0.20253
-0.060643
0.071289
0.1849
0.27745
0.35005
0.40556
0.44709
0.47713
0.49703
0.50681
0.50514
0.48964
0.45756
0.40697
0.33807
0.25403
0.16075
0.065544
-0.024606
-0.10436
-0.17046
-0.22151
-0.25728
-0.27817
-0.28474
-0.27755
-0.25714
-0.22418
-0.17969
-0.12514
-0.062498
0.0057984
0.077054
0.14842
0.21692
0.27928
0.33163
0.36931
0.38695
0.37937
0.34316
0.27859
0.19054
0.087545
-0.020715
-0.12611
-0.22362
-0.3115
-0.39043
-0.46244
-0.52975
-0.59361
-0.65293
-0.70243
-0.73114
-0.72281
-0.66107
-0.5394
-0.36926
-0.1772
0.0083115
0.16867
0.29786
0.39865
0.47769
0.5422
0.59829
0.6501
0.69888
0.74163
0.76957
0.76757
0.7177
0.60835
0.44469
0.2502
0.055298
-0.11684
-0.25623
-0.36352
-0.44465
-0.50682
-0.55639
-0.59792
-0.63368
-0.66303
-0.68171
-0.68153
-0.65161
-0.58229
-0.47111
-0.32682
-0.1673
-0.012078
0.12463
0.23642
0.32316
0.38803
0.43517
0.4683
0.49003
0.50163
0.50303
0.49293
0.46931
0.43013
0.37449
0.30355
0.22103
0.13263
0.044877
-0.03632
-0.10655
-0.16313
-0.20484
-0.2314
-0.24305
-0.24022
-0.22348
-0.19354
-0.15141
-0.098502
-0.036686
0.031724
0.10403
0.17713
0.24744
0.31054
0.36092
0.39197
0.39677
0.36999
0.31031
0.22218
0.11505
0.00040071
-0.11188
-0.21568
-0.30892
-0.39267
-0.46974
-0.54349
-0.61664
-0.68974
-0.75884
-0.81254
-0.83026
-0.78635
-0.66397
-0.47159
-0.244
-0.02248
0.16586
0.31331
0.42494
0.51076
0.58102
0.64429
0.70671
0.77103
0.83454
0.8859
0.90255
0.85461
0.7209
0.50968
0.26088
0.021988
-0.1771
-0.32924
-0.44137
-0.5251
-0.59168
-0.65008
-0.70649
-0.76355
-0.81867
-0.86138
-0.87149
-0.82273
-0.69645
-0.49919
-0.26525
-0.037176
0.15632
0.30656
0.41828
0.50146
0.56619
0.62073
0.6708
0.71895
0.76346
0.79655
0.80325
0.76377
0.66243
0.50016
0.29929
0.093026
-0.091325
-0.24094
-0.35551
-0.44122
-0.50597
-0.55683
-0.59902
-0.63545
-0.66611
-0.68743
-0.6917
-0.66799
-0.60563
-0.50019
-0.3585
-0.19775
-0.038358
0.10387
0.22116
0.31258
0.38112
0.43103
0.4663
0.48981
0.50313
0.50642
0.49857
0.47759
0.44133
0.38853
0.31989
0.23867
0.15036
0.061504
-0.021715
-0.094531
-0.15395
-0.19852
-0.22785
-0.24214
-0.24182
-0.22746
-0.19975
-0.15965
-0.1085
-0.048094
0.019332
0.091134
0.16428
0.23525
0.29977
0.3525
0.38697
0.39624
0.37458
0.31996
0.23593
0.13128
0.017376
-0.095495
-0.20061
-0.29534
-0.38034
-0.45825
-0.53239
-0.6057
-0.67915
-0.74966
-0.80711
-0.83216
-0.79915
-0.68862
-0.50461
-0.279
-0.053888
0.14065
0.29426
0.41072
0.49976
0.57179
0.63575
0.69819
0.76249
0.82696
0.88169
0.90566
0.86916
0.74809
0.54554
0.29816
0.054578
-0.15174
-0.31076
-0.42812
-0.51529
-0.58381
-0.64308
-0.69976
-0.7571
-0.8134
-0.85943
-0.87616
-0.8373
-0.72171
-0.53172
-0.29893
-0.066734
0.13323
0.28975
0.40642
0.493
0.55986
0.61562
0.66643
0.71535
0.76132
0.79737
0.80921
0.77697
0.68334
0.52654
0.32687
0.11774
-0.071689
-0.22665
-0.34575
-0.43488
-0.50205
-0.55466
-0.59825
-0.63608
-0.66851
-0.69232
-0.70001
-0.68046
-0.62221
-0.51959
-0.37834
-0.21551
-0.05233
0.094249
0.21558
0.3104
0.38168
0.43389
0.47124
0.49686
0.51248
0.51833
0.51324
0.49497
0.46093
0.4093
0.34034
0.25713
0.16537
0.072148
-0.015736
-0.093029
-0.15648
-0.20458
-0.23705
-0.25421
-0.25663
-0.24496
-0.21989
-0.18234
-0.13355
-0.075196
-0.0094177
0.061249
0.13393
0.20536
0.27174
0.32841
0.36966
0.38904
0.38045
0.34032
0.26964
0.17482
0.065964
-0.046281
-0.15374
-0.25206
-0.34045
-0.42057
-0.49534
-0.56771
-0.63941
-0.70916
-0.7702
-0.80772
-0.79929
-0.72275
-0.57166
-0.36597
-0.1437
0.06025
0.2279
0.35752
0.45629
0.534
0.59984
0.66107
0.72229
0.78414
0.84092
0.87759
0.86931
0.78943
0.62765
0.40459
0.16339
-0.055832
-0.23298
-0.36683
-0.46595
-0.54135
-0.60293
-0.65826
-0.71203
-0.76509
-0.81265
-0.84197
-0.83211
-0.76018
-0.61576
-0.41359
-0.18923
0.020853
0.19538
0.32996
0.43035
0.50575
0.56499
0.61501
0.66031
0.70226
0.73809
0.75959
0.75286
0.70163
0.59537
0.43862
0.25246
0.064807
-0.10229
-0.23856
-0.34369
-0.42261
-0.48173
-0.52684
-0.56215
-0.58989
-0.60998
-0.6197
-0.61374
-0.58506
-0.52734
-0.43841
-0.32296
-0.19221
-0.060094
0.061337
0.16465
0.24714
0.30933
0.35329
0.3814
0.39563
0.39728
0.38702
0.36509
0.33168
0.28731
0.23321
0.17147
0.10497
0.037064
-0.028831
-0.089633
-0.14278
-0.18627
-0.21852
-0.2383
-0.2446
-0.23671
-0.21439
-0.17807
-0.12904
-0.069451
-0.0020941
0.069978
0.14383
0.21691
0.28702
0.35199
0.40916
0.45467
0.48303
0.48739
0.46109
0.40056
0.30807
0.19241
0.066334
-0.05781
-0.17142
-0.27065
-0.3555
-0.42823
-0.49189
-0.54913
-0.60115
-0.64659
-0.68023
-0.69225
-0.66944
-0.60003
-0.4813
-0.32442
-0.15128
0.015471
0.1607
0.27892
0.37163
0.44365
0.50046
0.54672
0.5855
0.61766
0.64127
0.65109
0.63882
0.59518
0.51403
0.39713
0.25564
0.10648
-0.03423
-0.15595
-0.25461
-0.3308
-0.38747
-0.42805
-0.45544
-0.47153
-0.47706
-0.47165
-0.45414
-0.42306
-0.37747
-0.31771
-0.24608
-0.1667
-0.084911
-0.0061642
0.064883
0.12488
0.17179
0.20463
0.22307
0.22715
0.21713
0.19348
0.15697
0.10878
0.05057
-0.015551
-0.087056
-0.16104
-0.23414
-0.30224
-0.36011
-0.40115
-0.41779
-0.40313
-0.35361
-0.2715
-0.16534
-0.04729
0.070927
0.18124
0.28016
0.368
0.44743
0.5221
0.59546
0.66941
0.74232
0.80611
0.84337
0.82831
0.73702
0.56597
0.34197
0.10865
-0.098359
-0.26388
-0.38942
-0.48437
-0.55967
-0.62499
-0.6877
-0.7522
-0.81834
-0.87841
-0.91375
-0.89505
-0.79393
-0.60528
-0.35993
-0.10805
0.11094
0.28195
0.40841
0.50159
0.57361
0.63467
0.69223
0.75052
0.80915
0.86062
0.8875
0.86338
0.76342
0.58357
0.35129
0.11142
-0.099614
-0.26659
-0.39134
-0.48347
-0.5539
-0.61198
-0.66457
-0.71551
-0.76465
-0.80597
-0.82581
-0.8036
-0.71936
-0.56745
-0.36599
-0.14961
0.049203
0.21291
0.33889
0.43301
0.50383
0.55937
0.60581
0.64692
0.68352
0.71256
0.72622
0.7122
0.65699
0.55294
0.40528
0.23264
0.058976
-0.096599
-0.22467
-0.32428
-0.39917
-0.4546
-0.49546
-0.52533
-0.54616
-0.55808
-0.55932
-0.5465
-0.51535
-0.46236
-0.38673
-0.29183
-0.18509
-0.076027
0.026437
0.11585
0.18877
0.24419
0.28261
0.30511
0.31284
0.30674
0.28759
0.25613
0.21333
0.16053
0.099632
0.032965
-0.03679
-0.10681
-0.17422
-0.23605
-0.28907
-0.32955
-0.35328
-0.35591
-0.33404
-0.28654
-0.21573
-0.12737
-0.029293
0.07071
0.1667
0.25537
0.33584
0.40891
0.47603
0.53834
0.59543
0.64399
0.67644
0.68066
0.64271
0.55334
0.41575
0.24734
0.072482
-0.088226
-0.2239
-0.33281
-0.41872
-0.48741
-0.54453
-0.59447
-0.6395
-0.6789
-0.70785
-0.7166
-0.69168
-0.62067
-0.50001
-0.3405
-0.16427
0.0052731
0.15234
0.27107
0.36282
0.4324
0.48527
0.52606
0.55785
0.58181
0.59688
0.59954
0.58422
0.54463
0.47645
0.38027
0.26305
0.13646
0.013035
-0.097495
-0.18975
-0.26223
-0.31582
-0.35245
-0.37411
-0.38231
-0.37803
-0.36175
-0.33375
-0.29447
-0.24487
-0.18665
-0.12229
-0.054844
0.01242
0.076381
0.13431
0.18397
0.2235
0.25132
0.26601
0.26634
0.25149
0.22127
0.17654
0.11929
0.052527
-0.020196
-0.095311
-0.16974
-0.24113
-0.30774
-0.36804
-0.42018
-0.46126
-0.48688
-0.49126
-0.46834
-0.4142
-0.32967
-0.2215
-0.1008
0.020553
0.13338
0.23268
0.31723
0.38834
0.44833
0.49951
0.54318
0.57892
0.60379
0.612
0.59545
0.5462
0.46052
0.34258
0.20455
0.062375
-0.069985
-0.18407
-0.27708
-0.35011
-0.40602
-0.44797
-0.47846
-0.49885
-0.50918
-0.50809
-0.49313
-0.46145
-0.41101
-0.34192
-0.25733
-0.1632
-0.067003
0.024151
0.10482
0.17172
0.22343
0.25979
0.28122
0.28833
0.28168
0.26183
0.22944
0.1855
0.13143
0.069213
0.0012512
-0.069761
-0.14099
-0.20949
-0.27209
-0.32506
-0.36396
-0.38361
-0.37889
-0.34622
-0.2854
-0.20064
-0.099958
0.0071507
0.1124
0.21041
0.29901
0.37857
0.45089
0.51811
0.58159
0.6405
0.69023
0.72077
0.71685
0.66234
0.5494
0.38694
0.19933
0.014645
-0.14741
-0.27932
-0.38275
-0.46375
-0.52933
-0.58561
-0.63688
-0.68477
-0.72701
-0.75596
-0.75795
-0.71593
-0.61743
-0.46466
-0.2777
-0.085492
0.087894
0.23055
0.34144
0.42551
0.48955
0.53983
0.58105
0.6158
0.64402
0.66243
0.6642
0.63976
0.57994
0.48101
0.34884
0.19832
0.047643
-0.088509
-0.20223
-0.29181
-0.35934
-0.40834
-0.44228
-0.4638
-0.47439
-0.47439
-0.46316
-0.43945
-0.40204
-0.35053
-0.28608
-0.21172
-0.13204
-0.05239
0.022181
0.087618
0.14116
0.18122
0.20708
0.21852
0.21567
0.19886
0.16868
0.12611
0.072563
0.0099331
-0.059441
-0.13281
-0.20698
-0.27808
-0.34119
-0.39002
-0.41701
-0.4145
-0.37724
-0.30527
-0.20527
-0.08889
0.031278
0.14555
0.24887
0.34051
0.42262
0.49879
0.57284
0.64755
0.72299
0.79377
0.84576
0.8547
0.7928
0.64626
0.4319
0.19199
-0.03098
-0.21389
-0.3537
-0.45851
-0.53966
-0.60779
-0.67139
-0.73624
-0.80414
-0.87041
-0.91998
-0.92544
-0.85418
-0.68965
-0.4519
-0.19055
0.046725
0.23634
0.37744
0.48051
0.55845
0.62265
0.6818
0.74145
0.80302
0.86144
0.90181
0.89834
0.8218
0.65892
0.42958
0.17936
-0.048341
-0.2316
-0.36906
-0.46994
-0.54599
-0.60769
-0.66301
-0.71693
-0.77059
-0.81941
-0.85069
-0.84312
-0.77289
-0.62844
-0.42414
-0.19633
0.017258
0.19452
0.33092
0.4324
0.50847
0.5682
0.61877
0.66479
0.70776
0.74492
0.76789
0.76232
0.71127
0.60365
0.44406
0.25438
0.063535
-0.10586
-0.24351
-0.34939
-0.42878
-0.48839
-0.53419
-0.5705
-0.5996
-0.62132
-0.63269
-0.62788
-0.59917
-0.53958
-0.44676
-0.32599
-0.18959
-0.052602
0.072349
0.17785
0.26156
0.32449
0.36911
0.39807
0.41352
0.41678
0.40844
0.38858
0.3571
0.31423
0.26095
0.19923
0.13202
0.06291
-0.0043713
-0.066414
-0.12043
-0.16432
-0.19658
-0.21616
-0.22232
-0.21464
-0.19307
-0.15812
-0.11089
-0.053186
0.012682
0.084102
0.1584
0.23296
0.305
0.37124
0.42719
0.46662
0.48172
0.46464
0.41051
0.32084
0.20456
0.075403
-0.053027
-0.17122
-0.27502
-0.3646
-0.44278
-0.51332
-0.57969
-0.64387
-0.70471
-0.75592
-0.78409
-0.76947
-0.69304
-0.54953
-0.35625
-0.14638
0.048569
0.21116
0.33837
0.43572
0.51162
0.57423
0.63004
0.68309
0.73404
0.77845
0.80494
0.79513
0.72897
0.59679
0.41031
0.20002
-0.00090467
-0.17135
-0.30524
-0.40643
-0.48274
-0.54218
-0.59128
-0.63437
-0.67304
-0.70527
-0.72446
-0.71917
-0.6756
-0.58379
-0.44538
-0.27628
-0.10029
0.06146
0.19706
0.3038
0.38469
0.44489
0.48953
0.52261
0.54652
0.56179
0.56702
0.55897
0.53317
0.48542
0.41388
0.32091
0.21341
0.10113
-0.0062092
-0.10125
-0.17985
-0.24062
-0.28397
-0.31105
-0.32316
-0.32135
-0.30643
-0.2791
-0.24017
-0.19081
-0.13272
-0.068097
0.00043205
0.070057
0.13795
0.20129
0.25725
0.30268
0.33406
0.34757
0.33963
0.30797
0.25283
0.17762
0.088462
-0.0072955
-0.10294
-0.1937
-0.27715
-0.35285
-0.42155
-0.48429
-0.54137
-0.59123
-0.62923
-0.6469
-0.63276
-0.57608
-0.47312
-0.33199
-0.17101
-0.011027
0.1325
0.25257
0.3491
0.42581
0.48766
0.53917
0.5835
0.62175
0.65209
0.66906
0.66355
0.62469
0.54457
0.42397
0.27477
0.11598
-0.03412
-0.16374
-0.26864
-0.34994
-0.41131
-0.45689
-0.49013
-0.51323
-0.52688
-0.53018
-0.52083
-0.4956
-0.45153
-0.3874
-0.30509
-0.20992
-0.10958
-0.012115
0.075854
0.15007
0.20852
0.25081
0.27743
0.28912
0.28667
0.27075
0.24206
0.20152
0.15042
0.090546
0.024154
-0.046155
-0.11757
-0.18712
-0.2516
-0.30732
-0.34988
-0.37416
-0.37493
-0.34821
-0.2931
-0.21302
-0.1154
-0.0095751
0.095882
0.19508
0.28536
0.36673
0.44085
0.50991
0.57554
0.63739
0.69148
0.72836
0.73273
0.6871
0.58097
0.42072
0.23022
0.039321
-0.12981
-0.26798
-0.37623
-0.46073
-0.5289
-0.58736
-0.64094
-0.6918
-0.7382
-0.77278
-0.78145
-0.7456
-0.65025
-0.49564
-0.30215
-0.10113
0.080716
0.23005
0.34569
0.43312
0.49985
0.55278
0.59714
0.63587
0.66905
0.69307
0.70001
0.6784
0.61683
0.51032
0.36578
0.20116
0.037883
-0.10758
-0.22731
-0.32059
-0.39074
-0.44235
-0.47963
-0.50565
-0.522
-0.52871
-0.5243
-0.50611
-0.47114
-0.41731
-0.34489
-0.25737
-0.16113
-0.063901
0.027093
0.10649
0.17116
0.21989
0.25266
0.27002
0.27269
0.26139
0.23684
0.19993
0.15185
0.094244
0.029219
-0.040731
-0.11281
-0.18394
-0.25069
-0.30895
-0.35376
-0.37935
-0.37985
-0.35097
-0.29202
-0.20722
-0.10503
0.0043862
0.11213
0.21253
0.30342
0.38543
0.46079
0.53219
0.60159
0.66871
0.729
0.77129
0.77721
0.72575
0.60519
0.42525
0.21609
0.012347
-0.16294
-0.30251
-0.40996
-0.49349
-0.56182
-0.62236
-0.68032
-0.73775
-0.79183
-0.83245
-0.8407
-0.79263
-0.67161
-0.48385
-0.26066
-0.041276
0.14697
0.29492
0.40619
0.4897
0.55491
0.60967
0.65949
0.70687
0.75025
0.78235
0.78913
0.75191
0.65554
0.50009
0.30582
0.10413
-0.078137
-0.22752
-0.34276
-0.4293
-0.49458
-0.54544
-0.58703
-0.62229
-0.65146
-0.67146
-0.67546
-0.65362
-0.59602
-0.49801
-0.36486
-0.21164
-0.05728
0.08261
0.19954
0.29161
0.36098
0.41138
0.44649
0.46913
0.48092
0.48228
0.47255
0.45039
0.41435
0.36378
0.29959
0.22467
0.14367
0.062119
-0.014653
-0.08234
-0.13801
-0.18
-0.20758
-0.22059
-0.21918
-0.20373
-0.17486
-0.1335
-0.08104
-0.019319
0.049358
0.12227
0.19624
0.26745
0.33106
0.38094
0.40968
0.40972
0.37569
0.30717
0.21027
0.096126
-0.022843
-0.13681
-0.24041
-0.33257
-0.4152
-0.49177
-0.56604
-0.64088
-0.71661
-0.78833
-0.84262
-0.85585
-0.8
-0.65953
-0.44887
-0.20923
0.016033
0.20215
0.3449
0.45188
0.53441
0.60324
0.66707
0.73188
0.79988
0.86697
0.9189
0.92894
0.86411
0.70572
0.47109
0.20894
-0.031658
-0.22517
-0.36955
-0.47492
-0.55427
-0.61919
-0.67861
-0.73835
-0.8002
-0.85961
-0.90238
-0.90316
-0.83219
-0.67425
-0.44707
-0.19569
0.03519
0.22201
0.36244
0.46544
0.54283
0.60531
0.66106
0.71532
0.76953
0.8195
0.85297
0.8488
0.78265
0.64157
0.43848
0.20944
-0.0068803
-0.18716
-0.32612
-0.42949
-0.50686
-0.56748
-0.61873
-0.66542
-0.70926
-0.74768
-0.77244
-0.76915
-0.72037
-0.61422
-0.45459
-0.26331
-0.069964
0.10202
0.24187
0.34942
0.43006
0.49067
0.53739
0.57472
0.60504
0.62823
0.64125
0.63803
0.61039
0.55079
0.4565
0.3329
0.19293
0.052379
-0.075558
-0.1833
-0.26862
-0.33276
-0.37847
-0.4086
-0.4254
-0.43028
-0.42378
-0.40585
-0.37616
-0.3347
-0.28217
-0.22042
-0.15239
-0.081845
-0.012787
0.051085
0.10675
0.15199
0.18527
0.20562
0.21242
0.20538
0.18455
0.15042
0.10407
0.047108
-0.018323
-0.089757
-0.16453
-0.23981
-0.31234
-0.37797
-0.43102
-0.46404
-0.4685
-0.4372
-0.36776
-0.26532
-0.14183
-0.011788
0.11264
0.22449
0.32196
0.40689
0.48295
0.55423
0.62399
0.69327
0.75874
0.80993
0.82748
0.78666
0.67011
0.48397
0.26037
0.039725
-0.14999
-0.29959
-0.41305
-0.49978
-0.56974
-0.63137
-0.69073
-0.75067
-0.80912
-0.85632
-0.87267
-0.83165
-0.71279
-0.51999
-0.28619
-0.054896
0.14315
0.29774
0.41304
0.49902
0.56609
0.62289
0.67551
0.72688
0.77557
0.81376
0.8257
0.78983
0.68826
0.52094
0.31168
0.09661
-0.094756
-0.24903
-0.36645
-0.4541
-0.52066
-0.57381
-0.61921
-0.65998
-0.69601
-0.72301
-0.73162
-0.70836
-0.64008
-0.52181
-0.36298
-0.18532
-0.012939
0.13721
0.25836
0.35139
0.42097
0.47255
0.51086
0.53914
0.55886
0.56953
0.5687
0.55224
0.51545
0.45493
0.37082
0.26804
0.15549
0.043465
-0.059179
-0.1467
-0.21653
-0.26843
-0.30339
-0.32273
-0.32771
-0.31926
-0.2981
-0.26494
-0.22074
-0.1669
-0.10538
-0.038626
0.030618
0.099505
0.16523
0.22504
0.27604
0.31508
0.3386
0.34297
0.32517
0.28396
0.22084
0.14029
0.048944
-0.046151
-0.13911
-0.22616
-0.30572
-0.37781
-0.4433
-0.50289
-0.55616
-0.60036
-0.62943
-0.63379
-0.60228
-0.52691
-0.40879
-0.2604
-0.10129
0.050028
0.18191
0.29048
0.37734
0.44666
0.5031
0.5505
0.59114
0.62498
0.64892
0.65632
0.63767
0.58341
0.48899
0.35942
0.2092
0.056764
-0.082497
-0.20002
-0.29374
-0.36564
-0.41939
-0.45865
-0.48623
-0.50368
-0.51116
-0.50746
-0.49032
-0.45714
-0.40613
-0.33753
-0.25445
-0.1626
-0.069091
0.019287
0.097272
0.16162
0.21085
0.24466
0.26339
0.26758
0.2578
0.23469
0.19905
0.15203
0.095213
0.030677
-0.039115
-0.1114
-0.18316
-0.251
-0.31092
-0.358
-0.38638
-0.38994
-0.36391
-0.30699
-0.22295
-0.12017
-0.009151
0.10068
0.20312
0.29568
0.3788
0.45474
0.5263
0.59569
0.66307
0.72461
0.77005
0.78175
0.73838
0.62612
0.45165
0.24342
0.036764
-0.14322
-0.28745
-0.39858
-0.48458
-0.55428
-0.61533
-0.67327
-0.73063
-0.78533
-0.82832
-0.84181
-0.80201
-0.69051
-0.51008
-0.28938
-0.067844
0.12506
0.27801
0.39343
0.47988
0.54687
0.6025
0.65258
0.70006
0.74397
0.7779
0.78873
0.75819
0.67014
0.52213
0.33188
0.13003
-0.055383
-0.20907
-0.32841
-0.4182
-0.48576
-0.53805
-0.58044
-0.61617
-0.64589
-0.66704
-0.67337
-0.65547
-0.60335
-0.5114
-0.38335
-0.23293
-0.078732
0.06301
0.1828
0.27791
0.34998
0.40257
0.43934
0.46324
0.47603
0.47833
0.46964
0.44879
0.41443
0.36586
0.30382
0.23093
0.15155
0.07099
-0.0054874
-0.073519
-0.13004
-0.17323
-0.20221
-0.21673
-0.21686
-0.2029
-0.17542
-0.13531
-0.083888
-0.022962
0.045215
0.11797
0.19217
0.26407
0.32892
0.38066
0.41186
0.41477
0.38359
0.31735
0.22165
0.10752
-0.012355
-0.1277
-0.23272
-0.32604
-0.40945
-0.48639
-0.56073
-0.63552
-0.71144
-0.78424
-0.84136
-0.85989
-0.8114
-0.67813
-0.47153
-0.23156
-0.0028138
0.18778
0.33447
0.4443
0.52857
0.59825
0.66228
0.72698
0.79496
0.86285
0.91743
0.93284
0.87581
0.72512
0.49469
0.23188
-0.012699
-0.21105
-0.35956
-0.46785
-0.54899
-0.61482
-0.67455
-0.73433
-0.79638
-0.85681
-0.90228
-0.90809
-0.844
-0.69254
-0.46858
-0.21625
0.018323
0.20952
0.35369
0.45938
0.53848
0.60193
0.65818
0.71276
0.76749
0.81868
0.85465
0.85463
0.79375
0.65738
0.45649
0.22648
0.0070461
-0.17694
-0.31915
-0.42496
-0.504
-0.56574
-0.61777
-0.66516
-0.70986
-0.74962
-0.77647
-0.77604
-0.73048
-0.62692
-0.46817
-0.27571
-0.079738
0.095318
0.23793
0.34767
0.42995
0.49183
0.53965
0.57809
0.6097
0.63445
0.64931
0.64802
0.62196
0.56301
0.46793
0.34202
0.19871
0.054588
-0.076547
-0.18683
-0.27406
-0.33971
-0.38675
-0.41824
-0.43659
-0.44325
-0.43877
-0.42293
-0.39521
-0.35526
-0.30353
-0.24164
-0.17252
-0.10011
-0.028708
0.03764
0.095648
0.14293
0.17791
0.19966
0.20766
0.20172
0.18196
0.14891
0.10357
0.047462
-0.017381
-0.088548
-0.16333
-0.23868
-0.31094
-0.37533
-0.42548
-0.45334
-0.45045
-0.41061
-0.33345
-0.22616
-0.10172
0.025808
0.14574
0.25274
0.34622
0.42871
0.50419
0.57674
0.64937
0.72231
0.7905
0.84039
0.84866
0.78837
0.6456
0.43565
0.19901
-0.022598
-0.20563
-0.34619
-0.45173
-0.53319
-0.60097
-0.66342
-0.72622
-0.7912
-0.85406
-0.90085
-0.90618
-0.83957
-0.68446
-0.45759
-0.20438
0.029223
0.21863
0.36112
0.46574
0.54458
0.60862
0.66634
0.72325
0.781
0.83536
0.87341
0.87238
0.80563
0.65885
0.44637
0.20773
-0.015585
-0.19969
-0.3402
-0.44413
-0.52202
-0.5838
-0.63726
-0.68746
-0.73606
-0.7799
-0.80915
-0.8066
-0.75172
-0.63157
-0.45313
-0.24418
-0.038822
0.13873
0.27962
0.38621
0.46586
0.52667
0.57546
0.61698
0.65341
0.68376
0.70302
0.70178
0.66786
0.59099
0.46961
0.31488
0.14722
-0.012569
-0.15061
-0.26166
-0.34681
-0.41009
-0.45619
-0.48901
-0.5112
-0.52387
-0.52656
-0.51743
-0.49368
-0.45259
-0.39277
-0.31553
-0.22532
-0.12901
-0.034202
0.052495
0.12649
0.18535
0.22825
0.25537
0.26731
0.26476
0.24843
0.2191
0.17776
0.12577
0.064961
-0.0024022
-0.07369
-0.14597
-0.21598
-0.2799
-0.33313
-0.3701
-0.38464
-0.37125
-0.32708
-0.25385
-0.15829
-0.050322
0.059988
0.16513
0.26127
0.34784
0.42655
0.50013
0.57121
0.64098
0.70739
0.76275
0.7917
0.77257
0.68616
0.53013
0.3266
0.11197
-0.082523
-0.24179
-0.36524
-0.45993
-0.53509
-0.59921
-0.65891
-0.71809
-0.77666
-0.82816
-0.85726
-0.84019
-0.75335
-0.59014
-0.37242
-0.14079
0.068516
0.23782
0.36636
0.46209
0.53518
0.59478
0.64779
0.69838
0.74701
0.78884
0.81192
0.79738
0.72534
0.58736
0.39689
0.18543
-0.014255
-0.18217
-0.31321
-0.41174
-0.4857
-0.543
-0.58998
-0.63075
-0.66668
-0.69567
-0.71124
-0.70259
-0.65699
-0.56566
-0.43071
-0.26721
-0.097375
0.05902
0.19062
0.29455
0.37333
0.43162
0.47412
0.50453
0.52508
0.53638
0.53737
0.52557
0.49766
0.45069
0.38368
0.29889
0.20204
0.10106
0.0040193
-0.082641
-0.1549
-0.21099
-0.25065
-0.27447
-0.28327
-0.27784
-0.25895
-0.22738
-0.18417
-0.13074
-0.068982
-0.0012282
0.069861
0.14139
0.21021
0.27277
0.32487
0.36147
0.37697
0.36624
0.32635
0.25838
0.16801
0.064208
-0.043456
-0.14739
-0.24326
-0.32992
-0.40851
-0.48129
-0.55056
-0.61743
-0.68012
-0.73196
-0.75963
-0.7442
-0.66818
-0.52762
-0.33977
-0.13632
0.053018
0.21174
0.33691
0.43369
0.51011
0.57402
0.63176
0.68725
0.74094
0.788
0.81617
0.80583
0.73595
0.5972
0.40336
0.18741
-0.016381
-0.18736
-0.32058
-0.42095
-0.49692
-0.55687
-0.60752
-0.65322
-0.69535
-0.73124
-0.75291
-0.74685
-0.69714
-0.59332
-0.43945
-0.25581
-0.069764
0.096725
0.23311
0.3387
0.41818
0.47781
0.5233
0.55885
0.58673
0.60692
0.61682
0.61125
0.58332
0.52676
0.43928
0.32533
0.19577
0.064377
-0.056831
-0.1603
-0.24315
-0.30578
-0.35017
-0.37865
-0.39319
-0.39507
-0.385
-0.36323
-0.32996
-0.28574
-0.23179
-0.17018
-0.10379
-0.03593
0.030011
0.090962
0.14437
0.1882
0.22089
0.24113
0.24789
0.24041
0.21838
0.18221
0.1332
0.073508
0.0059989
-0.066204
-0.14011
-0.21314
-0.28312
-0.34799
-0.4053
-0.45149
-0.48141
-0.48847
-0.46602
-0.40995
-0.32166
-0.20902
-0.084282
0.040053
0.15484
0.25557
0.34176
0.41534
0.47921
0.53606
0.5873
0.63201
0.66578
0.67993
0.66232
0.60134
0.49279
0.34514
0.17791
0.013119
-0.13315
-0.25389
-0.34932
-0.42347
-0.48146
-0.52787
-0.5659
-0.59678
-0.61928
-0.62926
-0.61984
-0.58288
-0.51228
-0.4081
-0.27863
-0.13821
-0.0019796
0.11889
0.21891
0.29732
0.35603
0.39791
0.42562
0.44106
0.44521
0.43816
0.41936
0.38812
0.34415
0.28818
0.22234
0.1501
0.075805
0.0039459
-0.061508
-0.1175
-0.16194
-0.19356
-0.21166
-0.2159
-0.20623
-0.1829
-0.14655
-0.098337
-0.039916
0.02657
0.098625
0.17348
0.24799
0.31841
0.37982
0.42573
0.44823
0.43933
0.39387
0.31265
0.20371
0.080051
-0.045018
-0.16183
-0.26586
-0.35699
-0.43789
-0.51242
-0.58443
-0.65642
-0.72784
-0.79243
-0.8353
-0.83257
-0.75919
-0.60586
-0.39239
-0.15979
0.053524
0.22779
0.36126
0.46192
0.54041
0.60659
0.66824
0.73036
0.79396
0.85354
0.89384
0.88894
0.81028
0.64593
0.41696
0.16887
-0.055981
-0.2367
-0.37243
-0.47244
-0.54839
-0.61063
-0.66707
-0.72261
-0.7782
-0.82884
-0.86097
-0.8521
-0.77756
-0.62641
-0.4153
-0.18292
0.032315
0.20912
0.34418
0.4444
0.51976
0.57959
0.63113
0.67899
0.72439
0.76398
0.78814
0.78079
0.72344
0.60521
0.43339
0.23362
0.037106
-0.13376
-0.27033
-0.37426
-0.45204
-0.511
-0.5574
-0.59561
-0.62767
-0.65281
-0.66687
-0.66218
-0.62895
-0.5589
-0.45048
-0.31213
-0.16017
-0.012373
0.11818
0.22532
0.30853
0.3704
0.41452
0.44415
0.46165
0.46825
0.46408
0.44845
0.42027
0.37872
0.32394
0.25766
0.18328
0.10544
0.02918
-0.040927
-0.10133
-0.14966
-0.18455
-0.20537
-0.21192
-0.20429
-0.18284
-0.14826
-0.10165
-0.044592
0.020864
0.092231
0.16662
0.2406
0.30992
0.36906
0.411
0.42765
0.41165
0.35935
0.27347
0.16337
0.042055
-0.078309
-0.18967
-0.28885
-0.37658
-0.45592
-0.53084
-0.60504
-0.68063
-0.756
-0.82274
-0.86244
-0.84751
-0.75245
-0.57395
-0.34146
-0.1016
0.10884
0.2753
0.40047
0.49472
0.56962
0.63519
0.69904
0.76566
0.83476
0.89798
0.93505
0.91427
0.80563
0.60555
0.34933
0.090811
-0.13018
-0.30029
-0.42489
-0.51646
-0.58777
-0.6493
-0.70864
-0.76996
-0.8324
-0.88721
-0.91448
-0.88469
-0.77168
-0.57466
-0.3276
-0.079846
0.13242
0.29685
0.41806
0.50739
0.57654
0.63519
0.69024
0.74529
0.79934
0.84444
0.86348
0.8319
0.72819
0.55103
0.32722
0.097976
-0.10377
-0.2642
-0.3848
-0.47423
-0.54247
-0.59808
-0.64734
-0.69365
-0.73672
-0.77111
-0.78492
-0.76077
-0.68199
-0.5436
-0.36006
-0.16027
0.027065
0.18469
0.3082
0.40139
0.47118
0.5245
0.56687
0.60183
0.63046
0.65095
0.65814
0.64383
0.5988
0.51696
0.39998
0.25885
0.11032
-0.029616
-0.15041
-0.24789
-0.32256
-0.37723
-0.41523
-0.43941
-0.45167
-0.45287
-0.44299
-0.4214
-0.38738
-0.34073
-0.28238
-0.21472
-0.14145
-0.06706
0.0039531
0.067709
0.1213
0.16278
0.19104
0.20547
0.20585
0.19226
0.1651
0.12515
0.073717
0.012593
-0.055984
-0.1294
-0.20466
-0.27821
-0.34552
-0.40057
-0.43576
-0.44263
-0.41424
-0.34849
-0.25047
-0.13171
-0.0060751
0.11482
0.2243
0.32064
0.40563
0.48293
0.5567
0.63038
0.70522
0.77793
0.83734
0.862
0.82362
0.70177
0.50325
0.26504
0.032641
-0.16397
-0.31649
-0.43072
-0.5177
-0.58853
-0.65244
-0.71608
-0.78262
-0.84969
-0.90583
-0.92736
-0.88198
-0.74587
-0.52705
-0.26847
-0.021245
0.18311
0.33783
0.45097
0.53516
0.60235
0.662
0.72065
0.78111
0.84064
0.88784
0.90041
0.84915
0.71384
0.50319
0.25648
0.020033
-0.17704
-0.3277
-0.43864
-0.52117
-0.58619
-0.64242
-0.69577
-0.74871
-0.7988
-0.83641
-0.84328
-0.7959
-0.67735
-0.49255
-0.27135
-0.052427
0.13644
0.28526
0.39702
0.48027
0.54421
0.59658
0.6428
0.68547
0.72352
0.75094
0.75599
0.72286
0.63796
0.49948
0.32265
0.13396
-0.0415
-0.18902
-0.30496
-0.39266
-0.45818
-0.50757
-0.54563
-0.57534
-0.59755
-0.61066
-0.61051
-0.59087
-0.54517
-0.46948
-0.36564
-0.24219
-0.11199
0.012228
0.12128
0.21068
0.2797
0.32977
0.36309
0.3817
0.38711
0.38022
0.36147
0.33115
0.28975
0.23834
0.17877
0.11364
0.04609
-0.020593
-0.083328
-0.13946
-0.18683
-0.22367
-0.24847
-0.25993
-0.25697
-0.23896
-0.20597
-0.15909
-0.10045
-0.033062
0.039627
0.11427
0.18802
0.25866
0.32446
0.38367
0.43394
0.47166
0.4916
0.48739
0.45324
0.38663
0.2908
0.17483
0.050974
-0.069362
-0.17847
-0.27304
-0.35318
-0.42092
-0.4789
-0.52926
-0.57276
-0.60793
-0.63023
-0.63188
-0.60321
-0.53633
-0.43024
-0.29381
-0.14342
0.0034376
0.1341
0.24279
0.32927
0.39634
0.44778
0.48699
0.51629
0.53649
0.54669
0.54425
0.52522
0.48549
0.42262
0.33776
0.23641
0.12731
0.020006
-0.077628
-0.16063
-0.22689
-0.27626
-0.30963
-0.32815
-0.33283
-0.3244
-0.30339
-0.27038
-0.22625
-0.1724
-0.11086
-0.044154
0.024862
0.093297
0.1584
0.21756
0.26823
0.30769
0.33291
0.34071
0.32825
0.29394
0.23842
0.16501
0.079292
-0.012176
-0.1034
-0.19004
-0.26972
-0.34177
-0.4065
-0.46438
-0.51517
-0.55693
-0.58524
-0.59285
-0.57091
-0.5121
-0.41518
-0.2878
-0.14477
-0.0024887
0.12662
0.23636
0.32593
0.39769
0.45519
0.50178
0.53978
0.5698
0.5903
0.59724
0.58441
0.54494
0.47435
0.37373
0.25118
0.11957
-0.0078279
-0.12125
-0.21575
-0.29044
-0.34679
-0.38713
-0.41367
-0.42798
-0.43079
-0.4221
-0.40141
-0.3682
-0.32247
-0.26527
-0.199
-0.12721
-0.054146
0.015941
0.079388
0.13341
0.1761
0.20626
0.22317
0.22644
0.21593
0.19182
0.15474
0.10589
0.047009
-0.019656
-0.091561
-0.166
-0.24011
-0.31064
-0.37352
-0.42324
-0.45274
-0.45419
-0.42117
-0.35196
-0.25175
-0.13183
-0.0057433
0.11519
0.2244
0.32009
0.40384
0.479
0.54928
0.61755
0.68442
0.74618
0.7923
0.8042
0.75912
0.6422
0.46066
0.24499
0.032586
-0.15071
-0.2962
-0.40734
-0.49274
-0.56169
-0.62206
-0.67949
-0.73651
-0.79091
-0.83337
-0.84571
-0.80384
-0.6895
-0.50621
-0.2836
-0.061455
0.13105
0.28314
0.39762
0.48327
0.54966
0.60486
0.65466
0.70187
0.74543
0.77872
0.78844
0.75626
0.66632
0.51674
0.32578
0.12419
-0.060316
-0.21288
-0.33118
-0.42013
-0.48705
-0.53886
-0.58086
-0.61623
-0.64551
-0.66607
-0.67163
-0.6528
-0.59972
-0.50706
-0.37878
-0.22869
-0.075276
0.065493
0.18432
0.27858
0.34995
0.40194
0.43817
0.46153
0.47375
0.47542
0.46607
0.44456
0.40962
0.36068
0.29856
0.22594
0.14714
0.067411
-0.0081099
-0.075166
-0.13076
-0.1731
-0.20132
-0.21514
-0.2146
-0.20001
-0.17191
-0.13122
-0.079282
-0.017907
0.050623
0.12361
0.19792
0.26973
0.33425
0.38528
0.41528
0.41648
0.38315
0.31466
0.21703
0.10162
-0.018819
-0.13413
-0.23876
-0.3316
-0.41459
-0.49129
-0.56556
-0.64045
-0.71645
-0.78897
-0.84492
-0.86078
-0.80806
-0.67005
-0.46001
-0.21905
0.0085706
0.19706
0.34165
0.44985
0.53307
0.60224
0.66619
0.73109
0.79934
0.86711
0.92052
0.933
0.87116
0.71514
0.4811
0.21768
-0.025143
-0.22084
-0.36689
-0.47336
-0.55337
-0.61866
-0.67832
-0.73832
-0.80061
-0.86086
-0.90506
-0.90785
-0.83898
-0.68232
-0.4549
-0.20197
0.030927
0.21955
0.36129
0.46514
0.54309
0.60596
0.66208
0.71682
0.77173
0.8227
0.85745
0.85462
0.7893
0.64799
0.44348
0.21237
-0.0059206
-0.18766
-0.32754
-0.43148
-0.50923
-0.57025
-0.62202
-0.66944
-0.71426
-0.75388
-0.77981
-0.7772
-0.72799
-0.61989
-0.45708
-0.26237
-0.066266
0.10741
0.24805
0.35587
0.43664
0.4975
0.54476
0.58299
0.61459
0.63931
0.65381
0.65144
0.62327
0.56115
0.46231
0.33292
0.18723
0.042159
-0.088681
-0.19792
-0.28385
-0.34825
-0.39428
-0.42506
-0.44296
-0.4494
-0.44479
-0.42883
-0.40085
-0.36041
-0.30789
-0.24496
-0.17466
-0.10109
-0.028716
0.038314
0.096652
0.14392
0.1786
0.19982
0.20717
0.20051
0.18003
0.14632
0.10039
0.043809
-0.021397
-0.092797
-0.16763
-0.24272
-0.31417
-0.37691
-0.4242
-0.44784
-0.43959
-0.39413
-0.31233
-0.20252
-0.078029
0.047601
0.16467
0.26876
0.35993
0.44102
0.51609
0.58913
0.66286
0.73686
0.80484
0.85134
0.85114
0.77733
0.6197
0.39933
0.15991
-0.058179
-0.23491
-0.36926
-0.47005
-0.54862
-0.61527
-0.67809
-0.74232
-0.80902
-0.87238
-0.91602
-0.91186
-0.829
-0.65534
-0.41516
-0.15818
0.071319
0.25322
0.38833
0.48737
0.56283
0.62557
0.68372
0.74231
0.80206
0.85706
0.8917
0.88032
0.79571
0.62813
0.39983
0.15542
-0.06477
-0.24134
-0.37389
-0.47149
-0.54539
-0.60551
-0.65931
-0.71133
-0.76227
-0.80721
-0.83355
-0.82094
-0.74759
-0.60407
-0.40506
-0.18489
0.021356
0.19309
0.32588
0.4251
0.4995
0.5576
0.60607
0.64921
0.68838
0.72102
0.73958
0.73149
0.68201
0.5815
0.43355
0.25673
0.076534
-0.08597
-0.22008
-0.32445
-0.40301
-0.46147
-0.50514
-0.53802
-0.56232
-0.57829
-0.58398
-0.57544
-0.5474
-0.49513
-0.41688
-0.31594
-0.20068
-0.082168
0.029195
0.12612
0.20501
0.26518
0.3076
0.33385
0.34542
0.34348
0.32879
0.30198
0.26374
0.21514
0.15783
0.094034
0.026459
-0.041996
-0.10846
-0.17025
-0.22485
-0.26977
-0.3024
-0.31997
-0.31978
-0.29977
-0.25934
-0.20002
-0.12563
-0.04162
0.046185
0.13275
0.21462
0.29
0.35839
0.4199
0.47445
0.52088
0.55607
0.5744
0.56805
0.52911
0.45329
0.34364
0.21116
0.071252
-0.061964
-0.17941
-0.27768
-0.35753
-0.4218
-0.4738
-0.51626
-0.55058
-0.5763
-0.59062
-0.58836
-0.56284
-0.50812
-0.42235
-0.31018
-0.18246
-0.052619
0.067707
0.17127
0.25535
0.32041
0.36846
0.40179
0.42228
0.43106
0.42841
0.41401
0.38723
0.34771
0.29592
0.23357
0.16371
0.090366
0.01792
-0.049585
-0.10889
-0.15766
-0.19439
-0.21817
-0.22847
-0.22503
-0.20786
-0.17736
-0.13442
-0.080486
-0.017581
0.051887
0.12528
0.19982
0.27252
0.33984
0.39713
0.43822
0.45559
0.44177
0.39218
0.30812
0.19781
0.074014
-0.050374
-0.16611
-0.2689
-0.35867
-0.43794
-0.51033
-0.57926
-0.64673
-0.71165
-0.76753
-0.8002
-0.78846
-0.71152
-0.5634
-0.36281
-0.1456
0.054756
0.22046
0.34917
0.4473
0.52405
0.58811
0.64639
0.7032
0.75915
0.80918
0.84019
0.8308
0.75793
0.61157
0.40747
0.18201
-0.02817
-0.20224
-0.33632
-0.43657
-0.51238
-0.57271
-0.6246
-0.67257
-0.71785
-0.75721
-0.78134
-0.7746
-0.71894
-0.60348
-0.43487
-0.23781
-0.042885
0.12748
0.26425
0.36869
0.44698
0.50631
0.55286
0.591
0.62283
0.64768
0.66161
0.65728
0.62518
0.55718
0.45149
0.31591
0.16615
0.019627
-0.11052
-0.21783
-0.30148
-0.3638
-0.40824
-0.438
-0.45541
-0.46175
-0.45723
-0.44128
-0.41296
-0.37158
-0.31742
-0.25219
-0.17919
-0.10287
-0.028081
0.040774
0.10023
0.14793
0.18246
0.20312
0.20964
0.20204
0.18063
0.14607
0.099446
0.042331
-0.023218
-0.094728
-0.16934
-0.24367
-0.31356
-0.37354
-0.41659
-0.43452
-0.41971
-0.36814
-0.28225
-0.17135
-0.048688
0.073218
0.18597
0.28621
0.3746
0.4542
0.52906
0.60295
0.67812
0.7532
0.82017
0.86115
0.84893
0.75763
0.58262
0.35192
0.11181
-0.10017
-0.26849
-0.39526
-0.4906
-0.56607
-0.63175
-0.69533
-0.76144
-0.83005
-0.89326
-0.93154
-0.91384
-0.8099
-0.6145
-0.36099
-0.10261
0.11994
0.29211
0.41851
0.51132
0.58328
0.64493
0.70397
0.7647
0.82658
0.8814
0.91009
0.88383
0.77617
0.58453
0.34073
0.093407
-0.12037
-0.28698
-0.41016
-0.50088
-0.57079
-0.62958
-0.68427
-0.73865
-0.79204
-0.83711
-0.85767
-0.82993
-0.73221
-0.56142
-0.34203
-0.11416
0.08866
0.25126
0.37407
0.46519
0.53442
0.59032
0.63924
0.68479
0.72701
0.76108
0.77605
0.75547
0.68293
0.55222
0.37541
0.17949
-0.0070945
-0.16609
-0.29181
-0.3871
-0.4584
-0.51245
-0.55479
-0.58906
-0.61662
-0.63615
-0.64325
-0.63072
-0.59012
-0.51542
-0.40713
-0.27426
-0.13177
0.0050081
0.1251
0.2234
0.29947
0.35542
0.3942
0.41849
0.43019
0.43032
0.41913
0.39636
0.36175
0.31548
0.25872
0.19379
0.12405
0.053461
-0.014004
-0.074881
-0.12647
-0.16686
-0.19479
-0.20946
-0.21039
-0.19746
-0.17089
-0.13142
-0.080343
-0.019506
0.0488
0.12202
0.19741
0.27197
0.34206
0.40286
0.44782
0.46877
0.45739
0.40829
0.32245
0.20856
0.080393
-0.048104
-0.16706
-0.27208
-0.36331
-0.44365
-0.51715
-0.58769
-0.65773
-0.72657
-0.78788
-0.8269
-0.82054
-0.74507
-0.59241
-0.38226
-0.15411
0.055242
0.22675
0.35859
0.45827
0.536
0.60127
0.66155
0.72157
0.78216
0.83792
0.87433
0.86717
0.79002
0.6319
0.41195
0.17225
-0.04707
-0.2252
-0.36018
-0.46015
-0.53593
-0.59736
-0.652
-0.70459
-0.75615
-0.80232
-0.83118
-0.82293
-0.7555
-0.61784
-0.42252
-0.20284
0.0054665
0.18039
0.31632
0.4181
0.49439
0.55378
0.60316
0.64705
0.68706
0.72097
0.74159
0.73649
0.69069
0.59365
0.44779
0.271
0.089041
-0.076183
-0.21313
-0.31997
-0.40051
-0.46053
-0.50549
-0.53955
-0.56509
-0.58247
-0.58983
-0.58314
-0.55693
-0.50606
-0.42834
-0.32676
-0.20976
-0.08877
0.025334
0.12487
0.20607
0.26821
0.31236
0.34021
0.35338
0.35309
0.34013
0.31507
0.27854
0.23149
0.17545
0.11261
0.045647
-0.022487
-0.08886
-0.15075
-0.20571
-0.25141
-0.28556
-0.30577
-0.30969
-0.29538
-0.262
-0.2104
-0.14342
-0.065574
0.017873
0.10199
0.18299
0.25853
0.32755
0.38971
0.44468
0.49135
0.52705
0.54699
0.54443
0.51232
0.44628
0.34793
0.22601
0.093909
-0.03501
-0.15124
-0.25034
-0.33198
-0.39819
-0.4518
-0.49533
-0.53025
-0.55637
-0.57147
-0.57115
-0.54954
-0.50114
-0.42361
-0.32027
-0.20018
-0.075483
0.042475
0.14594
0.23136
0.29838
0.34844
0.38352
0.40536
0.4151
0.41315
0.39936
0.37332
0.33486
0.28455
0.22405
0.15621
0.08479
0.01386
-0.052762
-0.11193
-0.16132
-0.19933
-0.22492
-0.23737
-0.23623
-0.22131
-0.19285
-0.15162
-0.099076
-0.037274
0.031264
0.10382
0.17771
0.25026
0.31866
0.37943
0.42787
0.45777
0.46188
0.43374
0.37067
0.27623
0.16021
0.035535
-0.08607
-0.19702
-0.29444
-0.37904
-0.45355
-0.5213
-0.58502
-0.64564
-0.70062
-0.74211
-0.75583
-0.72337
-0.63045
-0.47823
-0.28755
-0.089478
0.089997
0.23814
0.35411
0.44355
0.51408
0.57282
0.62517
0.67412
0.71919
0.75499
0.76993
0.74722
0.67082
0.53596
0.35647
0.16026
-0.024685
-0.18124
-0.30476
-0.39867
-0.46965
-0.52451
-0.56874
-0.60584
-0.63688
-0.65988
-0.6693
-0.65628
-0.61081
-0.5263
-0.40467
-0.25799
-0.10429
0.039582
0.16294
0.26199
0.33774
0.39348
0.4329
0.45903
0.47385
0.47814
0.47157
0.45302
0.42113
0.37502
0.31513
0.24377
0.16503
0.084161
0.0065131
-0.063355
-0.12214
-0.16784
-0.19945
-0.21662
-0.21938
-0.208
-0.18299
-0.14516
-0.095746
-0.036463
0.030521
0.10261
0.1768
0.2495
0.31625
0.37132
0.40758
0.41723
0.39382
0.33507
0.24511
0.134
0.014401
-0.10262
-0.2102
-0.30607
-0.39142
-0.46943
-0.54393
-0.61826
-0.69377
-0.76755
-0.82918
-0.8581
-0.82632
-0.71219
-0.51982
-0.28409
-0.050622
0.14897
0.30476
0.42171
0.51061
0.58262
0.64715
0.71111
0.77804
0.84618
0.90487
0.93127
0.89291
0.76393
0.54923
0.29021
0.039217
-0.1699
-0.32878
-0.44492
-0.53103
-0.59933
-0.65961
-0.71871
-0.77983
-0.84075
-0.89068
-0.90768
-0.86203
-0.73161
-0.52283
-0.27433
-0.033815
0.16766
0.32194
0.43544
0.51963
0.58575
0.6428
0.69698
0.75106
0.80292
0.84316
0.85342
0.80938
0.69271
0.50721
0.28291
0.059859
-0.13281
-0.28451
-0.39823
-0.48281
-0.54781
-0.60125
-0.64877
-0.69318
-0.73345
-0.76342
-0.77077
-0.73866
-0.65242
-0.50992
-0.32737
-0.13299
0.04685
0.19714
0.31462
0.40324
0.46956
0.52004
0.55972
0.59168
0.61672
0.63289
0.63529
0.61652
0.56875
0.48735
0.37466
0.24099
0.10127
-0.030266
-0.14412
-0.2363
-0.30691
-0.35816
-0.39285
-0.41339
-0.42145
-0.41786
-0.4028
-0.37614
-0.33784
-0.28849
-0.22962
-0.16384
-0.094593
-0.025714
0.039136
0.096843
0.14501
0.18192
0.20639
0.21762
0.21513
0.19875
0.1688
0.12613
0.072258
0.0092557
-0.060413
-0.13411
-0.20917
-0.28278
-0.35166
-0.41142
-0.45599
-0.47763
-0.46811
-0.42164
-0.33836
-0.22604
-0.098022
0.031579
0.15229
0.25902
0.35139
0.43195
0.50453
0.57287
0.63944
0.70387
0.76081
0.79758
0.79399
0.72852
0.59178
0.39821
0.18177
-0.022625
-0.19431
-0.32869
-0.43111
-0.51048
-0.57563
-0.63373
-0.68953
-0.74437
-0.79441
-0.82842
-0.82692
-0.76713
-0.636
-0.44382
-0.22323
-0.011184
0.16842
0.30874
0.41418
0.49349
0.55559
0.60773
0.65481
0.69876
0.73749
0.76347
0.76318
0.71971
0.62059
0.46783
0.28118
0.089329
-0.083711
-0.22592
-0.33607
-0.41895
-0.4812
-0.52897
-0.56683
-0.59738
-0.62078
-0.63442
-0.63274
-0.60799
-0.55271
-0.46361
-0.34494
-0.20849
-0.069539
0.058559
0.16761
0.25473
0.32069
0.36797
0.39931
0.41699
0.42246
0.4164
0.39885
0.36964
0.32883
0.27716
0.21642
0.14944
0.079817
0.011405
-0.052208
-0.10805
-0.15387
-0.1881
-0.20967
-0.21785
-0.21223
-0.19277
-0.15988
-0.11457
-0.058483
0.0062222
0.07703
0.15129
0.22632
0.2992
0.36641
0.42315
0.46288
0.47753
0.45913
0.40311
0.31153
0.19392
0.064335
-0.063719
-0.1811
-0.28405
-0.37313
-0.45137
-0.5227
-0.59067
-0.65723
-0.72096
-0.77479
-0.80384
-0.78648
-0.70257
-0.54812
-0.344
-0.12675
0.071187
0.23357
0.35915
0.45481
0.52981
0.59269
0.65013
0.70613
0.76091
0.80886
0.83634
0.82186
0.74334
0.59275
0.38761
0.16437
-0.041798
-0.21167
-0.34228
-0.43998
-0.514
-0.57304
-0.62384
-0.67062
-0.71435
-0.75152
-0.77271
-0.76259
-0.704
-0.58734
-0.42002
-0.22637
-0.03572
0.13069
0.26437
0.36656
0.4432
0.50112
0.54623
0.58267
0.61238
0.63469
0.64589
0.63921
0.60607
0.53931
0.43753
0.30796
0.16489
0.02436
-0.10123
-0.20544
-0.28702
-0.34778
-0.3907
-0.41863
-0.43374
-0.43724
-0.4295
-0.41027
-0.37914
-0.33601
-0.28167
-0.21811
-0.14852
-0.076867
-0.0073178
0.056374
0.11122
0.15508
0.18656
0.2048
0.20931
0.19993
0.17682
0.1406
0.092396
0.033902
-0.032731
-0.10501
-0.18021
-0.25529
-0.32658
-0.38928
-0.4369
-0.46133
-0.45415
-0.40955
-0.32787
-0.21707
-0.090594
0.037525
0.15702
0.26304
0.35539
0.43682
0.51136
0.58302
0.65451
0.72562
0.7906
0.83516
0.8359
0.76736
0.61866
0.40768
0.17476
-0.04079
-0.21788
-0.35383
-0.45624
-0.53573
-0.60226
-0.66374
-0.72536
-0.78843
-0.848
-0.88963
-0.88825
-0.81528
-0.65718
-0.43249
-0.1854
0.041081
0.22454
0.3629
0.46491
0.54207
0.60481
0.66114
0.71617
0.77117
0.82169
0.85508
0.84974
0.78119
0.63705
0.4314
0.20117
-0.014953
-0.19425
-0.33207
-0.43454
-0.51138
-0.57191
-0.62347
-0.67084
-0.71556
-0.7548
-0.77981
-0.77549
-0.72385
-0.61316
-0.4485
-0.25326
-0.057911
0.11431
0.25335
0.35981
0.43955
0.4997
0.5465
0.58443
0.61577
0.64016
0.65409
0.65078
0.62126
0.5575
0.45708
0.32661
0.18058
0.035884
-0.094111
-0.20232
-0.28724
-0.35076
-0.39606
-0.42624
-0.44364
-0.44961
-0.44454
-0.42808
-0.39958
-0.3586
-0.30557
-0.24222
-0.17166
-0.098001
-0.025732
0.041022
0.098953
0.14572
0.17985
0.20049
0.20722
0.19996
0.1789
0.14464
0.098219
0.041222
-0.024301
-0.095907
-0.17081
-0.24582
-0.317
-0.37919
-0.4256
-0.44797
-0.43813
-0.39097
-0.30772
-0.197
-0.072232
0.053136
0.16964
0.2731
0.36374
0.44446
0.51936
0.59241
0.66621
0.74015
0.8076
0.85262
0.84964
0.77207
0.61089
0.3886
0.14937
-0.067144
-0.24189
-0.37449
-0.47404
-0.55186
-0.61819
-0.681
-0.74537
-0.81214
-0.87509
-0.91727
-0.91019
-0.82322
-0.64569
-0.40351
-0.14691
0.08072
0.26038
0.3936
0.4913
0.56597
0.62835
0.68646
0.74514
0.8049
0.85944
0.89264
0.87847
0.79003
0.61885
0.38866
0.14452
-0.073981
-0.24846
-0.37918
-0.47546
-0.54853
-0.60822
-0.66189
-0.71392
-0.76478
-0.80927
-0.83434
-0.81938
-0.74278
-0.59604
-0.39504
-0.17467
0.030385
0.20035
0.33143
0.42929
0.50277
0.56029
0.60847
0.65148
0.69051
0.72276
0.74046
0.73075
0.67894
0.57582
0.42574
0.24793
0.06798
-0.093454
-0.22619
-0.32923
-0.40672
-0.46438
-0.5075
-0.53999
-0.564
-0.57964
-0.58487
-0.57558
-0.54648
-0.49286
-0.41316
-0.31096
-0.1949
-0.076163
0.034922
0.13123
0.20934
0.2687
0.31037
0.33594
0.34691
0.34443
0.32926
0.30201
0.26336
0.21442
0.15684
0.092877
0.025258
-0.043108
-0.10935
-0.1708
-0.22495
-0.26935
-0.30142
-0.31846
-0.31784
-0.29755
-0.25706
-0.19792
-0.12392
-0.040404
0.046862
0.13293
0.21437
0.2894
0.35747
0.41866
0.4728
0.51869
0.55314
0.57053
0.56316
0.52335
0.44708
0.33762
0.20597
0.067289
-0.064608
-0.18088
-0.27822
-0.35739
-0.42116
-0.47276
-0.51483
-0.54871
-0.57386
-0.58746
-0.58437
-0.55802
-0.5027
-0.41677
-0.30504
-0.17826
-0.049636
0.069438
0.17188
0.25505
0.31938
0.36682
0.39961
0.41955
0.42773
0.42443
0.40933
0.38187
0.34177
0.28958
0.2271
0.1574
0.084484
0.012655
-0.054137
-0.11272
-0.16082
-0.19696
-0.22021
-0.23003
-0.22613
-0.20851
-0.17756
-0.13418
-0.079872
-0.016685
0.052935
0.12633
0.20077
0.27331
0.34053
0.39793
0.43952
0.45789
0.44557
0.39773
0.31526
0.20597
0.082441
-0.042337
-0.15883
-0.26242
-0.3528
-0.43235
-0.50459
-0.57296
-0.63952
-0.70339
-0.75858
-0.79174
-0.78258
-0.71064
-0.56888
-0.37385
-0.15974
0.040136
0.207
0.33741
0.43705
0.51471
0.57899
0.63674
0.69239
0.74684
0.79569
0.82699
0.82083
0.75496
0.61815
0.42296
0.20293
-0.0059532
-0.1815
-0.31811
-0.42072
-0.4981
-0.55898
-0.61038
-0.65693
-0.70025
-0.73785
-0.76178
-0.75822
-0.71051
-0.60719
-0.45173
-0.2648
-0.074836
0.095181
0.23424
0.3417
0.42251
0.48322
0.52981
0.56668
0.59621
0.6184
0.63048
0.62683
0.59987
0.54254
0.45213
0.33338
0.19814
0.061322
-0.064254
-0.17084
-0.25579
-0.31991
-0.36559
-0.39547
-0.41171
-0.41567
-0.40801
-0.3888
-0.35798
-0.31575
-0.26304
-0.20178
-0.13486
-0.065819
0.0016107
0.064011
0.11856
0.16313
0.19619
0.21664
0.22372
0.21697
0.19631
0.16219
0.1157
0.058583
-0.0068396
-0.077955
-0.15208
-0.22659
-0.2988
-0.36554
-0.42255
-0.46388
-0.48194
-0.46879
-0.41907
-0.33338
-0.21978
-0.091595
0.037363
0.15699
0.26247
0.35353
0.43271
0.50369
0.57
0.63381
0.69446
0.74647
0.77753
0.76885
0.70112
0.56686
0.38022
0.17258
-0.02397
-0.19012
-0.32116
-0.42164
-0.49963
-0.56327
-0.61918
-0.67173
-0.72204
-0.76657
-0.79525
-0.79102
-0.73419
-0.61318
-0.43606
-0.23043
-0.029195
0.14466
0.28292
0.38804
0.46719
0.52827
0.57788
0.62064
0.65856
0.69035
0.71051
0.70898
0.6729
0.59182
0.46497
0.30498
0.13359
-0.027933
-0.16613
-0.27654
-0.3609
-0.42372
-0.4699
-0.50347
-0.52702
-0.54151
-0.54615
-0.53851
-0.51508
-0.47236
-0.40855
-0.32511
-0.22734
-0.12334
-0.021799
0.070079
0.14765
0.20877
0.25312
0.28129
0.29425
0.29288
0.27797
