0.6029
0.94019
0.26729
0.60807
0.93893
0.27239
0.61784
0.93589
0.28459
0.64077
0.92531
0.32599
0.7138
0.85778
0.55527
0.94096
0.26417
0.60205
0.94038
0.26653
0.60661
0.93931
0.27085
0.61491
0.93689
0.28058
0.63331
0.92929
0.3106
0.68755
0.88819
0.45941
0.888
0.46006
0.88858
0.4581
0.88681
0.464
0.89205
0.44637
0.87571
0.50018
0.91886
0.3505
0.75323
0.79841
0.70916
0.86366
0.53764
0.93647
0.28227
0.63646
0.92767
0.31688
0.6984
0.87648
0.49772
0.91733
0.35622
0.76199
0.78291
0.74242
0.81635
0.66715
0.90701
0.39407
0.81554
0.66914
0.90536
0.39999
0.82319
0.65015
0.91957
0.34782
0.74907
0.80547
0.69309
0.88236
0.4787
0.90406
0.4046
0.829
0.63522
0.92832
0.31437
0.69409
0.88128
0.48223
0.90672
0.39511
0.8169
0.66582
0.9081
0.39014
0.81036
0.68161
0.8941
0.43939
0.86867
0.52229
0.93055
0.30568
0.67893
0.89665
0.43062
0.85938
0.5505
0.93999
0.2681
0.60962
0.9385
0.27411
0.6211
0.93468
0.28941
0.64966
0.91989
0.34662
0.74719
0.8086
0.68579
0.88998
0.45339
0.88247
0.47835
0.90379
0.40556
0.83019
0.63211
0.92988
0.30831
0.68355
0.89221
0.44585
0.8752
0.50181
0.91985
0.34679
0.74746
0.80814
0.68685
0.88891
0.45701
0.88582
0.46731
0.89489
0.43669
0.86586
0.53093
0.93411
0.29166
0.65379
0.91712
0.35702
0.76321
0.78069
0.74696
0.80898
0.68488
0.89089
0.45031
0.87954
0.48789
0.9108
0.38034
0.79703
0.71224
0.85978
0.54932
0.93972
0.26918
0.61171
0.9379
0.27655
0.62573
0.9328
0.29685
0.6632
0.91018
0.38259
0.80014
0.70528
0.86842
0.52306
0.93089
0.30435
0.67659
0.89882
0.42308
0.851
0.57502
0.94298
0.25595
0.58599
0.94269
0.25715
0.58836
0.94249
0.25796
0.58995
0.94233
0.25862
0.59125
0.94218
0.25922
0.59242
0.94203
0.25981
0.59358
0.94188
0.26045
0.59482
0.9417
0.26118
0.59625
0.94147
0.2621
0.59802
0.94117
0.26333
0.60042
0.94072
0.26516
0.60397
0.93995
0.26826
0.60995
0.93841
0.27448
0.6218
0.9344
0.29048
0.65163
0.91859
0.35153
0.75482
0.79566
0.71528
0.85585
0.56095
0.94187
0.26046
0.59484
0.94169
0.2612
0.59627
0.94147
0.26211
0.59806
0.94116
0.26335
0.60046
0.94071
0.2652
0.60404
0.93994
0.26833
0.61008
0.93837
0.27462
0.62208
0.93429
0.29092
0.65243
0.91805
0.35356
0.75793
0.79019
0.72714
0.83956
0.60708
0.93919
0.27134
0.61584
0.93658
0.28183
0.63563
0.92811
0.3152
0.69552
0.8797
0.48736
0.91043
0.38169
0.7989
0.70807
0.86502
0.53351
0.93506
0.2879
0.64688
0.92167
0.33992
0.73657
0.82554
0.64416
0.92333
0.33358
0.72632
0.84073
0.60388
0.93997
0.26818
0.60978
0.93846
0.27429
0.62144
0.93455
0.28993
0.65061
0.91927
0.34897
0.75086
0.80245
0.70005
0.8746
0.50372
0.92098
0.34252
0.74072
0.81906
0.66049
0.91226
0.37498
0.78953
0.72856
0.83751
0.61265
0.93761
0.2777
0.62789
0.93185
0.30057
0.66987
0.90474
0.4022
0.82599
0.64302
0.92401
0.33097
0.72205
0.84673
0.58718
0.94259
0.25754
0.58911
0.94241
0.25826
0.59054
0.94226
0.25889
0.59177
0.94212
0.25948
0.59292
0.94197
0.26009
0.59411
0.9418
0.26076
0.59541
0.94161
0.26156
0.59697
0.94135
0.26258
0.59897
0.941
0.26403
0.60178
0.94044
0.2663
0.60617
0.93942
0.2704
0.61404
0.93717
0.27946
0.6312
0.93032
0.30658
0.68053
0.89514
0.43583
0.86496
0.53369
0.93512
0.28764
0.64641
0.92196
0.3388
0.73478
0.82828
0.63711
0.92733
0.31822
0.70068
0.87386
0.50605
0.92232
0.33744
0.73259
0.83158
0.62849
0.93158
0.30163
0.67176
0.90312
0.40797
0.83316
0.6243
0.9334
0.29447
0.65889
0.91346
0.37058
0.78323
0.74175
0.81742
0.66453
0.90913
0.38641
0.80535
0.69337
0.88206
0.47969
0.90481
0.40193
0.82565
0.64388
0.9235
0.33293
0.72526
0.84224
0.59971
0.94086
0.2646
0.60288
0.9402
0.26727
0.60803
0.93894
0.27234
0.61775
0.93592
0.28447
0.64055
0.92544
0.32551
0.71299
0.85882
0.55219
0.94036
0.26662
0.60679
0.93927
0.27103
0.61525
0.93678
0.28104
0.63416
0.92886
0.31226
0.69045
0.88518
0.46943
0.89666
0.43058
0.85934
0.55062
0.94002
0.26799
0.60941
0.93856
0.27387
0.62065
0.93485
0.28872
0.6484
0.92071
0.34355
0.74235
0.81647
0.66686
0.90725
0.39321
0.81441
0.67188
0.90301
0.40833
0.83361
0.62311
0.93388
0.29255
0.65541
0.91599
0.36125
0.76955
0.76884
0.77019
0.76763
0.77249
0.76321
0.78069
0.74695
0.80899
0.68487
0.8909
0.45028
0.87951
0.48798
0.91086
0.38011
0.79672
0.71294
0.85888
0.55199
0.94032
0.26679
0.60711
0.93918
0.27137
0.61589
0.93656
0.2819
0.63576
0.92804
0.31547
0.69598
0.8792
0.48898
0.91156
0.37756
0.79316
0.72074
0.84854
0.58206
0.94291
0.25624
0.58656
0.94264
0.25733
0.58871
0.94245
0.2581
0.59022
0.9423
0.25874
0.59148
0.94215
0.25934
0.59264
0.942
0.25993
0.59381
0.94184
0.26059
0.59508
0.94166
0.26135
0.59656
0.94142
0.26231
0.59843
0.9411
0.26363
0.601
0.9406
0.26564
0.60489
0.93974
0.26914
0.61162
0.93792
0.27644
0.62553
0.93288
0.29651
0.66259
0.91066
0.38085
0.79775
0.71065
0.8618
0.54327
0.93817
0.27543
0.62361
0.93368
0.29335
0.65686
0.91495
0.3651
0.77527
0.75779
0.79045
0.7266
0.84034
0.60494
0.93972
0.26919
0.61172
0.93789
0.27656
0.62575
0.93279
0.29689
0.66326
0.91013
0.38277
0.80039
0.70471
0.86911
0.52094
0.92994
0.30805
0.68311
0.89265
0.44436
0.87371
0.50651
0.92258
0.33643
0.73095
0.834
0.62206
0.9343
0.29088
0.65236
0.9181
0.35337
0.75764
0.79071
0.72603
0.84114
0.60274
0.94023
0.26714
0.60779
0.939
0.27209
0.61727
0.93609
0.28379
0.63929
0.92614
0.3228
0.70846
0.86454
0.53497
0.93557
0.28585
0.64312
0.92395
0.33119
0.72242
0.84622
0.58862
0.94246
0.25807
0.59016
0.9423
0.25871
0.59142
0.94216
0.25931
0.59258
0.94201
0.2599
0.59375
0.94185
0.26055
0.59501
0.94167
0.2613
0.59648
0.94144
0.26225
0.59832
0.94112
0.26355
0.60084
0.94063
0.26551
0.60464
0.93979
0.2689
0.61117
0.93806
0.2759
0.6245
0.93331
0.29481
0.6595
0.91301
0.37225
0.78563
0.73678
0.82522
0.64497
0.92285
0.33543
0.72934
0.83637
0.61571
0.93662
0.28165
0.63531
0.92827
0.31455
0.69441
0.88093
0.48337
0.90756
0.39209
0.81295
0.67543
0.89987
0.41939
0.84678
0.58704
0.9426
0.25749
0.58902
0.94242
0.25823
0.59047
0.94227
0.25885
0.5917
0.94212
0.25945
0.59285
0.94198
0.26005
0.59404
0.94181
0.26072
0.59533
0.94162
0.2615
0.59687
0.94137
0.26252
0.59884
0.94102
0.26393
0.60159
0.94048
0.26613
0.60585
0.9395
0.27008
0.61343
0.93737
0.27867
0.62973
0.93101
0.30386
0.67573
0.8996
0.42034
0.84788
0.58394
0.94282
0.25661
0.58729
0.94258
0.25757
0.58919
0.94241
0.25829
0.5906
0.94225
0.25892
0.59182
0.94211
0.25951
0.59297
0.94196
0.26011
0.59416
0.94179
0.26079
0.59548
0.9416
0.2616
0.59705
0.94134
0.26264
0.59908
0.94098
0.26411
0.60194
0.9404
0.26644
0.60643
0.93936
0.27067
0.61456
0.937
0.28012
0.63244
0.92971
0.30894
0.68466
0.89111
0.44957
0.87883
0.49019
0.91239
0.37451
0.78886
0.72998
0.83544
0.61823
0.93575
0.28514
0.6418
0.92472
0.32825
0.71756
0.85283
0.56976
0.94276
0.25685
0.58776
0.94254
0.25774
0.58952
0.94237
0.25843
0.59087
0.94222
0.25904
0.59207
0.94208
0.25963
0.59322
0.94193
0.26025
0.59443
0.94176
0.26095
0.59579
0.94155
0.26179
0.59744
0.94127
0.26291
0.5996
0.94088
0.26451
0.60272
0.94023
0.26712
0.60774
0.93902
0.27204
0.61717
0.93612
0.28365
0.63904
0.92628
0.32226
0.70754
0.86568
0.5315
0.93432
0.29082
0.65225
0.91817
0.35309
0.75722
0.79146
0.72443
0.84341
0.59646
0.94144
0.26224
0.5983
0.94112
0.26353
0.6008
0.94064
0.26548
0.60458
0.93981
0.26884
0.61105
0.93809
0.27576
0.62424
0.93342
0.29438
0.65873
0.91358
0.37013
0.78259
0.74307
0.81531
0.66971
0.90488
0.40171
0.82537
0.64459
0.92307
0.33456
0.72793
0.83842
0.61019
0.93834
0.27475
0.62232
0.9342
0.2913
0.65312
0.91758
0.3553
0.7606
0.78543
0.73719
0.82458
0.64662
0.92183
0.33929
0.73556
0.82708
0.6402
0.92564
0.32474
0.71171
0.86045
0.54732
0.93924
0.27112
0.61542
0.93672
0.28127
0.63458
0.92865
0.31311
0.69191
0.88363
0.47453
0.9008
0.41613
0.84298
0.59767
0.94123
0.26307
0.59992
0.94081
0.26477
0.60321
0.94013
0.26756
0.6086
0.93879
0.27296
0.61893
0.93549
0.28616
0.64368
0.92362
0.33248
0.72453
0.84327
0.59686
0.94137
0.26251
0.59883
0.94102
0.26392
0.60157
0.94048
0.26612
0.60581
0.93951
0.27005
0.61336
0.93739
0.27859
0.62957
0.93108
0.30358
0.67523
0.90005
0.41876
0.84605
0.5891
0.94242
0.25826
0.59053
0.94226
0.25888
0.59176
0.94212
0.25947
0.59291
