5.0918
4.1689
4.9756
5.7561
6.1162
0.032943
0.26506
0.7439
1.6907
1.8969
0.90389
0.38251
0.2173
0.26861
0.58312
1.3684
2.1328
1.1799
0.5364
0.37445
0.58466
1.2995
2.1648
1.265
0.578
0.39956
0.61796
1.3614
2.1702
1.2283
0.59547
0.50584
0.91002
1.8802
1.8155
0.86304
0.47522
0.55208
1.1404
2.1208
1.4401
0.62507
0.30315
0.27855
0.52977
1.2357
2.1367
1.2875
0.54316
0.25107
0.20576
0.3655
0.86752
1.8518
1.7483
0.78761
0.30647
0.11222
0.029047
6.258
6.1787
5.996
5.5422
4.6059
4.3563
5.3509
5.8604
5.972
5.7741
5.1235
4.1674
4.9135
5.7149
6.0685
6.2147
0.0096172
0.097322
0.28141
0.73121
1.6624
1.9401
0.944
0.43085
0.32304
0.53642
1.2191
2.1403
1.3158
0.56023
0.26825
0.2402
0.45076
1.0662
2.0537
1.4556
0.59068
0.15193
6.1374
5.7042
4.8484
4.2198
5.2023
5.8289
6.0499
6.0394
5.7879
5.1066
4.1691
4.9515
5.7418
6.1035
0.0094882
0.20798
0.60457
1.4527
2.0788
1.093
0.49062
0.33544
0.5141
1.1535
2.1155
1.3836
0.57791
0.22666
0.094786
0.057326
0.077181
0.17407
0.44186
1.0959
2.0677
1.3971
0.55057
0.10764
6.0468
5.4924
4.5108
4.52
5.4998
6.0527
0.11736
0.57262
1.4377
2.0497
1.0658
0.43339
0.18473
0.11822
0.16985
0.38954
0.96326
1.9633
1.5776
0.65756
0.16894
6.1172
5.6311
4.7144
4.313
5.3129
5.8891
6.1074
6.1515
6.0642
5.7626
5.0266
4.1553
5.0324
5.7642
6.0615
6.1417
6.0805
5.8196
5.1546
4.195
4.9143
5.7391
6.1522
0.15967
0.59873
1.4678
2.0492
1.0593
0.45131
0.25045
0.29863
0.63856
1.4721
2.1041
1.1154
0.54563
0.48504
0.89684
1.8659
1.8203
0.86357
0.463
0.51383
1.049
2.0481
1.551
0.67367
0.28728
0.17807
0.24664
0.55672
1.3223
2.1342
1.2069
0.52695
0.30794
0.39498
0.85864
1.8323
1.8008
0.83483
0.37798
0.28165
0.46576
1.0717
2.0602
1.462
0.60045
0.17639
6.201
5.864
5.1731
4.2184
4.9331
5.772
6.2374
0.37855
1.1075
2.0457
1.3088
0.46499
6.2346
5.6799
4.7511
4.3449
5.3437
5.974
0.0551
0.47011
1.2522
2.089
1.1988
0.45078
0.066598
6.0279
5.4773
4.4938
4.5305
5.5067
6.0511
0.10484
0.53845
1.3728
2.0774
1.115
0.44741
0.16759
0.051827
6.2709
6.1944
6.0299
5.6234
4.7423
4.2433
5.2419
5.7923
5.8842
5.582
4.7362
4.1828
5.1812
5.6829
5.6083
4.9269
4.0667
4.9916
5.612
5.61
4.985
4.0649
4.9323
5.6072
5.672
5.1524
4.1581
4.7717
5.5963
5.8751
5.7499
5.1377
4.1648
4.8689
5.6801
6.0165
6.0929
5.9792
5.5734
4.6699
4.2799
5.2794
5.7895
5.8309
5.4316
4.4788
4.404
5.3769
5.7946
5.737
5.1693
4.1801
4.8082
5.6428
5.983
6.0299
5.825
5.2084
4.2225
4.8344
5.6939
6.1245
0.12386
0.52276
1.3262
2.0984
1.1607
0.46826
0.17603
0.055807
6.2743
6.2008
6.0455
5.662
4.8127
4.2025
5.1918
5.7775
5.8973
5.6345
4.8423
4.1346
5.113
5.685
5.6959
5.1508
4.1603
4.7969
5.6191
5.9158
5.8497
5.3705
4.383
4.5532
5.4992
5.94
6.0531
5.9366
5.4897
4.5387
4.3988
5.3838
5.8616
5.9381
5.6728
4.9028
4.1306
5.0857
5.7098
5.8101
5.4461
4.5107
4.3518
5.3317
5.7379
5.6113
4.8946
4.0788
5.0279
5.6219
5.5968
4.9437
4.0568
4.9637
5.5974
5.5979
4.9655
4.0572
4.9424
5.5972
5.625
5.0357
4.0824
4.8882
5.6122
5.7504
5.3665
4.4001
4.4523
5.404
5.7742
5.6449
4.9501
4.0875
5.0024
5.6508
5.7239
5.2568
4.2585
4.6439
5.5381
5.8917
5.8617
5.4255
4.4595
4.4507
5.4189
5.8572
5.8848
5.5226
4.6176
4.2797
5.2758
5.7335
5.6594
5.0167
4.0932
4.9416
5.6499
5.803
5.4824
4.5791
4.2738
5.2656
5.6778
5.4982
4.6759
4.1373
5.1372
5.5437
5.2282
4.2472
4.5142
5.4065
5.6301
5.2155
4.2183
4.6247
5.4993
5.7764
5.5524
4.735
4.1405
5.1384
5.6098
5.4282
4.567
4.1889
5.1797
5.5051
5.0733
4.0769
4.7372
5.5044
5.5998
5.0453
4.0776
4.8545
5.5878
5.7153
5.2892
4.2985
4.5721
5.4863
5.8353
5.7441
5.1547
4.1723
4.8378
5.6616
6.0012
6.0656
5.913
5.4132
4.4289
4.5347
5.4947
5.973
6.1605
6.2262
6.2351
6.1959
6.0698
5.7364
4.9613
4.1579
5.0871
5.7712
6.0101
5.9783
5.6479
4.8218
4.1714
5.1574
5.7321
5.7932
5.3774
4.4051
4.4762
5.4293
5.8276
5.7817
5.2612
4.2612
4.696
5.5893
5.9885
6.1043
6.0414
5.7414
4.9924
4.1486
5.0531
5.7573
6.01
5.9923
5.6886
4.9034
4.1464
5.1039
5.7359
5.8724
5.6019
4.7855
4.15
5.142
5.6696
5.612
4.9459
4.0661
4.9754
5.6137
5.6364
5.0521
4.0922
4.8784
5.6178
5.784
5.4577
4.5418
4.3018
5.2876
5.6835
5.492
4.6594
4.1504
5.15
5.5484
5.229
4.2472
4.5175
5.4097
5.6365
5.2307
4.2358
4.6031
5.4876
5.7733
5.555
4.7425
4.1353
5.1324
5.6079
5.4291
4.5699
4.1856
5.1768
5.5028
5.0693
4.0735
4.7406
5.5041
5.5935
5.0288
4.0688
4.8688
5.5861
5.6886
5.2165
4.2165
4.6815
5.552
5.8715
5.785
5.2329
4.235
4.7506
5.6265
6.0256
6.178
6.2257
6.216
6.1392
5.9202
5.369
4.3716
4.6364
5.5779
6.076
0.10207
0.50657
1.304
2.0963
1.1711
0.46152
0.14002
6.237
6.0057
5.5166
4.5593
4.4196
5.408
5.9246
6.108
6.1173
5.9613
5.5009
4.5485
4.4029
5.3896
5.8812
5.9929
5.8154
5.2131
4.2237
4.8163
5.6789
6.1013
0.069675
0.38798
1.0413
2.0247
1.4305
0.55095
0.050715
5.8782
5.1086
4.2225
5.0484
5.853
0.053563
0.58344
1.4929
1.9783
0.9832
0.34902
0.017494
5.9857
5.4064
4.4093
4.6344
5.5882
6.1284
0.24935
0.86668
1.8659
1.6124
0.65642
0.078282
5.8489
5.0227
4.234
5.1429
5.9012
0.078588
0.60746
1.5261
1.9618
0.96354
0.3449
0.028323
6.0219
5.4949
4.5207
4.4849
5.4666
5.9999
6.2756
0.26066
0.76815
1.7318
1.841
0.85385
0.32594
0.097781
6.2489
6.0831
5.7245
4.9255
4.1687
5.1196
5.7804
5.9979
5.9318
5.5263
4.6039
4.3199
5.3145
5.7917
5.7977
5.3365
4.347
4.5659
5.4992
5.9066
5.9496
5.6632
4.8733
4.1414
5.1103
5.7139
5.7924
5.3919
4.4275
4.4449
5.4046
5.8008
5.7257
5.1345
4.1566
4.85
5.6588
5.9714
5.9774
5.6821
4.8982
4.1432
5.1024
5.7285
5.8499
5.5435
4.6755
4.2113
5.2111
5.6732
5.544
4.7804
4.0843
5.0742
5.5569
5.3362
4.4156
4.3114
5.2677
5.5235
5.0432
4.0577
4.7921
5.5271
5.5967
5.0182
4.0662
4.8838
5.5906
5.6828
5.1963
4.1966
4.7106
5.5675
5.8759
5.7824
5.2222
4.2258
4.7665
5.6357
6.0309
6.1842
6.2392
6.2501
6.228
6.1509
5.9429
5.4204
4.4328
4.554
5.515
6.0144
6.2656
0.21663
0.65432
1.5488
2.0154
1.0162
0.45543
0.31596
0.4911
1.1098
2.0887
1.4262
0.5895
0.19841
6.2796
6.074
5.6698
4.8127
4.2143
5.204
5.7972
5.9457
5.7585
5.1043
4.1554
4.925
5.7116
6.039
6.1284
6.0631
5.7816
5.0734
4.1628
4.9908
5.7574
6.0983
6.2606
0.11741
0.3724
0.96175
1.9615
1.5612
0.64098
0.13757
6.0406
5.4494
4.4548
4.6074
5.5742
6.1419
0.30485
0.99901
1.98
1.4115
0.50903
6.2141
5.581
4.5978
4.5293
5.5227
6.1637
0.42545
1.2679
2.0335
1.1161
0.3556
6.152
5.5551
4.5756
4.5094
5.5
6.106
0.27902
0.96268
1.9522
1.4501
0.53113
6.2217
5.5807
4.5956
4.5399
5.5331
6.1802
0.46245
1.3365
2.012
1.0569
0.32951
6.1465
5.5642
4.5906
4.4824
5.475
6.073
0.20749
0.80336
1.795
1.7
0.7251
0.14299
5.9659
5.2516
4.2843
4.9166
5.8034
0.093705
0.7413
1.7335
1.6959
0.70908
0.065612
5.7569
4.8402
4.327
5.3152
6.0015
0.17544
0.78076
1.771
1.7107
0.73068
0.13358
5.9318
5.1755
4.2523
5.0066
5.8537
0.11937
0.76386
1.7582
1.6775
0.69499
0.059744
5.7549
4.8394
4.3244
5.3128
5.9969
0.1639
0.7538
1.7365
1.7569
0.77056
0.17779
6.02
5.3607
4.3632
4.7717
5.7071
0.015645
0.61994
1.5747
1.8684
0.86838
0.22193
6.0425
5.3818
4.3832
4.7555
5.6988
0.01918
0.63794
1.6028
1.8344
0.83482
0.18599
5.9723
5.2337
4.2812
4.9562
5.8351
0.13758
0.82885
1.8286
1.5531
0.58709
6.2092
5.4944
4.4945
4.7245
5.7004
0.11205
0.8829
1.8645
1.3974
0.44587
6.0032
5.1154
4.3438
5.2151
6.0649
0.49717
1.4592
1.8375
0.84483
0.095407
5.6956
4.7223
4.4833
5.4832
6.1886
0.54082
1.4831
1.8992
0.90429
0.21012
5.9645
5.1965
4.2722
