0.68312
0.38928
0.47497
1.018
2.412
4.4726
5.5618
5.9906
6.131
6.1198
5.946
5.4413
4.1906
2.073
0.83197
0.33016
0.15253
0.12685
0.22769
0.55425
1.4071
3.2466
4.9813
5.7519
6.0158
6.0156
5.751
4.979
3.2424
1.4051
0.55415
0.22939
0.13201
0.16625
0.36599
0.9236
2.279
4.3939
5.5591
6.0619
0.06204
0.40735
1.1488
2.8026
4.7889
5.7781
0.00033674
0.50605
1.4965
3.4842
5.1359
5.8761
6.2202
0.21826
0.71602
1.8702
3.9798
5.346
5.9064
6.0987
6.1077
5.942
5.4417
4.1958
2.0804
0.83794
0.33871
0.17175
0.17569
0.35443
0.88023
2.1769
4.2955
5.4997
5.9981
6.2153
0.08154
0.31239
0.85058
2.1404
4.2724
5.4996
6.0209
6.2831
0.26187
0.78276
2.0089
4.1406
5.4313
5.9696
6.1994
0.062435
0.27101
0.74728
1.9032
4.0044
5.3459
5.8815
6.0261
5.9163
5.4479
4.238
2.1385
0.88216
0.39793
0.30122
0.50119
1.1816
2.7873
4.7399
5.6929
6.0892
0.0096335
0.22287
0.65713
1.7022
3.7387
5.2129
5.8098
5.9508
5.7656
5.0855
3.4743
1.5365
0.59803
0.22263
0.068028
6.2646
6.1594
5.9306
5.3566
3.9829
1.8638
0.70197
0.18592
6.1379
5.6619
4.6039
2.5517
1.0558
0.4302
0.22166
0.23298
0.47518
1.1749
2.7972
4.7572
5.7181
6.1436
0.14676
0.57934
1.5594
3.5394
5.132
5.8113
6.0362
6.0165
5.7333
4.9275
3.1447
1.3588
0.55056
0.26548
0.24277
0.46044
1.1225
2.6856
4.6891
5.6929
6.1401
0.1615
0.62689
1.6789
3.7251
5.2203
5.8418
6.0361
5.9858
5.6426
4.7016
2.7607
1.1915
0.55134
0.43496
0.73995
1.7192
3.6875
5.1366
5.6743
5.64
5.006
3.4148
1.5538
0.6926
0.46996
0.70016
1.5747
3.4492
5.021
5.6399
5.659
5.0938
3.6004
1.6641
0.72349
0.44489
0.59663
1.3102
2.9901
4.8209
5.6575
5.9085
5.7936
5.2084
3.7437
1.7126
0.6715
0.25256
0.083512
6.2811
6.1933
6.0158
5.574
4.481
2.4147
1.0129
0.45953
0.34964
0.58233
1.365
3.1265
4.9031
5.6979
5.9402
5.8462
5.329
3.9958
1.9087
0.76494
0.31371
0.17108
0.1987
0.4237
1.0598
2.5683
4.6191
5.6743
6.1576
0.23237
0.82062
2.1405
4.3024
5.5472
6.1206
0.24908
0.90722
2.3531
4.5083
5.6843
0.013276
0.63874
1.8604
4.0404
5.4378
6.087
0.25818
0.96783
2.5011
4.632
5.7661
0.12267
0.88477
2.4206
4.6166
5.8172
0.28521
1.3178
3.3186
5.1433
6.0594
0.47038
1.6178
3.7641
5.3273
6.0737
0.32908
1.1908
2.9811
4.9313
5.9052
0.22703
1.0571
2.7581
4.8332
5.9157
0.35573
1.4272
3.4884
5.2097
6.0521
0.38233
1.3688
3.335
5.109
5.9605
0.21186
0.95664
2.5187
4.6641
5.8107
0.21909
1.128
2.9404
4.9527
5.9937
0.46597
1.6708
3.8705
5.4043
6.1679
0.53332
1.6903
3.8402
5.3469
6.0483
0.23373
0.93397
2.4382
4.5892
5.7478
0.11314
0.87452
2.4031
4.6049
5.8124
0.28322
1.3166
3.3179
5.1438
6.0613
0.47552
1.6307
3.7842
5.3383
6.0821
0.34289
1.2231
3.0435
4.9618
5.9111
0.2136
1.0113
2.6565
4.768
5.881
0.31949
1.3552
3.3678
5.1561
6.0412
0.40358
1.4418
3.4718
5.1775
5.9895
0.22872
0.97788
2.5564
4.6872
5.8184
0.21822
1.1177
2.9163
4.9383
5.9857
0.4567
1.6519
3.8439
5.3899
6.1567
0.51411
1.6465
3.776
5.3128
6.0245
0.19732
0.84932
2.2521
4.4317
5.6504
6.2777
0.61625
1.816
3.9858
5.4082
6.063
0.21631
0.8674
2.2811
4.453
5.6583
6.2787
0.6114
1.8013
3.9647
5.3949
6.0491
0.18804
0.79714
2.1216
4.2982
5.5593
6.1581
0.34907
1.1652
2.9002
4.8743
5.8614
0.15592
0.88892
2.3983
4.5844
5.7787
0.20642
1.1223
2.9393
4.9572
6.0049
0.49478
1.7427
3.9758
5.4682
6.2328
0.66399
1.9946
4.2367
5.5899
0.020742
0.75554
2.176
4.4189
5.7045
0.16
1.058
2.8274
4.9058
6.0029
0.54024
1.8751
4.164
5.5995
0.12024
1.0441
2.8324
4.925
6.0401
0.6314
2.0961
4.426
5.7966
0.41645
1.724
4.0198
5.546
0.11688
1.0875
2.9437
4.9964
6.0893
0.70624
2.2554
4.5792
5.9119
0.59851
2.1318
4.5117
5.9118
0.66574
2.3205
4.7072
6.0938
1.0091
3.0539
5.1863
0.14569
1.5334
3.9205
5.605
0.37907
1.8063
4.206
5.7311
0.44869
1.8832
4.2693
5.752
0.44493
1.8514
4.2188
5.7056
0.36309
1.659
3.951
5.5191
0.11218
1.1004
2.98
5.0205
6.1081
0.73825
2.3246
4.6401
5.9581
0.67361
2.2961
4.6669
6.0387
0.88533
2.7892
5.0383
0.05672
1.4151
3.7613
5.5267
0.32265
1.7188
4.1041
5.6687
0.37361
1.7267
4.0676
5.6093
0.24386
1.403
3.5481
5.2978
6.214
0.77792
2.3268
4.6033
5.8857
0.4978
1.8706
4.1988
5.656
0.24316
1.3543
3.442
5.2339
6.1586
0.67585
2.1019
4.3901
5.7299
0.26098
1.3333
3.3775
5.188
6.1095
0.57494
1.8674
4.1161
5.5375
6.2803
0.73704
2.1491
4.3985
5.6968
0.15856
1.0614
2.8373
4.9128
6.0083
0.54927
1.8955
4.1894
5.617
0.14347
1.0961
2.9381
4.9822
6.0625
0.64076
2.1
4.4224
5.7866
0.39121
1.6603
3.9254
5.4845
0.043994
0.93065
2.6193
4.8068
5.9988
0.62704
2.1252
4.4736
5.8504
0.52447
1.9825
4.357
5.794
0.47787
1.9048
4.2765
5.7417
0.40827
1.7551
4.0849
5.6053
0.21526
1.322
3.398
5.2204
6.169
0.72056
2.2151
4.5092
5.8238
0.41183
1.6834
3.9485
5.4916
0.039875
0.91125
2.5729
4.7731
5.9751
0.59069
2.0464
4.3911
5.787
0.42367
1.7546
4.0687
5.5829
0.16952
1.208
3.1814
5.115
6.1286
0.70492
2.2124
4.5211
5.8479
0.47002
1.8282
4.1534
5.6308
0.21799
1.3046
3.356
5.1947
6.1473
0.68132
2.1283
4.4239
5.7608
0.31559
1.4639
3.6066
5.3008
6.1632
0.62276
1.9488
4.2042
5.586
0.042541
0.8248
2.3415
4.5756
5.819
0.33166
1.4531
3.5675
5.2688
6.121
0.5285
1.7234
3.9067
5.3974
6.1136
0.37798
1.2945
3.1732
5.0202
5.9143
0.16464
0.86205
2.3186
4.5084
5.7189
0.11132
0.89806
2.4669
4.6604
5.8553
0.35195
1.4766
3.5967
5.2773
6.1133
0.49694
1.6405
3.7817
5.3256
6.0516
0.26506
1.0236
2.6362
4.7329
5.8298
0.20563
1.0688
2.8085
4.8752
5.9552
0.42971
1.6041
3.7779
5.3575
6.138
0.49069
1.5978
3.7046
5.2776
6.0062
0.17812
0.81043
2.1673
4.3515
5.6001
6.2175
0.48609
1.505
3.5218
5.1675
5.9149
0.019128
0.42567
1.2451
3.012
4.9081
5.8233
0.011523
0.49442
1.4518
3.4022
5.0949
5.8598
6.214
0.21579
0.71491
1.8696
3.9799
5.3468
5.9081
6.1032
6.1193
5.9722
5.5191
4.3741
2.2858
0.95258
0.43428
0.33673
0.56957
1.3417
3.0877
4.8876
5.7027
5.9695
5.9277
5.5379
4.47
2.4312
1.0446
0.52273
0.50009
0.95696
2.2313
4.2953
5.445
5.8514
5.8392
5.3974
4.1813
2.1029
0.88626
0.44431
0.43221
0.83898
1.9897
4.054
5.3273
5.7837
5.7612
5.2402
3.8552
1.8157
0.74629
0.35583
0.31373
0.58023
1.395
3.1943
4.9409
5.7136
5.9469
5.8504
5.3343
4.0056
1.9164
0.76805
0.31447
0.1702
0.19531
0.4145
1.0364
2.5189
4.5846
5.6585
6.1475
0.21807
0.78816
2.0673
4.2257
5.5002
6.0693
0.14304
0.64248
1.7411
3.8253
5.2778
5.8859
6.1071
6.1532
6.0697
5.7744
4.992
3.2484
1.3982
0.53315
0.17636
6.2782
6.0919
5.7154
4.8012
2.891
1.2287
0.50853
0.27524
0.31374
0.66084
1.6217
3.5813
5.1152
5.7292
5.817
5.4553
4.3572
2.3214
1.017
0.56301
0.64278
1.322
2.9704
4.7892
5.6109
5.8098
5.5529
4.6288
2.7082
1.2076
0.6417
0.67438
1.3315
2.9601
4.7692
5.5799
5.744
5.3945
4.2688
2.2399
0.99538
0.5898
0.7404
1.5656
3.3908
4.9693
5.5807
5.5461
4.8392
3.1404
1.4428
0.73697
0.70321
1.3161
2.8968
4.7198
5.5429
5.6914
5.2821
4.0308
2.0029
0.88307
0.53596
0.69953
1.5069
3.3123
4.9478
5.6109
5.6511
5.1005
3.6243
1.6839
0.73714
0.46251
0.63408
1.3981
3.1472
4.8907
5.6501
5.8178
5.5368
4.5768
2.626
1.1682
0.63052
0.6824
1.3649
3.0263
4.8028
5.5832
5.7196
5.3216
4.1036
2.0652
0.90709
0.53669
0.67759
1.4454
3.2054
4.9016
5.6157
5.7107
5.2641
3.9658
1.9335
0.83615
0.48086
0.58813
1.2502
2.8613
4.749
5.6375
5.9241
5.8593
5.3833
4.124
2.0329
0.83687
0.38341
0.30404
0.52405
1.2444
2.9121
4.8072
5.7068
6.0615
6.1962
6.2442
6.2531
6.2319
6.1594
5.9636
5.4535
4.2056
2.0835
0.83276
0.32182
0.12717
0.059358
0.050866
0.093217
0.22865
0.59075
1.5098
3.4271
5.0627
5.759
5.9549
5.8283
5.2624
3.844
1.7795
0.69335
0.24629
0.043032
6.166
5.8888
5.2274
3.6957
1.6378
0.57768
0.063651
5.8964
5.0688
3.304
1.3775
0.43242
6.1896
5.5701
4.2964
2.108
0.77872
0.15184
5.9594
5.1657
3.4729
1.4549
0.43009
6.1055
5.3209
3.7158
1.5675
0.41927
5.9613
4.9038
2.8645
1.0988
0.22374
5.8538
4.7842
2.7173
1.062
0.28012
6.0579
5.329
3.7843
1.6403
0.49377
6.1044
5.2541
3.5469
1.4454
0.33607
5.8397
4.6311
2.4258
0.87671
0.096253
5.6951
4.456
2.2495
0.82146
0.12554
5.838
4.8367
2.8431
1.1436
0.35419
6.1948
5.6639
4.5526
2.4541
0.99013
0.36229
0.088877
6.1874
5.9071
5.2596
3.758
1.6783
0.5929
0.066215
5.8889
5.0442
3.2541
1.3517
0.42542
6.195
5.5934
4.3554
2.1804
0.82531
0.20499
6.0714
5.4444
4.0737
1.9
0.67269
0.068445
5.8158
4.8293
2.8497
1.1579
0.38194
6.2619
5.8374
4.9819
3.1624
1.3221
0.45106
0.015943
5.88
5.0684
3.3195
1.3937
0.45216
6.2307
5.6737
4.5443
2.429
0.96745
0.32938
0.014766
5.9981
5.417
4.0741
1.928
0.71886
0.16821
6.0682
5.4716
4.1496
1.9818
0.7308
0.14721
5.9935
5.2709
3.7003
1.5996
0.49848
6.1586
5.4114
3.8987
1.6991
0.49138
6.0387
5.0607
3.1427
1.2236
0.2449
5.7918
4.5837
2.3839
0.87131
0.1239
5.7833
4.6801
2.5775
1.0095
0.2881
6.134
5.5481
4.2917
2.1224
0.80479
0.2079
6.1006
5.5285
4.2714
2.11
0.80665
0.22531
6.1506
5.6604
4.587
2.5214
1.037
0.41351
0.19182
0.16078
0.28984
0.70469
1.7673
3.8107
5.2338
5.7898
5.8722
5.555
4.5722
2.5993
1.1425
0.5953
0.60891
1.1945
2.7101
4.6439
5.5801
5.8697
5.7576
5.1436
3.6213
1.6374
0.65133
0.2715
0.15985
0.20737
0.46077
1.1588
2.7732
4.7477
5.7228
6.1664
0.21039
0.74638
1.9614
4.101
5.4218
5.9839
6.2512
0.20322
0.64028
1.6748
3.7038
5.1998
5.8123
5.9711
5.8228
5.2301
3.7686
1.7203
0.66088
0.21528
6.2665
6.0178
5.5068
4.2951
2.1693
0.86958
0.33396
0.12613
0.044102
0.0061581
6.2576
6.2001
6.0598
5.6979
4.7836
2.8718
1.2265
0.52262
0.31785
0.42559
0.9462
2.278
4.37
5.52
5.9788
6.138
6.1525
6.0366
5.6767
4.7469
2.8176
1.2067
0.53021
0.35945
0.54043
1.2359
2.8759
4.7784
5.6832
6.0232
6.1062
6.0132
5.6534
4.7047
2.7559
1.1834
0.53673
0.40139
0.65676
1.5227
3.3875
5.0088
5.6738
5.7665
5.3651
4.1693
2.1174
0.91975
0.5176
0.61023
1.2759
2.8985
4.7617
5.6262
5.88
5.7415
5.0873
3.5026
1.5647
0.62675
0.2753
0.1957
0.31055
0.73098
1.819
3.8764
5.2633
5.7983
5.867
5.5315
4.5132
2.5146
1.1028
0.58333
0.61472
1.2228
2.771
4.6813
5.5922
5.8657
5.7337
5.0794
3.4918
1.5611
0.63029
0.28889
0.23239
0.40618
0.97508
2.3717
4.4644
5.5877
6.0702
0.058124
0.38733
1.0943
2.6898
4.7219
5.7541
6.2814
0.52388
1.5498
3.5754
5.1807
5.8937
6.227
0.22101
0.71741
1.8712
3.9803
5.3455
5.9047
6.0942
6.0959
5.9114
5.3636
4.0206
1.9074
0.73811
0.24172
6.2679
5.9956
5.4395
4.1365
1.9947
0.76442
0.22626
6.1956
5.7943
4.9235
3.0748
1.2928
0.47256
0.10743
6.1327
5.7249
4.7874
2.8527
1.2029
0.48616
0.23665
0.22159
0.42632
1.0446
2.5275
4.5867
5.6537
6.1321
0.17665
0.68017
1.8126
3.916
5.32
5.9031
6.1153
6.1603
6.0827
5.8059
5.0696
3.3966
1.4713
0.54103
0.1258
6.1192
5.6663
4.6348
2.6063
1.0879
0.45518
0.26209
0.32809
0.71632
1.7612
3.788
5.2125
5.7594
5.8062
5.3938
4.2048
2.1419
0.92025
0.49438
0.54301
1.1083
2.5686
4.5711
5.5834
5.9518
5.9948
5.7534
5.0066
3.3028
1.4385
0.56543
0.22816
0.11706
0.12277
0.25094
0.62741
1.5909
3.5543
5.1165
5.7594
5.902
5.6726
4.8698
3.0794
1.3511
0.59887
0.41031
0.62064
1.4125
3.1919
4.921
5.6718
5.8485
5.6041
4.7317
2.8594
1.2656
0.62558
0.5711
1.0572
2.4142
4.4362
5.496
5.8476
5.7771
5.2219
3.7936
1.7586
0.70597
0.30212
0.19582
0.2841
0.65266
1.6285
3.6027
5.132
5.7479
5.8539
5.5435
4.5591
2.5864
1.1408
0.60423
0.63574
1.261
2.8387
4.7147
5.5906
5.8281
5.626
4.813
3.0051
1.3332
0.63332
0.52521
0.9185
2.1065
4.1544
5.354
5.7524
5.6446
4.9408
3.263
1.4641
0.65944
0.46746
0.72611
1.6487
3.5683
5.074
5.6444
5.6185
4.9759
3.3677
1.5354
0.70239
0.51547
0.8215
1.8597
3.8564
5.1977
5.6544
5.523
4.7024
2.8819
1.3182
0.72273
0.78869
1.5641
3.3394
4.9182
5.5182
5.4255
4.5766
2.7369
1.2909
0.80602
1.0427
2.1431
4.0842
5.2162
5.4724
5.0038
3.5774
1.7288
0.86781
0.76971
1.3675
2.9448
4.7176
5.4904
5.5508
4.9427
3.3609
1.5616
0.76222
0.65339
1.1524
2.5653
4.523
5.4987
5.7678
5.5441
4.6469
2.7518
1.2367
0.66629
0.71397
1.4165
3.1071
4.8322
5.5645
5.6384
5.1112
3.6624
1.7161
0.75922
0.49069
0.69339
1.5353
3.3765
4.985
5.6304
5.6684
5.1296
3.6766
1.7137
0.74069
0.44244
0.57233
1.2438
2.8623
4.7565
5.6516
5.9563
5.94
5.5871
4.5931
2.6061
1.1294
0.55689
0.5129
0.95962
2.2253
4.2843
5.4336
5.8319
5.7939
5.2861
3.9383
1.8754
0.76656
0.35136
0.28032
0.48595
1.1586
2.7476
4.7204
5.6933
6.1099
0.070878
0.38587
1.0772
2.6492
4.6939
5.7388
6.2658
0.49232
1.4747
3.4524
5.1243
5.8798
6.2429
0.2825
0.88405
2.2589
4.4062
5.6
6.1626
0.32166
1.0801
2.7205
4.7696
5.8205
0.14174
0.88746
2.4086
4.5989
5.7956
0.24056
1.207
3.1079
5.0426
6.0312
0.48724
1.6947
3.8945
5.4105
6.1605
0.50492
1.6163
3.7266
5.2847
6.0022
0.15915
0.75778
2.0437
4.2199
5.5149
6.1151
0.26467
0.95906
2.4721
4.6057
5.745
0.088622
0.8039
2.2392
4.4594
5.7113
0.13893
0.98819
2.6725
4.8089
5.9499
0.48061
1.7568
4.0158
5.5077
0.016417
0.82472
2.3674
4.6092
5.8563
0.40626
1.6346
3.8608
5.4283
6.2412
0.72905
2.1662
4.4313
5.7356
0.23616
1.2539
3.2217
5.1096
6.0752
0.55125
1.8342
4.0827
5.523
6.2741
0.73306
2.1443
4.3956
5.6966
0.16093
1.0687
2.853
4.9219
6.0127
0.55312
1.9021
4.1967
5.6213
0.14817
1.1059
2.9574
4.9921
6.0656
0.64018
2.0952
4.4159
5.7802
0.37927
1.6318
3.8824
5.4581
0.016145
0.87347
2.4974
4.7218
5.9464
0.55719
1.98
4.3203
5.7364
0.34946
1.5881
3.8266
5.4324
0.0032204
0.86046
2.4758
4.7089
5.9419
0.55707
1.9841
4.327
5.7432
0.36203
1.6183
3.8734
5.4603
0.03088
0.91554
2.5931
4.7921
5.9942
0.62814
2.1329
4.4838
5.8607
0.54447
2.0293
4.4109
5.8376
0.55008
2.0685
4.4656
5.893
0.65691
2.3146
4.7083
6.1019
1.032
3.1036
5.2132
0.16241
1.5565
3.9505
5.621
0.39339
1.8323
4.2372
5.7529
0.47971
1.9512
4.3512
5.8157
0.5464
2.0799
4.4866
5.9186
0.711
2.4391
4.8134
6.1927
1.1985
3.4189
5.3656
0.23491
1.6202
4.0042
5.6287
0.36127
1.7305
4.087
5.6327
0.28978
1.5158
3.7402
5.4012
0.0069198
0.90277
2.5837
4.794
6.0076
0.66604
2.2255
4.5782
5.9399
0.68176
2.337
4.7128
6.0886
0.98776
3.0049
5.1583
0.12637
1.5036
3.8786
5.5815
0.35576
1.7615
4.1491
5.6912
0.39207
1.7583
4.1069
5.6333
0.27154
1.4611
3.6447
5.3461
6.2417
0.81271
2.393
4.6539
5.9166
0.53751
1.9536
4.2974
5.726
0.34266
1.5785
3.8143
5.427
0.0011582
0.85966
2.4758
4.7096
5.9434
0.56081
1.9933
4.3378
5.7517
0.37549
1.6492
3.9199
5.4885
0.060273
0.97546
2.7186
4.8722
6.0386
0.67968
2.2325
4.5742
5.9255
0.6435
2.2447
4.6273
6.0135
0.85004
2.7211
5.0004
0.037629
1.3957
3.7385
5.5192
0.32491
1.733
4.128
5.6889
0.40681
1.8035
4.1733
5.6849
0.35008
1.6414
3.9303
5.5097
0.10729
1.0952
2.972
5.0176
6.1095
0.74537
2.3427
4.6566
5.972
0.69814
2.3502
4.7136
6.077
0.95257
2.9262
5.1135
0.09712
1.4608
3.8185
5.5498
0.32851
1.713
4.0875
5.6509
0.34013
1.6462
3.9493
5.5298
0.14295
1.1818
3.1458
5.1057
6.1419
0.75398
2.3338
4.6364
5.9419
0.62953
2.1891
4.5635
5.949
0.72333
2.4427
4.8055
6.1725
1.146
3.3138
5.3102
0.1969
1.5624
3.9279
5.5856
0.31784
1.6457
3.9708
5.5585
0.20011
1.3237
3.4169
5.2382
6.1947
0.77967
2.3509
4.6329
5.9181
0.56314
2.0252
4.3858
5.7992
0.46416
1.86
4.2143
5.6901
0.32375
1.5587
3.7937
5.4217
0.0078665
0.88504
2.5362
4.7564
5.9776
0.61476
2.1119
4.4661
5.8506
0.53258
2.0055
4.3855
5.8184
0.5198
2.0011
4.3913
5.8326
0.55513
2.0879
4.49
5.9167
0.70176
2.4156
4.7933
6.1743
1.1635
3.3541
5.3337
0.21715
1.5992
3.9808
5.6183
0.3557
1.7245
4.0815
5.631
0.29044
1.5194
3.747
5.4056
0.011654
0.91259
2.6046
4.8082
6.0163
0.67761
2.249
4.5991
5.9556
0.70714
2.3915
4.7576
6.1247
1.0508
3.128
5.2187
0.15177
1.5192
3.8853
5.5744
0.32933
1.6909
4.0452
5.614
0.27924
1.5033
3.725
5.3959
0.0082136
0.91192
2.6063
4.8108
6.0201
0.68616
2.269
4.6178
5.9711
0.73417
2.4504
4.8041
6.162
1.1158
3.251
5.277
0.17511
1.5306
3.8853
5.5629
0.29788
1.6095
3.9203
5.5288
0.16926
1.2613
3.3059
5.1869
6.1784
0.78209
2.3737
4.66
5.9476
0.6227
2.1642
4.5348
5.921
0.66987
2.3228
4.706
6.0893
0.99663
3.0268
5.1715
0.13663
1.5211
3.9044
5.5967
0.372
1.794
4.1912
5.7211
0.43497
1.8534
4.2321
5.724
0.40223
1.7551
4.091
5.6139
0.23307
1.3664
3.479
5.2605
6.1885
0.73884
2.2458
4.5334
5.8371
0.42602
1.7114
3.9869
5.5143
0.063036
0.95799
2.671
4.8374
6.0116
0.63445
2.1332
4.4779
5.85
0.51911
1.9675
4.3383
5.7782
0.4511
1.8432
4.1984
5.6828
0.31907
1.5522
3.7852
5.4181
0.0066423
0.88502
2.5373
4.7578
5.9793
0.61835
2.1203
4.475
5.8578
0.5447
2.033
4.4163
5.8432
0.56089
2.0937
4.4929
5.9161
0.69723
2.4036
4.7828
6.1645
1.1445
3.3182
5.3162
0.2079
1.5892
3.9702
5.6143
0.35508
1.7267
4.0862
5.6354
0.29808
1.5376
3.7766
5.4224
0.026638
0.94071
2.6628
4.8456
6.0372
0.70215
2.2962
4.6384
5.9834
0.74992
2.4812
4.8259
6.177
1.1391
3.2925
5.2956
0.18082
1.5291
3.8765
5.5534
0.28032
1.5671
3.8539
5.4871
0.12255
1.1634
3.1224
5.1006
6.1532
0.79298
2.4284
4.7181
6.0078
0.74233
2.4361
4.7782
6.1226
1.0238
3.0624
5.1801
0.12192
1.4686
3.81
5.5317
0.28751
1.61
3.9318
5.5431
0.19676
1.3291
3.4325
5.249
6.2061
0.80297
2.4025
4.6756
5.9494
0.61243
2.1335
4.5004
5.8897
0.61228
2.1928
4.5861
5.9873
0.81373
2.6502
4.9585
0.01381
1.3661
3.6975
5.5012
0.31698
1.7277
4.1261
5.6915
0.41598
1.8277
4.2066
5.7108
0.39
1.7326
4.0622
5.5958
0.21165
1.3208
3.3988
5.2225
6.1734
0.73156
2.241
4.5341
5.843
0.44275
1.7541
4.0487
5.5555
0.11412
1.0698
2.9025
4.972
6.0751
0.68846
2.2203
4.5486
5.8902
0.56568
2.0603
4.4376
5.8523
0.56617
2.0996
4.4965
5.9166
0.69499
2.397
4.7766
6.1584
1.1325
3.2952
5.3049
0.20194
1.5827
3.9634
5.6117
0.35473
1.7283
4.0894
5.6384
0.30323
1.5498
3.7962
5.4337
0.037155
0.96091
2.7044
4.8713
6.0507
0.71668
2.3227
4.6591
5.9969
0.7692
2.5202
4.8534
6.1965
1.1698
3.347
5.3202
0.18937
1.5299
3.8697
5.544
0.26138
1.5204
3.7781
5.4414
0.075786
1.069
2.939
5.0102
6.1254
0.80024
2.4758
4.7691
6.0639
0.85804
2.6919
4.9605
6.2596
1.2521
3.4773
5.3731
0.19619
1.4974
3.7959
5.4858
0.17694
1.3273
3.4482
5.2672
6.2363
0.87541
2.5655
4.8003
6.039
0.75277
2.4334
4.7645
6.0969
0.96097
2.928
5.107
0.079617
1.415
3.7383
5.4996
0.27202
1.5963
3.9202
5.5418
0.20502
1.355
3.4817
5.2749
6.2221
0.825
2.4457
4.7074
5.9692
0.63895
2.1882
4.5529
5.9302
0.67871
2.3382
4.7174
6.0966
1.0071
3.046
5.1804
0.13911
1.5197
3.899
5.5912
0.36225
1.7708
4.1595
5.6971
0.39852
1.7711
4.1238
5.6447
0.28642
1.4939
3.6984
5.3744
6.2617
0.84431
2.4576
4.7028
5.948
0.58119
2.0465
4.4008
5.8033
0.46085
1.8463
4.194
5.6732
0.29617
1.4942
3.6894
5.3637
6.2428
0.79826
2.3531
4.6172
5.8858
0.48434
1.8316
4.1451
5.6152
0.18276
1.2152
3.1851
5.1115
6.1165
0.67238
2.1343
4.4416
5.7854
0.3684
1.5948
3.8208
5.4187
6.2558
0.78235
2.297
4.5594
5.8334
0.38954
1.6086
3.8269
5.4123
6.2329
0.71991
2.1495
4.4162
5.7265
0.22521
1.2304
3.1783
5.0895
6.0709
0.55838
1.8589
4.1182
5.5489
0.026348
0.81333
2.3269
4.568
5.8195
0.34049
1.4787
3.6126
5.2927
6.1366
0.55128
1.7729
3.9742
5.4358
6.1478
0.44166
1.4462
3.4429
5.1429
5.9341
0.10004
0.64905
1.8025
3.9292
5.3473
5.9602
6.2556
0.24031
0.74621
1.931
4.0516
5.3827
5.9301
6.1318
6.1827
6.1333
5.9347
5.3945
4.0782
1.9563
0.76099
0.25534
0.0022771
6.0347
5.5379
4.363
2.2485
0.91301
0.36888
0.18531
0.18598
0.37157
0.92023
2.2646
4.3778
5.5465
6.0433
0.019273
0.29772
0.86952
2.2053
4.3465
5.5539
6.0948
0.1654
0.68378
1.8339
3.9496
5.3424
5.9272
6.1634
6.2801
0.11043
0.3342
0.88597
2.2123
4.3398
5.5359
6.0524
0.057004
0.40175
1.1375
2.7809
4.7772
5.7756
0.0047256
0.52177
1.5372
3.5521
5.1679
5.8857
6.2164
0.19707
0.65677
1.727
3.7851
5.2432
5.8388
6.0046
5.8954
5.4081
4.1533
2.0507
0.83513
0.36098
0.24001
0.35676
0.82276
2.0218
4.1208
5.3898
5.8796
5.9766
5.7718
5.0776
3.4493
1.5181
0.58563
0.20583
0.030406
6.1686
5.9092
5.2845
3.819
1.7267
0.62233
0.10089
5.9633
5.2282
3.6232
1.555
0.48663
6.1691
5.4546
4.0031
1.7928
0.55793
6.1357
5.2833
3.5894
1.4626
0.32988
5.8043
4.5347
2.2808
0.78533
6.2801
5.4885
3.9833
1.7323
0.46829
5.9388
4.7886
2.6413
0.97368
0.133
5.7081
4.4561
2.2368
0.80376
0.090707
5.7514
4.6219
2.4965
0.97234
0.27441
6.1306
5.5517
4.3049
2.1399
0.81732
0.22405
6.1361
5.6186
4.4842
2.3757
0.96045
0.36461
0.12535
0.011125
6.1912
5.9963
5.5183
4.3479
2.2431
0.92078
0.3945
0.25258
0.36055
0.8213
2.0141
4.1102
5.3822
5.8704
5.9573
5.724
4.9602
3.227
1.4085
0.57681
0.2905
0.29063
0.5773
1.4097
3.2292
4.9612
5.724
5.9562
5.8672
5.3742
4.0923
1.9965
0.81154
0.35189
0.23691
0.35664
0.82548
2.0292
4.1297
5.3952
5.8849
5.9867
5.7964
5.1383
3.5696
1.5858
0.60191
0.18422
6.2329
5.9481
5.3345
3.9083
1.7883
0.64475
0.10219
5.9448
5.1723
3.5037
1.4809
0.45396
6.1488
5.4264
3.9484
1.7482
0.53241
6.1074
5.2242
3.4693
1.3925
0.29978
5.7856
4.5109
2.2565
0.77602
6.2792
5.4952
4.0022
1.751
0.48359
5.9643
4.8484
2.7417
1.0243
0.16132
5.7421
4.5246
2.3248
0.85385
0.13677
5.8392
4.8289
2.8254
1.1328
0.3459
6.1812
5.6315
4.4752
2.3469
0.93229
0.32063
0.024134
6.035
5.5169
4.3054
2.1756
0.86837
0.32445
0.099333
6.2566
6.104
5.7732
4.9542
3.1644
1.3517
0.51519
0.17135
6.2812
6.1059
5.7542
4.8979
3.0588
1.3024
0.51012
0.20616
0.10691
0.11436
0.23593
0.59124
1.5039
3.4144
5.0554
5.7547
5.9498
5.8176
5.2365
3.7897
1.7392
0.67452
0.23438
0.026486
6.1283
5.7925
4.9856
3.2158
1.3718
0.50815
0.13103
6.1678
5.8061
4.9853
3.2015
1.3578
0.49156
0.097308
6.0834
5.5878
4.4516
2.3492
0.95885
0.38698
0.19252
0.18938
0.37451
0.92544
2.2753
4.387
5.5513
6.0472
0.02622
0.31461
0.91246
2.3013
4.435
5.6069
6.1529
0.28586
0.98398
2.5148
4.6322
5.7528
0.084255
0.78309
2.1874
4.4076
5.6738
0.08455
0.86291
2.401
4.6138
5.8315
0.3295
1.4343
3.5297
5.2467
6.1031
0.49721
1.6515
3.8025
5.3397
6.0672
0.29734
1.1036
2.8027
4.8343
5.8732
0.23037
1.0991
2.8586
4.8973
5.9531
0.40164
1.5243
3.6458
5.2842
6.0817
0.39601
1.3792
3.3441
5.1079
5.9488
0.17843
0.86872
2.3225
4.5068
5.7122
0.093891
0.85253
2.3641
4.5772
5.7994
0.27326
1.3002
3.2907
5.1327
6.0617
0.48776
1.6657
3.8391
5.3702
6.11
0.3943
1.346
3.2724
5.0684
5.9272
0.15419
0.81796
2.2115
4.4067
5.6483
0.013533
0.67552
1.9628
4.1743
5.527
6.1937
0.48769
1.5335
3.5786
5.2005
5.9391
0.057278
0.51586
1.4677
3.4143
5.0915
5.8398
6.159
0.071118
0.3375
0.93501
2.3371
4.4597
5.614
6.148
0.26415
0.92453
2.3833
4.5297
5.6928
0.015958
0.63829
1.8564
4.0341
5.4331
6.0807
0.24411
0.93237
2.4237
4.5728
5.7316
0.083287
0.80132
2.2376
4.4597
5.7136
0.14491
1.0038
2.7063
4.8304
5.9615
0.49333
1.7819
4.0482
5.5271
0.036818
0.86649
2.4582
4.6814
5.905
0.47619
1.789
4.078
5.5617
0.10155
1.026
2.8057
4.915
6.0448
0.65518
2.1581
4.4934
5.8526
0.51133
1.9425
4.3054
5.75
0.40311
1.7317
4.0473
5.5761
0.17209
1.2225
3.2129
5.132
6.1379
0.71591
2.2334
4.5392
5.8601
0.48711
1.8654
4.2006
5.664
0.26371
1.4073
3.5376
5.2821
6.1846
0.70555
2.1581
4.4431
5.7641
0.30592
1.4321
3.5486
5.2693
6.141
0.58796
1.8727
4.1123
5.5265
6.2543
0.67
1.9899
4.2232
5.5738
6.2731
0.67913
1.9964
4.2245
5.5693
6.2592
0.64208
1.907
4.1159
5.4975
6.1718
0.4517
1.4513
3.4438
5.1386
5.923
0.071697
0.57522
1.6228
3.669
5.2119
5.877
6.147
6.2813
0.13051
0.39305
1.0386
2.5458
4.6142
5.6874
6.1994
0.34461
1.1108
2.7731
4.7956
5.8215
0.11885
0.81794
2.2468
4.4557
5.6974
0.10302
0.89467
2.4663
4.6631
5.8611
0.36617
1.5125
3.6571
5.3088
6.133
0.52445
1.6998
3.8669
5.3706
6.0832
0.31396
1.1367
2.8668
4.8682
5.8817
0.22128
1.0635
2.7798
4.85
5.9297
0.38014
1.4848
3.5857
5.257
6.0729
0.39696
1.3908
3.3685
5.1212
5.9564
0.1873
0.88762
2.3635
4.5413
5.7337
0.12071
0.91131
2.4922
4.6778
5.864
0.35999
1.4914
3.6197
5.2879
6.1172
0.49796
1.6396
3.7788
5.3231
6.0481
0.25712
1.0036
2.5934
4.7044
5.8154
0.19233
1.0436
2.759
4.8478
5.9457
0.42929
1.6123
3.7944
5.3691
6.1518
0.5204
1.6694
3.8135
5.3351
6.0445
0.23427
0.93934
2.4516
4.6004
5.7554
0.12369
0.89853
2.4558
4.6463
5.8391
0.31894
1.3956
3.4569
5.2081
6.0797
0.46602
1.5849
3.7036
5.2895
6.0372
0.25838
1.0182
2.6292
4.7305
5.8319
0.21399
1.0916
2.8567
4.9028
5.967
0.43699
1.6134
3.7889
5.3614
6.1371
0.48419
1.5799
3.6756
5.2623
5.9964
0.16451
0.77955
2.0975
4.28
5.5545
6.163
0.36857
1.2176
3.0048
4.9284
5.8753
0.14223
0.83412
2.2667
4.4668
5.6969
0.090432
0.8575
2.3808
4.5936
5.8134
0.29738
1.3576
3.3951
5.1818
6.0767
0.48349
1.6383
3.7908
5.3388
6.0766
0.32607
1.1791
2.9563
4.9178
5.9003
0.22594
1.0588
2.7634
4.8373
5.9189
0.36109
1.4397
3.5098
5.2199
6.0561
0.38398
1.3696
3.3351
5.1083
5.9588
0.20742
0.94515
2.4935
4.6455
5.7997
0.20593
1.0998
2.8848
4.9238
5.985
0.46928
1.689
3.9017
5.4254
6.1928
0.58661
1.8172
4.0176
5.4498
6.1418
0.4096
1.3589
3.2858
5.069
5.9151
0.11826
0.72256
1.9882
4.1679
5.4923
6.1057
0.25927
0.95242
2.4604
4.5981
5.7423
0.088477
0.80618
2.2455
4.4658
5.7162
0.14649
1.0059
2.7099
4.8323
5.962
0.49264
1.7795
4.0446
5.5245
0.033363
0.85872
2.4411
4.6681
5.896
0.46321
1.7604
4.0397
5.5368
0.071812
0.96173
2.6718
4.8346
6.0048
0.61712
2.0913
4.433
5.8135
0.45826
1.8286
4.1658
5.6488
0.25586
1.3992
3.5278
5.2798
6.1884
0.71917
2.1919
4.4779
5.7912
0.34899
1.5319
3.7141
5.3545
6.1941
0.66165
2.0268
4.2897
5.6407
0.10923
0.96998
2.6556
4.8083
5.9656
0.52748
1.8759
4.1781
5.6197
0.16224
1.1495
3.0493
5.0413
6.0868
0.65413
2.1131
4.4286
5.784
0.37768
1.6233
3.8675
5.4479
0.0036319
0.84618
2.4375
4.6761
5.9155
0.51209
1.8819
4.2037
5.6521
0.2274
1.3113
3.3617
5.1937
6.1395
0.65881
2.0735
4.3645
5.7154
0.24528
1.3012
3.321
5.1623
6.1032
0.58198
1.8936
4.1535
5.5656
0.036989
0.82852
2.357
4.592
5.8342
0.35929
1.5191
3.6776
5.3254
6.1553
0.57435
1.8199
4.0346
5.4703
6.1798
0.50291
1.5912
3.6792
5.2552
5.9749
0.10788
0.63175
1.7462
3.8453
5.2973
5.9157
6.1747
0.042215
0.23514
0.66104
1.7009
3.7323
5.2067
5.8009
5.9313
5.7171
4.9665
3.2481
1.4233
0.58776
0.30667
0.32746
0.66989
1.6332
3.5946
5.1183
5.7233
5.7971
5.4039
4.2404
2.1862
0.94854
0.52348
0.59831
1.2364
2.8191
4.7187
5.6184
5.9011
5.811
5.2661
3.8707
1.809
0.71914
0.28799
0.14087
0.13416
0.2612
0.64648
1.6341
3.6198
5.1453
5.763
5.8836
5.6152
4.7275
2.8399
1.2494
0.60774
0.53708
0.97806
2.2485
4.2979
5.432
5.8141
5.744
5.1606
3.6759
1.682
0.68188
0.31202
0.24915
0.43285
1.036
2.4995
4.5619
5.6356
6.106
0.11694
0.52775
1.4421
3.3483
5.0492
5.8063
6.1044
6.2246
0.0030734
0.06781
0.20031
0.53177
1.3703
3.1888
4.9601
5.7619
6.0658
6.154
6.1135
5.904
5.3244
3.9264
1.8216
0.68561
0.18273
6.1447
5.6856
4.6637
2.6431
1.1005
0.44946
0.23286
0.24703
0.50572
1.2488
2.9406
4.832
5.7305
6.1041
0.016405
0.22828
0.66647
1.7229
3.7677
5.2266
5.8147
5.9513
5.7622
5.0752
3.4534
1.5248
0.59513
0.22607
0.081155
0.017307
6.254
6.1782
5.9976
5.5353
4.3929
2.3011
0.95426
0.42334
0.30323
0.48172
1.1235
2.6669
4.6674
5.6689
6.0939
0.047647
0.33219
0.94286
2.3628
4.4851
5.6332
6.1761
0.32883
1.0877
2.7322
4.7747
5.8192
0.13294
0.86243
2.3514
4.5508
5.7633
0.19574
1.1059
2.9099
4.9435
6.0038
0.50503
1.7733
4.0211
5.4985
6.2693
0.7431
2.1766
4.4322
5.7267
0.20995
1.1848
3.086
5.0428
6.0537
0.55386
1.8632
4.1301
5.5618
0.049891
0.87103
2.4572
4.6755
5.8946
0.45152
1.728
3.9921
5.5046
0.031696
0.87364
2.4823
4.7035
5.9247
0.51194
1.8722
4.1874
5.6373
0.202
1.2506
3.2483
5.1395
6.1206
0.65659
2.0862
4.3859
5.7384
0.28957
1.4094
3.5163
5.2572
6.1428
0.60532
1.92
4.1744
5.57
0.028207
0.79779
2.2832
4.5254
5.785
0.28365
1.3453
3.3817
5.1803
6.0863
0.51352
1.7152
3.9064
5.4053
6.1347
0.43297
1.434
3.4257
5.1371
5.9373
0.11537
0.69171
1.9059
4.0645
5.4257
6.0307
0.1028
0.56067
1.5503
3.5397
5.1414
5.8338
6.0918
6.1595
6.1039
5.87
5.2345
3.7322
1.6731
0.60871
0.11614
6.0226
5.3883
3.9739
1.8199
0.63516
0.043681
5.7791
4.7482
2.718
1.0988
0.37033
0.003765
5.9242
5.21
3.6171
1.5664
0.51572
6.2414
5.6421
4.4447
2.2829
0.87812
0.24287
6.1313
5.5852
4.3964
2.2572
0.89146
0.30373
0.015086
6.0247
5.4955
4.2577
2.1214
0.83738
0.29621
0.046944
6.1278
5.7707
4.9232
3.0978
1.3162
0.50239
0.17009
0.0070534
6.1343
5.8299
5.0876
3.4149
1.4723
0.52479
0.078348
5.9934
5.3394
3.8756
1.742
0.59375
0.0049736
5.7044
4.5735
2.4523
0.96707
0.30507
6.2266
5.8085
4.9332
3.0823
1.2906
0.45993
0.07315
6.0426
5.4907
4.2267
2.0783
0.80389
0.24954
6.2253
5.8601
5.0844
3.377
1.4364
0.48676
0.0049114
5.8112
4.8795
2.9618
1.2229
0.42413
0.036865
5.9696
5.3108
3.8257
1.7087
0.5821
0.0053049
5.717
4.6091
2.5065
0.99719
0.32779
6.2635
5.8964
5.1522
3.503
1.5003
0.49505
6.2481
5.6828
4.5527
2.4352
0.96685
0.32158
6.2756
5.9388
5.2644
3.7384
1.6505
0.55935
6.282
5.7204
4.6252
2.5338
1.0135
0.3418
0.0053048
5.9573
5.306
3.8257
1.7134
0.59102
0.025828
5.7696
4.739
2.7087
1.0979
0.37738
0.025313
5.9817
5.3581
3.9358
1.8001
0.63835
0.072427
5.8621
4.9597
3.0878
1.2696
0.4065
6.2219
5.693
4.6075
2.5276
1.0238
0.37402
0.08965
6.178
5.8781
5.1842
3.5996
1.5728
0.54601
0.038478
5.8526
4.9661
3.1117
1.2872
0.42264
6.2515
5.7654
4.7844
2.806
1.1569
0.42341
0.10075
6.1619
5.8187
5.0277
3.286
1.4004
0.50026
0.079806
6.0223
5.4236
4.0672
1.9119
0.69898
0.12948
5.9723
5.226
3.6086
1.5411
0.47306
6.1439
5.3926
3.8639
1.674
0.47891
6.0278
5.0408
3.1073
1.2081
0.24378
5.804
4.6201
2.4404
0.90584
0.15822
5.8514
4.8428
2.8426
1.1371
0.33885
6.1562
5.5639
4.3126
2.1402
0.81
0.20412
6.0841
5.4832
4.1649
1.9928
0.73293
0.14215
5.9762
5.2249
3.6021
1.5349
0.46703
6.1326
5.3649
3.8028
1.6265
0.44877
5.988
4.9532
2.9473
1.1344
0.22786
5.8304
4.7122
2.5941
0.9965
0.23848
5.9999
5.1985
3.5131
1.4646
0.41052
6.0387
5.1416
3.3352
1.3364
0.31028
5.8726
4.7527
2.6336
1.0009
0.21019
5.9113
4.9658
3.0523
1.228
0.3454
6.0846
5.3434
3.7947
1.6383
0.47973
6.0658
5.1532
3.336
1.3257
0.28547
5.81
4.5957
2.3882
0.8648
0.10237
5.7253
4.5357
2.3616
0.89082
0.19761
5.9839
5.1922
3.5134
1.4713
0.42427
6.0721
5.2271
3.5117
1.4346
0.34821
5.8862
4.7545
2.6236
0.98787
0.18698
5.8552
4.8251
2.8014
1.1113
0.31761
6.1194
5.4748
4.1071
1.9171
0.66767
0.037425
5.7278
4.6077
2.493
0.98243
0.30369
6.2072
5.7515
4.7889
2.8293
1.1769
0.44788
0.15195
0.0073964
6.1534
5.8869
5.2343
3.7148
1.653
0.58781
0.077185
5.9269
5.1445
3.4541
1.4562
0.45181
6.1672
5.4836
4.083
1.874
0.61941
6.2285
5.4998
4.0654
1.8331
0.56659
6.12
5.2278
3.4656
1.385
0.28715
5.7557
4.4378
2.1573
0.70972
6.1969
5.3148
3.6087
1.4523
0.28886
5.6935
4.2589
1.9253
0.52957
5.9222
4.6784
2.4352
0.8411
6.2755
5.4192
3.8023
1.5718
0.34126
5.7286
4.3061
1.965
0.54726
5.933
4.6925
2.4522
0.84798
6.2769
5.4162
3.7933
1.5638
0.33426
5.716
4.2773
1.9317
0.52175
5.8934
4.6018
2.3163
0.76556
6.191
5.2411
3.4277
1.3321
0.20819
5.5741
4.0057
1.6768
0.34228
5.6266
4.0172
1.6399
0.26025
5.4211
3.5395
1.2704
6.2398
4.8826
2.5398
0.76315
5.9609
4.5587
2.1683
0.60461
5.8926
4.5166
2.1598
0.63443
5.985
4.7586
2.5332
0.87939
6.2791
5.3916
3.726
1.5087
0.28946
5.6389
4.1044
1.7491
0.37803
5.6592
4.0729
1.6842
0.28908
5.4622
3.6203
1.3178
6.2666
4.9157
2.5854
0.78302
5.9693
4.5636
2.1689
0.60068
5.8808
4.4861
2.1169
0.60229
5.9374
4.6502
2.3651
0.7807
6.1833
5.203
3.3406
1.2805
0.17861
5.5376
3.9349
1.6196
0.30305
5.5681
3.8944
1.537
0.17895
5.2821
3.2601
1.1198
6.1628
4.8024
2.4461
0.73055
5.9655
4.6048
2.2499
0.67316
6.003
4.7733
2.5453
0.87894
6.2658
5.3521
3.6362
1.4456
0.24715
5.5765
3.9734
1.6311
0.28705
5.5093
3.7494
1.4184
0.075881
5.0923
2.8969
0.94376
6.0835
4.7418
2.4004
0.73426
6.0213
4.7662
2.5126
0.84732
6.2147
5.2305
3.3776
1.2908
0.16515
5.4871
3.8111
1.5146
0.21645
5.4163
3.5706
1.3089
0.013194
5.0138
2.7764
0.89608
6.0798
4.7785
2.4793
0.79503
6.1079
4.9631
2.8495
1.0239
0.052468
5.4166
3.7355
1.4948
0.25117
5.5393
3.867
1.5313
0.19482
5.3351
3.3799
1.1886
6.2084
4.8703
2.5447
0.78114
6.0049
4.6706
2.3373
0.72427
6.0571
4.8824
2.7222
0.96922
0.040634
5.4359
3.7984
1.5503
0.30207
5.6345
4.0796
1.7183
0.34615
5.5965
3.9296
1.5538
0.17785
5.262
3.2102
1.0899
6.1393
4.7621
2.3861
0.69579
5.9296
4.5341
2.1544
0.60917
5.9193
4.5904
2.269
0.71352
6.0957
5.0085
2.9647
1.0969
0.11889
5.5427
4.0087
1.7122
0.40575
5.7772
4.3808
2.0388
0.58935
5.9789
4.7856
2.5949
0.92414
0.051454
5.5134
3.9961
1.7246
0.44128
5.8682
4.6089
2.3549
0.8089
6.2697
5.4337
3.8468
1.6117
0.37576
5.79
4.4476
2.1401
0.67485
6.1176
5.1122
3.1857
1.2151
0.18194
5.6129
4.1394
1.8256
0.47958
5.8781
4.5994
2.327
0.78209
6.2251
5.3269
3.6117
1.4435
0.26719
5.6381
4.1245
1.7788
0.41158
5.7276
4.2329
1.851
0.43012
5.7094
4.1626
1.7632
0.34535
5.5492
3.8001
1.439
0.06927
5.0519
2.8085
0.89205
6.0371
4.6554
2.2753
0.65717
5.9331
4.5828
2.2408
0.68272
6.0387
4.8694
2.7124
0.97156
0.056457
5.481
3.9034
1.6356
0.36569
5.7366
4.3045
1.9544
0.5317
5.8991
4.6087
2.3237
0.76835
6.1912
5.2389
3.422
1.3284
0.20555
5.57
3.9969
1.6691
0.33645
5.6171
3.9967
1.6216
0.24529
5.395
3.4855
1.2389
6.2208
4.8573
2.5043
0.74628
5.9504
4.5446
2.1528
0.59644
5.8849
4.5024
2.1418
0.62261
5.9697
4.7253
2.481
0.85028
6.2542
5.3459
3.6316
1.4467
0.25412
5.5961
4.0206
1.675
0.32396
5.5744
3.8909
1.5262
0.1605
5.2378
3.1668
1.0706
6.1351
4.7688
2.4041
0.71183
5.956
4.5955
2.2419
0.67143
6.0062
4.7844
2.5652
0.89098
6.2776
5.3756
3.6854
1.4779
0.26602
5.6002
4.0202
1.6703
0.31546
5.5541
3.8432
1.487
0.12715
5.1773
3.0505
1.0146
6.1112
4.7535
2.3967
0.71772
5.9796
4.6595
2.3407
0.73991
6.0965
4.9844
2.909
1.0641
0.093591
5.4997
3.9169
1.6342
0.34942
5.6902
4.189
1.8216
0.42297
5.718
4.1942
1.8017
0.3827
5.6203
3.9593
1.5687
0.17811
5.2479
3.1745
1.0682
6.1214
4.7304
2.3395
0.66742
5.8975
4.4682
2.0686
0.54763
5.8305
4.3928
2.0057
0.52552
5.8302
4.4141
2.0421
0.56111
5.8954
4.5684
2.2518
0.7121
6.109
5.0494
3.0461
1.1381
0.13801
5.5586
4.0333
1.7298
0.41367
5.7827
4.3888
2.0467
0.59355
5.9829
4.7932
2.6067
0.93002
0.054936
5.5179
4.0051
1.7321
0.44611
5.8748
4.6231
2.3755
0.82115
6.2819
5.4583
3.9002
1.6542
0.40469
5.8321
4.5405
2.2635
0.75611
6.218
5.3315
3.6305
1.4599
0.28316
5.669
4.1953
1.8524
0.47005
5.8239
4.4511
2.1123
0.63045
6.0213
4.87
2.731
0.99124
0.088142
5.5563
4.0766
1.7924
0.48366
5.9232
4.7272
2.5313
0.90854
0.074377
5.5977
4.2048
1.938
0.6045
6.1226
5.1975
3.3878
1.3344
0.25314
5.7055
4.3287
2.0246
0.61924
6.0775
5.0484
3.0752
1.1683
0.18158
5.6586
4.2677
1.9741
0.6002
6.0743
5.0579
3.1006
1.1843
0.19416
5.6802
4.3159
2.0292
0.63929
6.1291
5.1824
3.3441
1.3046
0.23002
5.6666
4.2417
1.9255
0.54713
5.9721
4.8079
2.6483
0.96217
0.096499
5.6104
4.2178
1.9451
0.60318
6.1117
5.1663
3.3223
1.2985
0.2379
5.6961
4.3173
2.0155
0.61642
6.0787
5.0546
3.0885
1.1755
0.18535
5.6627
4.2754
1.982
0.60533
6.0808
5.0722
3.1276
1.197
0.19733
5.6769
4.3035
2.0125
0.62551
6.1073
5.1308
3.2407
1.2516
0.212
5.666
4.2581
1.9516
0.5735
6.0211
4.9265
2.8548
1.0659
0.15229
5.6735
4.339
2.0734
0.68413
6.21
5.3796
3.7637
1.565
0.36632
5.809
4.5119
2.2348
0.74524
6.217
5.3395
3.6523
1.4763
0.2958
5.69
4.242
1.9027
0.50872
5.885
4.5904
2.3033
0.75961
6.1878
5.2376
3.4221
1.3298
0.20857
5.5776
4.015
1.6859
0.35011
5.6405
4.0485
1.6688
0.28438
5.4637
3.629
1.3259
6.2763
4.9366
2.6219
0.80381
5.9889
4.6009
2.219
0.6343
5.9254
4.5832
2.2492
0.69386
6.0612
4.9252
2.8117
1.0222
0.085881
5.5186
3.9758
1.6922
0.40135
5.7843
4.4056
2.0736
0.61786
6.0246
4.8923
2.7763
1.0174
0.10939
5.5937
4.1587
1.8731
0.54212
6.0103
4.9259
2.8641
1.0763
0.16866
5.7121
4.4318
2.1906
0.76339
0.027565
5.6025
4.2649
2.0258
0.68492
6.2599
5.5283
4.1115
1.8699
0.58385
6.1323
5.2472
3.5016
1.4038
0.29208
5.7515
4.4207
2.1321
0.69011
6.1679
5.2475
3.467
1.3667
0.24574
5.6512
4.1828
1.8513
0.4808
5.8559
4.5335
2.227
0.71285
6.1359
5.1289
3.2074
1.2202
0.17206
5.5784
4.0536
1.7381
0.40863
5.7597
4.3277
1.9688
0.53169
5.8848
4.5668
2.2593
0.72407
6.1344
5.1134
3.1717
1.1999
0.1601
5.5629
4.0229
1.7114
0.38993
5.7318
4.2666
1.8992
0.47829
5.8008
4.3763
2.0078
0.54526
5.8846
4.5525
2.2332
0.70242
6.1009
5.0349
3.0205
1.1269
0.13632
5.5649
4.0521
1.7495
0.43103
5.8135
4.4602
2.1385
0.65998
6.0777
5.0082
2.9822
1.1149
0.14543
5.6041
4.1514
1.852
0.51335
5.949
4.7733
2.5996
0.94169
0.092335
5.6184
4.2443
1.9778
0.62962
6.1535
5.2647
3.5247
1.4109
0.28428
5.7213
4.3425
2.0312
0.61586
6.0613
5.0036
2.988
1.1254
0.16516
5.6526
4.2671
1.9792
0.60903
6.0941
5.1081
3.1993
1.2328
0.20983
5.6783
4.2949
1.9974
0.6103
6.0795
5.0631
3.1077
1.1861
0.19151
5.6704
4.291
1.9991
0.61683
6.0962
5.1065
3.1935
1.2286
0.20571
5.6703
4.2764
1.9761
0.59473
6.0569
5.0114
3.0104
1.1402
0.17865
5.678
4.3253
2.0466
0.65678
6.1607
5.2594
3.5039
1.394
0.26852
5.6915
4.2736
1.9504
0.556
5.9726
4.8004
2.6321
0.95149
0.085215
5.5872
4.165
1.8888
0.56252
6.0527
5.0314
3.0605
1.1706
0.20169
5.7163
4.4107
2.1503
0.72661
6.2504
5.4584
3.9319
1.6948
0.45009
5.9236
4.762
2.6017
0.95539
0.12565
5.7044
4.453
2.2351
0.8045
0.094385
5.7617
4.6477
2.5357
0.99326
0.2886
6.1517
5.6006
4.4187
2.2797
0.89968
0.30282
0.0041875
5.9929
5.4123
4.0667
1.9224
0.717
0.16867
6.0714
5.4807
4.171
2.0043
0.74507
0.16387
6.029
5.3595
3.8921
1.7427
0.5786
6.2445
5.5886
4.2926
2.0834
0.7457
0.086483
5.7968
4.7566
2.7173
1.0897
0.34859
6.2322
5.7818
4.8506
2.9291
1.2184
0.44631
0.10586
6.1543
5.7909
4.9549
3.1481
1.3348
0.49384
0.12685
6.1695
5.8157
5.0111
3.2509
1.3816
0.49439
0.081711
6.0338
5.456
4.1422
1.9865
0.74573
0.18343
6.0867
5.5116
4.2393
2.0767
0.78895
0.21078
6.125
5.5985
4.4396
2.3177
0.92959
0.34282
0.092189
6.2168
5.9919
5.4798
4.2481
2.1222
0.84808
0.32401
0.11832
0.030666
6.2569
6.1735
5.9808
5.4903
4.2874
2.1734
0.88333
0.36609
0.20681
0.25287
0.54913
1.3673
3.1649
4.9392
5.739
6.0212
6.0444
5.8311
5.1811
3.6388
1.6196
0.59915
0.14267
6.1116
5.6265
4.5309
2.4518
1.009
0.41258
0.21711
0.23705
0.49184
1.2189
2.8846
4.8045
5.7287
6.1263
0.084406
0.41004
1.1343
2.7648
4.7633
5.763
6.2657
0.46761
1.4035
3.3254
5.0645
5.8651
6.2595
0.3471
1.058
2.6404
4.7032
5.7661
0.051402
0.67129
1.9132
4.097
5.4643
6.1012
0.27392
1.0003
2.5684
4.6788
5.7897
0.14382
0.92443
2.5033
4.678
5.8533
0.32863
1.4099
3.4783
5.2163
6.0786
0.4545
1.5526
3.6506
5.2612
6.0188
0.23181
0.95777
2.5016
4.6427
5.7861
0.16954
1.0049
2.6843
4.8053
5.9305
0.42717
1.6213
3.8142
5.384
6.1711
0.56309
1.7721
3.9609
5.419
6.1166
0.36522
1.2542
3.0934
4.9808
5.904
0.17392
0.90006
2.4096
4.5874
5.7731
0.18738
1.0711
2.8326
4.8982
5.981
0.48291
1.7324
3.9689
5.4693
6.2426
0.69229
2.0634
4.3157
5.6456
0.096986
0.92843
2.5606
4.7416
5.923
0.46884
1.7497
4.0146
5.5132
0.032586
0.8677
2.4657
4.6892
5.9131
0.49207
1.8267
4.1287
5.5963
0.14662
1.1262
3.0086
5.0236
6.0866
0.6711
2.1606
4.4812
5.8284
0.45309
1.7987
4.1185
5.6095
0.19345
1.2528
3.2621
5.1511
6.1349
0.68775
2.1586
4.4616
5.7959
0.37875
1.6146
3.8494
5.4341
6.2681
0.80374
2.3426
4.5981
5.8601
0.42836
1.6952
3.9543
5.4872
0.022501
0.86344
2.4645
4.692
5.9198
0.50901
1.8687
4.1843
5.6362
0.20207
1.2518
3.2511
5.1411
6.1216
0.65807
2.0893
4.3891
5.7407
0.29282
1.4168
3.5289
5.2633
6.1457
0.60791
1.9244
4.1791
5.5726
0.030627
0.80248
2.2934
4.5344
5.7912
0.29249
1.3653
3.417
5.1968
6.0916
0.51292
1.7081
3.8939
5.3963
6.1237
0.40914
1.3756
3.323
5.09
5.9275
0.13353
0.7559
2.0642
4.2533
5.5458
6.1661
0.38643
1.2668
3.1013
4.9761
5.8855
0.12429
0.77029
2.1126
4.3117
5.59
6.2294
0.5317
1.6242
3.7153
5.2637
5.9601
0.055933
0.49083
1.3971
3.2883
5.0333
5.8294
6.1872
0.16582
0.59272
1.5782
3.5637
5.1395
5.8051
6.0107
5.9471
5.5538
4.494
2.458
1.0536
0.51833
0.47851
0.89914
2.1026
4.1679
5.3778
5.8012
5.7609
5.2217
3.8095
1.7779
0.72499
0.33517
0.27428
0.48425
1.1598
2.752
4.724
5.6961
6.1144
0.081382
0.41288
1.1456
2.7893
4.7781
5.7689
6.268
0.46858
1.404
3.3256
5.0642
5.864
6.2569
0.34035
1.0408
2.604
4.6793
5.7551
0.043954
0.65988
1.8888
4.0676
5.4472
6.0848
0.24209
0.92232
2.3995
4.5526
5.7183
0.065645
0.76173
2.148
4.3722
5.6538
0.063508
0.81987
2.3073
4.5355
5.7794
0.25729
1.2728
3.2443
5.1133
6.0615
0.5066
1.7201
3.9225
5.421
6.1601
0.4934
1.5835
3.6735
5.2563
5.9835
0.13217
0.69586
1.9006
4.0514
5.4129
6.0098
0.053476
0.43381
1.2345
2.9791
4.8855
5.8069
6.2697
0.43591
1.3075
3.1447
4.9788
5.8481
0.012728
0.47329
1.3897
3.2897
5.0421
5.8485
6.2337
0.28633
0.90455
2.3089
4.453
5.6306
6.2009
0.40572
1.2884
3.1316
4.9847
5.8747
0.084345
0.6614
1.8527
4.0045
5.3966
6.0137
0.081449
0.51373
1.4374
3.3523
5.058
5.8228
6.1434
0.041348
0.26386
0.74718
1.9101
4.016
5.3547
5.8928
6.0502
5.9768
5.6018
4.5968
2.5986
1.117
0.5343
0.46081
0.832
1.9425
3.9846
5.2802
5.7326
5.6617
5.0087
3.3993
1.535
0.67007
0.42618
0.59569
1.3263
3.0271
4.8422
5.6657
5.9101
5.7901
5.1967
3.7184
1.6947
0.66334
0.24775
0.077392
6.2675
6.1588
5.9261
5.3438
3.9544
1.8387
0.6874
0.17058
6.1067
5.5841
4.418
2.2949
0.92087
0.34302
0.10151
6.2445
6.0657
5.671
4.7017
2.7325
1.161
0.50681
0.33797
0.5007
1.1435
2.6963
4.6799
5.664
6.0676
6.2574
0.13821
0.43999
1.1677
2.8152
4.7834
5.754
6.2199
0.33934
1.0748
2.6898
4.7414
5.7933
0.091658
0.76468
2.13
4.343
5.6235
0.0078385
0.68323
1.9899
4.2101
5.5537
6.231
0.57277
1.7397
3.8925
5.3629
6.0376
0.18599
0.80248
2.1381
4.317
5.5731
6.1773
0.39268
1.2739
3.1113
4.979
5.8821
0.11151
0.7354
2.0302
4.2213
5.5306
6.1563
0.37233
1.2353
3.0426
4.9487
5.8826
0.1433
0.83002
2.2547
4.4545
5.6873
0.075805
0.82319
2.3039
4.5277
5.7685
0.2339
1.2142
3.1317
5.059
6.0459
0.51443
1.7582
3.9845
5.4642
6.2134
0.6098
1.862
4.0722
5.4803
6.1692
0.46105
1.481
3.4969
5.1649
5.9336
0.076665
0.57947
1.6299
3.6785
5.2157
5.8768
6.1427
6.2685
0.096545
0.30414
0.81119
2.0434
4.1659
5.4341
5.9517
6.1438
6.1969
6.1637
6.0115
5.5908
4.5319
2.4891
1.0535
0.48714
0.38884
0.66964
1.5712
3.4727
5.0491
5.6817
5.7485
5.3057
4.0338
1.9835
0.84917
0.46558
0.53095
1.1027
2.5668
4.5746
5.5919
5.9716
6.0447
5.8816
5.3277
3.9571
1.8585
0.71875
0.23745
6.2746
6.0198
5.5048
4.2877
2.1594
0.86284
0.32594
0.10924
0.0015563
6.1786
5.9681
5.4477
4.1857
2.0593
0.81582
0.30069
0.081734
6.2276
6.0347
5.596
4.5228
2.4676
1.0365
0.46597
0.34476
0.56152
1.3107
3.0263
4.8569
5.698
5.9866
5.983
5.6837
4.8201
2.9624
1.2829
0.56223
0.37464
0.55298
1.2565
2.9111
4.7941
5.6805
6
6.0401
5.8395
5.2097
3.7011
1.6617
0.61813
0.15411
6.1268
5.6605
4.6111
2.5667
1.0661
0.44083
0.24223
0.28351
0.60453
1.4939
3.3803
5.0303
5.7303
5.9053
5.7112
4.9759
3.275
1.4411
0.59888
0.32034
0.35668
0.7422
1.8036
3.8381
5.231
5.7554
5.7762
5.3115
4.0209
1.96
0.82433
0.42277
0.43149
0.85843
2.0422
4.1169
5.3637
5.8153
5.8158
5.3657
4.1216
2.047
0.86113
0.43382
0.42685
0.83388
1.9815
4.0459
5.3243
5.7842
5.7657
5.2523
3.8813
1.8362
0.75605
0.36198
0.32205
0.59862
1.4387
3.2701
4.9733
5.7104
5.9055
5.7319
5.0345
3.3886
1.4981
0.60508
0.28084
0.23376
0.41832
1.0091
2.4463
4.524
5.6195
6.099
0.11211
0.52028
1.4256
3.3204
5.0373
5.8066
6.1171
6.2624
0.10373
0.33176
0.88551
2.2135
4.342
5.5383
6.0566
0.067187
0.42807
1.2041
2.9136
4.8491
5.794
6.269
0.44664
1.3394
3.2055
5.0077
5.8533
6.282
0.42646
1.2677
3.0634
4.9372
5.8362
0.019629
0.50592
1.4768
3.4433
5.1126
5.861
6.1996
0.17157
0.59745
1.5859
3.5741
5.1432
5.8037
6.003
5.9256
5.4982
4.364
2.2899
0.96819
0.47031
0.4256
0.79376
1.8749
3.9102
5.2503
5.7317
5.6891
5.0868
3.5538
1.6201
0.68528
0.38329
0.45528
0.96697
2.3018
4.3812
5.5149
5.9537
6.0688
5.9713
5.5669
4.5058
2.4661
1.0516
0.50536
0.44323
0.80997
1.901
3.938
5.2601
5.7286
5.6705
5.0372
3.4563
1.5658
0.67535
0.41005
0.54339
1.1938
2.7739
4.7135
5.6531
6.0035
6.0778
5.9482
5.4897
4.3185
2.2238
0.92343
0.42069
0.32635
0.5526
1.3038
3.0195
4.857
5.705
6.0064
6.0346
5.8168
5.1492
3.5756
1.5815
0.58727
0.14716
6.1369
5.6976
4.7056
2.7136
1.1367
0.46698
0.24748
0.27293
0.56794
1.4008
3.2193
4.9602
5.7315
5.9788
5.9264
5.5247
4.4352
2.3838
1.0198
0.50774
0.48189
0.9195
2.1524
4.2209
5.4078
5.8268
5.8051
5.3233
4.0225
1.9503
0.80699
0.38588
0.34114
0.63096
1.5107
3.3887
5.022
5.703
5.8357
5.5358
4.5563
2.5888
1.1464
0.61537
0.66154
1.322
2.9518
4.7702
5.5903
5.7715
5.4632
4.4238
2.4257
1.0839
0.62591
0.75375
1.566
3.3782
4.956
5.5634
5.5115
4.7622
3.0141
1.3932
0.75655
0.80632
1.5778
3.3493
4.9146
5.5002
5.3804
4.4756
2.5987
1.2384
0.82338
1.1418
2.3696
4.295
5.3062
5.4886
4.9575
3.4562
1.6455
0.83199
0.75777
1.3708
2.964
4.7338
5.5039
5.5711
4.9849
3.4357
1.5966
0.7571
0.60446
1.0201
2.288
4.3095
5.4111
5.747
5.572
4.7442
2.9169
1.3124
0.67477
0.66183
1.2634
2.8182
4.6907
5.5635
5.7772
5.5061
4.5338
2.5774
1.1558
0.64919
0.74718
1.5247
3.3012
4.9188
5.5575
5.5326
4.8257
3.1252
1.4411
0.74856
0.73662
1.3965
3.0412
4.7861
5.5338
5.6003
5.0356
3.5228
1.6379
0.75081
0.5459
0.86019
1.9324
3.94
5.2313
5.6543
5.489
4.6104
2.7371
1.2573
0.72873
0.86612
1.7653
3.6457
5.043
5.4945
5.2366
4.113
2.1637
1.0437
0.78804
1.2413
2.6408
4.5204
5.4184
5.5554
5.0272
3.5481
1.6736
0.79386
0.62714
1.0472
2.3334
4.3426
5.4194
5.7359
5.532
4.6455
2.7613
1.2483
0.6837
0.75081
1.5001
3.247
4.8886
5.5458
5.5305
4.8317
3.14
1.4499
0.75247
0.73852
1.3978
3.0421
4.7857
5.5321
5.596
5.0256
3.5038
1.6277
0.74994
0.55378
0.88353
1.9863
4.0039
5.2622
5.6679
5.4964
4.6169
2.7418
1.256
0.72107
0.84631
1.7204
3.5833
5.0187
5.5007
5.2777
4.2102
2.2662
1.09
0.8004
1.2285
2.5985
4.4853
5.3978
5.5362
4.995
3.4936
1.6474
0.79823
0.66519
1.1494
2.546
4.5037
5.483
5.7449
5.4941
4.5336
2.5891
1.1694
0.67013
0.79201
1.6256
3.4578
4.979
5.5355
5.412
4.5235
2.6528
1.2516
0.79996
1.0656
2.2064
4.1519
5.2504
5.4901
5.0174
3.5908
1.73
0.85648
0.73855
1.2938
2.811
4.6528
5.4963
5.6317
5.1608
3.7888
1.8138
0.80942
0.52895
0.7531
1.6612
3.5651
5.0581
5.6103
5.5392
4.7908
3.0456
1.3962
0.73158
0.73503
1.4091
3.0701
4.8025
5.539
5.5982
5.0247
3.4996
1.6241
0.74714
0.54972
0.87475
1.9672
3.9821
5.252
5.664
5.4957
4.6187
2.7461
1.2588
0.72318
0.84933
1.7263
3.5913
5.0215
5.4992
5.2707
4.1942
2.2489
1.0824
0.79896
1.2322
2.6086
4.4931
5.4016
5.5384
4.9973
3.4965
1.6482
0.79694
0.66088
1.1386
2.5245
4.489
5.4784
5.747
5.5048
4.5605
2.6277
1.1865
0.67229
0.78089
1.5934
3.4056
4.9569
5.5379
5.4407
4.5973
2.7604
1.2956
0.79312
1.0032
2.0565
3.9941
5.1788
5.4703
5.0356
3.6526
1.7806
0.88662
0.76762
1.3431
2.8927
4.6886
5.4849
5.565
4.9871
3.4466
1.6059
0.76448
0.61526
1.0432
2.3352
4.3489
5.4281
5.7525
5.5708
4.7355
2.9005
1.3042
0.67265
0.66414
1.272
2.8356
4.7004
5.5653
5.7724
5.4906
4.4968
2.526
1.1327
0.64497
0.7584
1.5596
3.3607
4.9445
5.555
5.5001
4.7397
2.9797
1.3809
0.76406
0.83913
1.6583
3.4736
4.963
5.4836
5.2871
4.2514
2.32
1.1209
0.82219
1.2562
2.641
4.5058
5.3919
5.5
4.9027
3.3233
1.5633
0.80317
0.76264
1.4129
3.0508
4.7793
5.5101
5.5425
4.9002
3.2754
1.5172
0.7576
0.68518
1.2456
2.7536
4.6399
5.5289
5.7331
5.4145
4.3324
2.3216
1.042
0.62577
0.79528
1.6788
3.5566
5.0311
5.5561
5.4163
4.5141
2.6316
1.2372
0.78774
1.047
2.1722
4.122
5.241
5.4965
5.044
3.6461
1.7647
0.86467
0.72547
1.2498
2.7229
4.6027
5.4884
5.6604
5.2491
3.9785
1.9653
0.87524
0.55294
0.75582
1.6446
3.5306
5.0374
5.5965
5.5216
4.7566
2.9926
1.377
0.74278
0.78486
1.5337
3.2818
4.8902
5.5143
5.4431
4.6273
2.815
1.3236
0.80173
0.99844
2.0358
3.967
5.1633
5.4597
5.0225
3.633
1.7716
0.89018
0.78592
1.3891
2.9759
4.7276
5.4794
5.5112
4.8455
3.1887
1.4847
0.77714
0.77077
1.4611
3.1454
4.8259
5.5128
5.5034
4.7908
3.0814
1.4321
0.77318
0.8127
1.5784
3.344
4.9086
5.4924
5.3653
4.4439
2.5583
1.2235
0.82897
1.1717
2.4358
4.3486
5.3268
5.4879
4.9348
3.4065
1.6163
0.8251
0.76852
1.407
3.0321
4.7665
5.5023
5.5342
4.8853
3.2512
1.5078
0.76232
0.70746
1.3025
2.8618
4.6972
5.5328
5.6864
5.2781
4.0255
1.9997
0.88335
0.53983
0.71029
1.5328
3.3546
4.965
5.6071
5.6235
5.0271
3.4797
1.6007
0.72114
0.50186
0.76363
1.717
3.6596
5.1071
5.6315
5.5494
4.7976
3.0494
1.3933
0.72145
0.71011
1.3507
2.9671
4.7572
5.5482
5.6686
5.2124
3.8787
1.8728
0.82167
0.5028
0.66582
1.4465
3.2195
4.9147
5.6302
5.7382
5.3277
4.1007
2.055
0.89435
0.51348
0.62382
1.3183
2.9811
4.8037
5.6304
5.8499
5.6494
4.8566
3.0743
1.3592
0.62181
0.46691
0.76213
1.7478
3.7179
5.143
5.6595
5.5919
4.8867
3.1967
1.4516
0.69944
0.59105
1.0399
2.3511
4.373
5.4519
5.7921
5.6607
4.9463
3.2591
1.4547
0.6435
0.43234
0.64016
1.4453
3.2426
4.9391
5.6611
5.8004
5.4754
4.4276
2.4201
1.0731
0.60481
0.70512
1.4536
3.1951
4.8832
5.5858
5.6462
5.1118
3.6561
1.7083
0.75107
0.47625
0.65986
1.4565
3.2466
4.9319
5.6412
5.7517
5.3553
4.1585
2.1113
0.92149
0.52821
0.63892
1.346
3.0278
4.8232
5.6247
5.8144
5.5522
4.6224
2.6967
1.2013
0.63848
0.67161
1.327
2.9528
4.7663
5.5812
5.7504
5.4117
4.3077
2.2844
1.0172
0.60058
0.74908
1.5785
3.408
4.9742
5.5744
5.5238
4.7847
3.0482
1.4049
0.74802
0.77127
1.4916
3.2087
4.8588
5.5196
5.4888
4.7446
3.001
1.3975
0.77898
0.86304
1.7069
3.5415
4.9868
5.4695
5.2253
4.1098
2.1704
1.0566
0.81347
1.297
2.7433
4.5774
5.4207
5.5044
4.8857
3.282
1.5384
0.79416
0.76323
1.4236
3.0731
4.7911
5.5121
5.5363
4.8811
3.2401
1.5007
0.75896
0.70536
1.3001
2.8583
4.6961
5.534
5.6908
5.2893
4.0497
2.0218
0.89381
0.54534
0.71557
1.5419
3.3677
4.9694
5.6039
5.6101
4.993
3.415
1.567
0.71895
0.52952
0.84522
1.909
3.9162
5.2239
5.6596
5.5115
4.6659
2.8214
1.2917
0.72322
0.81656
1.6387
3.4585
4.9667
5.507
5.3469
4.3813
2.47
1.181
0.81692
1.1819
2.4722
4.383
5.3476
5.5072
4.9664
3.4577
1.6381
0.81628
0.72306
1.2915
2.8212
4.6659
5.5116
5.66
5.2247
3.9179
1.9104
0.8458
0.52972
0.71892
1.5667
3.4145
4.9927
5.61
5.6039
4.9695
3.368
1.542
0.71561
0.54527
0.89358
2.0212
4.0491
5.289
5.6907
5.5338
4.6958
2.8579
1.2999
0.70547
0.75941
1.5019
3.2419
4.8818
5.5361
5.5107
4.7876
3.0672
1.4212
0.76395
0.79853
1.5494
3.3001
4.8929
5.502
5.407
4.5436
2.6945
1.2777
0.81827
1.0888
2.2454
4.183
5.2574
5.4768
4.9743
3.5059
1.6812
0.85044
0.77122
1.389
2.9903
4.7423
5.4948
5.538
4.9031
3.2863
1.5253
0.7633
0.69257
1.2603
2.7803
4.6538
5.5289
5.7193
5.3753
4.243
2.2189
0.992
0.60225
0.779
1.6583
3.5338
5.0271
5.5694
5.4571
4.6095
2.7671
1.2906
0.77501
0.95917
1.962
3.8894
5.1367
5.4726
5.084
3.7635
1.8605
0.91577
0.7641
1.3043
2.8092
4.6404
5.4742
5.5844
5.0513
3.5751
1.6789
0.77675
0.57559
0.91877
2.0568
4.079
5.2952
5.6765
5.4877
4.5846
2.6897
1.2314
0.71619
0.85746
1.7549
3.6355
5.042
5.5023
5.2587
4.1607
2.2111
1.0633
0.7896
1.2259
2.6034
4.4934
5.4074
5.5532
5.0322
3.562
1.6836
0.79887
0.63072
1.0523
2.3424
4.3493
5.4214
5.7345
5.5261
4.6309
2.7389
1.2389
0.68424
0.7617
1.5293
3.296
4.9089
5.5411
5.4975
4.7465
2.996
1.3907
0.7691
0.84303
1.6636
3.4799
4.9643
5.4802
5.2768
4.2284
2.2949
1.1105
0.82195
1.2659
2.6637
4.5215
5.3973
5.4988
4.8938
3.3052
1.5537
0.80214
0.76941
1.4324
3.0858
4.795
5.5076
5.52
4.8412
3.1706
1.4711
0.76652
0.75562
1.4305
3.0955
4.8066
5.5221
5.548
4.9031
3.2764
1.5153
0.7526
0.67348
1.2181
2.7011
4.6105
5.5251
5.7522
5.4728
4.469
2.4946
1.123
0.65282
0.79006
1.6377
3.4831
4.9936
5.5434
5.419
4.534
2.6649
1.2546
0.79482
1.0487
2.1694
4.1162
5.2355
5.4886
5.0281
3.617
1.7482
0.86372
0.7395
1.2892
2.7995
4.6453
5.4933
5.631
5.1618
3.7919
1.8166
0.81118
0.5309
0.75693
1.6697
3.5775
5.0631
5.6096
5.5323
4.7727
3.0149
1.3835
0.73454
0.75588
1.4631
3.1646
4.8431
5.53
5.5331
4.8545
3.1859
1.473
0.75541
0.72337
1.3532
2.9595
4.7469
5.5348
5.6423
5.152
3.7567
1.7844
0.78932
0.50414
0.70203
1.5457
3.389
4.9874
5.6235
5.6466
5.0752
3.569
1.6483
0.7245
0.46352
0.64963
1.4406
3.2232
4.9242
5.6476
5.7774
5.4227
4.3099
2.2769
1.0049
0.57693
0.69443
1.4519
3.2023
4.892
5.5979
5.6708
5.1688
3.7693
1.7824
0.7733
0.46266
0.59835
1.2973
2.9591
4.8024
5.6497
5.9051
5.7912
5.2051
3.7378
1.709
0.67074
0.254
0.088542
0.011508
6.2292
6.1096
5.8175
5.0762
3.4004
1.4687
0.53173
0.10181
6.0567
5.5039
4.2483
2.0985
0.81264
0.25289
6.2265
5.8604
5.0839
3.3756
1.4355
0.48614
0.0040495
5.8092
4.8747
2.9534
1.2191
0.42372
0.039461
5.9778
5.3324
3.8731
1.7458
0.60323
0.027967
5.7639
4.7203
2.6767
1.0815
0.36887
0.01685
5.9649
5.3167
3.8457
1.7273
0.59671
0.028043
5.7706
4.7395
2.7088
1.0975
0.37627
0.02248
5.9744
5.3391
3.8939
1.7653
0.61795
0.049923
5.815
4.8456
2.885
1.1782
0.39538
6.2809
5.8808
5.0893
3.3678
1.4221
0.46533
6.2405
5.6897
4.5797
2.4785
0.99284
0.34477
0.034689
6.0425
5.5287
4.3299
2.2035
0.88342
0.33632
0.11922
0.021055
6.2271
6.094
5.7728
4.9631
3.1846
1.3631
0.52019
0.17429
0.0017929
6.1143
5.7755
4.9505
3.1537
1.3448
0.5105
0.16481
6.2664
6.068
5.656
4.6571
2.6597
1.1258
0.4945
0.33777
0.51244
1.1774
2.766
4.7214
5.6769
6.0625
6.2292
0.05866
0.22997
0.62924
1.617
3.6038
5.1446
5.7774
5.9257
5.724
4.9919
3.2986
1.4489
0.59184
0.29262
0.28186
0.54925
1.3387
3.1013
4.9042
5.7254
6.0174
6.0467
5.8417
5.2093
3.6979
1.6585
0.61516
0.14893
6.1143
5.6283
4.5332
2.4542
1.0097
0.41181
0.21423
0.22926
0.47153
1.168
2.7846
4.7506
5.7173
6.1479
0.16035
0.61568
1.6485
3.6784
5.1968
5.8304
6.0264
5.9684
5.6009
4.6027
2.6105
1.1248
0.54131
0.47305
0.86041
2.0059
4.0582
5.3169
5.753
5.6833
5.049
3.4709
1.5694
0.66787
0.38567
0.47966
1.0351
2.4505
4.5033
5.5778
6.004
6.1547
6.1774
6.0944
5.8236
5.1094
3.4728
1.5111
0.54759
0.1047
6.0495
5.4795
4.1897
2.0334
0.77196
0.20808
6.134
5.628
4.5128
2.4174
0.98452
0.3847
0.16016
0.095088
0.12496
0.27948
0.70984
1.7919
3.8497
5.257
5.8091
5.9046
5.6305
4.749
2.8682
1.2574
0.5979
0.50131
0.88529
2.0434
4.0918
5.3268
5.7445
5.6494
4.9619
3.3055
1.4859
0.66267
0.45467
0.68584
1.5503
3.4146
5.0092
5.6476
5.6924
5.1802
3.7754
1.7784
0.75991
0.4303
0.51784
1.1004
2.5743
4.5856
5.6049
5.9967
6.1059
6.0388
5.7298
4.8952
3.0773
1.3236
0.53957
0.26927
0.26501
0.52266
1.2795
2.9942
4.8558
5.7276
6.072
6.2067
6.265
0.021868
0.083814
0.22948
0.6026
1.5425
3.482
5.0877
5.7628
5.9409
5.7832
5.1462
3.6018
1.6132
0.62382
0.21855
0.030078
6.1549
5.8685
5.1793
3.597
1.5749
0.55285
0.055869
5.8979
5.081
3.3312
1.3929
0.43892
6.1931
5.574
4.3037
2.1158
0.78298
0.15559
5.9663
5.1823
3.5067
1.474
0.43669
6.1055
5.3143
3.6989
1.5545
0.41011
5.9476
4.8725
2.8102
1.0733
0.21512
5.8536
4.7924
2.7343
1.0724
0.28882
6.0732
5.3661
3.865
1.702
0.53044
6.1479
5.3474
3.7419
1.5714
0.401
5.9041
4.7539
2.6046
0.96686
0.15219
5.7723
4.6203
2.4725
0.94502
0.228
6.0202
5.2692
3.6693
1.5659
0.46237
6.0881
5.2369
3.5201
1.4338
0.33805
5.8572
4.6799
2.5031
0.92232
0.13853
5.776
4.6446
2.5155
0.97239
0.25548
6.0745
5.4031
3.9609
1.788
0.59166
6.2362
5.5507
4.1964
1.9723
0.66867
6.2682
5.5695
4.2163
1.9836
0.66689
6.2519
5.5225
4.1037
1.8645
0.58248
6.1337
5.2529
3.5146
1.4119
0.29658
5.7567
4.4312
2.1449
0.69833
6.1779
5.2691
3.5113
1.3922
0.25715
5.6596
4.1949
1.8612
0.48557
5.8598
4.5401
2.2352
0.71756
6.1407
5.1385
3.2259
1.229
0.17431
5.5762
4.0455
1.729
0.39998
5.7436
4.2902
1.9246
0.49709
5.8296
4.4408
2.0886
0.60535
5.9743
4.7561
2.5389
0.8885
0.01428
5.4375
3.8292
1.5861
0.34301
5.7194
4.2782
1.9298
0.5176
5.8834
4.5769
2.2795
0.74134
6.1616
5.1775
3.2995
1.2643
0.18247
5.5653
4.0072
1.6876
0.36114
5.6713
4.1237
1.7445
0.35026
5.5823
3.8863
1.5126
0.13709
5.1815
3.0507
1.0107
6.101
4.7271
2.3533
0.68861
5.9426
4.5794
2.225
0.66411
6.0028
4.7816
2.5628
0.89102
6.2801
5.3829
3.7023
1.4899
0.27417
5.6124
4.0459
1.6933
0.33332
5.5837
3.907
1.5375
0.16741
5.2472
3.1834
1.0778
6.1363
4.7654
2.3958
0.70479
5.9448
4.5698
2.2048
0.64556
5.9711
4.7064
2.4418
0.82121
6.2158
5.2598
3.4499
1.3366
0.19596
5.5332
3.9057
1.5863
0.26672
5.4939
3.7281
1.4089
0.076489
5.1037
2.9234
0.95951
6.0977
4.7684
2.4407
0.75784
6.0456
4.8147
2.589
0.88824
6.2466
5.2853
3.4835
1.3465
0.18442
5.4889
3.7968
1.4954
0.19114
5.3601
3.4483
1.2346
6.2481
4.9434
2.6653
0.84567
6.0576
4.7627
2.4691
0.7984
6.1271
5.0173
2.9536
1.0768
0.080383
5.4475
3.7896
1.5281
0.26576
5.5492
3.8796
1.5372
0.19426
5.3275
3.3609
1.1767
6.1991
4.8542
2.5194
0.76744
5.9929
4.649
2.3071
0.70612
6.0373
4.8418
2.6546
0.93543
0.021091
5.411
3.7521
1.5199
0.28633
5.6184
4.0505
1.6937
0.32941
5.5718
3.878
1.5126
0.14554
5.2067
3.1043
1.0392
6.1193
4.7531
2.3878
0.70683
5.9585
4.608
2.2629
0.68775
6.0306
4.8402
2.6581
0.9408
0.03157
5.4371
3.8107
1.5641
0.31737
5.6659
4.1525
1.7918
0.40671
5.7004
4.1606
1.7692
0.3582
5.5809
3.8746
1.4991
0.1211
5.1471
2.9828
0.9767
6.0824
4.7055
2.3286
0.67804
5.938
4.5763
2.2238
0.66565
6.0082
4.7961
2.5874
0.90501
0.0090359
5.4053
3.7489
1.5219
0.29369
5.6381
4.0981
1.7409
0.3693
5.6418
4.0328
1.646
0.25637
5.4035
3.4968
1.2424
6.2177
4.8443
2.4796
0.72959
5.9293
4.4994
2.0921
0.55193
5.8193
4.356
1.9556
0.48203
5.7552
4.2415
1.8366
0.39655
5.626
3.9613
1.5656
0.17001
5.2268
3.1297
1.0446
6.1073
4.7118
2.3163
0.65557
5.8876
4.4512
2.0487
0.53411
5.8118
4.3523
1.9568
0.48783
5.7707
4.2801
1.8814
0.43493
5.693
4.1113
1.7049
0.28949
5.4428
3.5679
1.2796
6.2323
4.8509
2.4791
0.72236
5.91
4.4499
2.024
0.49721
5.7305
4.1558
1.7319
0.29515
5.4324
3.5348
1.254
6.2066
4.7995
2.3962
0.67118
5.8512
4.3294
1.8801
0.38329
5.5436
3.7469
1.3811
6.2806
4.8943
2.5245
0.73335
5.8948
4.3943
1.944
0.42487
5.6011
3.8637
1.4654
0.061477
5.0022
2.7014
0.82674
5.971
4.5249
2.0963
0.5328
5.7604
4.2056
1.7765
0.32626
5.4797
3.6303
1.3113
6.2421
4.8487
2.4646
0.70689
5.8819
4.3831
1.938
0.42626
5.6112
3.8903
1.4888
0.083868
5.0459
2.7799
0.86771
6.0016
4.5744
2.1567
0.57226
5.8125
4.316
1.8971
0.42538
5.6495
3.9984
1.5915
0.18445
5.2439
3.1582
1.0559
6.107
4.6998
2.2926
0.63606
5.8567
4.3805
1.9589
0.46287
5.6966
4.0936
1.676
0.25289
5.3632
3.3946
1.1758
6.1631
4.7473
2.3322
0.64094
5.8308
4.3004
1.8537
0.36721
5.5229
3.7064
1.3546
6.2627
4.8671
2.4834
0.71146
5.8756
4.3601
1.9061
0.39633
5.5558
3.7672
1.393
0.0030461
4.8993
2.5298
0.73463
5.893
4.3877
1.9347
0.41621
5.5852
3.8283
1.4374
0.037679
4.9588
2.6269
0.78726
5.9393
4.4709
2.0316
0.48794
5.6963
4.0677
1.6398
0.20955
5.2705
3.2
1.0711
6.1032
4.673
2.2436
0.59629
5.7937
4.2378
1.7925
0.3226
5.453
3.562
1.263
6.2001
4.7709
2.3435
0.63211
5.7947
4.205
1.7412
0.2629
5.3277
3.2927
1.1072
6.0993
4.6253
2.1552
0.51907
5.6622
3.9403
1.502
0.06127
4.965
2.6172
0.77013
5.9025
4.38
1.9123
0.38684
5.5218
3.6837
1.3297
6.2298
4.7935
2.3605
0.63153
5.7761
4.1519
1.6807
0.20348
5.2115
3.0583
0.98832
6.0366
4.5576
2.0906
0.49148
5.6475
3.9266
1.4988
0.068521
4.9899
2.6663
0.8003
5.9351
4.4456
1.9914
0.45013
5.6271
3.9108
1.499
0.084582
5.0378
2.7604
0.85497
5.9873
4.5449
2.1165
0.54282
5.7689
4.2199
1.7898
0.33572
5.4943
3.6602
1.3304
6.255
4.8683
2.4937
0.7226
5.8961
4.4088
1.9672
0.44815
5.6455
3.9644
1.5502
0.13584
5.1401
2.9512
0.95154
6.0494
4.6325
2.2187
0.6023
5.8356
4.353
1.9342
0.45014
5.6844
4.0717
1.6574
0.23931
5.3414
3.3518
1.1535
6.1526
4.7382
2.3242
0.63953
5.8349
4.3136
1.8708
0.38334
5.5531
3.7727
1.4022
0.017655
4.9339
2.5914
0.77175
5.9327
4.467
2.0314
0.49147
5.7067
4.0936
1.666
0.23381
5.3165
3.293
1.1187
6.127
4.6967
2.2665
0.60391
5.7924
4.2262
1.776
0.30478
5.4168
3.4837
1.2151
6.1671
4.7201
2.2731
0.58947
5.7449
4.1046
1.6434
0.17947
5.1773
2.998
0.96186
6.0291
4.5618
2.1059
0.51014
5.6859
4.0161
1.579
0.14194
5.1295
2.9197
0.92992
6.0249
4.5813
2.1463
0.55024
5.7602
4.1875
1.7494
0.29545
5.4158
3.4904
1.2232
6.1793
4.7487
2.3187
0.6218
5.7906
4.2034
1.7429
0.26763
5.34
3.3198
1.1223
6.1091
4.6396
2.1726
0.53002
5.6761
3.9686
1.5252
0.080705
5
2.6773
0.80231
5.9295
4.4272
1.9653
0.42653
5.5847
3.8166
1.4236
0.019819
4.919
2.5563
0.74603
5.8977
4.3901
1.934
0.41266
5.5756
3.8053
1.419
0.021135
4.9276
2.574
0.75799
5.9126
4.4219
1.9731
0.44444
5.6289
3.9217
1.5111
0.098688
5.068
2.8167
0.88463
6.0094
4.5806
2.1604
0.57143
5.8064
4.2994
1.8764
0.40712
5.6169
3.9256
1.5281
0.12968
5.1438
2.9663
0.96325
6.0644
4.6653
2.2673
0.63637
5.883
4.4567
2.063
0.55055
5.8445
4.4304
2.0558
0.56594
5.8954
4.5636
2.2428
0.7046
6.0973
5.022
2.9943
1.1133
0.12954
5.5581
4.0403
1.74
0.42538
5.8066
4.4459
2.1206
0.64782
6.0617
4.9728
2.9175
1.0845
0.13549
5.6048
4.1633
1.8688
0.53029
5.9807
4.85
2.7288
1.0088
0.13488
5.6786
4.3708
2.1208
0.72327
6.2708
5.5227
4.0853
1.8382
0.55555
6.0835
5.1299
3.2621
1.2741
0.24248
5.7341
4.4207
2.1495
0.7155
6.2207
5.3801
3.7544
1.5535
0.35245
5.7798
4.4415
2.1397
0.68039
6.1334
5.1539
3.2703
1.2583
0.198
5.6176
4.1364
1.8165
0.46667
5.8499
4.5301
2.2269
0.71604
6.1448
5.1524
3.2552
1.2447
0.18143
5.5818
4.0537
1.7348
0.40249
5.7451
4.292
1.9259
0.49751
5.8295
4.44
2.0874
0.60432
5.9726
4.752
2.5322
0.8848
0.011145
5.4318
3.8171
1.5771
0.3371
5.711
4.2603
1.91
0.50277
5.8606
4.525
2.207
0.69332
6.1019
5.0471
3.0477
1.1421
0.14597
5.5785
4.0801
1.775
0.4491
5.8406
4.5205
2.2189
0.71444
6.1484
5.1648
3.2818
1.259
0.1881
5.5873
4.0624
1.7413
0.40576
5.7481
4.2974
1.9316
0.50135
5.8349
4.4519
2.1026
0.61523
5.9882
4.7872
2.5889
0.91567
0.035371
5.4736
3.9047
1.6446
0.3818
5.7748
4.3977
2.0698
0.61992
6.0342
4.9189
2.8248
1.0423
0.12323
5.6103
4.1909
1.9045
0.56287
6.0381
4.9874
2.9743
1.1277
0.18457
5.7081
4.4047
2.1482
0.72957
6.2607
5.4861
3.9963
1.7521
0.49148
5.986
4.9045
2.8413
1.074
0.1857
5.7653
4.5666
2.3785
0.88157
0.1564
5.8702
4.8994
2.946
1.187
0.35521
6.1544
5.542
4.2543
2.0698
0.7633
0.14814
5.9638
5.1822
3.509
1.4766
0.43975
6.1118
5.3301
3.7333
1.5787
0.42401
5.964
4.9069
2.8687
1.1
0.22255
5.849
4.7715
2.6958
1.0513
0.27478
6.0528
5.3193
3.7644
1.6261
0.4864
6.0973
5.2401
3.5191
1.4294
0.32978
5.8372
4.63
2.4263
0.87837
0.10017
5.7052
4.4806
2.2828
0.84203
0.14727
5.8824
4.9443
3.033
1.23
0.36959
6.1536
5.5251
4.2092
2.0172
0.72721
0.10201
5.8618
4.9295
3.0206
1.2324
0.38752
6.2037
5.6574
4.5252
2.4105
0.96352
0.33771
0.043216
6.0751
5.6173
4.5416
2.4805
1.0334
0.44528
0.28791
0.41448
0.94377
2.2828
4.3789
5.5301
5.9974
6.1828
6.268
0.054737
0.1794
0.48251
1.2496
2.9656
4.8567
5.7581
6.1583
0.15074
0.57653
1.5474
3.5181
5.1211
5.8064
6.0328
6.0114
5.7216
4.8993
3.0944
1.3367
0.55167
0.29077
0.31656
0.65364
1.5988
3.5436
5.0971
5.7237
5.8196
5.4684
4.3895
2.3623
1.0379
0.57482
0.65542
1.3455
3.0103
4.806
5.6061
5.7797
5.4708
4.436
2.4391
1.0884
0.62347
0.74244
1.5375
3.332
4.9372
5.5677
5.5421
4.8414
3.149
1.4492
0.74204
0.71067
1.3317
2.9242
4.7324
5.5408
5.6732
5.2328
3.9248
1.9112
0.84027
0.51411
0.67971
1.4739
3.2634
4.9314
5.6233
5.7021
5.232
3.8939
1.8724
0.80587
0.46072
0.56018
1.191
2.7505
4.6912
5.6322
5.9671
5.9913
5.7276
4.9365
3.1704
1.3755
0.56159
0.2802
0.27537
0.54243
1.3257
3.0791
4.895
5.7274
6.0323
6.0888
5.9522
5.4907
4.317
2.2205
0.92026
0.41576
0.31514
0.52447
1.2346
2.8886
4.793
5.7006
6.058
6.1921
6.2352
6.2303
6.1727
6.0047
5.562
4.4589
2.3877
1.0011
0.45643
0.35255
0.59397
1.395
3.1807
4.9273
5.6968
5.9131
5.7676
5.129
3.576
1.6021
0.62773
0.24066
0.091931
0.035002
0.013069
0.0042054
6.2827
6.2776
6.2669
6.24
6.17
5.9869
5.5119
4.3399
2.2364
0.9195
0.39787
0.26369
0.39016
0.89696
2.1852
4.2906
5.4836
5.9595
6.1174
6.1102
5.9308
5.4063
4.113
1.994
0.78683
0.28776
0.072496
6.2129
5.9997
5.507
4.3136
2.1987
0.89308
0.36644
0.19809
0.22653
0.47957
1.194
2.8383
4.7812
5.7266
6.1436
0.13831
0.55408
1.496
3.4351
5.0849
5.8033
6.06
6.0953
5.9439
5.4598
4.2421
2.133
0.86998
0.37129
0.23541
0.33278
0.75681
1.8675
3.9344
5.289
5.8054
5.8619
5.5094
4.458
2.4389
1.066
0.5684
0.60909
1.2219
2.7744
4.686
5.5978
5.8767
5.7602
5.1443
3.6202
1.6355
0.64881
0.26634
0.14706
0.17431
0.375
0.94196
2.3176
4.4271
5.5771
6.0781
0.092306
0.48187
1.3349
3.1602
4.9669
5.8058
6.1853
0.18395
0.64866
1.7175
3.7756
5.2413
5.8437
6.0206
5.9379
5.5166
4.4018
2.3347
0.98984
0.48087
0.43445
0.80894
1.907
3.949
5.2686
5.7388
5.6913
5.0857
3.549
1.6161
0.68214
0.37864
0.44479
0.94122
2.2459
4.3312
5.4883
5.9317
6.0307
5.8799
5.3366
3.982
1.8824
0.7347
0.25734
0.034501
6.1293
5.7877
4.9707
3.1869
1.3578
0.50606
0.13906
6.1939
5.8763
5.163
3.5494
1.5393
0.52862
0.022312
5.8215
4.892
2.9787
1.2275
0.41799
0.01441
5.9084
5.1532
3.4936
1.4892
0.48147
6.22
5.6123
4.3829
2.2073
0.83584
0.20628
6.0647
5.4233
4.0241
1.8525
0.64158
0.029076
5.7288
4.619
2.5135
0.99564
0.31685
6.2328
5.8153
4.9467
3.1055
1.3003
0.45887
0.060337
6.0053
5.3927
4.0028
1.8542
0.66579
0.095008
5.9023
5.0546
3.2649
1.3522
0.41572
6.1663
5.517
4.1743
1.9729
0.69176
0.048522
5.737
4.6228
2.5126
0.99075
0.30534
6.2037
5.7396
4.7581
2.7777
1.1532
0.44281
0.16087
0.039105
6.2396
6.1134
5.8182
5.0746
3.3959
1.4656
0.5298
0.099359
6.0513
5.4902
4.2167
2.0636
0.79144
0.23068
6.1817
5.7483
4.8052
2.8664
1.1993
0.46403
0.17631
0.063991
0.015619
6.2661
6.2162
6.0993
5.7996
5.0349
3.3218
1.4295
0.52713
0.12787
6.1393
5.7242
4.7787
2.8354
1.1935
0.48137
0.23219
0.21313
0.40558
0.99258
2.417
4.5043
5.6131
6.1009
0.12421
0.55462
1.5116
3.4669
5.1026
5.8134
6.0715
6.1196
6.0047
5.6149
4.6055
2.6018
1.112
0.51892
0.42174
0.7339
1.7158
3.6873
5.1397
5.6821
5.6589
5.0511
3.5002
1.5983
0.69603
0.43496
0.59527
1.3163
3.0051
4.83
5.6618
5.9114
5.7976
5.2172
3.7615
1.7248
0.67635
0.25379
0.082311
6.2762
6.18
5.9808
5.4839
4.2701
2.1525
0.87044
0.35301
0.1813
0.1899
0.38726
0.96227
2.3578
4.4593
5.5926
6.089
0.10925
0.52172
1.4326
3.3339
5.0441
5.8088
6.1167
6.2589
0.093728
0.30529
0.81744
2.059
4.1837
5.445
5.9628
6.1656
6.251
0.021206
0.095754
0.26591
0.69886
1.7751
3.8306
5.2503
5.8112
5.9175
5.6663
4.8364
3.0143
1.3191
0.59243
0.42411
0.66731
1.5294
3.3906
5.0054
5.6628
5.7388
5.2968
4.0209
1.9747
0.84797
0.47123
0.54846
1.1471
2.6573
4.6331
5.612
5.969
6.0171
5.8021
5.1244
3.5303
1.5573
0.58411
0.16241
6.1856
5.8281
5.0311
3.2845
1.3955
0.49108
0.058262
5.9669
5.2812
3.753
1.6508
0.54535
6.2418
5.6138
4.3653
2.1764
0.80968
0.16702
5.9738
5.1929
3.5252
1.4832
0.43748
6.0985
5.2928
3.6509
1.5214
0.39068
5.924
4.8225
2.7271
1.0344
0.20131
5.8513
4.7996
2.7518
1.0839
0.29984
6.0943
5.4179
3.9802
1.7988
0.59147
6.225
5.5171
4.1158
1.8873
0.60913
6.1863
5.3835
3.7976
1.6017
0.40537
5.8866
4.6983
2.5102
0.91232
0.10537
5.6868
4.4233
2.2014
0.7871
0.081131
5.7394
4.5971
2.4614
0.95468
0.26407
6.1177
5.5233
4.2401
2.0663
0.77232
0.17609
6.0382
5.3747
3.9225
1.7664
0.59127
6.2567
5.6125
4.3467
2.147
0.78591
0.13224
5.8936
4.992
3.1292
1.2788
0.38608
6.1531
5.5073
4.1611
1.9631
0.68906
0.050884
5.7468
4.6484
2.552
1.0117
0.31908
6.2233
5.7846
4.8677
2.9628
1.2358
0.45311
0.10822
6.1545
5.7894
4.9502
3.1391
1.3306
0.49325
0.12943
6.1779
5.838
5.0675
3.3593
1.4352
0.50183
0.049523
5.9299
5.1811
3.5402
1.5111
0.4803
6.1947
5.5375
4.202
1.9938
0.69755
0.043618
5.7165
4.5693
2.4323
0.94663
0.2724
6.1504
5.6128
4.454
2.3283
0.92921
0.33125
0.058519
6.1275
5.7581
4.8875
3.0322
1.286
0.49966
0.1924
0.076363
0.036612
0.033466
0.063779
0.15783
0.40905
1.058
2.5784
4.6326
5.6901
6.1886
0.30944
1.018
2.5776
4.6718
5.7668
0.084835
0.77081
2.1535
4.3712
5.6465
0.044073
0.76891
2.1891
4.4241
5.7005
0.14327
1.0121
2.7288
4.8467
5.9736
0.51263
1.8253
4.1058
5.5647
0.082147
0.96483
2.6695
4.8289
5.9951
0.59395
2.0356
4.3712
5.7644
0.3787
1.6458
3.9102
5.4794
0.045417
0.94004
2.6422
4.8233
6.0105
0.6452
2.1644
4.5126
5.8806
0.57373
2.0928
4.4787
5.8917
0.64007
2.2689
4.6637
6.0598
0.95113
2.9397
5.1288
0.12019
1.5146
3.9075
5.6072
0.398
1.8596
4.2798
5.7921
0.54956
2.1126
4.5324
5.9683
0.81141
2.6629
4.9751
0.038284
1.423
3.7968
5.5612
0.38172
1.8579
4.2931
5.815
0.60237
2.2395
4.6613
6.0844
1.0268
3.108
5.2228
0.18187
1.605
4.0276
5.6756
0.46955
1.9992
4.4384
5.915
0.74843
2.5455
4.904
6.2808
1.3721
3.7269
5.5292
0.36383
1.8375
4.2758
5.8079
0.59922
2.2377
4.662
6.0875
1.0353
3.1264
5.2326
0.18805
1.6136
4.0382
5.6816
0.47587
2.0114
4.4515
5.9254
0.76584
2.5826
4.9297
0.01718
1.405
3.7791
5.558
0.39044
1.8867
4.3334
5.8511
0.66692
2.3845
4.7888
6.1961
1.2333
3.4973
5.413
0.28111
1.7098
4.1288
5.7134
0.47526
1.9779
4.3988
5.8685
0.65203
2.3256
4.7276
6.1296
1.0956
3.2339
5.2801
0.19985
1.6014
4.0024
5.6451
0.40886
1.8534
4.2583
5.7645
0.49183
1.9746
4.3769
5.835
0.57649
2.1463
4.555
5.9761
0.81171
2.656
4.967
0.027061
1.3974
3.7527
5.5342
0.35173
1.7969
4.2167
5.7568
0.5113
2.0383
4.458
5.9099
0.71388
2.4558
4.8311
6.2133
1.2425
3.5016
5.4083
0.26449
1.6652
4.0615
5.6623
0.39803
1.8046
4.1839
5.6997
0.38133
1.7183
4.0444
5.5855
0.20082
1.2988
3.3601
5.2046
6.1678
0.73267
2.2496
4.5448
5.8541
0.46411
1.8049
4.1185
5.6033
0.17613
1.2074
3.1734
5.1076
6.1188
0.6833
2.1623
4.4714
5.8094
0.408
1.6865
3.9584
5.5013
0.056352
0.95093
2.6595
4.8317
6.011
0.63823
2.1444
4.4906
5.8612
0.53914
2.0136
4.3917
5.8207
0.52033
2.0003
4.3895
5.8303
0.55047
2.0769
4.4779
5.9063
0.68359
2.3756
4.7609
6.1473
1.1151
3.264
5.2908
0.19712
1.5825
3.9677
5.6177
0.36699
1.7583
4.1321
5.6696
0.34801
1.6507
3.9502
5.5264
0.13273
1.1546
3.0912
5.0781
6.1312
0.74968
2.3327
4.6393
5.9485
0.64615
2.2291
4.603
5.983
0.78401
2.5743
4.902
6.2476
1.2744
3.5407
5.4185
0.2521
1.6184
3.9835
5.6027
0.3096
1.6043
3.8985
5.506
0.12904
1.1639
3.1172
5.0949
6.1448
0.77351
2.3841
4.6818
5.9799
0.69629
2.3372
4.6985
6.0599
0.91677
2.8504
5.0712
0.072366
1.4291
3.7757
5.5299
0.31689
1.6987
4.0723
5.6439
0.3356
1.6399
3.9417
5.5262
0.14063
1.1784
3.1403
5.1034
6.1421
0.75684
2.3414
4.6435
5.9479
0.64018
2.2129
4.5865
5.968
0.75633
2.5141
4.859
6.2146
1.2185
3.4441
5.3718
0.22601
1.5875
3.9488
5.5878
0.30287
1.5994
3.8955
5.5071
0.13509
1.1809
3.1517
5.1124
6.152
0.77758
2.3879
4.6826
5.9777
0.68884
2.3188
4.6818
6.0453
0.88998
2.7949
5.0396
0.054174
1.4061
3.7445
5.5158
0.30979
1.6918
4.0665
5.6426
0.33789
1.6479
3.9549
5.5353
0.15255
1.2049
3.1911
5.1278
6.1495
0.75482
2.3285
4.6285
5.9321
0.60867
2.1402
4.5139
5.9073
0.65033
2.282
4.6713
6.0614
0.94829
2.9308
5.1226
0.11407
1.5026
3.8888
5.5954
0.38397
1.8304
4.2432
5.7642
0.5059
2.0154
4.4277
5.8802
0.65745
2.3289
4.7266
6.1243
1.0805
3.2022
5.2633
0.18915
1.5862
3.9832
5.6344
0.39831
1.8332
4.2339
5.7469
0.46574
1.9169
4.3087
5.7809
0.48852
1.9486
4.3382
5.797
0.50529
1.9808
4.3735
5.823
0.54529
2.0694
4.4718
5.9029
0.67976
2.3684
4.7554
6.1434
1.1089
3.2528
5.2857
0.19534
1.5822
3.9691
5.6197
0.37121
1.7687
4.1466
5.6804
0.36405
1.6869
4.0031
5.5604
0.17312
1.2412
3.2556
5.1562
6.1536
0.73866
2.2802
4.5805
5.8895
0.53163
1.9639
4.3199
5.752
0.39421
1.7037
4.0044
5.5454
0.13063
1.1293
3.032
5.0441
6.1107
0.72258
2.2789
4.5949
5.9177
0.5999
2.1299
4.5076
5.9062
0.65351
2.292
4.6815
6.0715
0.96809
2.9717
5.1444
0.12578
1.5158
3.9043
5.6019
0.38657
1.8314
4.2425
5.762
0.50031
2.0015
4.4114
5.8662
0.63292
2.2743
4.6783
6.0828
1.0051
3.0548
5.1912
0.15683
1.5619
3.9668
5.6371
0.42215
1.9001
4.3243
5.8229
0.59403
2.2081
4.6258
6.0474
0.95202
2.9545
5.1429
0.13951
1.5583
3.977
5.6542
0.45977
1.9923
4.4373
5.9199
0.76396
2.583
4.932
0.021905
1.4169
3.8
5.5713
0.40609
1.9191
4.3721
5.8824
0.71938
2.4985
4.8773
6.2696
1.3652
3.7229
5.5315
0.37401
1.8651
4.3132
5.8399
0.65447
2.361
4.7712
6.1832
1.2121
3.4606
5.3954
0.27148
1.6989
4.1181
5.7087
0.47284
1.9755
4.3975
5.8686
0.6536
2.3299
4.7316
6.1336
1.1033
3.2488
5.2873
0.20349
1.6049
4.0058
5.646
0.40825
1.8506
4.2541
5.7608
0.48531
1.9595
4.3591
5.8205
0.55222
2.0918
4.4986
5.9283
0.72722
2.4741
4.84
6.2141
1.2359
3.4854
5.3978
0.25284
1.6412
4.0271
5.6388
0.36654
1.7359
4.0916
5.6339
0.28843
1.5106
3.7309
5.3955
0.0011742
0.89124
2.5592
4.7771
5.9972
0.65201
2.1968
4.5519
5.9199
0.64942
2.2668
4.6516
6.0383
0.89926
2.8263
5.0634
0.078372
1.4548
3.8245
5.5631
0.35918
1.7899
4.1968
5.7336
0.46494
1.9278
4.3276
5.8006
0.52623
2.0374
4.4416
5.8823
0.64952
2.3048
4.7025
6.1003
1.0331
3.108
5.2165
0.16612
1.5643
3.9625
5.6289
0.40356
1.8541
4.2648
5.774
0.51245
2.0245
4.4353
5.8843
0.66172
2.3368
4.7326
6.1285
1.0873
3.2146
5.269
0.19108
1.5863
3.9814
5.632
0.39323
1.8209
4.2174
5.7339
0.44524
1.8704
4.251
5.7362
0.4181
1.7892
4.1365
5.6451
0.27495
1.4594
3.6377
5.34
6.2328
0.79211
2.3464
4.6147
5.8878
0.49247
1.8531
4.1742
5.6367
0.21348
1.2854
3.3168
5.1739
6.1357
0.66721
2.1008
4.3971
5.7428
0.29078
1.4087
3.5134
5.2549
6.1399
0.59887
1.9048
4.1554
5.5572
0.011938
0.76179
2.2019
4.4493
5.7312
0.20552
1.1671
3.0483
5.0226
6.0447
0.54749
1.854
4.1206
5.5573
0.047044
0.86698
2.4493
4.6699
5.8914
0.44798
1.7208
3.9825
5.4989
0.025751
0.86156
2.4562
4.6839
5.9119
0.4939
1.8332
4.1382
5.6036
0.15737
1.151
3.0579
5.0483
6.0947
0.67053
2.1509
4.4677
5.8143
0.4258
1.7335
4.028
5.5477
0.1133
1.0751
2.9166
4.9812
6.0816
0.69876
2.2423
4.5688
5.9055
0.5903
2.1149
4.4951
5.8988
0.6443
2.2736
4.666
6.0594
0.94772
2.9313
5.1236
0.11616
1.5078
3.8974
5.6011
0.39131
1.8461
4.2632
5.7795
0.53
2.0692
4.4868
5.9297
0.74316
2.5165
4.875
6.2467
1.2987
3.597
5.4556
0.29455
1.7071
4.1103
5.6894
0.42575
1.8583
4.2498
5.7464
0.44848
1.8673
4.2425
5.7261
0.39777
1.74
4.0679
5.5964
0.20774
1.3085
3.375
5.2102
6.1669
0.72421
2.2273
4.5225
5.8357
0.43304
1.7332
4.0201
5.5373
0.09267
1.0238
2.8089
4.9206
6.054
0.67694
2.2095
4.5449
5.8943
0.58143
2.1009
4.4832
5.8916
0.63511
2.2551
4.6499
6.0467
0.92609
2.8879
5.1007
0.10475
1.4966
3.8856
5.5974
0.39275
1.854
4.2754
5.7908
0.55029
2.1159
4.5366
5.9726
0.81998
2.6816
4.9872
0.047106
1.4373
3.8186
5.5734
0.39339
1.8799
4.319
5.8345
0.63302
2.3063
4.7211
6.1359
1.1208
3.2893
5.3106
0.22247
1.6381
4.0515
5.6755
0.4452
1.9288
4.349
5.8344
0.60293
2.2217
4.636
6.0532
0.95919
2.9671
5.1486
0.14064
1.556
3.9712
5.6488
0.45048
1.9707
4.4121
5.8982
0.72553
2.4996
4.8725
6.2581
1.3355
3.6685
5.4986
0.33911
1.7954
4.2266
5.7735
0.54924
2.1302
4.5588
5.9991
0.87594
2.8041
5.0634
0.10048
1.521
3.9404
5.6432
0.46565
2.0203
4.4756
5.9588
0.84011
2.7493
5.0408
0.10258
1.5499
3.9971
5.6893
0.53881
2.1846
4.6479
6.1132
1.1262
3.3251
5.3416
0.2663
1.7374
4.1947
5.783
0.60846
2.2888
4.7222
6.1557
1.1788
3.4094
5.3753
0.26983
1.7141
4.1481
5.7372
0.52377
2.0937
4.53
5.9829
0.85675
2.7695
5.0459
0.094068
1.5194
3.9434
5.6488
0.47833
2.0513
4.5111
5.991
0.89976
2.8749
5.1135
0.14843
1.6144
4.0794
5.7381
0.59523
2.2962
4.7454
6.1952
1.2738
3.5919
5.4747
0.35117
1.8548
4.3183
5.8585
0.70351
2.4786
4.8692
6.272
1.3804
3.754
5.5527
0.40106
1.923
4.3835
5.8976
0.7525
2.574
4.9331
0.033322
1.45
3.8594
5.6111
0.4569
2.0271
4.495
5.9864
