-0.12419
0.19832
0.3052
-0.49782
0.51814
-1.1318
-1.1943
0.2625
0.056761
0.11495
0.30569
-0.72666
0.6338
-0.60988
0.58988
-0.51469
0.60854
-0.91587
-0.18605
-0.14172
-0.66385
0.63726
-1.0981
-1.2471
0.056642
-0.070207
-0.040982
0.13847
-0.91261
0.35196
0.16042
0.11518
0.33546
-0.69423
0.64723
-0.72694
0.41166
0.12987
0.32964
0.063964
0.36737
-0.75083
0.58204
-0.35315
0.50389
-1.0495
-0.68665
0.51982
-1.1991
-1.71
-1.6878
-1.0815
0.76944
-0.72447
0.16536
0.15995
-0.45507
0.39689
-1.1888
-1.3084
-0.10373
-0.20859
-0.28536
0.045038
-1.1213
-0.42342
-0.073303
-1.2412
-0.88852
0.78803
-1.0359
-1.2582
-0.031479
-0.13875
-0.14525
0.058454
-0.97375
0.20694
0.12615
-0.21271
0.15096
-1.104
-0.46359
-0.0015423
-1.2849
-1.2135
0.29586
0.045877
0.19456
0.33207
-0.43111
0.4386
-1.1576
-1.1956
0.27431
0.057233
0.1361
0.31847
-0.66645
0.65725
-0.85446
-0.0061623
-0.0079804
-0.45504
0.32739
-1.2158
-1.3439
-0.21914
-0.26088
-0.68338
0.64486
-1.1033
-1.301
-0.14348
-0.22607
-0.4051
0.16074
-1.2284
-1.1404
0.47641
-0.034968
0.44514
-0.48579
0.55294
-1.0841
-0.9753
0.73593
-0.74638
0.20789
0.18334
-0.3771
0.29586
-1.1937
-1.1571
0.41267
0.030843
0.36765
-0.0012303
0.3498
-0.88849
0.25612
0.17086
-0.18911
0.16966
-1.0905
-0.41886
-0.074005
-1.2329
-0.84505
0.76114
-1.0814
-1.4932
-0.95528
0.82201
-0.98554
-1.0611
0.55939
-0.17519
0.47012
-0.91214
0.034644
0.014737
-0.38909
0.23497
-1.2121
-1.1636
0.40405
0.034338
0.35554
0.051045
0.37241
-0.76748
0.55317
-0.23188
0.43294
-1.0417
-0.52841
0.14619
-1.3004
-1.5329
-0.89975
0.81741
-1.0541
-1.4895
-0.96744
0.81853
-0.96335
-0.92751
0.75117
-0.85445
-0.2078
-0.13563
-0.74678
0.6964
-0.95102
-0.53214
0.17486
-1.2928
-1.5382
-0.92851
0.82803
-1.0278
-1.3382
-0.35671
-0.19465
-1.1381
-0.24872
-0.20616
-0.7743
0.70291
-0.91439
-0.36385
-0.10168
-1.1346
-0.3265
-0.18136
-1.0253
0.2066
0.11037
-0.16315
0.14485
-1.0595
-0.23916
-0.18715
-0.75891
0.70098
-0.94699
-0.52173
0.1524
-1.2938
-1.5037
-0.78867
0.69445
-1.127
-1.7388
-1.8654
-1.6677
-0.85022
0.79679
-1.0798
-1.698
-1.7693
-1.3855
0.063575
-0.16308
0.088314
0.22278
-0.7688
0.61839
-0.49442
0.60183
-0.89721
-0.091075
-0.083006
-0.49557
0.37035
-1.2145
-1.419
-0.52023
0.083059
-1.3319
-1.6118
-1.18
0.5614
-0.20455
0.50012
-0.83342
0.28871
0.19132
-0.12975
0.18916
-1.0455
-0.2234
-0.18176
-0.71378
0.68176
-1.0401
-0.99397
0.70215
-0.62081
0.51084
-0.14793
0.39354
-1.0098
-0.30825
-0.16358
-0.98209
0.34178
0.14516
0.1084
0.32737
-0.72113
0.63171
-0.60588
0.59361
-0.54005
0.61664
-0.85841
0.046487
0.035522
-0.43035
0.3049
-1.2134
-1.2887
-0.010887
-0.13866
-0.090556
0.084244
-0.92532
0.35155
0.15741
0.11762
0.33581
-0.68774
0.64997
-0.75464
0.34024
0.19802
0.043461
0.30153
-0.85707
0.39568
0.13941
0.26249
0.26869
0.14991
0.36535
-0.43925
0.46466
-1.1446
-1.1665
0.35763
0.061286
0.26676
0.28203
0.062366
0.34755
-0.78882
0.52815
-0.13828
0.41881
-0.97085
-0.15626
-0.13982
-0.56496
0.48116
-1.1856
-1.4662
-0.74062
0.6051
-1.1643
-1.7707
-1.9355
-1.8551
-1.4295
-0.016959
-0.24073
-0.074919
0.065352
-0.87144
0.50955
-0.065737
0.43353
-0.83377
0.35351
0.17691
0.10455
0.33479
-0.72001
0.63031
-0.60013
0.59758
-0.56999
0.6188
-0.77064
0.33856
0.19608
0.0375
0.29629
-0.86772
0.36885
0.1607
0.1671
0.34914
-0.47799
0.50815
-1.1301
-1.1634
0.35864
0.062671
0.26646
0.28221
0.06211
0.34747
-0.78941
0.52706
-0.13462
0.41887
-0.96674
-0.13744
-0.12828
-0.52697
0.41323
-1.2069
-1.4585
-0.68863
0.49239
-1.2101
-1.7912
-1.9567
-1.898
-1.5478
-0.38799
-0.15702
-1.2978
-1.0743
0.65519
-0.42917
0.58013
-0.83358
0.19229
0.15388
-0.34749
0.24704
-1.1904
-1.0592
0.64455
-0.40439
0.57046
-0.88742
-0.00023469
-0.0094327
-0.42537
0.27816
-1.2188
-1.274
0.046781
-0.090965
-0.024047
0.14508
-0.89352
0.40421
0.12459
0.29015
0.21153
0.29969
0.090083
0.36704
-0.68813
0.64275
-0.71008
0.45275
0.050826
0.41343
-0.50814
0.56667
-1.0807
-0.98287
0.72684
-0.70985
0.31984
0.21369
-0.045963
0.24242
-0.97463
0.033635
0.00045679
-0.33367
0.16331
-1.1881
-0.92214
0.78612
-0.96732
-0.84949
0.75831
-1.0379
-1.1812
0.24594
0.061069
0.072556
0.27541
-0.81607
0.51489
-0.090644
0.42468
-0.90035
0.13585
0.098943
-0.3525
0.22682
-1.1956
-1.0574
0.64962
-0.41971
0.57675
-0.86604
0.076796
0.059394
-0.41288
0.28835
-1.211
-1.2454
0.14254
-0.016043
0.036978
0.22016
-0.85888
0.44833
0.066086
0.39867
-0.28995
0.33018
-1.1418
-0.9155
0.78157
-0.96656
-0.83217
0.74862
-1.0611
-1.3035
-0.18777
-0.24306
-0.55633
0.43287
-1.2072
-1.5053
-0.87964
0.80236
-1.0685
-1.5513
-1.2091
0.45923
-0.053585
0.44582
-0.40808
0.46689
-1.1272
-1.0657
0.60782
-0.29951
0.51687
-0.95774
-0.23411
-0.16343
-0.77529
0.69856
-0.88396
-0.21285
-0.1433
-0.74634
0.6967
-0.95624
-0.55991
0.23816
-1.2845
-1.6104
-1.2228
0.45396
-0.058339
0.44545
-0.38809
0.44517
-1.1328
-1.0586
0.62424
-0.34654
0.54096
-0.94386
-0.20556
-0.15447
-0.70094
0.67344
-1.0518
-1.044
0.62258
-0.34598
0.53869
-0.95323
-0.24643
-0.16332
-0.81263
0.68156
-0.73407
0.3461
0.19807
0.068333
0.31944
-0.80713
0.50759
-0.072082
0.4251
-0.87025
0.245
0.17175
-0.22656
0.17476
-1.12
-0.57506
0.24134
-1.2906
-1.6618
-1.4143
-0.11795
-0.269
-0.35685
0.082352
-1.1939
-0.84179
0.75777
-1.0808
-1.4762
-0.88485
0.80332
-1.0636
-1.5111
-1.0481
0.76161
-0.74018
0.15471
0.1486
-0.45739
0.39577
-1.1902
-1.3149
-0.12742
-0.22401
-0.35452
0.096169
-1.1947
-0.86433
0.77418
-1.0581
-1.3626
-0.4307
-0.096072
-1.2818
-1.0699
0.65758
-0.43766
0.58265
-0.82159
0.2299
0.17743
-0.28986
0.20718
-1.1632
-0.84899
0.76306
-1.0705
-1.4155
-0.63968
0.37408
-1.2562
-1.7833
-1.8838
-1.6818
-0.8819
0.82704
-1.0632
-1.6373
-1.5582
-0.67117
0.4624
-1.2203
-1.8108
-2.0094
-2.0292
-1.8939
-1.4568
-0.07717
-0.28539
-0.27118
0.012631
-1.0858
-0.21814
-0.1902
-0.68525
0.65552
-1.0842
-1.2027
0.20381
0.036258
0.04382
0.24318
-0.85797
0.43528
0.087797
0.37422
-0.12876
0.28856
-1.0491
-0.36218
-0.13446
-1.122
-0.23456
-0.20155
-0.72961
0.69123
-1.0192
-0.89357
0.77039
-0.97324
-0.83684
0.75171
-1.0564
-1.2813
-0.10427
-0.1974
-0.29224
0.052919
-1.1317
-0.48418
0.033256
-1.2998
-1.3453
-0.15555
-0.24865
-0.45129
0.22753
-1.2413
-1.3209
-0.10973
-0.21748
-0.30127
0.051572
-1.1393
-0.52032
0.10912
-1.3085
-1.5162
-0.82458
0.74773
-1.1035
-1.6945
-1.7312
-1.2545
0.4341
-0.066645
0.43939
-0.30876
0.36965
-1.1357
-0.94471
0.77054
-0.88937
-0.41393
-0.034883
-1.2244
-0.84988
0.76502
-1.0762
-1.4654
-0.84414
0.76761
-1.0921
-1.6357
-1.5213
-0.53355
0.12437
-1.3339
-1.7086
-1.543
-0.54659
0.15973
-1.3273
-1.7449
-1.6797
-1.0166
0.83167
-0.91529
-0.72885
0.62302
-1.1533
-1.6284
-1.4289
-0.19736
-0.29013
-0.65833
0.60574
-1.1349
-1.4179
-0.58927
0.24888
-1.2984
-1.7509
-1.7305
-1.1937
0.58382
-0.25842
0.52082
-0.83729
0.25312
0.1829
-0.22777
0.18042
-1.1217
-0.59165
0.28169
-1.2808
-1.6879
-1.5219
-0.48742
0.021143
-1.3451
-1.5817
-1.049
0.77939
-0.78061
-0.017334
-0.0034429
-0.51769
0.43937
-1.1914
-1.4113
-0.50997
0.059712
-1.3323
-1.5726
-1.0258
0.8002
-0.85178
-0.34176
-0.10569
-1.0933
-0.13367
-0.15564
-0.44659
0.25451
-1.2333
-1.3195
-0.11075
-0.21739
-0.3043
0.053666
-1.1429
-0.54114
0.15622
-1.306
-1.5867
-1.1079
0.69729
-0.52963
0.56103
-0.44596
0.55875
-1.0347
-0.70336
0.55767
-1.1838
-1.6967
-1.6552
-0.97556
0.84535
-0.98348
-1.1278
0.38195
0.069598
0.29303
0.23055
0.24964
0.25192
0.23004
0.28411
0.13432
0.36989
-0.50493
0.54939
-1.1031
-1.0825
0.5613
-0.18055
0.47538
-0.90391
0.061634
0.038935
-0.38605
0.24136
-1.2096
-1.1596
0.41411
0.028124
0.37115
-0.015585
0.34307
-0.91338
0.17332
0.12232
-0.30823
0.19467
-1.174
-0.88951
0.78346
-1.022
-1.1567
0.31563
0.078694
0.17029
0.33566
-0.5269
0.56514
-1.0979
-1.0834
0.5569
-0.1704
0.47335
-0.893
0.1075
0.078656
-0.37607
0.2459
-1.2042
-1.1359
0.47639
-0.032857
0.44438
-0.48455
0.55136
-1.0855
-0.98045
0.73074
-0.7246
0.27662
0.21417
-0.2088
0.19199
-1.1099
-0.54537
0.17197
-1.3023
-1.5935
-1.1383
0.64349
-0.38364
0.56519
-0.83337
0.21262
0.16586
-0.31535
0.2214
-1.1769
-0.94462
0.77736
-0.90845
-0.52296
0.16448
-1.2907
-1.5068
-0.80403
0.71851
-1.1168
-1.7217
-1.8158
-1.5209
-0.36737
-0.19127
-1.2516
-0.79847
0.70759
-1.1195
-1.6432
-1.5216
-0.52763
0.11069
-1.3365
-1.6963
-1.4954
-0.38204
-0.17298
-1.2592
-0.85823
0.77241
-1.0716
-1.4564
-0.81062
0.72539
-1.1138
-1.6978
-1.7324
-1.2555
0.43217
-0.065607
0.43794
-0.29884
0.36179
-1.1341
-0.92247
0.77919
-0.94812
-0.72719
0.61586
-1.1575
-1.644
-1.4847
-0.38901
-0.1635
-1.2643
-0.89546
0.79195
-1.0307
-1.2368
