0.95368
-0.71661
0.2586
0.20208
0.78577
-0.23477
0.99377
-0.8068
0.12533
0.38354
0.41065
0.49367
0.36608
0.62449
0.1214
1.1059
-0.81927
0.16017
0.31807
0.53937
0.24211
0.8581
-0.33771
0.85494
-0.62225
0.36964
0.060486
1.082
-0.80915
0.16545
0.31417
0.54864
0.22439
0.89286
-0.40567
0.75679
-0.48939
0.54644
-0.17365
0.97802
-0.74946
0.21492
0.2599
0.66563
-0.0016278
1.33
-1.2619
-0.4802
-0.44729
-0.00049793
0.77551
-0.31861
0.84611
-0.5977
0.40697
0.0093056
1.1877
-1.0144
-0.13061
0.27078
0.47437
0.32896
0.67796
0.011948
1.3187
-1.2358
-0.44146
-0.36836
0.15306
0.55562
0.13197
1.0535
-0.72491
0.29439
0.13709
0.91414
-0.4855
0.63173
-0.31668
0.7775
-0.48009
0.57259
-0.21345
0.92343
-0.67655
0.31157
0.13205
0.93131
-0.5172
0.58642
-0.25551
0.85885
-0.58779
0.43018
-0.025198
1.1723
-1.0054
-0.1231
0.28801
0.44883
0.381
0.5767
0.2101
0.93118
-0.47795
0.65308
-0.34921
0.73289
-0.42051
0.65157
-0.31793
0.78531
-0.49399
0.55287
-0.18688
0.95874
-0.7233
0.24976
0.21375
0.7615
-0.18768
1.0617
-0.89873
0.0030075
0.54552
0.074117
1.1468
-0.91244
0.02224
0.50597
0.15096
0.99635
-0.61831
0.44705
-0.069142
1.106
-0.91475
-0.0020749
0.5391
0.082493
1.1293
-0.87858
0.071062
0.4399
0.2877
0.73086
-0.098618
1.1978
-1.0855
-0.24652
0.038146
0.81189
-0.36114
0.792
-0.52698
0.50014
-0.11372
1.0567
-0.85332
0.077731
0.4412
0.28883
0.72959
-0.095891
1.2018
-1.091
-0.25376
0.023115
0.83382
-0.40594
0.72681
-0.43855
0.61787
-0.26965
0.85052
-0.58072
0.43804
-0.035031
1.1595
-0.98861
-0.10091
0.33415
0.38149
0.51855
0.30921
0.73362
-0.092552
1.2095
-1.1024
-0.26931
-0.0090115
0.85003
-0.44955
0.66078
-0.34809
0.73863
-0.42971
0.6388
-0.30082
0.80801
-0.52402
0.51316
-0.13439
1.0281
-0.81499
0.12857
0.37394
0.42859
0.45837
0.43507
0.48956
0.38529
0.58979
0.19
0.9719
-0.55723
0.53866
-0.19434
0.93895
-0.69339
0.29072
0.15909
0.87491
-0.4078
0.74419
-0.46903
0.57475
-0.21158
0.92768
-0.68285
0.30299
0.14348
0.90757
-0.47113
0.65286
-0.34543
0.7392
-0.42936
0.63969
-0.30216
0.80618
-0.52158
0.5164
-0.13867
1.0225
-0.80752
0.13844
0.36089
0.45571
0.40573
0.53812
0.28807
0.77935
-0.18086
1.0822
-0.9302
-0.040231
0.46651
0.18682
0.91565
-0.4632
0.67038
-0.37125
0.70406
-0.38253
0.70173
-0.38421
0.69771
-0.37822
0.70589
-0.38912
0.69144
-0.37001
0.71671
-0.40341
0.67256
-0.34506
0.74968
-0.44698
0.61497
-0.26894
0.85029
-0.57996
0.43921
-0.036644
1.1573
-0.98575
-0.097125
0.34201
0.37002
0.54197
0.26365
0.82278
-0.26689
0.95767
-0.76148
0.18431
0.30593
0.57208
0.18043
