-0.11017
-0.35822
-0.13377
-0.11123
-0.009904
0.079864
0.15417
0.13685
-0.17869
-0.74002
-0.028757
-0.75392
-0.10462
-0.36842
-0.13632
-0.11937
-0.016318
0.073366
0.15035
0.14506
-0.13946
-0.72305
-0.057725
-0.94931
0.038482
-0.42218
-0.16161
-0.16193
-0.049289
0.037774
0.1238
0.16565
0.024139
-0.51364
-0.48985
-0.91147
0.089099
-0.79222
-0.15009
-0.30618
-0.11955
-0.070875
0.023978
0.11174
0.16516
0.065862
-0.41282
-0.62614
-0.51923
-0.16008
-0.23429
-0.090212
-0.016503
0.074212
0.15005
0.14151
-0.1478
-0.71686
-0.054185
-0.87672
-0.021417
-0.4178
-0.15133
-0.15866
-0.0457
0.041611
0.12702
0.16504
0.010438
-0.54132
-0.4424
-1.0087
0.18859
-0.92072
-0.19703
-0.20598
-0.081138
0.00010467
0.08986
0.15865
0.11908
-0.24653
-0.73729
-0.065872
-0.4515
-0.15214
-0.18527
-0.062482
0.021359
0.10947
0.16522
0.073888
-0.39349
-0.65132
-0.4467
-0.18566
-0.17876
-0.063705
0.021671
0.10975
0.16527
0.07307
-0.39575
-0.64899
-0.455
-0.18287
-0.18419
-0.066431
0.018112
0.10653
0.1646
0.082106
-0.37002
-0.67363
-0.36375
-0.21267
-0.13719
-0.043205
0.046552
0.13089
0.16313
-0.0096944
-0.57507
-0.37335
-1.1005
0.29462
-0.93899
-0.38826
-0.1396
-0.13514
-0.028149
0.060952
0.14204
0.15645
-0.072794
-0.66687
-0.18374
-1.1872
0.36896
-0.53431
-0.49897
-0.16833
-0.21669
-0.082291
-0.0041003
0.085921
0.15666
0.12553
-0.22026
-0.73767
-0.041712
-0.54804
-0.15656
-0.25599
-0.10005
-0.032672
0.058959
0.13987
0.15536
-0.06695
-0.64931
-0.20162
-1.1443
0.31504
-0.59732
-0.42484
-0.19296
-0.16559
-0.057061
0.030072
0.11718
0.16598
0.049127
-0.45727
-0.5746
-0.69294
-0.07697
-0.44167
-0.15029
-0.17772
-0.057662
0.027295
0.11476
0.16594
0.057589
-0.43686
-0.60224
-0.61231
-0.11989
-0.33317
-0.12682
-0.091353
0.0063952
0.095712
0.16151
0.10885
-0.28687
-0.73081
-0.13026
-0.34001
-0.12926
-0.096905
0.0017098
0.091253
0.15976
0.11799
-0.25467
-0.74176
-0.073248
-0.43
-0.14902
-0.16846
-0.051718
0.03446
0.12099
0.166
0.035444
-0.48951
-0.52886
-0.82027
0.010403
-0.64442
-0.15571
-0.30432
-0.11933
-0.069648
0.025035
0.11267
0.16523
0.062821
-0.42052
-0.61675
-0.5486
-0.14851
-0.26202
-0.10195
-0.036753
0.055158
0.1371
0.15774
-0.049138
-0.6274
-0.25028
-1.1519
0.34024
-0.70296
-0.50391
-0.15923
-0.22361
-0.084727
-0.0083661
0.081906
0.15452
0.13157
-0.19442
-0.73418
-0.032644
-0.65871
-0.13899
-0.32474
-0.12503
-0.085031
0.011695
0.10066
0.16311
0.097368
-0.32414
-0.70985
-0.22131
-0.26959
-0.11458
-0.048453
0.043835
0.12846
0.16304
-0.00070479
-0.555
-0.40314
-1.0358
0.21633
-0.90491
-0.24684
-0.19491
-0.086553
-0.0013336
0.088461
0.15813
0.12197
-0.23652
-0.74009
-0.053633
-0.48869
-0.1559
-0.2135
-0.078995
-0.00040273
0.089405
0.15834
0.11962
-0.2437
-0.73657
-0.063097
-0.46007
-0.15318
-0.19189
-0.066527
0.016234
0.10482
0.16415
0.086563
-0.35662
-0.68468
-0.31937
-0.22765
-0.12391
-0.038467
0.052127
0.13514
0.16046
-0.033765
-0.61116
-0.29558
-1.1617
0.36537
-0.81088
-0.58358
-0.10797
-0.34366
-0.12967
-0.099597
-0.00045495
0.089166
0.15886
0.12192
-0.24006
-0.7445
-0.054585
-0.48093
-0.15545
-0.20766
-0.075761
0.0040593
0.09358
0.16022
0.11189
-0.27276
-0.7307
-0.10583
-0.37201
-0.13719
-0.12224
-0.018547
0.071072
0.14891
0.14757
-0.12633
-0.71478
-0.075192
-1.0105
0.10457
-0.43035
-0.18202
-0.16822
-0.056629
0.030009
0.11713
0.16601
0.049387
-0.4568
-0.57554
-0.69117
-0.077988
-0.43916
-0.14994
-0.17574
-0.056398
0.028834
0.11611
0.16603
0.053068
-0.44816
-0.58774
-0.65701
-0.097134
-0.39103
-0.14145
-0.13746
-0.030019
0.058956
0.14059
0.1578
-0.06309
-0.65555
-0.20924
-1.1998
0.39665
-0.5891
-0.59375
-0.12982
-0.30948
-0.11942
-0.072827
0.022348
0.11031
0.16502
0.070434
-0.40096
-0.63992
-0.47471
-0.17627
-0.19802
-0.073295
0.0088337
0.098017
0.16201
0.10282
-0.30482
-0.71849
-0.17259
-0.30101
-0.11968
-0.067866
0.026515
0.11397
0.16529
0.058493
-0.4313
-0.60314
-0.59016
-0.13065
-0.30641
-0.11837
-0.07044
0.024455
0.11216
0.16518
0.064469
-0.4163
-0.62182
-0.53247
-0.15498
-0.24641
-0.095479
-0.025267
0.065939
0.14472
0.14988
-0.1021
-0.68472
-0.12159
-1.0633
0.18266
-0.47939
-0.23567
-0.19586
-0.084103
0.00041384
0.090123
0.15888
0.11894
-0.248
-0.7384
-0.066942
-0.44784
-0.15167
-0.18243
-0.060711
0.023566
0.11144
0.16555
0.068037
-0.40955
-0.63437
-0.50653
-0.16461
-0.22332
-0.085248
-0.008677
0.081607
0.15437
0.13203
-0.19249
-0.73389
-0.032488
-0.66769
-0.13642
-0.32966
-0.12644
-0.088842
0.0084562
0.097649
0.16218
0.10453
-0.30127
-0.72374
-0.16244
-0.30904
-0.12151
-0.073547
0.021544
0.10959
0.16496
0.072688
-0.39509
-0.64663
-0.45305
-0.18367
-0.18289
-0.065804
0.018947
0.10729
0.16478
0.080041
-0.37604
-0.66822
-0.38443
-0.20597
-0.14545
-0.047018
0.042123
0.12734
0.16454
0.0077847
-0.54449
-0.43288
-1.0152
0.19523
-0.91796
-0.20817
-0.20284
-0.081586
0.00062183
0.090339
0.1589
0.11831
-0.24974
-0.73718
-0.069716
-0.44115
-0.1507
-0.17722
-0.05741
0.027622
0.11504
0.16596
0.056637
-0.43926
-0.59921
-0.62178
-0.11528
-0.34489
-0.13019
-0.10063
-0.0013221
0.088326
0.15848
0.12343
-0.23427
-0.74518
-0.048488
-0.50284
-0.15688
-0.22385
-0.084567
-0.0083217
0.08195
0.15454
0.13149
-0.19471
-0.73419
-0.032695
-0.65727
-0.13938
-0.32395
-0.1248
-0.084418
0.012218
0.10115
0.16325
0.096166
-0.32787
-0.70728
-0.23174
-0.2641
-0.11432
-0.045773
0.046245
0.13039
0.16228
-0.010183
-0.57142
-0.37143
-1.0791
0.26619
-0.90908
-0.33567
-0.16415
-0.10716
-0.011153
0.078764
0.1534
0.13788
-0.17243
-0.73612
-0.032113
-0.78051
-0.090273
-0.37967
-0.13908
-0.12838
-0.023254
0.066165
0.14568
0.1523
-0.099496
-0.69366
-0.12244
-1.1177
0.24888
-0.45329
-0.2807
-0.18487
-0.092142
-0.0034607
0.086389
0.15725
0.12584
-0.22218
-0.74204
-0.040462
-0.54631
-0.1569
-0.25463
-0.099477
-0.031665
0.059905
0.14055
0.1547
-0.071528
-0.65449
-0.18994
-1.1383
0.30288
-0.57489
-0.39695
-0.19904
-0.15056
-0.048775
0.039866
0.1255
0.1651
0.016261
-0.52853
-0.46225
-0.96294
0.13944
-0.86226
-0.16405
-0.26195
-0.10349
-0.037733
0.054186
0.13639
0.15835
-0.044633
-0.6217
-0.2633
-1.151
0.34238
-0.73254
-0.51453
-0.15062
-0.23589
-0.089947
-0.016924
0.07383
0.1498
0.1419
-0.14565
-0.71548
-0.056454
-0.88601
-0.013604
-0.42085
-0.15284
-0.16098
-0.047421
0.039659
0.12539
0.1654
0.017545
-0.52731
-0.46703
-0.9609
0.13771
-0.86423
-0.16126
-0.26268
-0.10351
-0.03809
0.053863
0.13615
0.15852
-0.04319
-0.61972
-0.26755
-1.1497
0.34167
-0.74208
-0.51441
-0.14914
-0.2367
-0.090187
-0.017418
0.073365
0.14951
0.14242
-0.14298
-0.71396
-0.0593
-0.89813
-0.0031629
-0.42451
-0.15493
-0.16372
-0.049482
0.037315
0.12342
0.16573
0.025783
-0.51033
-0.49558
-0.89942
0.077917
-0.77377
-0.14962
-0.31237
-0.12165
-0.07566
0.019763
0.108
0.16473
0.077474
-0.38216
-0.66032
-0.40639
-0.19896
-0.15574
-0.052094
0.03612
0.12236
0.16566
0.029466
-0.5015
-0.50796
-0.86512
0.047151
-0.71668
-0.15183
-0.31862
-0.12387
-0.080582
0.01546
0.10412
0.16399
0.088459
-0.35107
-0.68939
-0.30152
-0.23409
-0.12021
-0.038015
0.052829
0.13562
0.15995
-0.037131
-0.61525
-0.2853
-1.1631
0.36496
-0.78623
-0.57959
-0.11363
-0.32789
-0.12495
-0.087091
0.01003
0.099117
0.16265
0.10111
-0.31235
-0.71742
-0.18981
-0.28859
-0.11713
-0.059541
0.033891
0.12028
0.16501
0.035177
-0.48481
-0.52586
-0.79748
-0.0080551
-0.60059
-0.1581
-0.28496
-0.11237
-0.054879
0.03834
0.12397
0.16426
0.019575
-0.51652
-0.47226
-0.91267
0.088703
-0.77768
-0.15562
-0.30604
-0.11993
-0.070971
0.023862
0.11164
0.16516
0.066201
-0.41197
-0.62719
-0.51602
-0.1613
-0.23144
-0.088944
-0.014463
0.076141
0.15122
0.13923
-0.1591
-0.72247
-0.044462
-0.82393
-0.060865
-0.40015
-0.14456
-0.1448
-0.035511
0.052986
0.13611
0.16118
-0.035609
-0.61901
-0.28939
-1.1916
0.40776
-0.80163
-0.71043
-0.045911
-0.60898
-0.14765
-0.29785
-0.11638
-0.064327
0.029832
0.11683
0.16525
0.048271
-0.45543
-0.5698
-0.68406
-0.082722
-0.42705
-0.14811
-0.16618
-0.050148
0.036299
0.12256
0.16586
0.029307
-0.50295
-0.5078
-0.87188
0.053241
-0.7298
-0.15072
-0.31906
-0.12394
-0.080894
0.015197
0.10388
0.16394
0.089103
-0.34917
-0.69097
-0.29553
-0.23633
-0.11917
-0.038067
0.052859
0.13563
0.15988
-0.037357
-0.61532
-0.28464
-1.1621
0.36343
-0.78441
-0.57521
-0.11588
-0.32066
-0.12264
-0.081383
0.014925
0.10363
0.16388
0.089751
-0.34723
-0.69253
-0.28946
-0.23866
-0.11823
-0.038227
0.052782
0.13556
0.15986
-0.037106
-0.61472
-0.28542
-1.1605
0.36131
-0.78594
-0.56974
-0.11804
-0.31308
-0.12012
-0.075413
0.020117
0.10832
0.16477
0.076508
-0.38474
-0.65756
-0.41559
-0.196
-0.16051
-0.054497
0.033218
0.11989
0.16591
0.039164
-0.48034
-0.5412
-0.78386
-0.017301
-0.58337
-0.1581
-0.27615
-0.10886
-0.048144
0.044528
0.12896
0.16262
-0.0037912
-0.55942
-0.39264
-1.0456
0.2269
-0.9021
-0.26545
-0.18954
-0.089319
-0.0022644
0.087554
0.15776
0.12372
-0.23017
-0.74124
-0.047171
-0.51359
-0.15708
-0.2317
-0.088579
-0.014282
0.076318
0.15132
0.13899
-0.16018
-0.72286
-0.043735
-0.81858
-0.064423
-0.39826
-0.14398
-0.14329
-0.034401
0.054204
0.13705
0.16057
-0.041026
-0.62676
-0.27275
-1.1988
0.41438
-0.7568
-0.7194
-0.043627
-0.5874
-0.15184
-0.28323
-0.11113
-0.053231
0.039877
0.12522
0.16392
0.013947
-0.52732
-0.45292
-0.94914
0.1239
-0.82551
-0.16511
-0.28058
-0.11132
-0.051932
0.041005
0.12614
0.16367
0.0098036
-0.53522
-0.43875
-0.97495
0.15015
-0.85512
-0.17899
-0.25619
-0.10275
-0.034603
0.057063
0.13853
0.1567
-0.057785
-0.63884
-0.22595
-1.1537
0.33572
-0.64796
-0.48005
-0.17387
-0.20211
-0.075207
0.0061139
0.095491
0.16104
0.10816
-0.28636
-0.7265
-0.1316
-0.33889
-0.12899
-0.096038
0.0024254
0.091939
0.16005
0.11666
-0.25954
-0.74053
-0.080486
-0.41444
-0.14627
-0.15616
-0.043386
0.044138
0.1291
0.16447
0.00093247
-0.55926
-0.40965
-1.0651
0.25336
-0.96145
-0.2895
-0.15111
-0.07851
0.013824
0.10262
0.16367
0.092503
-0.33926
-0.69928
-0.26485
-0.24866
-0.11544
-0.040047
0.051324
0.13439
0.16037
-0.031071
-0.60508
-0.30411
-1.1457
0.34446
-0.82489
-0.52827
-0.12806
-0.26653
-0.10227
-0.039146
0.052981
0.13546
0.15891
-0.039403
-0.61411
-0.27886
-1.144
0.33633
-0.76658
-0.50495
-0.1487
-0.22961
-0.086596
-0.011979
0.078506
0.15259
0.13617
-0.1734
-0.72798
-0.036431
-0.75567
-0.10111
-0.37302
-0.13743
-0.12305
-0.01917
0.070426
0.1485
0.14824
-0.12271
-0.71226
-0.080684
-1.0266
0.1238
-0.43236
-0.19003
-0.16991
-0.059156
0.027432
0.11487
0.16589
0.057062
-0.43788
-0.60039
-0.61628
-0.11801
-0.33798
-0.12823
-0.095153
0.0032111
0.09269
0.16036
0.11516
-0.2649
-0.73902
-0.089034
-0.39813
-0.14303
-0.14315
-0.034182
0.054429
0.13722
0.16046
-0.042022
-0.62819
-0.26973
-1.1999
0.41536
-0.74849
-0.71976
-0.044075
-0.5809
-0.15269
-0.27894
-0.10949
-0.049977
0.042862
0.12763
0.16313
0.0026895
-0.54803
-0.41449
-1.0137
0.19138
-0.88771
-0.21648
-0.21748
-0.090781
-0.011075
0.079255
0.15317
0.13566
-0.17739
-0.73132
-0.033867
-0.74137
-0.10857
-0.36594
-0.13573
-0.11739
-0.014776
0.074942
0.15132
0.14322
-0.1487
-0.72808
-0.047738
-0.90422
-0.0034309
-0.41416
-0.15278
-0.15585
-0.044055
0.043547
0.12861
0.16459
0.0031339
-0.55505
-0.41718
-1.0521
0.23797
-0.95448
-0.26264
-0.1615
-0.073524
0.016389
0.10497
0.16426
0.086393
-0.35761
-0.68468
-0.32229
-0.22661
-0.12459
-0.038617
0.051934
0.135
0.16058
-0.032875
-0.60999
-0.29834
-1.1608
0.36464
-0.81729
-0.58214
-0.10759
-0.34402
-0.12977
-0.099885
-0.00069172
0.088937
0.15875
0.12233
-0.23848
-0.74471
-0.052841
-0.48683
-0.15592
-0.21207
-0.078223
0.00068007
0.09042
0.15882
0.11782
-0.25066
-0.73565
-0.071703
-0.43686
-0.15004
-0.17387
-0.055249
0.03024
0.11734
0.16608
0.048822
-0.45851
-0.57386
-0.69808
-0.073847
-0.44949
-0.15134
-0.18383
-0.061515
0.022541
0.11053
0.16541
0.070784
-0.40208
-0.64244
-0.47844
-0.17478
-0.20083
-0.074633
0.0069493
0.096268
0.16135
0.10655
-0.29199
-0.72428
-0.14342
-0.32647
-0.12583
-0.086486
0.010428
0.099488
0.16277
0.10022
-0.31516
-0.7157
-0.19711
-0.28382
-0.1163
-0.056539
0.036572
0.12253
0.16466
0.02601
-0.50404
-0.4945
-0.86897
0.049475
-0.71387
-0.1539
-0.31673
-0.1234
-0.079182
0.016663
0.10521
0.16423
0.085477
-0.35973
-0.68188
-0.32955
-0.22411
-0.12643
-0.039114
0.051324
0.13455
0.16093
-0.030114
-0.60621
-0.30695
-1.157
0.36109
-0.83673
-0.57336
-0.10822
-0.33798
-0.12798
-0.095072
0.003303
0.092778
0.16039
0.11499
-0.26553
-0.73883
-0.090072
-0.39628
-0.14264
-0.14167
-0.033109
0.055603
0.13811
0.15983
-0.047355
-0.6355
-0.25379
-1.2037
0.41665
-0.70457
-0.7069
-0.056155
-0.51971
-0.15575
-0.23685
-0.090976
-0.01807
0.072737
0.14913
0.14315
-0.13935
-0.71199
-0.063335
-0.915
0.011956
-0.42923
-0.15817
-0.16718
-0.052144
0.034285
0.12084
0.16599
0.035967
-0.48821
-0.5306
-0.81511
0.0063412
-0.63567
-0.15619
-0.30105
-0.11821
-0.067146
0.027261
0.11461
0.16529
0.056222
-0.43674
-0.59581
-0.61125
-0.12087
-0.33113
-0.12622
-0.089754
0.0077442
0.096981
0.16196
0.10604
-0.29628
-0.72634
-0.15085
-0.31918
-0.12398
-0.080987
0.015115
0.1038
0.16392
0.089302
-0.34859
-0.69146
-0.29369
-0.23703
-0.11887
-0.038104
0.052847
0.13562
0.15987
-0.037332
-0.61521
-0.28472
-1.1617
0.36285
-0.78451
-0.57366
-0.11655
-0.3184
-0.1219
-0.079597
0.016471
0.10504
0.16419
0.08594
-0.35835
-0.68303
-0.32505
-0.22566
-0.12528
-0.038795
0.051713
0.13483
0.16071
-0.031871
-0.60863
-0.30145
-1.1595
0.36352
-0.82442
-0.57953
-0.10759
-0.3428
-0.12941
-0.098912
0.0001114
0.089714
0.1591
0.12091
-0.24387
-0.74393
-0.058991
-0.46707
-0.15412
-0.1972
-0.069718
0.012113
0.10105
0.16303
0.095861
-0.32758
-0.70539
-0.23182
-0.26407
-0.11433
-0.04576
0.046256
0.1304
0.16228
-0.010228
-0.57149
-0.37128
-1.0793
0.26642
-0.90903
-0.33614
-0.16404
-0.10737
-0.011295
0.078622
0.15332
0.13808
-0.17155
-0.73584
-0.032494
-0.78493
-0.087809
-0.38132
-0.1395
-0.12971
-0.024263
0.065103
0.14495
0.15321
-0.093908
-0.68853
-0.13414
-1.1358
0.27751
-0.46328
-0.31591
-0.18823
-0.10744
-0.016078
0.074053
0.15047
0.1433
-0.14476
-0.72195
-0.053859
-0.91117
0.0047743
-0.42005
-0.15519
-0.16033
-0.047323
0.039847
0.12555
0.16536
0.016847
-0.52866
-0.4646
-0.96553
0.14246
-0.87016
-0.16351
-0.25754
-0.10149
-0.034357
0.057353
0.13872
0.15645
-0.059257
-0.64034
-0.222
-1.1515
0.33151
-0.63962
-0.46905
-0.17833
-0.19389
-0.071286
0.011611
0.10058
0.16291
0.097034
-0.324
-0.70795
-0.2218
-0.26933
-0.11457
-0.048325
0.04395
0.12856
0.16301
-0.0011521
-0.55579
-0.40163
-1.038
0.21885
-0.90585
-0.25055
-0.19298
-0.086598
-0.00089593
0.088871
0.15834
0.1213
-0.23927
-0.74002
-0.056404
-0.47885
-0.15515
-0.20615
-0.074888
0.0052349
0.094676
0.16068
0.10972
-0.28058
-0.72821
-0.12032
-0.35226
-0.13237
-0.10653
-0.0061469
0.083601
0.15617
0.13132
-0.20261
-0.74488
-0.02854
-0.63824
-0.14541
-0.31191
-0.1212
-0.075171
0.020215
0.10841
0.16479
0.076268
-0.38544
-0.65691
-0.41807
-0.19519
-0.16185
-0.055172
0.032395
0.11919
0.16595
0.041824
-0.47431
-0.55021
-0.76026
-0.034012
-0.54522
-0.15811
-0.25316
-0.098937
-0.030634
0.060871
0.14123
0.154
-0.076259
-0.65968
-0.17824
-1.1306
0.28841
-0.55404
-0.36783
-0.20306
-0.13646
-0.040324
0.049289
0.13308
0.16221
-0.020773
-0.59365
-0.33678
-1.1426
0.34641
-0.89945
-0.52994
-0.11367
-0.29449
-0.11304
-0.060608
0.033309
0.11977
0.16498
0.03693
-0.48057
-0.53163
-0.78097
-0.020246
-0.57381
-0.15851
-0.27052
-0.10657
-0.043871
0.048484
0.13206
0.16113
-0.019867
-0.58575
-0.33971
-1.1061
0.2967
-0.87536
-0.4091
-0.15544
-0.15214
-0.041965
0.046003
0.1306
0.16388
-0.0064694
-0.57218
-0.38439
-1.1005
0.29617
-0.96211
-0.38427
-0.13257
-0.13148
-0.024702
0.064563
0.1446
0.15374
-0.090981
-0.68608
-0.1404
-1.146
0.29382
-0.46846
-0.3385
-0.18886
-0.11783
-0.023939
0.066115
0.1454
0.15153
-0.10043
-0.69098
-0.12193
-1.1001
0.22673
-0.46306
-0.26436
-0.18835
-0.088378
-0.001233
0.088536
0.15823
0.12203
-0.23682
-0.74083
-0.053492
-0.48844
-0.15591
-0.21331
-0.078892
-0.00025796
0.089541
0.15841
0.11938
-0.24463
-0.73647
-0.064183
-0.4569
-0.1528
-0.18945
-0.065049
0.01812
0.10654
0.16459
0.082044
-0.37011
-0.67338
-0.36408
-0.21257
-0.13731
-0.04326
0.046489
0.13084
0.16316
-0.0094388
-0.57464
-0.3742
-1.0995
0.2934
-0.93955
-0.38522
-0.14006
-0.13279
-0.026543
0.062682
0.14327
0.15516
-0.081456
-0.67619
-0.16239
-1.1696
0.33543
-0.49789
-0.41556
-0.18589
-0.15927
-0.051699
0.035957
0.12224
0.16575
0.030164
-0.50036
-0.51049
-0.86121
0.043873
-0.71098
-0.15199
-0.31848
-0.12384
-0.080481
0.015547
0.1042
0.16401
0.088246
-0.35169
-0.68887
-0.30351
-0.23336
-0.12057
-0.038021
0.052796
0.1356
0.15998
-0.036954
-0.61508
-0.28583
-1.1633
0.36534
-0.78756
-0.5808
-0.11287
-0.33022
-0.12567
-0.088932
0.0084645
0.097657
0.16219
0.10451
-0.30133
-0.72371
-0.16258
-0.30892
-0.12149
-0.073466
0.021615
0.10966
0.16496
0.072494
-0.39561
-0.64606
-0.45494
-0.18303
-0.18414
-0.066431
0.018122
0.10654
0.16461
0.082081
-0.3701
-0.67356
-0.36401
-0.21259
-0.13728
-0.043247
0.046504
0.13085
0.16315
-0.0094987
-0.57474
-0.374
-1.0998
0.29369
-0.93942
-0.38594
-0.13995
-0.13334
-0.02692
0.062276
0.14298
0.15548
-0.079408
-0.67404
-0.16732
-1.1743
0.34396
-0.50549
-0.43451
-0.1832
-0.17094
-0.05852
0.027816
0.11521
0.16593
0.055966
-0.44069
-0.59692
-0.62737
-0.11254
-0.35189
-0.1321
-0.10618
-0.0058508
0.083893
0.15632
0.13087
-0.20452
-0.7451
-0.02909
-0.62942
-0.14729
-0.30687
-0.11959
-0.071309
0.023608
0.11142
0.16513
0.066912
-0.41012
-0.62934
-0.50905
-0.16392
-0.22537
-0.08621
-0.010148
0.080218
0.15359
0.13397
-0.18381
-0.73166
-0.033175
-0.70762
-0.12269
-0.35044
-0.13194
-0.1051
-0.0049951
0.084737
0.15675
0.12952
-0.21008
-0.74557
-0.031184
-0.60415
-0.15178
-0.29185
-0.11446
-0.059865
0.033835
0.12022
0.16495
0.035243
-0.48437
-0.52596
-0.79557
-0.0095352
-0.5972
-0.1582
-0.28323
-0.1117
-0.05356
0.039546
0.12495
0.164
0.015189
-0.52501
-0.45719
-0.94157
0.11643
-0.81631
-0.16222
-0.28686
-0.11349
-0.05655
0.036793
0.12269
0.16455
0.025098
-0.50555
-0.49126
-0.87399
0.053756
-0.7209
-0.15392
-0.31659
-0.12336
-0.079076
0.016756
0.1053
0.16425
0.085245
-0.3604
-0.68128
-0.33175
-0.22336
-0.12702
-0.03929
0.051112
0.13439
0.16105
-0.029167
-0.60489
-0.30992
-1.1555
0.35952
-0.84323
-0.56917
-0.10888
-0.33388
-0.12673
-0.091811
0.0060391
0.095376
0.16139
0.10958
-0.28439
-0.73189
-0.12513
-0.34588
-0.13075
-0.1015
-0.0020631
0.087606
0.15814
0.1247
-0.22935
-0.74558
-0.043898
-0.52221
-0.15743
-0.23775
-0.091604
-0.018893
0.071956
0.14864
0.14401
-0.1349
-0.7093
-0.068731
-0.93491
0.030907
-0.43476
-0.16276
-0.17109
-0.055274
0.03073
0.11776
0.16606
0.047266
-0.46211
-0.56865
-0.71231
-0.06524
-0.47071
-0.15379
-0.20018
-0.071377
0.0098907
0.098997
0.16233
0.10056
-0.31218
-0.71433
-0.19087
-0.28791
-0.11702
-0.059113
0.034272
0.1206
0.16497
0.033897
-0.48755
-0.5215
-0.80786
-0.00022488
-0.61718
-0.15764
-0.29278
-0.11531
-0.060853
0.03291
0.11945
0.16506
0.038345
-0.47771
-0.53652
-0.77027
-0.027816
-0.55712
-0.15845
-0.26057
-0.10229
-0.036288
0.05556
0.1374
0.15754
-0.050932
-0.62987
-0.24514
-1.153
0.34034
-0.69127
-0.5015
-0.16165
-0.22086
-0.0836
-0.0065285
0.083638
0.15546
0.12904
-0.20544
-0.73618
-0.034692
-0.60992
-0.14994
-0.29619
-0.11594
-0.063138
0.030889
0.11773
0.1652
0.044913
-0.4631
-0.55862
-0.71389
-0.064983
-0.47043
-0.1538
-0.19996
-0.071252
0.010058
0.099151
0.16239
0.10021
-0.31333
-0.71371
-0.1938
-0.28598
-0.11667
-0.057889
0.035365
0.12152
0.16483
0.030185
-0.4954
-0.50881
-0.83724
0.022901
-0.66407
-0.15577
-0.30949
-0.12113
-0.073641
0.021502
0.10956
0.16495
0.072795
-0.39479
-0.64693
-0.45195
-0.18404
-0.18216
-0.065438
0.019426
0.10772
0.16487
0.078843
-0.37949
-0.66501
-0.39649
-0.20208
-0.1509
-0.04967
0.039003
0.12478
0.16523
0.019332
-0.52232
-0.47287
-0.94108
0.11739
-0.83259
-0.15597
-0.28405
-0.11182
-0.054071
0.039089
0.12458
0.1641
0.016851
-0.5218
-0.46289
-0.93073
0.10586
-0.80224
-0.15905
-0.29505
-0.11628
-0.062659
0.031272
0.11806
0.16519
0.043702
-0.46588
-0.55459
-0.72468
-0.058235
-0.48664
-0.15531
-0.21215
-0.078194
0.0006784
0.090419
0.15882
0.11781
-0.25065
-0.73564
-0.071703
-0.43687
-0.15004
-0.17387
-0.055252
0.030236
0.11734
0.16608
0.048835
-0.45848
-0.5739
-0.69796
-0.07392
-0.44931
-0.15132
-0.18369
-0.061428
0.02265
0.11062
0.16542
0.070495
-0.40287
-0.6416
-0.4814
-0.17374
-0.20306
-0.075714
0.005422
0.094847
0.16078
0.10947
-0.28172
-0.72819
-0.12232
-0.34974
-0.13174
-0.10454
-0.004538
0.085186
0.15697
0.12879
-0.21306
-0.74574
-0.032596
-0.59088
-0.15361
-0.28365
-0.11145
-0.053637
0.039497
0.12491
0.16401
0.015352
-0.52466
-0.45774
-0.94032
0.11519
-0.8146
-0.16184
-0.28787
-0.11384
-0.057305
0.036106
0.12212
0.16467
0.0275
-0.50066
-0.4995
-0.85625
0.038557
-0.69352
-0.15466
-0.31513
-0.12293
-0.077963
0.017721
0.10617
0.16442
0.0828
-0.36736
-0.67489
-0.35504
-0.21556
-0.13411
-0.041903
0.048059
0.13207
0.16252
-0.015953
-0.58515
-0.35255
-1.1229
0.32165
-0.91853
-0.46025
-0.12901
-0.2032
-0.070392
0.0099007
0.099006
0.16231
0.10045
-0.31233
-0.71392
-0.19141
-0.28756
-0.11695
-0.058889
0.034472
0.12077
0.16494
0.033221
-0.48899
-0.51919
-0.81328
0.0039408
-0.62586
-0.15734
-0.29651
-0.11667
-0.063699
0.030345
0.11727
0.16524
0.046667
-0.45916
-0.56449
-0.69859
-0.074237
-0.44794
-0.15116
-0.18262
-0.060761
0.023481
0.11137
0.16554
0.068268
-0.40892
-0.63506
-0.50417
-0.16549
-0.22133
-0.084331
-0.0072672
0.082937
0.15509
0.13011
-0.20092
-0.73557
-0.033452
-0.62988
-0.1461
-0.3082
-0.11997
-0.072305
0.022734
0.11065
0.16506
0.069374
-0.40376
-0.63678
-0.48514
-0.1726
-0.20589
-0.077102
0.0034572
0.093013
0.16001
0.11308
-0.26866
-0.73221
-0.098528
-0.38329
-0.13979
-0.13127
-0.025417
0.06388
0.14411
0.15422
-0.087567
-0.68241
-0.14816
-1.1542
0.30824
-0.47851
-0.36316
-0.18948
-0.13026
-0.032975
0.056724
0.13878
0.15859
-0.053501
-0.64094
-0.23645
-1.1915
0.39333
-0.66269
-0.62141
-0.1098
-0.35513
-0.13294
-0.10876
-0.0079272
0.081837
0.15524
0.13401
-0.19119
-0.74307
-0.026985
-0.69245
-0.13008
-0.34066
-0.12944
-0.097422
0.0012811
0.090841
0.15959
0.11878
-0.25177
-0.74241
-0.069168
-0.43962
-0.15055
-0.17601
-0.056646
0.028555
0.11587
0.16602
0.053893
-0.44612
-0.59041
-0.64889
-0.10146
-0.38006
-0.13906
-0.12868
-0.023468
0.065939
0.14553
0.1525
-0.098299
-0.69259
-0.12489
-1.1217
0.25514
-0.45517
-0.28777
-0.18568
-0.095098
-0.0059819
0.083959
0.15603
0.12977
-0.20611
-0.74124
-0.031998
-0.61538
-0.14952
-0.29903
-0.11695
-0.06531
0.02894
0.11606
0.16528
0.051065
-0.44895
-0.57902
-0.65883
-0.096743
-0.39208
-0.14167
-0.1383
-0.030638
0.058288
0.1401
0.15823
-0.059896
-0.65166
-0.21797
-1.2023
0.40342
-0.61012
-0.62295
-0.11385
-0.34789
-0.13101
-0.103
-0.0032669
0.086431
0.15758
0.12672
-0.22138
-0.74589
-0.037616
-0.55494
-0.15676
-0.26031
-0.102
-0.03598
0.055854
0.13762
0.15736
-0.052298
-0.63158
-0.24128
-1.1529
0.33919
-0.68254
-0.49685
-0.16448
-0.21647
-0.081658
-0.0035157
0.086475
0.15693
0.12462
-0.22395
-0.73769
-0.044297
-0.53323
-0.157
-0.24573
-0.09538
-0.024912
0.066268
0.14494
0.1496
-0.10382
-0.68625
-0.11825
-1.0577
0.17483
-0.47616
-0.22951
-0.19453
-0.081879
0.0025667
0.092155
0.15977
0.11513
-0.2622
-0.73547
-0.087115
-0.40288
-0.14399
-0.14695
-0.036908
0.051421
0.13491
0.16191
-0.02877
-0.60887
-0.31091
-1.1786
0.39331
-0.85569
-0.67211
-0.063459
-0.56608
-0.15126
-0.27129
-0.1062
-0.044027
0.048369
0.13197
0.16116
-0.01942
-0.58496
-0.34115
-1.1043
0.29454
-0.87666
-0.40406
-0.15653
-0.14852
-0.039696
0.048585
0.13266
0.16298
-0.016961
-0.58983
-0.34927
-1.1425
0.3484
-0.92911
-0.5316
-0.10907
-0.31236
-0.11953
-0.074684
0.020782
0.10891
0.16485
0.074715
-0.38957
-0.65243
-0.43297
-0.19034
-0.1703
-0.059455
0.027093
0.11457
0.16587
0.058052
-0.43539
-0.60353
-0.60648
-0.12271
-0.32604
-0.12467
-0.085747
0.01115
0.10016
0.16296
0.098604
-0.32027
-0.71242
-0.21072
-0.27553
-0.11514
-0.051654
0.040955
0.12613
0.1638
0.010221
-0.53503
-0.4403
-0.97545
0.15086
-0.85796
-0.17851
-0.25494
-0.10214
-0.03363
0.05798
0.1392
0.15611
-0.062122
-0.64408
-0.21422
-1.1509
0.3283
-0.62259
-0.45742
-0.18292
-0.18576
-0.067361
0.016947
0.10547
0.16435
0.084931
-0.36167
-0.6808
-0.33577
-0.22197
-0.12812
-0.039637
0.050698
0.13408
0.16127
-0.027323
-0.60228
-0.31575
-1.1522
0.356
-0.8556
-0.5594
-0.11068
-0.32319
-0.12332
-0.083317
0.013271
0.10212
0.1635
0.093707
-0.33538
-0.70181
-0.25347
-0.25367
-0.11472
-0.041567
0.049999
0.13335
0.1609
-0.025519
-0.59641
-0.3216
-1.1316
0.32814
-0.85665
-0.48575
-0.13646
-0.22135
-0.081071
-0.0046707
0.085405
0.15634
0.12618
-0.21706
-0.73682
-0.040163
-0.56004
-0.15584
-0.26415
-0.10359
-0.038844
0.053178
0.13563
0.15888
-0.040155
-0.61549
-0.27657
-1.1465
0.33936
-0.76202
-0.51162
-0.14684
-0.23597
-0.089591
-0.016685
0.074061
0.14994
0.14161
-0.14701
-0.71615
-0.055109
-0.87951
-0.018991
-0.41894
-0.15183
-0.15953
-0.046336
0.040888
0.12642
0.16519
0.013096
-0.53615
-0.4516
-0.99141
0.16976
-0.90217
-0.18039
-0.22673
-0.089133
-0.012898
0.077591
0.15212
0.13754
-0.16763
-0.72659
-0.038758
-0.78487
-0.085521
-0.38498
-0.14037
-0.13264
-0.026471
0.062763
0.14333
0.1551
-0.081873
-0.67661
-0.1614
-1.1686
0.33356
-0.49647
-0.41167
-0.18636
-0.15696
-0.050308
0.037575
0.12361
0.16555
0.024589
-0.51211
-0.49123
-0.90502
0.082932
-0.78079
-0.15029
-0.30975
-0.1208
-0.073647
0.021528
0.10958
0.16495
0.072717
-0.39498
-0.64669
-0.45266
-0.1838
-0.18263
-0.065674
0.019118
0.10744
0.16481
0.079615
-0.37727
-0.66708
-0.38871
-0.20459
-0.14733
-0.047925
0.041061
0.12648
0.1648
0.011785
-0.53699
-0.44671
-0.9911
0.16892
-0.89476
-0.18298
-0.23019
-0.091227
-0.015746
0.074887
0.15051
0.14086
-0.15155
-0.7194
-0.050348
-0.861
-0.034193
-0.41233
-0.14896
-0.15442
-0.042589
0.045121
0.1299
0.16418
-0.0029164
-0.56612
-0.39648
-1.0846
0.27679
-0.96519
-0.3379
-0.1396
-0.099122
-0.0012744
0.088385
0.15847
0.12323
-0.23478
-0.74474
-0.049224
-0.50043
-0.15675
-0.22209
-0.083641
-0.0069803
0.083216
0.15522
0.12964
-0.20277
-0.73567
-0.034001
-0.6214
-0.14782
-0.30318
-0.11832
-0.068461
0.026134
0.11363
0.16526
0.05958
-0.42853
-0.60653
-0.57944
-0.13545
-0.29437
-0.11421
-0.061168
0.03273
0.11929
0.16505
0.038889
-0.47641
-0.53831
-0.76516
-0.031405
-0.54897
-0.15835
-0.25545
-0.1
-0.032396
0.059213
0.14005
0.15519
-0.068162
-0.65073
-0.19849
-1.143
0.3122
-0.59111
-0.41785
-0.19468
-0.16166
-0.05495
0.032626
0.11939
0.16594
0.041089
-0.47601
-0.54773
-0.76691
-0.029391
-0.55591
-0.15824
-0.25995
-0.10199
-0.035806
0.056012
0.13774
0.15727
-0.053022
-0.63253
-0.23923
-1.153
0.33874
-0.67791
-0.49472
-0.1658
-0.2145
-0.080789
-0.0021811
0.087729
0.15756
0.12255
-0.2323
-0.73764
-0.05114
-0.50117
-0.15652
-0.22275
-0.083956
-0.0074581
0.082765
0.15498
0.13031
-0.19989
-0.73518
-0.03337
-0.63408
-0.14515
-0.3107
-0.12077
-0.074216
0.021055
0.10916
0.16489
0.074002
-0.39154
-0.65042
-0.4401
-0.18799
-0.17461
-0.061636
0.024335
0.11213
0.16563
0.065884
-0.41518
-0.62784
-0.528
-0.15644
-0.2424
-0.093738
-0.022338
0.068701
0.14655
0.14733
-0.11686
-0.69678
-0.095039
-1.0101
0.11325
-0.45661
-0.19213
-0.18485
-0.068473
0.016187
0.10478
0.16417
0.086758
-0.35624
-0.68533
-0.31801
-0.22812
-0.12359
-0.038399
0.052215
0.1352
0.1604
-0.034171
-0.61169
-0.29433
-1.1621
0.36565
-0.80795
-0.58408
-0.10821
-0.34325
-0.12956
-0.09927
-0.00018571
0.089427
0.15897
0.12144
-0.24187
-0.74424
-0.056638
-0.47429
-0.15485
-0.20267
-0.072914
0.0078943
0.097148
0.16165
0.1046
-0.29851
-0.72109
-0.15805
-0.31291
-0.12246
-0.076365
0.019096
0.10741
0.16464
0.079241
-0.37732
-0.66525
-0.38932
-0.20445
-0.14761
-0.048079
0.040884
0.12633
0.16484
0.012443
-0.53574
-0.44898
-0.98696
0.1645
-0.89025
-0.17957
-0.235
-0.093074
-0.018929
0.071876
0.14863
0.14422
-0.13428
-0.70945
-0.069264
-0.93939
0.035004
-0.43519
-0.1637
-0.17137
-0.055586
0.030395
0.11747
0.16606
0.048295
-0.45964
-0.57205
-0.70252
-0.071209
-0.45601
-0.15216
-0.18889
-0.064637
0.018616
0.10699
0.1647
0.080829
-0.37367
-0.67022
-0.37626
-0.20861
-0.14202
-0.0454
0.044009
0.12887
0.16401
0.00050191
-0.55766
-0.40787
-1.0548
0.24024
-0.94219
-0.27248
-0.16571
-0.07937
0.010751
0.099789
0.16281
0.099366
-0.31757
-0.71366
-0.20371
-0.27971
-0.11568
-0.054062
0.038792
0.12436
0.16427
0.018138
-0.51982
-0.46745
-0.92482
0.10032
-0.79582
-0.1572
-0.29891
-0.11753
-0.065542
0.028691
0.11585
0.16529
0.051854
-0.44714
-0.58163
-0.65176
-0.10051
-0.38261
-0.13963
-0.13072
-0.025008
0.064313
0.14441
0.15387
-0.0898
-0.68461
-0.14313
-1.148
0.29769
-0.47261
-0.34567
-0.18949
-0.12148
-0.026727
0.063257
0.14344
0.15396
-0.085532
-0.67707
-0.15394
-1.145
0.29824
-0.49694
-0.35827
-0.19395
-0.12911
-0.033146
0.056655
0.1387
0.15856
-0.0533
-0.64035
-0.23709
-1.1899
0.39112
-0.66486
-0.61639
-0.11218
-0.34851
-0.13115
-0.10349
-0.0036612
0.086046
0.1574
0.12737
-0.21879
-0.7459
-0.035881
-0.56595
-0.15607
-0.26763
-0.1051
-0.041513
0.050687
0.13375
0.16014
-0.029231
-0.59993
-0.30998
-1.1295
0.32301
-0.82968
-0.47504
-0.14658
-0.20638
-0.073999
0.0059168
0.095312
0.16092
0.10839
-0.28519
-0.72642
-0.1295
-0.34129
-0.1296
-0.097913
0.00087629
0.090452
0.15942
0.11952
-0.24903
-0.74298
-0.065491
-0.44892
-0.15189
-0.18325
-0.061237
0.022917
0.11086
0.16546
0.069782
-0.40482
-0.63951
-0.48869
-0.17113
-0.20871
-0.078423
0.0015361
0.091216
0.15921
0.11645
-0.25608
-0.73507
-0.078929
-0.42
-0.14724
-0.16058
-0.046413
0.040663
0.12624
0.16525
0.013959
-0.53456
-0.45462
-0.98618
0.16419
-0.89653
-0.17608
-0.23288
-0.09156
-0.01699
0.073722
0.14978
0.14216
-0.14484
-0.71564
-0.056995
-0.89154
-0.0092009
-0.42188
-0.1536
-0.16175
-0.048024
0.038978
0.12482
0.16551
0.019968
-0.5224
-0.47544
-0.94346
0.12009
-0.84013
-0.15503
-0.28087
-0.11047
-0.051582
0.041376
0.12644
0.16355
0.0083687
-0.53778
-0.43382
-0.98278
0.15828
-0.86257
-0.18495
-0.24844
-0.1001
-0.029411
0.061935
0.14202
0.15334
-0.081347
-0.66561
-0.16593
-1.123
0.2739
-0.53294
-0.34069
-0.20408
-0.12417
-0.032057
0.058055
0.13967
0.15748
-0.060234
-0.64807
-0.21794
-1.1825
0.37427
-0.61993
-0.55452
-0.14576
-0.26825
-0.10442
-0.041378
0.050851
0.13387
0.16003
-0.029986
-0.60091
-0.30763
-1.1303
0.32372
-0.82502
-0.47693
-0.14701
-0.20776
-0.074814
0.0048244
0.094295
0.16051
0.11044
-0.27789
-0.72896
-0.11527
-0.35878
-0.134
-0.11169
-0.010285
0.079483
0.15396
0.13737
-0.1763
-0.73931
-0.029508
-0.7658
-0.098672
-0.37318
-0.13748
-0.12318
-0.019268
0.070325
0.14843
0.14834
-0.12214
-0.71186
-0.081567
-1.029
0.12683
-0.43268
-0.19139
-0.17019
-0.059587
0.026996
0.11448
0.16586
0.058328
-0.43468
-0.6044
-0.60371
-0.12402
-0.32272
-0.12365
-0.083143
0.01338
0.10221
0.16353
0.093454
-0.33616
-0.70124
-0.25575
-0.25265
-0.11484
-0.041227
0.050298
0.13358
0.16078
-0.026769
-0.59837
-0.31763
-1.1349
0.33208
-0.84994
-0.4961
-0.13449
-0.23208
-0.08645
-0.012788
0.077757
0.15213
0.13708
-0.16894
-0.72605
-0.038638
-0.77603
-0.09022
-0.38185
-0.13958
-0.13013
-0.024575
0.064773
0.14473
0.15349
-0.092186
-0.6869
-0.13787
-1.141
0.28607
-0.46697
-0.32798
-0.18893
-0.11301
-0.020401
0.069717
0.14776
0.14806
-0.12002
-0.7065
-0.086674
-1.0242
0.12416
-0.44143
-0.19278
-0.17556
-0.063113
0.02284
0.11079
0.16544
0.069953
-0.40426
-0.63995
-0.48663
-0.17188
-0.20709
-0.077652
0.0026519
0.092261
0.15968
0.11451
-0.26336
-0.73353
-0.089877
-0.39821
-0.14303
-0.14321
-0.034221
0.054385
0.13718
0.16048
-0.041826
-0.62792
-0.27032
-1.1998
0.41524
-0.75011
-0.71993
-0.04384
-0.58272
-0.15248
-0.28013
-0.10995
-0.050877
0.042035
0.12697
0.16337
0.0058608
-0.54233
-0.42527
-0.99674
0.17306
-0.87507
-0.19743
-0.2343
-0.095454
-0.020436
0.070399
0.14773
0.14589
-0.12585
-0.70437
-0.080598
-0.97743
0.074552
-0.44452
-0.17568
-0.17751
-0.061239
0.024116
0.11193
0.16561
0.066511
-0.41357
-0.62977
-0.52185
-0.15882
-0.23677
-0.091282
-0.018267
0.072546
0.14902
0.14337
-0.13824
-0.71139
-0.064614
-0.92019
0.016758
-0.43061
-0.15927
-0.16817
-0.052929
0.033394
0.12007
0.16603
0.038865
-0.48167
-0.54046
-0.78959
-0.01299
-0.59347
-0.15784
-0.28164
-0.11104
-0.052327
0.040678
0.12588
0.16373
0.010995
-0.53293
-0.44281
-0.96751
0.14246
-0.84693
-0.17427
-0.26361
-0.10537
-0.039756
0.052251
0.13496
0.15943
-0.035941
-0.6099
-0.28926
-1.1427
0.33696
-0.78968
-0.50822
-0.14293
-0.23586
-0.089146
-0.016305
0.074426
0.15015
0.14117
-0.14915
-0.71721
-0.053058
-0.8694
-0.027167
-0.41584
-0.15033
-0.15715
-0.044577
0.042879
0.12806
0.16477
0.0057017
-0.55034
-0.42603
-1.0377
0.22133
-0.94587
-0.23667
-0.17431
-0.072622
0.014833
0.10355
0.16389
0.09005
-0.34652
-0.69341
-0.28713
-0.23956
-0.11789
-0.038317
0.052725
0.13551
0.15987
-0.036888
-0.61432
-0.2861
-1.1597
0.36035
-0.78737
-0.56736
-0.11885
-0.31006
-0.11909
-0.073038
0.022202
0.11018
0.165
0.070832
-0.39989
-0.64109
-0.47077
-0.17764
-0.19515
-0.071889
0.010778
0.099816
0.16265
0.098805
-0.31822
-0.71137
-0.20628
-0.27817
-0.11547
-0.053162
0.0396
0.12503
0.16411
0.015212
-0.52552
-0.4574
-0.94419
0.11917
-0.82138
-0.16252
-0.28439
-0.11256
-0.054686
0.038493
0.1241
0.16424
0.019038
-0.51761
-0.47043
-0.91649
0.0923
-0.78311
-0.15613
-0.30401
-0.11926
-0.069423
0.025233
0.11285
0.16524
0.062246
-0.42196
-0.61495
-0.55413
-0.14625
-0.26758
-0.10417
-0.040888
0.051305
0.13421
0.15981
-0.031954
-0.60378
-0.30152
-1.1341
0.32768
-0.81353
-0.48657
-0.14615
-0.21616
-0.079299
-0.0015014
0.088378
0.15784
0.12135
-0.23679
-0.73698
-0.055703
-0.48419
-0.15548
-0.21019
-0.077149
0.0021458
0.091792
0.15944
0.1153
-0.26018
-0.73389
-0.085152
-0.40727
-0.14485
-0.15045
-0.039392
0.048651
0.13273
0.16304
-0.01708
-0.59042
-0.34889
-1.145
0.35189
-0.93038
-0.54163
-0.10633
-0.33171
-0.12598
-0.090053
0.0075298
0.09678
0.16189
0.10649
-0.29478
-0.72709
-0.14745
-0.32234
-0.12477
-0.08336
0.013086
0.10194
0.16346
0.094152
-0.33405
-0.70284
-0.24954
-0.25547
-0.11456
-0.042197
0.049442
0.13291
0.16112
-0.023204
-0.59274
-0.32898
-1.1249
0.32041
-0.86827
-0.46549
-0.14019
-0.20112
-0.070337
0.010526
0.099583
0.16252
0.09919
-0.3166
-0.71172
-0.2023
-0.28059
-0.11581
-0.054585
0.038323
0.12398
0.16436
0.019825
-0.5165
-0.47325
-0.9133
0.089412
-0.7798
-0.15531
-0.30569
-0.11978
-0.070692
0.024111
0.11186
0.16517
0.065489
-0.41378
-0.62501
-0.52291
-0.15868
-0.23759
-0.091668
-0.018878
0.071968
0.14865
0.144
-0.13496
-0.70937
-0.068641
-0.93473
0.030714
-0.43467
-0.16271
-0.17103
-0.055226
0.030785
0.11781
0.16606
0.047096
-0.46251
-0.56809
-0.71391
-0.064247
-0.47315
-0.15403
-0.20203
-0.072452
0.0084654
0.097678
0.16185
0.10346
-0.3024
-0.71927
-0.16706
-0.30537
-0.12067
-0.070932
0.023825
0.11161
0.16516
0.066324
-0.4117
-0.6276
-0.51499
-0.16169
-0.23053
-0.088537
-0.013813
0.076755
0.15159
0.13847
-0.16276
-0.7241
-0.041929
-0.80671
-0.072155
-0.39377
-0.14269
-0.1397
-0.031742
0.057101
0.13922
0.15896
-0.054303
-0.6446
-0.23366
-1.2045
0.41186
-0.65024
-0.66736
-0.085676
-0.42202
-0.14725
-0.1622
-0.047471
0.039428
0.12521
0.16547
0.018419
-0.52567
-0.4701
-0.95528
0.13201
-0.85703
-0.15878
-0.26868
-0.10582
-0.042488
0.049769
0.13305
0.16057
-0.025284
-0.59407
-0.3224
-1.1208
0.31345
-0.85094
-0.45092
-0.14943
-0.18542
-0.062233
0.021547
0.10963
0.16525
0.073399
-0.39485
-0.64994
-0.45169
-0.18399
-0.182
-0.065332
0.019556
0.10784
0.1649
0.078516
-0.38042
-0.66413
-0.39978
-0.20102
-0.15247
-0.050447
0.038081
0.12401
0.16539
0.022627
-0.51569
-0.4843
-0.91745
0.094502
-0.79852
-0.15155
-0.30264
-0.11841
-0.068184
0.026361
0.11383
0.16527
0.058914
-0.43018
-0.60442
-0.58581
-0.13262
-0.30147
-0.11669
-0.066627
0.027839
0.11511
0.16528
0.054428
-0.44094
-0.58996
-0.6276
-0.11292
-0.35128
-0.13194
-0.1057
-0.0054599
0.084279
0.15652
0.13026
-0.20705
-0.74535
-0.029953
-0.61783
-0.14952
-0.30008
-0.11734
-0.066128
0.028207
0.11543
0.16529
0.053328
-0.44362
-0.58642
-0.63805
-0.10764
-0.36462
-0.13539
-0.11633
-0.013945
0.075788
0.15182
0.1422
-0.15373
-0.73055
-0.043114
-0.87923
-0.024282
-0.40869
-0.14918
-0.15159
-0.040728
0.047242
0.1316
0.16351
-0.011368
-0.58078
-0.3679
-1.1227
0.32387
-0.95286
-0.45794
-0.12178
-0.20809
-0.07251
0.00667
0.096015
0.16117
0.10686
-0.29036
-0.72407
-0.14039
-0.32957
-0.12662
-0.088851
0.008429
0.097623
0.16217
0.10459
-0.30108
-0.72384
-0.16199
-0.30941
-0.1216
-0.073818
0.021308
0.10938
0.16493
0.073333
-0.39337
-0.64851
-0.44677
-0.18577
-0.1788
-0.063749
0.021623
0.1097
0.16526
0.073194
-0.39541
-0.64935
-0.45374
-0.1833
-0.18335
-0.06601
0.018666
0.10703
0.16472
0.080741
-0.37401
-0.67007
-0.3774
-0.20824
-0.14249
-0.045616
0.043758
0.12867
0.16408
0.0014841
-0.55592
-0.41123
-1.0498
0.23443
-0.94027
-0.26259
-0.16963
-0.077983
0.011199
0.1002
0.16293
0.098341
-0.32076
-0.71154
-0.2123
-0.27463
-0.11504
-0.05115
0.041408
0.1265
0.16369
0.0085303
-0.5382
-0.43452
-0.98552
0.1614
-0.86825
-0.18609
-0.24457
-0.098499
-0.026668
0.064525
0.14381
0.15127
-0.094498
-0.67857
-0.13671
-1.0897
0.22036
-0.4939
-0.26973
-0.20031
-0.095924
-0.010142
0.080012
0.15379
0.13522
-0.18135
-0.73497
-0.031405
-0.7279
-0.11519
-0.35903
-0.13406
-0.11189
-0.01044
0.079327
0.15387
0.13759
-0.17533
-0.73901
-0.029852
-0.77067
-0.096137
-0.37507
-0.13794
-0.12469
-0.020436
0.069112
0.14764
0.14956
-0.11541
-0.70688
-0.092585
-1.0576
0.16318
-0.4368
-0.21034
-0.17378
-0.065721
0.020894
0.10905
0.16513
0.075084
-0.39011
-0.65467
-0.43444
-0.18974
-0.17117
-0.059871
0.026562
0.1141
0.16584
0.059592
-0.43149
-0.6084
-0.59121
-0.1298
-0.30808
-0.11892
-0.071733
0.023314
0.11116
0.1651
0.067726
-0.40799
-0.63179
-0.501
-0.1669
-0.21859
-0.083092
-0.005363
0.084732
0.15604
0.1274
-0.21249
-0.73712
-0.037384
-0.58001
-0.15413
-0.2773
-0.10895
-0.048799
0.043941
0.12849
0.1628
-0.0014992
-0.55542
-0.40034
-1.0346
0.21458
-0.89863
-0.24665
-0.19843
-0.088298
-0.0036336
0.086279
0.15706
0.12562
-0.22189
-0.74041
-0.041221
-0.54523
-0.15684
-0.25396
-0.099165
-0.031147
0.060392
0.14089
0.15435
-0.073909
-0.65711
-0.18401
-1.1345
0.29576
-0.56412
-0.38218
-0.20137
-0.14324
-0.044484
0.044714
0.12946
0.16388
-0.002109
-0.56267
-0.39901
-1.0699
0.2582
-0.94882
-0.30477
-0.15396
-0.087004
0.0063997
0.095724
0.16146
0.10865
-0.28712
-0.73001
-0.13116
-0.33908
-0.12903
-0.096182
0.0023074
0.091826
0.16
0.11688
-0.25873
-0.74075
-0.079255
-0.41696
-0.14674
-0.15816
-0.044767
0.042559
0.12781
0.16486
0.0069412
-0.5481
-0.43033
-1.0308
0.21348
-0.94116
-0.22563
-0.181
-0.073516
0.012698
0.10159
0.1633
0.094867
-0.33144
-0.70401
-0.24226
-0.2589
-0.11436
-0.043517
0.048266
0.13199
0.16156
-0.018359
-0.58496
-0.34461
-1.1097
0.30235
-0.8888
-0.41924
-0.14825
-0.1599
-0.046103
0.041053
0.12656
0.16517
0.012523
-0.53735
-0.44964
-0.9956
0.1743
-0.90722
-0.18387
-0.2215
-0.087019
-0.0094471
0.080855
0.15399
0.13322
-0.18763
-0.73323
-0.032362
-0.69106
-0.12893
-0.34194
-0.12977
-0.098416
0.00046161
0.090052
0.15925
0.12028
-0.24623
-0.74351
-0.061902
-0.45865
-0.15315
-0.19076
-0.065863
0.017091
0.1056
0.16436
0.084529
-0.36274
-0.67968
-0.33936
-0.22076
-0.12915
-0.03999
0.050283
0.13377
0.16149
-0.025496
-0.59964
-0.32157
-1.1485
0.35189
-0.86739
-0.54766
-0.11305
-0.30913
-0.11852
-0.072194
0.022964
0.11085
0.16507
0.0687
-0.40544
-0.63471
-0.49144
-0.17036
-0.21083
-0.079454
4.9407e-005
0.089822
0.15857
0.11897
-0.24647
-0.73657
-0.066206
-0.45101
-0.15206
-0.18489
-0.062246
0.021653
0.10973
0.16527
0.073123
-0.39562
-0.64916
-0.45451
-0.18303
-0.18387
-0.066269
0.018325
0.10673
0.16465
0.081581
-0.37156
-0.67227
-0.36899
-0.21097
-0.13915
-0.044081
0.045539
0.13009
0.1635
-0.0055807
-0.56819
-0.38719
-1.0835
0.27409
-0.94517
-0.33968
-0.14771
-0.10321
-0.0055545
0.084227
0.15642
0.13014
-0.20695
-0.74451
-0.030407
-0.61693
-0.14959
-0.29963
-0.11718
-0.065784
0.028515
0.1157
0.16528
0.052381
-0.44586
-0.58333
-0.64677
-0.10313
-0.37599
-0.13813
-0.12543
-0.020993
0.068532
0.14726
0.15012
-0.11223
-0.7044
-0.098138
-1.0705
0.18052
-0.43912
-0.22129
-0.17575
-0.069445
0.017271
0.10577
0.16444
0.084213
-0.36396
-0.67913
-0.34326
-0.21944
-0.13031
-0.040402
0.049799
0.1334
0.16173
-0.023385
-0.59653
-0.32834
-1.1438
0.34646
-0.88035
-0.53188
-0.11625
-0.28947
-0.11119
-0.056712
0.036831
0.12271
0.16449
0.024845
-0.50578
-0.49029
-0.87442
0.054065
-0.72096
-0.15407
-0.31646
-0.12333
-0.078978
0.01684
0.10537
0.16426
0.085033
-0.361
-0.68074
-0.33376
-0.22267
-0.12756
-0.039462
0.050908
0.13424
0.16116
-0.028254
-0.6036
-0.3128
-1.1539
0.35784
-0.8494
-0.56457
-0.10971
-0.32899
-0.12519
-0.087922
0.009331
0.098466
0.16245
0.10264
-0.30742
-0.72033
-0.17736
-0.29735
-0.11887
-0.065342
0.028741
0.1159
0.16531
0.051744
-0.44751
-0.58133
-0.65323
-0.099712
-0.38461
-0.14007
-0.13232
-0.02621
0.063038
0.14352
0.15489
-0.083267
-0.67806
-0.1581
-1.1653
0.32763
-0.49164
-0.39936
-0.18759
-0.14983
-0.045899
0.042612
0.12778
0.16459
0.0062438
-0.54815
-0.42771
-1.0284
0.21023
-0.93261
-0.22446
-0.18689
-0.076514
0.0088592
0.098037
0.16211
0.10305
-0.30472
-0.71961
-0.17183
-0.30158
-0.1198
-0.068261
0.026168
0.11366
0.16528
0.059524
-0.42877
-0.60641
-0.58037
-0.13503
-0.29542
-0.11458
-0.061968
0.03201
0.11868
0.16511
0.041253
-0.47121
-0.5463
-0.74521
-0.044956
-0.51789
-0.15735
-0.23469
-0.090097
-0.016572
0.074151
0.15001
0.14156
-0.14747
-0.71661
-0.054546
-0.87808
-0.020273
-0.41828
-0.15155
-0.15902
-0.04597
0.041304
0.12676
0.16511
0.011569
-0.53913
-0.44631
-1.0014
0.18061
-0.91321
-0.18946
-0.21463
-0.08438
-0.0051191
0.084942
0.1562
0.12722
-0.21368
-0.73785
-0.037599
-0.57598
-0.1546
-0.27464
-0.1079
-0.046783
0.045801
0.12997
0.16217
-0.0088813
-0.56798
-0.37565
-1.0673
0.2517
-0.9021
-0.30969
-0.17487
-0.098989
-0.0067915
0.083119
0.15569
0.13135
-0.20032
-0.74167
-0.029712
-0.64368
-0.14377
-0.31537
-0.12226
-0.077821
0.017905
0.10633
0.16445
0.082321
-0.3687
-0.67359
-0.35958
-0.21407
-0.13569
-0.042567
0.047292
0.13147
0.16284
-0.012746
-0.58004
-0.36316
-1.112
0.30845
-0.93054
-0.42407
-0.13441
-0.16608
-0.048441
0.037912
0.12394
0.16573
0.023852
-0.51473
-0.489
-0.91611
0.09359
-0.80058
-0.14998
-0.30319
-0.11849
-0.068554
0.02604
0.11355
0.16526
0.059862
-0.42784
-0.60743
-0.57679
-0.13661
-0.29147
-0.11318
-0.058945
0.034736
0.12097
0.16483
0.032154
-0.49083
-0.51539
-0.81977
0.0088986
-0.63565
-0.15704
-0.30032
-0.11802
-0.066619
0.027728
0.11502
0.16529
0.054809
-0.44013
-0.59125
-0.62447
-0.11446
-0.34737
-0.13088
-0.10259
-0.0029315
0.086759
0.15774
0.12617
-0.2236
-0.74585
-0.039215
-0.54568
-0.15716
-0.25406
-0.099245
-0.031248
0.060296
0.14082
0.15442
-0.073436
-0.6566
-0.18518
-1.1353
0.29725
-0.5662
-0.38516
-0.20094
-0.14469
-0.045345
0.043752
0.12868
0.16416
0.0016502
-0.55599
-0.41185
-1.0509
0.23581
-0.94303
-0.26388
-0.16769
-0.077369
0.012069
0.10101
0.16318
0.096433
-0.32687
-0.70768
-0.22905
-0.26549
-0.11436
-0.046423
0.045661
0.12992
0.16248
-0.0078597
-0.56747
-0.37915
-1.0692
0.2547
-0.91102
-0.31233
-0.16998
-0.097996
-0.0050881
0.084758
0.15656
0.12888
-0.21092
-0.74318
-0.033016
-0.59651
-0.15265
-0.28735
-0.11281
-0.056436
0.036945
0.12282
0.16451
0.02453
-0.50663
-0.48928
-0.87774
0.05702
-0.72644
-0.1539
-0.31637
-0.12328
-0.078899
0.01691
0.10544
0.16428
0.084857
-0.36151
-0.68028
-0.33542
-0.2221
-0.12803
-0.039612
0.050729
0.1341
0.16126
-0.027464
-0.60248
-0.31531
-1.1525
0.35627
-0.85466
-0.56017
-0.11055
-0.32404
-0.1236
-0.083994
0.012689
0.10158
0.16336
0.095072
-0.33122
-0.70487
-0.24134
-0.25934
-0.11434
-0.043695
0.048108
0.13186
0.16162
-0.01771
-0.58391
-0.34671
-1.1074
0.29973
-0.8911
-0.41274
-0.14937
-0.15474
-0.042856
0.044827
0.12966
0.16426
-0.0017689
-0.56406
-0.40039
-1.0788
0.26973
-0.96449
-0.32258
-0.14277
-0.091175
0.0046243
0.094042
0.16086
0.1123
-0.27475
-0.73534
-0.10652
-0.37013
-0.13674
-0.12073
-0.017382
0.072273
0.14967
0.14628
-0.13316
-0.71925
-0.065632
-0.97917
0.069384
-0.42642
-0.16996
-0.16512
-0.052628
0.034182
0.12074
0.16596
0.036226
-0.48744
-0.53141
-0.81195
0.003854
-0.63018
-0.15649
-0.29884
-0.11744
-0.06546
0.028768
0.11591
0.16529
0.051612
-0.44771
-0.58083
-0.65397
-0.099338
-0.38556
-0.14028
-0.13308
-0.026774
0.062437
0.1431
0.15535
-0.080225
-0.67489
-0.16535
-1.1724
0.34051
-0.50245
-0.42678
-0.1844
-0.16609
-0.055732
0.031189
0.11815
0.16601
0.045722
-0.46547
-0.56337
-0.72549
-0.057028
-0.49066
-0.15558
-0.21515
-0.07984
-0.0016169
0.088265
0.1578
0.12159
-0.23597
-0.73722
-0.054773
-0.48737
-0.15572
-0.21256
-0.078464
0.00033011
0.090092
0.15867
0.1184
-0.2484
-0.73598
-0.068804
-0.44423
-0.15113
-0.17963
-0.058942
0.025748
0.11339
0.16581
0.06201
-0.42551
-0.6161
-0.56786
-0.1401
-0.28222
-0.10977
-0.05189
0.041155
0.12625
0.16358
0.0091474
-0.53621
-0.43646
-0.97763
0.15286
-0.85696
-0.18121
-0.2538
-0.10199
-0.033025
0.058539
0.1396
0.15575
-0.064767
-0.64725
-0.2072
-1.1489
0.32316
-0.60786
-0.4429
-0.18773
-0.17636
-0.062643
0.023097
0.11102
0.16547
0.069268
-0.40613
-0.63795
-0.49366
-0.16935
-0.21266
-0.080295
-0.0012034
0.088647
0.15801
0.12101
-0.23846
-0.73737
-0.057132
-0.47875
