108.04
54.943
7.2447
2.5902
10.883
0.31216
30.191
0.81541
19.888
89.29
0.85911
5.4251
19.859
0.00038458
5.1316
3.2001
0.1248
39.384
9.9177
21.981
15.18
109.4
14.185
4.5477
0.22644
0.26867
22.161
11.682
66.138
169.25
49.895
38.433
76.827
0.048084
1.1404
44.799
18.587
13.305
148.71
6.0429
0.064076
37.733
48.023
2.0864
3.7545
0.96861
30.812
34.599
27.512
0.40996
0.20272
13.475
4.415
18.853
6.9596
2.8537
1.22
0.070469
122.98
15.533
14.66
0.077534
3.9344
12.3
159.18
1.9728
35.799
0.52313
0.93493
0.58298
56.634
22.632
4.6538
9.1791
0.33634
0.047823
5.6173
4.2862
0.91876
0.0047197
4.7627
0.19931
17.357
3.5769
0.76532
30.755
2.7171
0.028723
0.047756
34.615
2.3285
2.9827
2.1497
6.4101
47.542
7.789e-005
52.051
58.635
1.4062
2.5269
7.1565
0.098127
0.096498
1.4549
0.15447
1.3317
7.1329
0.0040277
0.80769
6.1754
5.6087
9.9643
11.402
0.73036
9.1441
15.334
56.078
28.978
11.997
35.563
4.9798
2.7223
1.7186
26.902
10.532
13.109
6.246
0.53461
43.088
3.589
48.748
0.94426
0.65006
8.7585
25.559
0.16933
1.4031
3.3026
32.478
22.435
9.1521
12
1.2939
2.1808
12.148
6.6216
0.15642
89.942
3.8167
10.431
8.7585
0.3206
13.431
2.712
7.5887
0.40402
103.85
68.667
0.010209
4.3592
45.122
21.159
2.0474
0.22727
1.5781
18.394
20.215
9.7911
12.397
0.88836
8.6201
4.4937
17.523
90.563
30.952
7.8226
9.8515
0.032742
9.0104
8.4803
0.19446
0.12779
10.572
0.65631
77.783
12.901
0.1923
5.9633
11.324
2.9672
40.221
0.038477
0.013164
86.698
7.1695
4.991
0.14032
186.96
14.326
0.37947
6.1243
7.6319
18.682
119.5
0.095997
0.097162
0.41924
0.15385
1.0672
13.642
0.12216
4.0135
1.3758
1.3586
0.091957
6.7278
0.23621
48.184
8.2043
14.137
4.6704
15.036
0.3674
122.59
2.9613
0.63676
34.624
344.59
1.6537
0.11962
37.681
7.1875
14.436
21.598
6.024
13.74
112.96
30.104
11.756
53.332
4.72
22.513
0.14469
0.63239
7.4453e-005
2.1168
3.1798
20.22
5.6197e-006
1.1074
3.8038
1.5496
40.911
0.2538
117.2
7.1451
8.7135
17.695
4.679
13.14
13.912
0.34259
0.27556
0.27159
42.857
0.42945
7.5763e-006
16.83
4.7242
28.615
86.934
90.181
0.72073
0.15804
4.6451
0.17266
23.22
6.5585
0.48795
14.979
23.238
4.8662
12.175
121.58
12.31
266.13
9.3569
60.285
0.43244
3.1734
0.0082095
0.035378
1.9969
0.032709
31.015
5.6285
206.14
7.1052
11.809
173.44
44.223
7.9955
0.3652
1.2468
15.089
0.0089651
40.496
3.7871
35.377
7.9284
4.0728
26.347
3.0855
2.6412
14.2
46.281
32.164
34.004
0.12695
0.52141
1.4642
30.231
6.664
2.4292
1.3985
4.9417
8.7265
35.59
0.179
21.541
11.561
16.318
3.4898
125.94
0.057796
58.974
0.40653
0.097382
0.11148
0.061303
121.12
2.7032
6.2298
20.284
1.213
173.88
11.53
20.372
0.9811
43.509
53.317
18.704
8.5668
0.041011
0.14678
14.778
0.66156
1.048
0.94677
66.467
0.45561
21.811
2.6385
0.90248
1.1146
3.5196
16.04
0.2473
23.849
15.04
1.4766
28.349
0.39281
8.4921
276.49
3.2311
0.26484
9.0518
2.1247
8.4124
9.284
75.922
0.26573
0.56517
33.298
5.806
0.95373
0.10379
1.0969
0.63127
0.37561
40.198
42.594
1.3123
14.933
3.868
20.431
0.094251
101.55
0.25756
84.339
10.281
3.3636
59.887
6.2915
114.51
5.8623
88.054
5.9599
12.122
3.767
45.334
0.019214
1.2785
11.454
0.22909
4.215
3.5381
0.83581
11.919
0.018608
3.7222
9.4495
1.7297
5.9311
58.085
7.929
136.47
14.959
73.958
21.638
32.724
30.106
0.07783
0.1542
0.0070629
0.037782
12.627
0.014471
9.219
0.46466
0.93528
3.9646
9.1214
0.83216
2.7286
5.1471
0.12389
1.0668
1.6279
16.278
2.3113
8.3804
6.806
30.615
0.093546
1.3954
3.5484
26.09
0.56478
0.63776
0.074507
8.1139
0.0042326
11.31
0.25514
76.665
31.997
6.0531
0.35586
8.5068
10.093
14.953
16.959
0.69627
0.021653
58.227
28.943
2.8033
0.27918
41.205
73.671
0.082454
6.9575
4.1573
23.5
0.23805
43.405
3.1457
0.0020515
4.3086
47.075
1.078
20.203
108.53
12.632
5.2772
0.17836
4.513
1.092
10.783
10.468
23.999
9.1397
30.794
25.975
1.052
13.529
0.25556
47.793
0.25032
317.85
27.54
3.5756
2.9526
5.2047
21.72
3.4804
15.467
0.99578
11.293
0.20942
4.2084
8.2959
2.0831
0.81037
6.8837
28.445
87.678
0.095355
4.6425
9.3583
2.6599
19.492
32.655
2.7229
5.569
0.45182
1.9904
21.735
116.42
14.105
0.6168
51.789
15.932
31.249
0.5381
102.9
7.7159
0.00057051
3.0956
1.2713
34.219
1.7704
0.46488
5.5132
5.3869
12.87
0.29053
0.17053
4.6112
1.4196
9.1479
14.426
2.6209
0.59955
0.88996
119.74
10.456
29.874
0.2735
1.9331
0.78911
1.4961
23.78
37.453
0.040961
24.955
0.49615
17.719
0.00096143
6.9088
3.6564
1.3834
76.834
53.317
0.24093
8.2576
1.0066
27.955
1.6099
0.01178
13.149
31.148
92.26
1.9501
3.6748
0.52519
0.23936
1.5508
49.645
1.0197
3.3499
1.9889
0.89376
0.23964
205.69
2.3337
0.091859
0.0052297
0.048104
0.58035
23.079
3.6497
4.5734
1.3901
58.796
0.015445
2.6356
2.185
0.49863
21.33
1.6292
0.50884
0.0062191
1.5989
24.813
3.9406
12.15
38.078
28.661
11.739
16.694
55.472
15.13
0.67646
4.0975
0.098217
2.8041
0.37854
2.7454
10.447
0.69282
6.8847
0.038078
6.4725
5.5153
16.55
22.388
77.427
26.143
14.872
176.49
12.784
3.9915
29.485
2.7329
18.366
7.2127
0.26128
6.3204
0.15043
75.586
0.61513
13.299
0.38597
2.3885
1.6893
95.799
3.6759
6.0518
18.081
1.6195
0.025126
0.18157
12.633
4.9065e-005
289.28
59.439
1.9489
0.76491
2.9084
12.394
78.977
2.0536
0.45262
1.751
19.082
1.6322
9.6235
5.5997
2.9365
0.18044
18.934
4.0537
3.9058
18.416
12.082
8.683
47.033
0.92413
3.9648
11.347
6.7202
40.282
30.548
0.18753
133.71
42.116
2.124
0.033225
0.047519
0.1151
6.4433
33.014
1.4748
0.14324
17.359
67.393
150.45
9.6648
0.28016
22.559
20.071
0.032861
1.7648
39.72
11.077
0.0054527
5.3075
6.1824
7.2299
34.257
53.568
0.095143
6.6007
19.131
0.042412
18.881
1.8321
1.0128
2.2987
0.12863
0.078981
19.073
0.097644
0.016001
0.16619
6.7975
3.6574
39.661
0.2198
11.533
92.787
84.179
0.24895
1.0746
0.075701
26.696
0.42675
2.4222
0.08199
0.82503
2.3627
3.6127
8.1959
0.047179
0.15883
1.916
4.8016
0.34298
0.0092025
8.6432
1.1165
14.169
0.11528
0.73649
0.013272
0.087271
0.21116
0.046664
43.325
1.8217
6.884
36.252
14.347
6.4563
13.579
0.067558
2.2073
49.961
2.8318
13.014
68.8
1.1971
24.333
0.17796
14.495
11.339
0.1096
7.3947
3.2144
0.038318
2.8734
4.8494
47.242
0.015686
14.043
10.309
0.86611
0.74687
22.456
0.12685
0.06244
56.003
0.84077
31.288
0.49943
0.67244
55.082
63.687
9.3267
23.383
64.219
2.5579
0.6738
1.5116
0.78366
0.054237
2.7364
2.1094
4.1311
0.13577
30.364
4.1109
44.55
7.4425
36.83
22.035
3.0889
9.4978
8.0458e-005
0.0011275
3.7334
0.015363
8.8292
27.219
10.415
56.588
1.7406
0.98598
5.3563
2.057
2.7836
22.582
32.146
0.084916
0.8602
0.54784
18.433
158.93
0.39186
20.739
2.2814
74.99
0.44507
9.6062
2.0159
0.39347
0.022019
252.95
1.8442
0.67373
3.5689
9.3135
16.083
47.523
53.564
14.54
2.3751
1.2879
14.17
19.198
3.9139
20.298
0.25863
16.876
1.4537
34.187
6.1509
11.053
0.03947
24.118
0.36299
2.7046e-005
0.32271
157.5
1.1935
19.351
1.9207
16.658
13.752
0.62952
20.939
7.8051e-005
18.598
0.19849
8.3329
9.7352
14.243
2.2278
31.209
14.952
0.071136
38.426
0.21282
0.11373
5.4399
0.24122
1.9538
0.1543
33.465
2.5065
9.8271
0.7949
62.68
0.022517
1.7042
77.806
3.2242
0.21656
2.2376
0.78378
0.22999
12.277
12.013
6.0855
40.554
13.753
0.066237
3.6145
2.2433
10.849
5.1421
2.4118
31.428
5.1603
25.463
45.301
25.001
4.3436
3.3776
0.050932
7.1231
0.26033
7.7635
25.029
0.39194
18.326
97.916
4.2835
54.26
8.0506
4.086
2.5459
5.2525
10.763
10.107
0.42023
25.384
5.6926
2.7575
0.23172
74.83
2.3237
40.138
10.468
6.4328
3.2016
346.23
10.564
16.1
3.242
0.79695
30.72
10.747
2.7502
14
0.81979
113.79
2.0559
24.669
0.11314
28.506
0.0024082
27.283
0.54003
9.4965
19.044
192.89
0.69337
0.29682
50.717
22.552
1.9053
16.243
24.531
4.086
33.827
1.233
23.273
56.321
8.6096
20.363
34.851
26.411
0.21938
18.846
32.552
44.835
0.10092
3.9769
112.48
0.20823
104.95
0.65727
127.95
14.574
20.203
0.50039
0.41057
3.0984
111.11
0.068974
9.8725
8.5195
0.30305
1.4878
3.8541
0.0024589
156.9
0.3592
112.39
6.7552
5.9253
1.0856
30.91
0.71347
2.3511
24.185
62.139
43.497
8.4544
6.4016
33.695
0.29943
183.18
0.12173
223.85
67.27
6.0272
9.4649
2.2556
16.24
2.5508
0.12567
216.88
0.16068
4.388
24.143
1.5905
0.0021353
0.23484
28.849
6.3568
3.3713
3.0561
0.19672
384.18
1.8077
0.81457
3.225
67.847
6.5211
2.0214
0.68426
39.279
85.213
18.104
199.53
38.993
0.19802
0.070523
10.879
12.821
7.3014
2.5296
6.4829
90.671
1.3955
0.44757
5.4649
15.273
26.539
0.36515
105.26
8.3626
6.577
0.25053
7.5737
6.9312
3.8778
74.828
0.53146
2.4854
7.8192
8.5553
1.2099
0.26613
0.63809
0.90686
14.675
4.8395
5.4615
3.8137
0.020307
2.0945
20.254
76.085
3.2177
26.89
3.6306
1.1241
37.017
93.32
0.43348
3.5298
0.1015
5.851
2.6487
444.26
1.7328
6.8689
0.0058455
5.5284
8.845
16.508
0.6992
0.34828
8.5577
0.0087892
88.117
39.994
1.3859
20.752
3.8565
10.345
69.082
2.0118
0.089924
20.701
24.232
6.9961
1.1735
0.83252
61.804
13.991
1.4977
2.3162
8.5323
1.0139
4.9419
0.22569
111.42
18.394
71.732
2.0665
74.405
0.03135
103.47
0.62736
19.95
0.63198
31.07
41.84
0.14434
2.7317
1.7562
2.914
2.8758
6.0705
21.186
26.153
5.4662
0.062155
0.62073
0.58397
0.78996
13.394
118.63
71.213
6.2455
1.4022
2.1639
11.724
0.13906
8.6944
0.12278
14.739
2.6289
0.0038474
0.64502
6.1111
9.6332
2.8633
5.1261
15.832
2.1862
0.12644
0.1908
1.4537
0.033444
0.014954
267.73
0.0062336
37.264
64.094
26.084
5.1507
29.461
27.37
46.013
13.604
3.3059
49.921
0.384
0.068368
5.9004
47.469
1.4074
108.31
0.075692
4.0763
81.253
0.0012793
4.296
0.43525
1.3057
6.6818
11.538
8.2646
0.19492
0.24964
132.53
0.13457
11.128
5.517
45.107
9.3954
0.00028222
151.11
16.681
1.1698
2.2726
1.8494
1.8817
5.4364
0.11212
10.245
28.34
5.9808
123.48
38.226
11.64
0.19341
1.2675
25.524
58.247
1.5472
97.345
0.2063
2.2027
3.6099
18.294
57.808
4.1153
26.004
0.59471
4.5391
0.10861
212.76
8.5093
0.33636
12.756
5.0845
19.15
0.674
0.05753
0.41221
41.022
15.242
4.7519
1.1654
10.677
20.13
0.69886
16.977
1.1272
2.5824
1.4088
2.8455
12.733
8.651
0.042216
4.8916
0.13028
4.9392
0.29783
12.794
9.7741
469.18
15.059
0.027967
0.49269
0.072641
8.1744
2.133
4.1539
0.17256
0.38596
9.1504
10.014
0.20095
0.023821
25.256
4.808
0.20789
0.10357
7.732
25.08
0.60981
0.96302
14.685
0.19747
1.3387
369.13
0.75728
8.5019
17.153
28.137
0.025104
0.7785
0.30002
0.12123
2.456
2.6691
336.27
4.1116
6.0588
72.558
0.3117
12.647
164.77
2.5332
3.1864
0.27696
20.066
4.1333
0.75982
5.0445
1.7197
6.303
0.0012475
5.7327
2.8305
0.03384
1.3201
13.745
0.094726
0.33895
16.269
14.905
1.1571
45.815
3.3731
0.18398
0.064623
8.8119
10.368
16.442
4.8006
2.7274
0.70599
1.0791
6.4238
7.0394
30.503
1.4112
38.485
49.755
0.11597
0.12512
5.941
54.66
71.331
0.10501
0.07149
5.1079
0.039475
1.9489
0.91141
2.1691
2.6142
0.33523
1.7436
0.1449
0.023562
5.3153
0.25389
33.636
3.7346
3.5074
8.9097
19.056
0.89431
0.90181
0.34469
1.4733
1.1538
0.019397
8.1479
21.577
40.66
75.1
96.211
0.58011
154.39
99.548
0.65875
0.69709
54.304
11.485
0.073526
59.832
5.0379
128.69
4.5989
0.050337
26.699
33.177
0.075943
21.106
0.19369
7.9461
4.9058
3.2758
0.037501
82.842
18.784
3.7253
437.75
6.5758
2.9598
4.8356
3.3575
35.176
3.7693
62.435
43.171
11.317
7.5082
0.68217
0.50996
127.86
0.51899
42.297
0.057725
9.9794
2.7481
3.1934
13.878
0.40459
2.8766
4.9272
0.80473
27.929
9.6701
0.015098
2.3058
0.080045
0.66237
1.2589
0.74538
4.0441
4.414
266.38
2.8347
6.9001
47.346
5.6549
8.2227
14.344
1.4007
5.281
0.33758
6.4912
5.2105
33.199
3.2347
0.63869
5.0696
7.7204
34.625
0.054237
32.759
0.65064
21.794
1.8142
88.514
0.0823
9.1935
24.378
0.41499
10.635
6.1993
122.73
3.2829
8.188
26.448
8.9398
0.65114
36.62
2.2406
2.6893
4.976
1.8381
1.5542
27.288
1.4729
77.479
13.678
7.6169
14.463
73.764
59.401
24.229
0.31303
3.5375
93.393
7.3509
18.268
40.691
2.1496
64.865
3.4758
0.21242
79.939
52.943
9.2409
52.589
0.42965
0.31126
0.70023
0.26846
0.74929
1.2171
168.59
8.7229
0.22785
1.8975
1.0662
0.041759
72.284
0.090679
21.32
126.79
31.619
11.692
0.46314
8.7065
3.8792
17.181
133.07
0.24555
6.8649
1.2077
27.182
1.9572
12.234
13.787
3.2446
1.1649
4.79
11.096
0.39958
0.36465
19.667
0.62093
20.134
0.28848
3.4924
0.3042
1.5366
1.1903
3.8147
0.16569
2.942
19.103
8.7032
0.26274
2.7748
0.037037
0.32637
0.052049
0.75247
122.45
0.059392
20.848
2.6869
28.002
3.0596
0.33006
4.1199
56.803
9.0713
0.17155
18.358
14.712
84.641
0.99949
56.66
5.0973
9.1599
12.6
13.783
4.3307
0.1171
77.001
0.93585
0.70037
1.8885
5.7612
26.198
0.89057
1.443
1.0591
0.79518
0.78607
7.4742
13.599
3.4668
0.18122
15.374
7.1296
0.0018388
25.16
1.3294
8.0519
1.2779
0.047935
0.12325
1.1099
17.942
1.8112
9.3557
17.177
10.123
1.126
30.086
0.38799
51.321
84.404
39.136
2.3854
1.3603
6.242
1.3033
6.5584
62.904
1.2589
0.011218
0.33352
4.2454
15.066
115.39
0.39371
6.1143
19.758
0.28216
0.35871
21.473
0.75238
11.638
11.487
0.63465
0.31871
4.2294
1.8866
0.0050265
0.53399
4.9757
0.36414
0.004298
9.7683
0.020348
1.4752
19.624
132.28
0.79597
0.73656
8.5646
0.64272
53.967
2.3088
15.941
5.6069
2.1191
91.385
60.295
0.11609
125.93
25.818
19.283
0.87581
59.046
14.983
822.71
255.78
16.731
40.012
70.003
62.404
4.541
4.4963
4.3918
18.14
4.9261
1.7256
14.341
83.037
114.74
51.205
8.2998
7.3857
14.226
0.9121
0.011658
78.714
2.1285
0.82672
2.4698
5.9409
0.15555
1.2937
12.07
16.174
3.6882
9.1061
25.679
0.27335
97.097
2.0735
0.71
20.699
0.32875
1.1488
28.996
0.25961
0.90699
3.6605
17.559
69.179
36.389
2.5518
1.139
8.0943
94.086
9.9807
0.11318
49.587
0.023009
34.291
7.2954
1.361
0.062934
2.5066
1.839
12.845
5.0368
178.57
6.0274
1.1421
32.173
2.5937
13.602
67.735
1.6928
0.23458
6.8537
94.106
7.9012
92.113
3.1725
10.113
2.0374
15.094
0.31432
123.93
10.168
4.1146
72.895
0.052853
27.12
33.044
3.2368
240.53
0.69128
4.1401
0.26337
31.561
2.9867
7.5623
1.8536
6.8271
132.24
1.5688
13.304
20.454
22.952
7.2486
25.18
15.472
0.046145
177.34
0.41511
0.054111
1.9226
0.067203
0.13983
1.1476
13.975
413.58
3.904
0.40596
0.020095
12.933
126.53
5.8145
5.7154
6.7061
37.898
2.4576
1.2398
157.91
10.969
2.9981
13.974
2.0294
0.0053926
0.0073458
3.4252
17.496
0.27954
126.38
7.5069
0.26529
6.7106
0.15576
37.204
96.883
1.7537
1.8832
0.028995
4.186
10.958
7.2022
3.7186
10.493
13.257
29.326
4.9404
2.7124
2.5491
0.22682
1.7567
9.8256
3.2845
7.7415
24.846
0.79388
2.9238
7.5894
0.80948
0.41978
0.69939
1.0083
27.976
0.27929
10.209
16.555
1.8432
78.451
10.049
52.393
5.3521
0.067649
156
11.652
2.9652
5.9043
15.728
10.289
17.142
42.979
21.75
4.794
10.248
4.3207
103.16
0.064668
19.991
1.3072
16.731
12.124
2.8383
0.3763
69.532
0.53233
4.6418
3.2965
30.262
10.193
0.4748
23.842
0.039123
0.41536
1.9435
1.22
54.075
3.2445
0.18957
0.91166
6.5951
93.067
0.036453
33.247
39.047
0.37519
6.5028
0.33436
19.81
24.03
34.084
14.433
0.20814
20.915
0.22053
0.53119
0.32162
36.908
82.906
1.8292
0.002207
9.0505
51.608
4.9468e-005
0.49929
0.0035472
10.83
4.698
21.365
1.7938
4.8185
3.7616
54.635
1.3701
10.809
2.7391
299.73
7.5031
1.5472
13.875
15.574
0.47807
12.634
2.2759
2.1835
5.3923
77.295
5.0153
0.058036
14.637
0.032846
4.5647
24.202
5.817
16.428
0.0086808
9.6282
3.421
27.833
14.239
2.2012
0.76295
1.0455
7.9836
1.2394
0.98355
5.9374
0.013547
22.469
3.7538
225.48
9.3276
28.504
151.99
2.5608
1.0244
3.2785
1.2364
9.2316
0.46316
1.7479
7.8418
19.495
1.1109
59.72
0.30984
14.104
9.198
64.361
101.78
538.84
30.297
28.553
29.61
1.624
0.046712
3.5801
2.6668
33.742
0.19522
34.738
3.2915
0.21194
19.949
6.6667
40.875
5.0584
18.502
0.023645
23.059
26.658
4.0516
0.15746
0.7608
0.11826
0.44273
0.88882
31.005
13.342
290.08
0.060547
0.016907
7.5745
15.117
96.222
0.493
22.199
6.974
10.605
2.0274
0.21027
49.098
6.4816
6.7059
12.013
0.81438
11.914
5.3112
5.1934
2.8357
14.168
2.2693
2.3637
1.5897
22.857
2.0637
1.3656
6.1474
8.7059
3.6656
112.9
32.719
26.518
23.382
20.851
9.8154
21.815
2.7251
13.381
0.71501
1.3184
4.6085
0.0020229
2.9203
24.271
6.3707
4.7014
0.75135
43.696
1.2443
2.044
104.14
0.22965
0.33598
104.38
99.022
6.9021
16.649
104.56
32.599
12.598
5.7526
0.013062
23.861
0.44967
1.31
55.565
1.8074
2.3955
0.16998
25.21
2.3433
1.8809
308.84
37.914
0.029889
0.85795
0.019551
5.3593
0.0035792
537.69
57.704
117.58
1.2073
2.618
0.18205
2.2669
57.828
9.787
5.308
183.81
0.0067745
7.2373
0.049598
47.509
41.891
2.1712
12.822
0.12098
4.4974
0.083753
29.163
11.128
0.13855
5.9532
2.0297
16.802
2.628
22.386
15.875
22.481
81.832
1.7763
93.443
70.863
7.7117e-005
6.5709
15.473
0.072305
2.389
6.8649
4.243
42.301
231.16
0.050039
0.13314
16.321
0.010289
0.062773
1.4227
0.24808
7.8125
4.0483
20.844
20.235
0.060033
3.4728
0.98075
23.798
28.672
10.387
69.457
92.537
25.421
9.4206
1.3223
28.092
5.1928
2.6291
5.7423
62.693
8.0147
0.1476
9.245
35.835
18.509
2.5199
2.5129
34.518
39.047
20.4
6.8614
14.011
1.5871
90.196
21.806
1.7511
4.2847
13.46
16.997
8.5007
0.40824
6.4218
9.2546
1.0821
0.9731
2.4855
114.1
6.0139
0.33808
26.41
68.67
18.173
0.49375
21.465
0.051942
1.0745
16.956
86.65
93.792
4.5218
1.1046
0.41638
26.861
79.35
3.2311
35.334
75.236
21.037
1.5281
0.9275
15.557
0.47933
2.0063
4.3893
2.5583
8.6517
7.6026
12.286
0.25586
6.5371
49.433
5.4035
22.327
0.10869
0.15122
3.0632e-005
1.1047
1.1619
7.5639
42.144
1.1902
0.31452
10.44
0.91316
0.066161
0.96162
0.65017
0.0018732
3.0332
52.352
10.405
106.39
0.5962
1.1106
5.465
0.9186
15.906
66.855
7.6948e-005
0.47965
80.893
4.5834
12.389
13.292
4.4684
11.517
18.585
0.78797
0.17126
0.093151
0.02775
26.58
0.010703
12.785
0.86067
14.837
90.282
1.0997
17.854
6.4941
44.593
44.057
66.707
4.8616
0.33669
185.66
1.6752
89.967
0.15725
1.2864
81.306
0.8721
0.69352
9.3021
0.31383
15.11
0.22938
11.912
17.98
175.92
8.2618
1.3502
1.3772
3.8541
1.1684
6.7407
21.281
0.65208
6.5778
10.148
0.084745
6.0077
2.6749
257.81
0.14872
37.711
28.12
12.686
70.685
348.93
10.966
25.299
104.95
11.841
10.398
14.815
0.27451
16.05
7.0484
5.3571
6.985
13.585
26.505
3.9246
7.9728
0.21276
35.768
0.51335
1.5567
15.453
11.489
1.6659
47.094
0.42929
0.0046455
44.897
0.00052531
8.2932
3.5155
3.8248
3.3472
7.3725
4.9104
7.7158
1.788
0.78807
12.764
0.0031433
3.4767
17.105
26.418
7.1948
1.5875
82.644
4.7871
0.69387
1.8228
0.082626
1.27
41.113
1.3455
16.672
19.956
64.859
169.35
25.058
1.8904
0.83016
1.7977
4.5976
1.2607
5.6728
0.027703
19.063
2.0773
2.5364
2.7048
7.4262
3.8661
28.08
5.5065
1.1497
37.102
139.32
0.10474
6.0689
4.3493
3.1315
5.341
58.753
3.0009
1.581
0.22067
31.822
2.9617
5.9809
0.12175
0.47366
8.4701
58.593
1.0913
172.68
0.16147
0.36853
1.8598
65.418
70.358
3.5954
2.2635
5.5618
2.864
12.164
10.87
1.519
2.0945
20.575
6.1772
23.82
134.69
1.9919
0.24626
0.026915
3.0632
4.5206
0.97938
26.087
9.6152
0.14444
0.47034
2.7658
1.6509
20.118
37.287
0.25799
8.8823
5.1383
28.48
96.28
162.2
27.688
20.193
12.595
0.0016461
9.3786
6.7992
28.009
0.19676
0.19564
0.081716
29.715
0.031716
0.16062
2.8788
0.0049058
77.277
10.304
4.6872
0.037163
16.138
53.406
0.099715
11.455
68.161
12.402
64.708
29.396
1.0888
4.9503
1.6504
0.067515
16.352
3.2392
20.573
15.347
4.0512
0.92099
10.629
2.5137
104.26
25.322
185.56
143.07
8.6267
1.2112
24.848
0.42958
4.6432
1.6221
0.38412
11.24
2.7539
2.3469
23.694
86.365
0.60273
4.6257
2.1535
0.0028266
2.3656
32.347
58.685
19.912
0.0093191
6.7038
2.1064
0.43855
4.3107
60.936
1.9561
3.2059
0.17295
1.4929
3.3055
5.5643
34.361
2.4547
6.5904
5.9457
0.021681
0.44189
3.9312
39.086
2.3111
0.5231
0.17341
0.71794
4.1015
18.269
0.39433
4.0244
29.249
29.221
0.45237
1.2031
59.868
4.8301
1.1611
0.0018492
9.4893
19.602
26.983
7.5072
3.385
0.41204
2.7022
6.4616
0.021665
0.37757
1.7341
0.01395
0.76366
1.4862
17.392
11.483
0.088659
135.13
16.136
0.027195
6.5025
5.7019
2.164
13.47
1.6185
50.532
5.8485
22.407
0.10352
0.94703
1.6289
9.7929
0.014104
5.8107
12.281
2.0322
0.879
1.9628
41.185
0.03307
0.3339
0.027374
0.24692
13.915
0.86863
1.1464
0.40561
0.59209
0.61967
0.51742
9.3859
6.2554
0.7386
2.6424
2.4159
134.32
41.621
4.756
0.028881
0.50045
0.00015176
114.19
1.9325
0.42616
16.983
0.57621
0.10419
70.165
4.3577
27.168
4.6378
21.196
31.381
1.7473
3.3115
9.2607
0.1266
2.5131
21.77
13.461
407.4
6.6356
1.9623
1.8071
1.3161
7.8601
0.33977
0.008513
1.2514
1.5297
2.8852
1.7786
68.221
69.76
0.99555
47.57
8.0131
12.415
0.035627
21.81
19.5
1.7894
10.855
7.5903
18.63
6.0777
4.733
2.7159
0.3695
44.461
11.796
14.093
1.6134
0.038885
12.787
386.01
11.145
173.06
24.598
3.1609
6.7607
8.552
1.2352
0.0091875
1.7805
198.06
0.69796
92.215
35.369
113.47
0.04017
2.1492
32.952
5.3839
7.9349
0.27369
12.527
0.58863
0.62768
1.5837
153.96
14.076
0.062375
22.369
14.251
1.6552
22.288
20.195
39.047
0.32017
9.2044
44.469
0.92997
0.40865
8.0173
0.082968
0.28675
0.9908
0.89907
145.8
1.9748
0.2825
168.07
24.916
13.105
30.509
0.036198
0.33856
1.1517
29.306
18.889
4.7304
1.911
69.178
86.543
5.8142
10.806
0.4294
8.932
8.1198
4.7204
53.656
2.817
0.15079
28.295
40.283
0.20877
113.45
23.653
0.038873
18.936
16.411
4.1925
1.235
0.24209
22.622
63.697
2.3462
0.01061
7.5973
20.353
15.832
3.0475
1.3505
41.536
32.677
1.2913
28.612
26.343
32.596
0.0021852
0.446
0.22627
4.9019
8.2573
1.7966
1.2806
0.14175
15.963
0.07076
16.124
2.4586
1.1914
32.018
4.1934
0.37824
40.653
4.4005
1.7619
6.2512
2.2219
0.074675
0.24458
0.073924
0.90039
36.28
32.718
13.527
6.1425
0.038327
28.637
44.753
0.037531
3.059
4.5584
0.5947
40.54
3.5637
0.02823
16.014
5.3117
82.569
12.515
11.465
23.856
5.2013
2.1258
8.4525
0.26489
78.718
83.067
13.866
52.973
1.4695
6.8381
1.8042
4.1747
0.049698
23.555
2.0509
1.5319
1.1284
4.4355
10.701
0.19782
0.27306
0.0082048
27.214
0.29807
1.3456
36.152
0.19742
6.4854
3.7521
66.023
1.116
2.4684
7.796
1.1294
4.2027
0.11988
1.038
0.19646
12.901
0.89779
1.8312
16.159
3.1388
3.3826
29.829
1.0749
27.868
0.47513
4.5117
30.701
1.1601
0.0050164
2.283
81.53
1.358
0.017499
0.062022
2.3565
7.9159
33.561
4.6775
6.6881
0.78143
13.596
9.2032
38.745
0.18309
0.21141
2.0308
5.3197
55.371
2.5659e-005
1.3651
0.55257
0.48773
17.77
10.173
18.147
4.9507
2.1945
55.282
4.7589
8.8091
0.0011718
15.79
39.15
7.2591
19.782
11.684
106.14
0.055706
139.49
0.065454
18.613
65.655
49.434
0.65692
11.524
44.341
0.73015
4.7773
3.691
2.457
0.035897
0.00010692
3.9952
2.4159
0.38187
1.8477
0.12952
128.93
11.396
6.5064
67.266
1.0969
0.19401
69.369
8.2061
0.79445
2.068
9.627
1.7244
0.46705
69.704
84.306
0.073739
1.2278
15.843
7.4638
10.234
1.503
7.2908
40.104
13.666
18.16
0.0048444
0.27734
16.861
43.482
2.2304
0.064114
0.032942
92.062
202.9
8.0452
6.1645
33.099
0.40122
0.056549
1.8799
0.26466
119.58
11.24
14.728
26.889
8.3554
0.54579
4.5756
0.1633
0.059696
0.60209
0.12687
2.9804
7.9832
1.1683
0.63039
7.7108
6.5053
32.379
3.5805
22.909
0.18382
0.85994
0.90725
4.2155
68.231
0.015179
19.017
17.782
3.8052
36.687
3.9064
60.855
0.85689
0.91367
2.9466
4.9547
0.12952
0.19859
12.556
22.956
0.64561
5.5939
14.43
11.667
7.555
2.3616
18.396
1.3697
0.31536
0.094776
0.48143
207.82
0.40206
3.6613
0.050794
9.3507
0.013867
7.5091
14.626
13.038
0.39968
25.469
12.955
0.0090425
0.038983
2.4979
27.721
33.185
18.381
41.646
1.6797
31.597
0.55128
14.515
11.455
0.23245
189.39
14.544
0.06876
23.768
1.0006
42.645
0.97931
2.3387
2.4615
58.546
0.053924
93.682
0.93267
59.387
0.040193
171.84
15.2
3.917
22.035
2.1867
1.9467
4.0714
2.0117
0.36807
5.9895e-006
13.564
31.657
2.0691
82.795
23.555
9.8256
29.897
1.9754
13.694
0.065422
1.5551
49.647
99.132
0.01429
6.8191
65.591
12.955
3.1042
8.3845
275.04
14.309
0.82612
2.7265
6.2349
347.04
0.99721
0.0056098
10.872
16.103
0.016098
2.1555
0.24898
1.7879
16.648
14.79
45.195
0.55984
0.10243
0.25175
11.69
11.108
19.938
0.61134
2.6709
0.32789
82.776
0.14746
11.44
22.925
1.2612
5.3015
0.81203
1.7699
0.9881
47.173
2.9684
1.1775
46.976
7.7964
15.128
20.568
10.609
0.025235
401.66
0.031396
4.8983
1.2079
0.13795
154.82
2.9595
25.05
2.5315
2.9092
17.144
0.16567
75.373
0.3616
0.024285
0.0032546
90.048
8.8511
30.773
13.999
14.687
70.153
1.7311
60.98
0.93794
3.747
29.857
0.048904
66.066
2.0432
3.5558
245.22
0.20596
2.9625
10.394
37.016
2.1941
0.79243
0.22741
8.9595
59.401
0.69874
1.953
68.948
17.9
10.673
159.66
1.5055
0.7213
9.5996
1.3673
24.196
3.5942
130.3
21.764
0.42303
68.961
4.8415
141.14
3.8417
13.956
26.446
73.024
18.564
10.82
14.366
3.5659
28.286
0.029518
7.939
3.1996
74.712
3.6984
0.033719
52.732
23.775
0.75793
9.7162
18.432
78.546
68.363
86.535
0.0085197
17.417
3.672
35.762
1.3764
0.43622
22.528
3.7536
0.12898
0.41548
14.803
1.6384
49.181
61.766
3.8208
6.6902
3.5686
1.2807
0.36361
32.2
10.518
1.4559
9.4334
21.777
12.614
6.196
11.759
14.052
36.348
16.798
1.2756
1.1141
3.0664
11.987
37.7
52.674
4.5965
4.9551
0.47296
84.237
5.3449
3.5659
9.8716
4.8567
0.24969
4.6702
0.65214
23.014
117.98
143.39
0.052439
4.2637
27.48
8.665
19.928
15.435
52.557
3.8209
24.485
14.93
49.942
3.5179
7.1392
36.101
0.27951
8.1661
4.7346
0.038562
3.4677
18.169
21.324
1.7218
39.216
2.2401
0.00012231
10.381
0.035412
6.3328
1.5797
0.52618
4.6575
0.088525
0.4023
39.331
16.813
4.7816
7.6794
49.756
0.12554
0.94866
21.272
0.071021
15.603
20.91
27.362
1.296
18.743
0.66209
0.87105
8.605
0.53218
47.463
4.6914
1.9907
11.803
25.009
32.137
41.275
7.6204
1.6645
9.5581
223.98
0.26388
5.8343
18.157
0.31958
17.212
0.3714
0.1249
0.65279
0.94974
0.34869
2.6522
8.1648
26.005
10.822
2.5018
12.132
0.085755
0.147
12.674
0.011391
33.58
106.89
139.5
34.035
1.0216
0.28713
1.2202
9.9712
17.884
0.61722
1.6199
2.6667
10.361
1.7998
68.447
6.3041
2.8936
103.23
45.928
0.27469
0.84101
34.191
6.5819
0.30393
67.549
1.938
1.0218
0.036151
18.317
11.96
0.54106
1.2656
63.603
0.26193
34.381
17.796
1.6891
3.3037
4.6817
0.171
0.092025
11.748
1.0193
25.694
8.6792
2.3465
0.50959
3.4994
0.47656
1.4832
8.6136
7.7682
11.462
2.974
5.9685
70.223
19.488
0.17805
0.18416
0.50943
0.24495
8.0804
9.8643
46.862
15.633
31.699
0.28317
0.0013919
7.1723
51.976
1.5098
0.58676
10.72
2.1047
54.7
0.2765
0.030222
0.43863
6.2505
3.6347
1.4158
22.323
6.2854
1.8736
13.571
26.522
62.177
1.0566
9.7579
7.1065
0.003671
4.5031
24.808
2.2986
104.65
3.4764
0.58681
0.047039
0.079997
0.082181
143.88
7.2935
3.2358
0.072887
7.3486
39.714
1.465
0.036013
11.832
30.025
2.5121
5.5305
0.075875
2.4797
47.566
9.1889
0.56809
10.344
0.070028
0.36278
75.48
0.1115
0.30581
2.3915
0.034811
8.793
0.0045855
3.3473
12.377
0.57422
9.8912
0.63209
0.1904
64.788
53.023
0.15391
53.77
0.98582
1.3978
0.69728
28.992
41.31
0.20294
5.4809
0.99328
2.3284
2.6886
0.099698
72.486
44.296
15.196
0.85935
18.279
0.72455
10.854
0.99165
1.2998
3.3754
15.901
0.018506
12.755
10.259
2.6622
12.52
13.863
36.598
11.518
6.9045
20.461
0.1273
4.1807
1.2363
11.721
18.411
12.128
115.43
9.8551
3.5297
33.411
69.788
4.1155
0.12452
0.69363
2.4339
16.756
0.0033196
0.18197
4.6508
0.015969
0.98927
21.221
0.021611
14.795
0.015748
0.31765
44.535
0.7726
6.389
16.392
0.3826
51.718
11.933
16.763
4.4627
24.048
0.42042
5.3214
3.3428
0.010062
0.84796
0.14193
95.838
9.2641
0.85379
2.8555
5.9671
64.856
0.00054174
0.45394
0.086395
37.552
0.63044
7.5952
2.5841
2.3966
31.099
5.0102
4.0185
2.3387
0.016653
8.7089
0.50498
2.6338
1.969
1.8773
3.2112
8.0793
0.017242
20.555
0.02763
29.967
12.067
0.089853
0.43424
1.0755
0.48193
73.996
1.062
0.12035
0.026091
0.071485
12.308
0.033194
16.497
1.6429
2.5326
4.8619
22.545
1.2258
0.07253
0.87211
4.1909
1.6863
5.685
23.233
17.316
1.1202
11.125
0.71692
129.87
10.857
20.209
7.2784
1.2071
0.63642
7.365
1.0415
16.751
13.38
78.402
4.8525
1.596
0.050817
0.20935
0.0031149
29.267
83.559
2.9867
0.035621
23.794
15.152
66.853
2.3702
10.337
25.11
61.119
13.717
49.631
9.9243
0.49633
0.33908
0.48696
68.584
13.826
18.584
0.065897
44.712
16.051
0.040569
2.9207e-005
1.5892
59.431
76.241
0.25488
5.0776
1.1108
0.61488
1.749
28.809
9.1754
1.4226
33.563
19.342
2.3689
35.623
1.5688
2.5876
53.635
78.772
0.0072983
22.168
3.5516
0.42343
47.614
25.111
0.021241
0.72069
0.13129
0.10963
0.14706
30.611
6.2459
29.779
3.0158
1.2353
54.312
1.2325
39.658
44.141
0.11792
5.6739
15.729
0.00090159
18.335
0.024083
0.0824
83.35
0.87073
0.13338
4.4204
16.135
1.1717
0.33751
10.809
7.8611
15.702
10.432
38.239
3.4265
7.6351
0.20155
0.12985
2.3853
19.058
1.6642
0.29394
25.114
60.94
31.4
105.94
1.1895
122.17
1.8237
51.765
8.9686
10.406
32.215
1.2431
4.3339
1.5959
2.6812
2.5607
0.13853
3.9228
35.043
23.589
54.739
0.62219
9.489
12.411
9.9327
2.0131
0.32384
186.88
24.675
2.1298
1.4864
5.2616
30.547
0.34086
0.0021867
2.1598
0.23676
17.145
4.5149
17.099
2.1839
0.023632
0.03531
3.4041
0.13824
72.02
157.51
130.9
91.292
13.724
3.0528
3.4611
63.44
6.8926
3.6336
1.7662
1.8423
25.7
5.9652
20.99
29.711
32.117
33.181
0.68472
2.342
74.294
23.329
0.98356
9.0751
0.0041887
40.316
16.096
3.1736
0.021912
0.61166
2.4423e-005
0.80974
1.8444
4.0591
0.40329
1.8583
0.53547
39.313
0.39974
4.1363
0.029917
33.215
45.213
5.2363
36.198
2.7787
7.6931
7.9999
15.763
150.02
11.002
1.2416
20.218
0.14462
34.557
0.050646
33.84
2.55
6.2937
22.42
43.593
34.252
10.7
0.0048029
0.028703
1.798
10.088
2.2877
0.028409
1.5041
2.1678
20.358
32.498
19.21
4.2498
6.4425
22.392
27.26
0.023754
12.129
9.1419
0.15662
0.18058
0.59786
0.37999
10.27
6.2913
18.703
5.5493
37.509
0.69682
107.75
22.939
0.13394
5.6959
64.982
3.4605
69.699
6.8019
13.163
2.4174
6.5539
3.1397
3.4553
0.46271
0.48907
1.5795
13.542
29.862
1.5025
5.5105
0.03074
8.0519e-005
6.7649e-006
1.2168
29.675
12.571
80.56
33.918
69.372
0.73227
0.052052
1.5911
21.111
30.616
0.52622
9.3415
0.23398
101.8
0.013022
98.59
0.72067
1.6901
0.16091
8.2661
1.4309
1.0967
296.78
1.7647
0.042226
0.93297
31.947
1.7135
13.84
4.098
0.00096734
8.4617
1.1645
6.2907
1.5065
4.6299
169.43
1.084
44.076
0.30009
2.5837
1.2286
13.78
0.87682
0.67514
16.889
0.0058777
28.998
1.213
9.7317
12.523
0.068026
3.6504e-006
2.8049
20.589
0.010349
4.3122
12.699
10.676
75.908
10.273
0.17157
5.5332e-005
33.184
24.063
1.3955
0.83645
3.2459
1.9035
63.186
210.47
1.1197
18.513
0.6547
0.8071
96.038
8.933
4.4914
1.1603
0.22228
1.289
0.72034
37.938
0.40142
0.088204
0.25665
3.8015
2.9651
44.209
0.097668
0.34776
0.96833
3.0323
136.3
0.019144
0.0087727
0.20732
0.19355
116.07
70.83
14.995
1.7139
14.371
0.13753
20.485
18.85
21.915
9.3949
2.5127
0.10512
0.40145
0.0058379
6.2098
0.57311
6.1082
2.5768
3.9373
83.714
0.89475
16.042
1.2439
0.6133
31.8
0.00043883
0.5084
3.5382
17.885
46.961
2.5242
40.389
49.271
1.32
1.0819
2.0325
0.5018
0.03017
17.198
4.0591
1.6841
82.875
0.21028
3.5648
18.556
1.0398
11.291
0.3918
0.0031534
25.42
31.195
5.3721
99.528
1.2963
18.732
4.286
3.698
1.3136
18.143
3.18
1.6768
0.0093757
0.0097246
45.574
12.193
28.485
6.4242
0.91053
0.037696
3.594
2.4466
39.813
16.557
62.59
0.6908
44.449
16.823
38.162
1.0401
1.668
5.6866
0.069058
0.0033071
9.4622
0.90406
0.01777
2.5233
95.482
9.9256
0.073788
42.996
6.6566
5.4537
8.3733
0.048407
14.502
0.21451
69.582
1.8856
36.809
124.46
2.9891
12.658
11.172
1.4431
9.6314
65.97
9.0791
355.51
67.846
1.464
2.5513
10.389
95.287
3.4694
10.221
0.39691
0.47798
1.3254
0.71182
2.9339e-005
10.536
0.0076968
0.045131
133.67
2.2806
6.2648
1.0687
5.1183
0.39272
0.077884
0.44392
1.0723
11.743
0.2719
1.5055
7.2573
0.42081
6.9309
2.7438
11.902
1.0303
0.67051
0.98753
3.4296
0.1765
6.0776
0.78645
16.698
0.035684
0.49524
4.2552
13.482
2.6231
13.591
2.2111
2.8511
0.04856
0.068022
294.38
0.32408
12.221
0.34333
11.945
73.47
0.91018
0.51764
75.684
1.1128
12.312
10.632
0.0032554
0.073004
13.049
206.56
57.423
13.037
50.444
1.0457
67.483
0.11404
165.44
0.35948
21.603
2.4245
0.0050095
1.2107
39.693
0.094965
6.2366
201.72
14.259
13.92
1.389
53.547
26.377
78.462
0.24032
2.3773
0.22024
6.6226
0.83343
1.6115
14.044
3.1603
18.231
39.565
45.4
3.5153
3.8178
15.866
1.5854
66.504
6.1835
2.4686
1.5847e-005
19.498
0.52913
0.46655
1.2063
11.903
8.752
1.5968
10.92
1.5163
34.254
11.948
1.3267
3.1459
10.49
26.505
0.038574
11.897
0.32224
40.959
0.053604
65.545
0.0085134
0.44503
0.59685
28.071
22.358
24.066
96.26
1.5651
4.4031
23.352
18.234
18.197
36.926
9.5487e-007
0.32056
0.5645
0.01937
1.549
51.546
19.733
0.59631
3.3839
51.34
3.214
7.3877
1.2387
0.28754
59.37
4.7586
5.1558
0.5303
4.3132
1.9919
3.2475
7.4601
0.040047
3.3365
0.53185
43.198
0.0034678
4.8919
7.2745
1.9178
34.86
0.070774
32.481
1.0953
2.8396
0.72066
7.6567
162.6
2.4213
0.81356
79.492
35.776
0.22525
8.6149
13.117
12.442
0.08503
0.55482
0.089579
0.045964
2.4592
0.45833
1.0556
3.2804
60.826
275.89
57.421
183.64
1.3327
43.316
35.207
39.863
5.7677
8.598
0.22346
7.0336
47.722
2.372
0.47321
44.833
115.14
1.9391
17.293
63.543
7.1079
34.507
4.9622
2.4668
0.58708
0.37751
226.11
2.6298
10.904
0.056449
7.1094
2.8173
28.798
0.44631
13.324
0.705
0.0046869
32.36
0.96118
21.469
2.4352
0.0020941
2.4534
1.1574
0.47512
17.748
10.607
105.08
0.593
25.489
2.2486
1.7175
0.30201
2.4425
77.653
0.055171
2.5613
16.902
52.458
0.16845
7.9663
2.5478
0.067652
8.718
4.3196
26.561
29.496
0.020514
0.90536
3.2064
0.52142
1.3613
36.438
0.10037
13.267
0.0051899
0.27864
0.019147
0.56559
0.026001
0.14167
0.056429
5.6513
6.7397
2.7648
0.14482
8.0141
49.403
25.375
2.4732
36.75
19.927
0.04635
0.20635
3.3983
0.094935
27.707
0.015215
0.028154
6.6927
22.527
0.42578
2.421
92.066
4.8333
3.5227
3.0352
12.65
0.66893
0.18197
0.42021
35.236
32.311
2.2288
4.7766
2.9685
0.96561
122.02
0.28739
38.603
12.288
0.42735
0.45359
0.24635
22.938
2.2175
11.039
0.55791
0.76787
1.3779
0.69482
4.8945
0.98465
1.5961
23.218
16.842
0.11821
0.30517
5.5257
2.9529
113.88
0.53357
30.615
35.16
0.066804
0.11168
0.29625
1.1341
2.7496
4.9269
0.26235
0.87181
17.756
0.71695
0.11618
2.2486
0.43738
0.34023
15.97
3.5676
0.97414
11.698
0.11314
0.42649
167.1
127.15
0.7278
3.0992
10.47
4.0284
70.056
17.05
0.55437
0.0050674
0.051446
1.8259
14.051
5.5828
195.34
52.845
0.67031
36.573
2.7233
0.10509
36.331
38.568
1.4144
0.045537
1.1574
0.49115
80.633
39.066
12.782
1.6007
5.2882
11.269
55.283
55.034
1.1554
21.795
4.9107
0.30815
1.2673
16.085
1.7676
3.0175
10.164
8.4019
0.00068341
0.063677
0.40642
0.025132
2.1346
4.1672
0.47033
27.62
10.677
5.9156
26.677
8.6577
13.569
1.135
42.898
3.5737
0.0023921
51.311
1.3496
0.18141
0.37043
0.22224
1.1985
1.6743
0.083349
70.641
60.722
104.21
0.0001342
0.038873
12.642
3.6039
10.504
28.627
7.3378
156.51
5.7866
64.353
0.86958
22.772
1.5772
7.3139
25.337
3.9142
259.18
103.74
2.0628
16.324
16.384
34.329
67.853
0.41236
3.0488
12.699
3.2744
5.4139
5.5016
1.9447
0.57545
20.229
10.605
30.952
1.4064
0.24033
3.6727
0.44704
30.862
55.387
0.1007
68.909
2.615
0.06069
10.471
1.4667
0.1831
14.745
5.8896
48.656
6.6084
25.892
26.293
86.083
4.5387
10.475
6.0811
0.01232
2.0072
0.082808
2.7618
1.5869
20.481
7.2721
106.4
0.099058
39.305
9.491
1.6775
12.688
4.6047
0.6924
0.21357
1.1037
1.6621
21.594
67.945
6.8133
0.80828
41.993
18.392
0.064861
5.3072
1.6516
0.85475
18.039
2.5961
0.271
34.897
1.6794
0.22757
35.82
8.3422
48.377
11.503
15.975
2.3156
116.88
0.48646
73.636
114.41
25.849
158.13
9.2439
30.604
48.904
1.8216
0.12311
20.376
14.993
24.925
0.8311
2.0523
1.3994
6.6898
300.45
0.0001907
32.697
19.559
0.040936
0.0074777
55.088
36.439
11.582
11.336
2.9525
0.95786
138.81
0.55383
0.15747
1.2334
0.11647
90.384
2.2454
98.149
31.912
14.359
3.5822
13.192
2.5117
0.091814
8.5725
2.9975
1.0908
0.000697
0.10639
0.31009
89.02
0.78765
0.3908
10.288
0.075751
34.27
0.1663
7.716
28.306
4.3512
0.008434
5.7772
0.032469
22.929
5.5217
8.7596
5.526
0.070807
14.14
38.299
27.523
0.17033
311.76
4.0212
10.165
0.001213
0.16427
3.215
1.5395
0.00023547
0.15484
9.2475
30.367
77.771
27.612
29.396
165.12
2.2001
3.79
16.508
13.196
0.57866
1.3837
93.446
184.68
15.198
0.81558
1.0188
0.93957
2.378
1.4938
11.159
28.52
48.991
4.9662
39.905
59.523
0.37248
5.9199
15.887
0.11236
0.64033
3.0957
11.082
121.48
1.3345
10.301
5.9853
0.46161
110.54
0.88301
10.827
41.429
3.6946
0.055785
18.341
1.1429
0.64237
0.31815
3.486
7.6547
1.9638
0.53728
234.36
0.16185
1.6191
791.18
6.5055
0.24603
16.113
0.83266
12.309
4.1151
136.81
17.749
1.2034e-005
116.55
5.6501
0.023354
11.556
65.587
3.4433
1.1617
10.051
0.96126
1.586
6.341
8.3252
4.007
0.35581
41.114
33.661
9.4013
21.605
30.604
15.043
1.2933
32.486
43.656
1.7053
72.179
31.193
0.14828
0.10792
0.13919
35.853
17.966
0.44364
4.5185
150.02
69.713
9.4593
4.8716
0.71657
66.514
0.13006
65.302
0.0024537
115.61
8.2441
2.9425
4.0141
33.657
19.741
15.096
0.19155
23.161
4.6235
208.87
8.4174
2.5042
1.1324
1.9778e-005
3.8186
10.832
33.019
0.26763
2.7719
5.8225
4.4292
42.917
6.1175
7.228
0.53933
4.4971
53.17
0.62175
3.7903
13.618
33.412
0.0056325
11.206
0.82113
2.1276
10.898
26.735
0.09819
1.9328
10.242
3.4792
4.5684
0.64306
6.747
3.8788
3.7283
3.4041
0.51306
1.0619
145.83
0.6163
0.12925
3.9855
6.3615
7.135
2.1879
1.8201
6.728
8.168
0.0021732
216.9
65.182
14.68
8.9486
4.8067
1.4012
3.014
1.093
0.026228
40.967
1.6709
5.6681
2.2725
4.0944
1.2013
1.5879
18.527
11.78
4.9095
7.6471
0.075752
3.412
1.2449
39.81
215.28
59.041
19.195
3.5803
13.78
0.26658
3.9134
53.942
2.9134
1.6734
2.4308
0.47742
4.0642
1.9235
0.77047
7.8815
0.015884
2.7681
0.94893
5.7652
53.682
2.4448
2.8711
73.301
3.1142
30.029
0.71906
38.599
45.478
80.674
1.4682
1.2872
1.9844
12.263
1.8088
0.13676
34.276
0.030642
0.3294
18.976
80.509
0.98249
0.057904
49.294
45.49
0.31136
112.22
2.1008
0.89527
3.3892
22.458
3.388
0.29901
0.013922
15.118
9.9099
4.3354
1.2841
32.784
58.094
1.8185
231.74
14.697
9.0217
0.16047
16.126
0.045613
0.45474
10.791
0.13392
34.471
8.1803
228.64
6.0773
0.042484
0.36248
156.12
9.5672
0.35264
245.09
0.04388
