0.9492
-1.7636
1.9974
-1.6704
0.75537
0.52452
-1.5447
1.9806
-1.8406
1.1044
0.13314
-1.3031
1.9174
-1.9345
1.3526
-0.1943
-1.0692
1.8331
-1.979
1.5202
-0.44529
-0.86815
1.7487
-1.9951
1.6266
-0.61958
-0.71772
1.6808
-1.9975
1.6869
-0.72188
-0.6285
1.6411
-1.9963
1.7106
-0.75697
-0.60545
1.6358
-1.9961
1.702
-0.72691
-0.64957
1.6656
-1.9966
1.6597
-0.63015
-0.75852
1.7258
-1.9925
1.5767
-0.46225
-0.92567
1.8062
-1.9734
1.4406
-0.21832
-1.1385
1.8917
-1.9237
1.234
0.10218
-1.377
1.9626
-1.8221
0.93614
0.48824
-1.6142
1.9949
-1.6404
0.52994
0.91101
-1.8184
1.9595
-1.3442
0.016145
1.3242
-1.956
1.8202
-0.89875
-0.56763
1.6741
-1.9911
1.531
-0.2913
-1.1424
1.9117
-1.8805
1.041
0.42873
-1.6158
1.9932
-1.5664
0.32839
1.1338
-1.9148
1.8676
-0.98265
-0.52289
1.6763
-1.9865
1.4624
-0.12295
-1.3046
1.9623
-1.7694
0.70742
0.83655
-1.8237
1.9347
-1.1739
-0.32559
1.5942
-1.9911
1.5129
-0.17057
-1.2977
1.9655
-1.7411
0.6078
0.96123
-1.8792
1.882
-0.96517
-0.61429
1.7509
-1.958
1.2411
0.28456
-1.5981
1.988
-1.446
0.0091929
1.4363
-1.9874
1.5935
-0.25597
-1.28
1.9689
-1.696
0.45073
1.1426
-1.9429
1.764
-0.59435
-1.0328
1.9176
-1.8067
0.69051
0.95691
-1.8987
1.8296
-0.74145
-0.91983
1.8905
-1.8356
0.74799
0.92329
-1.8943
1.8264
-0.7126
-0.96564
1.909
-1.8008
0.63377
1.0451
-1.9318
1.7551
-0.50885
-1.1577
1.9576
-1.6831
0.33473
1.2967
-1.9793
1.5758
-0.10853
-1.4532
1.9875
-1.4222
-0.16692
1.6135
-1.9704
1.2107
0.48204
-1.7628
1.9142
-0.92823
-0.82164
1.8858
-1.8018
0.56563
1.1623
-1.9658
1.6123
-0.12486
-1.4759
1.984
-1.3224
-0.37088
1.7336
-1.9188
0.91195
0.87601
-1.9108
1.7432
-0.37722
-1.3334
1.9847
-1.4254
-0.24675
1.6925
-1.9303
0.936
0.87849
-1.9178
1.7141
-0.27876
-1.4191
1.9835
-1.2953
-0.46928
1.7963
-1.8599
0.65009
1.1644
-1.9737
1.5036
0.16706
-1.6784
1.9248
-0.87221
-0.98351
1.9487
-1.6059
0.0010659
1.6062
-1.9469
0.9631
0.91024
-1.9373
1.6288
-0.027133
-1.6028
1.9442
-0.93417
-0.9557
1.9489
-1.5803
-0.086746
1.6678
-1.9152
0.78351
1.1114
-1.9729
1.4467
0.338
-1.7816
1.838
-0.49301
-1.3517
1.9801
-1.1929
-0.7122
1.9047
-1.6684
0.043419
1.6281
-1.9205
0.76659
1.1626
-1.9789
1.3387
0.54668
-1.8666
1.721
-0.13414
-1.5961
1.9264
-0.77022
-1.1804
1.9799
-1.2822
-0.64954
1.9011
-1.6451
-0.060176
1.7016
-1.8677
0.51363
1.3914
-1.9691
1.01
0.98699
-1.9669
1.3987
0.51779
-1.8742
1.6771
0.025735
-1.7012
1.8567
-0.4447
-1.4575
1.9528
-0.85966
-1.1555
1.979
-1.2022
-0.81194
1.9467
-1.4699
-0.44781
1.8655
-1.6691
-0.085106
1.7437
-1.8095
0.25684
1.5894
-1.9014
0.56464
1.411
-1.9543
0.83166
1.217
-1.9762
1.0563
1.0161
-1.9741
1.2407
0.81701
-1.9544
1.3891
0.62685
-1.9225
1.5066
0.45123
-1.8832
1.5982
0.29486
-1.8409
1.6681
0.16096
-1.7995
1.7201
0.051214
-1.7622
1.7576
-0.033808
-1.7316
1.783
-0.09375
-1.7098
1.7983
-0.12907
-1.6978
1.8048
-0.14016
-1.6963
1.8029
-0.12703
-1.7053
1.7925
-0.089637
-1.7245
1.7728
-0.027635
-1.7526
1.7423
0.059127
-1.7879
1.699
0.16984
-1.8278
1.6405
0.30353
-1.8693
1.5633
0.45889
-1.909
1.4633
0.63288
-1.9428
1.3362
0.82073
-1.9661
1.1775
1.0167
-1.9739
0.9823
1.2142
-1.9604
0.74715
1.4052
-1.9192
0.47031
1.5815
-1.8425
0.15456
1.7346
-1.7217
-0.1907
1.8558
-1.5475
-0.55053
1.9377
-1.31
-0.90582
1.9721
-1.0015
-1.2349
1.9501
-0.6204
-1.519
1.8609
-0.17672
-1.7429
1.6912
0.30397
-1.8956
1.4259
0.78286
-1.9675
1.0529
1.2156
-1.9476
0.57134
1.5682
-1.8211
0.0061076
1.8181
-1.5678
-0.58564
1.9515
-1.1681
-1.1281
1.9562
-0.61689
-1.5596
1.8141
0.047288
-1.8443
1.4998
0.72911
-1.9664
0.9904
1.3154
-1.9121
0.30404
1.7279
-1.6598
-0.46035
1.9405
-1.1836
-1.1513
1.9454
-0.48762
-1.6529
1.7252
0.33288
-1.9223
1.2504
1.0951
-1.9512
0.51914
1.6462
-1.722
-0.35929
1.9299
-1.201
-1.1624
1.9369
-0.39487
-1.7127
1.6462
0.54231
-1.956
1.0222
1.3404
-1.8843
0.10614
1.8266
-1.4677
-0.86346
1.9662
-0.68027
-1.5859
1.7471
0.34735
-1.9351
1.1285
1.2699
-1.8991
0.14168
1.8253
-1.4473
-0.92066
1.9602
-0.5528
-1.6686
1.6585
0.57924
-1.9623
0.86625
1.5009
-1.7816
-0.31201
1.9373
-1.0608
-1.3677
1.8458
0.12755
-1.908
1.1818
1.2703
-1.8799
-0.0099954
1.8851
-1.2487
-1.2134
1.8948
-0.042899
-1.8753
1.2664
1.2049
-1.8939
0.026809
1.8821
-1.2364
-1.2442
1.8781
0.053316
-1.9024
1.1582
1.3263
-1.8429
-0.19709
1.9301
-1.0255
-1.4429
1.7795
0.40207
-1.9551
0.82741
1.5824
-1.6738
-0.6621
1.9632
-0.55391
-1.7264
1.5085
0.95787
-1.9358
0.20226
1.8532
-1.2623
-1.2646
1.8507
0.22019
-1.9397
0.91328
1.5508
-1.6801
-0.68565
1.9601
-0.44772
-1.7835
1.3897
1.1468
-1.8832
-0.12106
1.9296
-0.94491
-1.5463
1.6687
0.73537
-1.9545
0.33302
1.8314
-1.2678
-1.3
1.8154
0.39286
-1.9585
0.64704
1.7205
-1.4592
-1.0956
1.8861
0.15111
-1.939
0.83708
1.6336
-1.5593
-0.96597
1.9146
0.024833
-1.9233
0.91595
1.5963
-1.589
-0.93197
1.9182
0.018694
-1.9246
0.89187
1.6185
-1.556
-0.99796
1.8998
0.13314
-1.9418
0.76058
1.6952
-1.4504
-1.1569
1.8465
0.36757
-1.9586
0.50922
1.804
-1.25
-1.3811
1.7317
0.70356
-1.9443
0.12791
1.9079
-0.91975
-1.6284
1.5113
1.105
-1.8534
-0.37777
1.9585
-0.42366
-1.8421
1.1261
1.505
-1.6224
-0.95141
1.8932
0.23363
-1.9544
0.52196
1.8177
-1.1699
-1.4838
1.6285
0.95877
-1.8857
-0.28815
1.9567
-0.42389
-1.8535
1.0542
1.5786
-1.5257
-1.1351
1.8202
0.5493
-1.9486
0.10936
1.9242
-0.74139
-1.7532
1.2639
1.4364
-1.6392
-0.98112
1.8656
0.41731
-1.9542
0.19276
1.9145
-0.76969
-1.7502
1.2504
1.462
-1.6058
-1.0552
1.8337
0.55119
-1.9428
0.0050001
1.942
-0.55231
-1.8362
1.035
1.6272
-1.4198
-1.317
1.6971
0.91457
-1.8708
-0.44233
1.9489
-0.061681
-1.9385
0.55162
1.8438
-0.98761
-1.6669
1.3455
1.4103
-1.6172
-1.0797
1.8049
0.68804
-1.915
-0.25768
1.9541
-0.18195
-1.9272
0.60046
1.8379
-0.97368
-1.6885
1.2875
1.4814
-1.5371
-1.2207
1.7239
0.91357
-1.852
-0.5718
1.9269
0.2111
-1.9532
0.15095
1.9349
-0.49712
-1.8751
0.81373
1.7761
-1.0919
-1.6405
1.3279
1.4707
-1.5214
-1.27
1.6747
1.0428
-1.7907
-0.79512
1.8728
0.53392
-1.9246
-0.26699
1.9492
0.0021323
-1.9494
0.25353
1.9276
-0.49404
-1.8863
0.71521
1.8275
-0.915
-1.7531
1.0926
1.665
-1.2481
-1.5653
1.3828
1.4556
-1.4982
-1.338
1.5959
1.2144
-1.6774
-1.0872
1.7446
0.95842
-1.7992
-0.82991
1.8428
0.70349
-1.8768
-0.58093
1.9027
0.46366
-1.9217
-0.3528
1.9349
0.24916
-1.9434
-0.15356
1.9481
0.066657
-1.9499
0.011228
1.9495
-0.079869
-1.9477
0.1393
1.945
-0.1897
-1.9419
0.23086
1.9389
-0.26262
-1.9364
0.28436
1.9346
-0.29603
-1.9338
0.29762
1.934
-0.28936
-1.9352
0.27174
1.9372
-0.24466
-1.9398
0.20822
1.9426
-0.16235
-1.9452
0.10705
1.9473
-0.042409
-1.9482
-0.031215
1.9472
0.11316
-1.9438
-0.20309
1.9371
0.30059
-1.9264
-0.4051
1.9107
0.51587
-1.8892
-0.63195
1.8606
0.75218
-1.8239
-0.87523
1.7778
0.99957
-1.7209
-1.1236
1.6517
1.2455
-1.5686
-1.3636
1.47
1.4758
-1.354
-1.5803
1.2195
1.6751
-1.0652
-1.7585
0.8904
1.8288
-0.69503
-1.8842
0.47998
1.923
-0.24705
-1.9434
8.2789e-005
1.9432
0.25539
-1.9202
-0.51296
1.8719
0.76558
-1.7955
-1.0064
1.6878
1.229
-1.5455
-1.4279
1.3659
1.5985
-1.1467
-1.7378
0.88788
1.8431
-0.59207
-1.9124
0.26533
1.9434
0.081493
-1.9333
-0.43342
1.8788
0.7735
-1.7759
-1.0864
1.6198
1.3601
-1.4063
-1.5859
1.1324
1.759
-0.79963
-1.8765
0.4161
1.9364
0.00071439
-1.936
-0.42579
1.8717
0.83089
-1.738
-1.191
1.529
1.4886
-1.2403
-1.7141
0.87235
1.8639
-0.43659
-1.9363
-0.041303
1.9292
0.52338
-1.8382
-0.96902
1.6568
1.3461
-1.3779
-1.636
0.999
1.8312
-0.53043
-1.9299
0.0029046
1.9302
0.53293
-1.8271
-1.0218
1.6128
1.4219
-1.2789
-1.7121
0.82619
1.8858
-0.27825
-1.9419
-0.31124
1.8774
0.86993
-1.6845
-1.3357
1.3532
1.6745
-0.88221
-1.8766
0.29696
1.9413
0.33728
-1.866
-0.93107
1.6416
1.4108
-1.2574
-1.7405
0.71741
1.9129
-0.06574
-1.9278
-0.6042
1.7803
1.1871
-1.4576
-1.6151
0.95339
1.8662
-0.29719
-1.9397
-0.419
1.8332
1.0677
-1.5351
-1.5547
1.0353
1.8459
-0.36011
-1.9399
-0.39132
1.8357
1.073
-1.5211
-1.5765
0.98582
1.8645
-0.26499
-1.9366
-0.51906
1.7904
1.201
-1.4111
-1.6736
0.79421
