-0.2358
0.099602
0.31426
-0.72852
-0.10716
0.33745
0.97217
0.30983
-0.12473
-0.33848
-0.47659
0.65887
0.22099
-1.1361
-0.50226
0.67086
1.0745
0.58913
2.0132
-0.54276
-0.7033
-0.076195
1.6592
0.57118
0.84526
-0.97166
-0.88525
1.0062
1.2454
-1.1813
-1.3682
-0.025741
0.88209
-0.32416
-0.48559
1.0278
0.91241
-0.66567
0.3028
1.0167
0.36029
-0.67405
-0.7642
0.32165
0.43209
-0.18799
0.30711
1.5263
0.80569
-0.8353
-0.6306
1.2865
-0.23968
-0.92778
-1.3296
0.66971
0.91487
1.0327
-1.2219
-0.022341
0.70533
0.19479
-1.4522
0.44581
0.46725
-0.16991
-0.55407
1.162
0.67043
0.016227
-0.80611
-0.90934
-0.31129
1.2155
0.59447
0.15618
-0.51225
-0.6449
-0.49392
0.36038
-0.44341
-0.12431
0.56768
1.2802
-1.5194
0.0056868
0.24142
0.52271
-0.45405
0.70205
1.0232
1.3667
-0.21335
-0.27255
-0.24148
0.25587
-0.84834
-0.30844
-0.41888
0.24852
-0.96627
-0.033369
0.77457
1.7672
-1.7825
-0.23883
-0.39841
0.12252
-1.2577
0.036296
-0.037294
0.9787
0.035917
-0.67741
-0.33342
-0.40158
0.067709
0.33676
0.90536
0.6626
-0.40592
-0.74213
-0.96372
-0.99763
-0.35464
1.2748
0.34502
-0.39092
0.15465
-0.093893
-1.2831
0.15951
1.4291
1.0064
-0.2284
-0.3628
-0.017258
0.41906
0.84514
-0.42936
-0.19229
-0.63962
0.039571
0.035194
1.6066
0.37269
0.076671
-1.013
0.382
1.0755
0.15311
-1.3675
-0.19084
0.639
0.29699
-0.58531
-0.34951
-0.89526
0.32429
-0.041304
0.92148
0.72568
0.083486
-2.04
-1.1928
-0.28707
0.25906
0.5967
0.27645
-1.1608
-0.90613
0.18972
0.64449
-0.82373
-0.54712
-0.77914
-0.50179
0.20268
1.5267
0.30571
0.40325
0.2435
0.333
0.31472
-0.65895
-0.64713
-0.88708
-0.023186
0.015393
-0.3753
-0.64635
0.19067
0.64414
0.095848
-0.64186
-1.4748
0.88712
1.3628
0.013738
-1.8717
0.56217
0.62812
0.39916
-1.6964
-0.40139
1.0615
1.7655
0.096076
0.51533
0.43966
0.19167
-0.77816
-1.1236
-0.74903
0.18109
-0.081541
0.072719
-0.46341
1.3367
0.97817
0.50039
0.18568
1.474
-0.37943
-0.080845
-0.57415
0.4555
0.18363
0.46814
-0.77286
-0.4326
0.4615
1.0542
0.56224
-0.25356
-0.32008
1.0753
0.9872
-0.79097
-1.9283
1.1637
0.88284
0.44401
-0.74475
-0.2697
0.12984
1.0497
-0.6756
-1.1935
-0.11802
-0.37905
0.41472
0.35793
-0.087909
-0.68743
-0.60896
-0.19111
-0.14943
0.22038
0.0099575
-1.4219
0.048627
1.4247
0.82176
0.51837
0.85501
-0.1422
-1.2403
-1.2934
-0.073275
0.15157
1.2211
0.60904
1.2947
0.61293
-0.18256
-0.96005
0.38669
0.22738
-0.32529
-0.51842
0.80429
0.94994
0.31928
0.26893
0.41512
0.66725
0.54507
-0.86748
-0.070526
0.54439
0.65903
-0.79119
-0.25633
-0.26497
-0.42777
-0.48395
0.37851
1.9465
1.0043
-1.1371
-0.397
1.1478
0.024354
-0.4306
0.72716
0.76815
0.94551
0.039512
-1.0466
0.097642
-0.28739
-0.21055
0.047375
0.31824
0.23935
0.61069
1.7263
0.55759
-0.55454
-0.81825
0.12324
0.15665
-0.37753
-1.7944
1.3472
0.9443
-0.43231
-0.038561
1.4099
-0.16386
-1.6838
-0.21181
-0.25699
-0.83356
-0.88936
1.4067
0.23593
0.52635
0.05943
0.87406
-0.6543
-0.71564
-1.8145
0.0027471
0.44516
2.0792
0.96877
-0.8402
0.09182
1.2031
-0.30234
-1.2012
-0.11737
-0.28215
0.72022
0.91401
0.43293
-0.24745
-0.3232
0.29198
-0.024635
0.060524
-0.010764
0.43736
0.074918
-0.13521
1.0751
1.0834
-0.09335
-1.1555
-0.090428
-1.5968
-1.1717
-1.5156
0.80578
-0.17361
0.84614
0.44188
0.42774
-0.19434
0.1564
-0.83821
0.16617
1.0968
0.14514
-0.94007
-1.1476
-0.40321
0.75206
1.0643
0.42035
0.061084
0.43236
0.59329
0.95267
-0.3966
0.32487
0.087331
-0.88851
-1.1462
-0.074074
1.2056
-0.094614
0.54541
0.65083
0.31623
-1.4207
0.66608
0.23404
-0.86839
-0.17101
0.60101
-0.54986
-0.96394
-0.51468
0.37731
0.0068595
0.35614
0.4955
0.55639
-0.069459
0.2196
-0.12265
0.6085
0.34252
-0.4745
-1.4386
-0.49748
0.67915
0.12294
0.23903
0.96256
1.044
0.41821
-0.50593
0.46201
1.0255
0.38933
-1.7429
-1.5188
0.24132
2.0592
0.32843
0.84695
0.067397
0.59916
0.67179
0.20323
-0.77127
-1.1052
0.18465
1.3568
0.23052
-1.3941
0.56378
0.27766
-1.156
0.040894
0.71506
-0.56193
-0.50817
0.026152
-1.1076
-0.5746
0.14191
-0.41
0.20809
-0.7066
-0.11542
1.2278
0.35913
-1.5753
-0.45622
0.3454
0.77936
0.1136
-0.70685
-0.03327
0.48193
0.009914
-1.2913
0.17642
0.51485
-0.17849
-1.3971
0.61959
-0.27825
1.2609
-0.73608
-0.55076
-0.75079
1.2501
-0.8012
0.27093
-0.31068
1.2934
-0.77743
0.10707
0.060025
