0.90152
-0.47699
0.53943
0.57367
-0.60007
0.301
-0.37508
0.0050118
-0.63368
0.62658
-0.47009
0.71238
-0.4883
0.92779
-0.26046
0.2114
0.78423
-0.61051
0.98555
-1.0155
0.78706
-0.64783
-0.21527
0.13432
-0.38274
-0.14435
0.15605
1.0086
-0.07086
0.51864
0.41613
0.021659
0.2955
-0.52061
-0.077011
0.0116
-0.43829
0.19355
0.21269
-0.32328
0.52946
-0.64942
0.14205
0.36291
0.16192
-0.43101
0.73576
0.068687
-0.58867
0.38737
0.025358
0.19237
-0.23005
0.56858
-0.60729
0.29
-0.81105
0.24986
-0.95743
-0.16644
0.26456
-0.30764
-0.12779
-0.75284
0.21038
-0.47568
-0.5305
0.14681
-0.45091
-0.20192
0.13711
-0.4106
0.80548
0.35356
0.15807
0.026255
-0.73016
0.36018
-0.3668
0.30479
-0.054513
-0.22759
0.86824
-0.73554
0.058897
0.057466
-0.93568
0.87523
-0.22536
1.3197
-0.18939
0.15815
-0.48629
0.19501
-0.39984
-0.33869
0.59278
-0.83787
-0.23424
0.29884
-1.0315
0.52375
-0.14379
0.14731
-0.05491
0.15
-0.20409
-0.44187
0.16986
-1.1586
-0.24088
0.40501
-0.078
0.27991
0.75095
-0.45237
0.26395
0.47564
-0.41053
0.44688
0.21659
-0.15565
0.75893
-0.13395
-0.69723
-0.23085
-0.15221
-0.69392
-0.40253
0.068379
-0.18173
-0.48133
-0.181
-0.21606
-0.20925
-0.028632
-0.40732
0.74259
0.025209
0.27569
0.52554
0.52023
-0.20463
-0.57952
0.47507
0.050438
-0.33132
-0.34479
-0.45223
0.024046
0.20545
-0.38376
0.47818
-0.01069
-0.15943
0.74327
-0.24846
0.57831
-0.46027
0.32228
-0.36226
0.0046268
0.70967
-0.51555
0.33088
0.097891
-0.053951
0.31701
0.46105
-0.38954
0.3744
0.097054
0.69989
0.17939
0.11538
-0.3967
0.12404
-0.56134
-0.11982
-0.37649
0.56505
-0.17164
-0.3018
0.89804
-0.698
-0.29469
0.36054
-0.22676
-0.66857
0.28363
-0.96952
-0.51578
-0.68789
0.77956
-0.10889
-0.33121
0.52048
-0.41295
0.28387
-0.094759
-0.21001
-0.049168
-0.21648
-0.52862
-0.29426
0.59155
-1.0222
0.0091478
0.39954
-1.021
-0.16885
-0.55877
0.0458
-0.080812
0.085465
0.63542
0.1347
0.053828
0.92419
-0.72175
0.16269
0.83594
-1.127
0.95453
0.64968
-0.76289
0.99002
-0.94357
0.53207
-0.80621
0.35673
0.5016
-0.86847
1.0274
-0.24128
0.42929
-0.10376
-0.06944
0.21933
0.79885
0.24679
0.21639
0.27722
-0.2477
0.70584
0.11873
-0.31268
0.8821
-0.12129
0.52501
-1.0468
0.79956
-0.27579
0.47034
0.407
0.23559
-0.010918
-0.12489
0.16964
0.13539
-0.088052
0.4603
-0.28121
1.2042
-0.2057
0.21489
-0.038267
0.15938
0.10567
-0.54329
-0.2319
0.53379
-1.6308
0.11693
0.45059
-1.5607
0.29753
0.53717
-0.66446
0.34806
0.49459
-0.4366
0.13573
-0.042487
0.64278
-0.39683
0.21053
-0.38644
-0.61281
-0.39154
-0.053822
-0.2641
-0.094952
0.022913
0.29305
-0.11827
-1.1534
1.4011
-1.0244
0.79188
0.70161
-0.72882
0.85277
-0.61574
-0.065592
0.082134
0.14042
0.86033
0.32513
-0.037414
-0.16549
-0.10094
0.41847
0.22652
0.75391
-0.031353
-0.03708
1.0918
-0.90513
0.76447
0.36032
-0.39916
0.067515
0.072627
0.13982
-0.67645
0.14091
-0.30593
0.20764
0.039416
0.25563
-0.67434
-0.24928
-0.45885
0.09031
-0.048296
-0.096684
0.16146
-0.24584
-0.64382
0.62593
-0.99725
0.36602
-0.65992
-0.44232
0.17329
-0.26826
0.77244
-0.24199
0.16893
-0.53605
-0.10615
-0.10607
-0.0060822
-0.014337
-0.045991
0.45484
0.43515
0.072001
0.14624
-0.080717
-0.27256
-0.11709
-0.4535
0.27405
-0.64529
0.35746
0.20009
-0.29867
0.56042
-0.8506
-0.26174
0.085143
-0.23642
-0.90278
1.4675
-1.4113
0.68057
-0.043069
0.050722
-0.32623
0.76996
-0.24636
0.5827
0.15092
0.777
0.027056
0.38545
0.85275
-0.46128
-0.14808
0.3834
-0.19567
0.3752
-0.68005
0.23887
-0.6201
-0.5836
0.0011588
0.21144
-0.4479
0.26566
0.38777
-0.39846
-0.094927
-0.18732
0.16737
0.44905
0.12951
0.54086
0.21049
-0.13035
0.30545
-0.13124
-0.54641
0.44995
-0.19691
0.89529
-0.46256
0.28531
0.024313
0.078596
-0.084065
0.59951
0.81846
-0.11143
0.46592
0.39802
-0.43287
-0.22672
0.43994
-0.38531
0.1411
-0.80719
-0.55953
0.05953
0.075781
-0.088343
0.27084
-0.11138
-0.2159
0.61943
-0.30055
0.32053
0.4173
-0.039388
-0.50402
1.8785
-1.3945
1.0268
0.0727
-0.023331
0.82118
-0.56073
0.46401
0.022652
0.23868
0.15586
-0.059616
0.6323
0.10315
-0.40467
0.89618
-0.085372
-0.032479
1.0219
-1.8251
0.98802
-0.41687
-0.043032
0.24947
-0.34132
0.19921
0.21454
-0.14214
-0.014439
-0.46013
0.039856
0.015472
-0.2445
0.40971
-0.66226
0.94572
-0.9025
0.67059
-0.21601
0.69083
-0.73743
-0.069857
0.20299
-0.64686
-0.48876
-0.50321
-0.1262
-0.51962
0.22921
0.49372
0.014487
-0.28564
0.14266
0.022493
0.21832
0.38641
0.66133
0.42469
-0.65009
0.26666
-0.41272
-0.3651
-0.99336
0.32564
-0.04704
-0.18495
-0.66649
0.41409
-1.6254
1.1263
-0.53823
0.68375
0.13881
-0.031947
-0.28121
1.186
-0.82092
0.43193
0.94531
-1.0079
-0.39491
0.60907
-0.53845
0.020573
-0.26019
0.30678
-0.97
0.16932
0.22248
-0.27195
0.88601
-0.089989
0.14134
1.112
-0.73325
0.34591
-0.33524
-0.31064
0.0067685
0.59407
-0.2099
0.77102
-0.45917
-0.35623
0.40749
-0.22819
-0.33429
0.26438
-0.28544
-0.45168
0.6322
-0.74074
0.38434
-0.56906
0.1328
0.72562
-0.18344
-0.30608
0.2004
0.29072
-0.024033
-0.57989
0.1751
-0.085499
-0.9339
1.0291
0.11055
0.058644
-0.98615
0.34595
0.23512
0.10162
1.2392
0.18292
0.69597
0.17999
-0.03243
0.15874
-0.44412
0.30006
0.51057
-0.34847
0.82535
-0.11206
0.36097
-0.5194
-0.066396
0.052615
-0.43011
0.49262
0.52959
-0.31249
0.085763
0.27651
-0.16073
0.92564
-0.34529
0.016463
0.4835
-0.72615
0.62891
0.3487
-0.91499
0.9655
-0.51092
-0.34673
0.93383
-1.047
0.42137
0.60914
-0.15508
0.88605
-0.2723
0.45036
-0.32056
0.027063
0.29965
-0.36114
0.57024
0.27015
-0.026583
0.52639
0.095978
-0.42349
0.2188
-0.13787
0.26184
0.26397
-0.053331
-0.17292
-0.22887
0.24529
-0.05773
0.27232
0.016312
0.89485
-0.52244
0.34526
0.25418
-0.7176
0.21901
-0.055302
-0.50299
1.4967
-0.71802
0.86888
0.54944
-0.38378
-0.26559
0.35719
0.020343
-0.30934
1.236
-0.78319
0.38632
0.078647
-0.80966
1.1157
-0.90925
0.029264
0.15859
-0.4929
-0.21338
-1.0607
1.3825
-1.7353
0.69578
-0.24118
0.52973
0.077711
-0.51463
0.34132
-0.16292
-0.60236
0.64971
0.39199
-0.047813
-0.46847
0.45151
-1.2385
-0.046958
1.0233
-0.7204
0.66656
0.39361
-0.38929
0.43655
-0.28335
0.5668
-0.14498
0.22943
0.28612
0.18027
-0.33371
0.64973
-0.40547
0.9759
0.15186
0.0093863
0.29517
-0.34863
0.96093
-0.23372
0.034507
0.38967
-0.30608
0.59476
-0.29234
0.22815
-0.14554
-0.28591
-0.23046
0.32147
-0.55109
0.39963
0.46842
-0.39226
0.35877
-0.30231
-0.1756
-0.22357
0.089851
0.46801
-0.030461
0.079473
-0.079974
-0.1161
0.014724
-0.10767
-0.57564
0.95083
-0.25798
0.68988
0.20342
-0.14016
0.30359
0.010053
-0.23215
0.081672
-0.62576
-0.62685
0.38264
-0.78063
0.062355
-0.49666
0.32091
-0.21573
0.24668
-0.74081
1.3419
-0.54993
0.29931
0.44328
0.12754
-0.14803
0.32893
-0.0057353
0.40933
0.36999
-0.38275
0.70745
-0.12959
-0.18658
0.65411
-0.49246
0.51123
-0.29082
0.40369
-0.69649
0.90713
0.027196
-0.2186
0.37673
0.44107
-1.0057
-0.50809
0.17998
-0.99838
0.31344
0.32145
-0.48019
0.0046816
-0.078872
0.33326
-0.40632
0.59054
-0.67842
0.20679
-0.87465
0.47554
-1.5485
1.0692
-1.0889
-0.030429
-0.23526
0.25096
0.069077
-0.23012
0.97923
-0.59051
0.049894
0.081544
-1.3438
0.25972
0.16678
0.57403
-0.14198
0.79335
-0.75838
-0.075835
-0.16896
-0.22319
0.3499
-0.33251
0.54502
-0.91815
-0.1337
-0.47433
-0.058035
-0.20204
0.30782
0.59169
-0.22756
-0.017247
0.51422
-0.96672
0.46605
0.79387
-0.93044
0.4804
0.012648
-0.98374
0.1246
0.48112
-0.62372
1.4696
-0.47484
0.17445
0.50229
0.31072
-0.47118
0.67114
0.40303
-0.36396
0.70425
-0.07663
-0.41111
0.80842
-0.24715
-0.077718
0.066472
-0.39618
-0.4758
-0.10061
0.89781
-0.9669
0.53291
-0.53425
-0.36738
-0.099733
-0.55621
-0.13442
0.084473
0.78643
-0.20926
-0.27382
0.53259
-0.57847
-0.19946
-0.32113
0.7623
0.063669
-0.63345
0.17494
0.14983
-0.60248
-0.28836
0.26374
-0.71432
-0.067448
0.65418
-1.0675
0.85843
-0.10242
-0.42008
-0.15289
-0.30345
0.34972
-0.049078
0.37745
-0.37253
-0.96259
0.14464
-0.93807
-0.28748
-0.0188
0.32162
-0.83295
-0.32431
0.29412
-1.4292
1.2041
-0.55007
-0.062517
0.4674
-0.34991
0.11736
-0.62929
-0.308
-0.40681
-0.54195
-1.3367e-005
0.52731
0.097421
0.37292
-0.0050184
-0.70154
0.35608
-0.16146
-0.33326
0.75703
-0.20834
-0.84842
0.82035
-0.4211
0.90691
0.33764
0.082098
0.77202
-0.052981
-0.25525
0.28955
-0.12692
-0.40299
0.80187
-1.3002
0.38562
-0.011917
0.40566
-0.41031
0.67966
0.13966
-0.29897
-0.072948
-0.43748
0.30301
0.14115
-0.48029
0.41735
0.17345
0.93523
-1.3618
1.2864
0.393
-0.99946
0.80051
0.21203
-0.52655
0.46204
0.7438
-0.31877
0.029815
0.35199
-0.65458
0.55427
-0.72366
0.90476
-0.24875
-0.35708
0.30154
-0.55132
-0.50318
0.66059
-0.74752
0.97754
0.095841
-0.39803
0.32354
0.053499
-0.68329
0.67465
-0.42556
0.52855
-0.81255
0.24748
-0.18695
0.19199
-0.52911
0.053076
0.61482
-0.76492
0.75623
-0.87978
0.83919
-0.5572
0.62317
-0.43233
0.36157
-0.53084
0.049929
-0.62487
0.497
-0.35216
-0.77584
0.76871
-0.49783
0.35836
-0.41393
0.10286
0.18635
-0.39685
0.25086
0.14774
-0.14267
0.19067
-0.79846
0.38326
-0.10075
0.44639
-0.32361
0.54263
-0.2538
-0.43372
0.47914
-0.21318
0.51226
0.36378
0.3916
-0.3959
1.2693
-0.86764
0.14725
0.08687
-0.58431
-0.15015
-0.075449
0.091302
-0.46744
0.3719
-0.59736
0.64355
-0.58738
0.39224
0.8344
-0.37494
0.64638
0.078804
0.60936
-0.4838
0.43029
-0.17932
-0.14454
-0.68115
1.2352
-0.70856
0.79591
-0.28999
-0.84795
0.045515
-0.66595
0.10014
0.08491
0.057374
-0.08861
-0.59198
0.25057
0.088184
0.010197
0.95472
0.069264
0.2549
0.042315
0.015869
0.11969
-0.6349
0.69216
-1.6972
0.2336
-0.89099
-0.25389
0.045514
-0.23266
-0.050738
-0.11304
0.30963
0.20585
0.058472
0.14876
0.29645
-0.47007
0.2227
0.79557
-0.15643
-0.21887
0.40509
0.0089346
0.22954
-0.099485
0.48502
-0.16356
0.30915
0.93656
-0.2277
0.35083
-0.14702
-0.42577
-0.33142
0.23781
-0.71044
-0.15651
-0.15509
0.25868
0.37828
-0.24167
-0.065509
0.92443
-1.8842
1.0378
-0.8962
-0.43196
0.1754
-0.036986
-0.0077117
0.8672
-0.46857
-0.016566
0.95622
-0.42582
0.6189
-1.052
1.1286
-0.50016
-0.59756
0.52111
-0.98171
0.20749
-1.0608
0.4903
0.07075
-0.32429
0.68013
-0.021179
-0.10927
0.71006
0.077117
0.24472
-0.074312
-1.0332
1.4057
-0.9971
-0.47
-0.17436
-0.22086
0.48277
0.38835
-0.017615
0.092088
0.3556
0.29897
0.031362
-0.57125
0.24064
-0.73797
-0.41925
0.069008
0.11041
0.54608
-0.51387
-0.29122
-0.20642
-0.36144
-0.11663
1.137
-0.076534
0.11992
-0.012861
0.20195
-0.86287
-0.025018
0.076672
-0.13512
-0.12725
-0.47555
0.067711
0.57914
-0.44021
0.87625
0.27493
-0.2469
0.20474
-0.57624
0.063598
-0.24855
0.37083
0.37565
0.11609
1.1247
-0.46568
-0.55142
0.23779
-0.58065
-0.17442
0.24916
-0.39988
0.35602
0.18386
0.86934
-0.4447
0.1488
-0.00093317
0.36714
-0.82522
1.0219
0.11099
-0.66438
1.0964
-0.85831
-0.32785
-0.23994
0.34864
-0.45773
0.14816
-0.29947
-0.40811
0.48381
-0.18645
0.55047
-0.10408
-1.0997
0.64154
-0.43054
-0.1463
0.76865
-0.35472
-0.57576
0.18625
-0.90144
0.68994
-0.90932
0.75866
0.66962
-0.2377
0.29904
-0.36003
0.63914
-1.473
1.4703
-1.2144
0.74129
-0.04249
-0.086842
-0.075113
0.57586
-0.42676
-0.84635
0.5527
-0.54944
0.022615
-0.21389
-0.67432
0.19783
0.35087
-0.677
0.46056
0.25917
0.46705
0.026362
-0.31959
0.074414
0.56135
-1.3327
-0.023232
0.30288
0.10945
0.066064
-0.19302
0.087015
-0.044368
0.15218
0.12279
0.20069
-0.019671
-0.069459
0.37431
-0.61648
1.167
-0.59408
0.37522
0.56419
0.36797
0.53133
0.54518
-0.51741
-1.0884
0.20995
-1.1447
-0.065651
0.11434
-0.67108
0.86729
0.047039
-0.54805
0.68877
-0.24355
0.16506
-0.53576
1.2686
-0.86281
0.6375
-0.25151
-0.90351
0.85761
0.33674
0.3083
0.0030422
0.017073
0.17986
-0.24916
-0.091348
0.57981
-0.12233
0.22711
0.62818
-0.98368
0.59128
0.78958
-0.65934
1.0931
0.41318
-1.0278
0.96087
-0.7242
0.63133
-0.079909
0.7029
-0.7785
0.45498
1.0048
-0.54855
-0.19807
0.49298
-0.30916
-0.49367
0.016597
0.31469
-0.61285
-0.13193
0.28377
-0.41876
0.23009
0.069467
0.13443
-0.3599
0.30322
-0.012264
-0.57961
0.038895
-0.091405
-0.0743
-0.25577
0.8722
-0.42967
0.33098
0.36488
0.21234
-0.19532
0.025327
0.13192
-0.84661
0.27708
-0.39108
0.38619
-0.61737
-0.1541
0.81431
-0.92318
0.23167
0.72751
-0.83413
0.29661
0.016666
0.45757
0.278
0.16334
0.72234
0.18502
-0.38477
0.61101
-0.90433
0.16235
-0.16681
-0.23071
0.040928
0.30177
-1.1447
1.5638
-0.48728
-0.23827
1.8016
-1.0554
0.83222
0.73344
-0.63122
0.18476
-0.22742
-1.1829
0.53361
-0.77755
0.28478
0.67353
-0.52778
0.60834
-0.5136
0.015425
0.80077
-1.5276
0.73007
-1.3793
-0.28281
-0.16229
-0.56223
0.78159
-1.0084
0.66473
-0.061955
-0.25742
0.14999
0.2967
-0.39685
0.51609
-0.30968
-0.29826
0.43839
-0.3293
-0.43514
0.8622
-0.68244
0.038502
0.75666
-0.62014
0.11239
-0.32483
0.46869
-1.1594
1.1802
-0.1963
-0.77341
0.80068
-0.19035
0.57132
-0.2341
0.67739
-0.10747
0.22312
-0.53548
0.085409
-0.30331
-0.11371
0.082741
0.10581
-0.079383
-0.028169
0.055141
-0.2646
0.40075
-0.015538
0.10391
0.060016
-0.023645
0.028965
-0.12012
0.076743
-0.253
-0.10352
0.80096
-0.60088
0.23484
0.79715
-0.4672
0.0083655
0.17773
-0.72091
-0.073443
-0.066128
0.3262
-0.28413
-0.17069
0.32806
-0.5751
1.2848
0.26538
-0.63218
-0.20498
0.58908
-1.2288
-0.26725
0.93195
-0.8344
0.1251
-0.68765
-0.091151
-0.28662
-0.13168
0.53923
-0.362
0.66987
0.12674
-0.82042
0.35354
-0.021931
0.076984
-0.64381
1.0475
0.2006
0.39065
-0.097124
-0.08658
0.25411
-0.73719
0.072547
0.61836
-1.0054
0.12356
-0.28692
-0.1369
0.39397
-0.012339
0.228
0.0018404
-0.66531
0.46838
-0.088474
0.347
-0.63902
1.027
0.043972
0.030669
0.22967
0.1243
-0.47637
0.37552
-0.42061
0.19043
-0.49792
0.17462
-0.54546
-0.011977
-0.69207
1.0646
-0.7608
0.061525
0.7716
-0.71769
0.31359
-0.215
0.063851
0.022208
0.35983
-0.058455
-0.93593
1.4855
-0.54712
-0.11019
1.3114
-0.64061
0.47239
-0.98665
0.34158
-0.22514
0.34012
0.14346
0.81677
-0.037608
0.76123
-0.44833
0.14073
-0.30075
-0.43354
0.94692
-0.4232
1.3288
-0.44591
0.3778
0.18592
0.40316
-0.40893
-0.015145
-0.17699
-0.60067
-0.12614
0.24333
-0.18798
0.6852
-1.0755
0.51714
-0.62821
-0.40023
0.86003
-0.64235
-0.089418
0.49465
-0.82975
-0.12082
-0.2375
-0.63288
0.73275
0.14329
0.14965
0.98495
-0.41751
0.81098
-0.37097
-0.12417
0.02088
-0.1529
-0.43187
0.68375
-1.0102
0.92202
-0.13845
-0.31509
0.75712
-0.39501
0.68042
-0.13188
0.043973
0.036
-0.12822
0.42425
0.2771
-0.0061625
0.72471
-0.26697
-0.081309
0.10442
-0.38462
-0.10019
0.13893
-0.058709
-0.30238
0.5742
0.089224
-0.19667
0.18686
0.26903
-0.10772
0.6949
-0.40702
-0.13049
0.58174
-0.4311
-0.50723
0.81927
-0.97803
-0.0034861
-0.050734
-0.73609
1.2908
-0.57619
0.19174
1.6779
-1.5565
1.3726
0.036617
0.05589
0.060617
0.057941
-0.15307
0.19772
-1.0282
0.39511
-0.26775
0.58411
0.043726
0.51534
-0.71342
0.42487
-0.58838
0.7482
-0.46859
0.29543
0.26841
0.091273
-0.0047455
1.061
-0.01698
-0.030987
-0.067298
0.11741
0.057753
-0.27705
-0.15056
-0.39151
-0.056727
-0.84096
0.51494
-0.15292
-0.13488
-0.72456
0.372
-1.1101
1.2502
-1.6332
0.35185
-0.045049
-0.47576
0.20927
0.15191
-0.83909
0.37842
0.040376
-0.73042
0.91809
-0.60168
0.44952
-0.47842
0.8416
0.02634
-0.28609
0.54037
-0.0358
0.1195
0.48589
-0.91564
0.067359
-0.026257
0.20132
-0.58927
0.32728
0.13878
-0.48093
0.47048
0.21491
0.027305
0.69881
0.16592
-0.073254
0.22324
0.069372
-0.32821
0.073452
-0.1551
-0.97564
1.0207
-1.4548
0.99757
-0.22743
0.92792
-0.08561
0.65686
-0.88388
-0.61102
-0.11436
-0.025763
-0.1723
0.19724
-0.12836
-0.69658
0.16148
-0.056132
-0.57555
0.23566
-0.026364
0.077837
0.04325
0.038798
-0.60091
-0.48848
0.24329
-0.54302
-0.33949
0.14773
0.47666
-0.95829
0.58151
-0.5901
0.55138
0.065805
-0.075594
0.71289
0.70826
-0.28325
0.099773
0.98757
-1.4692
0.56232
-0.871
0.14343
-0.21211
0.59816
0.31957
0.19442
0.34893
-0.4658
0.66171
-0.38248
-0.038191
-0.39867
-0.33766
0.17743
-0.21991
-0.77874
0.89156
0.38417
-0.25559
0.47583
-0.87255
0.12341
-0.09001
-0.37675
-0.24039
-0.3562
0.49698
-0.6255
0.31475
-0.11272
0.63675
0.097453
0.52646
0.27328
0.23343
0.16991
-1.1994
0.71908
-0.13376
-0.13403
-0.079095
0.6632
-0.2348
-0.88055
0.95316
-0.16569
-0.085683
0.94492
-0.34483
-0.28815
0.71931
-0.76462
0.13095
0.68096
-0.42712
0.23783
-0.055471
-0.35145
0.37603
0.07053
-0.16495
-0.22202
-0.16441
0.33301
-0.97754
0.594
0.35428
-1.1094
0.44173
0.75959
-0.72741
0.8269
-0.40262
0.39034
-0.26258
0.58671
-0.22095
0.048628
0.42416
-0.092293
-0.52054
0.49136
-0.1407
0.35839
0.36719
-0.50541
0.7104
-0.56541
-0.47617
-0.1753
-0.1178
-0.34301
0.3601
0.063859
0.13911
0.17666
-0.00027296
-0.28302
0.49481
-1.0278
0.47812
0.30949
-0.97867
0.86277
-0.80986
-0.62786
-0.2636
-0.44395
-0.3425
0.93989
-0.078095
-0.27784
-0.46183
-0.1567
-0.69434
0.34496
0.11604
-0.80587
0.35271
-0.020714
-0.46493
0.44217
-0.14247
0.58977
0.17903
-0.090948
0.48669
-0.32893
-0.76579
0.87697
-0.38006
0.37068
0.30593
0.22417
-0.74711
0.9565
-1.0763
1.0223
-0.36416
0.28795
0.31582
-0.035258
-0.086472
0.9832
0.012056
0.14356
0.06781
0.71845
-0.93605
0.63918
-0.12937
-0.12988
0.042457
0.9643
-0.10705
-1.1173
1.6925
-1.9847
0.45325
0.16235
-0.11524
0.24289
0.82483
0.9075
-0.23601
0.048861
0.46676
-1.3122
-0.61755
0.75384
-1.2666
0.61451
-0.16378
-0.32521
0.25333
0.25694
-0.5325
0.13614
0.36657
-0.10792
0.7853
-0.5767
0.83224
-0.57654
0.35752
-0.080241
0.14442
-0.87131
-0.0055462
-0.11252
0.031136
0.067395
-0.19183
-0.21029
0.056681
-0.13827
-0.34907
0.096185
0.040723
-0.42318
0.24339
-0.090854
-0.09633
-0.14816
0.50629
0.39741
0.082682
0.075432
-0.45938
0.45562
-0.83377
0.72863
0.28636
-0.615
0.95734
0.23355
0.031911
0.8019
0.39961
-0.71663
0.57065
-1.2087
0.21798
-0.5217
-0.49772
0.88345
-1.0798
0.47328
0.95253
-0.61227
0.099395
0.96471
-1.2561
-0.33898
-0.033228
0.27194
-0.069985
0.22843
0.73675
0.063837
0.047716
0.17135
-0.086533
0.21021
-0.19697
-0.014351
-0.028006
-0.75321
0.57677
-0.56421
-0.0028083
-0.060821
-0.19374
0.56781
0.13111
-0.56269
0.37879
-0.10827
-0.35776
0.78062
-0.3546
0.44632
-0.20099
0.19538
-0.69267
0.1343
-0.11981
-0.19614
-0.45615
0.19823
0.0077154
0.34489
-0.66576
0.65699
-0.33991
-0.63691
0.64022
-1.4581
1.1081
-1.2105
0.051798
-0.6727
0.35017
-0.25875
0.17398
0.56323
-0.48429
0.57478
-0.32874
0.030175
0.68206
-0.22181
0.83534
-0.67532
-0.068645
-0.12103
-0.028117
-0.46094
0.7826
-0.14118
0.2509
-0.060506
-0.54306
0.57275
-0.49708
0.97626
-0.83284
1.1538
-0.08866
-0.26288
0.12417
-0.32426
-0.37747
0.22526
-0.46698
0.75583
-0.03822
0.41881
-0.14353
0.61295
-1.2771
0.63021
0.22569
-1.2327
0.92478
-1.1879
0.13441
-0.2464
0.52354
-0.58002
0.38584
-0.3031
0.49445
0.3157
-0.16853
0.59181
-0.49261
-0.71454
0.21483
-0.59461
0.001609
0.41151
-0.42425
0.21366
-0.079171
-0.14633
0.22228
0.045626
0.12376
-0.0164
-0.23631
0.18151
-0.42104
-0.10663
0.34641
-0.13878
-0.47754
-0.18473
-0.40115
-0.5956
0.12324
-0.13726
0.16556
0.34112
-1.1973
0.54224
-1.3199
0.48132
-0.65793
-0.22477
0.23302
0.32797
-0.31178
-0.39876
0.011602
0.19087
0.34158
0.041096
1.3573
-0.093544
-0.081649
0.23302
-1.2384
0.5549
-1.0956
0.50447
0.52861
-0.93777
1.0364
-0.3166
0.20484
-0.48325
0.69032
-0.34615
-0.26906
0.27684
0.32756
-0.63539
0.86263
-0.69853
0.1699
-0.67439
0.29227
-0.38682
-0.4988
0.0038445
0.025679
-0.43112
0.46714
-1.4805
0.907
-0.26723
-0.33742
0.33414
-0.80733
0.22114
-0.88999
0.46665
0.12251
0.6336
0.21517
0.6781
-0.54285
0.48185
-0.029829
0.18129
-0.050502
-0.48899
1.5111
-1.556
1.064
0.16244
-0.027307
0.094127
-0.22654
-0.10916
0.14712
-0.73496
0.82218
-0.43276
-0.33568
0.26296
-0.4648
0.48048
-0.0036889
-0.44497
0.76841
-0.34695
0.61236
-0.367
0.53176
-0.073895
-0.44519
0.35928
0.47851
-0.87437
0.7917
0.16931
-0.39134
-0.13318
1.0281
-1.3432
0.93954
-0.96597
0.38175
-0.31315
-0.65684
-0.20073
-0.47456
-0.052275
-0.04147
0.20197
-0.12724
-0.11182
0.16821
0.0099612
0.29518
-0.03672
0.26887
-0.35243
0.44125
-0.012591
-0.5737
0.36757
0.26248
-0.9345
0.21428
0.52882
-0.10339
0.027301
-0.14378
0.30928
-1.8203
0.94444
-0.67525
-0.090091
-0.25497
0.25587
-0.80757
0.79067
-1.2214
-0.073696
0.41971
0.21339
-0.32142
0.028172
-0.45192
-0.26156
0.52409
0.43269
-0.56623
0.17524
0.32571
-1.6797
1.2796
-0.49355
-0.5074
0.81613
-0.32758
-0.87532
1.3592
-1.1588
0.51066
-0.35985
0.11992
0.30804
-0.87189
0.86727
-1.3343
0.62752
-1.0235
0.074769
-0.19588
-0.84316
0.35727
-0.77701
0.20887
-0.24622
-0.36819
-0.14417
0.14205
-0.054591
0.42002
0.090946
-0.16245
0.40231
-0.32894
0.23277
-0.42378
-0.35484
0.63339
-0.98608
-0.16221
0.54117
-0.83278
-0.86407
0.49417
-0.76771
0.15019
0.06103
-0.38925
0.35623
0.13987
0.034307
0.65026
0.45563
0.11941
0.23228
-0.1874
0.052344
-0.2333
-0.9776
0.52047
-0.48513
-0.24726
0.63537
-0.61971
0.43074
0.41796
-0.82688
0.60869
0.0336
-0.69873
0.70713
-0.22119
-0.1852
0.88313
-0.7231
0.59139
0.024688
-0.034935
-0.26436
-0.28223
-0.56644
-0.17104
0.25724
-0.45229
-0.031935
0.6167
-0.16243
0.43893
-0.10826
0.47953
-0.33671
0.24525
0.10086
0.53893
0.0096469
0.36169
-0.040622
0.21582
-0.09995
-0.74137
-0.525
-0.26665
-0.59421
-0.014294
-0.9182
0.7452
-0.4397
0.56014
0.69736
0.091708
1.0322
-0.08563
0.080232
-0.1571
-0.16528
0.085814
-0.047168
-0.13647
-0.10025
-0.67236
-0.085925
0.22135
-1.0009
0.57079
-0.58129
0.080093
-0.28903
0.39943
-0.51675
0.084103
0.22136
-1.0908
0.019105
0.057874
0.070552
1.0163
-0.30459
-0.080799
-0.13515
-1.3932
0.69085
-0.45419
-0.60407
0.23363
0.56891
-0.33929
-0.03988
0.081059
-0.033533
-0.27518
0.76851
-0.18337
-0.44805
1.3822
-1.3069
0.62189
-0.86854
-0.28413
0.46395
-0.61091
0.26808
0.84572
-0.022298
-0.81188
0.53347
-0.31117
-0.50208
0.045546
0.623
-0.613
1.3717
-1.4656
0.14936
0.20726
-0.24907
0.55156
0.26466
-0.3855
0.14529
-0.68886
0.33618
0.28151
-0.081931
0.91645
0.26634
-0.35564
-0.62132
0.017902
0.26706
-0.61857
-0.32622
0.9402
-1.0207
0.8203
0.030853
-0.43335
0.66599
0.081321
-0.028285
0.13454
0.41022
-0.78635
0.020934
0.32051
-0.28221
0.47371
-0.15858
0.34305
-0.34628
0.55018
-0.15898
-0.13773
0.11598
0.1119
-0.75453
0.60736
-0.72347
0.38481
0.64532
-0.65848
0.4538
-0.24792
-0.69606
0.25814
-0.50203
0.28316
0.22605
-0.15724
0.60657
-0.91579
0.31958
-0.011985
0.012299
0.30631
-0.12639
0.23971
-0.41839
1.0047
-0.70192
0.78974
-0.016787
-0.48243
0.55298
-0.066662
0.80627
-0.57789
1.095
0.32529
-0.23101
-0.19425
0.79549
-0.521
0.48115
-0.83595
0.77304
-0.18734
-0.31615
0.46076
-0.60739
1.4034
-0.98003
1.1438
-0.64282
0.64937
0.47026
-0.16682
-0.55579
-0.32136
-0.11983
-0.065897
0.68736
0.1864
0.58024
0.11324
-0.4599
1.0175
-0.34468
-0.4885
0.27911
-0.42686
-0.3295
-0.15838
-0.0041436
0.16866
0.27878
0.41535
0.2258
-0.25579
0.1798
-0.14203
-0.17519
0.86089
-0.76576
0.71666
-0.27001
0.58012
0.20665
-0.68698
1.0643
-0.57336
0.0011864
0.2436
0.047587
0.017899
-0.29994
0.39088
-0.12068
0.29865
-0.57813
-0.0069392
0.17913
-0.41538
0.13504
-0.27058
0.59908
-0.74461
-0.26809
0.26208
0.17732
-1.0845
0.62977
-0.089931
-0.087232
-0.45962
0.76801
-1.4805
1.1373
-0.93832
0.23268
-0.24901
-0.17162
-0.16827
-0.44246
-0.029143
0.25463
0.18217
-0.4255
0.66731
0.17701
0.40681
-0.25487
1.1101
-0.51199
0.46382
1.0446
-0.32431
0.38177
-0.028976
-0.10643
0.3346
-0.13544
0.032698
0.31064
-0.22531
-0.16453
-0.19968
0.23447
0.31089
-0.48628
0.065522
-0.052791
-0.62927
0.10795
0.37987
-0.27074
0.35872
0.18608
-0.10132
0.14035
-0.52922
0.66484
0.96275
-0.066325
0.77157
0.58135
-0.19966
-0.39085
0.20087
-0.42733
0.53076
0.40912
0.22765
-0.43907
0.34355
0.030577
-0.80331
0.50144
-0.55325
0.15141
-0.29466
0.12807
-0.43723
0.10241
-0.23571
-0.038619
0.6428
-0.22576
0.64688
-0.64423
0.59034
-1.2321
0.80668
-0.58629
0.082653
0.072128
-0.0012736
-0.22277
-0.58412
0.70395
-1.5721
0.99159
-0.37267
-0.38605
0.18523
0.31349
-0.41523
-0.30381
-0.92516
0.70583
0.083491
-0.18087
0.86363
-0.30113
0.89427
-0.53523
0.66317
0.033632
-0.43589
0.72509
-0.64129
0.087266
-0.37274
-0.92822
0.43369
-0.23014
-0.92035
1.3628
-1.0001
0.37997
0.23196
-0.4438
0.53297
-0.36392
-0.01518
0.057546
-0.076477
0.58685
0.64807
-0.7239
0.89464
-0.92217
-0.009944
0.19559
-0.14009
0.37947
-0.22732
0.53312
0.66758
-0.44542
0.87315
0.18802
-1.1451
0.19633
0.015359
-1.2479
0.46778
0.78848
-0.40157
0.44605
-0.0002914
0.15163
0.075615
-0.20242
0.69981
-0.58796
0.67423
-0.77152
-0.39343
0.16562
-0.66707
-0.30801
0.048478
0.64028
-0.49782
0.22625
-0.050608
0.016935
-0.81415
0.12014
-0.097074
-1.1863
0.51491
-0.62324
-0.13727
0.28886
-0.05049
0.10348
-0.34051
1.1766
-1.3022
1.348
-1.1388
0.67011
-0.78035
-0.35827
-0.01277
-0.38342
0.13477
0.01857
0.33804
-0.27625
-0.10957
0.46947
-0.19895
0.69977
0.31291
-0.41878
0.91686
-0.54941
0.20408
0.61812
-0.94386
0.94532
-0.97195
0.28181
-0.11569
-0.27847
0.1176
-0.65103
0.46424
-0.59885
0.014153
0.0070495
0.35239
0.67298
-0.67767
0.81242
0.18904
-0.34056
-0.25665
-0.057176
0.098807
-0.25107
0.53204
-0.038633
-0.38486
0.89413
-0.60262
-0.026587
0.31194
0.60911
-0.29605
-0.32315
1.2276
-0.91528
0.72058
-0.13025
0.446
-0.22838
0.035689
-0.20479
-0.39722
0.1781
-0.35606
-1.046
-0.035502
0.19894
0.18162
0.52144
0.0028715
0.58101
-0.90524
0.26673
-0.55707
0.54306
-0.62237
1.19
-0.17389
0.12841
0.45815
-0.97834
0.87117
-0.16041
-0.34489
-0.097805
-0.20701
0.21499
0.54508
-0.55584
0.80173
0.31009
-0.39154
0.14647
-0.44121
0.39768
-0.88118
-0.36597
0.0058821
-0.12749
0.095729
0.39572
-0.29403
-0.076553
-0.02124
0.60702
-0.097745
0.29564
0.76802
-1.2663
0.88596
-0.25987
-0.24457
0.43019
-0.78228
0.87704
-0.038997
0.41343
0.47777
-0.42816
0.20458
-0.13312
-0.89011
0.17878
0.34937
-0.11149
0.28035
0.48913
0.89903
0.40118
0.29834
0.69938
-1.5086
0.86211
-0.26093
-0.48044
1.7141
-0.91742
-0.26603
0.20094
0.16937
-1.1916
0.95504
-0.83206
0.90235
-0.16044
0.099288
0.8943
-0.4405
-0.36903
0.45589
0.031263
0.075862
-0.52514
0.73088
-0.95508
0.82917
-0.15649
-0.3917
0.25342
-0.65813
-0.14173
-0.096749
0.34841
-0.1626
0.1684
-0.68168
0.59435
0.12388
-0.040984
0.45915
-0.54236
-0.34382
0.18889
-0.23024
-0.22777
-0.21713
0.276
-0.47776
0.39249
-0.074423
1.2736
0.25091
-0.42351
0.35103
-0.47395
-0.31248
-0.042975
-0.23784
0.072927
0.21271
-0.12617
-0.090588
0.6864
-1.058
-0.39391
0.72863
-0.93159
1.09
-0.94087
1.1856
-0.4519
0.86652
-0.57191
0.30304
0.097403
-0.55113
1.0373
-0.36423
0.49348
0.40508
0.09706
-0.42324
0.53673
-0.032809
0.5379
-0.38864
0.8916
-0.48155
-0.057687
0.47044
0.06567
-0.34506
0.072493
0.34952
-1.1489
0.4394
0.55216
-0.27823
1.0453
-0.15847
0.23439
0.84956
-1.3208
1.1281
-0.81851
0.91627
-0.15643
0.44517
-0.22805
0.15675
0.17183
-0.34955
-0.0034697
-0.43262
-0.28709
-0.54708
0.54778
-0.072344
0.070719
1.8117
-1.4114
0.99122
0.75378
-0.94641
-0.23337
1.2193
-0.91791
-0.21007
0.89451
-1.2016
-0.14358
-0.13406
-0.96456
0.20212
-0.023969
0.2077
-0.018798
-0.018677
0.0070511
-0.14629
0.75409
-0.17269
-0.65244
0.025755
-0.059835
-0.77449
0.0097128
-0.10147
-0.28402
0.41161
-0.70016
0.17336
0.24902
-0.24674
-0.082987
0.23185
0.57172
-0.30762
0.74082
-0.077023
0.20339
0.19324
-0.83089
0.72477
-0.7068
0.28313
0.06458
-0.05794
-1.0874
0.81164
0.022757
-0.1862
1.1745
-0.19479
0.71657
-0.39166
-0.35334
-0.74075
0.078233
0.92745
-0.23182
0.11504
0.72766
0.37235
-0.44033
0.52292
0.11798
-0.38893
-0.26516
0.30182
-0.30153
-0.83907
0.65925
-0.086719
0.17521
0.82183
-0.92299
0.24319
-0.62756
0.70318
-1.3511
0.33221
0.38319
-0.8075
0.30364
0.17825
-0.23162
-0.436
-0.074308
0.47966
-0.71471
0.52871
-0.2077
0.50981
0.1922
-0.81773
0.4942
0.29665
-0.43652
-0.0037082
0.31679
-0.85854
0.22353
0.4279
0.25373
0.1348
0.59396
0.10527
-0.72966
0.43494
-0.19816
0.5393
-0.45725
-0.031497
-0.18844
-0.27696
0.0037031
0.015216
0.38636
0.046239
0.09871
0.036778
1.0006
-0.82131
0.072858
0.11269
0.28378
-0.39141
0.18424
0.54212
-0.614
-0.085125
0.58942
0.27195
-0.83011
1.2399
-0.22415
0.13579
0.23101
0.18751
0.69979
-0.85282
0.43003
-0.50768
0.27406
-0.42297
-0.094156
0.233
-0.23504
0.29663
0.055775
1.0007
-0.78362
1.1463
-0.90815
0.59324
-0.52868
0.69788
-0.748
0.26384
-0.053355
0.12502
0.34887
0.05116
-0.30972
0.33331
-0.17954
-0.63652
0.28466
-0.23031
0.31794
-0.20948
-0.32734
0.4352
-0.3152
-0.50031
0.77332
-0.011357
0.060745
0.63183
-1.1639
0.95473
-0.64843
0.47202
0.33275
-0.76486
0.57924
-0.8303
0.30147
-0.15723
0.11643
0.77332
-0.78292
0.33748
-0.18913
-0.15215
0.64257
-0.11049
-0.77501
0.50354
-0.32619
-0.090286
0.2166
0.53619
-0.73817
0.50243
0.37173
-1.1766
0.60709
-0.13079
-0.29431
-0.26678
0.36654
0.70913
-0.99194
0.48645
-0.06077
0.71889
0.015481
1.187
-0.61924
0.18357
-0.15807
-0.29219
-0.34788
0.14546
-0.23342
-0.57661
1.6848
-0.66731
0.87086
-0.53189
0.68297
-0.4193
0.63919
-0.20125
0.36896
-0.0050836
-0.12016
-0.03007
0.41332
-0.014875
0.48954
-0.85499
1.1238
-0.23043
0.48726
-0.52012
0.25218
-0.51442
-0.019926
-0.97065
0.2957
-0.28556
-0.05641
0.12038
0.077399
-0.5046
0.79778
-0.32706
0.58646
0.05467
0.56137
-0.74867
0.047205
-0.020464
-0.69502
0.77323
-0.39048
-0.37846
0.5627
-0.89614
-0.31656
0.50483
-0.64747
0.72206
-0.090927
0.3294
0.15746
0.50354
0.1034
0.3836
0.27652
0.049717
0.75878
-0.64786
0.63246
-0.83035
0.21894
-0.68441
0.63017
-0.20027
-0.77882
0.44414
-1.0675
0.85273
-0.20127
0.86296
0.53492
0.68122
-0.80973
0.56929
-0.85287
0.51867
-0.011583
-0.076177
0.2518
-0.060847
-0.0088263
-0.71312
-0.5136
-0.10026
-0.2348
-0.23711
-0.28816
-0.71655
-0.027818
-0.41453
-0.56885
0.086749
-0.29307
0.20646
0.23409
-0.16803
-1.1081
0.48513
-0.22063
-0.80797
0.76602
0.48981
-0.61198
0.41401
-0.22803
-0.4249
-0.27626
0.45849
-0.7772
0.039638
-0.0017147
-0.38942
-0.061607
0.64056
-1.1613
0.72985
-0.30577
-0.57417
0.63346
-0.22777
-0.22674
0.5064
-0.63387
-0.30317
-0.32786
-0.26908
-0.030826
-0.10068
0.071203
0.55587
-0.12685
-0.036884
0.13823
-0.26444
-0.40135
0.17215
-0.27633
0.09577
-0.44378
0.015292
0.01894
-0.23266
-0.11047
0.44414
-0.096503
-0.18746
-0.65286
0.38924
-0.92627
0.088466
-0.6505
0.72285
-0.28004
0.21741
0.2988
-0.43497
-1.0214
0.98263
-0.53526
-0.98954
1.4436
-1.2926
0.74085
-0.90947
0.32751
-0.063969
0.23286
-0.6405
0.23561
0.083023
-0.62627
-0.32567
0.48999
-0.52999
0.27758
-0.85985
0.27571
0.0078677
-0.65907
-0.45345
0.49002
-1.0716
0.15998
-0.38689
0.32153
-0.42377
0.54294
0.91764
-0.88233
0.94534
-0.016115
0.013896
0.44454
-0.043859
0.54146
0.05969
0.55742
-0.1505
-0.91302
0.77028
-0.024906
-0.40554
0.62966
-0.089802
1.0408
-0.64956
-0.25334
0.60513
-0.98717
1.2404
-0.79744
0.057741
-0.37165
0.22252
-0.21067
0.41085
-0.0059731
-0.60788
0.69649
-0.66317
-0.61553
0.16041
0.44421
-0.58601
0.64589
0.52608
-0.48858
0.4073
-0.28786
0.54149
-0.47048
1.0364
-0.64284
-0.15233
0.5994
-0.42388
0.099559
0.97685
-0.012612
0.15819
0.17778
0.45215
0.073169
-0.3827
0.79059
-1.0387
0.83643
-0.34935
0.57619
0.40047
-0.64477
0.2202
0.33433
-0.13056
-0.47624
0.91401
0.013096
-0.31767
0.069589
-0.23705
0.3874
-1.3229
-0.084868
0.49776
-0.7368
0.14853
-0.2477
-0.79476
-0.42588
-0.16229
0.039446
0.46963
-0.29153
-0.014243
0.73717
-1.2769
0.43458
-0.014211
-0.38579
0.98705
-0.21967
-0.27746
0.596
-1.179
0.083311
-0.015906
0.025594
0.39455
0.0095489
0.68096
-0.31757
0.45583
-0.092045
-0.087448
0.39235
-0.62302
0.2204
0.15825
-0.8259
-0.19333
-0.12117
-0.82338
0.56349
0.59351
-0.25845
-0.23224
0.86828
0.2401
-0.83164
1.4719
0.18302
0.16766
0.15554
-0.10203
0.15603
-0.64316
-0.052202
-0.23202
-1.2881
-0.76846
-1.2787
0.62935
-0.66534
0.48264
0.63442
-1.1893
-0.054168
-0.060079
-0.55542
-0.25443
0.2289
0.78534
-1.2386
0.93868
-0.19079
-0.44696
0.51986
-0.4268
-0.044586
0.37515
-0.053583
-0.016914
0.48146
-1.0164
0.34859
0.11399
0.49963
-0.53723
0.46113
-0.65973
-0.35224
0.054159
-0.92989
1.3426
-0.76256
0.71786
0.40707
-0.85857
0.27537
0.28219
-0.031343
0.2092
0.11991
-0.62545
-0.24771
0.11652
-0.42629
0.29643
-0.45818
0.43052
-0.32347
0.053389
-0.039666
0.24923
0.43753
-0.17617
0.018896
-0.50939
-0.78392
0.014037
-0.27697
-0.5466
0.71622
0.025441
-0.19643
0.11407
0.56862
-0.81921
0.19137
0.59181
-1.4024
1.1652
-0.61134
0.73642
0.35287
0.30542
-0.59278
-0.13065
-0.068625
-0.19047
0.59715
0.17013
0.67908
0.0050867
0.032703
0.53142
0.2766
0.30934
-0.35634
0.68613
-0.78438
0.26616
0.86967
-0.58554
-0.16816
0.49236
0.024514
-0.74067
-0.34875
0.15809
-0.98341
0.27062
-0.2002
0.42694
-0.27402
0.12044
0.43763
-0.13066
0.63858
-0.66203
1.4108
-0.76132
-0.13822
0.52838
-0.50738
0.82423
0.14201
0.26468
0.51678
-0.15864
-0.64184
0.0053948
-0.24318
-0.28141
-0.15424
0.88577
-0.37496
-0.24886
0.87596
-0.41297
0.38325
0.15605
0.6714
-1.1591
1.2252
-1.0822
0.30407
0.34735
0.33524
-0.40702
0.48267
0.20806
0.34487
0.70737
-0.67029
0.13957
-0.40408
-0.82059
-0.30859
0.33484
-0.24525
-0.045309
0.53479
-0.92726
-0.3479
0.26142
-0.56209
0.20028
0.76176
-0.11561
0.51754
-0.084218
0.17463
-0.0051558
0.2455
-0.35155
0.22013
0.021506
-0.23914
0.26761
-0.37756
0.39691
-0.00091737
-0.11524
-0.034424
0.01515
0.097349
-0.30039
-0.25478
0.21126
0.39993
-0.1158
-0.032699
0.10706
-1.086
-0.58809
0.64431
-0.67472
0.88686
-0.43226
0.45916
-0.78885
-0.22243
0.4989
-1.1144
0.66261
0.23896
-1.3647
0.95373
-0.89502
-0.54493
0.032549
-0.39518
0.39847
-0.25748
-0.39292
-0.5238
-0.45262
-0.45528
-0.46647
-0.43799
0.92128
-1.225
0.67715
-0.3929
0.25313
-0.85506
-0.046423
-0.25894
0.14091
0.22993
0.07225
0.22175
-0.17134
-0.81236
0.70704
-0.60614
0.35494
-0.83316
0.93607
-0.19975
0.55929
-0.26186
0.10596
0.19525
-0.18374
0.50951
-0.47991
0.03719
0.56103
-1.0911
0.79557
-0.4661
-0.50714
-0.21573
0.63104
-0.42502
0.28793
-0.69922
-0.096355
0.30007
-0.93481
1.2908
-0.56134
0.12888
0.8273
-0.15108
0.56651
-0.74928
1.5354
-1.1253
1.8685
-0.9861
1.0989
0.40839
-0.20712
0.053045
0.53912
-0.73526
0.25754
0.065972
-0.36446
-0.33848
-0.17435
-0.14677
-0.069046
0.20411
-0.23001
0.3247
0.037688
-0.15714
-0.15383
0.77572
-0.48708
0.1327
-0.024801
-0.90631
0.21498
-0.59398
-0.88574
0.66512
-0.19055
1.0018
-0.49995
1.7738
-0.75967
0.57438
0.32825
-0.072154
0.51323
-0.61142
0.2765
-0.26692
0.06644
-0.14428
-0.31839
0.11354
0.038967
-0.084681
0.24238
0.5744
-0.85048
0.72466
-0.72362
-0.038223
-0.14988
0.22717
0.18056
-0.29807
0.054933
-0.7076
-0.40148
0.063354
-0.012733
0.73516
0.58293
-0.41863
0.73973
0.24466
-0.0093591
-0.077766
-0.11628
0.020343
0.049942
0.59881
-1.115
0.6768
-0.13209
-0.8502
-0.49579
-0.18139
-0.33326
0.56628
-0.61758
0.44076
-0.82902
0.56444
-0.81716
0.0015038
-0.28279
0.59106
0.36548
-0.40943
0.13096
-0.53461
-0.36571
-0.049074
-0.43842
0.83109
0.18966
0.3963
-0.50103
0.55619
-0.55344
0.082825
0.2065
-0.66812
0.72289
-0.47015
-0.049147
0.7941
-1.046
0.82363
-0.63197
0.28209
-0.11259
0.032898
0.34939
-0.71816
1.444
0.26025
0.3695
0.34845
-0.89642
0.49451
-0.76331
0.41071
-0.1953
0.16595
0.017568
0.53089
-0.93527
1.1906
-0.90427
0.55957
-0.029723
-0.47349
0.065304
0.39261
-0.45569
0.85318
0.52497
-0.56424
0.96371
-0.060818
-0.20747
0.15222
0.3889
-0.3697
0.95031
0.49833
0.42067
-0.17522
0.30248
0.041994
-0.83211
-0.018238
0.48552
-0.50939
0.031309
-0.08692
-0.053586
0.16994
-0.20978
0.27365
0.18311
-0.90176
-0.3302
-0.20164
0.27009
0.2385
-0.49736
0.72378
0.47665
-0.71996
0.55522
-0.47211
-0.090992
-0.13335
0.26001
-0.080288
0.85419
-0.12682
0.22164
-0.059389
-0.19635
0.15022
-0.11129
0.27717
-0.49594
0.57819
0.66035
-0.51173
0.30753
-0.33231
-0.029331
-0.56121
0.79518
-0.28628
0.065927
0.67574
0.57824
-0.9653
0.66728
0.054514
-0.066633
-0.34168
0.25654
-0.4609
0.7461
-0.40986
0.37589
-0.079603
0.87325
-0.87588
1.0276
-0.30843
-0.57575
0.93314
0.36403
0.29215
0.29213
-0.0021144
-0.37409
-0.097516
0.099319
-0.86896
0.61155
-0.53074
-0.19256
-0.064513
0.15716
0.047869
-0.8448
1.0908
-0.41445
-0.3481
1.5307
-0.94136
1.0144
0.38093
-0.43119
0.43569
-0.47011
-0.17423
0.61822
-0.44735
0.077766
0.35933
-0.12555
1.3503
-0.29167
0.55657
-0.30459
-0.26801
-0.361
-0.50574
0.045026
-0.4301
-0.16632
0.28341
0.18986
-0.12921
0.29484
-0.44134
-0.34144
0.42462
0.064696
-0.49494
0.98882
0.33742
-0.60842
1.9233
-1.7027
0.27825
0.65855
-0.65194
0.8806
0.39988
0.12568
0.34423
-0.58457
0.4816
-0.98333
-0.077632
0.68829
-0.66586
1.1805
-0.35254
0.19645
0.25211
-0.53397
0.64139
-0.43214
0.40529
-0.76247
-0.73826
0.41423
-0.73242
0.23016
-0.15279
0.070019
-0.90621
0.60048
-1.0638
0.85641
0.00099698
-0.04994
-0.091106
-0.36721
-0.059662
-0.56936
0.20023
0.52597
-0.51066
0.17166
-0.56893
1.0222
-0.92738
0.62003
-0.51167
-0.22241
-0.21782
-0.51925
0.81098
0.3402
-0.050598
0.78596
-1.0228
0.21631
0.0344
-0.33814
0.41902
0.31309
0.063908
0.47694
-0.054192
0.12791
-0.016599
0.16466
-0.7683
0.41578
-0.29626
0.69306
0.23325
0.58896
-0.03327
0.72899
-0.53581
0.28455
-0.22783
0.66247
0.057264
0.14612
0.4182
0.17842
-0.062597
-1.2709
1.2591
-1.2528
-0.42445
1.375
-0.95249
-0.26611
0.53334
-0.50989
0.65616
-0.27259
1.0774
-0.086511
0.14373
1.0884
0.2592
-0.97979
0.13142
-0.63664
0.41216
-0.62684
0.76056
-0.29204
-0.27386
0.65253
0.36815
-0.025455
0.67203
0.65157
-0.64673
0.6093
0.24415
-0.41968
0.94955
-0.27612
-0.18871
-0.5379
-0.30685
0.33256
-1.104
1.3949
-0.54326
0.27279
0.35979
-0.3853
0.42965
0.081496
-0.11583
0.094715
0.42061
-0.36828
0.55005
-0.54025
1.0438
-0.031327
-0.3463
0.50836
-0.19067
-0.15717
-0.4366
0.13575
-0.63599
-0.31701
0.016841
0.52873
-0.50618
0.77204
-0.66474
-0.13979
-0.38936
-0.40261
0.26515
0.28391
0.081679
0.37213
0.15503
-0.14392
0.25786
-0.56461
0.52209
0.4041
-1.0212
0.55447
-0.64052
-0.38294
0.046767
0.034772
1.099
-1.3558
0.57011
0.58905
-0.71728
0.74625
0.0062782
-0.2452
0.22163
-0.11524
-0.73335
0.94177
-0.97702
0.43275
0.067478
-0.61007
0.87884
0.068789
-0.47433
0.81185
-0.12244
-0.71933
1.1729
-1.2643
0.05426
1.1775
-1.4938
0.61759
-0.33363
0.0062583
-0.025682
0.36257
0.124
-0.34067
0.48935
-0.24655
0.14845
-0.30435
0.16191
-0.59905
0.032057
0.16213
-0.28476
0.93455
0.1596
-0.04323
0.32759
0.18236
0.14936
-0.43409
0.74097
-0.21998
0.75522
-0.0368
-0.67278
0.39514
-1.7196
0.61966
-0.58616
0.095087
-0.069056
0.3505
-0.53156
0.00138
-0.44711
0.081892
-0.56036
0.28311
0.048557
0.23002
0.022064
0.1327
-0.054001
0.28098
-0.082111
-0.52759
1.1045
-1.1113
0.36274
0.0098382
-0.68865
0.50861
-0.57268
0.0098498
0.57063
-0.5778
0.90108
-0.83767
0.65103
-0.6616
0.71594
-1.178
0.29885
0.37488
-0.7909
0.45552
0.085382
-1.0706
0.35129
0.20488
-0.30195
0.47298
0.11186
-0.58595
0.46842
-0.50289
0.50613
-0.0064025
-0.13707
0.31955
-0.30884
-0.085206
0.26886
-0.27214
0.7627
-1.2553
0.87475
0.55033
-0.74131
1.0184
-0.3238
0.12907
-0.594
0.38594
-0.30764
0.28945
-0.75431
0.52457
-0.8426
0.16485
-0.38452
0.34373
-0.051018
-0.32183
0.39192
0.16654
-0.097737
-0.66957
0.67388
-0.81677
0.52804
-0.042423
-0.62097
-0.069041
-0.090216
-0.70214
0.072437
0.06804
-1.0784
-0.09137
-0.076955
-1.3199
0.011785
-1.3117
0.58222
-1.164
0.72147
0.085846
-0.26411
0.89099
-0.86931
-0.14898
0.45823
-0.24037
0.59488
-0.25982
-0.27878
-0.80827
0.60902
-0.26
-0.21345
1.2133
-1.2672
0.22186
0.11938
-0.15032
-0.87491
0.8599
-0.54362
-0.44297
0.045233
0.59493
-0.23878
0.42105
-0.43315
0.31241
0.054589
-0.0053168
-0.73026
1.0352
-0.99284
0.53258
0.22556
0.2851
0.61425
-0.39078
0.040243
-0.042385
0.022521
0.16149
-0.36109
0.34688
0.47364
-1.6708
1.0244
-0.50554
0.059234
-0.12904
0.28703
0.9275
-0.68264
0.51678
0.19254
-0.42635
0.66347
-1.4636
0.019291
0.80781
-1.1867
0.84596
-0.21886
0.42983
-1.1843
0.96618
-0.85744
0.079772
-0.10196
0.34082
-0.042109
0.80267
0.16257
0.81415
0.22861
-0.16131
0.92117
-0.78245
-0.16624
0.44993
-0.046433
-0.29711
0.47625
-0.28575
-0.44282
-0.1462
0.25491
-0.72501
0.16736
-0.58406
-0.78789
0.27599
-0.17927
-0.44061
0.20417
-0.19123
-0.29054
0.3436
-0.28578
0.20856
0.010768
0.080178
0.18993
-0.52532
1.2727
-0.83413
0.74226
-1.0194
0.73396
0.5629
-0.78487
1.0285
0.18485
-0.078402
0.6746
-0.1868
-0.70785
0.43816
-0.08073
-0.3358
-0.036233
1.0777
-0.98449
0.90567
-0.69753
0.38235
-0.5964
0.52458
-0.2806
0.14727
-0.12421
0.4258
-0.77842
0.41052
-0.8606
1.2277
-0.58299
0.16437
0.039211
-0.19736
0.099758
-0.52462
0.34256
-0.0060866
-0.12803
-0.66738
-0.11356
-0.034133
-0.83345
-0.14841
0.57804
-0.36649
-0.33835
0.17867
-1.2336
0.044938
0.11051
-0.55699
0.095282
0.46891
0.24147
-0.011755
0.56304
-0.39193
0.091985
-0.41141
-0.18356
-0.45595
0.57819
0.17418
-0.14335
0.1903
-0.13959
-0.25325
-0.050301
0.25116
-0.35315
0.45028
0.18149
-0.15794
0.35008
0.11229
0.40272
0.14667
-0.48081
0.44759
-0.80979
0.47321
-0.69106
0.7971
-0.45731
0.58124
-0.090914
0.4769
-0.30477
0.12847
-0.025941
0.26985
-0.15969
0.98204
-0.28944
0.13636
-0.39777
0.17455
-0.22182
0.40697
-0.51403
0.86193
-0.52676
0.25505
0.22428
0.43055
-1.2695
1.4145
-1.1476
-0.041107
0.17386
-0.43894
0.94891
-0.24368
-0.25597
0.52172
-0.41213
0.65169
-0.87171
0.091526
-0.058592
-0.19195
0.67846
-0.12239
-0.37455
0.51683
0.14841
-0.43302
0.44428
-0.43287
-0.46454
-0.28837
-0.96278
0.63514
-1.1453
0.95992
-0.7668
0.93617
0.25521
-0.24535
0.32963
-0.54951
0.39964
0.40294
-0.63415
0.67243
-0.35954
-0.6031
-0.44441
0.079763
-0.20651
0.63654
0.12895
0.51996
-0.7324
0.93957
-0.50881
-0.21864
1.2101
-1.1199
-0.39319
0.8366
-0.42897
-0.3249
-0.17826
0.58941
0.11735
-0.014626
-0.61038
0.3327
0.10286
-0.66925
0.67312
-0.53422
0.1105
-0.38665
0.063615
-0.34909
0.045691
0.78039
-0.347
0.19208
-0.25862
-0.28242
0.55108
-0.53101
-0.02942
0.11477
-0.37871
0.089571
-0.13728
0.19643
0.15755
-0.45561
0.3345
0.35752
-0.22238
-0.073933
0.33548
0.16296
-0.60915
0.59702
-0.22298
-0.70744
0.27105
-0.035976
-0.076364
0.16627
-0.30242
0.18422
-0.32825
0.71903
-0.41476
0.10674
-0.071681
-0.70081
0.1671
0.067645
-0.58853
-0.038448
-0.73259
0.19921
-0.48793
-0.34505
0.69972
-0.37045
0.82011
0.51782
-1.0316
0.96499
-0.27043
0.16435
-0.59057
0.14844
0.64361
-1.056
-0.30614
0.49277
0.54983
-0.70065
0.3766
0.55608
-0.72241
0.054361
0.24331
-0.56763
-0.10684
-0.0984
-0.56026
1.139
-1.7424
1.5734
-1.4443
1.3302
-1.037
0.1377
-0.05704
0.10239
-0.5151
0.98736
0.02622
-0.23764
0.019051
0.44509
-1.1118
-0.15331
0.094833
-0.30019
0.19199
-0.30622
0.4036
0.075124
-1.0444
-0.0058956
0.30878
-0.41366
0.49612
-0.097845
-0.45105
-0.14463
0.0059954
0.22631
-0.15822
0.47924
-0.88434
-0.25685
-0.47263
-0.51816
-0.024182
0.2423
-0.27857
0.23374
-0.54779
0.092179
-0.52526
-0.77008
0.37967
-0.52565
-0.36206
-0.012623
0.083689
-0.71729
0.67124
-0.87302
-0.0035488
0.063336
0.067964
0.62089
-0.4139
0.44654
0.042734
0.12954
-0.23336
0.02013
-0.61456
-0.10222
0.49684
-1.3025
0.88123
-0.78623
0.34079
-0.32736
-0.97113
0.44612
-0.33736
-0.095773
0.3374
0.82169
0.14183
0.52918
0.42559
0.39082
-0.10088
-0.074641
-0.30588
0.010215
-0.53532
0.050343
0.42738
-0.0097701
-0.23103
-0.21743
0.10888
-0.211
-0.11503
0.59201
-0.23735
-0.0074765
0.46625
0.11875
-0.47593
0.20673
-0.12885
-0.58361
0.08874
-0.39776
-0.30144
0.69922
-0.45384
0.23377
-0.15011
-0.37733
0.49423
-0.066972
0.27377
-0.14724
-0.059274
-0.90292
0.36107
-0.87965
-0.027244
-0.19906
0.32656
0.070967
0.21841
0.067766
0.032181
-0.0087602
0.60783
-0.41127
0.98128
-0.88138
0.24201
-0.14013
-0.39645
0.29907
-0.23349
0.3017
-0.59672
-0.16004
0.013572
-0.25595
-0.14111
0.34714
-0.20668
0.15836
0.0088046
-0.23986
-0.24388
-0.14745
-0.52989
1.0578
-0.70035
0.4281
-0.0057187
-0.5503
0.46829
-0.33532
0.61051
0.12903
0.17219
0.35269
0.0065556
0.14006
-0.15552
0.49413
-1.0309
0.9276
-1.0202
0.47623
-0.54839
-0.13106
-0.27886
0.28318
-0.64212
-0.4592
0.41007
-0.45487
