-0.72288
0.59137
-0.84932
0.38942
-0.516
0.56464
-0.34115
0.30813
0.71515
-0.43624
0.89121
0.18295
0.85311
0.18395
-0.38619
-0.69817
0.99166
-0.20755
-0.25245
-0.94046
-0.2657
0.3042
0.68827
-0.25055
-0.91596
0.5155
-0.47346
0.33499
0.56514
0.32088
-0.90926
0.047723
0.074379
0.091882
0.26363
0.78024
-0.52984
-0.53945
-0.61641
-0.07539
0.91468
0.94775
0.85005
0.75611
-0.97753
-0.082782
0.68036
-0.99616
0.82787
-0.95892
0.019325
0.78818
0.95078
-0.27908
-0.56553
-0.86968
-0.65035
-0.35712
-0.15877
-0.40546
-0.55238
0.1667
0.016814
-0.30103
0.21512
0.55587
0.40485
0.49411
0.44778
-0.11304
0.20876
0.58694
0.68469
-0.47496
-0.61414
0.21351
0.44638
0.33189
0.99894
0.13856
0.7151
0.63074
0.774
0.8546
0.79849
0.60902
-0.25018
-0.76517
0.50102
0.41212
-0.13653
-0.67851
0.21146
0.059224
-0.61399
0.72053
-0.27176
-0.053943
-0.61525
-0.54402
-0.46468
0.044257
-0.76769
-0.82783
-0.17311
-0.92278
0.57591
-0.65623
0.7675
-0.58981
-0.91605
-0.03205
-0.65922
0.54339
0.75157
-0.41654
-0.77174
-0.69353
-0.65526
-0.92928
-0.44965
-0.35823
-0.3818
-0.89091
0.47886
0.23178
-0.51014
0.23151
0.050228
0.17928
-0.91859
0.59207
-0.79802
-0.38263
-0.86531
0.65509
0.12631
0.9122
-0.6216
0.72829
0.37875
-0.40869
-0.79726
0.96566
0.49557
0.98662
0.1455
0.78825
-0.58541
-0.99184
0.09199
0.079736
0.12398
-0.32444
-0.8533
0.56205
0.39386
-0.34906
-0.5924
-0.51292
-0.59628
0.33744
-0.60299
-0.47211
-0.75357
-0.77835
0.72319
0.65078
-0.35096
-0.50557
0.95141
0.38409
-0.53839
-0.79756
-0.5224
-0.94884
-0.0447
0.72591
-0.81316
0.37871
-0.68131
0.90068
-0.52231
-0.21783
-0.34248
0.85951
-0.13562
0.6334
-0.41985
-0.39696
0.24783
0.34331
0.35391
0.2477
0.60554
-0.91593
-0.081765
-0.23164
0.85605
-0.38746
-0.017579
0.54374
0.99277
0.58083
0.084977
0.20676
0.9706
0.89556
-0.3248
-0.93168
-0.78726
0.49796
-0.80862
-0.39841
-0.040815
0.014359
-0.66037
-0.87377
0.091022
0.55149
-0.10864
0.82394
-0.079842
0.09086
-0.91888
0.30173
-0.82254
-0.46965
-0.7888
-0.84622
0.63449
-0.096377
0.18646
-0.19671
-0.048235
-0.68688
-0.32469
0.88198
-0.48331
0.96411
-0.14434
0.015656
-0.87689
-0.66891
0.039632
0.091386
-0.41936
-0.083274
0.41381
0.82837
0.43139
0.33824
0.16648
0.75286
-0.60589
0.84086
0.34632
0.59677
-0.1203
0.072896
-0.83196
-0.71342
-0.41761
-0.83228
-0.095143
0.99464
0.93775
0.72397
0.98076
0.95638
-0.27186
0.87461
-0.37092
-0.031752
0.34071
0.24857
-0.25472
0.97214
0.77448
0.73468
0.17345
-0.19394
0.41576
-0.30626
0.64359
0.83499
-0.24435
-0.75262
0.77952
-0.63228
-0.65131
-0.79902
-0.57172
-0.83286
0.04407
0.6908
0.3319
0.24633
-0.0095605
-0.68398
0.38632
0.81388
-0.89832
0.81782
-0.79313
-0.72836
-0.9608
-0.16938
-0.76701
0.93264
0.88283
-0.25054
-0.88665
0.0040192
-0.44853
-0.49302
-0.22872
-0.16908
0.20942
-0.23862
-0.45063
0.27044
-0.70768
0.078483
0.88387
-0.94113
0.35266
0.98262
0.99624
-0.89189
0.99359
0.047572
-0.4606
0.73923
0.18856
0.81777
0.75622
-0.91479
-0.91319
0.065216
0.079329
0.34995
0.25468
-0.72485
-0.51669
-0.048333
-0.33379
-0.24011
-0.084528
-0.65718
0.85213
-0.31119
-0.67612
-0.16384
0.32298
0.26301
0.33836
0.79591
0.80756
0.5878
-0.87134
-0.99743
-0.9853
-0.96332
-0.64697
-0.8908
0.29945
0.88178
0.086922
0.89614
-0.5759
0.85104
-0.52888
-0.29467
-0.1978
-0.88251
0.00088816
0.10072
-0.36487
-0.32588
0.99128
0.4912
-0.45103
-0.53733
0.71797
-0.85269
0.78897
0.24161
0.77119
0.9638
-0.54011
0.28816
-0.93457
0.76061
0.97365
-0.42698
-0.1969
0.75557
0.8589
-0.47101
-0.32809
-0.22986
0.65993
-0.60107
-0.18834
0.23839
0.14024
0.62252
0.67724
0.44496
0.50337
0.13804
-0.44332
-0.0067031
-0.61256
-0.68841
-0.65882
-0.86432
-0.6018
-0.91652
-0.45276
0.49008
0.77862
0.33463
0.14524
-0.92033
-0.95867
-0.92548
0.068833
0.8825
0.19277
-0.19008
-0.75232
-0.2076
0.89948
-0.37518
0.34158
0.9759
0.030424
-0.66798
0.11743
-0.67057
-0.25418
0.0066043
0.49489
0.99868
0.80562
0.72958
0.089645
0.66947
-0.14201
-0.83915
0.46729
0.9883
0.99859
-0.28671
-0.79187
-0.99531
-0.11018
0.16756
0.15894
-0.75291
-0.7873
-0.18135
0.036106
0.82553
0.70376
0.12943
-0.73953
0.12357
0.7081
-0.076037
-0.93072
-0.27262
-0.64926
-0.056739
-0.54477
0.38817
0.0082188
-0.76825
0.1338
-0.88012
0.7324
-0.47356
0.88787
0.45751
-0.68586
0.73795
-0.979
0.72773
0.94866
0.13193
-0.82232
-0.71723
-0.55219
-0.61744
-0.65094
-0.44885
-0.40562
0.79198
0.76443
-0.29896
-0.6069
-0.13122
0.65586
-0.97042
0.21121
0.50943
-0.17174
0.67023
-0.46841
0.80431
-0.53907
-0.14986
-0.71486
-0.67665
-0.46345
0.84549
0.22173
0.62545
0.010403
0.84179
0.89439
-0.10602
0.14671
-0.23297
0.50007
0.70994
-0.086798
-0.8062
0.30227
0.16377
0.48299
0.0070751
-0.45719
-0.019945
0.78807
-0.9739
-0.4732
-0.31502
-0.63879
-0.53758
0.97258
0.1651
-0.88798
0.76186
0.53512
-0.17436
-0.99697
-0.4831
-0.99255
0.62034
0.10107
0.64281
-0.21206
-0.1556
0.81654
-0.68066
-0.60413
-0.34401
0.28586
0.37169
-0.24611
-0.9578
0.23677
-0.53943
-0.18708
-0.17541
-0.08856
-0.42331
-0.60484
0.41915
0.69077
-0.159
0.81419
-0.3299
-0.59779
0.9494
0.94515
-0.90588
0.81787
-0.0086911
-0.071301
0.96091
-0.35714
-0.44421
0.83617
0.14833
-0.98969
0.27909
0.61229
0.67642
0.63654
0.33301
0.18911
0.91024
-0.0097394
0.46764
-0.40308
-0.62888
0.41776
-0.70051
0.59363
-0.89356
-0.02178
-0.053151
0.69512
-0.89558
0.90391
0.060557
-0.22454
0.078716
0.98363
-0.077345
0.065087
-0.084271
-0.34638
-0.85825
0.39199
0.1227
0.16342
0.64841
-0.50713
-0.14133
-0.3258
0.70115
0.19742
-0.014924
-0.82635
-0.39305
-0.031574
-0.66405
-0.66145
0.96935
-0.11857
0.6948
-0.81055
-0.9572
0.87631
0.34522
0.089283
0.57981
0.83118
1
-0.31793
0.98059
0.63424
-0.34307
0.87885
0.82683
-0.058917
-0.223
-0.030919
0.35136
-0.64462
0.36483
-0.1854
0.017209
-0.77584
0.40462
-0.12622
0.41938
0.52779
0.60932
0.7802
0.88509
-0.3269
-0.22352
-0.71222
-0.36168
-0.781
-0.34043
0.35232
-0.62577
0.72862
-0.12143
-0.98789
-0.85882
-0.26919
-0.29723
0.50737
-0.66549
-0.92226
-0.38936
0.055264
0.8185
0.53889
-0.8573
-0.21338
-0.57563
-0.57872
-0.51134
-0.13219
0.28112
0.37552
0.21427
-0.76652
-0.91602
0.38301
-0.68416
-0.68395
0.80266
0.92648
0.36113
0.98278
-0.49025
0.9999
0.30892
-0.017884
-0.57621
-0.38787
-0.87196
0.95965
0.90602
-0.45246
-0.53637
-0.79854
0.44093
0.34912
0.93841
-0.11702
-0.79969
-0.43368
-0.92252
-0.78377
-0.83433
-0.50265
-0.0063823
0.7321
0.46876
0.43381
-0.80954
-0.90349
-0.91251
-0.63049
-0.58101
-0.97594
-0.68724
-0.50936
-0.75049
0.50051
0.035763
-0.92943
-0.84051
-0.97799
0.86786
0.058962
-0.56318
0.97542
-0.1892
0.033102
-0.19693
0.35101
-0.63793
0.28105
0.20041
0.29722
-0.44884
0.29153
-0.22152
0.97784
0.51341
0.78443
0.87097
0.46136
0.020463
-0.081809
-0.97059
0.99762
-0.67883
0.86923
-0.84574
-0.27329
0.89238
0.2264
-0.84208
0.74452
-0.83745
0.59705
-0.93829
0.17605
0.8133
-0.87331
0.13936
0.039806
0.26843
-0.54927
0.36874
-0.35245
-0.62336
-0.53134
-0.83299
0.00071493
0.015848
0.36075
-0.88202
-0.076508
0.1379
-0.30435
-0.99389
0.74041
0.036402
-0.98212
-0.19023
0.80722
-0.88262
0.89008
-0.48571
0.58878
-0.33499
-0.19133
0.29593
-0.33718
-0.95162
0.19885
0.087789
-0.53096
0.20561
-0.39329
-0.058335
-0.4345
-0.66699
-0.027325
0.74457
0.060571
0.79475
0.023223
0.30201
-0.063077
-0.13147
0.98844
0.41029
-0.27435
0.9891
0.99208
-0.10881
-0.71169
0.67112
-0.44282
-0.45782
-0.59792
0.68129
0.49948
0.4105
0.47352
0.22116
0.12269
0.42237
0.85415
-0.17608
-0.32239
-0.49138
-0.45911
-0.5699
-0.25967
-0.70114
-0.26804
-0.98799
0.80135
0.29664
-0.39948
-0.98128
0.0043195
0.59769
-0.61029
0.92608
0.59378
-0.39338
0.51387
0.60066
-0.76833
0.59451
-0.11362
0.46037
-0.51429
-0.35657
0.29626
-0.82358
0.10475
0.59228
0.51923
0.23324
0.32915
0.66013
0.76278
0.068385
0.67089
-0.65395
-0.90955
0.86007
0.90671
-0.86872
-0.64875
0.38453
0.83725
-0.27063
0.98648
-0.51071
0.42613
-0.10188
-0.29451
0.21745
0.67999
0.58534
-0.20356
0.82625
0.76335
-0.34513
-0.5434
-0.97282
-0.15673
-0.19072
0.61603
-0.40052
0.4056
0.93961
-0.55953
0.015592
0.058829
-0.77947
0.74197
0.34604
-0.080114
-0.47174
-0.55554
-0.97779
0.24085
-0.04818
0.24596
-0.072649
0.99155
-0.86632
-0.81212
0.94321
0.55668
0.038993
-0.64245
0.36644
-0.34081
-0.24525
-0.14724
0.73684
0.0070385
0.15163
0.29635
0.34498
0.43696
0.52458
0.69002
-0.7501
0.75274
-0.84961
0.53744
0.77831
-0.9685
0.97621
0.99298
0.40307
0.42456
-0.34326
0.86796
-0.11397
0.47206
-0.12674
-0.0936
0.86258
0.63605
0.55584
-0.61588
0.37961
0.8467
0.51931
0.037475
-0.16496
-0.1104
-0.46217
0.26547
-0.26898
-0.67944
0.63916
0.42832
0.85312
-0.78989
0.46274
-0.89598
-0.93584
-0.7471
-0.52539
-0.99819
-0.99921
-0.17255
-0.01792
0.82368
-0.44239
0.82314
0.58484
-0.73858
-0.62021
0.19505
0.17655
