-0.23698
-0.55173
0.59884
0.28817
-0.57383
-0.42254
1.049
0.84571
-0.75655
-0.81018
-0.22089
0.17525
0.57616
0.034807
-0.65922
-0.028661
-0.0044977
-0.26549
-0.0084674
0.35833
0.09628
-0.36925
0.33231
0.087886
-0.64827
-0.15178
0.073687
-0.024299
0.013084
-0.2773
-0.15527
-0.20164
0.22331
0.473
0.0078198
-0.3487
-0.11067
0.73807
-0.29561
-0.72493
0.5148
-0.11568
-0.62595
0.19389
0.82437
0.062581
-0.09079
0.2297
-0.60926
0.031682
0.46656
-0.30583
-0.42585
0.73302
-0.047349
-1.4554
-0.087448
0.93242
0.038084
0.58096
0.23062
-0.3104
0.91528
0.18857
-0.065146
0.19743
-0.40774
-0.64402
-0.018291
0.29789
0.21973
-0.39964
-0.095279
-0.51559
-0.34656
1.4358
0.36428
0.10918
0.085627
-0.89955
-0.70167
0.12832
1.2325
0.61473
-0.96061
-0.19012
-0.0082785
0.75189
0.29012
-0.5427
-0.1963
-0.90312
0.63988
0.15062
-0.63789
0.65744
0.23619
-0.54813
-0.17432
0.46117
0.031904
-0.0066052
0.41451
0.0084612
-0.42455
-0.1725
0.21504
-0.18293
-0.15734
0.34381
0.19843
-0.19999
-0.56504
0.25226
0.20309
-0.017078
-0.39986
-0.48803
0.89772
0.23907
-0.46363
0.42098
0.12733
0.54602
0.46109
-1.6027
-0.78206
1.0734
0.27483
-0.48215
-0.46397
0.43486
0.26304
-0.82253
0.17753
-0.47119
-0.57348
0.37438
1.2868
0.32256
-1.1405
0.12146
0.79874
-0.26873
-0.24966
0.57224
-0.098667
0.26927
0.22012
-0.37886
-0.40542
-0.18679
-0.14906
0.16779
0.49997
0.017074
-0.27614
0.11676
-0.026488
-0.41285
-0.31771
-0.4818
1.1396
0.58906
-0.19678
0.55079
-0.65437
-0.34277
0.22993
0.050373
0.079465
0.36061
-0.27919
-0.52194
0.13658
-0.29362
-0.26021
0.47221
-0.027862
-0.55338
0.12132
0.67682
0.1502
-0.5779
0.26092
0.13322
-0.61144
0.23427
0.40618
-0.81399
-0.24726
0.89073
0.25537
-0.49497
-0.53553
0.50293
-0.0012615
-0.47009
1.1296
-0.11443
-0.5224
0.1143
0.08842
0.30432
0.052544
0.19396
0.38649
0.0094528
-0.20376
-0.43041
-0.64502
-0.18398
0.49471
-0.095464
-0.19637
0.074819
-0.81435
0.73634
0.25567
-0.5269
0.50671
0.058663
-0.27088
0.37447
-0.32147
-0.36809
-0.72874
-0.11002
1.0728
-0.64858
-0.1699
0.55591
-0.14205
0.27348
-0.25304
-0.47014
0.59904
0.40259
-0.29476
-0.66933
0.13372
1.0148
0.3166
-0.67726
-0.52471
0.53124
-0.28459
-1.0056
0.55138
0.25605
-0.76673
0.66419
0.342
-0.64764
0.57479
0.19419
-0.78834
-0.18405
0.79819
-0.2968
-0.5762
0.78822
0.36281
-0.10643
0.24871
0.42623
-0.65333
-0.52252
0.69533
-0.32648
-0.67913
0.32286
0.17451
-0.33632
-0.044031
0.65519
0.40246
-0.95322
-0.86243
0.11238
0.96366
0.088699
-0.40421
0.43663
-0.28055
-0.028913
-0.36563
-0.51169
0.35653
0.6485
0.021106
-0.2659
-0.1202
-0.125
0.43471
0.017514
-0.18733
-0.5066
-0.13999
0.19589
-0.19635
1.0232
0.78477
0.35537
-0.10105
-1.0745
-0.72173
0.36238
0.51727
-0.86716
-0.60926
0.44801
0.28419
0.54595
0.14189
-0.80996
0.21906
0.27382
-0.41586
0.32294
-0.31448
0.49247
0.66041
-0.10776
0.44102
-0.38703
-0.45817
0.096593
0.027602
-0.15096
-0.13216
0.041411
0.27852
-0.27921
-0.67746
-0.20466
0.010645
0.23563
0.32965
-0.38738
0.99111
0.76216
-1.2729
-0.52013
-0.15635
-0.22608
0.55044
0.40775
-0.20536
-0.1171
-0.57955
0.12297
0.49285
-0.40167
0.41578
0.55358
-0.3945
0.26326
0.46674
-0.24979
-0.18625
0.066507
-0.063738
-0.46686
0.89921
0.49876
-0.91567
-0.0036397
-0.52735
-0.24252
0.74726
0.77888
-0.87951
-1.206
0.2994
0.12087
0.15001
0.28332
0.1428
0.18836
0.010382
-0.50289
0.015551
-0.070704
0.62265
-0.33756
-0.30424
0.61263
-0.23793
-0.89049
-0.032636
1.2215
0.18391
0.59245
0.17195
-0.85244
-0.86089
-0.48599
0.51426
0.48475
-0.041178
-0.81048
0.44357
0.50098
-0.53936
-0.25547
0.17397
0.60223
0.3453
-0.32484
0.010447
0.51834
-0.15528
-0.12809
0.40976
-0.14513
-0.34717
0.12586
-0.10029
-0.35973
0.015941
0.35725
-0.0021326
0.39161
-0.12794
-0.21117
-0.022479
-0.58886
0.21365
-0.18714
-0.38674
0.50219
-0.19324
-0.47845
-0.071224
0.095666
0.78331
0.8439
-0.47272
-1.0049
-0.043285
0.87272
0.13355
-0.35725
-0.18809
-0.86733
0.46191
1.2212
-0.25308
-0.5868
-0.13985
-0.24247
0.67244
0.46466
-0.99329
-0.062163
0.26707
-0.32715
0.33247
0.30975
-0.35061
-0.05926
-0.54377
-0.042542
0.74679
-0.88994
-0.14848
0.31917
0.081603
0.24827
0.6561
0.96657
-0.77922
0.062118
0.49243
-0.74511
-0.74454
-0.13703
0.43012
-0.17035
-0.26175
0.39897
0.66054
-0.006467
-0.99574
-0.50761
0.13464
0.12023
0.78331
0.30252
0.061493
-0.11445
-0.82728
0.044284
0.72559
0.12662
0.17811
0.54635
-0.50329
-0.081576
0.09171
-0.2405
0.022358
-0.44367
-0.2812
0.52055
0.72164
0.050265
-0.44216
-0.6869
0.096001
0.63116
0.61488
0.070689
-1.0638
-0.05549
0.23873
0.40562
0.274
0.063611
-0.1248
-0.89454
0.58391
0.36613
-0.53943
0.24059
-0.059671
-1.1507
-0.035587
1.6216
0.15388
-0.69301
-0.28128
-0.54469
-0.087921
0.092057
0.57776
0.34574
-0.30954
0.17791
0.021323
-0.023044
-0.4217
-0.45571
-0.14723
0.32045
0.042877
-0.0052575
0.48006
0.23066
-0.33527
-0.61141
0.29587
0.3953
-0.33132
-0.73626
0.30212
0.035588
-0.22968
0.033156
0.17099
0.24805
-0.47959
-0.018049
0.53008
0.10868
-0.14898
-0.32557
-0.22294
0.63285
0.1968
0.16431
0.14175
0.017182
-0.29372
-0.34664
0.15563
-0.021564
-0.086427
-0.010616
0.32383
0.25225
0.36329
-0.30842
-0.081683
0.39102
-0.83052
-0.11424
0.17369
-0.69263
-0.012741
0.65811
0.14241
-0.097188
0.57128
0.090438
-0.066251
-0.71671
0.97055
0.98847
-1.4088
-0.28684
0.19984
0.35166
-0.20557
-0.11092
0.47605
-0.071208
-0.1036
0.14224
-0.013583
-0.20306
-0.65553
0.066207
1.2009
0.3017
-1.4003
-0.67375
0.86965
0.32926
-0.087739
0.10261
0.13257
0.068751
-0.028452
-0.075717
-0.50818
-0.60052
0.14965
-0.28972
0.36815
0.78774
0.065404
0.0023007
-0.58189
-0.10729
0.63743
-0.018932
0.28378
0.10879
-0.11952
-0.022585
0.023718
-0.54126
0.016114
0.91828
-0.25054
-0.27582
0.21648
-0.38057
-0.20456
0.70856
0.48526
-0.33563
-1.0743
-0.15537
-0.23932
0.055415
0.53643
-0.12218
0.10843
0.24738
0.016623
0.28607
0.66705
-0.021454
-0.77061
0.097974
0.31743
-0.28401
-0.10145
-0.73335
0.35757
0.20755
0.10725
0.25493
-0.22882
-0.12585
-0.23093
-0.058853
-0.2034
0.098427
0.4063
0.35758
-0.21276
0.18756
0.10124
-1.1237
-0.080325
1.143
0.88152
-0.26172
-1.1513
0.34496
0.32577
-0.84963
-0.82688
0.42771
0.96335
0.010953
-0.23423
0.011579
0.11756
0.16126
0.28344
0.32362
0.0067456
-0.44538
0.0023441
-0.36867
-0.10515
0.28377
0.51575
-0.091575
-1.1125
1.1701
0.75614
-1.1021
0.53732
0.12742
-0.036636
0.086681
-0.88237
0.20407
0.51643
0.46054
0.025052
-0.56889
-0.038385
0.04238
-0.065157
0.062151
-0.23949
-0.31121
0.0010098
0.64185
0.7242
-0.037938
-0.97284
-0.24542
0.10136
0.30637
0.31205
-0.38875
-0.11897
-0.012701
-0.086904
0.27268
1.0293
-0.38199
-1.104
0.016375
0.37859
0.3272
0.49749
-0.30987
-0.98171
0.39347
0.55146
-0.198
-0.27247
-0.057264
0.31148
0.42925
-0.4381
-0.1794
1.1033
-0.30377
-0.82191
0.32138
0.53259
-0.019889
-0.22897
0.58423
0.31516
-0.82217
-0.15119
0.60297
-0.92461
-1.0396
0.41273
0.49108
0.25706
-0.32944
-0.022361
-0.55391
-0.17376
0.9058
-0.12534
-0.0073235
-0.062762
0.13044
0.17176
0.46257
0.39777
-0.10928
0.27614
-0.60236
-0.35247
0.29475
-0.3726
0.19781
0.23586
-0.37906
-0.29819
0.33952
-0.33496
-0.55201
0.43332
-0.12339
0.30006
0.96283
0.059256
-0.56054
0.045608
-0.26474
-1.1674
0.05188
1.177
0.46602
-1.0403
-0.58569
0.7749
0.45752
-0.56887
-0.55848
0.25461
-0.37956
-0.058668
0.13773
0.041016
0.4412
0.60339
-0.21557
-0.66093
0.085018
-0.075004
0.087543
-0.43507
-0.093883
0.80238
0.19849
-0.60707
-0.19837
0.6161
0.4798
-1.0434
-0.18045
0.81097
-0.79443
-0.13178
0.96774
0.1405
-0.51972
-0.84059
-0.27238
1.427
0.24696
-0.32498
0.16139
-0.033266
0.54875
0.24046
-0.023188
-0.39548
-0.415
0.59059
0.5592
0.12759
-0.14513
-0.56612
-0.057123
0.0035495
-0.14188
-0.28472
0.52396
-0.083446
0.042481
0.31887
-0.60533
0.40986
0.63212
-0.46554
-0.67848
0.61982
0.01471
0.22505
0.45127
-0.61057
0.0083344
-0.69059
-0.74707
0.2826
1.1443
0.10415
-0.06661
0.99601
-0.44684
-0.19943
0.79908
0.129
-0.50227
-0.47069
0.19317
-0.047855
-0.023883
-0.27509
-0.096587
0.31207
-0.57892
0.16116
0.27829
0.35794
-0.10615
0.042434
0.34764
-0.067602
0.30902
-0.84326
-0.43688
0.12035
-0.59956
0.47222
0.62091
-0.35113
0.17874
-0.34845
-0.19528
-0.3396
-0.21681
0.59443
-0.43491
-0.088941
0.030795
0.56756
0.10111
-0.19231
0.090176
-0.27617
0.18303
-0.077543
0.19567
-0.032886
0.22506
0.15818
-0.17943
0.25311
-1.132
-0.53269
0.57378
-0.11025
-0.18769
0.13599
-0.31858
-0.32369
0.1811
0.003257
0.52036
0.41877
-0.40888
-0.2837
-0.049497
-0.14257
-0.2168
0.35441
0.1123
-0.46121
0.019957
0.38918
0.032884
0.27955
0.35777
-0.42735
0.14914
0.34013
-0.29625
-0.3173
-0.30434
0.079812
1.3125
-0.20755
-0.93467
-0.57078
-0.079101
0.92648
0.26019
0.080352
-0.52115
0.45411
0.7743
-1.4379
0.31047
1.2148
-0.23854
-0.31325
-0.060984
0.087053
-0.54721
-0.12185
0.26121
