0.099833
0.19867
0.29552
0.38942
-0.12086
0.68709
0.64422
0.71736
0.78333
0.84147
0.89121
0.93204
0.96356
0.98545
-0.05054
0.99957
0.58152
0.97385
-0.42292
0.9093
0.86321
-0.072813
0.74571
0.67546
0.59847
0.5155
0.42738
0.33499
0.23925
0.14112
0.041581
0.22482
0.49357
-0.25554
-0.35078
-0.5032
-0.52984
-0.61186
-0.68777
-0.7568
-0.81828
0.79626
0.68038
-0.77136
-0.97753
-0.19362
-0.17448
-0.99616
-0.98245
-0.49327
-0.33439
-0.88345
-0.10352
-0.77276
-0.70554
-0.63127
0.19103
-0.4646
-0.37388
-0.27942
0.65408
-0.94677
-0.40495
0.11655
0.21512
0.31154
0.40485
0.49411
-0.031075
0.65699
0.72897
0.79367
-0.2788
0.89871
0.938
0.24014
0.98817
0.99854
0.99894
0.98936
0.96989
0.067604
0.90217
0.8546
0.79849
0.7344
0.66297
0.21927
0.50102
0.41212
0.3191
-0.66472
0.12445
0.024775
0.10462
0.41748
-0.27176
-0.36648
-0.45754
0.53558
-0.62507
-0.69987
-0.45801
0.14682
-0.8797
-0.92278
-0.35708
-0.98094
-0.99544
0.52944
0.2384
-0.97918
0.84602
-0.91933
-0.87545
-0.8926
-0.76198
-0.69353
-0.61814
-0.53657
-0.44965
-0.35823
-0.26323
-0.1656
0.053223
0.033623
0.51296
0.23151
0.32747
0.42017
0.50866
0.59207
0.66957
0.74038
0.80378
-0.73093
0.90595
-0.82302
0.97201
-0.54109
0.99931
0.99803
-0.12795
0.96566
-0.44363
-0.1157
-0.50739
0.78825
0.72288
0.65029
0.5712
0.4864
0.39674
0.30312
0.20647
0.10775
0.0079632
-0.091907
-0.19086
-0.2879
-0.38207
-0.47242
-0.55805
-0.63811
0.27748
-0.77835
-0.83714
-0.4582
0.98869
-0.9614
-0.98407
-0.9969
0.9885
-0.99266
-0.97563
-0.94884
-0.91258
-0.8672
-0.81316
-0.75099
-0.68131
-0.60483
-0.52231
-0.43457
-0.34248
-0.24697
-0.149
-0.049536
0.050423
-0.3526
-0.097431
0.34331
0.43537
0.52307
0.60554
0.68196
0.47931
0.81367
0.86764
-0.1793
0.94912
0.97582
0.99277
0.99979
0.99683
0.42151
0.30695
0.8662
0.88716
0.83666
0.16084
0.71116
0.63742
0.55732
-0.83341
0.89993
0.28705
-0.90396
-0.79202
-0.0088513
-0.10864
-0.20734
0.43979
-0.39756
-0.46334
0.65774
0.5858
-0.42856
-0.7888
-0.79965
-0.89519
0.29221
-0.79267
-0.98692
-0.99808
-0.99928
-0.99049
-0.9718
-0.9434
-0.90558
-0.39014
-0.80326
0.96541
-0.66891
-0.34138
-0.5079
-0.41936
-0.32664
-0.23065
-0.13235
-0.032735
0.45815
0.12026
0.26409
0.35906
-0.82875
-0.82455
0.61884
-0.13739
0.76256
0.82333
0.87588
0.91968
0.95429
0.90517
-0.76198
-0.54515
0.99535
0.98076
0.95638
0.92243
-0.41269
0.82733
0.76712
0.69924
0.62438
0.54328
-0.12059
0.36565
-0.81642
0.35488
0.074265
-0.025663
-0.12534
-0.22376
-0.31994
0.50728
-0.50179
-0.58564
-0.16263
-0.735
-0.79902
-0.85506
0.6881
-0.94103
-0.97011
-0.98949
-0.99898
0.84614
-0.96307
-0.9677
-0.93769
-0.35741
-0.84997
-0.79313
0.9603
-0.21011
-0.57772
-0.49334
-0.40404
-0.3107
-0.21425
-0.11567
0.67722
0.083974
0.18304
0.28027
0.094624
0.46539
0.55143
0.63196
0.34582
0.77333
0.22139
0.88387
0.92615
0.95918
0.98262
0.99624
0.99991
0.99359
0.97734
0.95133
0.91581
0.87114
0.97879
0.75622
0.54856
0.61116
0.52908
0.44172
0.34995
0.25468
0.15687
0.057487
-0.042468
-0.142
-0.35334
-0.33582
-0.507
-0.51626
0.84706
-0.67612
0.46577
0.33726
-0.86366
0.18583
-0.75237
-0.97405
-0.99178
0.99076
-0.25308
-0.9853
0.48288
-0.27413
-0.8908
-0.84099
-0.78277
0.69331
0.47889
-0.56391
-0.47865
-0.3886
-0.29467
0.64607
0.57421
0.00088816
0.77356
0.19954
-0.71734
0.39024
-0.35211
0.56538
0.6449
0.71797
0.78388
0.84195
0.89161
0.93236
0.9638
0.9856
0.99756
0.99955
0.025464
-0.028826
0.94601
-0.48266
0.86276
-0.11037
0.74511
0.67481
0.59776
-0.97055
0.42658
0.33415
0.23839
0.14024
-0.021824
-0.059261
-0.15862
-0.2564
-0.35161
-0.44332
-0.79653
-0.61256
0.70985
-0.75738
-0.81879
0.48799
-0.91652
-0.95187
-0.97772
-0.99379
-0.36357
-0.58782
0.45936
-0.95867
-0.92548
-0.88304
-0.83177
-0.7722
-0.70491
-0.63058
-0.54994
-0.46382
0.49781
-0.27856
-0.18129
-0.082204
0.017702
0.63639
0.21599
0.31239
0.40566
0.49489
0.57916
0.65766
0.72958
0.79421
-0.22473
0.8991
0.93831
-0.9543
0.9883
0.99859
-0.90771
0.98923
0.1473
-0.28974
0.90179
0.85414
0.79795
0.73379
0.6623
0.5842
0.50025
0.41131
0.31826
0.22202
0.12357
0.023888
-0.076037
-0.1752
-0.27262
-0.36731
0.36608
-0.54477
-0.62576
0.64847
-0.76825
0.81551
-0.88012
-0.92312
-0.95689
-0.98111
-0.99552
-0.99999
-0.99446
-0.979
-0.95375
0.24805
-0.87502
-0.82232
-0.76141
0.9929
-0.3671
-0.53582
-0.44885
-0.3574
-0.26237
-0.16473
-0.065436
0.23057
0.13411
-0.88085
0.32831
-0.45088
0.50943
0.59279
0.67023
0.74097
0.80431
0.85962
-0.021494
0.75853
0.97222
0.99073
0.99934
0.99797
0.65342
0.96543
0.93458
0.89439
0.84527
0.78771
0.72227
0.64961
0.57047
0.48562
0.39593
0.30227
0.2056
0.10687
0.0070751
0.078419
-0.0037363
-0.28875
-0.38289
-0.4732
-0.79591
-0.93769
0.20186
-0.77891
-0.83763
0.66604
0.21258
-0.96164
-0.98422
-0.99697
0.84692
-0.99255
0.26487
-0.3448
-0.91222
-0.86676
-0.81264
-0.7504
-0.68066
-0.60413
-0.52155
0.94135
-0.76474
-0.24611
-0.14812
-0.048649
-0.92452
-0.34366
0.24869
0.34415
0.43616
0.027076
0.60625
0.68261
0.75216
-0.92691
0.86809
0.91331
0.9494
0.97601
0.99287
0.99981
0.99676
0.98375
-0.53918
0.92847
0.04865
-0.34601
0.57908
0.71054
-0.45896
0.53189
0.47086
0.38043
0.2862
0.18911
0.090138
-0.0097394
-0.10952
-0.20821
-0.30481
-0.39837
-0.48795
-0.57265
-0.58275
-0.72411
-0.78934
-0.2417
-0.89558
-0.93552
-0.96612
-0.1984
-0.99814
-0.99924
-0.42786
-0.97159
-0.94311
-0.9052
-0.9635
-0.80273
-0.73918
0.41381
0.87151
-0.50713
-0.53232
-0.3258
-0.22978
-0.13147
-0.76523
0.068094
0.16736
0.26495
0.35989
0.83239
0.53807
0.61953
0.0071246
0.76313
0.82384
0.87631
0.92003
0.95455
-0.2561
-0.34376
0.49909
0.99527
0.16149
0.10014
0.92209
0.87885
0.82683
0.76655
0.6986
0.62368
0.54253
0.45596
0.36483
-0.96851
0.30962
0.07338
-0.026551
-0.12622
-0.22462
-0.32078
-0.13663
-0.50256
-0.58636
-0.6643
-0.7356
-0.79956
-0.85552
-0.2708
-0.94133
-0.97032
-0.98962
0.58539
-0.99845
0.64521
0.099373
-0.93738
-0.89793
0.16054
-0.79259
0.26168
0.063494
-0.84906
-0.1681
-0.40323
-0.30985
-0.21338
-0.11478
-0.015038
0.084859
0.18391
0.28112
0.68783
0.31124
0.55217
0.63264
0.7068
-0.95596
0.83325
-0.7941
0.92648
0.95943
-0.35484
0.99632
0.20738
0.99349
0.97715
-0.59578
0.65629
0.8707
0.33201
0.75564
0.68648
0.61045
0.52833
0.44093
0.070589
0.25382
0.39655
0.056601
-0.043355
0.87178
-0.24097
-0.33666
-0.42899
-0.51702
-0.59989
-0.67677
0.062866
-0.80954
0.59478
0.45248
-0.94687
-0.97425
-0.99189
0.76288
-0.99737
-0.98515
-0.96308
-0.93139
-0.8904
-0.84051
-0.78222
-0.71612
-0.64286
-0.2348
-0.47787
-0.38778
-0.20918
0.36914
0.14908
0.0017763
0.1016
-0.44955
0.4878
0.48641
-0.9691
0.56611
0.64558
0.71859
0.78443
0.84243
0.89201
0.93268
0.96403
0.38444
-0.67649
0.21654
-0.66971
0.97344
0.94572
0.15221
0.19013
0.80745
0.74452
0.67415
0.59705
-0.50449
0.42577
0.33331
0.23752
0.13936
0.039806
-0.96404
-0.1595
-0.25726
-0.35245
-0.44411
-0.53134
-0.61809
-0.68905
-0.75796
-0.8193
-0.87245
-0.91688
-0.95215
-0.20829
-0.99389
-0.99994
-0.99601
-0.98212
-0.95842
-0.92514
-0.88262
-0.83128
-0.76472
-0.70428
-0.62989
-0.61157
-0.46303
-0.37223
-0.27771
-0.18042
-0.081319
0.01859
-0.67367
0.21685
-0.33851
0.65727
0.49566
0.69158
-0.64933
0.78001
-0.33636
0.87797
0.89949
0.047389
0.96836
0.98844
0.99864
0.47237
0.9891
0.96946
0.94013
0.9014
0.85368
-0.81534
0.73319
0.66164
0.55247
0.49948
0.4105
-0.56309
0.22116
0.12269
0.023
-0.076922
-0.17608
-0.27347
-0.36813
-0.45911
0.13075
-0.53656
0.046948
-0.94555
-0.82882
0.090603
0.76083
-0.95715
-0.98128
-0.9956
-0.99998
-0.66193
0.94992
-0.95349
-0.91863
-0.87459
-0.82182
-0.76083
-0.68087
-0.61674
-0.53507
-0.44806
0.59516
0.92942
0.80559
-0.38225
0.035398
0.13499
0.23324
0.32915
0.42178
0.51019
0.5935
0.67089
0.74157
0.80484
-0.533
-0.12052
0.94428
0.97242
0.99085
0.99937
0.99791
0.98648
0.96519
0.3925
0.894
0.8448
0.73394
-0.64981
0.64894
0.56974
0.48485
0.60595
0.30143
0.17773
0.10599
-0.96627
-0.093676
-0.1926
-0.2896
-0.38371
-0.47399
-0.075295
-0.63947
0.51767
0.51752
-0.83811
-0.88838
-0.92978
-0.96188
-0.98438
-0.06786
-0.52387
-0.99244
-0.97523
-0.94828
-0.91185
-0.86632
-0.81212
-0.69722
-0.099095
-0.60342
-0.52079
-0.43297
-0.34081
-0.24525
-0.14724
-0.047761
0.052197
0.50616
-0.90937
0.27802
0.74972
0.52458
0.60695
0.68326
0.61643
0.2958
-0.54749
0.40933
0.94968
0.97621
0.99298
0.99983
0.99669
0.98359
0.96066
0.92814
-0.34503
-0.96517
0.41139
0.70991
0.63605
0.55584
0.47007
0.37961
0.28535
0.18824
0.19012
-0.63971
0.32606
-0.20907
-0.30566
-0.39918
-0.48873
0.033155
-0.76527
-0.72472
0.082954
0.21161
0.48945
0.23691
-0.96635
-0.9872
-0.99819
-0.99921
-0.22603
-0.97138
-0.93228
-0.79822
-0.8578
0.30394
-0.73858
0.24439
-0.58992
-0.50637
