-0.73338
-1.3378
-1.081
0.32512
0.59331
0.92926
0.91467
0.47778
-0.85489
0.091311
-0.3258
-0.64313
-1.5511
-0.063947
-0.30425
1.9131
0.3864
-0.54033
-0.68654
1.0394
1.1139
-0.71059
-1.6083
-0.37911
0.72264
-0.45319
0.23312
0.32413
1.0444
-0.15931
0.28069
0.88085
0.90496
0.0016161
-0.39434
0.10651
-0.41594
-0.4845
-1.398
-0.46965
-0.43962
0.27679
0.30659
0.17817
0.14943
-0.64359
-0.78942
-0.49368
-0.38483
0.010877
1.1727
1.3508
0.59654
-0.41074
-0.50663
-1.2103
-0.058937
1.4119
1.5482
0.022492
-0.83081
0.041904
0.1223
0.30657
-0.20029
0.326
-0.10224
-0.59261
-0.78657
-0.55227
0.51554
0.20299
-0.24559
-0.054524
0.37317
0.10475
0.038704
0.10118
-1.0805
-0.58375
0.78148
0.38266
0.21758
-0.11574
-0.62278
-1.0095
-0.38641
0.51366
0.084771
-0.31228
-0.16507
0.27829
0.13995
0.28086
-0.41955
0.45133
0.21806
-0.23526
-0.83982
-0.84833
0.51633
1.2561
0.29084
-0.25479
0.5572
0.12022
-0.20954
0.077458
0.22559
-0.8079
-0.52894
-0.5227
0.089128
-0.75553
-0.12004
0.050812
-0.17523
-0.5516
1.6994
-0.17028
-0.52138
0.18016
1.0193
-0.34812
-0.56974
0.26279
0.53665
0.34326
0.30908
0.42978
-0.57676
-0.088094
0.46395
0.45986
-0.90169
-0.80343
0.027143
0.14474
0.28354
-0.25835
-0.59618
-0.56251
0.5641
-0.36433
-0.70519
-0.67534
0.60767
-0.22122
-0.73982
-0.097249
1.0462
0.79327
-0.086482
-0.88071
-0.9033
0.37551
0.9674
0.2536
-0.23667
-0.97426
-0.92443
0.37032
0.52141
-0.41971
0.54667
1.3045
0.44125
-0.60876
-0.21886
-0.56374
0.14413
-0.074965
-0.31668
-1.1265
1.1228
1.7286
0.035738
-1.6403
0.24091
1.2743
0.47875
-0.44652
-0.17992
-0.10836
-1.4378
-0.38575
1.3378
1.2022
0.082529
-0.50086
0.047791
-0.21128
-0.35311
0.42359
0.18041
-0.48881
-0.6052
-0.64332
-0.28798
0.6664
-0.50804
0.18058
-0.17112
0.8729
-0.79663
-0.57715
-0.39565
0.43812
-0.39673
-0.21492
-0.86757
-0.86164
-0.37539
1.0981
0.6649
0.18983
-1.1597
-0.19137
0.64048
0.38111
0.41946
-0.17242
-0.79216
-1.1888
1.1985
0.0023483
0.16354
-0.78386
-0.036677
0.29214
0.50256
-0.31512
-0.16443
0.41978
-0.29188
-1.4598
-1.2471
-0.29927
-0.02132
-0.49444
-0.29819
-0.094251
-0.030324
-0.43797
-0.051898
0.087295
0.70742
0.62637
0.22028
0.036301
0.47642
0.081032
-1.2543
-0.11198
0.30122
1.1698
0.65479
-0.644
-0.69444
0.32082
-0.0034479
0.8472
0.8469
0.27069
-0.24339
0.61405
0.68718
-0.37966
-0.18852
0.52922
0.31448
0.095417
-1.1342
-1.3661
0.23637
0.68522
0.3359
0.17179
-0.43489
-0.57846
-0.55496
-0.55292
0.82039
1.3311
-0.046309
-0.57933
-0.027653
0.82798
0.45795
-0.49871
-0.068968
1.1619
0.0094392
-1.1482
-1.0566
-0.059986
-0.16794
-0.031739
0.9629
0.47027
0.50808
1.1596
0.96289
-0.61722
-0.42533
-0.042162
0.25058
-0.38374
0.12401
-0.034449
-0.25172
-0.049376
1.1169
1.0306
0.13913
-0.50849
-0.11601
0.84842
0.21691
-1.264
-1.3451
-1.1413
-0.31641
0.55516
-0.15841
-0.6367
-0.024399
0.19768
1.3492
0.18048
0.15694
0.40125
0.51577
-0.1259
-0.0011625
-0.85475
-0.2965
-0.21292
2.0416
-0.065573
-1.4459
-2.3533
0.32127
0.3988
1.453
0.37995
0.37209
0.30118
-0.41052
-0.58393
0.10739
0.93233
-1.1816
-0.84472
0.17793
1.0688
1.0306
0.090251
-0.35301
0.32588
-0.18619
-0.9979
0.21994
0.48288
0.23983
-0.02828
0.92224
-0.86789
-0.68621
0.29198
0.72671
0.53249
-0.22365
-0.17066
-0.2824
-0.14594
-1.3362
-0.54296
0.5377
0.22805
0.39697
-0.063964
-0.79869
0.25807
1.2498
0.32556
1.2222
1.2469
-0.39531
-1.8394
0.46863
0.39555
-0.57074
-0.77634
0.41358
0.28887
-0.012534
-0.091538
-0.40517
0.60421
0.084315
0.21264
0.76175
1.3004
0.23103
-0.047953
-2.1751
-1.1787
-0.019794
0.67747
0.5097
0.50908
-0.63646
-1.1845
0.10088
0.20019
0.0052924
0.36251
1.1931
-0.44035
-0.97083
0.75356
1.0464
0.10178
-1.1433
-1.0242
-0.76829
0.33792
0.52228
0.12371
0.014658
-0.27515
-1.3967
-0.24175
1.0087
0.75738
0.77836
0.34411
-1.1181
-1.0221
0.73733
1.0813
0.85483
0.28347
0.63127
-0.72025
-0.069135
-0.075311
-0.85227
-0.98978
0.41904
0.41985
0.98371
0.4057
-0.23351
0.017787
-0.30415
-0.62553
-0.27327
-0.16741
-0.3536
1.6602
1.1829
-0.57449
-0.81199
-0.46713
-0.69501
-0.66729
-0.37664
0.41275
0.95228
-0.15136
-1.0578
-0.083131
-0.078908
-0.63836
0.38518
0.68896
0.50004
-0.45282
-0.34916
1.3047
1.2551
-0.08743
-0.7106
-0.24562
0.14065
-0.1968
0.44518
-0.64012
-0.71779
-0.19946
0.45801
-0.53049
-0.34612
0.33727
0.31068
-0.13575
1.2482
-0.33144
0.10514
-0.18278
0.37083
-0.37293
-1.3354
-0.30435
0.0098003
0.18041
-0.35671
-0.11489
-0.4235
-0.26268
0.64269
-0.52926
-0.78388
0.62573
1.429
-0.10895
-1.7419
-0.83919
0.20356
0.5613
0.081101
-0.68301
0.024357
0.46104
-0.29631
-1.8889
-0.70217
0.9697
-0.3967
-1.4625
-0.13945
0.018279
0.46361
-0.37593
0.64731
0.5715
1.402
0.54991
0.35928
-1.0091
0.21076
0.65426
0.36626
-0.8265
0.13661
0.55663
0.34629
-0.57892
-2.6797
-1.132
-0.16437
1.1962
0.015518
0.047613
0.47569
0.818
0.067285
0.98076
0.85518
-0.96431
-1.9324
0.80513
2.008
-0.07558
-1.4061
-0.63305
1.463
-0.053865
-0.89511
-1.2633
-1.2236
-1.2163
-0.74888
0.18078
0.50395
1.6316
1.4262
0.94112
-0.27506
0.31509
-0.69385
0.21551
1.2847
0.39031
-1.424
0.72759
1.282
0.090686
-0.044955
-0.7918
-0.94453
-0.1597
0.33432
0.097665
0.172
0.0036077
-0.085566
-0.27607
-0.47284
-0.83658
-0.80492
0.32217
2.0218
1.0787
-0.26353
-0.65394
-0.076452
-0.47322
0.52566
0.38221
-0.029632
-0.60658
0.41341
0.91806
-0.24107
-0.42355
-0.19347
-0.96705
-0.29238
0.69117
1.41
0.43546
-0.70553
-0.53659
-0.49425
0.49883
0.087159
1.246
0.1811
-0.7153
-1.7039
-0.47111
0.50408
0.78058
1.251
1.4823
0.78457
-1.337
-1.5648
-0.81791
0.43996
0.74172
-0.38153
-0.92955
0.22591
0.91589
-0.13076
0.36429
0.78427
-0.044336
0.3909
1.1319
0.20922
-0.46961
-0.99165
-0.3236
-0.035409
0.043412
0.022681
-0.4576
-0.56133
-0.15437
0.91216
0.30633
-0.35205
-0.64827
-0.13101
0.48433
0.16605
-0.47846
-0.3831
0.44659
0.54448
0.70842
0.59088
-0.1007
-0.82376
-1.6857
-1.6388
0.21023
0.86811
0.47305
0.43845
0.96365
-0.033782
-0.56316
-0.34457
0.77233
1.9925
0.61708
-1.7094
-1.6229
-0.93428
-0.57272
0.42715
0.37441
0.097415
-0.92993
-0.66118
0.012274
1.3184
0.80495
0.69006
0.029752
0.2374
0.27447
-0.20293
-0.14544
-0.15124
0.64239
0.31353
0.35784
-0.82953
0.17449
0.59253
0.98518
-0.10467
-0.2777
-0.3807
0.54187
0.38897
-0.61998
0.01191
0.92096
-0.71273
-0.86845
-0.090781
0.78018
0.32115
1.224
0.048054
-0.5551
-1.1261
-0.12672
1.048
0.91483
0.61883
-0.6435
-0.89421
0.14335
0.27665
-0.75828
-1.2844
-1.2627
-0.08057
0.3768
0.17798
-0.87458
-0.47163
0.41071
0.52774
-0.77628
-1.1035
0.90717
0.61742
0.042571
-0.67368
-0.90653
-1.2471
-0.01664
0.79494
0.90182
0.46883
-0.24219
-0.21564
-1.022
-0.68017
0.15281
0.04751
0.32735
0.024801
-0.72827
-0.036976
1.3505
0.51467
-0.94489
-1.7919
-0.2936
0.43612
-0.17804
-0.77935
0.86099
0.41736
-0.86659
0.37155
-0.00052271
0.15214
0.99406
0.86492
0.1663
-0.06963
-0.15521
-0.15248
-0.33046
-0.25048
-0.43871
-0.32243
0.27338
0.48378
-0.87195
-1.3862
-0.70471
0.4626
-0.73149
-0.94134
-1.0626
0.8763
0.81224
-0.72033
-0.10164
0.0052965
0.27859
0.03539
1.1714
0.48282
0.53168
0.15377
-0.71544
-0.67164
0.21687
-0.22002
-0.10994
0.60642
0.65682
-0.31781
-0.51094
-0.065435
0.73608
-0.29466
-1.3461
-1.3808
0.46724
1.2315
1.3423
-0.42399
-0.43817
-0.35022
-0.24912
1.2063
0.64449
-0.23008
-0.82349
0.041955
0.98229
0.268
-1.1757
-0.94751
0.68861
0.82794
0.10615
0.42524
0.33215
-1.478
-1.1194
1.1839
1.2062
0.022255
0.3951
1.1584
-0.14037
-1.6932
-0.18431
-0.072901
-0.60108
-0.056169
0.21927
0.52771
-0.59256
0.064104
0.30116
0.15223
-0.45329
-1.9009
-1.2846
-0.79966
0.99707
1.0965
0.20665
-1.1062
-0.75153
0.19788
0.54648
0.45384
-0.45592
-0.44446
-0.58284
-0.1338
0.15095
1.2359
1.6007
0.40729
-0.18692
-0.46364
-0.46372
0.56534
0.68931
0.77164
0.027401
-0.038134
-0.55184
-0.821
-0.10681
0.75544
1.1138
-0.77724
0.28279
0.56441
0.33673
-1.3251
-0.83399
-1.1732
-0.037097
-0.04949
1.1968
-0.63479
-0.35774
-0.056532
0.7591
-0.17692
0.71838
0.67757
0.71188
-0.0030953
0.58549
-0.30679
-0.13346
-0.25927
0.69188
-0.47838
0.40197
0.58769
0.63044
0.21908
1.0913
0.55247
-0.21248
-0.98783
-1.7457
-0.31249
1.3623
2.0902
0.68921
-0.03252
-1.3346
-0.29448
0.84372
1.4829
0.50402
-0.32611
-0.45937
-0.9631
-0.87023
-1.067
0.89668
1.2202
-1.3566
-2.0003
0.24073
1.6436
0.50991
0.49058
-0.48568
-0.33476
-0.55339
-0.11831
-0.76008
0.61548
-0.27338
-0.53827
-0.67808
-0.023769
-0.001164
-0.81979
-0.19963
0.35163
0.52476
-0.55092
-0.67191
0.30064
0.68005
-0.80726
-0.22108
1.499
0.86651
-1.313
0.42836
1.8268
0.72428
-0.61563
-1.1486
-0.58511
0.022629
0.93208
-0.047956
-0.55419
-0.88382
-2.0282
-0.38958
0.43121
0.30998
-0.43623
0.11193
0.67172
-0.030826
-0.74994
0.9027
0.65468
-0.26732
0.50269
0.31948
0.40257
-0.97986
-0.46698
-0.51986
1.4289
0.1882
-0.40624
-0.49598
0.39745
0.11183
-0.2823
-0.596
-0.44625
-0.44765
1.3629
0.56223
-1.5884
-0.52711
1.3279
0.45059
-0.48003
-0.42683
-0.77927
-0.91063
0.11012
0.18048
0.28908
0.014534
-0.05613
-1.2333
-0.45871
0.79662
0.1813
-1.2072
-0.67488
0.44665
1.2368
-0.064549
-1.4317
-1.0341
0.35944
0.20357
-0.36479
-0.26918
0.72279
0.6828
1.0392
-0.28918
-0.32363
0.44194
-0.050101
-1.3438
-0.57659
0.18763
1.5738
0.97606
-0.45466
-1.0121
0.079822
0.076542
-0.82893
-0.059361
0.54852
0.2473
0.12947
0.041496
0.1985
0.34269
0.92629
-0.41002
-0.54717
-0.88509
0.088004
-0.24958
0.24608
1.9611
0.74001
-0.78764
-1.3106
-0.53751
0.20667
1.1745
0.11166
-1.1332
-0.73348
-0.6238
0.34316
0.57912
-0.32877
-0.45974
0.62347
0.22752
-0.49822
0.41405
-1.1029
-0.35793
0.027545
0.9747
-0.49657
0.43072
0.99197
1.7615
-0.05676
-1.0486
-0.33518
0.16656
0.082014
0.42085
0.82502
-0.34379
-0.4113
0.5364
-0.2799
-0.31192
-0.39331
0.49937
-0.23254
-0.1319
-0.54418
0.075574
0.76657
-0.078877
-0.37936
0.3266
0.75571
0.52198
0.42927
0.21416
0.47155
-0.10079
-0.72098
-0.59085
-0.1209
0.33963
0.21146
-0.018091
-0.080179
0.30355
-0.91447
-1.3132
0.27272
0.65801
0.037411
-0.059469
-0.95519
-0.56036
0.91637
0.81302
-0.41096
-0.72904
-0.25899
-0.26794
-0.16484
0.25989
-0.43445
0.15
1.5723
1.4701
-0.48798
-0.055678
1.4387
0.36275
-0.83035
-0.84336
0.82429
0.99786
0.43095
-2.1357
-0.50674
-0.0042752
0.71519
-0.76774
0.57156
0.63474
0.87724
-0.70909
-0.4593
0.60818
0.42421
-0.85683
-1.1596
-0.76164
-0.5389
0.13038
0.023837
0.90145
1.6317
0.80137
-0.72823
-0.31341
-0.0063012
-0.60407
-0.72044
-0.1661
-0.57008
0.50439
1.068
0.68768
0.26388
0.055923
-0.52793
-1.3265
-0.52072
-0.45862
0.85608
0.58408
0.83524
0.098659
-0.92414
-0.72461
0.32703
0.70927
1.1033
-0.23898
-1.002
-0.42838
0.74116
-0.95691
-0.56359
0.41084
0.79723
0.41772
-0.61634
0.61392
0.85875
0.22882
-0.95781
-0.61815
0.19242
1.5524
1.9833
-0.18951
-0.34613
-0.51739
0.22327
-1.4347
-2.2456
-1.3465
0.39399
0.60124
0.39282
0.78681
-0.048707
-0.80903
-0.9058
-0.19071
-0.29673
-0.21327
-0.28886
-1.253
-1.6041
0.35216
1.0035
1.1761
0.66109
-0.98642
-0.84353
-0.61105
0.65124
1.3989
1.2308
-0.20969
0.18657
0.49129
-1.9953
-1.0459
0.23865
1.3731
0.28757
0.35367
-0.27251
-1.3888
-0.82366
-0.45539
0.27063
0.62817
0.63985
-0.035744
-0.63104
0.70261
1.537
0.88498
-0.96962
0.45494
1.3205
-0.16195
-1.6047
0.49475
0.66561
0.62204
-0.25869
-0.50242
-0.39386
-0.88532
-0.77817
-0.85084
0.87723
1.8252
0.89969
-0.9514
-2.1272
-1.2317
-0.2621
-0.12795
0.42249
0.30422
-0.35888
-0.10941
0.32969
0.68652
-0.17112
-1.3713
-1.1479
-0.50289
0.20275
-1.3573
0.11525
0.59066
0.73849
-1.2799
-0.3041
0.73686
-0.17559
0.020137
-1.0461
-1.1698
-0.36833
1.1792
-0.088976
-0.015882
-0.27797
-0.25514
-1.0377
1.3942
1.6838
1.0931
0.53677
-0.11206
-0.65071
-0.89347
1.1869
0.56449
-0.84615
-0.701
1.5298
0.83414
0.71169
0.058824
-1.3057
-0.7474
0.45102
0.57335
0.43154
0.6708
0.68488
-0.91036
-2.4963
-0.71528
1.0709
-0.21822
-1.3189
-0.26062
0.59973
-0.059023
-0.95057
-0.95644
0.6418
1.2728
0.83947
-0.59853
-0.90479
0.46098
0.11049
-0.091327
0.089437
-0.46396
-0.71901
-0.094864
-0.79838
-1.1181
-0.13442
0.22576
0.41109
0.32704
0.044925
-0.80688
-0.90022
-0.0023063
0.75097
-0.86532
-0.8755
0.066729
0.72095
0.92589
0.1299
-0.76674
-0.13195
-0.43276
0.54841
0.7464
-0.48217
-0.26479
-0.06686
0.68469
-0.25878
0.32756
-0.33508
-0.49386
-0.84354
-0.76572
-0.85098
0.084496
0.96693
1.2065
0.64289
-0.18366
-0.86828
-0.57052
-0.38085
-0.0058921
0.21676
1.4341
0.31143
-0.68986
-0.15408
1.1608
-0.044364
-1.0552
-0.43983
1.2235
0.92011
-0.54709
0.0079109
-0.55931
-0.2536
-0.55422
0.66261
-0.54101
0.70344
0.18989
0.35195
-0.44769
-0.70836
-0.37616
0.75787
0.71137
-0.75445
-0.87189
-0.16833
0.66061
0.68128
0.22391
-0.29953
-0.039153
0.41573
-0.31141
0.063351
-0.30148
-0.65854
-0.613
-0.49723
-0.66227
0.54606
1.0355
-0.47564
-0.38216
0.33514
0.26941
0.20926
0.30504
-0.05938
-0.50283
-0.2238
1.4265
0.62644
-0.25955
-0.79445
-0.95891
-0.37073
0.54552
0.84597
-0.78725
0.19215
0.22198
0.30142
0.3978
-0.4947
-0.84498
-1.3358
-0.87701
0.010864
0.19243
0.56315
-0.1188
-0.71463
-0.91493
0.91827
0.8345
0.83318
0.41822
0.21659
-0.11819
0.58929
-0.27862
-0.071966
-0.62651
-0.38188
0.075092
0.55667
0.26539
-0.042559
-0.21217
1.293
0.16994
-0.021598
-0.20445
-0.88823
-0.70778
-0.7566
-0.30796
-0.13378
1.0766
0.32653
0.89792
0.37546
0.13572
-0.56258
-0.013647
0.62876
0.49489
0.61587
0.78164
0.58646
-0.75833
-0.30656
-0.23247
-0.32666
-0.33782
0.6875
-0.60133
-0.63345
1.1824
1.7103
0.37785
-0.016046
0.29557
-1.7054
-2.2841
-0.13712
1.4317
2.1546
0.52013
-0.50461
-0.95336
-0.49655
-0.00029152
-0.22305
-0.38757
-0.15546
0.16117
0.20228
-0.23059
-0.50975
-0.37462
0.18577
0.081661
0.17676
0.23386
0.63987
0.30767
0.36613
0.076637
-0.085654
-0.73896
2.0584
1.2267
-1.0967
-2.6696
0.24678
1.0094
1.0014
-0.91387
-0.14408
1.0396
0.72798
-2.0256
-0.81846
0.66665
1.2072
0.22472
0.60735
-0.044817
-0.29558
-0.063885
-0.41617
0.25585
-0.38199
-0.041995
0.33958
0.75373
-0.33237
-0.75124
0.66056
0.34623
-0.83891
-1.3932
0.51993
0.83561
0.63192
-0.028066
-0.20735
-0.59577
-0.16441
-0.21446
-0.18939
-0.54964
0.932
0.58056
0.83883
-0.46013
-1.5097
-0.73542
1.2952
1.4592
0.13864
-0.2633
-0.065787
-0.40725
-0.71821
-0.12912
0.23916
0.6797
0.75551
0.021405
-1.0652
0.21331
0.32014
-0.86162
-0.60894
0.35916
0.4457
-0.94073
0.37829
0.88687
-0.2499
0.077103
0.48933
0.074362
-0.79249
-0.76248
0.49727
0.079443
0.23435
-0.27566
-0.038182
-0.86583
0.38775
0.1778
0.52762
-0.27721
-1.1347
-0.19915
0.25145
-0.92553
-1.18
-0.23892
-0.18477
0.30519
0.36439
0.34582
-0.54605
-0.42947
-0.46103
0.80126
0.44638
-0.65121
-2.0275
-0.56445
-0.50995
-1.1002
-0.5234
2.5128
1.9645
0.2822
-0.76655
0.91211
-1.1025
-1.0879
-0.18958
0.62097
0.99305
0.98678
0.25649
-1.3913
-0.70441
-0.42003
0.45403
0.46448
-0.046385
0.70407
1.8617
0.16539
-1.4503
-0.011342
-0.7158
0.30976
0.41827
-0.025272
-1.1818
0.55186
-0.56482
-0.69008
0.35532
0.6532
-0.06039
0.007991
-0.42386
-0.31612
0.5969
1.2845
0.77772
-0.64624
-1.1722
0.31204
1.3563
0.50297
-0.33104
-1.262
-0.56093
0.38897
0.17506
-1.081
-0.087047
0.95972
0.83061
-0.16995
0.55429
0.05346
-0.36587
-0.46318
1.1307
1.3632
0.06069
0.16457
0.65056
0.33773
-1.0422
-0.80333
-0.18728
0.66581
-0.20587
-0.32671
0.30115
0.023092
-0.15832
-0.49672
-0.14924
0.70758
0.20951
0.17013
0.88099
0.93224
-0.62777
-0.75699
-0.49098
-0.84776
-0.65582
1.0403
0.87083
0.40131
-0.54749
-0.66375
-1.1145
-1.1072
-0.89975
0.080999
1.0504
1.8313
0.52135
-0.79235
-0.69964
0.31402
-0.29071
-0.20981
0.64839
0.71102
-0.15142
0.62185
0.18095
-0.29052
-0.32058
0.6557
0.66761
0.57166
-0.5814
0.70918
-0.48096
0.050168
-0.16508
0.2431
-0.28022
0.14908
0.45327
-0.82773
-1.3557
-0.34129
1.0503
1.0998
-0.65289
-0.75473
-0.82432
-1.2266
0.13946
1.5116
0.863
-0.68053
-0.55969
-0.41189
-0.12331
0.66351
1.2592
0.61351
-0.44666
0.19889
0.55245
0.40516
1.0181
0.98446
0.74543
-0.18486
-0.45858
-0.020588
1.0443
0.03989
-1.4441
-1.0495
1.5395
1.7948
-0.99721
-0.48007
0.1218
0.45703
-0.88053
-0.15158
0.35549
0.27221
-0.90537
-1.421
0.22804
0.79257
0.82579
-0.087029
-1.5169
-0.1958
0.98204
0.39398
0.32716
0.3013
-0.12567
-0.72163
0.1804
0.64367
0.70153
0.01541
-0.35526
-0.65826
0.29069
0.37791
-0.10642
0.045275
-0.65182
-1.1655
-1.0732
1.2405
1.3262
1.2257
-1.1832
-2.3201
-0.59011
1.7205
0.60016
-0.19361
0.21055
0.16887
0.13789
-0.2278
-0.46422
-0.99126
-0.23275
0.36769
0.78171
0.2414
0.19136
-0.62328
-0.92519
-1.1879
0.60619
0.60232
0.36508
-0.27935
-0.38187
-0.86467
-0.23951
-0.12799
0.446
0.28997
-0.33736
-0.088668
0.074405
-0.13168
-0.058161
-0.48116
-0.69178
-0.023645
-0.11367
0.40054
0.36575
0.65952
-0.37682
0.47106
0.51654
-0.41623
-1.8487
0.71642
0.62257
0.513
0.11379
-0.030799
-0.12061
-0.49757
-0.47358
-0.26511
0.47896
-0.53771
-0.5324
0.88691
1.805
0.32341
-1.0328
-0.89567
0.5926
1.3081
2.0119
0.0077626
-1.0406
-1.3029
0.12366
0.17862
0.5318
-0.13948
0.4404
-0.071813
0.17523
0.69625
0.46368
-0.63148
-1.3375
-0.22412
-0.082651
-0.7627
-0.12556
0.20169
0.50598
-0.0079647
0.67211
0.13103
-1.1042
-0.49325
1.0477
0.59999
-1.3304
-0.12115
1.0612
0.65603
-0.76124
-0.98267
-0.13182
-0.50892
-0.49757
-0.047108
1.9994
0.34801
-1.1729
-0.23652
1.1968
0.53763
-0.41903
0.56129
0.081502
-0.22078
-0.1399
0.49581
0.39236
-0.051364
-0.31367
0.25556
-0.52749
-0.80193
-0.22073
0.59749
-0.31703
-0.22382
0.25404
-0.49135
-0.83249
0.087351
-0.64662
-0.38832
0.49706
0.34427
-0.59407
-0.41043
0.17207
1.0826
1.3947
-0.072765
-0.61224
-0.31049
-0.40445
-0.05433
1.4116
2.2551
1.063
0.67272
-0.70103
-0.28453
-0.80668
-0.12322
-0.065365
-0.019907
0.041541
0.021509
-0.92958
-1.7274
-0.23959
1.3694
0.67627
-0.27125
-0.85128
-0.68349
0.22786
-0.1994
-0.084157
-0.29747
-0.22517
-0.94373
-0.12726
-0.18584
0.25125
0.93849
-0.099089
0.069768
0.13033
-1.1476
-1.8041
-0.70746
0.88567
1.3923
1.1256
0.21783
-1.1707
-0.97481
-0.8997
0.60517
1.3924
0.67809
-0.63721
-0.60923
0.31465
0.86247
0.82129
0.44235
-0.39434
0.092944
-0.57441
-0.97346
-1.1377
0.3901
0.81791
0.92666
0.19314
0.64627
0.27146
-1.2568
-0.32254
1.543
0.66434
-0.97717
-1.6547
0.45121
0.84343
0.68679
-0.43128
0.3661
-0.21096
0.053365
-0.5407
-0.11013
-0.25223
0.11446
0.51593
0.46368
0.14989
-1.248
-0.92188
0.66423
0.27062
-0.097711
-1.1337
-0.62555
-0.77495
0.31256
0.66136
0.45125
0.22191
0.97601
0.32312
-0.048428
0.077754
-0.57887
-0.15065
1.23
0.86973
-1.0669
-1.6258
-1.0265
0.57705
0.22134
1.2442
-0.29082
-0.54832
-0.25338
0.49157
-0.13087
0.20793
0.96572
0.82156
-0.53946
-0.31833
-0.4498
0.47717
-0.73238
-0.64156
-0.61999
0.79519
0.59053
0.30816
0.31964
-0.031789
0.15833
-0.90768
0.35844
1.3102
0.55938
-1.5352
-1.3226
0.40996
0.32047
0.26265
-0.87394
-1.2998
-0.34145
0.37512
-0.015254
0.092278
0.76187
0.91803
-0.64147
-0.75258
-1.0636
0.20872
0.37168
0.66994
0.24694
0.81571
0.37706
0.14173
0.003029
-0.72271
-1.0109
-0.49331
0.0649
0.16628
0.27812
-0.61812
-0.59545
-0.18338
0.27156
-0.38643
0.85833
1.2094
-0.091774
-0.54775
-0.096835
0.15999
0.10023
0.35297
0.3699
0.22523
0.40939
-1.3763
-1.1346
0.085099
2.1892
2.0282
0.42439
-0.32092
-0.5058
0.1724
-0.088234
-0.024327
0.14948
0.99932
-0.011121
-0.077725
0.22383
-0.42621
-0.33448
0.34203
0.72659
-0.21164
-0.28262
-1.0214
-0.83036
0.14935
1.1593
-0.26971
-1.1057
-0.30184
1.2278
0.50054
-0.55342
-1.4182
-0.44419
0.58956
1.0463
-1.4771
-0.0089928
-0.23252
0.35971
0.37353
1.4486
0.54422
-0.56179
-1.0027
0.35548
1.0092
0.40972
-0.10546
-0.1673
0.42949
-0.67148
-1.5438
-0.82654
0.66405
0.41108
0.23622
1.0087
0.94888
0.25255
0.69551
-1.003
-2.6493
0.02262
1.8858
1.5282
-0.67374
-0.16227
-0.091323
0.54489
-1.2199
-0.22041
-0.47016
0.54324
0.68412
0.8808
0.10813
0.46948
0.80076
0.037146
0.6365
1.3407
0.69126
-0.7193
0.65289
0.56505
-0.26935
-0.033994
0.69805
-0.070002
-1.0229
-0.22441
0.90973
1.0949
-0.33494
-1.0214
-1.4071
-0.2567
0.68005
0.40131
0.018142
-0.19232
0.12331
-0.79162
-0.83598
-0.77373
0.78834
1.1738
1.0907
-0.10457
-0.075049
-0.88655
0.13388
0.65932
-0.13812
-0.71716
-0.45721
0.11071
0.16693
-0.80269
-1.1928
-0.089303
1.1244
-0.33224
0.053616
0.39029
0.82277
-1.0853
-0.32891
0.051894
1.07
0.56049
-0.0019468
-0.2448
-1.2414
-0.49994
0.35678
1.273
1.0105
-0.0054672
-0.40688
-1.4385
-0.045898
-0.40966
0.76278
0.47638
0.73422
-1.6021
-0.40872
0.59299
0.51326
-0.31496
1.6995
1.0942
-0.26127
-0.71319
0.24804
0.30978
-0.2215
0.042736
0.76961
0.37304
0.58703
0.43391
-1.0015
-1.7899
-0.65678
0.30152
-0.040558
1.4808
1.2707
0.090965
-0.9885
-1.4181
0.12558
1.6607
1.3356
-0.39632
-0.21416
-0.18827
-0.49848
-0.2026
-0.18184
-0.76838
-0.38744
1.3859
0.29465
0.26605
-0.23101
-0.11309
-0.96724
-0.2946
-1.4455
-1.0563
0.45186
0.39236
0.97163
1.7141
-0.11239
-2.2334
-0.67238
0.65275
0.27279
-1.6005
-0.67095
-0.13353
-0.39426
-0.2943
0.4684
0.75494
-0.048845
0.40483
0.044915
-0.46965
-1.0099
0.20473
1.0041
0.61867
0.20016
0.6437
-0.021901
-0.41435
-0.87068
-0.078978
0.20478
0.65727
0.011445
0.32638
1.4785
0.23054
-0.11871
0.33846
-0.19216
-0.78303
-0.25891
-0.19841
-0.87463
0.54142
0.84628
0.17261
-0.20981
-0.1859
-0.90237
-0.64629
0.37889
-0.70182
-1.5285
0.038566
1.4184
-0.10001
-0.57132
-0.51779
0.47374
0.59879
0.095105
-0.80254
-0.50494
-0.61982
0.65936
1.2697
1.0711
-0.71642
-1.032
-0.31362
-0.69646
-1.1874
-0.80023
-1.4904
-1.2366
-0.07923
0.47788
0.43744
0.5205
1.5339
-0.71217
-1.3754
0.029459
0.93501
0.71053
0.60094
0.19985
-1.2861
0.34723
0.67899
0.57158
-1.0755
0.16672
1.2285
0.4718
-0.19805
0.49307
0.056492
-1.1343
-1.1761
-0.98121
-0.11079
0.059123
0.89398
-0.34233
-1.1772
-1.0958
-0.34673
0.32686
1.0962
1.3194
0.9733
-0.51994
-0.75886
-0.79188
-0.055472
-0.33259
0.032049
-0.43148
0.71446
0.89873
-0.83795
-0.79297
-0.66976
0.14951
0.2233
0.96092
-0.032188
-0.26126
0.02522
0.34862
-0.25227
-1.3309
0.21833
1.6644
0.59925
-0.20519
-0.22931
-0.50839
0.77114
0.81396
-0.66527
-0.34682
0.77617
-0.10494
-0.41908
-0.19533
0.23302
1.2387
-0.24518
-1.8925
-0.79449
0.4517
-0.71789
-1.0266
-0.25133
0.42261
-0.57072
-0.25644
0.72355
1.1019
-0.55888
-0.66097
0.34201
0.22063
-0.45776
0.97461
1.4376
0.43202
-0.87358
0.11807
0.01724
0.39057
-0.63148
0.56445
0.38639
0.91745
1.046
0.89766
0.14947
0.6394
0.86242
-0.64035
-0.68695
-0.82536
-0.2559
0.50169
1.0655
0.54901
0.87841
-0.56401
-1.5772
-0.82874
1.4044
1.3505
0.5406
-1.1788
-1.5327
-0.50512
1.513
0.67192
-0.21593
-1.6213
-0.9331
-0.20222
-0.19994
0.23963
0.21331
0.50984
0.61802
1.2558
-0.45499
-0.30196
0.62632
0.6182
-0.65204
-0.16658
-0.082879
0.4838
-0.17867
0.14551
-0.5132
-0.063345
0.33622
-0.78353
-0.59885
0.19583
1.5402
0.38499
-0.33781
-0.14125
-0.11334
-0.3473
0.94536
0.30859
-0.95228
-1.4581
0.17454
0.13024
-0.17343
-0.87272
-1.0507
0.20311
0.10265
-0.25525
0.22558
1.2934
1.042
0.22554
-0.67989
-0.22741
1.1647
1.0957
1.3106
0.67394
0.81038
-0.802
-0.29001
-0.95521
0.95934
0.53664
1.034
-0.18497
0.079316
0.11016
-0.090919
-0.32519
0.16281
0.56727
-0.32882
-0.92273
-0.48267
-0.35282
0.020558
0.92377
0.95425
-0.72734
-1.6116
-0.47427
0.7901
-0.34285
0.14057
0.21025
0.02317
0.83795
1.0173
-0.10634
-0.76329
-0.073179
1.006
0.73463
-0.24496
-0.90492
-0.85186
-1.7437
-0.99236
0.11194
1.5104
1.6862
-0.17293
-1.6111
-0.39935
1.5558
-0.51643
-0.66942
0.40662
0.64678
-0.19094
-0.34624
-0.17898
-0.74966
0.58836
0.20933
-0.32328
-0.32668
-0.2752
1.6854
1.1357
-0.73557
-1.7933
0.23605
0.45347
0.63772
-0.50848
-1.2622
-0.79832
-0.78293
-0.84282
-0.30976
1.2427
-0.24203
-0.77797
-0.25736
-0.58437
0.77212
0.73612
-0.19772
0.068685
0.14894
0.41379
-0.17452
0.17682
-1.5335
-0.36995
0.27016
-0.75846
-1.3645
0.84524
1.2216
-0.83276
-1.2819
0.57474
1.9331
0.42164
-0.91913
0.45318
0.59574
0.50378
-0.29285
-0.64935
-1.1102
0.38796
0.17998
0.053247
-0.011779
0.24745
0.06829
-0.49452
0.12356
0.080143
-0.38801
-0.029639
0.90317
0.39941
0.857
0.4464
-0.68123
0.19001
1.6074
0.89644
-1.2103
-0.89263
-0.63628
0.20268
0.35126
-0.23683
-0.59354
-0.69382
0.090094
0.26283
-0.37241
-0.7711
0.51395
1.4776
0.55513
-0.33197
-1.6595
-0.75201
0.78315
-0.067276
-0.72971
-0.70978
-0.22783
-0.1913
0.48833
-1.3261
-1.0775
-0.64761
0.8585
0.33966
-0.0024265
0.41539
0.76397
0.095138
-0.5934
-0.23625
-0.99426
-0.51896
0.56268
0.69047
-0.68467
0.30257
0.090414
0.80099
-0.41187
-0.55667
-0.73595
0.27577
0.28767
-0.19851
0.58991
0.56092
0.80632
-0.35724
-1.0487
-1.5013
0.60875
1.712
0.26394
-0.85598
-0.73541
0.46641
0.4035
-0.97408
-1.1165
0.62569
0.80212
-0.055076
1.5329
1.3155
-0.35861
-1.475
-0.32684
-0.28411
0.34264
1.4977
1.1248
-0.0070326
-0.79583
-0.18142
-0.29502
0.14652
-0.12915
-0.39744
-0.26799
0.071592
0.89942
-0.073561
-0.43567
0.016351
0.69037
0.88575
0.35099
0.019226
-0.010037
-0.67319
-0.55635
1.0563
0.76241
0.53849
0.64464
1.1676
0.10685
-1.6791
-1.4021
0.73319
1.3336
0.1917
-0.93376
1.5856
1.0684
-0.31377
-1.6296
-0.81259
-0.31147
0.35081
0.52923
0.40868
0.49745
0.17882
0.73744
-0.99276
-0.73566
-0.098653
1.19
0.647
-0.32376
-1.5944
-0.63179
-0.50242
0.40632
1.181
1.3529
0.10558
-1.1386
-0.17814
-0.71708
1.3961
0.47027
-0.79306
-1.1614
-0.097183
1.0818
0.40548
-0.99548
-1.2876
-0.69252
1.0303
0.89126
1.2598
0.088149
-0.58679
0.54023
1.4003
-0.26705
-0.98663
-1.0776
-0.72904
-0.3917
1.1504
0.5701
0.28878
-0.20755
0.022776
-0.55697
-0.51262
-0.0036667
0.63708
0.55473
0.2217
0.10198
0.027164
0.47207
-0.14467
-1.0055
-1.2156
0.10156
0.23088
0.85552
0.4214
0.2336
0.020151
-0.36109
-1.9782
-0.67941
0.51402
1.8558
1.5034
1.2189
-1.2021
-1.4949
-0.66341
0.65654
0.33027
0.10419
-1.2678
-0.92994
-1.621
-0.12088
0.99326
1.9325
0.77856
0.81058
0.32057
-0.93891
-0.28248
1.2923
0.74473
0.47462
0.28914
-0.12767
-0.24431
-0.25948
0.02335
-0.6967
0.32602
1.2002
0.65435
-1.4146
-1.2043
-0.5145
0.83465
1.4937
0.23003
-1.1731
-0.83489
0.53071
0.46677
0.30268
0.060447
-0.087736
-0.25795
0.41067
0.32046
0.021696
-1.3054
-0.27124
0.2516
0.57613
0.20323
1.5037
0.26522
-0.26178
-0.60576
1.6007
1.4765
0.63966
-1.5582
-1.3997
-0.11797
0.87093
0.16747
0.029744
-0.30425
-0.29716
-0.75232
0.60272
0.47856
-1.0878
-0.81874
1.2416
1.1504
-0.44838
0.37958
1.0073
-0.64368
-1.1976
-0.69554
0.82288
1.2472
0.3274
-0.55542
0.21257
0.64172
-0.20715
-0.4229
-0.55896
-1.1321
-1.171
-0.026905
0.7605
0.33486
0.48147
-0.32585
-0.12542
-0.38937
-1.2174
-1.9263
0.74904
0.93797
0.24244
-0.19281
0.51519
1.0294
-0.91781
-0.45687
-1.2491
-0.74673
-0.19574
1.6724
0.6622
-0.19937
-0.84067
0.14185
0.47537
0.70225
-0.6296
-0.75405
-0.42705
-0.64731
-0.41519
0.57352
0.85425
0.1846
-0.058868
-0.62349
-0.18732
0.49877
1.0551
-0.30062
-1.042
0.12597
0.39296
-0.018666
-0.47744
0.75631
-0.11148
0.36267
0.34394
0.23525
0.15452
-0.78488
-0.82087
0.19714
0.99776
-0.37128
-2.0266
-0.75459
-0.51134
-0.22631
0.69871
1.7931
0.37338
-0.55378
-0.071093
0.41835
-0.4877
-0.41581
0.022604
0.6233
0.38516
0.23893
0.46869
-0.41803
0.61495
1.3729
0.42346
-1.0054
-1.1164
0.26587
1.3818
1.2791
-0.26843
-0.15676
0.038409
0.45203
0.084565
-0.72838
-0.12853
0.73841
0.2225
-1.0827
-0.92429
-0.21461
-0.016407
0.76674
0.72781
0.38102
-0.11402
-0.22012
-1.0956
0.0077262
0.91046
0.81187
0.16323
-0.81138
-1.4863
-0.6229
0.009811
0.102
0.71354
0.40739
0.12052
-1.4497
-0.91077
0.15408
0.46311
-0.092672
0.56403
0.84752
0.63005
-0.47556
-0.49678
-0.77124
-0.46004
0.72963
0.89936
0.17398
-0.67076
0.34342
1.5485
-0.096992
-0.072475
0.17993
0.44185
-0.51826
-0.75311
-0.94132
0.44488
0.54411
0.37086
-0.23758
0.315
0.55472
-0.25249
-0.54845
-0.47626
0.03004
-0.23548
0.18426
-0.44321
-1.2773
-0.55123
0.78455
0.89662
0.11608
-0.41342
0.10891
-0.19538
-0.50358
-1.5505
0.25498
0.7892
0.40865
-0.49681
-0.52394
0.27066
0.70452
-0.019035
-0.2904
-1.0088
-0.45254
0.69392
0.83148
-0.50854
-0.53002
1.0312
2.1197
0.26537
-1.1758
-0.21929
0.040001
-0.37352
-0.069704
0.45932
0.81972
-0.1391
-0.45678
-1.3599
-0.2592
1.361
0.24956
-1.3629
-1.0071
0.25942
0.20939
0.87059
1.3129
-0.040551
-0.39344
-0.57826
0.14515
0.19445
0.21099
-0.074483
-0.74007
0.11318
-0.32344
-0.27726
-0.66647
1.6161
0.13313
-0.23776
-1.3184
0.26689
-1.0798
-0.24802
0.59291
1.4778
1.2286
0.90665
-0.42604
-0.92282
-0.83914
-0.29674
1.2745
0.70694
-0.35004
-1.6961
-0.57949
0.35254
0.66121
-1.2908
-0.85282
-0.058247
-0.23865
-0.22982
1.2552
1.4719
0.91845
-0.32416
-0.58684
-0.093739
0.48022
-0.71594
-0.44907
0.089442
-0.27252
-0.91776
-0.081577
0.50201
-0.71343
0.34133
0.84294
-0.025431
-1.0466
-0.81356
-0.62282
-0.86794
0.31478
1.1768
0.59464
-0.51941
-1.5133
-1.0423
-0.065391
0.61443
-0.3536
-1.359
0.21498
1.3343
0.78262
-0.44532
0.3253
-0.34869
-0.58495
-0.63547
-0.1203
-0.84741
-0.24865
-0.10492
0.38477
0.51504
0.39116
-0.80226
-0.43468
0.30978
-0.30217
0.16741
1.2094
-0.16898
-0.741
0.15018
0.66436
-0.33552
-1.3202
-0.84642
1.3564
1.1274
-0.22654
-0.87661
-1.0737
-0.93675
0.97558
0.58146
-0.49978
-0.34286
-0.14923
1.2954
0.52524
-0.83408
-1.0405
1.2115
0.24365
0.52311
0.31735
0.83015
0.43562
-0.17655
-0.62697
0.73229
0.96436
0.40687
-0.049619
-1.4868
-1.4725
0.52174
1.3263
1.0493
0.12575
-0.24694
-0.61728
0.16914
-0.062681
0.89509
0.034809
-0.18221
-0.02326
0.048864
0.5813
0.009909
-0.0066953
-0.70994
0.39967
-0.48416
0.19681
1.2644
-0.64527
-1.4413
0.085614
1.3718
-0.040719
-0.59407
0.30851
0.39827
-0.39897
-1.1278
-0.28766
-0.34964
0.23474
0.62168
1.0245
0.72207
-1.6437
-1.0356
-0.095586
0.93486
1.0703
0.28025
-0.87381
0.0047728
0.78996
0.10051
0.32495
1.6161
-0.38572
-1.8918
-0.62521
0.8949
-0.16415
-0.92097
-0.13851
0.79265
0.56089
0.29984
0.064355
-0.1912
1.4143
0.091832
-0.74523
-0.92813
0.59926
0.84743
1.1235
0.15393
-1.1864
-1.6681
-1.3178
-0.47908
0.89707
1.8366
0.55603
-1.6818
-1.5357
0.67885
1.1244
-0.020566
-0.65526
0.60594
0.1506
-0.23306
0.44503
-0.079025
-1.204
-0.64969
0.11739
0.40188
0.67509
0.17705
0.45149
-0.20723
-0.79183
0.044363
-0.6149
-0.52924
0.067763
0.25671
-0.76542
-0.47702
0.50586
0.72167
0.9828
0.49295
-1.2134
-1.1385
-0.54697
0.51746
0.57338
0.93967
0.21119
0.74331
0.34809
-0.92094
-1.9705
-0.012851
1.3079
0.51243
-0.74096
0.22552
0.32917
-0.14815
-0.89215
0.50918
0.77139
0.58802
-0.27811
-0.25627
0.014534
0.0371
0.2534
-1.0438
-0.27334
1.4607
0.70797
-0.43762
-0.69724
0.78711
-0.077032
0.59897
-0.0036778
-0.15938
-0.97866
-0.66858
-0.67431
-0.022776
0.22831
0.97804
0.068521
-0.12332
-0.35906
0.73025
-0.23344
-1.495
0.16672
0.67334
0.20889
-0.045199
-0.098404
0.68112
0.77114
0.061309
-0.88727
-0.60795
-0.11281
-0.012323
0.25067
-0.39247
0.30718
0.75043
0.088421
-1.0768
-1.1906
-0.018376
0.5794
-0.18283
0.1947
1.3783
1.0761
-0.85473
-1.6308
0.22046
0.92679
0.74075
0.38719
0.12796
-0.35337
-0.04685
-0.023729
0.17966
-0.36927
0.17986
1.2564
-0.1921
-0.95452
-0.73507
-0.55358
0.79947
0.2543
0.21747
-1.2121
-0.16367
0.058498
0.53996
0.80289
0.17209
-0.73339
-0.47695
-0.23382
0.42135
0.92371
0.67089
-0.11019
-0.50202
-0.32862
0.97438
0.74589
-0.10129
0.46284
1.2032
0.51089
-0.53027
-1.5306
-0.65006
0.56292
0.10478
-0.95359
-0.63888
0.30742
-0.2401
-0.63371
0.2748
0.58505
0.19326
0.10731
0.016956
-0.38352
-0.4257
-0.22755
0.40678
-0.21741
0.98236
0.86007
0.097839
-1.1888
-0.41381
-0.029875
0.61462
-0.39986
-1.1644
0.46539
1.4126
0.98682
-0.83012
-0.8267
-1.151
-0.19377
-0.39394
-1.1786
-1.4397
-0.2817
0.60054
1.2733
1.4281
0.42931
-0.94244
-0.812
0.40547
0.31791
-1.0131
-0.27999
0.84456
0.37463
0.16834
-0.44989
-0.04051
0.83647
0.74718
0.22885
-0.30167
0.29326
0.15019
0.099178
0.55056
0.43831
-0.53649
-0.66109
0.76078
0.14771
-1.0588
-0.099826
0.74189
0.3546
0.5526
0.58699
-0.1139
0.82911
0.90134
0.47368
0.38756
0.37206
-0.66522
-0.23716
0.32722
0.37957
-1.4341
-0.46744
-0.10853
1.15
0.9924
0.6477
-0.15545
0.35916
0.34615
-0.67061
0.065359
0.61188
0.70666
-0.018836
-0.063393
0.2278
1.0059
-0.063012
-0.4425
-1.1996
-0.40977
0.74415
1.9104
0.17073
-1.3122
-1.0893
-0.94451
1.4335
1.8062
0.98644
-0.36919
-1.5774
-1.6517
-0.89472
0.67251
1.4887
1.1025
-0.13162
-0.98481
-0.36788
-0.12082
-0.075099
0.27205
0.66588
0.2103
-1.5079
-0.17904
1.1582
1.5535
-0.55104
-2.1967
-0.73083
0.95032
1.9912
-0.37922
-0.81776
0.097958
0.51926
-0.27638
0.1255
0.84518
-0.1497
-0.60321
0.041038
0.18473
0.17446
0.16404
-0.04364
0.50218
-0.012664
0.12663
-0.73535
0.68398
0.29956
1.2674
0.41895
0.41615
-0.8133
-1.0254
0.45226
1.2191
0.74155
-1.118
-0.48806
-0.28255
-0.45706
0.49209
0.22683
0.99517
0.82235
-0.72453
-1.6076
0.43592
1.7994
-0.20174
-0.304
-0.3718
0.084654
0.39247
0.89227
0.548
-0.064312
-0.12816
-1.2569
-0.51082
0.80426
0.25237
-0.50073
-0.20872
-0.6561
-1.4904
0.64644
1.713
0.040813
-1.3736
-0.24717
0.93207
0.69096
-0.52323
-0.26922
-0.75017
-0.33023
-0.44986
0.2623
0.60923
0.57549
0.021215
-0.62679
-0.59307
1.0538
1.3758
-0.044672
-1.1875
-0.76176
0.84008
1.2723
0.3052
-0.38322
0.032156
0.31627
1.0356
0.45454
0.08322
-0.45268
0.17372
-0.044899
-0.55978
-1.5079
-0.97908
-0.32482
0.49706
-0.056376
0.42025
0.1859
-0.13016
-0.084016
-0.71311
-0.59222
0.19561
-0.33262
-1.3153
0.96764
1.1437
0.90245
-0.74567
-1.27
-0.67333
-0.6824
-0.19394
-0.24461
-0.23273
0.44494
0.89775
-0.17106
-0.88985
-0.1073
0.44193
1.0879
0.75904
-0.53014
-0.79953
0.0041996
-0.040877
-0.09423
-0.2503
0.63676
-0.35489
-0.56764
-0.15383
0.65078
1.0918
0.055018
-0.26119
-0.37713
-1.004
-0.57115
0.70444
0.99356
-0.19449
-0.95943
0.10049
0.20039
0.54796
0.39888
0.97467
-0.33539
-1.0378
-0.98057
-0.68219
-0.25534
1.2518
0.55557
-0.56417
-1.3996
-0.44973
-0.59308
0.711
0.45034
0.27931
-0.61832
-0.46718
-0.41159
0.81397
0.19398
-0.60824
0.12397
0.50187
-0.68369
-0.61616
0.53031
0.67772
-1.2574
-1.4884
-0.97043
1.187
1.7904
0.99271
-0.58017
-0.06039
-0.091934
0.098255
-1.1156
0.018203
0.46698
0.47636
0.85742
0.55171
-0.0076233
-1.0267
-0.86776
-0.48244
0.44842
-0.17059
-0.33437
0.19332
0.5565
-0.38743
-0.89391
0.38348
-0.33289
-0.56864
-0.13657
0.83334
-0.10015
-0.7338
0.44776
0.59829
-0.47091
-1.0303
-0.67152
-0.058174
0.91542
-0.084529
-1.6144
-1.1409
0.38781
0.59658
0.26136
-0.56302
-0.95975
0.20297
0.016249
-0.36836
-0.13554
0.42011
0.13573
-0.5031
-0.84607
0.099371
1.3634
0.66762
-0.8085
-1.5237
-0.21365
0.40934
-0.21242
-1.416
-0.42869
0.71829
2.0352
-0.0078935
-0.84576
-0.49468
0.46775
1.1751
0.015085
-0.28076
0.27549
1.0944
0.51335
0.46269
-0.44172
0.034607
0.79079
-0.46681
-0.36544
1.3055
1.9432
-0.59406
-1.1335
-0.92221
-0.63307
-0.83593
-0.44708
-1.0691
-0.61747
0.23039
0.7347
-0.84099
-0.40134
0.85963
1.1209
-0.98894
-1.3519
0.16577
0.10383
0.36795
0.54242
1.0496
1.1058
0.63041
-0.40778
-0.74373
-0.82848
0.38953
0.13817
1.0574
0.31026
0.4071
-0.81228
0.35689
0.031634
0.98161
0.85972
-0.65877
-1.3871
0.58869
-0.25616
-0.90709
-0.68285
0.88022
-0.07259
-0.31047
-0.62378
0.14022
-0.2959
-0.081571
0.06328
0.68627
1.0836
0.41933
-0.33186
0.21648
1.3041
0.8983
0.34313
0.072791
-0.4741
-1.2141
-0.11239
1.1187
1.1861
-0.56751
-0.91492
-1.721
-0.16912
0.53968
1.1784
0.21854
0.19658
0.048493
0.19632
0.21912
-0.5951
-1.6551
-1.7113
0.56483
1.5243
1.9541
0.5758
-0.18429
-1.9697
-1.2374
0.42209
0.20323
0.88237
0.75696
0.020171
-1.2583
-0.13818
-0.52612
0.70965
1.2018
1.7537
-0.27588
-0.3634
-0.19808
0.061457
0.087802
-0.16532
0.68104
0.61472
0.18069
-0.070144
-0.60524
-0.58295
0.85062
1.0355
1.1884
0.83451
-0.036554
-1.4834
-0.82412
0.79747
0.16276
-0.48821
-0.36726
0.51404
0.34766
0.20852
-0.12162
-0.46797
-0.13047
-0.075316
0.84642
0.048331
0.16469
0.59359
0.20576
-0.58801
0.41457
1.0576
-0.31848
-1.4013
-0.25288
0.76382
0.89533
-0.93313
-1.2406
-0.58339
0.36279
-0.49367
0.63031
0.675
0.18815
-1.4685
-0.91322
-1.6288
-1.1266
0.73499
1.6174
0.681
0.16472
-0.49313
-0.47621
0.20923
-0.12046
-0.64151
-0.39826
-0.45196
-1.5494
-1.4474
1.4222
1.6914
-0.090295
-0.8165
-0.819
-1.6765
-1.5355
-1.1657
0.42169
1.9966
1.7535
0.35611
-0.33717
-1.1682
-0.82521
0.42132
1.2044
-0.046114
0.95999
0.50233
0.23461
-0.29384
-0.78486
-1.1449
-0.55972
0.36822
0.60325
0.1753
-0.14976
0.096191
0.076471
-0.21406
0.53159
0.98138
0.42011
-0.054204
0.40925
0.64815
-0.62383
-1.2251
-1.8227
-0.93559
-0.37177
1.5361
1.9801
0.16699
-0.99151
-0.18816
0.38877
0.18139
-1.0817
-1.1951
-0.38826
0.55746
0.60677
0.040308
-0.032801
0.063319
-0.0077569
-0.23003
-0.18281
0.65435
-0.72642
-1.7145
0.2834
1.6446
-0.3759
-0.93882
0.081694
0.15917
-0.27002
0.8865
-0.42874
-0.64883
-0.5359
1.0538
-0.60979
-0.74841
-0.37914
0.56645
0.48215
1.0509
0.57322
-0.98296
-1.0062
-0.96531
0.086713
0.42981
0.56876
-0.19235
-0.45837
-1.1349
-0.59738
0.40902
-0.086746
-0.79016
-0.12106
0.4229
0.0014561
0.28254
0.031783
0.03512
0.42174
0.66172
0.55873
0.23752
-0.58419
0.3209
-0.41019
-0.19418
-0.080391
0.088743
-0.30854
-1.0983
-0.17941
0.62493
1.2035
0.30018
0.46987
-1.1768
-1.5566
-0.062663
1.4287
1.5253
0.20031
-1.0624
-0.51735
0.93711
0.20413
-0.89299
0.8889
1.2674
0.01031
-1.7539
-0.62904
-0.060144
0.33841
0.11901
0.8636
1.3085
0.58835
-0.007896
-0.33664
-0.6524
-0.43708
0.33916
1.1029
0.36439
-0.29345
0.11234
-0.060233
-0.76855
-0.91015
0.78942
0.59533
0.1429
-0.059109
0.54601
0.88062
1.0856
-0.79374
-1.8743
-0.32547
1.2741
0.66751
-0.0049671
0.1515
-0.42445
-0.40002
-0.16295
0.082084
-0.26218
-0.44275
-1.0373
-0.35591
0.31008
1.3826
0.93659
0.45186
-0.18323
0.32108
-0.55689
0.75002
0.50551
-0.85977
-0.24107
1.0645
-0.040245
-1.9984
-0.83887
-0.085555
0.35261
-0.22486
-0.48743
0.6613
-0.0064068
0.46474
0.81269
-0.30399
-0.61257
0.38113
0.91422
0.075223
-0.53221
-0.81218
0.86746
1.1183
0.74676
-0.49198
-0.30125
0.34821
-0.62669
-1.2972
-0.50043
0.47693
-0.10657
-0.4923
-0.4782
-0.30166
0.1667
1.0193
-0.19989
-1.6948
-0.32534
0.81047
0.83159
-0.48069
-0.53135
0.549
0.0035025
-0.29082
-0.30145
-0.04823
-0.87452
-0.83158
0.58172
1.4433
-0.39143
-0.92686
-0.18989
0.49847
-0.36719
-0.14015
0.20192
0.46459
0.76008
1.0513
-0.78892
-0.46344
0.78327
1.279
0.27414
-0.74044
-0.92567
-0.57511
0.25071
0.91645
0.60842
-0.38882
-0.96292
-0.87662
0.06688
0.83077
0.023284
-0.32294
-0.16915
-0.18714
0.63754
0.22308
0.52222
0.25612
0.41228
-0.5355
-0.49813
-0.4273
-0.35881
0.86124
0.66821
0.50014
-1.1719
-0.075887
-0.70257
-0.15888
-0.18558
0.915
0.09132
-0.46698
-1.3158
-1.0868
-0.7515
0.081587
1.3124
1.3229
0.83386
-0.40178
-0.041083
-1.1378
-0.17267
1.3793
0.72881
-0.043767
-0.62248
-0.18236
-0.265
-0.21559
0.32586
-0.8418
-0.72233
-0.14204
1.4855
0.28323
-1.0699
-1.2185
0.12263
1.4718
1.251
0.93816
-1.3769
-1.3528
-0.71941
1.1403
0.79568
0.54461
-0.94149
-0.76279
-0.57082
0.18379
0.99275
0.81875
-0.036796
-0.044847
0.59891
1.2306
0.84399
0.053053
-0.68055
-1.0999
-0.75274
0.70118
1.2021
1.1869
0.52793
-0.47815
-0.79646
-0.16922
-0.45976
-0.70833
0.66929
1.0099
1.3443
-0.18668
-1.7045
-0.18738
1.212
0.33185
0.11372
0.42509
-0.22094
0.012111
-0.09031
0.64148
-0.031093
0.42824
-1.2972
-0.67584
0.54417
0.39294
-0.04819
-0.60798
-0.39281
-0.78096
-0.79156
0.059385
0.10993
-0.78788
-0.26347
1.1254
0.69894
-0.58419
0.35407
-0.22443
-0.27175
-0.041409
0.74729
0.4625
-0.50254
-0.82938
-0.13928
-0.072977
0.24025
0.43565
1.1618
0.39028
-0.53358
0.38577
0.76962
0.64169
0.12363
-0.41246
-0.49796
0.23542
-0.17174
-0.35675
0.1688
-0.18882
-0.057419
-0.040671
0.79328
-0.27497
0.29752
0.11722
0.06128
1.0429
0.48814
-1.6576
-1.3138
0.83103
0.87665
-0.096098
-0.29842
-0.073856
0.080185
-0.014967
0.1463
1.1545
1.2707
1.4929
0.46198
-1.8187
-1.8368
0.3227
1.1289
0.25403
-1.2807
-1.1184
-0.61467
0.67351
0.47886
0.53351
-0.70093
-0.44766
0.27292
-0.3499
0.68785
0.82505
-0.37609
-1.1122
0.77823
0.75416
-0.28138
-0.36001
-0.10537
0.80735
0.2469
-0.26322
-1.2186
0.85485
1.3533
0.42777
-1.8233
-0.77678
-0.21274
-0.53533
0.082212
0.18686
-0.68505
-0.45436
1.0387
0.85605
-0.51622
0.014306
0.32754
-0.60143
-1.7355
-0.15126
-0.39387
-0.22639
-0.1675
0.22302
0.20534
0.81462
0.35986
0.023742
-0.14968
-0.81904
-1.0722
-0.21172
0.15823
-0.1367
0.37188
1.7676
0.84963
0.024909
-1.117
-0.41501
0.32398
0.41269
-0.17584
-0.84299
0.63524
1.0308
-0.22963
-1.143
-0.21724
0.31493
-0.31411
0.76979
2.0833
1.5351
-0.66372
-1.075
0.083661
0.54475
-0.35078
-0.85151
1.1257
0.31874
-0.91732
-0.73544
0.42577
1.2389
0.46823
-0.12324
-0.050817
-0.22114
-0.81546
0.77752
1.8862
1.4286
0.76797
-0.1306
-1.6337
-1.5641
-0.98928
0.61584
1.5347
0.95902
-0.7478
-0.68189
0.014162
0.051942
0.14858
0.73123
0.20593
-0.36682
-0.40306
-0.99642
0.016461
0.44883
0.45622
-0.34256
0.12678
1.1883
0.70393
0.58981
0.03219
-0.38746
-0.36349
0.1133
-0.14492
0.016344
-0.41518
-0.059535
0.16648
0.79415
1.0321
-0.20403
-1.4647
-1.4097
-0.88668
0.69866
1.2913
0.48385
-0.15755
-0.29928
-0.27537
-0.45392
0.039058
-0.032257
-0.13254
-0.42667
-0.07351
0.24438
0.70404
1.014
0.092947
0.057833
0.42791
-0.86483
-1.4456
-0.26818
1.8348
0.57079
-0.037067
-0.50795
0.046387
-0.49799
0.58762
-0.14804
0.21894
-0.77992
-0.46895
-0.96171
-0.32996
-0.068212
1.054
-0.24239
0.24734
-0.34571
0.366
-0.13159
0.14263
0.60204
0.84312
-0.16941
-0.59049
0.45928
1.1802
1.2022
-0.6195
0.22655
0.31795
0.487
-0.060468
0.2777
-1.2251
-0.016981
0.8932
0.57574
-0.46613
-0.61912
-1.3144
-1.7614
-1.1966
0.66044
1.098
-0.13422
-0.81249
-0.18194
-0.55483
0.9705
0.10202
-0.36571
-0.74376
0.32489
-0.58303
-0.7762
-1.0236
0.76375
0.45611
-0.26523
-0.50829
-0.10475
-0.90267
-0.55744
-0.10634
0.040676
-0.16243
0.46466
1.4715
1.3488
0.34469
-0.37912
-0.68241
0.036396
-0.1157
-0.099351
-0.36289
0.38005
1.6207
0.87718
0.79958
-0.2022
-0.058137
-0.26538
-0.71145
-0.51636
0.2797
1.1246
1.4487
-0.23728
-0.76601
-0.52512
1.1125
0.24233
-1.375
-0.41493
0.67537
1.2852
0.48831
-0.92947
-2.1626
-0.68664
1.3883
0.93854
1.2193
0.78381
0.23558
-0.49986
-0.4787
0.94225
0.62859
0.99621
-0.18194
-0.22003
0.54001
0.35614
-1.2045
-0.65115
0.40238
0.78884
0.8395
0.89603
-0.046018
-1.0543
-0.99127
0.57035
0.74834
-0.29868
-0.29689
-0.10057
-0.23934
-0.0031387
0.37266
0.72058
1.5234
0.068075
0.018694
0.41363
1.0271
-1.4186
-1.1331
0.031644
1.2495
0.074017
-0.59915
0.43658
0.22821
-0.09851
0.79018
-0.078856
-1.3447
-0.63209
1.4978
0.75527
0.68679
0.33964
-0.24041
-0.89381
-0.4554
0.67076
0.67208
-0.27325
-0.40153
0.59537
-0.18352
-0.66076
0.70389
1.2732
-0.35803
-0.66741
1.0341
1.0201
0.33227
-0.21424
0.32564
0.57359
-0.57672
-1.3076
-0.72164
0.8403
0.84621
0.22351
1.267
-0.034525
-0.15341
-0.14619
0.65388
-0.44703
-0.56397
-0.2835
0.1965
0.089973
-0.46305
-0.015957
0.065411
-0.22414
-0.21654
0.95763
0.45532
-0.55604
-0.28769
0.19024
0.37186
1.1174
0.49415
0.69062
-0.11521
-0.20173
-1.3749
-0.61611
0.38095
1.4135
0.78404
0.42376
-0.52804
-0.88791
-0.30943
0.20336
-0.98652
-0.9993
0.51297
0.59325
0.08165
-1.201
-0.59906
0.45902
1.0663
0.7218
-0.39338
-0.40641
-0.87205
-0.18534
-0.041629
0.10254
-0.36838
0.61753
0.879
0.25925
-0.61108
-0.14312
0.98811
0.24332
-0.74423
-0.4468
1.3657
0.76859
-0.9635
-0.17844
0.25667
-0.028436
-1.2374
-0.25537
0.92924
-0.13962
0.53788
0.59192
0.299
-1.0495
-0.8978
-0.019638
-0.14732
0.67935
-0.36143
0.051796
-0.14947
1.4285
-0.13605
0.35177
0.54707
1.3421
0.32288
0.4225
-0.94626
-1.0172
0.19323
0.035396
-0.29353
-0.93509
0.15708
0.095618
0.091931
0.89869
1.0169
-0.63445
-1.3225
-0.0067579
0.20635
-1.3123
0.25625
0.79372
0.67221
-0.22579
-0.92914
-0.96173
0.19436
0.38442
0.44211
-0.11909
-0.022575
-0.49658
0.17284
0.03733
0.3931
0.53825
-0.86085
-0.23955
0.61942
0.35612
-1.5469
-1.5486
-0.3893
0.44556
0.96169
-0.18933
1.1237
0.96121
0.64571
-0.98046
-1.813
-0.71235
0.091696
0.29668
0.64446
1.5699
0.61982
-0.58165
-1.0056
-0.21031
1.0191
0.81241
-0.88609
-0.58946
0.12666
0.014327
0.31219
0.87594
0.37455
0.16779
-0.54003
-0.33457
0.777
0.66061
0.21993
0.081143
-0.20828
0.55032
1.2806
0.66448
0.71327
0.89132
-0.87511
-1.1082
-0.19861
-0.12416
-0.41982
-0.42841
-0.9958
0.064012
0.64558
-0.54512
-0.73849
0.14448
1.6183
-0.02881
-1.4705
-0.063172
0.30212
-0.40136
-0.84547
0.57455
0.59875
0.044243
-0.38355
-0.35264
0.24981
1.0942
-0.24799
-0.19734
-0.98511
-0.58919
-0.73022
0.56212
0.89729
1.3881
0.69039
-0.22282
-1.6331
0.50468
0.42158
0.51174
0.23327
0.33114
-1.2153
-0.52793
0.32361
-0.20465
-0.79901
0.091742
0.12742
0.31481
0.90771
0.39395
-0.92839
-0.61733
0.34001
0.77703
-0.63737
-0.83269
-0.98446
0.40776
-0.27864
-0.034591
-0.37327
-0.84752
0.0073756
1.4745
0.95003
-0.30551
-0.79634
-0.41752
0.45035
0.51063
-0.52597
-0.56068
-0.023293
0.47041
-0.98913
-0.6998
-0.52553
0.2439
-0.024503
0.24216
-0.030147
-0.88496
-0.8737
0.12831
-0.47272
-0.23117
0.88269
0.13075
-1.0475
-0.93948
0.50037
0.30002
0.11193
-0.21897
0.032061
-0.10355
0.065016
-0.19721
-0.53268
-0.65904
0.77548
0.41657
0.52832
-0.032559
0.41321
-0.32303
-0.14792
0.077816
-0.50132
-0.70111
-1.1901
-0.38286
0.12015
1.3798
0.46608
-0.42049
0.54671
0.74994
0.67711
-0.5
-0.52583
-0.99981
0.32855
0.41452
-0.37261
0.33729
1.2135
-0.44062
-0.68226
0.777
0.95424
-0.29945
-0.91113
-0.14852
0.1564
-0.53547
-0.74075
1.4938
2.0802
0.37364
-0.60586
0.80234
0.2655
-0.12993
-0.068627
-0.58452
-1.4735
0.82789
1.8804
1.5763
-0.45674
-0.8718
0.29738
0.40203
0.33489
-0.70916
-0.85633
0.13119
0.71955
0.5552
-1.2001
-0.10858
0.36087
1.1575
0.14659
-0.13152
-0.35857
1.0856
0.51024
-0.65733
-0.074626
0.21063
0.084152
-0.35876
0.20548
-0.3252
-0.18426
-0.26303
0.004314
-0.99542
0.049115
1.1352
1.5972
-0.13861
-0.63112
-0.28125
0.46868
1.1373
0.22106
-0.31385
-0.41766
0.18507
0.34738
0.90398
1.2906
-0.14665
0.11795
0.44364
0.52183
-0.96379
-1.0232
0.77288
0.90024
-0.15886
-0.25052
0.25992
0.38754
0.48939
-0.25376
0.66873
-0.16071
-0.55066
-0.73102
1.142
0.26517
0.50302
0.45297
-0.05009
-1.6995
0.16511
0.30553
-0.34206
-1.1643
-0.68171
0.41723
0.74891
-0.31586
-0.29613
-0.040941
-0.82012
-1.016
0.92679
0.91806
-0.094277
-0.32463
-0.43159
0.46554
0.16035
0.12644
-0.6857
-0.24971
-0.18568
0.16695
0.7262
0.78148
-0.1827
-0.47717
-0.4548
-0.1352
0.029089
0.027761
-0.71716
1.2488
1.2574
0.27983
-0.73588
-1.5935
-0.96229
0.00025688
1.6681
0.37852
-0.16159
-0.99156
0.15609
0.30058
0.41036
-1.6427
-0.6933
0.35563
0.14541
0.43159
0.067787
0.21717
-0.2057
0.36007
-0.19694
-0.45343
-0.16456
0.09571
-0.74456
0.033984
0.87356
1.257
0.26334
-0.7969
-1.1045
0.39722
0.86542
0.34303
-0.42516
0.4288
0.051765
0.29006
-0.90648
-0.40309
-1.1084
0.33104
0.65616
0.12362
-0.091071
-0.60838
-1.0103
0.55005
1.645
-1.4983
-2.3685
-0.098371
0.44702
1.6311
1.6163
0.7115
-0.16894
-0.74394
-1.1253
-0.18754
-0.023419
-0.028507
-0.85228
-0.48973
0.69451
0.72398
1.0603
-0.9329
-0.046166
-1.0484
-0.0036562
0.90345
1.4327
-0.3775
-1.0365
-0.47095
-0.93127
0.12598
0.67833
0.79597
-0.72538
-0.73168
-0.68133
-0.058315
1.2427
0.5236
-1.1833
-0.80219
1.2043
1.8205
-0.040554
-0.94354
0.18769
-0.68602
-1.2812
-1.3569
0.75376
-0.077541
0.60719
0.96985
1.5109
0.4512
0.52241
-0.04376
0.060114
-0.94686
-0.16261
0.41473
0.74895
-1.0521
-0.025119
0.36602
0.18728
-0.60282
0.66357
-0.83028
-1.2152
-0.60445
0.67871
1.4725
0.37582
0.64694
0.15076
0.74255
-1.1104
-0.42594
-0.79569
-0.13441
-0.56506
-1.1204
-0.89811
0.6754
1.4143
0.74713
0.72506
-0.34627
-0.23631
-0.40731
-0.71406
-0.52567
0.91931
0.39782
-0.74111
-0.47627
-0.11876
0.81013
-0.50279
-0.72025
-1.1563
-0.098622
-0.18621
-0.63862
-0.42528
0.48982
1.3922
0.41167
-0.45342
-0.15476
-0.14765
-0.79248
0.94582
1.5386
0.8976
-0.73597
-0.76879
1.4853
2.0111
0.06656
-1.4314
-0.47391
-0.1066
0.42673
0.73095
-0.55407
-1.8436
-0.88551
-0.13015
1.2273
0.5789
0.43777
0.66726
0.43943
-0.19577
-0.91846
0.60681
-0.23673
-0.62603
-0.031114
-0.46618
-0.45182
0.0094088
1.0738
0.038616
0.41072
0.30046
0.53502
0.1069
-0.43531
0.020476
0.84724
1.488
0.22073
0.28318
-0.69818
-0.31084
-0.86407
0.43084
-1.0098
-0.21264
-0.2459
0.16092
-0.35182
-0.31568
-0.28021
0.41504
-0.261
-0.40011
0.14394
1.0839
0.26108
-0.85902
-0.43117
0.22469
1.2334
0.57051
0.071202
-1.1495
-0.53367
0.72723
1.399
0.38095
0.36819
0.046662
-0.84568
0.39242
-0.073448
-0.10481
-0.35503
1.4152
1.1896
1.2856
-0.074055
-0.43712
-1.4317
-0.82052
-0.12807
0.65615
-0.4591
-0.64382
0.41997
0.017285
0.4644
0.87003
-0.11279
-0.39187
-0.75992
-0.084087
-0.32804
0.23979
0.65401
0.40995
-0.17645
-0.10998
0.34348
0.25096
-0.70167
0.2367
-0.59708
-0.6536
0.40251
0.52786
-0.45619
-1.5446
-0.83188
0.48999
0.80991
-0.20358
-0.36738
-0.17533
-0.69815
-0.20052
0.49151
1.1974
1.4306
0.21196
-0.69959
-1.0354
0.051819
-0.46418
-0.42195
-0.51397
-0.40538
0.49958
1.4554
-0.37283
-0.33158
1.0071
0.085566
0.017444
0.79521
0.76246
-0.67964
-1.2452
0.085674
0.88922
0.35512
-0.39369
0.12883
0.23661
0.45934
0.55532
0.042751
-0.85906
-1.9616
0.45533
0.90515
1.2068
-0.059806
-0.024286
-0.43861
0.38449
-0.27578
-0.13669
0.47384
0.67702
0.3745
-1.0867
-1.9191
-1.6617
0.24267
0.74624
-0.36481
-1.1683
0.56601
1.8802
0.49632
-1.0588
-0.25324
0.63928
0.46856
0.028678
-0.77528
-0.052733
-0.34636
-0.1928
-0.65671
-0.0069081
-0.028207
0.091515
-0.28102
-0.31187
0.19986
0.82762
0.56885
0.73879
-0.48693
-0.5311
-0.25869
-0.65458
-0.20897
-0.012999
-0.26949
-0.76579
-0.050548
0.28519
-0.28819
-0.51758
0.21066
0.042222
-0.32848
-1.4426
-1.531
0.29932
0.41163
0.28266
0.93972
1.2782
-0.071685
0.17434
0.88218
0.18331
-0.058
-0.12913
0.55811
-0.086411
-0.90961
-0.55864
-0.27099
0.25018
0.31491
0.32043
0.19503
0.83802
-1.1253
0.16043
0.88036
-0.097079
-0.84307
0.55162
1.3532
-0.33861
-1.7467
-0.72657
0.32379
0.33677
0.21398
0.68133
0.46722
-1.4238
-1.1686
-1.1067
-0.92543
0.52925
1.4244
1.0168
-1.0483
1.0545
0.078962
-0.083934
-0.091825
0.080684
0.21652
0.43335
0.10527
0.19272
0.26803
-0.24828
-0.09296
-0.29089
-0.14865
0.38849
0.42846
-0.0084261
-0.33612
-0.4537
-0.26662
0.19329
0.31212
-0.025111
0.14789
0.51712
-0.32078
-1.4265
-0.75396
-0.86628
-0.31855
0.77629
0.93865
0.63991
0.36278
-0.39587
-0.82653
-0.45701
0.68893
-0.40029
-0.1687
0.24271
0.81413
-0.036115
-0.85953
-1.1604
-0.16882
-0.22422
-1.125
-1.8379
0.62711
1.1424
0.16876
-0.66031
0.36475
0.18308
-0.11665
-0.024862
0.029869
-0.73615
-0.45549
0.55712
0.0019034
-2.019
-2.053
0.72897
1.583
0.83584
-0.32999
0.87095
-0.74402
-1.6352
-1.0228
-0.026605
-0.48858
0.56536
0.32164
-0.72831
-0.49253
1.007
-0.30974
-0.64143
-0.045467
1.108
0.26594
-0.11096
-0.29739
-0.11425
-0.086331
0.40119
0.49659
-1.2057
-0.57301
-0.63952
-0.30514
1.1522
1.2153
0.027019
-0.83646
-0.5032
-0.24222
0.32641
0.47968
0.80591
0.34401
-0.76729
-0.10884
-0.17081
-1.2289
-0.35202
1.1295
-0.42237
0.13423
1.7446
1.2872
-1.1423
-0.76126
0.96645
1.7707
-0.82873
-1.6595
-0.30934
1.1571
1.7521
0.45739
0.58883
0.17445
0.45224
-1.7058
-1.1521
-1.0769
0.74125
0.75261
-0.28611
-0.57686
0.88689
0.12663
-0.19991
0.54421
-0.076787
-0.91173
-0.30698
0.41501
0.12594
0.34111
-0.24621
-0.64092
-0.023758
0.4781
0.15146
0.29771
-0.13024
-0.56722
-0.64868
0.030157
-0.042818
0.02876
0.39409
0.76504
1.3495
-0.52442
-0.77994
-0.14661
1.7388
1.1551
0.12733
-0.34618
0.32754
-0.261
-0.064068
-0.46247
0.044149
0.25229
-0.2822
-1.3094
-0.77917
-0.11278
-0.60331
0.31844
1.4946
0.49549
-0.94204
-0.49952
-0.24418
-0.017253
-0.44755
0.37704
-0.8038
-0.64739
0.53144
1.7848
0.21695
-2.3271
-1.5205
-0.30558
0.42736
0.89271
0.63362
0.28866
-1.0427
-0.041214
0.50452
1.4601
-0.044616
0.20483
0.54613
0.71634
-0.6523
-0.64035
-0.1405
-0.48762
-0.77664
-0.2623
0.0046303
0.20569
-0.83953
-0.13174
-0.14068
0.62546
0.076141
-0.099242
-0.3423
-0.40649
0.016428
0.67152
0.38859
0.067035
0.24551
-0.18688
-0.49667
-0.4058
-0.78301
-0.069708
0.62123
-0.68404
-1.4286
0.68419
1.2307
0.085418
-0.35232
0.61223
0.17157
0.48326
0.76604
1.0744
-0.034817
0.27971
-0.078295
0.30648
-1.4189
-0.23523
0.76634
0.67768
0.030465
-0.63492
-1.2812
-0.42406
0.96501
0.49708
-0.53748
-0.45641
0.23091
0.33492
-0.46826
0.59315
0.99041
0.12349
-0.19453
-0.050428
-0.4704
-0.69945
-0.39531
0.635
0.48396
-0.53466
0.4747
0.98679
0.45835
-0.068971
-0.071286
-0.011618
-0.58275
-0.91547
0.12115
0.18903
0.11555
0.25072
0.44837
-0.1355
-0.11655
-0.090824
0.47784
0.99572
0.44406
0.51373
1.0129
0.38328
-0.43662
-0.3046
-0.13571
1.4231
1.1062
0.98518
-0.75009
0.22838
-0.25818
-0.667
-1.8946
1.0296
0.79883
-0.87792
-0.21692
1.0971
0.83096
-1.3509
-0.51575
-0.59868
0.61852
-0.21823
-0.041278
0.16447
0.8459
0.67297
-0.26484
-0.25816
-0.63382
-0.58006
-0.47071
0.059322
0.19752
0.65347
0.36021
-0.13784
-0.46463
-0.52212
-1.4044
-1.4566
0.42674
0.33029
0.26711
-0.15015
0.39849
-0.4024
-0.82836
-0.7322
0.51536
0.34151
1.7059
0.74448
-0.086968
-1.123
-0.3296
-0.048136
-0.013373
0.075533
-0.0398
-1.1946
-0.79647
-0.36301
0.7104
-0.13318
0.36458
-1.0633
-0.15778
0.49563
1.1985
-0.67515
-0.8814
0.043552
-0.02544
-0.23414
-0.617
-0.12443
-0.18807
0.81819
0.36574
-0.16971
0.076259
-0.17685
-0.021805
-0.13798
-0.24713
-1.2668
-0.6859
0.35222
1.2252
0.65178
0.91966
-0.64729
-0.48391
-0.071288
1.2209
1.2125
0.1307
-0.66702
-0.56467
-0.43912
0.31605
1.5692
0.61216
-0.8351
-0.76784
-0.33017
-0.0050524
-0.83484
-0.59159
-0.051978
-0.4381
-0.94654
0.62434
-0.014629
-0.43713
0.068998
0.51465
-0.28226
0.97824
0.79128
0.12878
-0.56523
0.38182
0.54226
-0.94202
-1.5337
-0.16149
0.83732
0.49775
0.56335
0.90193
-0.37255
-1.0817
-1.1667
0.14568
0.45112
-0.08096
-0.31501
0.6038
0.42699
-0.752
-0.52364
0.68646
-0.0054801
-0.6475
-0.11301
1.0058
-0.87356
-1.0454
0.37797
2.2557
0.49201
-0.88515
-1.3092
-0.69302
-0.11369
-0.69456
0.34103
0.59135
0.47699
-0.16128
-0.70359
-1.6203
-1.0933
-0.59993
0.16984
0.54518
0.92414
-0.82569
-1.5651
-0.23092
0.57671
-0.29332
0.025656
0.81588
-0.75511
-1.5327
-0.82378
-0.37269
-0.56477
-0.021
0.48578
-0.04393
-0.76953
-0.74227
0.16216
-0.18992
-0.57247
-0.55563
0.4231
0.12205
0.15855
0.15642
-0.31554
-0.18776
0.37178
-0.65277
-0.7633
-0.18702
0.32835
-0.89299
0.076621
1.3244
0.28947
0.2426
-0.082096
0.32216
-0.15012
-0.23389
-0.075639
0.72478
0.46254
-1.022
-0.92826
0.67206
1.878
0.46012
-0.50182
-0.17604
-0.012116
-0.48369
-0.69958
0.085893
0.66943
-0.40879
-0.51646
0.5896
1.1122
-0.06205
-0.49517
-0.093508
1.1736
0.30246
-0.89842
-0.73978
-0.84026
0.25465
0.23852
-1.3688
-1.3227
0.53047
1.8113
0.94912
-0.51339
0.222
-1.0773
-0.78617
-0.92071
0.63757
0.67291
0.17018
0.25057
0.93851
1.4183
-0.40011
-0.69924
-1.0477
0.8345
1.2325
0.67362
-1.0573
-1.2721
-0.15339
0.90863
0.81361
-0.6213
0.221
0.30042
0.48613
-0.45994
-1.1812
-1.1499
-0.30377
0.83515
1.1751
0.24098
-0.13264
0.033938
0.91159
0.44098
-0.70447
-0.49408
0.75908
-0.49624
-0.31629
-0.78143
0.32309
-0.76663
0.021628
-0.44061
-0.47146
-0.80931
0.32601
1.3522
0.62125
-0.24752
-0.79817
-0.29983
-1.2424
-0.0090327
0.58646
0.81033
-0.2437
-0.34218
0.55543
0.48911
-0.048302
-0.0042651
0.053089
0.26251
0.71081
0.7243
-0.5335
-0.88755
-0.36653
0.091653
0.43227
0.39866
0.48491
-0.28419
-0.37464
-0.58549
-0.061147
1.184
0.18034
-0.27467
-0.46339
0.043072
-1.2187
-0.41282
0.032436
0.54569
0.21003
0.29491
-0.43501
-0.94588
-0.088585
0.12146
-0.24649
-0.075161
0.82012
0.17977
-2.0174
-0.60448
0.49984
-0.094247
-0.97939
0.96022
1.7484
0.61318
-0.20181
-0.18139
-0.48838
-0.56407
-0.26755
1.123
0.86954
0.77289
-1.59
-0.54414
0.42157
0.52697
-0.72067
-0.28034
0.67544
0.03487
-0.27782
-0.55347
-0.15881
-0.31959
-0.072734
0.76104
-0.50788
-0.73855
-0.56044
2.4399
2.3924
-0.27028
-1.9823
-1.0672
0.28994
0.78276
0.39979
-0.55067
0.43134
0.1399
-0.62752
0.38584
0.82967
0.28617
0.49246
-0.068034
-1.258
-0.47032
1.2141
0.79404
-0.25494
-0.73163
-0.81869
0.167
-0.017618
-0.015369
0.054723
0.45972
1.3502
2.0397
0.42226
-0.72487
-1.3038
0.21733
-0.54522
-0.51036
-0.35002
0.67922
-0.075031
0.013016
-1.3026
-0.49541
-0.33327
-1.2031
-0.82982
-0.77509
0.29544
-0.064768
0.4214
0.047101
0.66216
-0.47622
0.013847
-0.20477
0.42395
-0.057464
0.27246
0.9039
-0.55443
-0.045849
-0.017014
0.37549
-0.74337
-1.7698
-1.4539
0.21643
1.9771
0.38862
0.18393
0.025174
-0.25284
-0.92523
0.053704
0.73838
0.63725
-1.129
-1.4291
-1.2879
-0.82572
0.023135
0.35365
0.10124
0.076099
0.61409
1.3137
-0.18464
-1.6123
-1.534
0.038133
0.88484
-0.49513
-0.95904
-0.50523
0.32423
-0.037093
0.71573
0.84359
-0.62347
-0.90246
0.48356
1.6511
0.23375
-0.72988
-0.95224
-0.69716
1.4158
1.1656
-0.17273
-0.36077
-1.3937
-0.026505
0.69597
1.6973
0.43689
-0.41551
-0.4856
0.8312
0.83773
-1.0931
-1.7649
-1.3844
0.86478
0.83564
0.34557
-0.097612
-0.25716
-0.11978
0.8837
0.67308
-0.42375
-0.79101
0.26936
-0.15435
-0.00048294
-0.40081
-0.63362
-1.0993
-1.0309
-1.3706
-0.63566
0.94128
1.4996
0.84011
0.0046056
0.098864
-0.10927
0.39633
1.0446
-0.53734
-1.5688
-0.1509
-0.34575
1.09
1.6976
0.37172
-1.5066
0.2317
0.83535
-0.23646
-1.4525
-0.19139
-0.407
-0.26028
-1.3896
0.24922
0.13047
0.39109
0.95648
0.47189
-0.88683
-0.21377
0.99992
-0.37677
-0.79354
-0.25543
-1.099
-0.28129
1.3063
0.56055
-0.65422
-0.89981
-1.0134
0.26648
0.939
0.17426
0.059943
-0.54728
0.15893
-0.21284
1.0614
0.68909
0.20696
-1.4409
-0.80735
0.41641
0.69883
0.39168
-0.51005
-0.87439
-0.89548
1.1187
1.6957
0.5255
-0.45916
-0.80221
-0.17654
0.0018707
1.1012
-0.15647
-1.2711
0.096069
-0.11532
-1.313
0.65787
0.65483
-0.21298
-0.30913
0.19857
0.17878
0.76203
1.1935
-0.35326
0.59252
0.31703
0.57801
-1.5597
-0.9919
0.4657
1.6341
0.28074
-0.21816
0.55317
1.2882
0.38666
-0.95897
0.2435
0.70436
0.22899
-1.1401
-0.82798
0.54742
0.58524
-0.39369
-0.69917
0.43402
0.52354
0.52013
-0.28622
0.35629
-1.2753
-1.2648
0.19277
2.2779
0.24339
-0.69728
-1.1207
-0.018359
0.79009
0.78813
0.47283
-0.6297
-0.43935
0.17317
0.54794
-0.0074005
-0.86258
-0.69852
0.28397
0.34647
0.47448
0.4755
0.12806
-0.50921
-0.57013
-0.44026
0.43009
-0.0034103
-0.17172
0.11399
0.39879
-1.0306
-1.5447
0.037241
0.82174
0.39564
-0.075438
-1.0155
-0.77937
0.25271
0.87765
0.39807
1.035
-0.56489
-0.69651
-1.4727
-0.64632
0.77204
0.87142
0.095637
0.28454
0.32626
-0.37452
-1.1766
-1.293
-0.65995
-0.023235
-0.10959
1.3596
1.3045
0.27746
-1.3309
-0.47322
-0.22785
0.53387
0.15281
0.68086
0.016858
1.1782
0.072999
-1.1981
-1.4571
-0.46539
0.44837
-0.011058
-0.15715
-0.24614
0.31096
0.052923
0.13228
0.20873
-0.19248
0.61525
0.77781
0.71489
-0.71751
-0.88002
-1.7601
-0.44106
0.19214
0.88092
0.30934
0.28166
1.4477
0.31603
-0.76293
-0.60311
-0.40693
0.34339
-0.32528
0.082788
-0.38051
0.63654
0.46797
0.5259
-0.23657
-0.71501
-0.16399
0.47568
0.89805
-0.60249
0.43251
0.39376
0.29221
-0.31867
0.96399
0.71686
0.73263
-0.24513
0.65353
0.50441
0.44171
-0.3415
-0.55393
-0.80035
0.2421
-0.34861
-0.34161
0.19082
0.35557
-1.432
-1.2257
-0.055064
1.2404
0.60735
-0.67321
0.059937
0.3582
0.40131
1.184
0.29178
-1.3327
0.58542
0.17967
0.13682
-0.030643
0.87976
-1.146
-0.20319
0.40889
0.88621
-0.11041
0.22586
-0.63265
0.40038
0.38998
0.02964
-0.34917
-0.73193
-0.56031
-0.29316
0.30109
0.43511
-0.61684
-0.029675
0.26759
0.96106
0.30355
-0.46562
-0.6076
-0.63183
-0.12251
-0.043112
0.26302
-0.23996
0.97489
0.56015
-0.50868
-0.5142
1.0533
-0.20927
0.21195
-0.043181
0.14574
-0.68024
0.16759
-0.30499
0.45471
0.46589
0.74522
-0.41776
-0.52384
0.24127
1.1381
0.12877
-0.37469
0.66339
-0.028881
-0.84088
-0.52824
-0.16869
-0.38051
-0.67545
-0.23528
0.83174
1.4524
0.2858
-0.72606
0.14274
0.17059
-1.5517
-1.2611
0.71921
0.2559
-0.18584
0.6769
-0.35971
-0.24405
-0.92539
-0.92592
0.81736
1.1079
-0.19695
0.049796
-0.19221
0.79852
0.85278
-0.085793
-1.344
-0.14528
1.695
0.54076
-0.29661
-0.40539
0.87814
-0.14563
-1.0029
-0.68575
1.4805
1.4532
-0.71263
-1.6198
0.0049522
0.58422
0.21264
-0.8074
-0.62549
0.88517
0.28707
-1.1585
-1.4679
-0.15855
0.63862
0.60162
-0.66175
-0.011489
-0.10924
0.49236
0.59024
0.64545
-0.51965
-1.1474
-1.099
-0.16844
1.2796
0.92977
-0.33753
-1.3054
-0.36466
0.24909
0.17409
-0.3112
-0.73158
-0.31843
0.21722
0.6462
-0.098743
-0.31676
-0.434
0.72581
-0.97873
-0.978
0.17221
1.3232
0.39987
0.041569
-1.3197
-0.64654
1.0897
0.68742
-0.80768
-0.74441
-0.20837
0.34941
0.16576
-0.088671
0.67134
1.0373
0.16769
-0.63742
0.1451
0.59462
0.17374
-0.65078
0.10482
-0.11165
0.21031
-1.1241
-0.24315
-0.40269
-0.8992
-0.76973
0.74476
1.7496
0.66848
-0.39732
-0.54864
0.5279
0.23582
0.92621
-0.26853
0.11126
-0.046466
0.89695
0.72354
0.065978
-0.64349
-0.43492
1.2305
0.77345
-0.54946
-0.24587
-0.63405
-1.1481
-0.34126
0.74678
1.0477
-0.096486
-0.61692
-0.58699
0.74314
0.42965
0.42462
-0.44422
-1.0154
-0.20269
0.60176
0.55221
-0.38305
-1.6921
-0.81116
0.063826
0.86483
0.017824
-0.51049
-1.0716
0.57821
1.0964
-0.49489
-0.79842
-0.35055
0.30284
-0.0136
-0.18101
-0.30466
0.79004
-0.031315
-1.1771
-0.55416
1.0923
0.65635
0.76165
0.42682
0.82498
0.15397
-0.84092
-0.79036
0.040116
0.10159
-0.83958
-0.30336
-0.38642
0.62841
0.61582
-0.91865
-0.446
0.33694
0.77751
0.02235
0.65385
0.19719
0.21249
0.31305
0.81138
-0.20362
-0.33808
-0.69475
-0.022644
-0.40074
0.76457
0.83869
-0.27795
-1.0976
-1.2353
0.49148
0.8526
-0.01887
-0.38742
-1.3764
-0.40092
-0.081275
0.66162
-1.0248
-0.12255
0.57058
0.1198
-0.60386
0.097583
0.96061
0.69132
0.5374
0.85412
0.26002
0.57441
-0.028764
0.11559
0.13652
0.65741
-0.060091
-0.39909
-0.70073
0.27722
0.37496
1.3177
0.45377
0.30805
-1.8419
-1.2299
-1.3881
-0.016775
0.16128
-0.59819
0.07441
0.81481
-0.65967
-0.57586
-0.97711
-0.25814
-0.96087
0.073224
0.2041
0.86509
0.2263
0.15097
-0.38481
1.3397
0.24196
-0.63429
0.96226
1.6121
-0.052393
-0.89946
-0.52199
-0.9894
-0.32458
1.1528
0.5971
-0.95722
0.061537
0.62004
-0.39449
-0.50974
-0.81631
-0.06806
-0.03671
0.16937
-0.87668
0.996
1.4468
0.6659
-0.24641
-0.37874
0.18477
0.17387
0.064184
-1.0671
-0.14639
0.05549
0.84747
0.27354
-0.19714
-0.77269
-0.31674
-0.18944
-0.29785
-0.44778
-0.59357
-0.3397
-0.43932
0.74379
0.95729
0.48611
-0.50225
-0.063107
0.33678
0.27542
-1.439
-0.036198
0.72864
0.75644
-0.38974
0.4148
-0.91816
-1.134
-0.62851
0.77922
1.358
-0.2493
-0.41846
0.17155
0.056041
-0.56046
-0.20137
0.23906
-0.10477
-0.031908
1.5993
-0.11614
-0.31143
-0.087766
0.39439
1.637
1.2566
-1.0435
-2.3257
-0.84409
-0.12909
0.77459
1.2871
1.6046
-0.05326
-1.3236
-0.46044
0.27706
1.6637
1.2052
-0.3321
-1.3113
-1.2438
-0.25781
1.2709
1.7055
0.69851
-0.87439
-0.7809
-0.27091
-1.0526
-0.62919
-0.33219
-0.13173
-0.47641
0.49262
0.3039
-0.78116
-1.4055
-1.2612
-0.068991
0.50962
0.73555
0.27943
0.45594
-0.97983
0.098201
1.4667
0.35031
-1.1545
-0.39011
0.42196
-0.29186
-0.56704
-0.86714
-0.87676
-0.061656
0.10733
-0.37817
-0.70216
-0.67981
-0.058468
-0.62724
-0.13091
-0.44884
0.79194
0.2583
-0.31764
-1.0038
0.083767
-0.18607
-0.42972
0.9737
1.1821
1.2834
0.2988
-1.0964
-1.2561
-0.21603
1.037
0.92964
0.32701
0.18518
-0.5246
0.53479
-0.39657
0.58792
0.4454
0.33524
-0.93345
0.79936
0.94546
0.50627
-0.50266
-0.076837
-0.11749
0.10097
1.2088
1.3991
-0.75201
-1.4951
-0.065473
0.83564
-0.13573
-0.033965
-0.37038
-0.37715
-0.26643
0.62693
0.92938
0.89207
0.24882
0.32577
-0.77941
-0.37886
-1.3975
0.26478
0.8348
1.342
-0.67539
-0.52872
0.081589
0.62474
-0.036463
-0.27404
0.33073
0.66557
-0.71092
-0.3249
-0.48368
-0.70851
-0.98528
0.52431
-0.49507
-0.29174
0.16194
0.052756
-1.2734
0.37999
0.48039
0.15174
0.81889
-0.066051
0.25859
0.31294
1.7481
0.63413
-0.2829
-1.1125
-0.46401
-0.27394
-0.18609
-0.05359
0.12326
-0.25054
-0.62315
0.59304
0.72021
-0.061025
-0.10303
-0.035583
-0.71193
-0.62001
-0.017973
0.69066
0.2675
0.35838
-0.08591
-0.25809
-0.60721
-0.037519
0.1997
-1.048
-0.28427
0.74844
0.51883
-0.82253
-0.84023
-0.29527
-0.60437
-0.25062
0.20386
0.63353
0.77238
0.28958
0.35868
0.89346
-0.015138
-1.327
-0.27556
0.96351
0.61203
0.64079
0.1673
-0.68746
-1.4353
-0.94284
-0.0044212
1.2882
0.37376
-0.001261
-0.63616
-0.59598
-0.58805
0.51183
1.1138
1.474
-0.16995
-1.623
-1.1449
0.2615
0.48378
1.0164
-0.056978
-0.20599
-0.31483
0.017597
0.48204
0.42928
0.18496
-1.0101
0.19801
0.44443
0.41708
-0.50126
-0.25196
0.023348
0.50773
0.14378
-0.11347
-0.48679
-0.98696
-0.21829
-0.31895
-0.28489
-0.16546
-0.23656
-0.10021
-0.044177
-0.16229
-0.19105
0.48767
1.3679
0.15797
-0.7208
-1.3646
0.31553
0.59174
0.24217
0.31718
0.57011
-0.35193
-0.74202
-0.088464
0.2529
1.056
1.0824
