0.099833
0.19867
0.29552
0.38942
0.47943
-0.26952
0.64422
0.71736
0.78333
0.84147
0.25719
0.51438
-0.84868
0.98545
0.99749
0.99957
0.31595
0.97385
0.9463
0.9093
0.86321
0.8085
0.74571
0.67546
0.59847
0.16685
0.25342
0.33499
0.23925
0.14112
0.041581
-0.058374
-0.15775
-0.25554
-0.82546
-0.44252
-0.52984
-0.61186
0.46889
-0.7568
-0.81828
-0.87158
0.70352
-0.9516
-0.97753
-0.99369
-0.99992
0.10738
-0.98245
-0.95892
0.67576
-0.88345
-0.83227
-0.42303
0.17998
-0.63127
0.93976
-0.4646
0.62782
-0.31055
-0.18216
-0.083089
0.016814
0.11655
0.21512
0.31154
0.40485
0.49411
0.57844
0.64157
0.72897
0.91787
0.70625
0.89871
-0.026202
0.96792
0.98817
-0.3799
-0.94351
0.36082
0.96989
0.94073
0.90217
0.8546
0.26908
0.7344
0.66297
0.58492
0.50102
0.50137
0.3191
0.22289
0.12445
0.56869
-0.04295
-0.17433
-0.27176
0.14569
0.55353
-0.54402
-0.62507
-0.69987
-0.76769
-0.82783
-0.8797
-0.86808
0.22977
-0.98094
-0.99544
-0.99999
-0.19455
-0.97918
0.14542
-0.91933
-0.87545
-0.82283
0.07434
-0.69353
-0.61814
-0.53657
-0.44965
-0.35823
-0.57499
-0.1656
-0.066322
0.033623
0.13323
0.23151
0.32747
0.42017
0.19177
0.59207
0.66957
0.74038
-0.83806
0.8001
-0.64718
0.9437
0.85026
0.33702
0.99931
0.24296
0.98677
0.96566
0.9349
0.89479
0.84575
-0.6381
0.72288
0.65029
-0.55617
0.4864
0.39674
0.4722
0.20647
0.10775
0.0079632
0.25013
-0.067341
-0.2879
0.19893
-0.57082
-0.55805
-0.63811
0.2567
-0.77835
0.4242
-0.88757
-0.51258
-0.95045
-0.98407
-0.14372
-0.99977
-0.99266
0.49797
-0.94884
-0.91258
-0.8672
-0.81316
-0.75099
-0.68804
-0.60483
-0.52231
-0.43457
-0.34248
-0.24697
0.072756
0.81478
0.050423
0.14988
0.24783
0.34331
0.43537
0.52307
0.60554
0.68196
-0.021708
0.81367
0.86764
0.91295
-0.84831
0.97582
0.41145
-0.67916
0.99683
0.98391
-0.58623
-0.83941
0.88716
-0.030385
0.77779
0.71116
-0.68588
0.55732
0.47164
0.38125
0.43036
-0.97042
0.091022
-0.0088513
-0.10864
0.14829
-0.30396
0.26444
0.4648
-0.57193
-0.65096
-0.086131
-0.7888
-0.84622
-0.89519
-0.93521
-0.96589
-0.98692
0.40155
-0.99928
-0.99049
0.85328
-0.9434
-0.90558
-0.85871
-0.80326
-0.73978
-0.66891
-0.59136
-0.5079
-0.41936
-0.32664
-0.23065
-0.91536
-0.032735
0.067208
0.16648
0.26409
-0.53577
0.45044
-0.69761
0.61884
0.69416
0.76256
-0.70915
-0.73125
0.91968
0.95429
0.97936
0.99464
0.99999
-0.097229
-0.1196
-0.065787
0.92243
0.87927
0.82733
0.76712
0.69924
0.62438
0.54328
0.45675
0.36565
0.27091
0.17345
0.074265
-0.025663
0.31516
0.97748
-0.31994
-0.41293
-0.50179
-0.58564
-0.66363
-0.735
-0.79902
-0.85506
0.45902
-0.94103
0.81652
-0.74863
-0.99898
-0.9985
-0.98803
-0.9677
-0.93769
-0.89832
-0.21779
-0.79313
-0.72836
-0.42346
0.83038
-0.49334
-0.40404
0.1706
-0.21425
-0.72936
-0.015926
0.083974
-0.39373
0.28027
0.3747
0.46539
0.55143
0.63196
0.51873
0.77333
0.83276
0.88387
0.92615
0.95918
0.98262
0.99624
0.28726
-0.046032
0.97734
0.95133
0.33775
0.59272
-0.21762
0.75622
0.68712
0.61116
0.52908
0.44172
0.34995
0.25468
0.15687
0.46288
-0.29643
-0.142
-0.24011
-0.33582
-0.097785
-0.51626
-0.59918
-0.67612
-0.7463
-0.80902
-0.86366
-0.90967
-0.94659
-0.97405
0.52199
-0.9996
-0.99743
-0.9853
-0.96332
-0.90211
0.22873
-0.84099
-0.78277
0.24763
-0.64354
-0.56391
-0.096181
-0.3886
-0.29467
-0.1978
-0.09895
0.00088816
0.10072
0.19954
0.29637
0.39024
0.4802
0.56538
0.6449
0.71797
-0.50637
0.84195
0.89161
0.93236
-0.53665
0.9856
0.99756
0.99955
0.99155
0.58155
0.94601
0.18207
0.86276
0.061286
0.74511
0.67481
0.59776
0.51474
0.42658
0.027433
0.23839
0.14024
-0.93393
-0.059261
-0.15862
-0.53021
-0.35161
-0.44332
-0.53059
-0.61256
-0.68841
-0.75738
-0.81879
0.77928
-0.91652
-0.95187
-0.97772
-0.99379
-0.67669
-0.99609
-0.98229
-0.95867
-0.92548
-0.88304
-0.83177
0.82899
-0.70491
0.77714
-0.54424
0.98433
-0.37305
-0.27856
-0.18129
-0.41
0.017702
-0.82033
0.21599
0.68432
0.40566
0.49489
0.57916
0.65766
-0.65461
-0.062427
0.8509
0.8991
0.93831
0.96814
0.9883
0.99859
0.78474
0.98923
0.96967
0.94043
0.90179
0.85414
0.79795
0.73379
0.6623
-0.94588
0.51784
0.41131
-0.72121
0.22202
0.12357
0.5684
-0.076037
-0.87652
-0.27262
-0.36731
0.40773
0.70654
-0.62576
-0.70051
0.81045
-0.82832
-0.88012
-0.92312
-0.95689
-0.98111
-0.99552
-0.99999
-0.99446
-0.81605
-0.95375
-0.91898
-0.87502
0.61197
-0.76141
-0.60955
-0.61744
-0.7748
-0.44885
-0.52965
-0.26237
-0.035232
-0.14076
0.034511
0.27889
0.23237
0.32831
0.42097
0.50943
-0.75128
0.67023
0.74097
-0.84494
0.85962
0.90633
-0.8852
0.43121
0.99073
0.99934
0.99797
0.98663
-0.59645
0.93458
0.89439
0.84527
-0.49771
0.72227
0.64961
0.57047
0.48562
0.39593
-0.95597
0.96629
0.10687
0.48424
-0.092791
-0.19173
-0.28875
0.59483
-0.62822
-0.54545
-0.63879
0.67756
-0.77891
-0.24738
-0.88798
-0.92945
0.27438
-0.98422
-0.46698
-0.99976
-0.99255
-0.97543
-0.94856
-0.49484
-0.70483
0.00082869
-0.7504
-0.072154
-0.60413
-0.52155
-0.43377
-0.34165
-0.69453
-0.9906
-0.93198
0.05131
0.15076
0.24869
0.23953
0.43616
-0.13721
0.60625
0.68261
0.75216
-0.16576
0.86809
0.91331
0.9494
0.044462
0.99287
0.99981
-0.71969
0.98375
0.15108
0.92847
-0.78539
0.83617
-0.027186
0.71054
0.63674
0.55658
0.47086
0.38043
0.2862
0.18911
0.090138
-0.91523
-0.10952
-0.29924
-0.30481
0.59303
-0.48795
-0.57265
-0.65164
-0.88744
-0.78934
-0.84669
-0.89558
-0.93552
-0.96612
0.79965
-0.99814
-0.26933
-0.99036
-0.97159
-0.94311
-0.9052
-0.85825
-0.80273
-0.59084
-0.66825
-0.59064
-0.50713
-0.41855
-0.3258
-0.2199
-0.13147
0.12757
0.068094
0.16736
0.15278
-0.22149
0.45123
0.53807
-0.5618
0.6948
0.76313
0.82384
0.87631
0.92003
-0.17082
0.97954
0.99474
-0.91276
0.99527
-0.82058
0.95612
0.92209
0.87885
0.4549
0.76655
-0.46455
0.28783
0.54253
0.45596
-0.49846
0.27005
0.17258
0.44241
-0.026551
-0.12622
-0.22462
-0.34021
-0.41374
-0.50256
-0.58636
-0.6643
-0.7356
-0.79956
0.085917
-0.90294
0.0022175
-0.97032
-0.98962
-0.99902
-0.99845
-0.98789
-0.73001
0.75861
-0.89793
-0.8495
-0.79259
-0.72775
-0.65565
-0.57699
-0.49257
-0.40323
-0.30985
-0.11715
-0.11478
-0.015038
0.084859
-0.91352
0.28112
0.52512
-0.36399
0.4021
0.63264
0.7068
0.062522
0.83325
0.88429
0.92648
0.95943
0.98278
0.99632
0.81072
0.99349
0.97715
0.95105
-0.28678
0.8707
0.81725
0.75564
0.68648
0.61045
0.16072
-0.69749
0.34912
-0.77045
-0.9796
0.056601
-0.080446
-0.14288
-0.24097
-0.060818
-0.42899
-0.51702
-0.59989
-0.67677
-0.74689
-0.16234
-0.42895
-0.91004
-0.94687
-0.97425
0.58754
-0.99962
0.7535
-0.98515
-0.96308
-0.93139
0.046395
-0.2326
-0.78222
-0.71612
0.61583
0.28373
-0.47787
-0.38778
-0.29382
0.58013
0.16639
0.0017763
0.1016
0.20041
0.29722
0.39105
0.4661
0.56611
0.64558
0.71859
0.78443
0.84243
0.89201
-0.24004
-0.38274
0.98575
-0.76424
0.99952
0.99143
0.97344
-0.62152
0.095776
-0.28661
0.80745
0.99805
0.67415
0.59705
0.51398
0.22299
0.33331
0.23752
-0.15057
0.039806
-0.060147
-0.71267
-0.25726
0.1572
-0.44411
-0.53134
-0.61326
-0.68905
-0.75796
-0.8193
-0.87245
0.088839
-0.95215
-0.88944
-0.99389
-0.88769
0.63073
0.70784
0.58856
-0.92514
-0.88262
-0.83128
-0.13757
-0.70428
-0.19338
-0.5492
-0.46303
-0.15076
-0.27771
0.24052
-0.081319
0.01859
0.11831
0.21685
0.31323
0.40647
0.49566
0.57989
0.49628
0.73018
0.79475
0.93691
0.6142
0.93861
0.96836
0.98844
0.82679
0.99886
-0.18051
0.23874
0.55428
0.9014
0.85368
-0.22837
0.73319
0.66164
0.58348
0.49948
0.4105
0.31741
0.22116
-0.13777
0.023
-0.076922
-0.17608
-0.27347
0.49048
-0.45911
-0.55312
-0.31296
-0.70114
-0.76882
-0.82882
0.01428
-0.92346
-0.95715
-0.98128
-0.00032477
-0.99998
-0.99437
-0.97882
-0.95349
-0.91863
0.54152
-0.82182
-0.76083
-0.69224
-0.61674
-0.63573
-0.44806
-0.35657
-0.26152
-0.16385
-0.66515
0.84144
0.13499
0.23324
0.32915
0.088569
0.57237
0.5935
0.67089
0.74157
0.80484
0.86007
0.90671
0.94428
0.97242
-0.12644
0.99937
0.99791
0.98648
0.83981
0.93426
0.894
0.8448
0.78716
0.72165
0.64894
0.56974
0.48485
0.39511
0.75964
0.20473
0.10599
0.0061869
-0.7562
-0.1926
-0.2896
-0.38371
0.62656
-0.55953
-0.63947
-0.71303
-0.77947
-0.83811
-0.88838
0.60955
-0.96188
-0.98438
-0.99704
-0.99974
-0.99244
0.71225
-0.94828
0.78523
-0.86632
-0.81212
-0.74981
-0.68001
-0.60342
-0.52079
-0.43297
-0.65698
0.18926
-0.14724
-0.047761
0.052197
0.87552
0.24955
0.92312
0.43696
0.90463
0.081969
-0.34043
0.43208
0.81471
0.86853
0.91367
0.94968
0.0073694
-0.14194
0.44072
0.99669
0.98359
-0.89514
0.92814
0.88634
0.83568
-0.63716
0.70991
0.63605
0.55584
-0.8185
0.37961
0.28535
-0.50344
0.089253
-0.010628
0.72348
-0.20907
-0.53226
0.26382
-0.053072
-0.57338
0.017308
-0.72472
-0.78989
0.89784
-0.89598
-0.93584
-0.96635
0.023688
-0.99819
-0.99921
0.12874
-0.97138
-0.2242
-0.90482
-0.8578
-0.051429
-0.73858
-0.66759
-0.58992
-0.35988
