0.067395
1.4786
0.019911
0.059569
7.5252
0.027506
0.14135
0.19337
0.020339
0.17207
0.94066
0.02703
0.30226
0.14009
0.021144
0.58355
0.097843
0.03976
0.4787
0.028104
0.028878
3.1789
0.028001
0.047307
1.42
0.022003
0.038682
10.843
0.026551
0.09179
0.39706
0.020164
0.084816
3.9197
0.02481
0.1607
0.47721
0.019611
0.20344
0.55478
0.033153
0.32277
0.043572
0.0239
1.0092
0.054699
0.036259
0.93343
0.028057
0.028639
5.1726
0.027881
0.063691
0.5695
0.021205
0.050807
8.1132
0.02403
0.093933
1.1027
0.01934
0.092476
2.9724
0.029228
0.20143
0.09744
0.021281
0.34003
0.25721
0.029928
0.5004
0.056442
0.023382
1.4873
0.04092
0.047445
0.57288
0.023887
0.035273
6.3093
0.024793
0.061143
1.529
0.020266
0.052702
9.1993
0.027126
0.12624
0.23813
0.020185
0.14127
1.4036
0.026321
0.25645
0.1939
0.020626
0.43788
0.14613
0.037787
0.43951
0.030403
0.027337
2.4122
0.030606
0.043932
1.3166
0.022914
0.035504
9.8411
0.026579
0.083236
0.45011
0.020304
0.073425
5.0991
0.02449
0.13916
0.61509
0.019434
0.16311
0.86582
0.031966
0.28794
0.051623
0.023071
0.75818
0.075453
0.034341
0.8087
0.03145
0.027004
3.8681
0.029126
0.058791
0.58822
0.021686
0.045826
8.3558
0.024048
0.083554
1.256
0.019453
0.078873
4.2319
0.028554
0.17876
0.12287
0.020883
0.26721
0.39911
0.028823
0.42316
0.074521
0.022511
1.08
0.051202
0.044557
0.54767
0.024976
0.032799
5.1916
0.025417
0.055814
1.534
0.020717
0.047112
10.491
0.026838
0.11311
0.2882
0.020105
0.11763
2.0414
0.025721
0.21842
0.26632
0.020203
0.33371
0.22509
0.036047
0.3996
0.03349
0.026014
1.8106
0.034947
0.041011
1.195
0.024109
0.032832
8.3604
0.026759
0.075809
0.49834
0.02052
0.064292
6.3092
0.024254
0.12129
0.77042
0.01933
0.13296
1.3335
0.030927
0.25605
0.062658
0.022367
0.57421
0.10989
0.032668
0.69381
0.03657
0.025607
2.8371
0.031238
0.054508
0.59469
0.022278
0.041685
8.0695
0.024163
0.074823
1.3847
0.019642
0.068161
5.7824
0.027983
0.15886
0.15466
0.020572
0.21303
0.61595
0.027863
0.35765
0.10126
0.02177
0.7903
0.068539
0.042015
0.51564
0.026341
0.030692
4.1212
0.026404
0.051253
1.4959
0.021284
0.042517
11.091
0.026643
0.10173
0.34184
0.020098
0.099296
2.8783
0.025221
0.18693
0.36002
0.019867
0.25857
0.35218
0.034514
0.36042
0.037705
0.02488
1.3529
0.042256
0.038477
1.0649
0.025734
0.030573
6.7237
0.027154
0.069352
0.53887
0.020817
0.056896
7.3773
0.024101
0.10642
0.93595
0.019299
0.11012
2.014
0.030019
0.22727
0.077563
0.021775
0.43953
0.16616
0.031209
0.59099
0.044391
0.024411
2.0596
0.034811
0.050758
0.58923
0.022999
0.038217
7.335
0.024398
0.067446
1.478
0.019909
0.059626
7.5121
0.027509
0.14148
0.19305
0.02034
0.17234
0.93777
0.027035
0.30263
0.13975
0.021148
0.58483
0.097566
0.039775
0.47899
0.028089
0.028891
3.1853
0.027987
0.047334
1.4207
0.021997
0.038708
10.848
0.026551
0.091858
0.39665
0.020163
0.084911
3.9114
0.024813
0.16088
0.47626
0.019612
0.20379
0.55292
0.033162
0.32304
0.043521
0.023907
1.0114
0.054581
0.036274
0.93439
0.028036
0.028653
5.1833
0.027874
0.06373
0.56932
0.021201
0.050848
8.1094
0.024031
0.094017
1.1015
0.019339
0.092591
2.9642
0.029234
0.20161
0.097272
0.021284
0.34066
0.25637
0.029937
0.50103
0.056333
0.023389
1.4909
0.040862
0.047468
0.57304
0.02388
0.035294
6.3175
0.02479
0.061186
1.5288
0.020263
0.052749
9.1877
0.027128
0.12635
0.23777
0.020186
0.14147
1.3995
0.026326
0.25676
0.19344
0.020629
0.43879
0.14567
0.037801
0.4398
0.030383
0.027348
2.4173
0.030581
0.043955
1.3174
0.022907
0.035526
9.8508
0.026578
0.083295
0.44973
0.020302
0.073501
5.09
0.024492
0.1393
0.61399
0.019435
0.16337
0.86298
0.031975
0.28819
0.051552
0.023076
0.75979
0.075256
0.034354
0.8096
0.03142
0.027015
3.8769
0.029114
0.058825
0.58813
0.021682
0.04586
8.3559
0.024048
0.083625
1.2549
0.019452
0.078963
4.2214
0.028559
0.17892
0.12266
0.020886
0.26767
0.3978
0.02883
0.42369
0.074357
0.022517
1.0826
0.051104
0.044577
0.54789
0.024967
0.032816
5.1999
0.025412
0.05585
1.5342
0.020714
0.04715
10.484
0.02684
0.11321
0.28781
0.020105
0.11779
2.0359
0.025725
0.21868
0.2657
0.020206
0.33437
0.22435
0.036059
0.39989
0.033463
0.026024
1.8146
0.034906
0.041032
1.1959
0.024098
0.032851
8.3724
0.026757
0.075861
0.49801
0.020518
0.064353
6.3005
0.024256
0.12141
0.76921
0.019331
0.13315
1.3293
0.030934
0.25628
0.062563
0.022372
0.57539
0.10956
0.03268
0.69463
0.036523
0.025616
2.8438
0.031217
0.054538
0.59468
0.022273
0.041713
8.0734
0.024162
0.074883
1.3838
0.01964
0.068232
5.7699
0.027987
0.159
0.1544
0.020574
0.21338
0.61398
0.02787
0.35809
0.10102
0.021775
0.79211
0.068373
0.042033
0.5159
0.026329
0.030706
4.1288
0.026394
0.051285
1.4963
0.02128
0.042548
11.089
0.026644
0.10181
0.34144
0.020097
0.099417
2.8713
0.025224
0.18715
0.35924
0.019869
0.25905
0.351
0.034524
0.3607
0.037669
0.024888
1.3558
0.042186
0.038495
1.0659
0.025719
0.030588
6.7358
0.02715
0.069397
0.5386
0.020815
0.056945
7.3704
0.024102
0.10652
0.9347
0.019299
0.11027
2.008
0.030026
0.22748
0.077435
0.021779
0.44039
0.16563
0.031219
0.59171
0.044319
0.024419
2.0646
0.034776
0.050784
0.58931
0.022993
0.03824
7.3418
0.024395
0.067497
1.4775
0.019907
0.059683
7.499
0.027512
0.1416
0.19274
0.020342
0.1726
0.93489
0.027041
0.30301
0.13941
0.021152
0.58612
0.09729
0.039791
0.47927
0.028074
0.028903
3.1916
0.027972
0.047362
1.4214
0.021991
0.038734
10.853
0.026551
0.091927
0.39624
0.020162
0.085007
3.903
0.024815
0.16106
0.47531
0.019614
0.20414
0.55106
0.033172
0.32331
0.04347
0.023914
1.0136
0.054463
0.03629
0.93535
0.028015
0.028666
5.1941
0.027867
0.063769
0.56913
0.021198
0.050889
8.1056
0.024031
0.094102
1.1003
0.019339
0.092706
2.956
0.029239
0.20179
0.097105
0.021288
0.3413
0.25553
0.029946
0.50165
0.056224
0.023396
1.4945
0.040804
0.047491
0.5732
0.023873
0.035314
6.3256
0.024786
0.061229
1.5286
0.02026
0.052795
9.1762
0.027131
0.12645
0.23741
0.020186
0.14167
1.3954
0.026331
0.25707
0.19297
0.020633
0.43971
0.14521
0.037815
0.4401
0.030364
0.027359
2.4224
0.030556
0.043979
1.3183
0.022899
0.035548
9.8604
0.026577
0.083355
0.44934
0.020301
0.073577
5.0809
0.024494
0.13945
0.61289
0.019436
0.16363
0.86015
0.031983
0.28844
0.051482
0.023082
0.76139
0.075059
0.034368
0.8105
0.031389
0.027027
3.8856
0.029102
0.058859
0.58803
0.021678
0.045894
8.3561
0.024047
0.083696
1.2538
0.019451
0.079053
4.2108
0.028563
0.17908
0.12245
0.020889
0.26814
0.3965
0.028838
0.42422
0.074194
0.022523
1.0851
0.051006
0.044597
0.5481
0.024958
0.032833
5.2082
0.025406
0.055887
1.5343
0.02071
0.047188
10.476
0.026841
0.1133
0.28742
0.020105
0.11794
2.0304
0.025729
0.21894
0.26508
0.020208
0.33503
0.22361
0.036072
0.40019
0.033436
0.026033
1.8185
0.034864
0.041052
1.1969
0.024088
0.032869
8.3844
0.026755
0.075912
0.49767
0.020516
0.064415
6.2917
0.024257
0.12153
0.768
0.019331
0.13335
1.3251
0.030941
0.2565
0.062467
0.022377
0.57656
0.10924
0.032692
0.69544
0.036476
0.025626
2.8506
0.031197
0.054568
0.59468
0.022268
0.041742
8.0774
0.024161
0.074943
1.383
0.019638
0.068304
5.7575
0.027991
0.15914
0.15413
0.020576
0.21373
0.61201
0.027876
0.35854
0.10078
0.02178
0.79394
0.068208
0.04205
0.51615
0.026318
0.030721
4.1363
0.026385
0.051316
1.4967
0.021275
0.042579
11.088
0.026645
0.10189
0.34103
0.020097
0.099539
2.8643
0.025227
0.18736
0.35846
0.019871
0.25953
0.34982
0.034535
0.36099
0.037632
0.024896
1.3588
0.042116
0.038513
1.0669
0.025705
0.030604
6.7479
0.027146
0.069442
0.53833
0.020812
0.056995
7.3634
0.024103
0.10663
0.93345
0.019299
0.11042
2.002
0.030032
0.22768
0.077307
0.021783
0.44125
0.1651
0.03123
0.59243
0.044248
0.024428
2.0696
0.034742
0.05081
0.5894
0.022987
0.038264
7.3485
0.024393
0.067547
1.4769
0.019904
0.05974
7.4859
0.027516
0.14172
0.19243
0.020343
0.17286
0.93202
0.027047
0.30339
0.13907
0.021157
0.58742
0.097014
0.039807
0.47956
0.028059
0.028916
3.198
0.027957
0.047389
1.4221
0.021985
0.03876
10.858
0.026552
0.091996
0.39584
0.020161
0.085102
3.8946
0.024818
0.16123
0.47436
0.019616
0.20449
0.54921
0.033181
0.32358
0.043419
0.023921
1.0158
0.054345
0.036305
0.93631
0.027995
0.028679
5.2048
0.02786
0.063808
0.56895
0.021195
0.05093
8.1017
0.024031
0.094187
1.0991
0.019338
0.092822
2.9478
0.029244
0.20197
0.096938
0.021291
0.34193
0.25469
0.029955
0.50228
0.056115
0.023403
1.4981
0.040746
0.047514
0.57335
0.023865
0.035334
6.3338
0.024782
0.061272
1.5283
0.020257
0.052841
9.1646
0.027133
0.12656
0.23706
0.020187
0.14187
1.3914
0.026336
0.25739
0.19251
0.020636
0.44063
