20.58
20.384
20.155
19.891
19.594
19.263
18.897
18.498
18.065
17.599
17.102
16.573
16.014
15.427
14.813
14.174
13.512
12.83
12.13
11.415
10.687
9.9492
9.2051
8.4576
7.7096
6.9644
6.225
5.4944
4.7756
4.0713
3.3841
2.7164
2.0705
1.4484
0.85166
0.28193
-0.25961
-0.77202
-1.2546
-1.7068
-2.1285
-2.5196
-2.8805
-3.2114
-3.5129
-3.7857
-4.0306
-4.2486
-4.4407
-4.6079
-4.7513
-4.8721
-4.9714
-5.0504
-5.1101
-5.1516
-5.1761
-5.1845
-5.1777
-5.1568
-5.1226
-5.0758
-5.0173
-4.9477
-4.8677
-4.7779
-4.6788
-4.571
-4.4548
-4.3307
-4.1991
-4.0604
-3.9147
-3.7625
-3.6039
-3.4392
-3.2685
-3.0921
-2.9102
-2.7229
-2.5303
-2.3325
-2.1298
-1.9222
-1.7098
-1.4927
-1.2711
-1.045
-0.81449
-0.57976
-0.34086
-0.097895
0.14902
0.39978
0.65427
0.91238
1.174
1.439
1.7072
1.9785
2.2527
2.5298
2.8095
3.0917
3.3761
3.6627
3.9512
4.2415
4.5332
4.8262
5.1203
5.4152
5.7106
6.0064
6.3021
6.5976
6.8925
7.1865
7.4793
7.7706
8.0599
8.3469
8.6313
8.9126
9.1904
9.4644
9.7339
9.9987
10.258
10.512
10.759
11
11.233
11.458
11.675
11.883
12.081
12.269
12.446
12.612
12.766
12.907
13.034
13.147
13.246
13.33
13.397
13.448
13.482
13.498
13.496
13.475
13.434
13.374
13.293
13.192
13.07
12.926
12.761
12.574
12.366
12.136
11.884
11.611
11.317
11.002
10.667
10.312
9.9386
9.5468
9.1377
8.7124
8.2721
7.8178
7.3509
6.8728
6.385
5.8889
5.3862
4.8785
4.3675
3.8548
3.3421
2.8311
2.3234
1.8208
1.3247
0.83677
0.35836
-0.10911
-0.56438
-1.0062
-1.4336
-1.8456
-2.2412
-2.6197
-2.9806
-3.3232
-3.6472
-3.9523
-4.2382
-4.5049
-4.7524
-4.9806
-5.1899
-5.3803
-5.5521
-5.7057
-5.8414
-5.9597
-6.0609
-6.1455
-6.214
-6.2668
-6.3045
-6.3274
-6.3362
-6.3312
-6.3129
-6.2817
-6.2382
-6.1826
-6.1154
-6.0369
-5.9475
-5.8476
-5.7374
-5.6173
-5.4874
-5.3482
-5.1997
-5.0423
-4.8761
-4.7013
-4.5181
-4.3267
-4.1272
-3.9198
-3.7045
-3.4816
-3.2511
-3.0131
-2.7677
-2.515
-2.2552
-1.9882
-1.7142
-1.4332
-1.1454
-0.8508
-0.54944
-0.24143
0.07316
0.39426
0.7218
1.0557
1.3959
1.7423
2.0948
2.4534
2.8179
3.1883
3.5644
3.9462
4.3336
4.7264
5.1246
5.528
5.9365
6.35
6.7683
7.1913
7.6187
8.0506
8.4866
8.9266
9.3704
9.8179
10.269
10.723
11.18
11.639
12.101
12.565
13.031
13.498
13.967
14.436
14.906
15.376
15.845
16.313
16.781
17.246
17.709
18.169
18.626
19.079
19.527
19.969
20.406
20.835
21.257
21.67
22.074
22.468
22.85
23.22
23.577
23.92
24.247
24.557
24.849
25.122
25.374
25.605
25.812
25.995
26.152
26.281
26.382
26.452
26.49
26.495
26.465
26.4
26.297
26.156
25.975
25.754
25.491
25.186
24.839
24.448
24.015
23.539
23.02
22.46
21.858
21.217
20.539
19.824
19.075
18.295
17.487
16.653
15.798
14.925
14.038
13.141
12.238
11.334
10.432
9.5376
8.6542
7.7861
6.9371
6.1107
5.3104
4.5391
3.7993
3.0935
2.4234
1.7906
1.1961
0.64053
0.12431
-0.35263
-0.79063
-1.1904
-1.5527
-1.8788
-2.17
-2.4277
-2.6535
-2.8492
-3.0163
-3.1567
-3.2721
-3.3642
-3.4347
-3.4852
-3.5174
-3.5326
-3.5323
-3.5178
-3.4903
-3.451
-3.4009
-3.3409
-3.272
-3.1949
-3.1103
-3.0189
-2.9213
-2.818
-2.7094
-2.596
-2.4781
-2.3561
-2.2303
-2.1009
-1.9682
-1.8324
-1.6936
-1.552
-1.4078
-1.2612
-1.1122
-0.96096
-0.80765
-0.65235
-0.49518
-0.33623
-0.17562
-0.013455
0.15016
0.31511
0.48129
0.64858
0.81686
0.98601
1.1559
1.3264
1.4973
1.6686
1.8401
2.0116
2.1829
2.3539
2.5244
2.6943
2.8633
3.0313
3.198
3.3633
3.5269
3.6887
3.8483
4.0056
4.1603
4.3123
4.4612
4.6067
4.7487
4.8869
5.021
5.1508
5.2759
5.3962
5.5112
5.6208
5.7247
5.8225
5.914
5.999
6.0771
6.1481
6.2117
6.2676
6.3156
6.3554
6.3868
6.4096
6.4234
6.4282
6.4236
6.4096
6.3859
6.3524
6.3089
6.2554
6.1917
6.1179
6.0337
5.9393
5.8347
5.7198
5.5947
5.4596
5.3146
5.1598
4.9954
4.8217
4.639
4.4474
4.2474
4.0393
3.8235
3.6004
3.3705
3.1343
2.8922
2.6448
2.3928
2.1365
1.8767
1.614
1.3489
1.0821
0.81428
0.54605
0.27805
0.010935
-0.25467
-0.51814
-0.77885
-1.0362
-1.2896
-1.5385
-1.7824
-2.0207
-2.253
-2.4787
-2.6975
-2.909
-3.1127
-3.3083
-3.4956
-3.6741
-3.8438
-4.0043
-4.1554
-4.2971
-4.4291
-4.5514
-4.6638
-4.7664
-4.859
-4.9417
-5.0144
-5.0772
-5.1301
-5.1732
-5.2065
-5.2301
-5.2441
-5.2485
-5.2436
-5.2293
-5.2058
-5.1732
-5.1317
-5.0813
-5.0222
-4.9544
-4.8783
-4.7937
-4.701
-4.6002
-4.4914
-4.3747
-4.2503
-4.1183
-3.9788
-3.832
-3.6779
-3.5166
-3.3483
-3.1731
-2.9911
-2.8023
-2.607
-2.4051
-2.1969
-1.9824
-1.7618
-1.5351
-1.3024
-1.0639
-0.81961
-0.56974
-0.31436
-0.053583
0.21246
0.48366
0.75988
1.041
1.3269
1.6174
1.9124
2.2118
2.5153
2.8229
3.1343
3.4495
3.7682
4.0902
4.4154
4.7435
5.0744
5.4079
5.7436
6.0814
6.4211
6.7623
7.1048
7.4484
7.7927
8.1374
8.4822
8.8267
9.1707
9.5137
9.8554
10.195
10.533
10.869
11.201
11.529
11.854
12.174
12.49
12.799
13.103
13.399
13.689
13.97
14.243
14.506
14.759
15.001
15.232
15.451
15.657
15.848
16.026
16.187
16.333
16.461
16.571
16.663
16.735
16.786
16.817
16.825
16.811
16.773
16.711
16.624
16.512
16.374
16.209
16.019
15.801
15.556
15.284
14.985
14.659
14.306
13.927
13.523
13.094
12.641
12.166
11.669
11.151
10.615
10.062
9.4929
8.9107
8.317
7.714
7.1037
6.4885
5.8705
5.252
4.6353
4.0227
3.4164
2.8185
2.231
1.6559
1.0951
0.5503
0.02294
-0.48553
-0.97387
-1.441
-1.8862
-2.3085
-2.7075
-3.0827
-3.434
-3.7613
-4.0646
-4.344
-4.5999
-4.8327
-5.0428
-5.2308
-5.3972
-5.5427
-5.6681
-5.774
-5.8612
-5.9303
-5.9822
-6.0176
-6.0372
-6.0416
-6.0315
-6.0077
-5.9706
-5.921
-5.8593
-5.786
-5.7017
-5.6067
-5.5016
-5.3866
-5.2623
-5.1288
-4.9865
-4.8356
-4.6765
-4.5094
-4.3344
-4.1518
-3.9618
-3.7644
-3.5599
-3.3485
-3.1301
-2.905
-2.6732
-2.4349
-2.1902
-1.9391
-1.6817
-1.4182
-1.1486
-0.87297
-0.59141
-0.30402
-0.010863
0.28797
0.59239
0.9023
1.2176
1.5383
1.8641
2.1951
2.5311
2.8719
3.2176
3.5679
3.9227
4.2818
4.6453
5.0128
5.3842
5.7594
6.1382
6.5204
6.9057
7.2941
7.6852
8.0789
8.4749
8.8729
9.2727
9.674
10.077
10.48
10.884
11.288
11.692
12.095
12.498
12.899
13.298
13.695
14.09
14.481
14.868
15.25
15.628
16
16.366
16.725
17.076
17.419
17.753
18.077
18.39
18.691
18.98
19.256
19.517
19.762
19.992
20.203
20.397
20.571
20.724
20.855
20.964
21.049
21.109
21.143
21.149
21.128
21.077
20.997
20.885
20.742
20.566
20.358
20.116
19.839
19.529
19.185
18.806
18.394
17.948
17.469
16.959
16.417
15.847
15.248
14.623
13.974
13.304
12.613
11.905
11.184
10.45
9.7082
8.9609
8.2112
7.4623
6.7173
5.9793
5.2513
4.5361
3.8365
3.1549
2.4939
1.8555
1.2415
0.65373
0.093476
-0.43811
-0.94016
-1.4121
-1.8535
-2.2642
-2.6444
-2.9943
-3.3144
-3.6052
-3.8676
-4.1025
-4.3107
-4.4933
-4.6514
-4.7862
-4.8987
-4.9901
-5.0616
-5.1143
-5.1492
-5.1673
-5.1698
-5.1575
-5.1314
-5.0923
-5.041
-4.9781
-4.9045
-4.8208
-4.7274
-4.625
-4.514
-4.3949
-4.2681
-4.1339
-3.9926
-3.8446
-3.6902
-3.5294
-3.3627
-3.1902
-3.012
-2.8283
-2.6393
-2.4451
-2.2459
-2.0417
-1.8328
-1.6191
-1.4007
-1.1779
-0.95072
-0.71921
-0.48349
-0.24368
0.00012354
0.24782
0.49928
0.75441
1.0131
1.2752
1.5406
1.8091
2.0806
2.3551
2.6322
2.9119
3.1939
3.4782
3.7644
4.0525
4.3422
4.6332
4.9255
5.2186
5.5125
5.8068
6.1012
6.3955
6.6893
6.9825
7.2746
7.5653
7.8543
8.1412
8.4256
8.7072
8.9855
9.2601
9.5306
9.7966
10.058
10.313
10.562
10.805
11.041
11.269
11.489
11.701
11.903
12.095
12.277
12.448
12.607
12.753
12.887
13.007
13.113
13.203
13.279
13.338
13.38
13.405
13.412
13.401
13.371
13.321
13.251
13.161
13.05
12.918
12.765
12.59
12.394
12.177
11.938
11.677
11.395
11.093
10.77
10.428
10.066
9.6855
9.2877
8.8732
8.443
7.9985
7.5407
7.0711
6.5909
6.1018
5.6053
5.1029
4.5962
4.087
3.5769
3.0676
2.5607
2.0579
1.5608
1.0708
0.5896
0.11847
-0.34124
-0.78829
-1.2216
-1.64
-2.0427
-2.4289
-2.7978
-3.1489
-3.4818
-3.796
-4.0913
-4.3675
-4.6246
-4.8626
-5.0815
-5.2816
-5.4631
-5.6263
-5.7715
-5.8991
-6.0094
-6.103
-6.1802
-6.2416
-6.2876
-6.3187
-6.3353
-6.338
-6.3271
-6.3032
-6.2666
-6.2178
-6.1571
-6.0851
-6.0019
-5.908
-5.8036
-5.6891
-5.5648
-5.4309
-5.2877
-5.1354
-4.9742
-4.8043
-4.6258
-4.4391
-4.2442
-4.0412
-3.8303
-3.6117
-3.3854
-3.1516
-2.9103
-2.6616
-2.4057
-2.1427
-1.8725
-1.5954
-1.3113
-1.0203
-0.72262
-0.41818
-0.1071
0.21054
0.53467
0.86522
1.2021
1.5453
1.8946
2.2501
2.6115
2.9789
3.3521
3.7311
4.1157
4.5059
4.9015
5.3023
5.7084
6.1195
6.5356
6.9564
7.3819
7.8118
8.246
8.6844
9.1267
9.5727
10.022
10.475
10.931
11.39
11.851
12.315
12.781
13.248
13.717
14.187
14.657
15.128
15.599
16.069
16.538
17.006
17.471
17.934
18.394
18.851
19.303
19.75
20.192
20.627
21.055
21.475
21.886
22.287
22.678
23.057
23.424
23.776
24.114
24.436
24.741
25.028
25.294
25.54
25.763
25.963
26.137
26.285
26.405
26.495
26.554
26.581
26.574
26.532
26.454
26.337
26.182
25.987
25.75
25.472
25.152
24.789
24.382
23.932
23.44
22.905
22.328
21.711
21.055
20.361
19.631
18.869
18.077
17.257
16.413
15.549
14.668
13.774
12.872
11.966
11.059
10.157
9.264
8.3835
7.5197
6.6764
5.8571
5.0652
4.3033
3.5741
2.8797
2.2217
1.6016
1.0203
0.47821
-0.024359
-0.4876
-0.91199
-1.2983
-1.6475
-1.9608
-2.2396
-2.4855
-2.7
-2.8848
-3.0418
-3.1727
-3.2791
-3.3629
-3.4257
-3.4691
-3.4947
-3.5039
-3.4981
-3.4785
-3.4465
-3.403
-3.3491
-3.2858
-3.2138
-3.134
-3.047
-2.9535
-2.854
-2.749
-2.6389
-2.5242
-2.4053
-2.2824
-2.1557
-2.0257
-1.8924
-1.7562
-1.6171
-1.4753
-1.3311
-1.1844
-1.0355
-0.88453
-0.73151
-0.57659
-0.41988
-0.26148
-0.10151
0.059938
0.22274
0.3868
0.552
0.71821
0.88533
1.0532
1.2218
1.3908
1.5602
1.7299
1.8996
2.0692
2.2386
2.4076
2.576
2.7436
2.9102
3.0757
3.2398
3.4024
3.5632
3.722
3.8786
4.0327
4.1842
4.3327
4.4781
4.62
4.7583
4.8926
5.0227
5.1484
5.2693
5.3853
5.4959
5.601
5.7003
5.7934
5.8802
5.9603
6.0335
6.0994
6.158
6.2088
6.2516
6.2862
6.3124
6.3298
6.3384
6.3379
6.3281
6.3088
6.28
6.2413
6.1928
6.1343
6.0658
5.9872
5.8984
5.7995
5.6905
5.5715
5.4425
5.3037
5.1551
4.997
4.8296
4.6532
4.4679
4.2742
4.0723
3.8627
3.6457
3.4218
3.1913
2.9549
2.7131
2.4663
2.2151
1.9601
1.702
1.4412
1.1785
0.91442
0.64962
0.38474
0.1204
-0.14275
-0.40411
-0.66306
-0.91901
-1.1714
-1.4196
-1.6631
-1.9014
-2.1339
-2.3603
-2.5801
-2.7928
-2.9981
-3.1956
-3.3849
-3.5659
-3.7382
-3.9015
-4.0558
-4.2007
-4.3362
-4.4622
-4.5784
-4.685
-4.7817
-4.8686
-4.9457
-5.0129
-5.0703
-5.118
-5.156
-5.1843
-5.203
-5.2122
-5.2121
-5.2027
-5.184
-5.1564
-5.1197
-5.0742
-5.02
-4.9572
-4.8859
-4.8063
-4.7184
-4.6224
-4.5185
-4.4066
-4.2871
-4.1599
-4.0252
-3.8832
-3.7338
-3.5773
-3.4138
-3.2433
-3.066
-2.8819
-2.6913
-2.4941
-2.2906
-2.0808
-1.8648
-1.6427
-1.4146
-1.1807
-0.94108
-0.6958
-0.445
-0.1888
0.072679
0.33932
0.61101
0.8876
1.169
1.455
1.7455
2.0404
2.3395
2.6427
2.9497
3.2605
3.5748
3.8925
4.2134
4.5373
4.864
5.1932
5.5248
5.8585
6.1941
6.5313
6.8699
7.2096
7.55
7.891
8.2321
8.5731
8.9136
9.2532
9.5916
9.9284
10.263
10.595
10.925
11.251
11.573
11.891
12.204
12.512
12.813
13.109
13.397
13.677
13.949
14.211
14.464
14.707
14.938
15.157
15.364
15.557
15.736
15.9
16.048
16.179
16.293
16.388
16.465
16.521
16.557
16.571
16.563
16.532
16.477
16.398
16.294
16.165
16.01
15.829
15.622
15.388
15.127
14.839
14.525
14.185
13.819
13.428
13.012
12.572
12.109
11.625
11.12
10.597
10.056
9.4994
8.9289
8.3465
7.7541
7.1539
6.548
5.9386
5.3279
4.7182
4.1117
3.5106
2.917
2.3329
1.7603
1.201
0.65678
0.12916
-0.3804
-0.87065
-1.3405
-1.7889
-2.2152
-2.6188
-2.9992
-3.3561
-3.6893
-3.9989
-4.2849
-4.5476
-4.7873
-5.0045
-5.1995
-5.3731
-5.5258
-5.6582
-5.771
-5.865
-5.9409
-5.9993
-6.041
-6.0667
-6.077
-6.0727
-6.0544
-6.0226
-5.978
-5.9211
-5.8525
-5.7726
-5.6819
-5.5807
-5.4696
-5.3489
-5.2188
-5.0798
-4.9321
-4.7759
-4.6115
-4.4392
-4.2591
-4.0714
-3.8762
-3.6738
-3.4642
-3.2477
-3.0242
-2.794
-2.5572
-2.3137
-2.0639
-1.8076
-1.545
-1.2763
-1.0014
-0.72042
-0.43352
-0.14074
0.15784
0.46214
0.77206
1.0875
1.4084
1.7347
2.0662
2.4029
2.7446
3.0912
3.4426
3.7988
4.1594
4.5245
4.8939
5.2674
5.6448
6.026
6.4109
6.7991
7.1906
7.5851
7.9824
8.3822
8.7843
9.1886
9.5945
10.002
10.411
10.82
11.23
11.641
12.051
12.46
12.869
13.276
13.682
14.085
14.485
14.882
15.275
15.663
16.047
16.424
16.795
17.16
17.516
17.864
18.203
18.531
18.848
19.154
19.447
19.726
19.99
20.239
20.47
20.684
20.88
21.055
21.209
21.341
21.45
21.534
21.593
21.625
21.629
21.604
21.55
21.465
21.348
21.198
21.016
20.8
20.549
20.263
19.943
19.588
19.197
18.773
18.314
17.821
17.296
16.74
16.154
15.54
14.899
14.233
13.546
12.839
12.115
11.377
10.628
9.8701
9.1078
8.3438
7.5814
6.8237
6.0739
5.335
4.6101
3.9018
3.2127
2.5453
1.9016
1.2836
0.69277
0.13059
-0.4019
-0.90388
-1.3748
-1.8144
-2.2226
-2.5995
-2.9456
-3.2614
-3.5475
-3.8048
-4.0343
-4.237
-4.414
-4.5664
-4.6955
-4.8024
-4.8883
-4.9544
-5.0019
-5.0318
-5.0453
-5.0433
-5.0268
-4.9968
-4.9541
-4.8995
-4.8337
-4.7574
-4.6713
-4.5759
-4.4717
-4.3593
-4.2391
-4.1115
-3.9767
-3.8353
-3.6873
-3.5332
-3.3731
-3.2072
-3.0358
-2.8591
-2.6771
-2.49
-2.2981
-2.1013
-1.8998
-1.6938
-1.4833
-1.2685
-1.0494
-0.82621
-0.59895
-0.36775
-0.13271
0.10605
0.34843
0.59431
0.84357
1.0961
1.3518
1.6104
1.8719
2.1362
2.403
2.6722
2.9436
3.2171
3.4924
3.7694
4.0479
4.3277
4.6084
4.89
5.1722
5.4546
5.7371
6.0194
6.3012
6.5821
6.8619
7.1402
7.4167
7.6911
7.963
8.232
8.4977
8.7597
9.0176
9.2709
9.5193
9.7622
9.9992
10.23
10.453
10.67
10.878
11.077
11.268
11.449
11.62
11.78
11.928
12.065
12.189
12.3
12.397
12.48
12.548
12.601
12.637
12.657
12.66
12.645
12.611
12.56
12.489
12.399
12.29
12.16
12.01
11.841
11.65
11.44
11.209
10.958
10.688
10.397
10.088
9.7599
9.4139
9.0507
8.6709
8.2755
7.8656
7.4421
7.0062
6.5591
6.1023
5.6369
5.1645
4.6866
4.2046
3.7201
3.2346
2.7497
2.2669
1.7878
1.3137
0.8462
0.38662
-0.063716
-0.50357
-0.93177
-1.3473
-1.749
-2.1362
-2.5081
-2.8639
-3.2031
-3.5252
-3.8298
-4.1166
-4.3855
-4.6363
-4.8691
-5.0838
-5.2805
-5.4595
-5.621
-5.7652
-5.8924
-6.0031
-6.0975
-6.176
-6.2392
-6.2873
-6.3208
-6.3401
-6.3457
-6.3379
-6.3172
-6.284
-6.2386
-6.1815
-6.1129
-6.0332
-5.9428
-5.8419
-5.7308
-5.6098
-5.4791
-5.339
-5.1898
-5.0315
-4.8644
-4.6888
-4.5046
-4.3122
-4.1116
-3.9031
-3.6866
-3.4623
-3.2304
-2.9909
-2.744
-2.4897
-2.2281
-1.9593
-1.6834
-1.4004
-1.1105
-0.81369
-0.51006
-0.19968
0.11737
0.44103
0.77122
1.1079
1.4509
1.8002
2.1557
2.5174
2.8851
3.2588
3.6383
4.0237
4.4146
4.8112
5.2132
5.6205
6.033
6.4507
6.8732
7.3006
7.7325
8.169
8.6098
9.0547
9.5036
9.9562
10.412
10.872
11.334
11.8
12.268
12.738
13.21
13.684
14.159
14.635
15.112
15.589
16.066
16.543
17.018
17.492
17.963
18.432
18.898
19.36
19.818
20.27
20.717
21.157
21.59
22.014
22.43
22.835
23.23
23.612
23.982
24.338
24.678
25.002
25.309
25.596
25.863
26.109
26.332
26.53
26.703
26.848
26.965
27.051
27.105
27.127
27.113
27.064
26.977
26.851
26.685
26.479
26.23
25.939
25.604
25.226
24.803
24.336
23.826
23.272
22.676
22.039
21.363
20.648
19.898
19.115
18.302
17.461
16.597
15.713
14.813
13.902
12.983
12.061
11.14
10.225
9.3201
8.4297
7.5577
6.7079
5.8839
5.0888
4.3255
3.5964
2.9036
2.2487
1.6329
1.057
0.52148
0.026318
-0.42878
-0.84442
-1.2215
-1.5612
-1.8647
-2.1337
-2.3698
-2.5746
-2.7501
-2.8979
-3.0199
-3.118
-3.1939
-3.2493
-3.2858
-3.305
-3.3084
-3.2973
-3.2731
-3.237
-3.19
-3.1331
-3.0673
-2.9934
-2.9121
-2.8242
-2.7302
-2.6307
-2.5261
-2.417
-2.3036
-2.1864
-2.0657
-1.9416
-1.8145
-1.6846
-1.552
-1.4169
-1.2796
-1.1401
-0.99854
-0.8551
-0.70987
-0.56298
-0.41451
-0.26459
-0.11331
0.039208
0.19287
0.34757
0.5032
0.65963
0.81677
0.97447
1.1326
1.2911
1.4498
1.6085
1.7671
1.9255
2.0835
2.2409
2.3976
2.5534
2.7082
2.8616
3.0137
3.164
3.3126
3.4591
3.6033
3.7451
3.8841
4.0203
4.1533
4.2829
4.4089
4.5311
4.6491
4.7628
4.8719
4.9762
5.0754
5.1693
5.2575
5.3399
5.4163
5.4863
5.5497
5.6063
5.6558
5.6981
5.7329
5.7599
5.7791
5.7901
5.7929
5.7871
5.7728
5.7497
5.7177
5.6766
5.6265
5.5673
5.4988
5.421
5.334
5.2377
5.1323
5.0177
4.8941
4.7616
4.6203
4.4704
4.3122
4.1458
3.9715
3.7896
3.6005
3.4044
3.2018
2.993
2.7785
2.5587
2.3342
2.1052
1.8725
1.6365
1.3977
1.1567
0.91399
0.67021
0.42589
0.18161
-0.06208
-0.30461
-0.54543
-0.78399
-1.0198
-1.2522
-1.4808
-1.7052
-1.9247
-2.139
-2.3476
-2.5502
-2.7464
-2.9357
-3.118
-3.2928
-3.4599
-3.619
-3.77
-3.9126
-4.0467
-4.1721
-4.2886
-4.3962
-4.4948
-4.5844
-4.6648
-4.7361
-4.7982
-4.8512
-4.8951
-4.9298
-4.9556
-4.9723
-4.9802
-4.9792
-4.9694
-4.9509
-4.9239
-4.8884
-4.8445
-4.7922
-4.7319
-4.6634
-4.587
-4.5027
-4.4107
-4.3111
-4.2039
-4.0894
-3.9675
-3.8385
-3.7024
-3.5593
-3.4094
-3.2527
-3.0894
-2.9196
-2.7433
-2.5608
-2.372
-2.1771
-1.9763
-1.7696
-1.5571
-1.3389
-1.1152
-0.88609
-0.65166
-0.41205
-0.16736
0.082266
0.33671
0.59584
0.85952
1.1276
1.4
1.6764
1.9569
2.2411
2.529
2.8204
3.1151
3.4129
3.7136
4.0171
4.323
4.6313
4.9417
5.2539
5.5677
5.8829
6.1992
6.5163
6.8339
7.1518
7.4696
7.787
8.1037
8.4193
8.7334
9.0457
9.3558
9.6632
9.9676
10.268
10.565
10.858
11.145
11.427
11.703
11.973
12.235
12.49
12.736
12.973
13.201
13.419
13.625
13.82
14.003
14.173
14.329
14.471
14.598
14.709
14.803
14.88
14.938
14.979
14.999
15
14.98
14.939
14.876
14.79
14.682
14.55
14.395
14.216
14.013
13.785
13.534
13.259
12.959
12.637
12.291
11.922
11.532
11.121
10.689
10.238
9.7696
9.2843
8.7837
8.2694
7.7429
7.2061
6.6606
6.1083
5.551
4.9908
4.4296
3.8692
3.3117
2.759
2.2128
1.675
1.1473
0.63138
0.12865
-0.35945
-0.83164
-1.2868
-1.7238
-2.1419
-2.5404
-2.9185
-3.2759
-3.6123
-3.9273
-4.221
-4.4932
-4.7443
-4.9743
-5.1836
-5.3724
-5.5413
-5.6907
-5.8211
-5.933
-6.027
-6.1038
-6.1638
-6.2077
-6.236
-6.2494
-6.2484
-6.2335
-6.2053
-6.1643
-6.111
-6.0458
-5.9692
-5.8815
-5.7833
-5.6747
-5.5562
-5.428
-5.2906
-5.144
-4.9886
-4.8246
-4.6522
-4.4716
-4.283
-4.0866
-3.8824
-3.6706
-3.4514
-3.2249
-2.9911
-2.7503
-2.5024
-2.2476
-1.986
-1.7176
-1.4426
-1.1609
-0.87275
-0.57815
-0.27718
0.03008
0.34355
0.66316
0.98882
1.3205
1.658
2.0013
2.3504
2.705
3.0652
3.4308
3.8018
4.1779
4.5591
4.9452
5.3362
5.7319
6.1321
6.5366
6.9454
7.3583
7.775
8.1955
8.6194
9.0465
9.4767
9.9098
10.345
10.783
11.223
11.665
12.108
12.552
12.997
13.442
13.888
14.332
14.777
15.219
15.66
16.099
16.535
16.968
17.397
17.821
18.24
18.653
19.06
19.459
19.85
20.233
20.605
20.967
21.317
21.655
21.979
22.288
22.582
22.859
23.118
23.357
23.577
23.774
23.949
24.099
24.224
24.322
24.392
24.432
24.442
24.42
24.364
24.274
24.149
23.987
23.788
23.551
23.275
22.96
22.606
22.212
21.778
21.305
20.793
20.244
19.658
19.036
18.38
17.693
16.976
16.232
15.463
14.673
13.865
13.042
12.208
11.366
10.521
9.6755
8.834
8.0003
7.178
6.3705
5.5814
4.8137
4.0703
3.3539
2.6666
2.0105
1.3872
0.79798
0.24374
-0.27488
-0.7576
-1.2044
-1.6156
-1.9917
-2.3335
-2.6419
-2.9181
-3.1632
-3.3787
-3.5659
-3.7263
-3.8614
-3.9727
-4.0618
-4.13
-4.1788
-4.2095
-4.2235
-4.222
-4.2062
-4.1771
-4.1357
-4.0831
-4.02
-3.9472
-3.8656
-3.7756
-3.678
-3.5732
-3.4618
-3.3442
-3.2207
-3.0917
-2.9576
-2.8186
-2.675
-2.527
-2.3748
-2.2185
-2.0584
-1.8947
-1.7273
-1.5566
-1.3825
-1.2053
-1.025
-0.84172
-0.65563
-0.46679
-0.27533
-0.081346
0.11505
0.31373
0.51459
0.7175
0.92234
1.129
1.3373
1.5471
1.7582
1.9706
2.184
2.3984
2.6134
2.8289
3.0447
3.2607
3.4765
3.6921
3.9071
4.1214
4.3347
4.5467
4.7572
4.966
5.1726
5.3769
5.5786
5.7774
5.9729
6.1648
6.3528
6.5366
6.7158
6.89
7.059
7.2223
7.3796
7.5305
7.6746
7.8116
7.9409
8.0624
8.1754
8.2798
8.375
8.4607
8.5364
8.6019
8.6567
8.7005
8.7329
8.7536
8.7622
8.7585
8.7421
8.7127
8.6702
8.6143
8.5448
8.4615
8.3644
8.2533
8.1282
7.989
7.8359
7.6688
7.488
7.2935
7.0857
6.8648
6.6311
6.3851
6.1271
5.8576
5.5773
5.2866
4.9863
4.677
4.3596
4.0346
3.703
3.3657
3.0235
2.6772
2.328
1.9766
1.624
1.2712
0.91915
0.56878
0.22103
-0.1232
-0.46301
-0.79756
-1.126
-1.4476
-1.7615
-2.0671
-2.3637
-2.6507
-2.9276
-3.1939
-3.449
-3.6926
-3.9245
-4.1441
-4.3515
-4.5462
-4.7283
-4.8975
-5.0538
-5.1973
-5.3278
-5.4455
-5.5504
-5.6426
-5.7223
-5.7895
-5.8444
-5.8873
-5.9182
-5.9374
-5.945
-5.9414
-5.9266
-5.9009
-5.8645
-5.8176
-5.7604
-5.6931
-5.616
-5.5291
-5.4327
-5.327
-5.2122
-5.0883
-4.9556
-4.8143
-4.6644
-4.5062
-4.3397
-4.1651
-3.9825
-3.7921
-3.594
-3.3882
-3.1749
-2.9542
-2.7262
-2.4909
-2.2486
-1.9992
-1.7429
-1.4798
-1.21
-0.93344
-0.65037
-0.36084
-0.064922
0.23728
0.54567
0.86015
1.1806
1.507
1.8392
2.177
2.5205
2.8694
3.2236
3.5831
3.9476
4.3172
4.6915
5.0706
5.4541
5.8421
6.2342
6.6303
7.0303
7.434
7.8411
8.2514
8.6647
9.0809
9.4995
9.9204
10.343
10.768
11.194
11.621
12.049
12.477
12.905
13.333
13.76
14.185
14.609
15.031
15.45
15.866
16.278
16.686
17.089
17.486
17.876
18.26
18.636
19.003
19.36
19.708
20.044
20.368
20.68
20.977
21.259
21.525
21.774
22.004
22.215
22.406
22.575
22.72
22.841
22.937
23.006
23.048
23.06
23.042
22.993
22.911
22.796
22.646
22.461
22.241
21.984
21.69
21.358
20.99
20.584
20.141
19.662
19.146
18.596
18.013
17.397
16.75
16.075
15.374
14.649
13.903
13.139
12.36
11.569
10.77
9.9653
9.1594
8.3556
7.5574
6.7682
5.9913
5.23
4.4872
3.7657
3.068
2.3965
1.7531
1.1394
0.55693
0.0066786
-0.51056
-0.99431
-1.4444
-1.8608
-2.244
-2.5943
-2.9125
-3.1996
-3.4565
-3.6842
-3.8842
-4.0576
-4.2058
-4.33
-4.4318
-4.5123
-4.5729
-4.6149
-4.6394
-4.6478
-4.641
-4.6201
-4.5861
-4.54
-4.4824
-4.4143
-4.3364
-4.2493
-4.1536
-4.0498
-3.9385
-3.8201
-3.695
-3.5635
-3.426
-3.2828
-3.1341
-2.9802
-2.8212
-2.6575
-2.4891
-2.3162
-2.139
-1.9575
-1.772
-1.5826
-1.3893
-1.1923
-0.99162
-0.78746
-0.5799
-0.36903
-0.15498
0.062161
0.28227
0.50523
0.73092
0.95921
1.19
1.4231
1.6584
1.8957
2.135
2.376
2.6185
2.8624
3.1075
3.3536
3.6005
3.8479
4.0958
4.3437
4.5916
4.839
5.0859
5.3319
5.5767
5.82
6.0616
6.301
6.5381
6.7724
7.0037
7.2315
7.4555
7.6753
7.8906
8.1008
8.3057
8.5047
8.6975
8.8836
9.0626
9.2341
9.3974
9.5522
9.6981
9.8344
9.9608
10.077
10.182
10.275
10.357
10.426
10.483
10.526
10.556
10.571
10.572
10.557
10.528
10.482
10.421
10.344
10.25
10.139
10.012
9.8674
9.7061
9.5279
9.3328
9.121
8.8926
8.648
8.3874
8.1114
7.8202
7.5146
7.1951
6.8624
6.5173
6.1606
5.7932
5.416
5.0301
4.6364
4.2362
3.8305
3.4206
3.0075
2.5926
2.177
1.7619
1.3487
0.93833
0.53214
0.1312
-0.26338
-0.65055
-1.0293
-1.3987
-1.758
-2.1061
-2.4425
-2.7665
-3.0775
-3.3749
-3.6582
-3.9272
-4.1816
-4.421
-4.6453
-4.8543
-5.0482
-5.2267
-5.3901
-5.5383
-5.6715
-5.7899
-5.8937
-5.9831
-6.0583
-6.1196
-6.1673
-6.2016
-6.2229
-6.2315
-6.2276
-6.2115
-6.1836
-6.1442
-6.0934
-6.0316
-5.9591
-5.8761
-5.7828
-5.6795
-5.5665
-5.4438
-5.3118
-5.1707
-5.0205
-4.8615
-4.6938
-4.5177
-4.3331
-4.1404
-3.9395
-3.7307
-3.514
-3.2896
-3.0575
-2.8179
-2.5708
-2.3163
-2.0546
-1.7857
-1.5097
-1.2267
-0.93674
-0.63991
-0.33629
-0.025967
0.29098
0.61448
0.94445
1.2808
1.6235
1.9723
2.3273
2.6884
3.0553
3.4281
3.8067
4.1909
4.5806
4.9757
5.3761
5.7817
6.1922
6.6077
7.0279
7.4526
7.8818
8.3152
8.7527
9.194
9.639
10.087
10.539
10.994
11.451
11.911
12.373
12.837
13.302
13.769
14.236
14.704
15.173
15.64
16.108
16.574
17.038
17.5
17.959
18.415
18.867
19.315
19.757
20.194
20.623
21.046
21.46
21.864
22.259
22.643
23.014
23.373
23.718
24.047
24.36
24.656
24.932
25.189
25.424
25.636
25.824
25.986
26.121
26.228
26.305
26.351
26.364
26.343
26.286
26.193
26.061
25.891
25.68
25.429
25.136
24.8
24.422
24.001
23.537
23.031
22.483
21.894
21.266
20.599
19.896
19.158
18.389
17.591
16.768
15.921
15.056
14.176
13.285
12.387
11.486
10.587
9.6941
8.811
7.9419
7.0908
6.2614
5.4569
4.6804
3.9347
3.2221
2.5445
1.9036
1.3006
0.73611
0.21069
-0.27563
-0.72309
-1.1323
-1.504
-1.8393
-2.1395
-2.4059
-2.6401
-2.8438
-3.0186
-3.1662
-3.2884
-3.3869
-3.4634
-3.5194
-3.5567
-3.5766
-3.5806
-3.57
-3.5461
-3.51
-3.4627
-3.4053
-3.3386
-3.2635
-3.1807
-3.0908
-2.9945
-2.8922
-2.7845
-2.6718
-2.5545
-2.4329
-2.3073
-2.178
-2.0452
-1.9092
-1.77
-1.628
-1.4833
-1.336
-1.1862
-1.0341
-0.87984
-0.72345
-0.56509
-0.40485
-0.24285
-0.079194
0.086013
0.25266
0.42064
0.58983
0.76011
0.93136
1.1035
1.2763
1.4497
1.6235
1.7976
1.9718
2.146
2.32
2.4936
2.6667
2.839
3.0104
3.1806
3.3496
3.517
3.6826
3.8462
4.0076
4.1666
4.3228
4.4761
4.6262
4.7729
4.9158
5.0548
5.1895
5.3196
5.445
5.5652
5.6801
5.7893
5.8925
5.9895
6.08
6.1637
6.2402
6.3094
6.371
6.4246
6.4701
6.5071
6.5354
6.5548
6.565
6.5659
6.5572
6.5387
6.5103
6.4718
6.4231
6.3642
6.2948
6.2149
6.1246
6.0238
5.9125
5.7908
5.6587
5.5164
5.3641
5.2018
5.0299
4.8485
4.658
4.4587
4.2509
4.035
3.8114
3.5807
3.3431
3.0994
2.8499
2.5954
2.3362
2.0731
1.8067
1.5376
1.2665
0.99396
0.72069
0.44735
0.1746
-0.096898
-0.36651
-0.63358
-0.8975
-1.1577
-1.4135
-1.6644
-1.9098
-2.1493
-2.3823
-2.6084
-2.8272
-3.0382
-3.2412
-3.4356
-3.6214
-3.7981
-3.9656
-4.1237
-4.2721
-4.4107
-4.5395
-4.6583
-4.767
-4.8656
-4.9541
-5.0325
-5.1008
-5.159
-5.2072
-5.2454
-5.2738
-5.2923
-5.3012
-5.3004
-5.2902
-5.2706
-5.2417
-5.2037
-5.1567
-5.1008
-5.0362
-4.963
-4.8812
-4.7911
-4.6928
-4.5864
-4.472
-4.3497
-4.2197
-4.0821
-3.937
-3.7845
-3.6248
-3.4579
-3.2839
-3.1031
-2.9154
-2.721
-2.52
-2.3125
-2.0986
-1.8785
-1.6521
-1.4197
-1.1813
-0.93707
-0.68709
-0.43148
-0.17035
0.096186
0.368
0.64498
0.927
1.2139
1.5056
1.802
2.1028
2.408
2.7174
3.0308
3.3482
3.6692
3.9938
4.3217
4.6527
4.9868
5.3236
5.6629
6.0045
6.3481
6.6936
7.0407
7.389
7.7383
8.0883
8.4387
8.7891
9.1393
9.4888
9.8374
10.184
10.53
10.873
11.213
11.551
11.884
12.214
12.539
12.859
13.173
13.48
13.781
14.074
14.359
14.635
14.901
15.158
15.403
15.636
15.856
16.064
16.257
16.435
16.597
16.742
16.87
16.979
17.069
17.139
17.188
17.215
17.22
17.201
17.158
17.09
16.997
16.878
16.732
16.56
16.359
16.132
15.877
15.593
15.283
14.944
14.579
14.187
13.769
13.326
12.859
12.368
11.856
11.323
10.772
10.203
9.6191
9.0219
8.4136
7.7962
7.1722
6.5436
5.913
5.2825
4.6547
4.0318
3.416
2.8096
2.2146
1.6331
1.0667
0.51737
-0.013504
-0.52451
-1.0144
-1.4823
-1.9272
-2.3485
-2.7457
-3.1184
-3.4666
-3.7902
-4.0892
-4.364
-4.6148
-4.8422
-5.0467
-5.2288
-5.3892
-5.5287
-5.648
-5.7478
-5.8289
-5.892
-5.938
-5.9676
-5.9816
-5.9805
-5.9652
-5.9363
-5.8944
-5.8401
-5.7739
-5.6964
-5.6081
-5.5093
-5.4006
-5.2824
-5.1548
-5.0184
-4.8734
-4.7201
-4.5587
-4.3894
-4.2125
-4.0282
-3.8366
-3.6378
-3.4322
-3.2197
-3.0004
-2.7746
-2.5424
-2.3037
-2.0588
-1.8077
-1.5505
-1.2873
-1.0181
-0.74316
-0.46243
-0.17603
0.11596
0.41344
0.71634
1.0245
1.338
1.6565
1.9801
2.3086
2.6418
2.9798
3.3223
3.6692
4.0204
4.3757
4.7351
5.0982
5.465
5.8353
6.2089
6.5856
6.9652
7.3474
7.7321
8.119
8.5078
8.8983
9.2902
9.6832
10.077
10.471
10.866
11.26
11.653
12.046
12.437
12.826
13.212
13.596
13.977
14.353
14.726
15.093
15.454
15.81
16.158
16.499
16.831
17.154
17.467
17.77
18.061
18.34
18.605
18.856
19.092
19.312
19.515
19.699
19.864
20.01
20.133
20.235
20.313
20.367
20.395
20.397
20.372
20.318
20.235
20.122
19.979
19.804
19.597
19.357
19.085
18.78
18.442
18.071
17.667
17.232
16.764
16.267
15.74
15.184
14.602
13.995
13.364
12.713
12.042
11.356
10.655
9.9437
9.224
8.4991
7.7717
7.0451
6.322
5.6054
4.8982
4.203
3.5226
2.8594
2.2155
1.5931
0.99397
0.41975
-0.12822
-0.64882
-1.1412
-1.6047
-2.0389
-2.4436
-2.8189
-3.165
-3.4823
-3.7712
-4.0325
-4.267
-4.4755
-4.6589
-4.8183
-4.9547
-5.0692
-5.1629
-5.2367
-5.2918
-5.3292
-5.3498
-5.3546
-5.3446
-5.3206
-5.2834
-5.2337
-5.1724
-5.0999
-5.0171
-4.9243
-4.8222
-4.7111
-4.5917
-4.4641
-4.3289
-4.1862
-4.0365
-3.8799
-3.7168
-3.5473
-3.3716
-3.1899
-3.0024
-2.8092
-2.6105
-2.4064
-2.197
-1.9824
-1.7628
-1.5382
-1.3087
-1.0745
-0.83556
-0.5921
-0.34417
-0.091869
0.16469
0.42541
0.69018
0.95889
1.2314
1.5076
1.7874
2.0706
2.3571
2.6468
2.9394
3.2348
3.5329
3.8335
4.1364
4.4413
4.7482
5.0566
5.3666
5.6777
5.9897
6.3025
6.6156
6.9289
7.242
7.5546
7.8664
8.1771
8.4862
8.7935
9.0985
9.4008
9.7
9.9957
10.287
10.575
10.857
11.134
11.405
11.669
11.927
12.177
12.418
12.651
12.875
13.088
13.29
13.482
13.661
13.827
13.98
14.119
14.243
14.351
14.443
14.518
14.576
14.615
14.635
14.636
14.616
14.575
14.513
14.43
14.324
14.195
14.043
13.868
13.67
13.448
13.202
12.933
12.641
12.326
11.988
11.628
11.247
10.845
10.424
9.9836
9.5259
9.0519
8.5629
8.0604
7.546
7.0212
6.4879
5.9477
5.4025
4.8541
4.3045
3.7556
3.2091
2.667
2.131
1.6029
1.0843
0.57686
0.082053
-0.39876
-0.86432
-1.3135
-1.7453
-2.1587
-2.5532
-2.928
-3.2827
-3.6169
-3.9304
-4.2231
-4.4949
-4.7459
-4.9763
-5.1864
-5.3764
-5.5467
-5.6979
-5.8302
-5.9443
-6.0407
-6.1199
-6.1825
-6.2291
-6.2602
-6.2763
-6.278
-6.2659
-6.2404
-6.2021
-6.1514
-6.0888
-6.0146
-5.9294
-5.8334
-5.7271
-5.6107
-5.4846
-5.349
-5.2043
-5.0506
-4.8882
-4.7173
-4.5381
-4.3508
-4.1555
-3.9523
-3.7415
-3.5232
-3.2974
-3.0643
-2.824
-2.5766
-2.3222
-2.0608
-1.7926
-1.5176
-1.2359
-0.94756
-0.6527
-0.35137
-0.043652
0.27039
0.59067
0.91712
1.2497
1.5882
1.9327
2.283
2.639
3.0007
3.3679
3.7406
4.1186
4.5018
4.8902
5.2835
5.6816
6.0845
6.4919
6.9037
7.3197
7.7398
8.1638
8.5915
9.0226
9.4571
9.8945
10.335
10.778
11.223
11.67
12.119
12.569
13.02
13.472
13.924
14.377
14.828
15.279
15.729
16.176
16.622
17.064
17.503
17.938
18.368
18.793
19.212
19.624
20.028
20.424
20.811
21.188
21.554
21.908
22.249
22.576
22.888
23.184
23.462
23.722
23.962
24.181
24.378
24.551
24.699
24.821
24.915
24.98
25.015
25.018
24.989
24.925
24.826
24.69
24.517
24.306
24.055
23.765
23.434
23.063
22.652
22.199
21.707
21.176
20.606
19.998
19.355
18.677
17.967
17.228
16.462
15.671
14.86
14.031
13.187
12.334
11.474
10.612
9.7506
8.895
8.0487
7.2154
6.3987
5.6021
4.8286
4.0812
3.3624
2.6745
2.0193
1.3984
0.8129
0.26366
-0.24885
-0.72446
-1.1633
-1.5659
-1.9328
-2.265
-2.5635
-2.8295
-3.0645
-3.2698
-3.447
-3.5976
-3.7233
-3.8255
-3.9058
-3.9658
-4.0068
-4.0303
-4.0375
-4.0298
-4.0083
-3.9741
-3.9282
-3.8715
-3.8049
-3.7292
-3.6451
-3.5531
-3.454
-3.3483
-3.2363
-3.1186
-2.9955
-2.8673
-2.7344
-2.597
-2.4554
-2.3098
-2.1603
-2.0072
-1.8506
-1.6907
-1.5276
-1.3614
-1.1923
-1.0204
-0.84569
-0.66842
-0.48865
-0.30649
-0.12205
0.064556
0.25322
0.44383
0.63626
0.83038
1.0261
1.2232
1.4216
1.6212
1.8218
2.0232
2.2252
2.4278
2.6307
2.8338
3.0367
3.2395
3.4417
3.6433
3.8439
4.0434
4.2416
4.4381
4.6327
4.8251
5.0151
5.2025
5.3868
5.5678
5.7453
5.9188
6.0881
6.2529
6.4128
6.5675
6.7167
6.8599
6.997
7.1274
7.2509
7.367
7.4755
7.576
7.6681
7.7514
7.8256
7.8904
7.9455
7.9904
8.0249
8.0486
8.0613
8.0626
8.0523
8.0302
7.996
7.9495
7.8906
7.819
7.7347
7.6376
7.5276
7.4047
7.2689
7.1203
6.959
6.7851
6.5988
6.4003
6.1899
5.968
5.7349
5.491
5.2368
4.9728
4.6996
4.4178
4.1279
3.8308
3.527
3.2174
2.9027
2.5837
2.2612
1.9361
1.6092
1.2814
0.9535
0.62639
0.30092
-0.02209
-0.34181
-0.65745
-0.96823
-1.2734
-1.5723
-1.8642
-2.1484
-2.4244
-2.6917
-2.9497
-3.1979
-3.4359
-3.6634
-3.8801
-4.0856
-4.2797
-4.4622
-4.6329
-4.7918
-4.9388
-5.0737
-5.1966
-5.3076
-5.4065
-5.4936
-5.5688
-5.6324
-5.6844
-5.7249
-5.7541
-5.7721
-5.7792
-5.7754
-5.761
-5.7362
-5.701
-5.6558
-5.6006
-5.5357
-5.4612
-5.3774
-5.2842
-5.182
-5.071
-4.9511
-4.8227
-4.6857
-4.5405
-4.3871
-4.2257
-4.0563
-3.8791
-3.6943
-3.5019
-3.302
-3.0948
-2.8803
-2.6588
-2.4302
-2.1946
-1.9523
-1.7032
-1.4474
-1.1852
-0.91644
-0.64137
-0.36004
-0.072566
0.22096
0.52044
0.82577
1.1368
1.4535
1.7758
2.1034
2.4363
2.7744
3.1175
3.4655
3.8183
4.1757
4.5376
4.9037
5.274
5.6483
6.0264
6.4081
6.7931
7.1814
7.5727
7.9667
8.3632
8.7619
9.1626
9.5651
9.969
10.374
10.78
11.186
11.592
11.998
12.403
12.807
13.21
13.611
14.009
14.404
14.796
15.183
15.566
15.944
16.315
16.68
17.038
17.388
17.729
18.061
18.382
18.692
18.99
19.274
19.545
19.801
20.041
20.265
20.47
20.656
20.822
20.966
21.089
21.188
21.262
21.311
21.333
21.327
21.292
21.228
21.133
21.006
20.847
20.655
20.43
20.17
19.876
19.548
19.185
18.788
18.357
17.892
17.395
16.866
16.307
15.719
15.103
14.462
13.797
13.112
12.407
11.687
10.954
10.211
9.4604
8.7061
7.951
7.1982
6.451
5.7123
4.9852
4.2725
3.5769
2.9008
2.2465
1.616
1.0112
0.43361
-0.11557
-0.63531
-1.1249
-1.5838
-2.0118
-2.4088
-2.7752
-3.1112
-3.4175
-3.6947
-3.9436
-4.1653
-4.3607
-4.531
-4.6771
-4.8004
-4.902
-4.983
-5.0445
-5.0878
-5.1138
-5.1236
-5.1182
-5.0985
-5.0655
-5.0198
-4.9625
-4.894
-4.8151
-4.7265
-4.6286
-4.5219
-4.407
-4.2843
-4.1541
-4.0167
-3.8726
-3.7219
-3.565
-3.402
-3.2332
-3.0587
-2.8788
-2.6936
-2.5032
-2.3078
-2.1074
-1.9023
-1.6925
-1.4781
-1.2593
-1.0361
-0.80859
-0.57695
-0.34126
-0.10161
0.14188
0.38911
0.63997
0.89433
1.1521
1.4131
1.6772
1.9443
2.2143
2.4869
2.7621
3.0396
3.3193
3.601
3.8845
4.1696
4.4561
4.7437
5.0323
5.3215
5.6112
5.9011
6.1908
6.4801
6.7688
7.0564
7.3427
7.6273
7.9098
8.19
8.4673
8.7415
9.0121
9.2786
9.5407
9.7978
10.05
10.296
10.535
10.768
10.993
11.21
11.419
11.618
11.808
11.988
12.157
12.314
12.46
12.592
12.711
12.817
12.908
12.983
13.043
13.086
13.113
13.122
13.113
13.085
13.039
12.972
12.886
12.78
12.653
12.506
12.337
12.148
11.937
11.706
11.453
11.18
10.886
10.572
10.239
9.8873
9.5172
9.1297
8.7258
8.3064
7.8727
7.4259
6.9672
6.498
6.0197
5.5338
5.0419
4.5454
4.0461
3.5456
3.0454
2.5472
2.0525
1.563
1.0802
0.60544
0.1402
-0.31425
-0.75667
-1.1859
-1.601
-2.001
-2.385
-2.7524
-3.1026
-3.435
-3.7493
-4.0452
-4.3224
-4.581
-4.8208
-5.042
-5.2446
-5.4289
-5.5952
-5.7436
-5.8746
-5.9885
-6.0858
-6.1668
-6.2321
-6.282
-6.317
-6.3376
-6.3441
-6.3372
-6.3171
-6.2843
-6.2393
-6.1824
-6.1139
-6.0343
-5.9438
-5.8429
-5.7317
-5.6106
-5.4798
-5.3396
-5.1903
-5.0319
-4.8648
-4.6891
-4.505
-4.3126
-4.1121
-3.9036
-3.6873
-3.4633
-3.2316
-2.9924
-2.7458
-2.4919
-2.2307
-1.9624
-1.6871
-1.4047
-1.1154
-0.81925
-0.51634
-0.20673
0.1095
0.43229
0.76156
1.0972
1.4392
1.7875
2.1419
2.5025
2.869
3.2414
3.6196
4.0036
4.3932
4.7883
5.1888
5.5945
6.0054
6.4214
6.8422
7.2677
7.6978
8.1324
8.5712
9.014
9.4607
9.9111
10.365
10.822
11.282
11.745
12.21
12.678
13.147
13.618
14.09
14.563
15.037
15.511
15.984
16.457
16.928
17.398
17.866
18.331
18.792
19.25
19.703
20.151
20.592
21.027
21.455
21.874
22.284
22.683
23.072
23.448
23.811
24.16
24.494
24.811
25.11
25.39
25.65
25.888
26.102
26.293
26.457
26.594
26.701
26.779
26.825
26.837
26.815
26.756
26.66
26.526
26.351
26.136
25.88
25.58
25.238
24.852
24.423
23.95
23.434
22.875
22.275
21.634
20.955
20.239
19.488
18.705
17.892
17.054
16.193
15.314
14.419
13.513
12.602
11.688
10.776
9.8704
8.9759
8.0964
7.2358
6.3978
5.5858
4.8029
4.0518
3.3349
2.6541
2.0109
1.4066
0.84172
0.31675
-0.16835
-0.61393
-1.0206
-1.3893
-1.7212
-2.0176
-2.2801
-2.5101
-2.7094
-2.8799
-3.0232
-3.1411
-3.2355
-3.3081
-3.3604
-3.3942
-3.4109
-3.412
-3.3988
-3.3726
-3.3345
-3.2856
-3.2269
-3.1593
-3.0836
-3.0006
-2.9108
-2.8149
-2.7134
-2.6068
-2.4956
-2.38
-2.2604
-2.1372
-2.0106
-1.8807
-1.748
-1.6124
-1.4743
-1.3337
-1.1908
-1.0458
-0.89867
-0.74964
-0.59881
-0.44627
-0.29213
-0.13651
0.020507
0.1788
0.33826
0.49878
0.66025
0.82254
0.98554
1.1491
1.3131
1.4775
1.642
1.8065
1.9709
2.135
2.2986
2.4617
2.6239
2.7851
2.9452
3.1039
3.2611
3.4164
3.5698
3.721
3.8698
4.0159
4.1592
4.2993
4.4361
4.5693
4.6986
4.8238
4.9447
5.0609
5.1722
5.2784
5.3792
5.4743
5.5635
5.6465
5.723
5.7928
5.8557
5.9113
5.9594
5.9998
6.0323
6.0566
6.0726
6.0799
6.0785
6.0682
6.0487
6.02
5.9819
5.9343
5.8772
5.8104
5.7339
5.6477
5.5517
5.4461
5.3309
5.2061
5.0719
4.9284
4.7758
4.6142
4.444
4.2654
4.0787
3.8842
3.6822
3.4732
3.2576
3.0357
2.8082
2.5753
2.3378
2.096
1.8506
1.602
1.351
1.098
0.8437
0.58864
0.33344
0.078697
-0.17498
-0.42702
-0.67682
-0.92381
-1.1675
-1.4072
-1.6425
-1.8729
-2.0979
-2.3171
-2.5299
-2.7361
-2.9352
-3.1269
-3.3109
-3.4869
-3.6545
-3.8137
-3.9641
-4.1056
-4.238
-4.3613
-4.4752
-4.5798
-4.6749
-4.7605
-4.8366
-4.9032
-4.9604
-5.008
-5.0462
-5.0751
-5.0946
-5.1049
-5.106
-5.0981
-5.0812
-5.0554
-5.0209
-4.9777
-4.926
-4.8659
-4.7974
-4.7208
-4.6361
-4.5434
-4.4429
-4.3346
-4.2188
-4.0954
-3.9647
-3.8267
-3.6816
-3.5294
-3.3703
-3.2043
-3.0317
-2.8524
-2.6667
-2.4746
-2.2762
-2.0716
-1.8609
-1.6443
-1.4219
-1.1937
-0.95994
-0.72065
-0.47597
-0.22601
0.029094
0.28922
0.55425
0.82405
1.0985
1.3774
1.6607
1.9482
2.2397
2.5352
2.8344
3.1371
3.4432
3.7525
4.0649
4.38
4.6977
5.0179
5.3402
5.6644
5.9903
6.3176
6.6461
6.9754
7.3054
7.6356
7.9658
8.2956
8.6248
8.9528
9.2794
9.6042
9.9267
10.247
10.563
10.877
11.186
11.49
11.79
12.084
12.372
12.653
12.926
13.192
13.449
13.698
13.936
14.163
14.38
14.584
14.776
14.954
15.118
15.267
15.4
15.517
15.616
15.697
15.76
15.802
15.825
15.826
15.806
15.764
15.698
15.609
15.496
15.358
15.196
15.008
14.795
14.556
14.293
14.003
13.689
13.349
12.985
12.598
12.187
11.754
11.3
10.826
10.332
9.8219
9.2955
8.7547
8.2015
7.6376
7.0649
6.4854
5.9013
5.3145
4.7272
4.1414
3.5592
2.9827
2.4138
1.8545
1.3065
0.77155
0.25121
-0.25304
-0.7399
-1.2082
-1.6569
-2.0852
-2.4923
-2.8777
-3.2409
-3.5817
-3.9
-4.1957
-4.4689
-4.7199
-4.9488
-5.1562
-5.3424
-5.508
-5.6535
-5.7795
-5.8866
-5.9755
-6.0468
-6.1012
-6.1394
-6.1619
-6.1694
-6.1625
-6.1418
-6.108
-6.0614
-6.0026
-5.9322
-5.8505
-5.758
-5.6551
-5.5421
-5.4195
-5.2875
-5.1464
-4.9964
-4.8379
-4.6711
-4.4961
-4.3132
-4.1225
-3.9243
-3.7185
-3.5055
-3.2852
-3.0579
-2.8237
-2.5826
-2.3347
-2.0801
-1.819
-1.5513
-1.2772
-0.99685
-0.71018
-0.41733
-0.11838
0.18659
0.49751
0.81429
1.1368
1.4651
1.7989
2.1383
2.4831
2.8331
3.1884
3.5487
3.914
4.2842
4.6591
5.0385
5.4224
5.8106
6.2029
6.5991
6.9991
7.4028
7.8097
8.2199
8.6331
9.0489
9.4673
9.8878
10.31
10.735
11.16
11.587
12.014
12.442
12.869
13.297
13.723
14.148
14.572
14.993
15.411
15.827
16.238
16.645
17.047
17.443
17.833
18.216
18.591
18.958
19.315
19.662
19.998
20.321
20.632
20.929
21.21
21.476
21.724
21.954
22.165
22.355
22.523
22.668
22.789
22.885
22.954
22.995
23.007
22.989
22.939
22.858
22.743
22.593
22.409
22.189
21.932
21.639
21.308
20.94
20.535
20.093
19.615
19.101
18.552
17.969
17.354
16.709
16.036
15.336
14.613
13.869
13.106
12.328
11.539
10.741
9.9384
9.1341
8.3318
7.535
6.7472
5.9716
5.2115
4.4698
3.7494
3.0527
2.382
1.7393
1.1262
0.54428
-0.0055371
-0.52245
-1.006
-1.4559
-1.8723
-2.2554
-2.6058
-2.9242
-3.2114
-3.4685
-3.6965
-3.8968
-4.0705
-4.219
-4.3436
-4.4456
-4.5265
-4.5874
-4.6297
-4.6546
-4.6632
-4.6567
-4.6361
-4.6023
-4.5563
-4.499
-4.431
-4.3532
-4.2662
-4.1705
-4.0668
-3.9554
-3.837
-3.7118
-3.5802
-3.4426
-3.2992
-3.1503
-2.9962
-2.837
-2.6729
-2.5042
-2.331
-2.1534
-1.9716
-1.7857
-1.5958
-1.402
-1.2045
-1.0033
-0.79856
-0.5904
-0.37891
-0.16421
0.053612
0.27443
0.49813
0.72459
0.95368
1.1853
1.4192
1.6554
1.8937
2.1339
2.3759
2.6194
2.8644
3.1105
3.3577
3.6058
3.8544
4.1035
4.3527
4.6018
4.8506
5.0988
5.3462
5.5924
5.8372
6.0802
6.3212
6.5599
6.7958
7.0287
7.2582
7.4839
7.7054
7.9224
8.1344
8.3411
8.542
8.7367
8.9247
9.1056
9.2789
9.4442
9.601
9.7488
9.8872
10.016
10.133
10.241
10.336
10.42
10.491
10.549
10.595
10.626
10.643
10.646
10.633
10.605
10.562
10.502
10.426
10.333
10.224
10.098
9.9545
9.7942
9.6168
9.4225
9.2112
8.9833
8.739
8.4786
8.2025
7.9112
7.6052
7.2851
6.9518
6.6058
6.248
5.8794
5.5008
5.1134
4.718
4.316
3.9083
3.4962
3.0809
2.6635
2.2454
1.8278
1.4119
0.99881
0.58981
0.18603
-0.21142
-0.60149
-0.98317
-1.3555
-1.7176
-2.0686
-2.4078
-2.7346
-3.0482
-3.3482
-3.6342
-3.9057
-4.1624
-4.4041
-4.6306
-4.8418
-5.0376
-5.2181
-5.3833
-5.5332
-5.6681
-5.7881
-5.8933
-5.984
-6.0605
-6.123
-6.1718
-6.2072
-6.2295
-6.239
-6.2359
-6.2207
-6.1935
-6.1547
-6.1046
-6.0434
-5.9715
-5.889
-5.7962
-5.6934
-5.5808
-5.4585
-5.3269
-5.1861
-5.0363
-4.8776
-4.7103
-4.5344
-4.3501
-4.1577
-3.9571
-3.7485
-3.532
-3.3078
-3.0759
-2.8365
-2.5896
-2.3354
-2.0738
-1.8051
-1.5292
-1.2464
-0.95651
-0.6598
-0.35629
-0.046058
0.27081
0.59424
0.92415
1.2605
1.6031
1.9519
2.3069
2.668
3.035
3.4079
3.7865
4.1708
4.5606
4.9559
5.3564
5.7621
6.1729
6.5886
7.009
7.4341
7.8636
8.2973
8.7351
9.1769
9.6223
10.071
10.523
10.979
11.437
11.897
12.36
12.824
13.291
13.758
14.226
14.696
15.165
15.634
16.102
16.569
17.035
17.498
17.959
18.417
18.87
19.32
19.764
20.202
20.634
21.058
21.474
21.881
22.279
22.665
23.039
23.401
23.748
24.081
24.397
24.696
24.976
25.236
25.475
25.691
25.883
26.05
26.19
26.301
26.383
26.433
26.451
26.435
26.383
26.295
26.169
26.004
25.798
25.552
25.264
24.933
24.56
24.144
23.685
23.183
22.639
22.055
21.43
20.766
20.066
19.331
18.564
17.768
16.945
16.099
15.234
14.353
13.461
12.561
11.658
10.756
9.8593
8.9723
8.0989
7.2431
6.4086
5.5988
4.8167
4.0652
3.3467
2.6632
2.0163
1.4072
0.83688
0.30567
-0.18627
-0.63918
-1.0536
-1.4303
-1.7704
-2.075
-2.3456
-2.5838
-2.7911
-2.9693
-3.1201
-3.2452
-3.3463
-3.4252
-3.4835
-3.5228
-3.5446
-3.5504
-3.5414
-3.5189
-3.4842
-3.4382
-3.382
-3.3165
-3.2424
-3.1607
-3.0718
-2.9764
-2.8752
-2.7684
-2.6567
-2.5403
-2.4197
-2.2951
-2.1668
-2.035
-1.9
-1.762
-1.6211
-1.4775
-1.3313
-1.1828
-1.0319
-0.87887
-0.72379
-0.56676
-0.40789
-0.24729
-0.085072
0.078666
0.24381
0.41025
0.57787
0.74656
0.91618
1.0866
1.2577
1.4294
1.6015
1.7738
1.9462
2.1186
2.2908
2.4625
2.6337
2.8041
2.9736
3.142
3.309
3.4744
3.638
3.7997
3.9592
4.1161
4.2704
4.4218
4.5699
4.7146
4.8556
4.9927
5.1255
5.2537
5.3772
5.4956
5.6087
5.7162
5.8177
5.913
6.0019
6.084
6.1591
6.2269
6.2871
6.3394
6.3836
6.4195
6.4468
6.4652
6.4746
6.4748
6.4654
6.4464
6.4176
6.3789
6.3301
6.2711
6.2019
6.1223
6.0324
5.9321
5.8215
5.7007
5.5697
5.4285
5.2775
5.1167
4.9464
4.7668
4.5783
4.381
4.1754
3.9618
3.7407
3.5125
3.2777
3.0368
2.7903
2.5387
2.2827
2.0228
1.7596
1.4938
1.2259
0.95675
0.68685
0.41689
0.14752
-0.12063
-0.38691
-0.65069
-0.91137
-1.1683
-1.421
-1.6689
-1.9114
-2.148
-2.3783
-2.6017
-2.8179
-3.0265
-3.2271
-3.4194
-3.6031
-3.7779
-3.9436
-4.0999
-4.2468
-4.384
-4.5114
-4.629
-4.7367
-4.8344
-4.9221
-4.9997
-5.0674
-5.1251
-5.1729
-5.2109
-5.239
-5.2575
-5.2663
-5.2656
-5.2555
-5.2361
-5.2075
-5.1699
-5.1233
-5.0679
-5.0039
-4.9312
-4.8502
-4.7608
-4.6633
-4.5577
-4.4441
-4.3228
-4.1938
-4.0572
-3.9131
-3.7617
-3.6031
-3.4374
-3.2647
-3.0851
-2.8987
-2.7057
-2.5061
-2.3
-2.0876
-1.869
-1.6442
-1.4134
-1.1767
-0.93412
-0.68588
-0.43206
-0.17277
0.091878
0.36176
0.63675
0.91672
1.2016
1.4911
1.7852
2.0838
2.3867
2.6937
3.0047
3.3195
3.638
3.9599
4.2851
4.6134
4.9446
5.2784
5.6148
5.9533
6.2938
6.6361
6.9798
7.3247
7.6705
8.017
8.3637
8.7104
9.0567
9.4023
9.7468
10.09
10.431
10.77
11.106
11.439
11.768
12.092
12.413
12.727
13.036
13.339
13.634
13.922
14.202
14.472
14.733
14.984
15.223
15.45
15.665
15.867
16.054
16.226
16.382
16.521
16.643
16.746
16.831
16.895
16.938
16.959
16.958
16.934
16.886
16.813
16.715
16.591
16.441
16.265
16.061
15.83
15.572
15.287
14.974
14.634
14.268
13.875
13.458
13.015
12.549
12.061
11.551
11.021
10.473
9.9092
9.3303
8.7387
8.1364
7.5257
6.9087
6.2876
5.6649
5.0428
4.4235
3.8094
3.2026
2.6053
2.0195
1.4471
0.8899
0.34959
-0.17238
-0.67467
-1.1561
-1.6157
-2.0527
-2.4665
-2.8564
-3.2223
-3.564
-3.8814
-4.1748
-4.4442
-4.6901
-4.913
-5.1132
-5.2915
-5.4484
-5.5846
-5.7009
-5.798
-5.8766
-5.9375
-5.9814
-6.0091
-6.0213
-6.0187
-6.0019
-5.9715
-5.9283
-5.8727
-5.8053
-5.7266
-5.6371
-5.5372
-5.4273
-5.3079
-5.1791
-5.0415
-4.8952
-4.7405
-4.5778
-4.4071
-4.2287
-4.0429
-3.8497
-3.6493
-3.4419
-3.2276
-3.0065
-2.7788
-2.5445
-2.3038
-2.0567
-1.8034
-1.5439
-1.2783
-1.0066
-0.72912
-0.44575
-0.15663
0.13816
0.43854
0.74441
1.0557
1.3723
1.6941
2.021
2.3529
2.6897
3.0313
3.3775
3.7283
4.0835
4.4429
4.8064
5.1738
5.5451
5.9199
6.2981
6.6796
7.0641
7.4514
7.8412
8.2334
8.6277
9.0239
9.4215
9.8205
10.22
10.621
11.022
11.422
11.823
12.222
12.62
13.016
13.411
13.802
14.191
14.575
14.956
15.332
15.702
16.066
16.424
16.774
17.116
17.448
17.772
18.085
18.386
18.675
18.951
19.213
19.46
19.691
19.905
20.101
20.278
20.435
20.57
20.684
20.773
20.839
20.879
20.892
20.877
20.835
20.762
20.66
20.526
20.36
20.162
19.93
19.666
19.367
19.035
18.669
18.27
17.837
17.372
16.876
16.348
15.791
15.206
14.595
13.96
13.302
12.624
11.928
11.217
10.495
9.7627
9.0243
8.2827
7.5409
6.8019
6.0689
5.3448
4.6324
3.9345
3.2536
2.5922
1.9523
1.336
0.745
0.18065
-0.35579
-0.86338
-1.3414
-1.7895
-2.2073
-2.5949
-2.9525
-3.2804
-3.5793
-3.8498
-4.0926
-4.3088
-4.4993
-4.6651
-4.8073
-4.9271
-5.0255
-5.1037
-5.1627
-5.2037
-5.2276
-5.2355
-5.2284
-5.2071
-5.1724
-5.1253
-5.0664
-4.9963
-4.9159
-4.8256
-4.7259
-4.6175
-4.5006
-4.3758
-4.2434
-4.1038
-3.9572
-3.8039
-3.6442
-3.4783
-3.3064
-3.1287
-2.9453
-2.7564
-2.5622
-2.3628
-2.1583
-1.9488
-1.7344
-1.5153
-1.2915
-1.0631
-0.83032
-0.59316
-0.35174
-0.10617
0.14346
0.39702
0.65442
0.91553
1.1802
1.4484
1.7199
1.9946
2.2724
2.5531
2.8365
3.1225
3.411
3.7016
3.9943
4.2888
4.5849
4.8825
5.1812
5.4808
5.7812
6.0819
6.3828
6.6835
6.9838
7.2833
7.5818
7.8788
8.174
8.4671
8.7576
9.0452
9.3294
9.6099
9.8861
10.158
10.424
10.685
10.939
11.187
11.428
11.66
11.885
12.1
12.306
12.502
12.687
12.86
13.021
13.17
13.305
13.427
13.533
13.624
13.699
13.758
13.799
13.822
13.827
13.813
13.779
13.725
13.65
13.554
13.437
13.298
13.138
12.955
12.75
12.523
12.273
12.002
11.709
11.394
11.058
10.703
10.327
9.9328
9.5204
9.0911
8.646
8.1862
7.7131
7.228
6.7326
6.2283
5.7168
5.1996
4.6787
4.1556
3.6321
3.1099
2.5908
2.0765
1.5687
1.0688
0.5784
0.098993
-0.36812
-0.82169
-1.2606
-1.6838
-2.0904
-2.4796
-2.8507
-3.2032
-3.5367
-3.8508
-4.1453
-4.4201
-4.6753
-4.9107
-5.1267
-5.3234
-5.5011
-5.6602
-5.8009
-5.9239
-6.0294
-6.1179
-6.1901
-6.2463
-6.287
-6.3128
-6.3242
-6.3216
-6.3055
-6.2764
-6.2348
-6.181
-6.1155
-6.0387
-5.9508
-5.8524
-5.7436
-5.6248
-5.4964
-5.3584
-5.2113
-5.0552
-4.8903
-4.7169
-4.535
-4.345
-4.1469
-3.9409
-3.7271
-3.5056
-3.2765
-3.0401
-2.7963
-2.5452
-2.287
-2.0217
-1.7495
-1.4703
-1.1843
-0.8915
-0.59204
-0.28597
0.026644
0.34573
0.6712
1.003
1.341
1.6852
2.0355
2.3918
2.7539
3.1219
3.4956
3.875
4.2598
4.6501
5.0456
5.4463
5.8521
6.2627
6.6782
7.0982
7.5227
7.9515
8.3845
8.8213
9.2619
9.706
10.153
10.604
11.057
11.513
11.972
12.432
12.894
13.357
13.822
14.287
14.753
15.218
15.683
16.147
16.61
17.07
17.528
17.984
18.435
18.883
19.325
19.763
20.193
20.617
21.033
21.441
21.839
22.226
22.602
22.966
23.316
23.652
23.972
24.276
24.561
24.827
25.072
25.296
25.496
25.672
25.821
25.943
26.037
26.1
26.131
26.129
26.093
26.02
25.911
25.764
25.578
25.351
25.084
24.774
24.423
24.029
23.593
23.115
22.595
22.034
21.432
20.792
20.115
19.403
18.658
17.882
17.079
16.252
15.404
14.539
13.66
12.772
11.879
10.985
10.094
9.2109
8.3391
7.4826
6.6453
5.8307
5.042
4.2821
3.5535
2.8585
2.1988
1.5758
0.99059
0.44381
-0.064264
-0.53367
-0.96476
-1.3582
-1.7148
-2.0358
-2.3224
-2.5761
-2.7984
-2.9909
-3.1553
-3.2933
-3.4066
-3.497
-3.5659
-3.6151
-3.646
-3.6601
-3.6587
-3.6432
-3.6147
-3.5744
-3.5232
-3.4621
-3.392
-3.3136
-3.2276
-3.1346
-3.0354
-2.9302
-2.8197
-2.7041
-2.584
-2.4595
-2.3311
-2.1989
-2.0631
-1.9241
-1.7819
-1.6368
-1.4889
-1.3383
-1.1852
-1.0297
-0.87189
-0.71191
-0.54987
-0.38588
-0.22003
-0.052444
0.11677
0.28751
0.45966
0.6331
0.80771
0.98337
1.1599
1.3373
1.5153
1.6938
1.8726
2.0516
2.2306
2.4095
2.588
2.7661
2.9434
3.1198
3.2952
3.4692
3.6417
3.8124
3.9811
4.1477
4.3117
4.473
4.6314
4.7866
4.9382
5.0861
5.2299
5.3694
5.5043
5.6343
5.7591
5.8785
5.992
6.0995
6.2006
6.295
6.3824
6.4626
6.5352
6.5999
6.6566
6.7048
6.7443
6.7749
6.7963
6.8082
6.8105
6.8029
6.7852
6.7573
6.719
6.6701
6.6105
6.5402
6.459
6.367
6.2641
6.1503
6.0256
5.8903
5.7443
5.5878
5.421
5.2442
5.0576
4.8614
4.656
4.4418
4.2192
3.9886
3.7504
3.5052
3.2536
2.996
2.733
2.4654
2.1936
1.9184
1.6403
1.3602
1.0786
0.79628
0.51392
0.2322
-0.048189
-0.32657
-0.60228
-0.87466
-1.1431
-1.407
-1.6657
-1.9187
-2.1654
-2.4054
-2.6382
-2.8632
-3.0803
-3.2888
-3.4886
-3.6793
-3.8606
-4.0324
-4.1943
-4.3462
-4.4881
-4.6196
-4.7409
-4.8518
-4.9523
-5.0423
-5.1219
-5.1911
-5.25
-5.2986
-5.337
-5.3652
-5.3834
-5.3917
-5.3901
-5.3789
-5.3581
-5.3279
-5.2884
-5.2397
-5.1819
-5.1153
-5.0399
-4.9559
-4.8634
-4.7625
-4.6534
-4.5362
-4.4111
-4.2781
-4.1373
-3.989
-3.8332
-3.67
-3.4996
-3.322
-3.1374
-2.9459
-2.7476
-2.5426
-2.3309
-2.1128
-1.8883
-1.6575
-1.4206
-1.1775
-0.92851
-0.67365
-0.41305
-0.14681
0.12496
0.40213
0.68459
0.97221
1.2649
1.5625
1.8648
2.1718
2.4833
2.7991
3.1192
3.4432
3.7712
4.1028
4.438
4.7765
5.1181
5.4626
5.8099
6.1597
6.5117
6.8657
7.2214
7.5787
7.9372
8.2965
8.6565
9.0168
9.3769
9.7367
10.096
10.454
10.81
11.164
11.516
11.865
12.211
12.552
12.89
13.222
13.549
13.87
14.184
14.49
14.789
15.079
15.36
15.63
15.89
16.138
16.373
16.595
16.803
16.996
17.173
17.334
17.477
17.601
17.706
17.79
17.854
17.895
17.914
17.908
17.878
17.823
17.742
17.634
17.499
17.336
17.145
16.925
16.676
16.399
16.092
15.757
15.394
15.002
14.583
14.138
13.666
13.17
12.651
12.109
11.547
10.967
10.37
9.7576
9.133
8.4981
7.8552
7.2068
6.5553
5.9032
5.2529
4.607
3.9677
3.3376
2.7188
2.1133
1.5234
0.95062
0.39682
-0.13656
-0.64821
-1.137
-1.602
-2.0425
-2.458
-2.848
-3.2123
-3.551
-3.8642
-4.1521
-4.415
-4.6535
-4.8682
-5.0596
-5.2285
-5.3757
-5.5019
-5.6079
-5.6947
-5.763
-5.8137
-5.8475
-5.8653
-5.8678
-5.8558
-5.8299
-5.7909
-5.7394
-5.6759
-5.6011
-5.5154
-5.4193
-5.3133
-5.1977
-5.0731
-4.9396
-4.7976
-4.6475
-4.4894
-4.3236
-4.1504
-3.9699
-3.7823
-3.5878
-3.3865
-3.1787
-2.9643
-2.7435
-2.5165
-2.2833
-2.0441
-1.7989
-1.5478
-1.291
-1.0284
-0.76031
-0.48665
-0.20757
0.07685
0.36652
0.66134
0.96122
1.2661
1.5758
1.8902
2.2093
2.5328
2.8608
3.193
3.5294
3.8697
4.2138
4.5617
4.913
5.2676
5.6254
5.9861
6.3495
6.7154
7.0837
7.4539
7.826
8.1996
8.5745
8.9503
9.3268
9.7036
10.08
10.457
10.832
11.207
11.58
11.951
12.32
12.685
13.048
13.406
13.76
14.109
14.453
14.79
15.12
15.443
15.757
16.063
16.359
16.645
16.919
17.181
17.431
17.666
17.887
18.093
18.282
18.453
18.606
18.74
18.853
18.945
19.015
19.062
19.084
19.082
19.054
18.998
18.916
18.805
18.665
18.495
18.296
18.066
17.805
17.514
17.192
16.839
16.456
16.043
15.6
15.129
14.631
14.106
13.556
12.983
12.389
11.774
11.142
10.494
9.8333
9.1618
8.4824
7.7975
7.1099
6.4223
5.7374
5.0578
4.3863
3.7252
3.0771
2.4441
1.8285
1.2321
0.6567
0.10383
-0.42518
-0.92919
-1.4073
-1.8588
-2.2833
-2.6804
-3.0501
-3.3924
-3.7076
-3.996
-4.2582
-4.4948
-4.7065
-4.894
-5.0583
-5.2002
-5.3207
-5.4207
-5.501
-5.5628
-5.6068
-5.634
-5.6452
-5.6414
-5.6232
-5.5914
-5.5468
-5.4901
-5.4217
-5.3425
-5.2528
-5.1531
-5.044
-4.9259
-4.7991
-4.664
-4.5209
-4.3701
-4.2119
-4.0465
-3.8741
-3.695
-3.5093
-3.3171
-3.1187
-2.9141
-2.7036
-2.4871
-2.2649
-2.0371
-1.8036
-1.5647
-1.3204
-1.0709
-0.81617
-0.55635
-0.29153
-0.021809
0.25272
0.53195
0.81579
1.1041
1.3968
1.6938
1.995
2.3001
2.6092
2.922
3.2384
3.5582
3.8813
4.2076
4.5368
4.8687
5.2032
5.54
5.879
6.2199
6.5624
6.9063
7.2514
7.5973
7.9439
8.2906
8.6374
8.9837
9.3293
9.6739
10.017
10.358
10.697
11.033
11.366
11.695
12.02
12.341
12.656
12.965
13.268
13.564
13.852
14.133
14.404
14.666
14.917
15.157
15.386
15.602
15.805
15.993
16.167
16.325
16.466
16.59
16.696
16.782
16.849
16.894
16.919
16.92
16.899
16.854
16.785
16.69
16.57
16.424
16.251
16.051
15.824
15.57
15.288
14.98
14.644
14.282
13.894
13.48
13.042
12.579
12.095
11.589
11.063
10.518
9.9574
9.3815
8.7926
8.1929
7.5844
6.9693
6.3499
5.7285
5.1073
4.4887
3.8749
3.2682
2.6706
2.0842
1.5109
0.95249
0.41071
-0.11297
-0.61721
-1.1008
-1.5628
-2.0023
-2.4187
-2.8114
-3.1802
-3.5248
-3.8453
-4.1416
-4.4141
-4.6631
-4.8889
-5.0921
-5.2733
-5.4331
-5.5721
-5.6912
-5.7909
-5.8721
-5.9355
-5.9818
-6.0118
-6.0262
-6.0257
-6.0109
-5.9825
-5.9411
-5.8873
-5.8216
-5.7445
-5.6565
-5.5581
-5.4497
-5.3315
-5.2041
-5.0677
-4.9226
-4.7691
-4.6074
-4.4378
-4.2605
-4.0756
-3.8833
-3.6839
-3.4773
-3.2639
-3.0436
-2.8167
-2.5832
-2.3432
-2.0968
-1.8442
-1.5853
-1.3203
-1.0493
-0.77239
-0.48957
-0.20098
0.093309
0.39321
0.69863
1.0095
1.3257
1.6471
1.9737
2.3053
2.6419
2.9832
3.3293
3.6799
4.0349
4.3942
4.7577
5.1252
5.4964
5.8713
6.2497
6.6314
7.0161
7.4037
7.7939
8.1866
8.5813
8.978
9.3763
9.7759
10.177
10.578
10.98
11.381
11.783
12.183
12.583
12.98
13.376
13.769
14.159
14.546
14.929
15.306
15.679
16.045
16.405
16.758
17.103
17.439
17.765
18.081
18.386
18.679
18.959
19.225
19.476
19.711
19.93
20.13
20.312
20.474
20.615
20.733
20.829
20.9
20.946
20.965
20.957
20.92
20.854
20.758
20.631
20.472
20.28
20.056
19.798
19.506
19.18
18.821
18.427
18.001
17.541
17.05
16.527
15.975
15.394
14.787
14.154
13.499
12.823
12.129
11.419
10.696
9.9637
9.2242
8.4808
7.7366
6.9947
6.2581
5.5298
4.8127
4.1097
3.4232
2.7558
2.1097
1.4869
0.88909
0.31784
-0.2256
-0.74024
-1.2253
-1.6804
-2.1051
-2.4995
-2.8637
-3.1981
-3.5031
-3.7796
-4.0281
-4.2498
-4.4454
-4.6161
-4.763
-4.8871
-4.9897
-5.0717
-5.1344
-5.1788
-5.2059
-5.2169
-5.2125
-5.1939
-5.1617
-5.1169
-5.0602
-4.9923
-4.9139
-4.8255
-4.7277
-4.621
-4.5059
-4.3828
-4.2521
-4.114
-3.969
-3.8173
-3.6591
-3.4947
-3.3244
-3.1482
-2.9663
-2.779
-2.5863
-2.3884
-2.1854
-1.9775
-1.7647
-1.5472
-1.325
-1.0983
-0.86709
-0.63158
-0.39182
-0.14793
0.099997
0.35185
0.60752
0.8669
1.1299
1.3963
1.666
1.9389
2.2149
2.4938
2.7754
3.0595
3.3461
3.6349
3.9258
4.2184
4.5127
4.8084
5.1052
5.403
5.7015
6.0004
6.2994
6.5983
6.8968
7.1945
7.4911
7.7864
8.0798
8.3711
8.6599
8.9458
9.2284
9.5072
9.7819
10.052
10.317
10.576
10.829
11.076
11.315
11.546
11.77
11.984
12.189
12.384
12.568
12.74
12.901
13.049
13.184
13.305
13.412
13.503
13.578
13.637
13.679
13.703
13.708
13.695
13.662
13.609
13.536
13.442
13.327
13.191
13.032
12.852
12.65
12.425
12.179
11.911
11.621
11.31
10.979
10.627
10.255
9.8652
9.4571
9.0322
8.5914
8.1361
7.6675
7.187
6.696
6.1961
5.6889
5.176
4.6592
4.14
3.6204
3.1018
2.5862
2.0751
1.5702
1.0731
0.58525
0.10808
-0.35705
-0.80891
-1.2463
-1.6684
-2.074
-2.4625
-2.8332
-3.1855
-3.519
-3.8333
-4.1282
-4.4037
-4.6595
-4.8959
-5.1129
-5.3108
-5.4897
-5.6501
-5.7923
-5.9167
-6.0238
-6.1139
-6.1877
-6.2455
-6.2878
-6.3152
-6.3282
-6.3272
-6.3128
-6.2852
-6.2451
-6.1929
-6.1288
-6.0534
-5.967
-5.8699
-5.7624
-5.6449
-5.5177
-5.381
-5.235
-5.08
-4.9162
-4.7439
-4.563
-4.374
-4.1768
-3.9717
-3.7587
-3.5381
-3.3099
-3.0742
-2.8311
-2.5808
-2.3233
-2.0586
-1.787
-1.5084
-1.2229
-0.93069
-0.63173
-0.32613
-0.013963
0.3047
0.6298
0.96123
1.2989
1.6428
1.9929
2.3489
2.7109
3.0787
3.4523
3.8316
4.2164
4.6066
5.0022
5.403
5.8089
6.2197
6.6354
7.0557
7.4805
7.9097
8.3431
8.7804
9.2216
9.6663
10.114
10.566
11.02
11.477
11.936
12.398
12.861
13.325
13.791
14.258
14.725
15.192
15.659
16.125
16.589
17.052
17.513
17.971
18.425
18.875
19.321
19.761
20.195
20.623
21.042
21.454
21.856
22.248
22.628
22.997
23.352
23.693
24.019
24.328
24.619
24.892
25.144
25.374
25.581
25.764
25.921
26.051
26.153
26.224
26.264
26.271
26.244
26.181
26.081
25.943
25.766
25.549
25.291
24.991
24.649
24.265
23.837
23.368
22.856
22.302
21.708
21.075
20.404
19.697
18.956
18.185
17.385
16.559
15.712
14.847
13.967
13.077
12.181
11.283
10.387
9.4979
8.6192
7.7552
6.9096
6.0861
5.288
4.5182
3.7794
3.0739
2.4036
1.77
1.1741
0.61689
0.098537
-0.38088
-0.82166
-1.2244
-1.59
-1.9194
-2.214
-2.4752
-2.7045
-2.9036
-3.0741
-3.2178
-3.3364
-3.4315
-3.5049
-3.5581
-3.5928
-3.6103
-3.6121
-3.5995
-3.5737
-3.5358
-3.487
-3.428
-3.36
-3.2835
-3.1994
-3.1083
-3.0107
-2.9073
-2.7985
-2.6847
-2.5662
-2.4434
-2.3167
-2.1862
-2.0522
-1.915
-1.7747
-1.6314
-1.4854
-1.3368
-1.1857
-1.0322
-0.87653
-0.71871
-0.55888
-0.39715
-0.23361
-0.06839
0.098418
0.2667
0.43634
0.60722
0.77923
0.95223
1.1261
1.3007
1.476
1.6516
1.8276
2.0037
2.1799
2.3558
2.5314
2.7064
2.8807
3.0541
3.2264
3.3973
3.5668
3.7344
3.9001
4.0635
4.2245
4.3827
4.5381
4.6902
4.8388
4.9837
5.1246
5.2612
5.3932
5.5204
5.6424
5.759
5.8699
5.9749
6.0735
6.1655
6.2506
6.3286
6.3992
6.462
6.5168
6.5633
6.6013
6.6305
6.6506
6.6615
6.6629
6.6546
6.6364
6.6082
6.5697
6.521
6.4617
6.3919
6.3115
6.2205
6.1188
6.0065
5.8836
5.7502
5.6064
5.4524
5.2883
5.1144
4.9309
4.7381
4.5364
4.326
4.1074
3.8811
3.6473
3.4068
3.1598
2.9071
2.6492
2.3867
2.1202
1.8502
1.5776
1.3029
1.0267
0.74986
0.47294
0.19663
-0.078399
-0.35149
-0.62199
-0.88927
-1.1527
-1.4117
-1.6657
-1.9142
-2.1565
-2.3923
-2.621
-2.8423
-3.0557
-3.2609
-3.4575
-3.6452
-3.8237
-3.9929
-4.1525
-4.3023
-4.4422
-4.572
-4.6918
-4.8014
-4.9007
-4.9898
-5.0687
-5.1373
-5.1958
-5.2441
-5.2824
-5.3107
-5.3291
-5.3377
-5.3366
-5.326
-5.3059
-5.2765
-5.2378
-5.1901
-5.1335
-5.0681
-4.9939
-4.9113
-4.8202
-4.7208
-4.6133
-4.4978
-4.3744
-4.2431
-4.1043
-3.9579
-3.804
-3.6429
-3.4746
-3.2991
-3.1168
-2.9275
-2.7316
-2.5289
-2.3198
-2.1042
-1.8822
-1.6541
-1.4198
-1.1795
-0.93338
-0.68143
-0.4238
-0.1606
0.10805
0.38203
0.66123
0.94551
1.2348
1.5288
1.8276
2.1309
2.4387
2.7507
3.0668
3.3868
3.7106
4.0381
4.3689
4.7029
5.04
5.3799
5.7225
6.0673
6.4144
6.7633
7.1138
7.4657
7.8187
8.1725
8.5267
8.8811
9.2353
9.589
9.9417
10.293
10.643
10.99
11.335
11.677
12.016
12.35
12.68
13.005
13.324
13.637
13.943
14.241
14.532
14.813
15.085
15.347
15.598
15.837
16.064
16.277
16.476
16.659
16.827
16.979
17.112
17.228
17.324
17.399
17.454
17.486
17.496
17.483
17.445
17.382
17.293
17.179
17.037
16.868
16.671
16.447
16.194
15.913
15.603
15.266
14.901
14.509
14.091
13.646
13.177
12.684
12.169
11.632
11.077
10.503
9.9138
9.3106
8.6957
8.0712
7.4396
6.8031
6.164
5.5249
4.8882
4.2561
3.631
3.0152
2.4107
1.8197
1.2441
0.6855
0.1456
-0.37421
-0.87268
-1.3487
-1.8015
-2.2303
-2.6347
-3.0142
-3.3687
-3.6981
-4.0027
-4.2825
-4.5381
-4.7698
-4.9782
-5.1639
-5.3277
-5.4701
-5.5921
-5.6943
-5.7775
-5.8427
-5.8905
-5.9217
-5.9371
-5.9374
-5.9234
-5.8956
-5.8548
-5.8016
-5.7364
-5.6599
-5.5726
-5.4749
-5.3672
-5.25
-5.1235
-4.9883
-4.8444
-4.6923
-4.5322
-4.3642
-4.1888
-4.0059
-3.8158
-3.6187
-3.4147
-3.204
-2.9867
-2.7628
-2.5326
-2.296
-2.0533
-1.8045
-1.5496
-1.2889
-1.0223
-0.74998
-0.47198
-0.18841
0.10065
0.39511
0.69488
0.99986
1.31
1.6251
1.9451
2.2699
2.5994
2.9335
3.272
3.6149
3.9618
4.3128
4.6677
5.0262
5.3883
5.7537
6.1223
6.4938
6.8681
7.2449
7.624
8.0051
8.388
8.7724
9.158
9.5446
9.9317
10.319
10.706
11.093
11.479
11.864
12.247
12.629
13.007
13.382
13.754
14.122
14.485
14.843
15.195
15.54
15.878
16.209
16.531
16.843
17.145
17.437
17.716
17.983
18.237
18.476
18.7
18.907
19.097
19.269
19.422
19.554
19.665
19.754
19.819
19.861
19.876
19.866
19.828
19.763
19.668
19.544
19.39
19.204
18.988
18.739
18.459
18.146
17.802
17.425
17.017
16.578
16.109
15.61
15.083
14.529
13.95
13.347
12.722
12.078
11.416
10.739
10.049
9.3503
8.6441
7.9337
7.2219
6.5117
5.8058
5.1071
4.4182
3.7418
3.0804
2.4363
1.8115
1.208
0.62759
0.071671
-0.45848
-0.96182
-1.4376
-1.8852
-2.3042
-2.6947
-3.0565
-3.3899
-3.6953
-3.9733
-4.2245
-4.4496
-4.6495
-4.825
-4.9773
-5.1071
-5.2156
-5.3038
-5.3727
-5.4232
-5.4564
-5.4732
-5.4744
-5.461
-5.4339
-5.3936
-5.3411
-5.2768
-5.2016
-5.1159
-5.0204
-4.9154
-4.8015
-4.679
-4.5484
-4.41
-4.264
-4.1108
-3.9507
-3.7838
-3.6103
-3.4306
-3.2446
-3.0527
-2.8549
-2.6513
-2.4422
-2.2276
-2.0076
-1.7823
-1.5519
-1.3164
-1.0759
-0.83054
-0.58041
-0.3256
-0.066202
0.19768
0.46594
0.73847
1.0152
1.2959
1.5806
1.8691
2.1612
2.4569
2.7559
3.0582
3.3636
3.6718
3.9828
4.2964
4.6123
4.9303
5.2503
5.572
5.8951
6.2195
6.5449
6.8709
7.1974
7.5239
7.8503
8.1762
8.5012
8.825
9.1472
9.4674
9.7853
10.1
10.412
10.72
11.024
11.324
11.618
11.906
12.189
12.464
12.732
12.992
13.244
13.486
13.718
13.94
14.15
14.349
14.534
14.706
14.864
15.007
15.135
15.245
15.339
15.415
15.472
15.509
15.526
15.523
15.498
15.451
15.381
15.288
15.171
15.031
14.865
14.675
14.46
14.22
13.956
13.666
13.351
13.013
12.65
12.264
11.856
11.426
10.976
10.506
10.018
9.5128
8.9925
8.4585
7.9125
7.3563
6.7918
6.221
5.6458
5.0683
4.4905
3.9145
3.3423
2.7758
2.217
1.6677
1.1296
0.60448
0.09378
-0.40107
-0.8788
-1.3383
-1.7785
-2.1987
-2.5981
-2.9762
-3.3326
-3.667
-3.9793
-4.2694
-4.5375
-4.7838
-5.0085
-5.2119
-5.3946
-5.557
-5.6996
-5.8231
-5.9279
-6.0148
-6.0843
-6.1371
-6.1739
-6.1951
-6.2015
-6.1937
-6.1721
-6.1374
-6.09
-6.0306
-5.9594
-5.8771
-5.784
-5.6804
-5.5668
-5.4434
-5.3107
-5.1688
-5.0181
-4.8587
-4.691
-4.5151
-4.3312
-4.1394
-3.94
-3.7331
-3.5188
-3.2972
-3.0685
-2.8327
-2.5901
-2.3406
-2.0843
-1.8214
-1.5519
-1.2759
-0.99343
-0.70467
-0.40965
-0.10844
0.19888
0.51223
0.83152
1.1567
1.4876
1.8243
2.1665
2.5142
2.8674
3.2258
3.5894
3.9581
4.3318
4.7102
5.0934
5.4811
5.8732
6.2696
6.67
7.0744
7.4825
7.8941
8.309
8.727
9.148
9.5715
9.9975
10.426
10.856
11.287
11.72
12.153
12.587
13.022
13.456
13.89
14.322
14.753
15.182
15.609
16.032
16.452
16.868
17.28
17.685
18.085
18.478
18.863
19.241
19.609
19.967
20.314
20.649
20.972
21.281
21.575
21.854
22.116
22.359
22.583
22.787
22.97
23.129
23.265
23.375
23.459
23.515
23.542
23.538
23.503
23.436
23.335
23.2
23.029
22.822
22.577
22.296
21.976
21.618
21.222
20.789
20.317
19.809
19.264
18.685
18.072
17.427
16.752
16.049
15.321
14.57
13.8
13.013
12.212
11.401
10.584
9.7647
8.9457
8.1311
7.3246
6.5295
5.7493
4.9871
4.2457
3.528
2.8364
2.1729
1.5394
0.93745
0.36822
-0.16741
-0.66888
-1.1359
-1.5685
-1.9669
-2.3316
-2.6633
-2.9629
-3.2314
-3.47
-3.6799
-3.8625
-4.019
-4.1509
-4.2597
-4.3466
-4.4131
-4.4604
-4.49
-4.5029
-4.5004
-4.4835
-4.4534
-4.4108
-4.3568
-4.2921
-4.2176
-4.1338
-4.0415
-3.9411
-3.8333
-3.7184
-3.5969
-3.4692
-3.3356
-3.1964
-3.052
-2.9024
-2.748
-2.589
-2.4255
-2.2578
-2.0859
-1.9099
-1.7302
-1.5466
-1.3595
-1.1688
-0.97472
-0.77734
-0.57677
-0.3731
-0.16647
0.043038
0.25529
0.47019
0.6876
0.90739
1.1294
1.3536
1.5798
1.8078
2.0374
2.2686
2.5011
2.7348
2.9695
3.205
3.441
3.6774
3.914
4.1505
4.3867
4.6224
4.8572
5.091
5.3234
5.5541
5.783
6.0096
6.2336
6.4548
6.6727
6.887
7.0975
7.3036
7.5051
7.7016
7.8926
8.0777
8.2566
8.4288
8.5939
8.7514
8.901
9.0422
9.1744
9.2974
9.4106
9.5135
9.6058
9.687
9.7566
9.8142
9.8594
9.8917
9.9108
9.9164
9.9079
9.8851
9.8477
9.7953
9.7278
9.6449
9.5463
9.4321
9.302
9.1561
8.9942
8.8165
8.6231
8.4142
8.1898
7.9505
7.6964
7.428
7.1458
6.8504
6.5422
6.2221
5.8907
5.5489
5.1974
4.8372
4.4692
4.0944
3.7139
3.3287
2.9398
2.5484
2.1557
1.7626
1.3704
0.98014
0.59292
0.2098
-0.16817
-0.53999
-0.90472
-1.2614
-1.6093
-1.9474
-2.2752
-2.5919
-2.8968
-3.1895
-3.4695
-3.7363
-3.9897
-4.2292
-4.4546
-4.6659
-4.8629
-5.0454
-5.2136
-5.3674
-5.5069
-5.6321
-5.7433
-5.8406
-5.9242
-5.9942
-6.051
-6.0947
-6.1256
-6.1439
-6.15
-6.144
-6.1263
-6.0971
-6.0566
-6.0052
-5.943
-5.8703
-5.7873
-5.6943
-5.5915
-5.479
-5.3572
-5.2261
-5.0859
-4.9369
-4.7791
-4.6128
-4.4381
-4.2551
-4.0639
-3.8648
-3.6577
-3.4428
-3.2203
-2.9902
-2.7526
-2.5076
-2.2553
-1.9959
-1.7293
-1.4557
-1.1752
-0.88775
-0.59357
-0.2927
0.014784
0.3288
0.64925
0.97607
1.3092
1.6484
1.9938
2.3451
2.7024
3.0655
3.4342
3.8085
4.1884
4.5735
4.9639
5.3594
5.7598
6.1651
6.5751
6.9895
7.4083
7.8313
8.2583
8.689
9.1234
9.5611
10.002
10.446
10.892
11.341
11.792
12.245
12.699
13.155
13.611
14.068
14.525
14.981
15.437
15.891
16.344
16.795
17.243
17.687
18.128
18.564
18.995
19.42
19.838
20.249
20.652
21.046
21.43
21.803
22.164
22.513
22.847
23.167
23.471
23.757
24.025
24.274
24.501
24.706
24.888
25.045
25.175
25.278
25.352
25.396
25.407
25.386
25.33
25.239
25.111
24.946
24.742
24.498
24.214
23.889
23.523
23.116
22.668
22.179
21.649
21.081
20.474
19.83
19.151
18.439
17.696
16.925
16.129
15.311
14.475
13.623
12.76
11.89
11.017
10.144
9.2765
8.4175
7.5713
6.7414
5.9313
5.1445
4.3837
3.6518
2.9509
2.2832
1.6501
1.053
0.49276
-0.030195
-0.51562
-0.96364
-1.3747
-1.7494
-2.0887
-2.3937
-2.6656
-2.9059
-3.116
-3.2974
-3.4519
-3.5809
-3.6861
-3.7691
-3.8315
-3.8746
-3.9001
-3.9091
-3.9031
-3.8832
-3.8506
-3.8062
-3.7511
-3.6861
-3.612
-3.5296
-3.4395
-3.3423
-3.2386
-3.1288
-3.0134
-2.8928
-2.7672
-2.6371
-2.5027
-2.3642
-2.2218
-2.0759
-1.9265
-1.7737
-1.6179
-1.459
-1.2972
-1.1327
-0.96561
-0.79594
-0.62386
-0.44948
-0.27289
-0.094216
0.08644
0.26896
0.45324
0.63915
0.82656
1.0154
1.2054
1.3966
1.5887
1.7816
1.9752
2.1693
2.3637
2.5583
2.7528
2.9471
3.141
3.3342
3.5266
3.718
3.908
4.0965
4.2833
4.468
4.6504
4.8303
5.0074
5.1814
5.352
5.5189
5.6819
5.8405
5.9946
6.1438
6.2877
6.4261
6.5586
6.6849
6.8047
6.9176
7.0232
7.1213
7.2115
7.2935
7.3669
7.4314
7.4867
7.5326
7.5685
7.5944
7.6099
7.6147
7.6086
7.5913
7.5627
7.5225
7.4706
7.4068
7.331
7.2431
7.143
7.0308
6.9064
6.7699
6.6213
6.4608
6.2886
6.1047
5.9096
5.7034
5.4866
5.2594
5.0223
4.7757
4.5202
4.2563
3.9846
3.7057
3.4201
3.1287
2.8321
2.531
2.2263
1.9186
1.6087
1.2975
0.9857
0.67415
0.36362
0.054899
-0.25124
-0.55404
-0.85277
-1.1467
-1.4352
-1.7175
-1.9931
-2.2613
-2.5217
-2.7737
-3.0168
-3.2506
-3.4747
-3.6888
-3.8925
-4.0857
-4.268
-4.4393
-4.5994
-4.7483
-4.8858
-5.0118
-5.1264
-5.2296
-5.3214
-5.4018
-5.4709
-5.5289
-5.5757
-5.6115
-5.6365
-5.6508
-5.6544
-5.6477
-5.6307
-5.6036
-5.5666
-5.5198
-5.4633
-5.3974
-5.3222
-5.2379
-5.1446
-5.0425
-4.9317
-4.8123
-4.6846
-4.5486
-4.4045
-4.2524
-4.0924
-3.9247
-3.7494
-3.5665
-3.3763
-3.1788
-2.9741
-2.7624
-2.5437
-2.3181
-2.0858
-1.8468
-1.6013
-1.3493
-1.091
-0.82639
-0.55563
-0.27883
0.0039295
0.29253
0.58687
0.88683
1.1923
1.5032
1.8194
2.1407
2.467
2.7983
3.1343
3.4749
3.82
4.1694
4.5229
4.8805
5.2418
5.6068
5.9752
6.3468
6.7215
7.0989
7.4789
7.8613
8.2457
8.6319
9.0196
9.4086
9.7984
10.189
10.58
10.97
11.36
11.749
12.137
12.523
12.907
13.289
13.667
14.041
14.411
14.777
15.137
15.491
15.838
16.178
16.51
16.833
17.146
17.449
17.741
18.021
18.288
18.541
18.78
19.002
19.208
19.397
19.566
19.716
19.845
19.953
20.038
20.099
20.135
20.145
20.128
20.084
20.011
19.909
19.777
19.614
19.419
19.193
18.934
18.643
18.319
17.963
17.574
17.154
16.702
16.22
15.708
15.168
14.601
14.009
13.393
12.756
12.099
11.425
10.737
10.037
9.3272
8.6115
7.8923
7.1727
6.4554
5.7434
5.0396
4.3466
3.6671
3.0035
2.3582
1.7332
1.1305
0.55164
-0.0018578
-0.52881
-1.0283
-1.4995
-1.942
-2.3554
-2.7398
-3.0953
-3.4221
-3.7207
-3.9917
-4.2358
-4.4538
-4.6466
-4.8152
-4.9606
-5.0837
-5.1857
-5.2676
-5.3303
-5.375
-5.4026
-5.4141
-5.4103
-5.3922
-5.3605
-5.316
-5.2595
-5.1916
-5.1129
-5.0241
-4.9256
-4.8179
-4.7016
-4.5768
-4.4442
-4.3039
-4.1564
-4.0017
-3.8403
-3.6724
-3.498
-3.3176
-3.1311
-2.9387
-2.7407
-2.5371
-2.328
-2.1136
-1.894
-1.6693
-1.4395
-1.2048
-0.96535
-0.72114
-0.4723
-0.21893
0.038861
0.30098
0.56731
0.83776
1.1122
1.3905
1.6726
1.9582
2.2474
2.5399
2.8356
3.1343
3.4359
3.7402
4.047
4.3562
4.6674
4.9806
5.2954
5.6118
5.9293
6.2478
6.567
6.8866
7.2063
7.5259
7.845
8.1632
8.4803
8.7958
9.1094
9.4207
9.7293
10.035
10.337
10.634
10.928
11.216
11.499
11.775
12.045
12.308
12.563
12.81
13.047
13.275
13.493
13.7
13.895
14.077
14.247
14.403
14.544
14.67
14.78
14.873
14.949
15.007
15.046
15.065
15.064
15.043
15
14.935
14.847
14.737
14.603
14.445
14.264
14.058
13.828
13.574
13.295
12.993
12.667
12.318
11.947
11.553
11.138
10.703
10.249
9.7774
9.2889
8.7851
8.2678
7.7383
7.1986
6.6504
6.0955
5.5358
4.9733
4.41
3.8478
3.2886
2.7344
2.187
1.6482
1.1198
0.60325
0.10018
-0.38805
-0.86016
-1.315
-1.7516
-2.1691
-2.5667
-2.9438
-3.3001
-3.6352
-3.9489
-4.2411
-4.5119
-4.7613
-4.9897
-5.1972
-5.3844
-5.5515
-5.6991
-5.8277
-5.9379
-6.0302
-6.1052
-6.1636
-6.2058
-6.2325
-6.2443
-6.2418
-6.2254
-6.1957
-6.1533
-6.0987
-6.0321
-5.9542
-5.8654
-5.7659
-5.6562
-5.5366
-5.4074
-5.2689
-5.1214
-4.9651
-4.8002
-4.6269
-4.4455
-4.2561
-4.0589
-3.854
-3.6415
-3.4216
-3.1944
-2.9601
-2.7186
-2.4702
-2.2149
-1.9527
-1.6838
-1.4083
-1.1262
-0.83764
-0.54265
-0.24131
0.066294
0.38008
0.69998
1.0259
1.3578
1.6955
2.039
2.3882
2.743
3.1033
3.469
3.8399
4.216
4.5972
4.9832
5.3741
5.7696
6.1696
6.5739
6.9824
7.3949
7.8112
8.2312
8.6546
9.0812
9.5108
9.9432
10.378
10.815
11.254
11.695
12.137
12.58
13.024
13.468
13.912
14.355
14.797
15.239
15.678
16.115
16.549
16.979
17.406
17.827
18.244
18.654
19.058
19.454
19.843
20.221
20.59
20.949
21.295
21.629
21.948
22.253
22.542
22.814
23.068
23.303
23.516
23.708
23.877
24.021
24.14
24.231
24.294
24.328
24.331
24.301
24.238
24.141
24.008
23.839
23.633
23.388
23.105
22.782
22.421
22.019
21.579
21.099
20.582
20.026
19.435
18.808
18.148
17.457
16.737
15.99
15.22
14.429
13.621
12.798
11.965
11.126
10.283
9.4413
8.6042
7.7754
6.9587
6.1575
5.3751
4.6146
3.8788
3.1702
2.4911
1.8432
1.2283
0.64741
0.10151
-0.40888
-0.88353
-1.3225
-1.7261
-2.0949
-2.4296
-2.7314
-3.0012
-3.2403
-3.4501
-3.6321
-3.7876
-3.9181
-4.0252
-4.1103
-4.1749
-4.2203
-4.248
-4.2591
-4.2549
-4.2366
-4.2052
-4.1617
-4.107
-4.042
-3.9674
-3.884
-3.7924
-3.6931
-3.5868
-3.4738
-3.3547
-3.2297
-3.0993
-2.9636
-2.8232
-2.678
-2.5285
-2.3747
-2.2169
-2.0552
-1.8897
-1.7207
-1.5483
-1.3725
-1.1935
-1.0114
-0.82627
-0.63829
-0.44753
-0.25411
-0.058135
0.14029
0.34104
0.544
0.74905
0.95606
1.1649
1.3754
1.5875
1.801
2.0157
2.2315
2.4481
2.6655
2.8835
3.1018
3.3202
3.5386
3.7566
3.9742
4.191
4.4068
4.6214
4.8344
5.0457
5.2549
5.4618
5.666
5.8673
6.0653
6.2597
6.4502
6.6365
6.8181
6.9948
7.1661
7.3317
7.4912
7.6443
7.7906
7.9296
8.0609
8.1843
8.2992
8.4053
8.5021
8.5893
8.6665
8.7333
8.7893
8.8341
8.8674
8.8888
8.898
8.8946
8.8784
8.8491
8.8065
8.7502
8.6802
8.5962
8.4981
8.3859
8.2594
8.1186
7.9637
7.7946
7.6115
7.4145
7.204
6.9802
6.7434
6.494
6.2325
5.9593
5.6751
5.3804
5.0759
4.7623
4.4403
4.1108
3.7746
3.4325
3.0855
2.7345
2.3803
2.0241
1.6667
1.3092
0.95239
0.59739
0.24509
-0.10356
-0.44768
-0.78637
-1.1188
-1.4442
-1.7618
-2.0709
-2.3707
-2.6608
-2.9406
-3.2094
-3.467
-3.7129
-3.9467
-4.1682
-4.3771
-4.5732
-4.7565
-4.9267
-5.0839
-5.2279
-5.359
-5.477
-5.582
-5.6743
-5.7538
-5.8208
-5.8754
-5.9177
-5.9481
-5.9666
-5.9735
-5.9691
-5.9534
-5.9267
-5.8893
-5.8414
-5.7831
-5.7146
-5.6362
-5.5481
-5.4505
-5.3435
-5.2273
-5.102
-4.968
-4.8252
-4.6739
-4.5142
-4.3462
-4.1701
-3.986
-3.7941
-3.5944
-3.387
-3.1721
-2.9497
-2.7201
-2.4832
-2.2391
-1.9881
-1.73
-1.4651
-1.1935
-0.91517
-0.63026
-0.33884
-0.041025
0.26311
0.57347
0.88996
1.2125
1.5409
1.8752
2.2152
2.5609
2.912
3.2685
3.6303
3.9973
4.3692
4.746
5.1276
5.5137
5.9043
6.2991
6.6981
7.1009
7.5074
7.9174
8.3308
8.7472
9.1665
9.5884
10.013
10.439
10.867
11.296
11.727
12.159
12.591
13.023
13.455
13.886
14.316
14.744
15.17
15.594
16.014
16.431
16.844
17.251
17.654
18.049
18.438
18.82
19.192
19.556
19.909
20.251
20.582
20.899
21.203
21.491
21.764
22.019
22.256
22.474
22.671
22.847
22.999
23.127
23.23
23.306
23.354
23.373
23.361
23.318
23.242
23.133
22.989
22.81
22.595
22.342
22.053
21.725
21.36
20.957
20.516
20.038
19.524
18.974
18.39
17.772
17.124
16.446
15.742
15.012
14.261
13.491
12.705
11.907
11.1
10.287
9.4716
8.6582
7.85
7.0506
6.2632
5.4913
4.7378
4.0056
3.2974
2.6155
1.9619
1.3384
0.74641
0.18709
-0.33878
-0.83068
-1.2884
-1.712
-2.1017
-2.4582
-2.782
-3.0741
-3.3356
-3.5676
-3.7713
-3.948
-4.0992
-4.2261
-4.3302
-4.4129
-4.4754
-4.5191
-4.5453
-4.5551
-4.5496
-4.53
-4.4973
-4.4523
-4.396
-4.3292
-4.2525
-4.1667
-4.0724
-3.9701
-3.8603
-3.7436
-3.6202
-3.4906
-3.3551
-3.2139
-3.0675
-2.9159
-2.7594
-2.5983
-2.4327
-2.2627
-2.0885
-1.9103
-1.7281
-1.5421
-1.3524
-1.1592
-0.96244
-0.76234
-0.55898
-0.35248
-0.14292
0.069558
0.28486
0.50286
0.72344
0.94648
1.1718
1.3994
1.629
1.8604
2.0937
2.3285
2.5646
2.8021
3.0405
3.2798
3.5197
3.7601
4.0007
4.2412
4.4815
4.7213
4.9603
5.1982
5.4349
5.6699
5.903
6.1339
6.3623
6.5878
6.8101
7.0289
7.2437
7.4542
7.6601
7.8609
8.0562
8.2457
8.4288
8.6052
8.7745
8.9362
9.0898
9.2349
9.371
9.4977
9.6146
9.721
9.8167
9.9011
9.9737
10.034
10.082
10.117
10.138
10.146
10.139
10.118
10.082
10.03
9.9634
9.8807
9.7822
9.6676
9.5368
9.3897
9.2264
9.0469
8.8513
8.6397
8.4123
8.1695
7.9117
7.6391
7.3523
7.052
6.7385
6.4128
6.0754
5.7273
5.3692
5.0022
4.6271
4.2451
3.8571
3.4642
3.0676
2.6684
2.2678
1.8668
1.4667
1.0686
0.67365
0.28289
-0.10257
-0.48172
-0.85356
-1.2172
-1.5717
-1.9162
-2.2501
-2.5725
-2.883
-3.1808
-3.4656
-3.7369
-3.9944
-4.2377
-4.4667
-4.6812
-4.881
-5.0661
-5.2365
-5.3922
-5.5334
-5.6601
-5.7724
-5.8707
-5.9549
-6.0255
-6.0826
-6.1264
-6.1573
-6.1755
-6.1812
-6.1749
-6.1566
-6.1267
-6.0855
-6.0332
-5.9702
-5.8965
-5.8125
-5.7185
-5.6145
-5.5009
-5.3778
-5.2455
-5.1041
-4.9537
-4.7947
-4.627
-4.4509
-4.2665
-4.074
-3.8734
-3.6649
-3.4485
-3.2245
-2.9929
-2.7538
-2.5073
-2.2535
-1.9924
-1.7242
-1.449
-1.1668
-0.87772
-0.58184
-0.27923
0.030024
0.34584
0.66812
0.99681
1.3318
1.673
2.0204
2.3738
2.7331
3.0983
3.4692
3.8457
4.2278
4.6153
5.0081
5.406
5.809
6.2168
6.6294
7.0466
7.4681
7.894
8.3239
8.7577
9.1951
9.6361
10.08
10.527
10.977
11.43
11.884
12.341
12.799
13.259
13.719
14.18
14.642
15.103
15.563
16.023
16.48
16.936
17.389
17.839
18.286
18.727
19.164
19.596
20.02
20.438
20.847
21.248
21.639
22.02
22.389
22.745
23.087
23.415
23.727
24.023
24.299
24.557
24.793
25.008
25.199
25.365
25.506
25.618
25.702
25.755
25.777
25.765
25.72
25.638
25.52
25.363
25.168
24.933
24.657
24.34
23.981
23.581
23.139
22.655
22.13
21.565
20.961
20.319
19.64
18.928
18.184
17.41
16.611
15.788
14.945
14.087
13.216
12.336
11.453
10.569
9.6896
8.8182
7.9588
7.1154
6.2915
5.4906
4.7156
3.9695
3.2546
2.573
1.9265
1.3163
0.74347
0.2085
-0.28834
-0.74714
-1.1683
-1.5524
-1.9004
-2.2135
-2.4928
-2.7398
-2.956
-3.143
-3.3025
-3.436
-3.5453
-3.632
-3.6977
-3.7439
-3.7721
-3.7837
-3.78
-3.7623
-3.7318
-3.6895
-3.6364
-3.5733
-3.5013
-3.4209
-3.3329
-3.2379
-3.1364
-3.029
-2.9161
-2.798
-2.6752
-2.548
-2.4166
-2.2813
-2.1424
-1.9999
-1.8542
-1.7053
-1.5535
-1.3988
-1.2415
-1.0816
-0.91917
-0.75443
-0.58746
-0.41835
-0.24723
-0.074187
0.10066
0.27719
0.4553
0.63487
0.81578
0.99789
1.1811
1.3652
1.5502
1.7357
1.9218
2.1082
2.2948
2.4814
2.6678
2.8538
3.0393
3.2239
3.4076
3.5901
3.7712
3.9507
4.1282
4.3036
4.4767
4.6471
4.8146
4.979
5.1399
5.297
5.4502
5.599
5.7433
5.8826
6.0167
6.1453
6.2681
6.3847
6.4948
6.5982
6.6945
6.7833
6.8644
6.9374
7.0022
7.0582
7.1053
7.1432
7.1716
7.1902
7.1987
7.197
7.1848
7.1619
7.1282
7.0833
7.0273
6.96
6.8812
6.791
6.6892
6.576
6.4513
6.3151
6.1677
6.0091
5.8394
5.659
5.468
5.2668
5.0556
4.8349
4.6051
4.3666
4.1199
3.8654
3.6039
3.3358
3.0618
2.7824
2.4985
2.2106
1.9195
1.6259
1.3306
1.0342
0.73748
0.44124
0.1462
-0.14693
-0.43743
-0.72459
-1.0077
-1.2862
-1.5593
-1.8266
-2.0873
-2.341
-2.5872
-2.8253
-3.055
-3.2758
-3.4874
-3.6895
-3.8817
-4.0639
-4.2357
-4.3971
-4.5478
-4.6878
-4.817
-4.9353
-5.0427
-5.1391
-5.2247
-5.2994
-5.3633
-5.4164
-5.4589
-5.4909
-5.5124
-5.5236
-5.5247
-5.5156
-5.4967
-5.468
-5.4297
-5.3819
-5.3248
-5.2585
-5.1832
-5.099
-5.006
-4.9045
-4.7945
-4.6762
-4.5497
-4.4152
-4.2727
-4.1224
-3.9645
-3.799
-3.6261
-3.4458
-3.2583
-3.0637
-2.8622
-2.6537
-2.4384
-2.2165
-1.988
-1.753
-1.5116
-1.264
-1.0102
-0.75035
-0.48454
-0.21288
0.064525
0.34756
0.63611
0.93006
1.2293
1.5337
1.8431
2.1574
2.4765
2.8003
3.1285
3.461
3.7977
4.1385
4.483
4.8312
5.1829
5.5379
5.896
6.2569
6.6204
6.9864
7.3545
7.7245
8.0962
8.4692
8.8433
9.2181
9.5933
9.9687
10.344
10.718
11.092
11.463
11.834
12.201
12.566
12.928
13.286
13.639
13.988
14.331
14.668
14.999
15.322
15.636
15.943
16.239
16.526
16.801
17.064
17.315
17.552
17.775
17.982
18.173
18.347
18.502
18.639
18.755
18.851
18.924
18.974
19.001
19.003
18.979
18.928
18.85
18.744
