1.3757
0.97011
0.39211
-0.47655
-1.4925
-1.9791
-1.9619
-1.7652
-1.4849
-1.1171
-0.60731
0.15557
1.1857
1.8961
1.9975
1.8403
1.585
1.2494
0.7955
0.12996
-0.84144
-1.7418
-2.0082
-1.9059
-1.6769
-1.3694
-0.96149
-0.37932
0.49517
1.5076
1.982
1.9594
1.7608
1.4791
1.1094
0.59616
-0.17245
-1.204
-1.9024
-1.9961
-1.8364
-1.5797
-1.2424
-0.7857
-0.11511
0.86086
1.7524
2.0085
1.9026
1.672
1.363
0.95276
0.36633
-0.51398
-1.5227
-1.9846
-1.9568
-1.7563
-1.4732
-1.1015
-0.5848
0.18964
1.2224
1.9086
1.9946
1.8324
1.5743
1.2353
0.77577
0.10007
-0.88041
-1.7629
-2.0086
-1.8992
-1.667
-1.3566
-0.94402
-0.35332
0.5328
1.5375
1.9872
1.9542
1.7519
1.4674
1.0937
0.57354
-0.20663
-1.2403
-1.9144
-1.9931
-1.8285
-1.5689
-1.2283
-0.76586
-0.085047
0.89974
1.773
2.0086
1.8958
1.6621
1.3502
0.93524
0.34023
-0.55163
-1.552
-1.9895
-1.9515
-1.7474
-1.4615
-1.0859
-0.56213
0.22383
1.2582
1.9201
1.9914
1.8245
1.5635
1.2212
0.75586
0.069873
-0.9191
-1.7828
-2.0085
-1.8923
-1.6572
-1.3437
-0.92638
-0.32701
0.57058
1.5663
1.9917
1.9488
1.7429
1.4556
1.0779
0.55058
-0.24124
-1.2761
-1.9256
-1.9897
-1.8204
-1.558
-1.214
-0.74566
-0.054413
0.9387
1.7926
2.0084
1.8888
1.6522
1.3372
0.91742
0.3136
-0.58969
-1.5804
-1.9938
-1.946
-1.7383
-1.4496
-1.07
-0.53899
0.25868
1.2937
1.9309
1.988
1.8163
1.5526
1.2068
0.73559
0.039107
-0.95785
-1.8019
-2.0081
-1.8853
-1.6472
-1.3307
-0.90847
-0.30022
0.60869
1.5942
1.9957
1.9432
1.7338
1.4437
1.062
0.52733
-0.27618
-1.3111
-1.9359
-1.9861
-1.8122
-1.5472
-1.1996
-0.72538
-0.023603
0.9771
1.811
2.0077
1.8818
1.6422
1.3242
0.89945
0.2867
-0.62779
-1.6078
-1.9975
-1.9403
-1.7292
-1.4377
-1.0539
-0.51555
0.29384
1.3285
1.9408
1.9842
1.8081
1.5416
1.1923
0.71506
0.0078934
-0.99639
-1.8199
-2.0072
-1.8781
-1.637
-1.3175
-0.89024
-0.27288
0.64717
1.6213
1.9992
1.9374
1.7245
1.4316
1.0458
0.50364
-0.31169
-1.3457
-1.9455
-1.9823
-1.8039
-1.5361
-1.185
-0.70466
0.0078689
1.0156
1.8286
2.0066
1.8745
1.632
1.3109
0.88117
0.25926
-0.66623
-1.6343
-2.0006
-1.9345
-1.7199
-1.4256
-1.0376
-0.49172
0.32948
1.3626
1.9499
1.9803
1.7998
1.5306
1.1777
0.69424
-0.023705
-1.0347
-1.837
-2.006
-1.8709
-1.6269
-1.3043
-0.87197
-0.24543
0.68546
1.6472
2.002
1.9315
1.7153
1.4195
1.0294
0.47969
-0.34741
-1.3794
-1.9542
-1.9782
-1.7956
-1.525
-1.1703
-0.68371
0.039701
1.0538
1.8451
2.0052
1.8672
1.6218
1.2975
0.86267
0.23144
-0.70484
-1.6599
-2.0032
-1.9284
-1.7105
-1.4133
-1.0211
-0.46742
0.36569
1.3963
1.9583
1.9761
1.7913
1.5193
1.1629
0.67305
-0.055874
-1.0729
-1.8531
-2.0044
-1.8635
-1.6166
-1.2908
-0.85331
-0.21733
0.72417
1.6723
2.0043
1.9254
1.7058
1.4072
1.0128
0.45529
-0.38366
-1.4126
-1.9622
-1.9738
-1.7871
-1.5137
-1.1554
-0.66241
0.072039
1.0917
1.8608
2.0034
1.8597
1.6115
1.2841
0.84393
0.20319
-0.74349
-1.6844
-2.0052
-1.9222
-1.7011
-1.401
-1.0045
-0.44298
0.40186
1.4288
1.9659
1.9716
1.7828
1.5081
1.1479
0.65166
-0.088356
-1.1105
-1.8682
-2.0024
-1.8559
-1.6063
-1.2773
-0.83447
-0.1889
0.76288
1.6963
2.0061
1.9191
1.6963
1.3948
0.99604
0.43049
-0.42025
-1.4449
-1.9694
-1.9692
-1.7784
-1.5023
-1.1403
-0.64071
0.10494
1.1295
1.8756
2.0014
1.8521
1.601
1.2704
0.82488
0.17441
-0.78239
-1.708
-2.0068
-1.9159
-1.6916
-1.3886
-0.98757
-0.41799
0.43868
1.4607
1.9728
1.9669
1.7741
1.4966
1.1327
0.62987
-0.1214
-1.148
-1.8825
-2.0002
-1.8483
-1.5958
-1.2635
-0.81532
-0.15996
0.80174
1.7193
2.0074
1.9127
1.6868
1.3823
0.97907
0.4054
-0.45713
-1.4763
-1.976
-1.9645
-1.7698
-1.4909
-1.1251
-0.61889
0.13804
1.1665
1.8893
1.9989
1.8444
1.5905
1.2566
0.80566
0.14535
-0.82114
-1.7304
-2.0078
-1.9094
-1.6819
-1.376
-0.97049
-0.39268
0.47571
1.4918
1.979
1.962
1.7654
1.4851
1.1174
0.60778
-0.1549
-1.185
-1.8958
-1.9976
-1.8405
-1.5851
-1.2496
-0.79581
-0.13045
0.84083
1.7415
2.0083
1.9061
1.677
1.3697
0.96181
0.3798
-0.49448
-1.5071
-1.9819
-1.9595
-1.761
-1.4793
-1.1097
-0.5966
0.17178
1.2033
1.9022
1.9962
1.8366
1.5799
1.2427
0.7861
0.11572
-0.86008
-1.752
-2.0085
-1.9027
-1.6722
-1.3633
-0.95316
-0.36693
0.51314
1.522
1.9845
1.9569
1.7565
1.4735
1.1019
0.58538
-0.18874
-1.2214
-1.9083
-1.9947
-1.8326
-1.5745
-1.2357
-0.77625
-0.10079
0.87946
1.7624
2.0086
1.8993
1.6673
1.3569
0.94443
0.35393
-0.53192
-1.5368
-1.9871
-1.9543
-1.7521
-1.4676
-1.0941
-0.57404
0.20587
1.2395
1.9142
1.9931
1.8286
1.5691
1.2286
0.76629
0.08568
-0.89892
-1.7726
-2.0086
-1.8959
-1.6623
-1.3504
-0.93552
-0.34064
0.55102
1.5515
1.9895
1.9516
1.7476
1.4617
1.0862
0.56257
-0.22317
-1.2575
-1.9199
-1.9915
-1.8246
-1.5637
-1.2215
-0.75626
-0.070476
0.91834
1.7824
2.0086
1.8925
1.6574
1.344
0.92675
0.32755
-0.5698
-1.5657
-1.9917
-1.9489
-1.7431
-1.4558
-1.0783
-0.5511
0.24044
1.2753
1.9254
1.9898
1.8206
1.5583
1.2143
0.7462
0.055215
-0.93765
-1.7921
-2.0084
-1.889
-1.6524
-1.3375
-0.91785
-0.31425
0.58877
1.5797
1.9937
1.9461
1.7385
1.4499
1.0703
0.53952
-0.25786
-1.2929
-1.9306
-1.9881
-1.8165
-1.5529
-1.2072
-0.73605
-0.039793
0.95698
1.8015
2.0081
1.8855
1.6474
1.331
0.90884
0.30078
-0.60791
-1.5936
-1.9956
-1.9433
-1.7339
-1.4439
-1.0622
-0.52773
0.27562
1.3106
1.9358
1.9862
1.8124
1.5474
1.1999
0.72577
0.024191
-0.97638
-1.8107
-2.0077
-1.8819
-1.6424
-1.3244
-0.89981
-0.28723
0.62703
1.6073
1.9974
1.9404
1.7294
1.4379
1.0542
0.51605
-0.29311
-1.3278
-1.9406
-1.9843
-1.8083
-1.5419
-1.1927
-0.71551
-0.0086065
0.99555
1.8195
2.0072
1.8783
1.6373
1.3178
0.89074
0.27363
-0.64615
-1.6206
-1.9991
-1.9375
-1.7248
-1.4319
-1.0462
-0.50421
0.31083
1.3449
1.9452
1.9824
1.8041
1.5364
1.1854
0.70515
-0.0071319
-1.0147
-1.8282
-2.0067
-1.8747
-1.6322
-1.3112
-0.88159
-0.25989
0.66538
1.6337
2.0005
1.9346
1.7201
1.4258
1.038
0.4922
-0.32875
-1.3619
-1.9497
-1.9803
-1.7999
-1.5307
-1.1779
-0.69458
0.02314
1.0341
1.8367
2.006
1.871
1.6271
1.3045
0.87232
0.24595
-0.68473
-1.6467
-2.0019
-1.9316
-1.7154
-1.4197
-1.0298
-0.48017
0.3467
1.3788
1.954
1.9783
1.7957
1.5252
1.1706
0.68415
-0.039034
-1.053
-1.8448
-2.0053
-1.8673
-1.622
-1.2979
-0.86308
-0.23204
0.70396
1.6593
2.0031
1.9286
1.7108
1.4136
1.0215
0.46807
-0.3647
-1.3954
-1.9581
-1.9761
-1.7915
-1.5196
-1.1632
-0.67357
0.055104
1.0719
1.8527
2.0044
1.8636
1.6169
1.2911
0.85375
0.218
-0.72327
-1.6717
-2.0042
-1.9255
-1.7061
-1.4075
-1.0132
-0.45582
0.38284
1.4118
1.962
1.9739
1.7872
1.514
1.1557
0.66286
-0.07139
-1.091
-1.8605
-2.0035
-1.8598
-1.6116
-1.2843
-0.84424
-0.20365
0.74286
1.684
2.0052
1.9224
1.7013
1.4013
1.0048
0.44345
-0.40118
-1.4282
-1.9657
-1.9717
-1.783
-1.5083
-1.1482
-0.65209
0.0877
1.1098
1.868
2.0025
1.8561
1.6065
1.2775
0.83485
0.18948
-0.76208
-1.6958
-2.006
-1.9192
-1.6966
-1.3951
-0.99642
-0.43108
0.41943
1.4442
1.9693
1.9694
1.7787
1.5026
1.1407
0.64128
-0.1041
-1.1285
-1.8752
-2.0014
-1.8523
-1.6013
-1.2707
-0.82534
-0.17511
0.78145
1.7074
2.0068
1.916
1.6918
1.3889
0.98797
0.41857
-0.43781
-1.46
-1.9726
-1.967
-1.7743
-1.4969
-1.1331
-0.63036
0.12067
1.1471
1.8822
2.0002
1.8484
1.596
1.2638
0.81572
0.16058
-0.80095
-1.7189
-2.0073
-1.9128
-1.6869
-1.3825
-0.97934
-0.4058
0.45654
1.4759
1.9759
1.9646
1.7699
1.4911
1.1254
0.61931
-0.1374
-1.1658
-1.889
-1.999
-1.8446
-1.5907
-1.2569
-0.80604
-0.14593
0.82038
1.73
2.0078
1.9095
1.6821
1.3763
0.97085
0.39321
-0.47495
-1.4911
-1.9789
-1.9621
-1.7656
-1.4854
-1.1177
-0.60827
0.15412
1.1841
1.8956
1.9976
1.8407
1.5854
1.25
0.79634
0.13124
-0.83977
-1.7409
-2.0082
-1.9062
-1.6773
-1.37
-0.96223
-0.38042
0.49357
1.5063
1.9817
1.9596
1.7612
1.4796
1.11
0.59712
-0.171
-1.2024
-1.9019
-1.9962
-1.8368
-1.5801
-1.243
-0.78654
-0.11639
0.85919
1.7515
2.0084
1.9029
1.6724
1.3636
0.95351
0.36745
-0.51237
-1.5214
-1.9844
-1.957
-1.7567
-1.4737
-1.1022
-0.58577
0.18817
1.2209
1.9081
1.9948
1.8328
1.5747
1.2359
0.77662
0.10136
-0.87874
-1.762
-2.0086
-1.8995
-1.6675
-1.3572
-0.94477
-0.35444
0.53118
1.5362
1.987
1.9544
1.7522
1.4679
1.0944
0.57451
-0.20515
-1.2388
-1.914
-1.9932
-1.8288
-1.5694
-1.2289
-0.76672
-0.086348
0.89807
1.7721
2.0086
1.8961
1.6626
1.3508
0.936
0.34136
-0.55001
-1.5507
-1.9893
-1.9517
-1.7478
-1.462
-1.0866
-0.56312
0.22234
1.2567
1.9196
1.9916
1.8248
1.564
1.2218
0.75673
0.071184
-0.91743
-1.782
-2.0086
-1.8926
-1.6576
-1.3443
-0.92715
-0.32815
0.56895
1.565
1.9916
1.949
1.7432
1.4561
1.0786
0.55158
-0.23975
-1.2746
-1.9251
-1.9899
-1.8207
-1.5585
-1.2146
-0.74653
-0.055733
0.93704
1.7918
2.0084
1.8891
1.6526
1.3378
0.91818
0.31475
-0.58805
-1.5792
-1.9937
-1.9462
-1.7387
-1.4501
-1.0707
-0.53999
0.25717
1.2922
1.9304
1.9881
1.8167
1.5531
1.2075
0.73647
0.040437
-0.95619
-1.8011
-2.0081
-1.8856
-1.6476
-1.3313
-0.90925
-0.30138
0.60704
1.593
1.9956
1.9434
1.7341
1.4442
1.0627
0.52834
-0.27467
-1.3096
-1.9355
-1.9863
-1.8126
-1.5476
-1.2003
-0.72627
-0.024944
0.97544
1.8102
2.0077
1.8821
1.6426
1.3247
0.90023
0.28787
-0.62614
-1.6066
-1.9973
-1.9406
-1.7296
-1.4382
-1.0546
-0.51656
0.29232
1.327
1.9403
1.9844
1.8085
1.5421
1.193
0.71595
0.0092437
-0.99474
-1.8192
-2.0072
-1.8784
-1.6375
-1.3181
-0.89103
-0.27406
0.64552
1.6202
1.999
1.9377
1.7249
1.4321
1.0465
0.50466
-0.31016
-1.3443
-1.9451
-1.9825
-1.8043
-1.5366
-1.1857
-0.70556
0.0065091
1.014
1.8278
2.0067
1.8748
1.6325
1.3115
0.88196
0.26044
-0.66458
-1.6332
-2.0005
-1.9347
-1.7203
-1.4261
-1.0383
-0.49276
0.32794
1.3612
1.9495
1.9804
1.8001
1.531
1.1783
0.69514
-0.022335
-1.033
-1.8363
-2.006
-1.8712
-1.6274
-1.3048
-0.87277
-0.24663
0.6838
1.6461
2.0019
1.9317
1.7157
1.42
1.0301
0.48073
-0.34586
-1.378
-1.9538
-1.9784
-1.7959
-1.5255
-1.171
-0.68462
0.038322
1.0521
1.8444
2.0053
1.8675
1.6222
1.2981
0.86347
0.23265
-0.70318
-1.6588
-2.0031
-1.9287
-1.7109
-1.4138
-1.0218
-0.46846
0.36413
1.3949
1.958
1.9762
1.7917
1.5198
1.1635
0.67397
-0.054485
-1.0712
-1.8525
-2.0045
-1.8638
-1.6171
-1.2914
-0.85412
-0.21854
0.72251
1.6712
2.0042
1.9256
1.7062
1.4077
1.0136
0.45634
-0.3821
-1.4112
-1.9618
-1.974
-1.7874
-1.5142
-1.1561
-0.66333
0.07064
1.0901
1.8601
2.0035
1.86
1.6119
1.2846
0.84475
0.20441
-0.74182
-1.6833
-2.0052
-1.9225
-1.7015
-1.4016
-1.0052
-0.44405
0.40029
1.4274
1.9656
1.9718
1.7832
1.5085
1.1486
0.65259
-0.086947
-1.1089
-1.8676
-2.0025
-1.8563
-1.6067
-1.2778
-0.83529
-0.19014
0.76121
1.6952
2.006
1.9194
1.6967
1.3954
0.99676
0.43157
-0.41867
-1.4435
-1.9691
-1.9694
-1.7788
-1.5028
-1.1409
-0.64165
0.10352
1.1279
1.875
2.0015
1.8525
1.6015
1.271
0.8257
0.17566
-0.78072
-1.707
-2.0067
-1.9162
-1.692
-1.3891
-0.9883
-0.41907
0.43709
1.4594
1.9725
1.9671
1.7745
1.4971
1.1334
0.63081
-0.11997
-1.1464
-1.8819
-2.0003
-1.8486
-1.5962
-1.2641
-0.81614
-0.16121
0.80007
1.7183
2.0073
1.9129
1.6872
1.3829
0.9798
0.40649
-0.45554
-1.475
-1.9757
-1.9647
-1.7702
-1.4914
-1.1258
-0.61984
0.1366
1.1649
1.8887
1.999
1.8448
1.591
1.2572
0.8065
0.14661
-0.81947
-1.7295
-2.0078
-1.9097
-1.6823
-1.3766
-0.97123
-0.39378
0.47411
1.4904
1.9787
1.9622
1.7658
1.4856
1.1181
0.60873
-0.15345
-1.1834
-1.8953
-1.9977
-1.8408
-1.5856
-1.2502
-0.79665
-0.13173
0.83916
1.7406
2.0082
1.9064
1.6775
1.3702
0.96256
0.3809
-0.49287
-1.5058
-1.9816
-1.9597
-1.7613
-1.4798
-1.1103
-0.59756
0.17032
1.2017
1.9017
1.9963
1.8369
1.5803
1.2433
0.78694
0.11701
-0.85841
-1.7511
-2.0084
-1.903
-1.6726
-1.3639
-0.95391
-0.36805
0.51152
1.5207
1.9843
1.9571
1.7569
1.474
1.1026
0.58635
-0.18728
-1.2199
-1.9078
-1.9948
-1.833
-1.575
-1.2363
-0.7771
-0.10208
0.87779
1.7615
2.0086
1.8996
1.6677
1.3575
0.94518
0.35506
-0.5303
-1.5355
-1.9868
-1.9545
-1.7524
-1.4681
-1.0948
-0.57502
0.2044
1.238
1.9137
1.9933
1.829
1.5696
1.2292
0.76715
0.086981
-0.89726
-1.7717
-2.0086
-1.8962
-1.6627
-1.351
-0.93628
-0.34177
0.5494
1.5503
1.9893
1.9518
1.7479
1.4622
1.0869
0.56356
-0.22169
-1.256
-1.9194
-1.9917
-1.825
-1.5642
-1.2221
-0.75712
-0.071787
0.91668
1.7816
2.0086
1.8928
1.6578
1.3446
0.92751
0.32869
-0.56817
-1.5645
-1.9915
-1.9491
-1.7434
-1.4563
-1.079
-0.5521
0.23895
1.2737
1.9249
1.99
1.8209
1.5588
1.215
0.74707
0.056535
-0.93599
-1.7912
-2.0084
-1.8893
-1.6528
-1.3381
-0.91862
-0.3154
0.58713
1.5785
1.9936
1.9464
1.7389
1.4504
1.071
0.54052
-0.25636
-1.2914
-1.9302
-1.9882
-1.8169
-1.5533
-1.2078
-0.73693
-0.041123
0.95532
1.8007
2.0081
1.8858
1.6478
1.3315
0.90962
0.30194
-0.60627
-1.5925
-1.9955
-1.9435
-1.7343
-1.4444
-1.0629
-0.52874
0.2741
1.3091
1.9354
1.9864
1.8128
1.5478
1.2005
0.72665
0.025531
-0.97472
-1.8099
-2.0078
-1.8822
-1.6428
-1.325
-0.90059
-0.2884
0.62538
1.6061
1.9973
1.9407
1.7298
1.4384
1.0549
0.51706
-0.29159
-1.3263
-1.9402
-1.9845
-1.8086
-1.5424
-1.1933
-0.7164
-0.0099562
0.9939
1.8188
2.0073
1.8786
1.6378
1.3184
0.89152
0.2748
-0.6445
-1.6195
-1.9989
-1.9378
-1.7252
-1.4324
-1.0469
-0.50523
0.3093
1.3434
1.9448
1.9826
1.8045
1.5368
1.186
0.70605
-0.0057724
-1.0131
-1.8274
-2.0067
-1.875
-1.6327
-1.3118
-0.88238
-0.26108
0.66372
1.6326
2.0004
1.9348
1.7205
1.4263
1.0387
0.49323
-0.32721
-1.3605
-1.9493
-1.9805
-1.8003
-1.5312
-1.1786
-0.69548
0.021771
1.0324
1.836
2.0061
1.8713
1.6276
1.3051
0.87311
0.24714
-0.68307
-1.6456
-2.0018
-1.9319
-1.7158
-1.4203
-1.0305
-0.48121
0.34516
1.3773
1.9536
1.9785
1.7961
1.5257
1.1713
0.68505
-0.037655
-1.0513
-1.8441
-2.0053
-1.8677
-1.6225
-1.2984
-0.86388
-0.23325
0.7023
1.6582
2.003
1.9288
1.7112
1.4142
1.0222
0.46911
-0.36315
-1.3939
-1.9577
-1.9763
-1.7919
-1.5201
-1.1639
-0.67448
0.053715
1.0703
1.8521
2.0045
1.864
1.6173
1.2917
0.85456
0.21921
-0.72161
-1.6706
-2.0041
-1.9258
-1.7065
-1.408
-1.0139
-0.45688
0.38128
1.4104
1.9617
1.9741
1.7876
1.5144
1.1564
0.66378
-0.069991
-1.0893
-1.8598
-2.0036
-1.8602
-1.6121
-1.2849
-0.84505
-0.20487
0.74119
1.683
2.0052
1.9226
1.7017
1.4018
1.0055
0.44451
-0.39961
-1.4268
-1.9654
-1.9719
-1.7833
-1.5088
-1.1489
-0.65302
0.086292
1.1082
1.8673
2.0026
1.8564
1.6069
1.2781
0.83567
0.19071
-0.76041
-1.6948
-2.006
-1.9195
-1.697
-1.3956
-0.99715
-0.43215
0.41785
1.4428
1.969
1.9696
1.779
1.5031
1.1413
0.64222
-0.10268
-1.1269
-1.8746
-2.0015
-1.8526
-1.6017
-1.2713
-0.82616
-0.17636
0.77978
1.7064
2.0067
1.9163
1.6922
1.3894
0.9887
0.41965
-0.43623
-1.4586
-1.9723
-1.9672
-1.7747
-1.4974
-1.1337
-0.63131
0.11924
1.1455
1.8816
2.0003
1.8488
1.5965
1.2644
0.81655
0.16184
-0.79928
-1.7179
-2.0073
-1.913
-1.6873
-1.3831
-0.98008
-0.40689
0.45495
1.4745
1.9756
1.9648
1.7703
1.4916
1.1261
0.62026
-0.13596
-1.1642
-1.8885
-1.9991
-1.8449
-1.5912
-1.2575
-0.80687
-0.14719
0.81871
1.7291
2.0078
1.9098
1.6825
1.3768
0.97158
0.39431
-0.47335
-1.4898
-1.9786
-1.9623
-1.7659
-1.4859
-1.1184
-0.60923
0.15268
1.1826
1.895
1.9978
1.841
1.5859
1.2506
0.79718
0.13251
-0.8381
-1.74
-2.0082
-1.9065
-1.6777
-1.3705
-0.96298
-0.38153
0.49196
1.505
1.9815
1.9598
1.7615
1.4801
1.1107
0.59809
-0.16954
-1.2009
-1.9014
-1.9963
-1.8371
-1.5806
-1.2436
-0.78739
-0.11767
0.85752
1.7506
2.0084
1.9032
1.6728
1.3641
0.95426
0.36856
-0.51075
-1.5201
-1.9842
-1.9572
-1.7571
-1.4742
-1.1028
-0.58674
0.1867
1.2193
1.9076
1.9949
1.8331
1.5752
1.2365
0.77747
0.10265
-0.87707
-1.7611
-2.0086
-1.8998
-1.6679
-1.3577
-0.94553
-0.35557
0.52956
1.5349
1.9868
1.9546
1.7526
1.4684
1.0951
0.57549
-0.20368
-1.2372
-1.9135
-1.9933
-1.8292
-1.5698
-1.2295
-0.76758
-0.087648
0.8964
1.7712
2.0086
1.8964
1.663
1.3513
0.93676
0.3425
-0.54838
-1.5495
-1.9891
-1.952
-1.7482
-1.4625
-1.0872
-0.5641
0.22086
1.2551
1.9192
1.9917
1.8252
1.5645
1.2224
0.75759
0.072494
-0.91577
-1.7811
-2.0086
-1.8929
-1.658
-1.3449
-0.92791
-0.32929
0.56732
1.5638
1.9914
1.9492
1.7436
1.4566
1.0793
0.55257
-0.23825
-1.273
-1.9247
-1.99
-1.8211
-1.559
-1.2152
-0.7474
-0.057053
0.93537
1.791
2.0084
1.8894
1.653
1.3383
0.91895
0.3159
-0.58642
-1.578
-1.9935
-1.9465
-1.7391
-1.4506
-1.0713
-0.54099
0.25567
1.2907
1.93
1.9883
1.817
1.5536
1.2081
0.73734
0.041767
-0.95453
-1.8003
-2.0081
-1.8859
-1.648
-1.3318
-0.91002
-0.30254
0.6054
1.5918
1.9954
1.9437
1.7345
1.4447
1.0634
0.52935
-0.27316
-1.3081
-1.9351
-1.9865
-1.8129
-1.5481
-1.2009
-0.72715
-0.026283
0.97379
1.8094
2.0078
1.8824
1.643
1.3253
0.90101
0.28904
-0.62449
-1.6055
-1.9972
-1.9408
-1.73
-1.4387
-1.0553
-0.51758
0.2908
1.3255
1.9399
1.9846
1.8088
1.5426
1.1936
0.71684
0.010593
-0.99309
-1.8184
-2.0073
-1.8787
-1.6379
-1.3186
-0.89181
-0.27523
0.64387
1.6191
1.9989
1.9379
1.7253
1.4326
1.0472
0.50569
-0.30863
-1.3428
-1.9447
-1.9826
-1.8047
-1.5371
-1.1863
-0.70645
0.00515
1.0123
1.8271
2.0067
1.8752
1.6329
1.3121
0.88275
0.26163
-0.66293
-1.6321
-2.0004
-1.935
-1.7207
-1.4266
-1.039
-0.49379
0.3264
1.3597
1.9491
1.9806
1.8005
1.5315
1.179
0.69604
-0.020967
-1.0314
-1.8355
-2.0061
-1.8715
-1.6278
-1.3054
-0.87356
-0.24782
0.68214
1.645
2.0017
1.932
1.7161
1.4205
1.0308
0.48177
-0.34431
-1.3766
-1.9534
-1.9786
-1.7963
-1.5259
-1.1716
-0.68553
0.036943
1.0505
1.8437
2.0054
1.8678
1.6227
1.2987
0.86427
0.23385
-0.70152
-1.6577
-2.003
-1.9289
-1.7113
-1.4144
-1.0225
-0.46951
0.36258
1.3934
1.9576
1.9764
1.7921
1.5203
1.1641
0.67488
-0.053097
-1.0696
-1.8518
-2.0045
-1.8641
-1.6175
-1.292
-0.85493
-0.21976
0.72084
1.6702
2.0041
1.9259
1.7067
1.4083
1.0143
0.4574
-0.38053
-1.4097
-1.9615
-1.9742
-1.7878
-1.5147
-1.1567
-0.66425
0.069242
1.0885
1.8595
2.0036
1.8604
1.6124
1.2852
0.84556
0.20563
-0.74015
-1.6823
-2.0051
-1.9228
-1.7019
-1.4021
-1.0059
-0.44511
0.39872
1.426
1.9652
1.972
1.7835
1.509
1.1492
0.65352
-0.085539
-1.1073
-1.867
-2.0026
-1.8566
-1.6072
-1.2784
-0.8361
-0.19137
0.75955
1.6942
2.0059
1.9196
1.6972
1.3959
0.99749
0.43264
-0.4171
-1.4421
-1.9688
-1.9696
-1.7792
-1.5033
-1.1416
-0.64258
0.1021
1.1263
1.8744
2.0016
1.8528
1.6019
1.2716
0.82652
0.1769
-0.77905
-1.706
-2.0067
-1.9164
-1.6924
-1.3896
-0.98903
-0.42015
0.43551
1.458
1.9722
1.9673
1.7749
1.4976
1.1341
0.63176
-0.11854
-1.1448
-1.8813
-2.0004
-1.8489
-1.5967
-1.2647
-0.81697
-0.16246
0.79839
1.7174
2.0073
1.9132
1.6876
1.3834
0.98054
0.40758
-0.45394
-1.4737
-1.9754
-1.9649
-1.7705
-1.4919
-1.1264
-0.62079
0.13516
1.1633
1.8881
1.9991
1.8451
1.5914
1.2578
0.80733
0.14787
-0.8178
-1.7285
-2.0078
-1.91
-1.6828
-1.3771
-0.97197
-0.39487
0.47251
1.4891
1.9785
1.9624
1.7661
1.4861
1.1187
0.60969
-0.15201
-1.1818
-1.8947
-1.9978
-1.8411
-1.5861
-1.2508
-0.79749
-0.133
0.83748
1.7396
2.0082
1.9066
1.6779
1.3707
0.9633
0.38201
-0.49126
-1.5045
-1.9814
-1.9599
-1.7617
-1.4803
-1.111
-0.59853
0.16886
1.2001
1.9011
1.9964
1.8373
1.5808
1.2439
0.78779
0.11829
-0.85673
-1.7502
-2.0084
-1.9033
-1.673
-1.3644
-0.95466
-0.36916
0.50991
1.5195
1.9841
1.9574
1.7573
1.4745
1.1033
0.58732
-0.18581
-1.2183
-1.9073
-1.9949
-1.8333
-1.5755
-1.2369
-0.77795
-0.10337
0.87612
1.7606
2.0086
1.8999
1.6681
1.358
0.94594
0.35618
-0.52868
-1.5342
-1.9866
-1.9547
-1.7528
-1.4686
-1.0954
-0.576
0.20292
1.2364
1.9132
1.9934
1.8293
1.5701
1.2298
0.768
0.088281
-0.89559
-1.7708
-2.0086
-1.8965
-1.6631
-1.3515
-0.93704
-0.3429
0.54777
1.549
1.9891
1.9521
1.7483
1.4627
1.0875
0.56454
-0.2202
-1.2545
-1.9189
-1.9918
-1.8253
-1.5647
-1.2227
-0.75798
-0.073096
0.91501
1.7808
2.0086
1.8931
1.6582
1.3451
0.92827
0.32983
-0.56654
-1.5632
-1.9913
-1.9494
-1.7438
-1.4569
-1.0797
-0.55309
0.23746
1.2722
1.9244
1.9901
1.8213
1.5593
1.2156
0.74794
0.057854
-0.93433
-1.7904
-2.0084
-1.8896
-1.6533
-1.3387
-0.91939
-0.31655
0.5855
1.5773
1.9934
1.9466
1.7393
1.4509
1.0717
0.54152
-0.25486
-1.2899
-1.9297
-1.9884
-1.8172
-1.5538
-1.2084
-0.7378
-0.042452
0.95366
1.7999
2.0081
1.8861
1.6483
1.3321
0.91039
0.3031
-0.60463
-1.5913
-1.9953
-1.9438
-1.7347
-1.4449
-1.0636
-0.52975
0.27259
1.3076
1.9349
1.9866
1.8131
1.5483
1.2011
0.72753
0.02687
-0.97307
-1.8091
-2.0078
-1.8825
-1.6432
-1.3256
-0.90136
-0.28956
0.62374
1.6049
1.9971
1.9409
1.7301
1.4389
1.0556
0.51808
-0.29007
-1.3248
-1.9397
-1.9847
-1.809
-1.5428
-1.1939
-0.71729
-0.011305
0.99224
1.818
2.0073
1.8789
1.6382
1.319
0.89231
0.27598
-0.64285
-1.6183
-1.9988
-1.938
-1.7255
-1.4329
-1.0476
-0.50625
0.30777
1.342
1.9444
1.9827
1.8049
1.5373
1.1866
0.70694
-0.0044138
-1.0114
-1.8267
-2.0068
-1.8753
-1.6331
-1.3124
-0.88317
-0.26226
0.66207
1.6315
2.0003
1.9351
1.7209
1.4269
1.0394
0.49426
-0.32567
-1.359
-1.949
-1.9807
-1.8006
-1.5317
-1.1792
-0.69638
0.020403
1.0308
1.8353
2.0062
1.8717
1.628
1.3057
0.87391
0.24834
-0.68142
-1.6445
-2.0017
-1.9321
-1.7162
-1.4208
-1.0312
-0.48225
0.34361
1.3759
1.9533
1.9786
1.7965
1.5262
1.1719
0.68596
-0.036277
-1.0497
-1.8434
-2.0054
-1.868
-1.6229
-1.299
-0.86468
-0.23445
0.70064
1.6571
2.0029
1.9291
1.7116
1.4147
1.0229
0.47016
-0.36159
-1.3925
-1.9574
-1.9765
-1.7922
-1.5206
-1.1645
-0.67539
0.052327
1.0687
1.8514
2.0046
1.8643
1.6178
1.2923
0.85537
0.22042
-0.71994
-1.6696
-2.004
-1.926
-1.7069
-1.4085
-1.0146
-0.45793
0.37972
1.409
1.9613
1.9743
1.788
1.5149
1.157
0.6647
-0.068593
-1.0877
-1.8592
-2.0036
-1.8605
-1.6125
-1.2855
-0.84586
-0.20609
0.73953
1.6819
2.0051
1.9229
1.7021
1.4023
1.0062
0.44558
-0.39804
-1.4254
-1.9651
-1.9721
-1.7837
-1.5093
-1.1495
-0.65394
0.084884
1.1065
1.8667
2.0027
1.8568
1.6074
1.2787
0.83649
0.19195
-0.75874
-1.6938
-2.0059
-1.9198
-1.6974
-1.3962
-0.99787
-0.43322
0.41627
1.4414
1.9687
1.9698
1.7794
1.5036
1.142
0.64315
-0.10127
-1.1252
-1.874
-2.0016
-1.853
-1.6022
-1.2719
-0.82699
-0.1776
0.77811
1.7054
2.0066
1.9166
1.6926
1.3899
0.98943
0.42073
-0.43464
-1.4573
-1.9721
-1.9674
-1.7751
-1.4979
-1.1344
-0.63225
0.11782
1.1439
1.881
2.0004
1.8491
1.5969
1.265
0.81738
0.16309
-0.79761
-1.7169
-2.0073
-1.9133
-1.6877
-1.3836
-0.98081
-0.40798
0.45336
1.4732
1.9754
1.965
1.7707
1.4921
1.1267
0.62121
-0.13452
-1.1626
-1.8879
-1.9992
-1.8452
-1.5916
-1.2581
-0.80771
-0.14845
0.81704
1.7281
2.0078
1.9101
1.683
1.3774
0.97232
0.3954
-0.47175
-1.4885
-1.9784
-1.9625
-1.7663
-1.4864
-1.1191
-0.61018
0.15123
1.181
1.8944
1.9979
1.8414
1.5863
1.2512
0.79802
0.13378
-0.83642
-1.739
-2.0081
-1.9068
-1.6781
-1.3711
-0.96372
-0.38263
0.49035
1.5037
1.9812
1.96
1.7619
1.4806
1.1114
0.59905
-0.16808
-1.1993
-1.9008
-1.9965
-1.8374
-1.581
-1.2442
-0.78823
-0.11895
0.85585
1.7497
2.0084
1.9034
1.6732
1.3647
0.95501
0.36968
-0.50914
-1.5188
-1.984
-1.9574
-1.7574
-1.4747
-1.1035
-0.58771
0.18524
1.2177
1.9071
1.995
1.8335
1.5757
1.2371
0.77832
0.10394
-0.8754
-1.7602
-2.0086
-1.9001
-1.6683
-1.3583
-0.94628
-0.35669
0.52794
1.5337
1.9865
1.9549
1.753
1.4689
1.0958
0.57647
-0.2022
-1.2357
-1.9129
-1.9935
-1.8295
-1.5703
-1.2301
-0.76843
-0.088947
0.89473
1.7704
2.0086
1.8967
1.6634
1.3519
0.93752
0.34363
-0.54676
-1.5482
-1.9889
-1.9522
-1.7485
-1.463
-1.0879
-0.56509
0.21937
1.2536
1.9187
1.9919
1.8255
1.5649
1.223
0.75845
0.073803
-0.9141
-1.7803
-2.0086
-1.8932
-1.6585
-1.3454
-0.92868
-0.33043
0.56569
1.5626
1.9912
1.9495
1.744
1.4571
1.08
0.55356
-0.23676
-1.2715
-1.9242
-1.9902
-1.8214
-1.5594
-1.2158
-0.74827
-0.058371
0.93371
1.7901
2.0084
1.8897
1.6535
1.3389
0.91972
0.31704
-0.58478
-1.5768
-1.9933
-1.9467
-1.7395
-1.4512
-1.072
-0.54199
0.25417
1.2892
1.9295
1.9884
1.8174
1.554
1.2087
0.73822
0.043096
-0.95287
-1.7995
-2.0082
-1.8862
-1.6485
-1.3324
-0.9108
-0.30369
0.60376
1.5907
1.9953
1.9439
1.7349
1.4452
1.064
0.53035
-0.27165
-1.3066
-1.9346
-1.9866
-1.8133
-1.5486
-1.2015
-0.72803
-0.027621
0.97213
1.8087
2.0078
1.8827
1.6435
1.3259
0.90179
0.2902
-0.62285
-1.6043
-1.997
-1.9411
-1.7304
-1.4392
-1.056
-0.5186
0.28928
1.324
1.9395
1.9847
1.8092
1.5431
1.1942
0.71773
0.011942
-0.99143
-1.8177
-2.0073
-1.879
-1.6384
-1.3192
-0.8926
-0.27641
0.64222
1.6179
1.9988
1.9382
1.7257
1.4332
1.0479
0.50671
-0.3071
-1.3413
-1.9443
-1.9828
-1.805
-1.5375
-1.1869
-0.70735
0.0037918
1.0107
1.8264
2.0068
1.8755
1.6333
1.3126
0.88354
0.26282
-0.66127
-1.631
-2.0002
-1.9352
-1.7211
-1.4271
-1.0397
-0.49482
0.32486
1.3583
1.9488
1.9808
1.8009
1.532
1.1796
0.69694
-0.019598
-1.0298
-1.8348
-2.0062
-1.8718
-1.6282
-1.306
-0.87436
-0.24902
0.68049
1.6439
2.0016
1.9323
1.7165
1.4211
1.0316
0.4828
-0.34277
-1.3751
-1.9531
-1.9787
-1.7967
-1.5264
-1.1722
-0.68644
0.035565
1.0489
1.843
2.0054
1.8681
1.6231
1.2993
0.86507
0.23505
-0.69986
-1.6566
-2.0029
-1.9292
-1.7117
-1.4149
-1.0232
-0.47056
0.36102
1.392
1.9573
1.9766
1.7924
1.5208
1.1648
0.67579
-0.051709
-1.068
-1.8511
-2.0046
-1.8644
-1.618
-1.2926
-0.85573
-0.22097
0.71918
1.6691
2.004
1.9262
1.7071
1.4088
1.015
0.45845
-0.37897
-1.4083
-1.9612
-1.9744
-1.7882
-1.5152
-1.1574
-0.66517
0.067845
1.0868
1.8588
2.0037
1.8607
1.6128
1.2858
0.84637
0.20686
-0.73849
-1.6813
-2.005
-1.9231
-1.7023
-1.4026
-1.0067
-0.44617
0.39715
1.4246
1.9649
1.9722
1.7839
1.5095
1.1499
0.65445
-0.084132
-1.1057
-1.8663
-2.0027
-1.8569
-1.6076
-1.279
-0.83692
-0.1926
0.75788
1.6932
2.0059
1.9199
1.6976
1.3964
0.99821
0.43371
-0.41552
-1.4408
-1.9685
-1.9698
-1.7795
-1.5038
-1.1422
-0.64351
0.10069
1.1246
1.8738
2.0016
1.8531
1.6024
1.2722
0.82734
0.17814
-0.77738
-1.705
-2.0066
-1.9167
-1.6928
-1.3902
-0.98976
-0.42123
0.43392
1.4567
1.9719
1.9675
1.7753
1.4981
1.1347
0.6327
-0.11712
-1.1432
-1.8807
-2.0005
-1.8493
-1.5971
-1.2653
-0.8178
-0.16371
0.79672
1.7164
2.0072
1.9135
1.688
1.3839
0.98127
0.40867
-0.45235
-1.4723
-1.9752
-1.9651
-1.7709
-1.4924
-1.1271
-0.62174
0.13373
1.1617
1.8875
1.9992
1.8454
1.5919
1.2584
0.80816
0.14914
-0.81613
-1.7276
-2.0077
-1.9102
-1.6832
-1.3776
-0.97271
-0.39597
0.47091
1.4878
1.9782
1.9626
1.7665
1.4866
1.1194
0.61064
-0.15056
-1.1803
-1.8942
-1.9979
-1.8415
-1.5865
-1.2514
-0.79833
-0.13427
0.83581
1.7387
2.0082
1.9069
1.6783
1.3713
0.96405
0.38311
-0.48966
-1.5032
-1.9811
-1.9601
-1.7621
-1.4808
-1.1117
-0.59949
0.16741
1.1986
1.9006
1.9965
1.8376
1.5812
1.2445
0.78863
0.11957
-0.85506
-1.7493
-2.0084
-1.9036
-1.6734
-1.365
-0.95541
-0.37027
0.5083
1.5182
1.9839
1.9576
1.7577
1.475
1.1039
0.58829
-0.18435
-1.2168
-1.9067
-1.9951
-1.8337
-1.5759
-1.2375
-0.7788
-0.10466
0.87445
1.7597
2.0086
1.9002
1.6685
1.3586
0.94669
0.3573
-0.52706
-1.533
-1.9864
-1.955
-1.7532
-1.4692
-1.0961
-0.57698
0.20145
1.2349
1.9127
1.9935
1.8297
1.5705
1.2304
0.76886
0.089581
-0.89392
-1.77
-2.0086
-1.8968
-1.6636
-1.3521
-0.9378
-0.34403
0.54615
1.5478
1.9889
1.9523
1.7487
1.4632
1.0882
0.56553
-0.21872
-1.2529
-1.9185
-1.9919
-1.8257
-1.5651
-1.2233
-0.75884
-0.074405
0.91334
1.7799
2.0086
1.8934
1.6587
1.3457
0.92904
0.33097
-0.56491
-1.562
-1.9911
-1.9496
-1.7442
-1.4574
-1.0803
-0.55408
0.23596
1.2707
1.924
1.9903
1.8216
1.5597
1.2162
0.74881
0.059173
-0.93266
-1.7896
-2.0084
-1.8899
-1.6537
-1.3392
-0.92016
-0.3177
0.58386
1.5761
1.9932
1.9468
1.7397
1.4514
1.0724
0.54252
-0.25336
-1.2883
-1.9293
-1.9885
-1.8176
-1.5543
-1.209
-0.73868
-0.04378
0.952
1.7991
2.0082
1.8864
1.6487
1.3327
0.91116
0.30425
-0.60299
-1.5901
-1.9952
-1.944
-1.7351
-1.4454
-1.0643
-0.53075
0.27108
1.3061
1.9345
1.9867
1.8135
1.5488
1.2018
0.72841
0.028208
-0.97141
-1.8083
-2.0078
-1.8828
-1.6437
-1.3261
-0.90214
-0.29073
0.62209
1.6038
1.997
1.9412
1.7305
1.4395
1.0563
0.51909
-0.28855
-1.3233
-1.9393
-1.9848
-1.8094
-1.5433
-1.1945
-0.71817
-0.012653
0.99059
1.8172
2.0074
1.8792
1.6386
1.3196
0.89309
0.27716
-0.6412
-1.6172
-1.9986
-1.9383
-1.7259
-1.4335
-1.0483
-0.50727
0.30624
1.3405
1.944
1.9829
1.8052
1.5378
1.1873
0.70783
-0.003056
-1.0098
-1.826
-2.0068
-1.8756
-1.6336
-1.3129
-0.88396
-0.26345
0.66042
1.6304
2.0002
1.9353
1.7213
1.4274
1.0401
0.49529
-0.32413
-1.3576
-1.9486
-1.9809
-1.801
-1.5322
-1.1798
-0.69728
0.019036
1.0291
1.8346
2.0062
1.872
1.6284
1.3062
0.8747
0.24953
-0.67976
-1.6434
-2.0016
-1.9324
-1.7166
-1.4213
-1.0319
-0.48329
0.34206
1.3745
1.9529
1.9788
1.7968
1.5266
1.1725
0.68687
-0.0349
-1.0481
-1.8427
-2.0055
-1.8683
-1.6233
-1.2996
-0.86548
-0.23565
0.69898
1.6561
2.0028
1.9294
1.712
1.4152
1.0237
0.47121
-0.36004
-1.3911
-1.957
-1.9767
-1.7926
-1.5211
-1.1651
-0.67631
0.05094
1.067
1.8507
2.0046
1.8646
1.6182
1.2929
0.85617
0.22164
-0.71828
-1.6685
-2.004
-1.9263
-1.7073
-1.4091
-1.0154
-0.45899
0.37815
1.4076
1.961
1.9745
1.7883
1.5154
1.1577
0.66562
-0.067196
-1.0861
-1.8585
-2.0037
-1.8608
-1.613
-1.286
-0.84667
-0.20732
0.73786
1.6809
2.005
1.9232
1.7025
1.4029
1.007
0.44664
-0.39647
-1.424
-1.9648
-1.9723
-1.7841
-1.5097
-1.1502
-0.65487
0.083478
1.1049
1.8661
2.0027
1.8571
1.6078
1.2793
0.8373
0.19318
-0.75707
-1.6927
-2.0058
-1.92
-1.6978
-1.3967
-0.9986
-0.43429
0.41469
1.44
1.9684
1.97
1.7798
1.5041
1.1426
0.64408
-0.09985
-1.1236
-1.8733
-2.0017
-1.8533
-1.6026
-1.2725
-0.82781
-0.17884
0.77644
1.7044
2.0066
1.9169
1.693
1.3905
0.99016
0.42181
-0.43306
-1.4559
-1.9718
-1.9676
-1.7754
-1.4984
-1.135
-0.63319
0.11639
1.1423
1.8804
2.0005
1.8494
1.5974
1.2656
0.81821
0.16434
-0.79594
-1.7159
-2.0072
-1.9136
-1.6882
-1.3841
-0.98155
-0.40906
0.45176
1.4719
1.9751
1.9652
1.7711
1.4926
1.1274
0.62215
-0.13309
-1.161
-1.8873
-1.9993
-1.8456
-1.5921
-1.2587
-0.80854
-0.14971
0.81537
1.7272
2.0077
1.9104
1.6834
1.3779
0.97306
0.3965
-0.47015
-1.4872
-1.9781
-1.9628
-1.7667
-1.4869
-1.1197
-0.61114
0.14978
1.1794
1.8939
1.998
1.8417
1.5868
1.2518
0.79885
0.13505
-0.83475
-1.7381
-2.0081
-1.9071
-1.6785
-1.3716
-0.96447
-0.38374
0.48875
1.5024
1.981
1.9603
1.7623
1.4811
1.112
0.60001
-0.16663
-1.1977
-1.9003
-1.9966
-1.8378
-1.5815
-1.2448
-0.78908
-0.12023
0.85418
1.7488
2.0084
1.9037
1.6736
1.3652
0.95576
0.37079
-0.50753
-1.5175
-1.9837
-1.9577
-1.7578
-1.4752
-1.1042
-0.58868
0.18377
1.2162
1.9066
1.9952
1.8338
1.5761
1.2377
0.77917
0.10523
-0.87373
-1.7593
-2.0086
-1.9004
-1.6687
-1.3588
-0.94703
-0.35781
0.52632
1.5324
1.9863
1.9551
1.7534
1.4694
1.0964
0.57744
-0.20073
-1.2341
-1.9124
-1.9936
-1.8298
-1.5708
-1.2307
-0.76929
-0.090246
0.89307
1.7695
2.0086
1.897
1.6638
1.3524
0.93827
0.34476
-0.54513
-1.547
-1.9887
-1.9524
-1.7489
-1.4635
-1.0886
-0.56607
0.21789
1.2521
1.9182
1.992
1.8258
1.5654
1.2236
0.75931
0.075111
-0.91243
-1.7795
-2.0086
-1.8935
-1.6589
-1.346
-0.92944
-0.33157
0.56406
1.5614
1.991
1.9497
1.7444
1.4576
1.0807
0.55455
-0.23527
-1.27
-1.9237
-1.9903
-1.8218
-1.5599
-1.2164
-0.74913
-0.059689
0.93204
1.7893
2.0085
1.89
1.6539
1.3395
0.92049
0.31819
-0.58315
-1.5756
-1.9931
-1.947
-1.7399
-1.4517
-1.0727
-0.54299
0.25267
1.2877
1.9291
1.9886
1.8177
1.5545
1.2093
0.73909
0.044424
-0.95121
-1.7987
-2.0082
-1.8865
-1.6489
-1.333
-0.91157
-0.30485
0.60212
1.5895
1.9951
1.9442
1.7353
1.4457
1.0647
0.53136
-0.27013
-1.3051
-1.9342
-1.9868
-1.8137
-1.549
-1.2021
-0.72891
-0.028959
0.97047
1.8079
2.0078
1.883
1.6439
1.3264
0.90257
0.29137
-0.6212
-1.6031
-1.9969
-1.9413
-1.7307
-1.4397
-1.0567
-0.51961
0.28776
1.3225
1.9391
1.9849
1.8095
1.5435
1.1948
0.71861
0.01329
-0.98978
-1.8169
-2.0074
-1.8794
-1.6388
-1.3198
-0.89338
-0.27758
0.64057
1.6168
1.9986
1.9384
1.7261
1.4337
1.0486
0.50773
-0.30557
-1.3398
-1.9439
-1.983
-1.8054
-1.538
-1.1876
-0.70824
0.0024344
1.009
1.8256
2.0069
1.8758
1.6338
1.3132
0.88433
0.264
-0.65962
-1.6298
-2.0001
-1.9355
-1.7215
-1.4277
-1.0404
-0.49585
0.32332
1.3568
1.9484
1.981
1.8012
1.5325
1.1802
0.69784
-0.018231
-1.0281
-1.8341
-2.0062
-1.8721
-1.6287
-1.3066
-0.87515
-0.25021
0.67883
1.6428
2.0015
1.9325
1.7169
1.4216
1.0323
0.48384
-0.34122
-1.3737
-1.9527
-1.9789
-1.797
-1.5269
-1.1729
-0.68734
0.034188
1.0472
1.8423
2.0055
1.8685
1.6235
1.2999
0.86587
0.23626
-0.6982
-1.6555
-2.0028
-1.9294
-1.7121
-1.4154
-1.0239
-0.4716
0.35947
1.3906
1.9569
1.9768
1.7928
1.5213
1.1654
0.67671
-0.050322
-1.0663
-1.8504
-2.0047
-1.8647
-1.6184
-1.2931
-0.85653
-0.22218
0.71752
1.668
2.0039
1.9264
1.7075
1.4093
1.0157
0.45951
-0.37741
-1.4069
-1.9608
-1.9746
-1.7885
-1.5157
-1.158
-0.66609
0.066448
1.0852
1.8582
2.0038
1.861
1.6132
1.2864
0.84718
0.20808
-0.73682
-1.6802
-2.0049
-1.9233
-1.7027
-1.4032
-1.0074
-0.44723
0.39558
1.4232
1.9646
1.9724
1.7843
1.51
1.1505
0.65537
-0.082726
-1.104
-1.8657
-2.0028
-1.8572
-1.6081
-1.2796
-0.83773
-0.19383
0.75621
1.6922
2.0058
1.9202
1.698
1.397
0.99894
0.43478
-0.41394
-1.4394
-1.9682
-1.97
-1.7799
-1.5043
-1.1429
-0.64445
0.099269
1.123
1.8731
2.0017
1.8534
1.6028
1.2727
0.82816
0.17938
-0.77571
-1.704
-2.0066
-1.917
-1.6932
-1.3907
-0.99049
-0.42231
0.43234
1.4553
1.9716
1.9677
1.7756
1.4986
1.1354
0.63364
-0.11569
-1.1416
-1.8801
-2.0006
-1.8496
-1.5976
-1.2659
-0.81862
-0.16496
0.79505
1.7154
2.0072
1.9138
1.6884
1.3845
0.98201
0.40975
-0.45076
-1.471
-1.9749
-1.9653
-1.7713
-1.4929
-1.1277
-0.62269
0.13229
1.1601
1.887
1.9993
1.8458
1.5923
1.259
0.809
0.15039
-0.81446
-1.7266
-2.0077
-1.9105
-1.6836
-1.3782
-0.97345
-0.39706
0.46931
1.4865
1.978
1.9629
1.7669
1.4871
1.1201
0.6116
-0.14912
-1.1787
-1.8936
-1.998
-1.8418
-1.587
-1.252
-0.79917
-0.13554
0.83414
1.7378
2.0081
1.9072
1.6787
1.3718
0.96479
0.38422
-0.48805
-1.5019
-1.9809
-1.9604
-1.7625
-1.4813
-1.1123
-0.60045
0.16595
1.197
1.9
1.9967
1.8379
1.5817
1.2451
0.78948
0.12084
-0.85339
-1.7484
-2.0084
-1.9039
-1.6739
-1.3655
-0.95615
-0.37139
0.50668
1.5169
1.9836
1.9578
1.7581
1.4755
1.1046
0.58926
-0.18288
-1.2152
-1.9062
-1.9952
-1.834
-1.5764
-1.2381
-0.77965
-0.10595
0.87278
1.7588
2.0086
1.9005
1.669
1.3591
0.94744
0.35842
-0.52544
-1.5317
-1.9862
-1.9552
-1.7536
-1.4697
-1.0968
-0.57795
0.19998
1.2333
1.9122
1.9937
1.83
1.571
1.231
0.76971
0.090879
-0.89225
-1.7691
-2.0086
-1.8971
-1.664
-1.3526
-0.93856
-0.34516
0.54452
1.5465
1.9887
1.9525
1.7491
1.4638
1.0889
0.56651
-0.21723
-1.2514
-1.918
-1.9921
-1.826
-1.5656
-1.2239
-0.75971
-0.075713
0.91168
1.7791
2.0086
1.8937
1.6591
1.3462
0.9298
0.33211
-0.56328
-1.5608
-1.9909
-1.9498
-1.7446
-1.4579
-1.081
-0.55507
0.23447
1.2692
1.9235
1.9904
1.822
1.5602
1.2168
0.74968
0.06049
-0.931
-1.7888
-2.0084
-1.8902
-1.6541
-1.3398
-0.92092
-0.31885
0.58223
1.5749
1.993
1.9471
1.7401
1.4519
1.0731
0.54352
-0.25185
-1.2868
-1.9288
-1.9887
-1.8179
-1.5547
-1.2096
-0.73955
-0.045108
0.95034
1.7983
2.0082
1.8867
1.6491
1.3332
0.91194
0.30541
-0.60134
-1.5889
-1.995
-1.9442
-1.7355
-1.4459
-1.065
-0.53176
0.26957
1.3046
1.9341
1.9869
1.8138
1.5493
1.2024
0.72929
0.029545
-0.96975
-1.8075
-2.0079
-1.8831
-1.6441
-1.3267
-0.90292
-0.29189
0.62045
1.6026
1.9968
1.9414
1.7309
1.44
1.057
0.5201
-0.28703
-1.3218
-1.9389
-1.985
-1.8097
-1.5438
-1.1952
-0.71906
-0.014
0.98893
1.8165
2.0074
1.8796
1.6391
1.3201
0.89387
0.27833
-0.63955
-1.616
-1.9985
-1.9385
-1.7263
-1.434
-1.0489
-0.5083
0.30471
1.339
1.9436
1.9831
1.8056
1.5383
1.1879
0.70873
-0.0016991
-1.0081
-1.8252
-2.0069
-1.8759
-1.634
-1.3135
-0.88475
-0.26463
0.65876
1.6293
2
1.9356
1.7217
1.4279
1.0408
0.49632
-0.3226
-1.3561
-1.9482
-1.981
-1.8013
-1.5326
-1.1805
-0.69818
0.017669
1.0275
1.8339
2.0063
1.8723
1.6289
1.3068
0.8755
0.25072
-0.6781
-1.6423
-2.0015
-1.9326
-1.717
-1.4218
-1.0326
-0.48433
0.34052
1.373
1.9525
1.979
1.7972
1.5271
1.1732
0.68777
-0.033523
-1.0464
-1.842
-2.0055
-1.8686
-1.6238
-1.3002
-0.86628
-0.23686
0.69732
1.655
2.0027
1.9296
1.7124
1.4157
1.0244
0.47225
-0.35848
-1.3897
-1.9567
-1.9769
-1.793
-1.5215
-1.1658
-0.67722
0.049554
1.0654
1.85
2.0047
1.8649
1.6186
1.2934
0.85697
0.22285
-0.71662
-1.6674
-2.0039
-1.9266
-1.7077
-1.4096
-1.0161
-0.46004
0.37659
1.4062
1.9607
1.9747
1.7887
1.5159
1.1583
0.66654
-0.0658
-1.0844
-1.8579
-2.0038
-1.8611
-1.6134
-1.2866
-0.84748
-0.20854
0.73619
1.6799
2.0049
1.9235
1.7029
1.4034
1.0077
0.4477
-0.3949
-1.4226
-1.9645
-1.9725
-1.7844
-1.5102
-1.1508
-0.6558
0.082072
1.1033
1.8654
2.0028
1.8574
1.6083
1.2799
0.83812
0.19441
-0.75541
-1.6917
-2.0058
-1.9203
-1.6982
-1.3972
-0.99932
-0.43536
0.41312
1.4387
1.9681
1.9702
1.7801
1.5046
1.1433
0.64502
-0.098435
-1.122
-1.8727
-2.0018
-1.8536
-1.6031
-1.2731
-0.82863
-0.18008
0.77477
1.7034
2.0065
1.9171
1.6934
1.391
0.99088
0.42289
-0.43147
-1.4546
-1.9715
-1.9678
-1.7758
-1.4989
-1.1357
-0.63413
0.11496
1.1407
1.8798
2.0006
1.8498
1.5978
1.2662
0.81903
0.16559
-0.79427
-1.715
-2.0072
-1.9139
-1.6886
-1.3847
-0.98228
-0.41015
0.45017
1.4705
1.9748
1.9654
1.7714
1.4931
1.128
0.6231
-0.13165
-1.1594
-1.8867
-1.9994
-1.8459
-1.5925
-1.2593
-0.80937
-0.15097
0.8137
1.7262
2.0077
1.9107
1.6838
1.3785
0.9738
0.39759
-0.46855
-1.4859
-1.9778
-1.963
-1.7671
-1.4874
-1.1204
-0.61209
0.14834
1.1778
1.8933
1.9981
1.842
1.5873
1.2524
0.79969
0.13632
-0.83308
-1.7372
-2.0081
-1.9074
-1.6789
-1.3721
-0.96521
-0.38484
0.48714
1.5011
1.9808
1.9605
1.7627
1.4816
1.1127
0.60097
-0.16518
-1.1961
-1.8997
-1.9967
-1.8381
-1.5819
-1.2454
-0.78992
-0.12151
0.85251
1.7479
2.0084
1.904
1.6741
1.3658
0.9565
0.3719
-0.50591
-1.5163
-1.9835
-1.9579
-1.7582
-1.4757
-1.1048
-0.58965
0.18231
1.2146
1.906
1.9953
1.8342
1.5766
1.2383
0.78002
0.10652
-0.87206
-1.7584
-2.0086
-1.9007
-1.6692
-1.3594
-0.94779
-0.35893
0.52471
1.5311
1.9861
1.9553
1.7538
1.4699
1.0971
0.57842
-0.19925
-1.2326
-1.9119
-1.9937
-1.8302
-1.5712
-1.2313
-0.77014
-0.091544
0.8914
1.7686
2.0086
1.8973
1.6643
1.353
0.93903
0.34589
-0.54351
-1.5457
-1.9885
-1.9527
-1.7493
-1.464
-1.0893
-0.56706
0.21641
1.2505
1.9177
1.9921
1.8262
1.5658
1.2242
0.76018
0.076418
-0.91077
-1.7786
-2.0086
-1.8938
-1.6593
-1.3465
-0.9302
-0.33271
0.56243
1.5601
1.9908
1.9499
1.7448
1.4581
1.0813
0.55554
-0.23378
-1.2685
-1.9233
-1.9905
-1.8221
-1.5604
-1.217
-0.75
-0.061006
0.93038
1.7885
2.0085
1.8903
1.6543
1.34
0.92126
0.31934
-0.58151
-1.5744
-1.993
-1.9472
-1.7403
-1.4522
-1.0734
-0.54398
0.25116
1.2861
1.9286
1.9887
1.8181
1.555
1.2099
0.73997
0.045751
-0.94955
-1.7979
-2.0082
-1.8868
-1.6493
-1.3335
-0.91234
-0.30601
0.60048
1.5883
1.9949
1.9444
1.7357
1.4462
1.0654
0.53236
-0.26862
-1.3036
-1.9338
-1.9869
-1.814
-1.5495
-1.2027
-0.72979
-0.030296
0.96881
1.8071
2.0079
1.8833
1.6443
1.327
0.90334
0.29254
-0.61956
-1.602
-1.9967
-1.9416
-1.7311
-1.4402
-1.0574
-0.52062
0.28624
1.321
1.9387
1.9851
1.8099
1.544
1.1955
0.7195
0.014637
-0.98812
-1.8162
-2.0074
-1.8797
-1.6392
-1.3203
-0.89416
-0.27876
0.63892
1.6156
1.9985
1.9387
1.7265
1.4342
1.0493
0.50875
-0.30404
-1.3384
-1.9435
-1.9831
-1.8057
-1.5385
-1.1882
-0.70913
0.0010779
1.0074
1.8249
2.0069
1.8761
1.6342
1.3138
0.88512
0.26518
-0.65797
-1.6287
-2
-1.9357
-1.7219
-1.4282
-1.0411
-0.49688
0.32179
1.3554
1.948
1.9811
1.8016
1.5329
1.1809
0.69874
-0.016865
-1.0265
-1.8334
-2.0063
-1.8725
-1.6291
-1.3071
-0.87594
-0.2514
0.67717
1.6417
2.0014
1.9328
1.7173
1.4221
1.033
0.48488
-0.33968
-1.3722
-1.9523
-1.9791
-1.7974
-1.5274
-1.1735
-0.68825
0.032812
1.0456
1.8416
2.0056
1.8688
1.624
1.3004
0.86667
0.23746
-0.69654
-1.6545
-2.0027
-1.9297
-1.7125
-1.4159
-1.0246
-0.47265
0.35791
1.3892
1.9566
1.977
1.7931
1.5217
1.1661
0.67762
-0.048937
-1.0647
-1.8497
-2.0048
-1.8651
-1.6188
-1.2937
-0.85734
-0.22339
0.71585
1.667
2.0038
1.9267
1.7079
1.4099
1.0164
0.46056
-0.37585
-1.4055
-1.9605
-1.9748
-1.7889
-1.5161
-1.1586
-0.66701
0.065053
1.0836
1.8575
2.0039
1.8613
1.6137
1.287
0.84799
0.2093
-0.73516
-1.6792
-2.0048
-1.9236
-1.7032
-1.4037
-1.0081
-0.44829
0.39401
1.4218
1.9643
1.9726
1.7846
1.5105
1.1512
0.6563
-0.08132
-1.1024
-1.8651
-2.0029
-1.8576
-1.6085
-1.2802
-0.83855
-0.19506
0.75454
1.6912
2.0057
1.9204
1.6984
1.3975
0.99966
0.43585
-0.41236
-1.438
-1.9679
-1.9702
-1.7803
-1.5048
-1.1435
-0.64538
0.097853
1.1214
1.8725
2.0018
1.8538
1.6033
1.2733
0.82899
0.18062
-0.77404
-1.703
-2.0065
-1.9173
-1.6936
-1.3913
-0.99122
-0.42338
0.43075
1.454
1.9714
1.9679
1.776
1.4991
1.136
0.63458
-0.11429
