-63
-63
-62
-61
-61
-61
-60
-59
-59
-60
-60
-59
-59
-59
-59
-59
-58
-58
-58
-58
-58
-59
-59
-58
-58
-58
-58
-59
-59
-59
-59
-58
-58
-60
-60
-59
-59
-60
-61
-61
-61
-60
-60
-61
-61
-62
-61
-59
-60
-61
-62
-62
-61
-61
-60
-61
-61
-61
-61
-61
-61
-62
-62
-61
-60
-59
-60
-60
-60
-59
-60
-60
-60
-59
-58
-57
-57
-57
-57
-56
-55
-56
-56
-55
-55
-55
-55
-53
-53
-53
-53
-52
-51
-50
-50
-50
-50
-50
-49
-47
-46
-46
-47
-46
-45
-45
-44
-43
-41
-41
-41
-41
-42
-42
-42
-41
-41
-40
-39
-38
-38
-38
-37
-37
-36
-35
-34
-34
-34
-34
-33
-32
-33
-33
-32
-31
-32
-33
-31
-28
-28
-28
-28
-28
-28
-28
-27
-27
-26
-26
-26
-26
-27
-26
-25
-24
-24
-24
-24
-24
-25
-25
-25
-24
-24
-23
-23
-23
-23
-23
-22
-22
-22
-22
-22
-22
-23
-23
-22
-22
-23
-24
-24
-24
-24
-24
-23
-24
-25
-26
-26
-25
-25
-26
-26
-26
-27
-27
-28
-28
-29
-29
-28
-29
-30
-31
-31
-30
-29
-30
-31
-32
-32
-31
-31
-31
-32
-33
-33
-33
-32
-31
-30
-31
-31
-30
-29
-30
-30
-29
-29
-29
-29
-30
-30
-28
-25
-25
-26
-27
-27
-26
-26
-26
-26
-26
-26
-26
-26
-27
-27
-27
-28
-29
-30
-30
-31
-32
-33
-33
-34
-35
-36
-37
-37
-38
-39
-40
-41
-41
-43
-44
-44
-45
-47
-47
-47
-48
-49
-49
-48
-48
-48
-50
-51
-51
-51
-51
-52
-53
-53
-54
-54
-54
-54
-54
-54
-54
-54
-55
-55
-56
-56
-56
-57
-57
-57
-57
-58
-58
-58
-58
-59
-60
-60
-59
-59
-61
-62
-63
-62
-63
-63
-64
-64
-65
-65
-65
-64
-64
-65
-66
-66
-66
-65
-65
-65
-66
-66
-66
-65
-65
-65
-65
-66
-66
-65
-65
-66
-66
-65
-64
-65
-65
-65
-65
-66
-65
-65
-64
-64
-64
-63
-63
-62
-62
-63
-63
-63
-63
-63
-61
-60
-61
-62
-63
-62
-61
-61
-60
-60
-60
-61
-60
-60
-59
-60
-60
-60
-60
-60
-60
-60
-59
-59
-59
-59
-59
-60
-60
-60
-60
-60
-60
-60
-61
-62
-62
-61
-59
-59
-60
-59
-59
-59
-59
-59
-59
-59
-59
-59
-58
-58
-57
-58
-59
-59
-58
-57
-57
-57
-56
-56
-57
-57
-57
-57
-56
-56
-56
-56
-56
-55
-55
-55
-55
-55
-55
-54
-53
-53
-52
-51
-50
-49
-49
-48
-47
-45
-44
-43
-43
-42
-40
-39
-38
-36
-35
-34
-33
-30
-28
-27
-26
-24
-22
-20
-18
-17
-15
-13
-12
-10
-7
-5
-4
-3
-1
0
1
2
4
5
8
10
11
11
13
14
17
19
20
21
23
25
26
28
30
31
32
33
35
37
38
40
42
43
43
45
48
50
52
55
56
57
58
58
59
61
63
65
66
68
70
72
74
74
75
77
79
79
80
82
84
84
85
86
87
89
90
91
92
94
95
96
96
96
98
99
100
99
99
101
102
102
103
104
105
105
105
106
106
107
108
108
107
107
106
106
107
109
110
108
107
107
108
108
109
109
108
107
107
108
108
108
108
107
106
107
107
108
108
108
107
108
109
109
108
108
109
110
109
110
111
111
112
112
112
112
111
113
114
113
114
115
116
116
116
117
118
119
119
119
119
120
121
122
123
124
124
126
127
128
129
130
131
132
133
135
136
136
137
139
140
141
142
143
144
144
146
148
149
150
151
152
152
153
155
155
156
158
160
161
161
162
163
164
164
164
165
167
168
168
168
170
172
174
173
173
172
174
176
177
177
178
180
181
181
181
182
183
184
184
186
187
187
187
189
190
191
191
193
193
193
194
195
196
197
197
197
198
198
199
200
202
203
204
204
204
204
205
205
206
207
208
209
210
211
211
211
212
214
216
217
217
217
217
218
219
220
219
220
222
223
224
224
226
227
228
229
229
230
231
233
235
236
237
238
239
239
240
241
243
244
246
246
247
248
249
249
250
252
253
254
255
255
255
255
257
258
260
260
261
261
261
263
265
265
265
266
267
268
269
270
270
271
274
275
275
275
278
279
281
282
284
284
284
285
287
289
290
291
293
294
295
296
298
299
301
301
303
304
306
307
308
309
310
312
314
315
314
315
316
317
318
319
320
320
320
320
321
323
324
324
324
324
324
324
325
325
326
325
325
325
326
326
326
326
325
325
325
326
325
324
323
323
323
323
322
322
322
321
321
322
321
320
320
320
318
317
317
317
315
314
313
313
312
312
312
312
311
309
308
308
309
308
307
306
306
306
306
306
305
304
303
303
304
304
303
302
300
299
299
299
300
300
299
297
297
298
298
297
296
297
297
297
296
296
296
295
293
291
290
289
290
291
291
289
287
287
287
286
285
285
284
284
283
283
281
279
279
278
276
275
275
274
272
270
269
269
267
265
264
263
262
261
259
257
256
256
255
254
252
251
249
248
247
245
243
242
241
239
238
238
237
235
234
232
232
231
230
229
227
226
226
225
223
221
220
219
218
217
215
214
213
213
212
210
208
207
206
204
203
202
201
200
199
199
198
197
196
194
193
192
190
189
187
186
185
185
184
183
182
180
179
178
177
177
175
173
172
172
171
170
169
167
165
163
162
160
160
159
157
155
153
152
151
149
147
145
144
142
140
138
137
137
136
134
133
131
130
128
125
124
123
122
120
119
118
117
115
113
111
109
107
106
105
105
105
103
101
100
98
97
96
95
94
93
92
91
90
90
88
85
84
83
81
80
80
79
79
78
77
77
76
76
75
73
73
72
71
70
71
70
70
69
69
68
68
68
68
68
68
67
66
66
66
67
67
66
66
66
65
64
64
65
65
65
64
63
62
62
62
61
60
59
59
59
59
59
58
58
58
57
57
57
56
55
54
53
53
53
54
54
52
51
51
51
51
50
50
51
50
48
47
48
48
48
49
48
48
47
47
48
47
47
46
44
44
44
45
45
45
44
43
43
43
44
44
43
42
42
42
43
42
42
42
43
42
42
42
43
42
42
42
43
43
42
42
42
43
44
44
44
44
44
45
46
46
46
45
45
46
47
48
48
48
47
47
47
47
48
47
47
47
47
46
45
46
48
49
48
47
46
47
47
47
47
47
47
47
47
48
48
48
48
47
47
47
48
48
48
47
48
48
47
46
47
47
47
46
46
46
46
46
45
44
43
43
43
43
42
43
42
42
41
40
40
39
39
38
38
37
37
36
36
36
36
36
36
36
35
35
35
35
34
34
34
33
33
33
33
32
32
32
32
31
31
32
32
32
31
30
28
27
26
25
24
24
24
25
25
23
22
22
21
20
18
18
18
17
15
15
14
13
12
11
10
9
8
8
8
7
6
5
4
3
1
0
0
0
-1
-2
-4
-5
-5
-5
-6
-7
-9
-10
-12
-13
-13
-14
-15
-17
-17
-17
-18
-20
-21
-21
-23
-25
-25
-25
-26
-27
-28
-28
-29
-30
-31
-31
-31
-31
-33
-34
-35
-35
-36
-36
-35
-36
-37
-39
-39
-40
-41
-40
-39
-40
-41
-42
-42
-42
-43
-43
-44
-44
-44
-46
-47
-47
-46
-46
-47
-48
-49
-48
-48
-48
-48
-49
-50
-50
-50
-49
-49
-49
-49
-49
-49
-49
-49
-49
-49
-49
-48
-48
-47
-48
-48
-47
-46
-46
-46
-46
-46
-45
-44
-44
-44
-44
-44
-44
-44
-43
-43
-42
-42
-42
-42
-42
-42
-42
-41
-41
-42
-42
-41
-41
-42
-41
-40
-39
-39
-39
-40
-39
-39
-38
-38
-38
-37
-37
-38
-38
-39
-38
-37
-35
-35
-36
-36
-35
-35
-34
-34
-34
-34
-34
-35
-35
-34
-33
-33
-34
-35
-34
-34
-33
-33
-33
-33
-34
-35
-35
-34
-34
-33
-33
-33
-35
-36
-35
-34
-33
-34
-34
-34
-34
-34
-34
-34
-34
-35
-35
-35
-35
-34
-34
-34
-33
-33
-33
-33
-34
-35
-35
-35
-34
-35
-35
-35
-35
-35
-35
-36
-36
-36
-36
-36
-37
-37
-37
-36
-37
-38
-39
-39
-38
-36
-35
-36
-37
-36
-35
-35
-35
-35
-35
-35
-34
-33
-33
-33
-32
-33
-34
-34
-33
-33
-32
-33
-33
-33
-34
-35
-35
-34
-34
-35
-36
-36
-35
-36
-36
-36
-35
-37
-38
-38
-37
-38
-38
-37
-36
-36
-36
-36
-36
-36
-36
-35
-35
-35
-34
-34
-34
-33
-33
-33
-33
-32
-32
-32
-32
-32
-32
-32
-31
-31
-30
-31
-33
-33
-32
-31
-30
-31
-31
-30
-31
-32
-32
-31
-30
-30
-30
-30
-30
-31
-30
-29
-29
-28
-27
-27
-28
-28
-27
-26
-26
-25
-25
-24
-24
-25
-24
-24
-25
-25
-25
-25
-25
-25
-25
-25
-25
-26
-26
-27
-27
-27
-27
-28
-29
-29
-28
-28
-29
-29
-29
-30
-31
-30
-29
-30
-31
-31
-30
-30
-31
-31
-30
-30
-30
-31
-31
-31
-30
-30
-29
-29
-30
-32
-32
-32
-32
-33
-33
-32
-30
-30
-31
-31
-31
-32
-32
-32
-33
-34
-34
-32
-31
-31
-31
-31
-31
-31
-30
-30
-31
-31
-30
-29
-29
-28
-28
-28
-29
-29
-28
-28
-27
-26
-26
-26
-25
-25
-25
-25
-25
-24
-24
-23
-23
-23
-22
-21
-21
-21
-22
-21
-21
-21
-21
-21
-20
-19
-20
-20
-20
-19
-19
-20
-20
-19
-20
-21
-21
-20
-20
-20
-20
-20
-21
-21
-21
-20
-20
-20
-20
-20
-19
-19
-20
-19
-19
-19
-20
-20
-19
-19
-19
-19
-19
-18
-17
-17
-18
-18
-18
-18
-18
-18
-18
-18
-18
-18
-18
-17
-16
-17
-17
-18
-19
-19
-18
-16
-16
-19
-20
-19
-18
-18
-18
-18
-18
-19
-20
-19
-19
-19
-20
-20
-20
-20
-20
-21
-21
-22
-22
-21
-21
-22
-23
-23
-24
-25
-26
-26
-27
-28
-29
-30
-31
-32
-31
-31
-33
-35
-36
-36
-37
-38
-38
-39
-41
-41
-41
-42
-44
-45
-46
-46
-47
-48
-49
-51
-52
-54
-55
-57
-58
-58
-58
-60
-62
-63
-63
-64
-65
-66
-67
-68
-70
-71
-72
-72
-73
-75
-77
-78
-79
-79
-79
-80
-82
-83
-83
-84
-86
-87
-86
-87
-88
-88
-89
-89
-89
-88
-89
-90
-91
-90
-91
-92
-92
-91
-91
-92
-92
-92
-93
-92
-92
-92
-92
-91
-91
-92
-92
-91
-90
-90
-91
-91
-90
-90
-90
-91
-90
-89
-89
-89
-89
-90
-90
-89
-88
-87
-87
-88
-88
-86
-86
-86
-87
-87
-86
-86
-86
-86
-86
-86
-85
-84
-84
-84
-84
-84
-84
-84
-83
-83
-82
-83
-83
-84
-82
-81
-82
-83
-83
-84
-83
-83
-83
-83
-82
-82
-83
-83
-83
-83
-84
-86
-85
-85
-85
-85
-85
-85
-85
-86
-86
-87
-88
-88
-87
-87
-87
-87
-88
-88
-88
-89
-88
-88
-88
-89
-89
-88
-88
-88
-89
-88
-88
-89
-90
-90
-90
-90
-90
-90
-90
-90
-90
-89
-90
-90
-90
-91
-92
-93
-91
-89
-88
-89
-89
-89
-88
-88
-88
-88
-88
-88
-87
-86
-85
-86
-86
-85
-85
-86
-86
-85
-84
-84
-85
-85
-84
-83
-83
-83
-83
-82
-82
-82
-82
-82
-81
-81
-80
-79
-79
-79
-79
-80
-79
-79
-78
-78
-77
-76
-75
-74
-74
-75
-75
-75
-75
-75
-75
-73
-72
-73
-73
-73
-73
-73
-72
-72
-72
-73
-73
-72
-72
-71
-71
-71
-71
-71
-71
-71
-71
-72
-72
-72
-73
-73
-73
-72
-72
-74
-75
-76
-75
-75
-76
-77
-78
-79
-79
-78
-78
-78
-79
-80
-81
-81
-80
-80
-80
-81
-82
-83
-83
-83
-83
-82
-82
-82
-82
-83
-83
-82
-82
-82
-82
-83
-83
-83
-82
-82
-82
-82
-83
-83
-84
-83
-83
-84
-84
-84
-85
-86
-87
-86
-86
-86
-86
-86
-86
-87
-86
-86
-86
-86
-86
-86
-86
-86
-86
-86
-87
-86
-86
-86
-85
-84
-84
-84
-84
-84
-84
-84
-84
-82
-80
-80
-81
-81
-81
-81
-82
-81
-80
-80
-81
-81
-81
-81
-82
-82
-82
-82
-83
-83
-82
-81
-82
-82
-81
-81
-81
-82
-81
-80
-80
-80
-80
-80
-79
-79
-78
-78
-78
-77
-77
-77
-77
-77
-76
-76
-76
-76
-76
-76
-76
-77
-77
-77
-77
-77
-77
-77
-78
-78
-78
-78
-78
-78
-78
-79
-78
-77
-76
-76
-76
-76
-76
-76
-74
-74
-74
-75
-74
-73
-73
-73
-73
-73
-72
-71
-71
-71
-71
-70
-70
-69
-69
-69
-68
-68
-68
-68
-68
-68
-68
-68
-68
-67
-67
-67
-68
-68
-69
-70
-69
-68
-68
-68
-68
-67
-67
-67
-67
-66
-67
-67
-66
-66
-66
-67
-66
-66
-66
-66
-66
-66
-66
-67
-66
-65
-64
-64
-65
-66
-66
-65
-64
-63
-63
-63
-63
-63
-63
-63
-62
-61
-61
-62
-62
-61
-61
-62
-61
-60
-59
-59
-59
-58
-58
-57
-57
-57
-57
-59
-58
-56
-54
-54
-55
-55
-54
-53
-53
-52
-52
-51
-51
-50
-49
-49
-48
-47
-47
-47
-47
-46
-46
-46
-46
-46
-45
-44
-44
-45
-46
-45
-45
-46
-47
-47
-46
-46
-46
-45
-45
-44
-45
-46
-46
-46
-45
-45
-45
-45
-46
-47
-47
-47
-47
-48
-48
-49
-49
-50
-50
-50
-50
-51
-51
-51
-51
-53
-54
-55
-55
-56
-56
-57
-58
-58
-58
-59
-61
-63
-63
-64
-65
-66
-67
-68
-68
-68
-68
-69
-70
-71
-72
-72
-72
-72
-73
-74
-75
-75
-76
-76
-77
-78
-78
-78
-77
-78
-79
-79
-80
-80
-80
-80
-80
-80
-80
-81
-81
-81
-80
-80
-81
-81
-81
-82
-83
-82
-82
-81
-81
-81
-82
-82
-81
-80
-80
-80
-80
-80
-80
-80
-79
-79
-79
-79
-78
-78
-78
-79
-78
-78
-77
-77
-77
-78
-78
-77
-77
-77
-78
-77
-77
-76
-76
-77
-77
-76
-76
-77
-77
-77
-78
-77
-75
-74
-77
-78
-77
-75
-75
-75
-75
-75
-74
-74
-73
-73
-74
-73
-72
-72
-72
-72
-72
-72
-72
-71
-70
-70
-71
-72
-71
-71
-70
-71
-70
-70
-70
-70
-70
-70
-71
-72
-71
-70
-71
-71
-71
-71
-72
-72
-72
-72
-72
-73
-73
-74
-74
-74
-74
-73
-73
-74
-74
-74
-74
-73
-73
-73
-74
-74
-74
-73
-73
-73
-74
-74
-73
-72
-72
-72
-72
-71
-72
-72
-72
-72
-72
-72
-71
-71
-72
-72
-71
-70
-69
-70
-71
-71
-71
-72
-72
-71
-71
-71
-71
-71
-70
-70
-70
-71
-71
-71
-71
-70
-70
-70
-70
-70
-69
-69
-69
-69
-69
-68
-67
-67
-67
-67
-66
-65
-65
-64
-64
-63
-63
-63
-62
-61
-61
-61
-61
-59
-59
-59
-60
-59
-59
-60
-60
-59
-59
-60
-60
-59
-59
-60
-60
-60
-59
-60
-59
-59
-59
-60
-60
-60
-59
-59
-60
-60
-60
-60
-61
-59
-57
-57
-57
-58
-58
-57
-57
-56
-56
-56
-57
-57
-56
-55
-54
-54
-55
-56
-56
-55
-56
-57
-57
-56
-56
-55
-55
-55
-55
-55
-54
-54
-54
-54
-54
-53
-52
-52
-54
-54
-53
-53
-54
-53
-53
-53
-53
-53
-53
-53
-53
-53
-52
-53
-53
-53
-53
-53
-52
-51
-51
-52
-52
-52
-52
-51
-51
-51
-52
-52
-52
-51
-51
-51
-49
-48
-49
-49
-49
-48
-47
-47
-47
-47
-47
-46
-46
-46
-47
-47
-46
-44
-43
-44
-44
-44
-43
-42
-42
-42
-43
-43
-42
-41
-41
-41
-41
-41
-41
-40
-39
-39
-39
-39
-39
-39
-40
-40
-39
-38
-38
-37
-37
-37
-37
-37
-36
-35
-35
-35
-35
-36
-36
-35
-35
-35
-35
-35
-35
-35
-35
-35
-35
-35
-35
-35
-34
-34
-35
-35
-35
-36
-35
-35
-34
-34
-34
-34
-34
-34
-34
-35
-35
-36
-35
-35
-36
-37
-37
-37
-37
-36
-35
-36
-37
-37
-36
-35
-36
-37
-37
-38
-38
-38
-38
-39
-38
-38
-38
-39
-40
-41
-42
-43
-43
-43
-43
-43
-43
-44
-44
-44
-44
-45
-45
-45
-45
-45
-44
-45
-47
-50
-49
-48
-48
-48
-48
-48
-49
-49
-49
-48
-48
-48
-47
-47
-47
-46
-46
-46
-46
-46
-46
-45
-44
-43
-42
-42
-41
-41
-41
-40
-38
-37
-37
-37
-35
-34
-32
-32
-32
-31
-30
-29
-29
-28
-27
-27
-27
-26
-25
-25
-23
-21
-19
-18
-18
-17
-16
-15
-14
-12
-11
-10
-9
-7
-6
-5
-4
-3
-3
-2
-1
0
0
0
2
3
4
4
5
6
8
9
10
11
12
13
15
16
17
18
19
20
21
21
22
24
26
27
27
29
30
31
32
34
36
37
37
38
40
40
41
42
44
45
45
47
49
50
51
51
53
55
55
56
58
60
61
61
62
62
63
65
69
70
71
72
73
74
75
77
77
77
78
80
81
81
82
84
86
86
87
89
90
91
92
92
93
94
96
97
99
99
100
100
102
103
104
105
107
108
108
109
111
112
112
114
115
116
116
117
118
120
122
123
122
122
124
124
124
124
126
127
128
129
130
131
131
131
132
134
134
135
135
137
138
139
139
140
141
142
142
143
145
145
144
145
146
147
149
149
149
149
150
152
153
153
153
154
155
156
157
157
158
159
160
161
161
162
163
164
164
165
166
167
167
168
170
171
172
172
172
174
175
175
176
176
177
176
177
179
180
180
180
181
182
182
183
184
185
185
185
186
187
187
188
190
191
191
192
192
192
193
194
195
195
196
198
199
199
199
200
201
203
204
204
204
205
206
206
207
207
207
206
206
209
211
211
212
213
214
214
215
216
216
217
218
219
220
221
221
221
222
222
223
225
227
228
227
228
230
230
230
232
233
233
234
235
237
237
238
239
240
241
241
242
243
243
244
245
246
246
246
245
246
248
249
250
251
251
250
250
251
252
253
253
254
255
255
255
256
257
259
260
261
261
261
262
262
263
264
266
267
266
268
270
272
271
271
273
276
277
277
277
277
277
278
280
281
281
282
283
285
286
287
287
288
288
289
291
293
293
293
293
293
295
295
296
296
297
299
299
299
299
300
301
301
302
303
303
302
303
305
307
308
308
308
308
308
310
311
311
312
313
315
314
314
315
316
317
318
319
318
319
320
321
322
323
323
323
323
324
325
325
325
326
328
328
328
329
329
329
329
329
327
326
327
330
332
331
331
331
332
332
333
333
332
331
331
332
332
331
330
330
329
328
328
328
328
326
325
325
324
322
321
320
319
317
316
314
313
311
309
309
306
304
301
300
298
296
294
291
288
286
284
281
278
277
275
273
270
268
265
262
261
259
257
254
252
250
247
244
242
240
238
236
234
232
230
228
226
223
221
220
218
216
214
212
210
207
204
203
202
201
200
197
194
192
190
188
186
184
182
180
178
176
174
173
171
170
168
167
166
164
163
161
159
157
156
154
153
152
151
150
148
146
145
144
143
142
142
140
138
136
136
135
135
134
132
130
129
128
128
126
125
124
123
121
120
118
117
116
115
114
113
111
110
108
107
107
106
104
103
103
102
100
98
97
96
94
92
90
90
88
86
85
84
82
80
78
78
76
74
72
71
70
68
66
65
64
62
61
60
59
57
55
53
51
51
52
51
49
47
47
47
46
45
44
44
45
44
44
43
41
40
40
41
40
39
39
39
38
38
38
38
37
37
38
38
37
36
36
36
36
36
35
34
34
34
35
35
34
34
34
34
34
33
34
34
34
34
34
33
32
33
34
34
34
34
34
34
34
34
34
34
34
35
34
34
34
35
36
36
36
35
35
35
36
36
36
36
36
36
36
37
37
36
37
36
36
36
36
36
37
38
38
37
36
36
37
37
38
38
39
38
38
39
39
39
38
38
37
37
37
37
37
37
37
36
36
36
35
33
33
34
34
32
31
30
30
29
29
29
28
28
28
26
25
24
23
22
20
20
20
20
20
18
16
15
13
13
13
14
13
11
10
9
9
8
7
6
6
6
5
4
3
3
3
2
0
0
0
0
-1
-2
-3
-3
-3
-3
-4
-4
-4
-5
-7
-8
-9
-8
-8
-8
-9
-9
-9
-9
-10
-11
-11
-11
-11
-11
-10
-10
-11
-12
-12
-12
-12
-12
-12
-13
-14
-14
-13
-12
-13
-13
-13
-14
-14
-13
-13
-15
-15
-15
-15
-15
-15
-15
-15
-15
-16
-16
-17
-17
-17
-17
-18
-18
-18
-18
-18
-18
-19
-19
-19
-19
-19
-19
-19
-20
-21
-21
-21
-21
-21
-22
-22
-22
-21
-22
-22
-23
-23
-24
-24
-24
-24
-24
-24
-25
-26
-26
-25
-25
-24
-25
-26
-27
-27
-26
-27
-28
-28
-28
-27
-27
-27
-27
-27
-27
-27
-27
-27
-27
-27
-27
-27
-27
-27
-28
-28
-28
-28
-28
-27
-28
-29
-29
-28
-28
-29
-30
-30
-30
-31
-31
-31
-31
-31
-31
-32
-34
-35
-35
-33
-32
-33
-34
-35
-35
-34
-34
-34
-34
-33
-33
-33
-33
-33
-33
-32
-32
-32
-33
-32
-31
-31
-32
-31
-31
-31
-31
-31
-30
-30
-29
-28
-28
-29
-28
-27
-27
-27
-27
-27
-27
-28
-27
-26
-25
-25
-25
-25
-25
-25
-25
-24
-24
-24
-23
-23
-22
-22
-21
-20
-19
-19
-18
-18
-17
-17
-17
-16
-16
-16
-15
-14
-13
-13
-12
-11
-11
-11
-11
-9
-9
-9
-10
-9
-8
-8
-9
-9
-9
-9
-7
-7
-7
-8
-8
-8
-8
-8
-8
-8
-8
-9
-9
-8
-7
-7
-8
-8
-9
-9
-9
-8
-8
-8
-8
-8
-9
-10
-9
-9
-9
-9
-9
-9
-10
-10
-10
-10
-10
-10
-10
-10
-11
-12
-13
-13
-14
-15
-15
-15
-16
-18
-19
-19
-20
-21
-22
-23
-25
-26
-26
-26
-27
-29
-30
-30
-30
-31
-32
-32
-32
-34
-35
-36
-37
-37
-38
-39
-41
-42
-43
-43
-42
-43
-45
-47
-47
-47
-47
-48
-50
-51
-52
-53
-53
-53
-54
-55
-56
-58
-58
-59
-60
-61
-61
-61
-61
-62
-63
-63
-64
-64
-65
-65
-66
-66
-66
-67
-67
-67
-68
-69
-70
-70
-70
-70
-70
-70
-71
-72
-73
-73
-73
-72
-71
-72
-73
-74
-75
-76
-76
-76
-76
-75
-75
-75
-76
-76
-76
-77
-77
-76
-76
-76
-76
-76
-74
-74
-74
-74
-74
-74
-73
-73
-72
-72
-73
-73
-73
-73
-73
-74
-73
-72
-72
-72
-71
-71
-72
-72
-71
-70
-70
-72
-73
-73
-72
-72
-72
-72
-72
-72
-73
-73
-73
-73
-73
-73
-73
-74
-74
-75
-74
-74
-73
-73
-74
-74
-74
-73
-73
-73
-73
-73
-73
-73
-73
-73
-73
-74
-73
-73
-72
-72
-71
-71
-70
-70
-70
-70
-69
-69
-70
-70
-70
-70
-70
-69
-67
-67
-67
-68
-68
-68
-69
-69
-69
-68
-68
-69
-69
-69
-70
-69
-68
-67
-68
-68
-67
-67
-66
-65
-65
-66
-66
-66
-65
-64
-64
-64
-63
-64
-64
-63
-62
-62
-62
-62
-61
-61
-61
-61
-60
-59
-59
-59
-58
-58
-58
-58
-57
-57
-57
-58
-57
-56
-57
-56
-55
-54
-53
-53
-53
-54
-53
-52
-51
-51
-51
-50
-50
-51
-51
-49
-49
-49
-50
-49
-48
-48
-47
-47
-46
-46
-45
-45
-45
-45
-45
-44
-44
-43
-42
-41
-40
-40
-40
-40
-41
-41
-40
-40
-40
-40
-40
-38
-37
-37
-37
-36
-36
-36
-35
-34
-33
-34
-34
-34
-33
-32
-32
-32
-32
-32
-32
-32
-31
-30
-29
-29
-30
-30
-30
-29
-29
-28
-28
-28
-28
-28
-27
-26
-27
-28
-28
-28
-28
-29
-29
-28
-28
-29
-29
-28
-27
-28
-28
-27
-28
-29
-30
-29
-29
-29
-29
-30
-30
-31
-32
-32
-31
-30
-31
-32
-33
-33
-34
-34
-33
-33
-34
-36
-37
-38
-40
-40
-39
-40
-41
-42
-43
-44
-44
-45
-47
-49
-50
-51
-52
-53
-52
-52
-54
-56
-57
-58
-58
-58
-59
-60
-61
-61
-62
-63
-63
-64
-65
-65
-65
-66
-68
-68
-67
-67
-68
-69
-69
-69
-70
-70
-70
-70
-71
-72
-72
-71
-71
-72
-73
-74
-74
-75
-75
-76
-75
-76
-76
-75
-74
-74
-75
-75
-74
-74
-74
-74
-74
-74
-74
-73
-72
-72
-72
-72
-72
-72
-71
-71
-71
-71
-70
-69
-69
-69
-69
-68
-68
-67
-67
-67
-67
-66
-66
-65
-65
-65
-65
-65
-66
-67
-67
-66
-65
-65
-66
-66
-66
-66
-66
-66
-66
-66
-66
-67
-67
-67
-67
-67
-67
-67
-68
-70
-70
-70
-70
-70
-70
-70
-70
-70
-69
-69
-69
-70
-69
-69
-69
-70
-70
-69
-68
-69
-69
-69
-69
-70
-70
-71
-71
-71
-71
-71
-70
-69
-69
-70
-70
-70
-69
-68
-67
-67
-68
-69
-68
-68
-68
-67
-66
-65
-66
-66
-65
-64
-64
-64
-63
-63
-63
-63
-62
-61
-61
-61
-61
-61
-62
-61
-59
-58
-59
-59
-59
-59
-59
-59
-57
-57
-58
-58
-57
-56
-55
-55
-55
-55
-55
-54
-53
-52
-52
-52
-52
-51
-50
-50
-50
-50
-50
-49
-49
-48
-48
-48
-48
-48
-47
-47
-46
-46
-46
-47
-47
-46
-45
-44
-44
-45
-45
-44
-43
-44
-44
-44
-43
-44
-43
-42
-41
-41
-42
-43
-42
-41
-41
-41
-41
-41
-41
-41
-40
-40
-40
-41
-41
-42
-41
-41
-41
-41
-41
-41
-40
-40
-39
-40
-41
-41
-41
-41
-41
-40
-39
-39
-40
-40
-40
-39
-39
-40
-41
-41
-41
-41
-40
-39
-38
-39
-40
-40
-40
-40
-40
-40
-40
-41
-41
-41
-41
-42
-42
-42
-42
-42
-42
-42
-43
-44
-44
-44
-44
-44
-45
-45
-44
-45
-46
-47
-47
-47
-47
-47
-48
-49
-50
-51
-52
-54
-55
-55
-55
-55
-56
-57
-57
-57
-57
-58
-60
-60
-61
-61
-61
-62
-62
-63
-63
-64
-65
-65
-66
-67
-68
-67
-67
-67
-68
-69
-69
-69
-69
-68
-68
-69
-70
-71
-70
-70
-69
-70
-70
-71
-71
-72
-72
-73
-73
-73
-74
-74
-73
-72
-72
-73
-73
-73
-73
-72
-71
-72
-72
-72
-71
-71
-71
-71
-71
-71
-71
-71
-71
-71
-71
-72
-72
-71
-70
-71
-72
-72
-72
-72
-71
-71
-70
-70
-71
-71
-72
-72
-71
-71
-71
-71
-72
-72
-72
-71
-71
-71
-71
-71
-71
-72
-71
-70
-70
-71
-72
-71
-70
-70
-71
-72
-72
-71
-71
-72
-72
-72
-72
-72
-72
-72
-73
-74
-74
-73
-73
-74
-74
-75
-74
-74
-74
-74
-75
-76
-76
-76
-76
-76
-77
-77
-77
-76
-76
-76
-77
-77
-76
-75
-75
-75
-75
-75
-74
-74
-73
-73
-73
-73
-72
-72
-71
-70
-70
-71
-71
-72
-71
-70
-69
-67
-67
-68
-68
-68
-67
-66
-65
-65
-66
-67
-66
-65
-65
-66
-67
-67
-67
-65
-64
-64
-65
-66
-67
-67
-67
-67
-67
-67
-66
-66
-66
-66
-67
-67
-67
-67
-67
-68
-68
-68
-69
-69
-69
-69
-70
-71
-71
-72
-72
-72
-73
-75
-75
-76
-75
-75
-76
-76
-76
-78
-79
-80
-80
-80
-81
-81
-81
-81
-82
-82
-82
-82
-82
-82
-81
-82
-82
-82
-81
-80
-81
-82
-83
-83
-82
-82
-81
-81
-81
-81
-80
-80
-79
-79
-79
-80
-81
-80
-79
-78
-78
-78
-78
-78
-78
-77
-77
-78
-79
-78
-77
-77
-77
-76
-76
-76
-75
-74
-75
-77
-78
-76
-76
-76
-76
-75
-75
-75
-76
-76
-76
-77
-77
-76
-76
-76
-76
-75
-75
-75
-75
-75
-74
-74
-74
-73
-74
-74
-73
-72
-72
-73
-73
-73
-73
-73
-73
-73
-73
-73
-73
-72
-72
-72
-71
-71
-71
-71
-72
-72
-70
-68
-68
-68
-68
-67
-66
-66
-66
-66
-65
-65
-64
-64
-63
-62
-62
-62
-63
-62
-61
-60
-60
-60
-61
-60
-60
-60
-60
-60
-60
-60
-61
-62
-62
-63
-62
-62
-62
-63
-63
-63
-64
-64
-63
-62
-62
-63
-64
-64
-63
-63
-63
-64
-64
-63
-64
-64
-63
-62
-62
-61
-61
-61
-61
-60
-59
-58
-57
-56
-56
-56
-56
-55
-53
-52
-52
-52
-52
-52
-53
-53
-52
-52
-51
-51
-50
-50
-51
-50
-49
-48
-47
-47
-48
-47
-47
-46
-45
-45
-45
-45
-45
-44
-44
-43
-41
-41
-41
-42
-42
-41
-39
-38
-38
-38
-39
-39
-38
-37
-36
-35
-35
-35
-35
-35
-34
-33
-33
-33
-33
-34
-34
-33
-32
-31
-30
-31
-31
-30
-30
-30
-29
-28
-28
-28
-27
-27
-27
-27
-27
-27
-27
-26
-26
-25
-25
-25
-24
-24
-23
-23
-23
-24
-24
-23
-23
-23
-23
-23
-23
-24
-23
-21
-21
-23
-24
-23
-23
-23
-23
-23
-22
-22
-22
-22
-22
-21
-21
-21
-21
-22
-21
-21
-22
-22
-22
-21
-21
-21
-21
-21
-21
-21
-21
-21
-21
-22
-22
-22
-23
-24
-24
-24
-24
-25
-24
-24
-25
-26
-26
-27
-28
-29
-29
-30
-30
-30
-30
-30
-30
-30
-31
-32
-31
-30
-30
-31
-32
-32
-31
-31
-31
-32
-32
-32
-32
-32
-32
-32
-32
-32
-31
-31
-31
-33
-34
-34
-33
-33
-33
-34
-34
-34
-34
-34
-35
-37
-37
-38
-40
-40
-40
-40
-42
-42
-42
-43
-44
-44
-44
-45
-46
-46
-46
-47
-47
-47
-48
-49
-51
-51
-51
-52
-53
-53
-53
-54
-54
-55
-55
-56
-57
-57
-57
-58
-60
-61
-60
-60
-61
-61
-62
-64
-65
-65
-66
-67
-68
-68
-69
-71
-72
-73
-73
-74
-74
-75
-76
-77
-79
-79
-80
-80
-81
-82
-83
-83
-83
-84
-85
-86
-87
-88
-89
-88
-87
-88
-88
-88
-87
-87
-88
-89
-88
-88
-88
-88
-88
-87
-87
-87
-87
-87
-88
-89
-88
-87
-86
-85
-85
-85
-84
-84
-82
-82
-81
-80
-79
-78
-77
-76
-75
-76
-75
-72
-71
-71
-71
-69
-68
-67
-66
-65
-65
-64
-63
-62
-61
-60
-58
-57
-56
-55
-54
-52
-50
-49
-50
-49
-47
-46
-46
-45
-44
-43
-42
-41
-40
-39
-38
-37
-35
-34
-33
-32
-32
-31
-30
-29
-27
-26
-26
-25
-24
-22
-20
-19
-19
-19
-18
-17
-16
-15
-14
-13
-12
-11
-10
-9
-6
-5
-5
-5
-4
-2
-2
-1
0
1
1
2
3
4
4
5
7
9
10
10
11
13
14
15
17
19
20
21
22
23
24
25
27
29
30
31
32
33
35
36
38
39
40
42
43
43
44
46
48
49
50
52
53
53
54
57
58
58
58
60
61
62
63
63
64
64
67
69
70
71
72
73
75
76
77
78
79
79
80
82
84
86
87
87
87
89
91
93
94
95
96
98
99
100
101
103
105
106
107
110
112
112
114
117
117
116
117
120
121
121
122
125
126
126
127
127
128
129
131
132
133
134
135
135
136
137
137
138
139
140
140
141
142
143
144
145
145
145
146
147
148
149
150
150
150
151
153
154
154
154
154
155
156
156
157
157
157
158
159
160
162
163
163
163
164
165
166
167
168
169
169
169
170
170
171
172
172
172
173
173
174
174
175
175
175
175
175
175
175
175
176
176
176
177
179
178
177
177
177
176
175
176
177
177
175
175
176
177
177
177
177
177
177
177
177
178
179
178
178
178
178
178
178
180
180
181
181
182
181
180
179
179
179
180
180
180
179
179
180
182
183
183
183
183
183
183
183
182
182
183
184
183
183
184
184
184
184
183
183
184
185
186
186
186
186
186
187
188
189
189
189
190
190
190
191
193
194
195
195
195
194
195
196
198
198
198
197
198
201
203
204
203
203
203
203
203
205
206
206
206
206
208
209
210
210
211
212
213
214
214
215
216
217
217
218
219
221
223
223
224
224
224
225
227
229
230
230
230
231
232
234
236
237
238
238
239
242
244
244
245
248
249
249
250
253
255
256
256
257
258
260
262
264
265
266
267
268
269
271
273
274
275
277
278
279
281
282
282
283
285
287
288
288
289
289
289
291
293
294
293
293
293
293
295
297
297
297
297
298
298
297
297
298
298
299
300
301
301
301
302
302
302
302
303
303
303
303
303
303
302
303
305
307
307
305
304
306
307
307
307
307
306
306
307
308
308
307
307
307
306
307
309
308
306
305
306
307
306
305
305
305
304
304
304
304
303
302
302
300
299
299
298
298
296
295
294
294
293
292
290
289
289
288
286
285
285
284
282
281
281
279
278
278
277
275
273
271
270
270
270
268
266
264
263
261
260
259
258
255
253
252
253
252
249
246
245
244
242
241
239
238
236
235
234
233
231
229
228
227
226
224
223
221
220
219
218
218
216
214
212
211
211
209
207
205
204
204
203
201
199
198
197
195
193
193
191
189
188
188
187
184
183
181
180
178
176
175
174
173
171
170
168
166
164
163
162
161
160
158
157
155
154
153
152
150
148
147
147
145
143
142
141
140
139
139
138
136
135
134
132
129
128
127
128
127
126
125
125
124
123
122
121
120
119
118
117
116
115
115
115
113
112
111
112
110
108
108
108
108
107
105
103
102
102
102
101
99
98
97
97
97
96
94
92
91
90
88
86
85
85
83
81
80
80
78
76
74
73
73
72
71
69
68
66
63
62
61
60
59
57
56
55
53
52
51
50
48
47
46
45
44
43
42
41
40
39
37
36
36
36
34
33
31
30
28
26
26
25
24
23
22
21
20
19
18
17
15
14
15
15
13
11
10
9
9
8
8
7
6
6
5
5
5
4
3
2
2
2
1
1
2
2
2
1
0
1
1
1
0
0
0
-1
-2
-2
-2
-3
-4
-4
-3
-3
-4
-5
-6
-6
-6
-6
-6
-7
-7
-7
-7
-8
-9
-9
-9
-8
-9
-9
-9
-9
-10
-10
-11
-11
-12
-11
-9
-8
-9
-10
-9
-9
-10
-10
-9
-9
-10
-9
-8
-8
-9
-9
-10
-11
-11
-10
-9
-10
-10
-9
-9
-10
-10
-10
-9
-9
-8
-8
-8
-9
-8
-7
-7
-7
-7
-8
-7
-7
-7
-6
-6
-7
-7
-6
-6
-7
-7
-7
-7
-7
-6
-6
-7
-8
-8
-7
-7
-9
-9
-9
-10
-10
-9
-8
-8
-9
-10
-11
-11
-11
-11
-10
-11
-12
-13
-13
-12
-12
-12
-12
-12
-11
-12
-13
-13
-13
-13
-13
-12
-12
-12
-13
-14
-14
-13
-13
-13
-13
-13
-12
-11
-11
-12
-12
-13
-14
-13
-13
-14
-14
-13
-13
-14
-14
-14
-14
-14
-14
-14
-14
-15
-15
-14
-14
-14
-14
-14
-15
-15
-16
-15
-14
-15
-15
-15
-16
-16
-16
-16
-16
-16
-16
-17
-17
-17
-17
-17
-17
-19
-19
-20
-20
-21
-22
-22
-23
-23
-23
-23
-24
-24
-25
-25
-26
-28
-30
-30
-30
-29
-29
-31
-32
-32
-33
-33
-34
-35
-36
-36
-37
-38
-38
-39
-39
-41
-42
-42
-42
-43
-44
-44
-45
-45
-46
-47
-47
-48
-48
-49
-50
-51
-52
-52
-53
-54
-54
-55
-56
-56
-57
-59
-59
-59
-60
-61
-62
-62
-63
-63
-63
-63
-63
-63
-64
-65
-65
-65
-64
-64
-65
-65
-64
-64
-64
-64
-64
-64
-64
-63
-63
-62
-62
-62
-62
-62
-61
-61
-62
-61
-60
-60
-61
-60
-59
-59
-60
-60
-60
-60
-59
-58
-58
-59
-60
-60
-60
-60
-59
-59
-60
-61
-61
-60
-60
-60
-61
-61
-61
-61
-61
-61
-61
-61
-61
-62
-62
-62
-62
-62
-62
-62
-62
-61
-61
-61
-61
-61
-62
-62
-62
-61
-62
-62
-61
-61
-61
-61
-60
-59
-60
-60
-59
-58
-58
-58
-59
-58
-58
-57
-57
-57
-57
-57
-56
-55
-55
-56
-56
-55
-55
-55
-54
-54
-54
-54
-54
-54
-55
-55
-54
-53
-53
-54
-54
-54
-54
-53
-53
-53
-54
-53
-52
-52
-53
-53
-52
-52
-53
-52
-51
-50
-50
-50
-49
-48
-48
-48
-47
-46
-45
-45
-45
-45
-44
-43
-43
-41
-41
-42
-42
-41
-40
-40
-39
-39
-38
-38
-37
-37
-38
-38
-37
-37
-37
-37
-37
-37
-36
-35
-35
-35
-36
-36
-36
-36
-36
-36
-36
-36
-37
-36
-36
-36
-36
-36
-36
-35
-35
-35
-35
-35
-35
-35
-35
-35
-35
-35
-36
-35
-35
-34
-33
-33
-34
-34
-33
-33
-34
-34
-33
-33
-33
-32
-31
-30
-30
-30
-30
-31
-31
-31
-30
-30
-30
-31
-32
-32
-32
-32
-32
-32
-32
-32
-33
-33
-34
-35
-35
-34
-35
-35
-36
-37
-39
-39
-40
-40
-40
-40
-40
-41
-42
-42
-43
-44
-45
-45
-45
-46
-47
-48
-48
-48
-48
-50
-50
-51
-51
-52
-52
-53
-55
-56
-57
-58
-59
-60
-61
-61
-63
-64
-65
-65
-65
-66
-68
-68
-69
-70
-71
-72
-72
-73
-74
-75
-75
-75
-75
-77
-78
-78
-79
-80
-80
-80
-81
-81
-81
-80
-81
-82
-82
-82
-83
-83
-83
-83
-83
-83
-83
-84
-84
-84
-84
-84
-84
-84
-83
-84
-84
-84
-84
-84
-84
-84
-83
-83
-83
-84
-83
-82
-83
-83
-83
-82
-82
-82
-82
-81
-81
-82
-82
-82
-82
-81
-80
-80
-80
-80
-81
-81
-81
-80
-80
-81
-81
-81
-80
-80
-80
-80
-80
-79
-78
-78
-78
-78
-77
-76
-76
-77
-76
-75
-74
-73
-73
-73
-72
-72
-72
-71
-71
-70
-71
-71
-69
-69
-69
-70
-69
-69
-68
-68
-68
-68
-68
-67
-67
-67
-67
-67
-67
-67
-66
-66
-67
-67
-67
-67
-67
-67
-67
-66
-67
-68
-67
-67
-67
-67
-66
-66
-67
-67
-67
-66
-67
-67
-68
-67
-67
-68
-68
-67
-68
-68
-68
-68
-67
-68
-68
-67
-68
-69
-68
-68
-68
-68
-68
-67
-67
-67
-68
-69
-69
-69
-69
-69
-68
-68
-69
-69
-69
-69
-68
-68
-68
-67
-66
-65
-65
-65
-66
-67
-67
-67
-66
-65
-64
-64
-64
-63
-63
-64
-64
-63
-63
-63
-63
-62
-61
-62
-62
-62
-61
-61
-61
-61
-61
-61
-61
-61
-61
-61
-62
-62
-62
-62
-62
-62
-62
-62
-63
-63
-63
-63
-63
-62
-63
-64
-64
-63
-63
-63
-64
-63
-64
-64
-64
-64
-65
-65
-65
-65
-66
-66
-64
-63
-63
-64
-64
-64
-65
-65
-64
-64
-64
-65
-65
-64
-64
-65
-65
-65
-65
-64
-64
-65
-65
-65
-64
-63
-64
-65
-65
-65
-65
-65
-65
-65
-65
-65
-65
-65
-65
-65
-66
-67
-68
-68
-67
-68
-68
-68
-67
-67
-68
-68
-67
-67
-67
-68
-68
-67
-67
-67
-68
-68
-68
-68
-67
-66
-66
-66
-66
-66
-65
-65
-64
-63
-63
-63
-63
-63
-63
-64
-62
-59
-58
-59
-60
-60
-58
-56
-56
-57
-58
-57
-57
-57
-57
-55
-54
-54
-55
-55
-55
-54
-53
-53
-52
-52
-52
-52
-51
-51
-51
-51
-50
-50
-49
-48
-47
-47
-47
-47
-47
-45
-45
-45
-45
-45
-43
-42
-42
-42
-42
-41
-40
-40
-39
-39
-40
-40
-39
-38
-37
-37
-36
-35
-35
-35
-34
-33
-33
-32
-32
-32
-31
-31
-31
-32
-31
-30
-30
-30
-29
-29
-29
-29
-29
-28
-27
-26
-26
-27
-27
-27
-27
-26
-25
-26
-26
-26
-26
-26
-26
-26
-25
-25
-26
-26
-24
-24
-25
-26
-26
-26
-25
-25
-25
-24
-24
-25
-26
-25
-24
-24
-24
-24
-24
-25
-25
-24
-24
-23
-24
-24
-23
-24
-24
-24
-23
-24
-24
-24
-24
-24
-25
-25
-25
-25
-24
-25
-26
-27
-28
-29
-29
-29
-30
-31
-31
-31
-31
-32
-33
-33
-32
-33
-34
-35
-36
-37
-38
-38
-40
-42
-43
-42
-41
-43
-45
-45
-46
-47
-48
-49
-50
-50
-51
-52
-53
-54
-55
-56
-58
-59
-59
-59
-60
-61
-62
-63
-65
-67
-67
-67
-67
-67
-68
-69
-70
-71
-71
-71
-73
-74
-75
-74
-74
-75
-76
-77
-77
-78
-80
-81
-80
-80
-81
-82
-83
-83
-84
-84
-84
-83
-83
-84
-84
-84
-84
-84
-85
-85
-85
-84
-84
-84
-84
-84
-85
-85
-83
-83
-83
-84
-83
-82
-82
-82
-81
-80
-80
-80
-80
-80
-80
-80
-79
-77
-76
-76
-77
-77
-77
-78
-79
-78
-77
-77
-76
-75
-74
-74
-74
-74
-74
-74
-74
-73
-73
-73
-73
-73
-74
-74
-73
-73
-74
-75
-74
-74
-74
-75
-74
-73
-72
-72
-72
-71
-72
-73
-72
-71
-71
-71
-71
-71
-72
-73
-73
-72
-72
-72
-72
-72
-73
-73
-72
-71
-71
-71
-71
-70
-70
-71
-71
-69
-68
-68
-68
-69
-69
-68
-68
-69
-70
-70
-69
-68
-66
-66
-66
-66
-65
-65
-65
-64
-64
-64
-63
-62
-62
-62
-62
-62
-62
-63
-63
-62
-61
-61
-61
-61
-60
-60
-59
-59
-58
-58
-58
-57
-57
-57
-56
-56
-55
-55
-54
-53
-52
-53
-54
-53
-53
-52
-52
-52
-52
-52
-51
-50
-50
-50
-51
-51
-51
-50
-50
-50
-50
-50
-50
-50
-50
-50
-50
-49
-49
-49
-49
-48
-48
-48
-47
-47
-47
-47
-47
-45
-44
-45
-46
-46
-44
-42
-42
-43
-43
-43
-42
-41
-40
-40
-40
-39
-38
-37
-37
-37
-36
-36
-35
-34
-34
-33
-32
-32
-32
-33
-32
-32
-32
-32
-31
-31
-32
-32
-32
-31
-30
-30
-31
-31
-30
-29
-29
-29
-29
-29
-28
-28
-29
-29
-29
-29
-29
-29
-29
-30
-30
-30
-30
-30
-29
-29
-29
-29
-30
-30
-30
-30
-30
-30
-30
-30
-30
-31
-32
-32
-31
-31
-31
-31
-32
-32
-32
-31
-31
-32
-33
-32
-31
-29
-29
-28
-29
-29
-29
-28
-27
-27
-27
-27
-28
-28
-29
-28
-27
-27
-27
-26
-26
-26
-26
-25
-24
-24
-24
-25
-24
-24
-23
-22
-22
-23
-23
-22
-21
-21
-22
-22
-22
-22
-21
-20
-20
-21
-21
-21
-20
-19
-18
-18
-19
-19
-18
-17
-17
-17
-16
-15
-16
-16
-16
-16
-16
-16
-15
-14
-13
-13
-13
-13
-13
-13
-12
-12
-12
-13
-14
-13
-13
-15
-16
-15
-15
-16
-17
-17
-17
-17
-17
-17
-18
-18
-18
-19
-19
-20
-21
-21
-21
-21
-22
-23
-23
-23
-24
-25
-27
-28
-28
-29
-30
-31
-31
-31
-32
-33
-33
-34
-35
-35
-35
-35
-36
-37
-38
-38
-39
-39
-39
-39
-40
-41
-42
-41
-42
-43
-43
-44
-44
-44
-45
-45
-45
-45
-45
-46
-46
-47
-48
-49
-49
-49
-50
-51
-51
-52
-53
-54
-54
-54
-53
-53
-53
-53
-56
-58
-59
-59
-59
-58
-56
-56
-58
-59
-59
-58
-57
-58
-58
-59
-59
-59
-58
-57
-56
-56
-56
-57
-57
-55
-54
-53
-54
-54
-52
-51
-51
-51
-50
-50
-51
-51
-51
-50
-50
-49
-48
-48
-48
-48
-48
-48
-48
-47
-47
-47
-46
-46
-46
-47
-47
-47
-47
-47
-47
-47
-47
-47
-47
-47
-46
-46
-46
-47
-47
-47
-47
-47
-46
-46
-46
-46
-46
-46
-46
-46
-46
-47
-47
-46
-45
-45
-47
-47
-46
-45
-45
-46
-46
-47
-46
-45
-44
-44
-44
-44
-45
-46
-46
-46
-46
-46
-47
-47
-46
-46
-45
-45
-46
-47
-47
-47
-46
-45
-45
-45
-46
-46
-46
-45
-44
-44
-43
-44
-44
-45
-44
-44
-43
-43
-42
-41
-41
-43
-42
-41
-41
-40
-40
-39
-39
-39
-38
-37
-37
-37
-37
-36
-35
-35
-35
-35
-34
-33
-33
-32
-31
-31
-31
-29
-28
-28
-28
-28
-26
-25
-24
-24
-25
-27
-27
-25
-23
-23
-24
-24
-23
-23
-23
-23
-23
-22
-21
-21
-21
-21
-20
-19
-19
-18
-18
-18
-18
-17
-17
-16
-15
-15
-15
-15
-14
-13
-13
-13
-13
-12
-12
-11
-9
-8
-8
-8
-8
-8
-7
-5
-4
-3
-3
-3
-4
-3
-1
0
0
0
2
3
4
5
6
7
8
9
11
12
13
13
14
15
16
17
19
19
20
20
20
22
23
23
24
25
26
27
27
27
28
29
30
30
29
30
31
32
33
34
34
34
34
35
35
36
36
36
37
38
38
39
40
40
40
41
41
42
42
43
44
44
43
43
43
44
44
44
45
46
46
47
47
47
48
48
50
50
50
49
50
51
53
54
54
55
55
55
56
57
57
59
60
60
60
60
62
64
65
65
66
67
68
69
70
71
73
74
74
74
75
76
76
77
78
78
78
79
82
84
84
84
85
86
87
87
87
88
89
90
92
94
93
93
93
95
96
96
96
97
97
98
98
100
101
103
104
105
105
106
106
107
109
110
111
111
111
112
114
115
115
116
117
117
117
118
118
119
120
121
121
122
122
123
124
124
126
127
129
131
131
131
130
129
129
131
132
133
134
135
137
137
138
140
141
142
143
145
146
147
147
148
150
151
152
153
153
153
154
156
158
158
158
159
160
161
162
163
164
165
165
165
167
169
171
172
173
173
173
174
176
178
178
178
179
180
181
182
183
184
185
187
188
189
190
192
194
195
196
198
198
199
200
201
202
203
204
205
205
206
208
210
211
211
212
213
214
216
217
218
220
221
223
224
225
226
226
227
229
230
231
231
232
233
234
235
236
237
236
238
241
242
243
244
246
247
248
249
250
251
252
253
254
255
255
257
259
258
258
259
261
262
263
264
265
266
266
267
269
271
272
273
274
274
276
277
278
278
278
280
281
282
282
283
285
287
288
288
288
289
290
292
294
294
295
295
296
296
298
299
300
301
301
302
302
303
303
304
304
305
305
306
306
307
308
309
310
310
310
311
312
312
312
312
312
312
312
312
311
311
312
314
315
315
314
315
315
316
317
317
317
318
318
319
320
320
320
320
320
319
319
319
319
319
320
321
322
322
321
321
320
321
322
323
323
323
323
323
323
323
324
324
323
323
323
322
321
321
322
322
322
321
321
322
323
323
323
323
323
323
323
322
323
323
323
322
322
321
320
320
320
320
320
319
319
318
318
318
317
315
314
314
316
317
315
313
312
312
312
311
309
308
307
306
305
305
305
304
302
300
299
299
299
298
297
295
294
293
293
292
291
290
289
287
284
281
280
279
279
277
274
271
270
269
268
265
263
261
259
258
257
256
253
251
250
248
246
244
242
241
239
237
235
233
232
232
230
229
228
226
224
222
221
221
220
217
215
214
214
213
211
210
208
207
205
203
203
202
201
199
197
195
195
194
194
193
191
190
189
189
188
187
186
185
182
180
180
180
179
178
176
175
174
174
173
172
171
171
170
168
167
167
166
165
163
162
161
161
160
159
159
159
158
156
155
153
152
151
150
149
148
148
148
147
146
145
146
145
144
143
142
141
139
138
137
136
134
133
134
133
132
131
130
129
128
127
126
126
124
123
121
120
119
118
118
117
116
114
113
113
112
110
110
109
108
107
106
105
105
104
103
102
101
101
102
100
99
98
98
98
97
96
96
96
95
95
95
95
94
93
93
93
93
93
94
93
93
92
92
93
93
92
92
92
92
93
92
91
91
91
91
91
91
91
91
90
90
90
91
91
92
93
92
91
91
91
91
91
91
92
92
91
90
90
91
92
92
91
91
92
91
91
90
90
90
91
91
91
90
90
90
90
89
90
90
89
88
88
88
88
88
87
85
84
84
85
85
84
84
84
83
81
81
81
80
78
77
77
76
74
74
75
74
73
72
72
71
70
69
68
67
66
66
65
63
62
61
61
61
60
58
57
56
55
54
53
52
51
50
49
48
48
46
45
45
45
44
42
40
41
41
40
38
37
35
34
35
36
36
34
33
33
33
32
31
31
31
30
30
30
29
29
29
29
27
26
26
26
26
26
25
25
23
23
22
22
22
22
21
19
18
19
20
20
19
18
18
18
16
14
13
14
14
14
14
13
13
14
13
12
12
12
12
12
11
12
12
13
13
13
12
12
12
13
13
12
11
11
11
11
11
11
11
11
10
9
9
10
9
9
9
10
9
7
6
6
6
7
7
7
6
6
6
7
7
6
6
6
6
7
7
7
7
7
7
7
6
6
6
5
6
7
7
6
5
4
4
4
4
3
3
2
2
2
3
3
2
2
2
1
0
0
0
0
-1
-1
-1
-2
-3
-3
-2
-3
-3
-4
-4
-4
-5
-5
-5
-5
-5
-5
-5
-6
-7
-7
-7
-7
-7
-8
-8
-7
-7
-8
-9
-9
-10
-10
-9
-7
-7
-8
-9
-8
-7
-6
-6
-6
-6
-5
-5
-5
-5
-5
-4
-4
-4
-3
-3
-3
-3
-2
-1
0
0
1
2
2
2
2
1
1
1
1
3
4
4
3
3
4
4
3
3
3
3
2
2
2
2
2
1
1
1
2
1
0
0
0
0
-1
-1
-1
-1
-2
-2
-2
-2
-2
-3
-3
-4
-4
-4
-4
-4
-5
-5
-5
-5
-5
-7
-8
-9
-8
-8
-9
-10
-11
-12
-13
-12
-12
-13
-14
-15
-16
-17
-17
-17
-17
-17
-18
-19
-20
-19
-18
-20
-23
-24
-24
-25
-26
-26
-26
-27
-28
-29
-29
-29
-29
-29
-30
-31
-32
-32
-32
-32
-33
-34
-34
-33
-34
-35
-36
-36
-36
-37
-38
-37
-37
-38
-38
-38
-38
-38
-39
-40
-39
-39
-39
-39
-39
-39
-40
-41
-40
-39
-39
-40
-39
-39
-39
-40
-39
-38
-38
-39
-40
-41
-41
-40
-38
-38
-38
-39
-39
-38
-38
-38
-38
-38
-38
-39
-38
-38
-38
-38
-40
-40
-40
-39
-39
-39
-40
-40
-39
-38
-38
-39
-39
-39
-40
-41
-41
-41
-41
-41
-40
-40
-40
-40
-40
-40
-41
-40
-39
-39
-39
-40
-40
-39
-38
-38
-39
-39
-38
-37
-36
-36
-36
-37
-37
-36
-36
-36
-37
-37
-37
-36
-36
-35
-34
-34
-34
-34
-34
-34
-33
-33
-35
-34
-33
-32
-32
-32
-31
-30
-30
-31
-31
-30
-29
-28
-27
-27
-27
-27
-27
-26
-25
-24
-24
-24
-24
-24
-23
-22
-23
-23
-24
-24
-24
-24
-24
-24
-23
-23
-24
-25
-25
-24
-23
-24
-24
-24
-24
-23
-22
-22
-23
-25
-25
-24
-23
-24
-24
-24
-24
-24
-24
-23
-23
-23
-22
-22
-21
-21
-21
-20
-20
-20
-19
-19
-19
-19
-18
-17
-16
-16
-17
-17
-17
-16
-15
-13
-13
-13
-12
-12
-13
-13
-13
-11
-10
-10
-10
-10
-9
-8
-7
-7
-7
-7
-7
-6
-6
-6
-5
-5
-5
-5
-5
-4
-3
-3
-4
-3
-2
-2
-2
-2
-2
-2
-2
-3
-3
-4
-4
-3
-2
-2
-4
-5
-4
-4
-4
-4
-4
-4
-4
-4
-5
-6
-6
-6
-6
-6
-6
-7
-8
-9
-8
-7
-7
-8
-9
-10
-9
-9
-9
-10
-10
-11
-11
-11
-12
-13
-13
-13
-14
-15
-16
-16
-16
-18
-19
-20
-21
-21
-22
-23
-24
-25
-25
-25
-27
-27
-27
-28
-29
-30
-31
-32
-33
-35
-36
-37
-37
-37
-38
-39
-41
-42
-43
-43
-44
-44
-45
-46
-48
-49
-49
-49
-50
-51
-52
-53
-54
-54
-54
-54
-54
-56
-57
-57
-58
-59
-59
-58
-59
-59
-60
-60
-61
-61
-60
-61
-62
-62
-61
-61
-62
-62
-62
-62
-63
-63
-63
-63
-63
-62
-62
-63
-63
-62
-62
-61
-61
-61
-61
-62
-62
-62
-62
-62
-60
-60
-60
-60
-60
-59
-60
-60
-60
-60
-60
-60
-60
-60
-59
-59
-59
-59
-61
-61
-61
-59
-59
-59
-59
-59
-58
-59
-58
-57
-57
-57
-57
-56
-57
-57
-57
-56
-56
-55
-55
-55
-55
-54
-54
-53
-54
-54
-54
-54
-53
-53
-53
-54
-53
-53
-54
-53
-53
-52
-52
-51
-51
-51
-50
-50
-50
-50
-49
-49
-50
-50
-49
-48
-48
-48
-48
-48
-48
-48
-47
-46
-46
-46
-45
-46
-47
-47
-47
-46
-46
-46
-45
-45
-46
-45
-45
-45
-45
-44
-44
-45
-45
-44
-44
-43
-43
-43
-43
-43
-43
-43
-42
-42
-41
-41
-42
-42
-42
-41
-41
-41
-40
-40
-39
-40
-40
-39
-38
-38
-39
-38
-38
-38
-38
-37
-37
-37
-37
-36
-36
-36
-36
-35
-35
-35
-35
-35
-35
-35
-35
-35
-34
-33
-33
-32
-32
-32
-33
-32
-31
-30
-31
-31
-30
-29
-30
-30
-29
-30
-30
-29
-27
-26
-27
-28
-28
-27
-26
-25
-26
-27
-28
-27
-25
-25
-24
-24
-24
-25
-24
-24
-24
-24
-23
-23
-23
-23
-23
-22
-22
-21
-20
-20
-20
-20
-19
-18
-18
-19
-20
-20
-18
-17
-17
-17
-17
-17
-17
-17
-17
-18
-18
-18
-18
-19
-20
-20
-20
-20
-20
-21
-21
-22
-22
-22
-22
-23
-24
-25
-25
-26
-26
-27
-27
-27
-28
-29
-30
-30
-31
-32
-32
-33
-34
-35
-36
-36
-36
-37
-40
-40
-40
-39
-40
-41
-42
-43
-43
-43
-43
-44
-45
-46
-46
-46
-47
-47
-47
-48
-49
-50
-50
-50
-50
-51
-51
-51
-52
-53
-54
-54
-53
-53
-53
-54
-55
-55
-54
-54
-55
-56
-56
-57
-58
-58
-58
-58
-59
-60
-59
-58
-59
-59
-60
-60
-60
-59
-58
-59
-59
-60
-59
-59
-59
-59
-60
-60
-59
-58
-58
-58
-58
-58
-58
-57
-57
-56
-55
-55
-56
-57
-58
-58
-57
-55
-55
-55
-54
-53
-52
-53
-54
-54
-54
-53
-52
-51
-51
-51
-51
-52
-52
-50
-49
-49
-49
-49
-49
-48
-48
-47
-46
-45
-44
-44
-44
-43
-44
-44
-42
-41
-41
-42
-42
-41
-41
-41
-41
-41
-41
-41
-41
-41
-42
-42
-42
-42
-43
-44
-44
-43
-43
-43
-43
-42
-42
-43
-43
-43
-43
-43
-43
-42
-42
-42
-42
-42
-43
-42
-42
-42
-42
-42
-42
-42
-41
-41
-41
-41
-40
-40
-41
-41
-40
-40
-40
-40
-40
-40
-39
-39
-39
-39
-38
-38
-38
-39
-38
-38
-38
-37
-37
-36
-36
-37
-36
-35
-34
-34
-34
-35
-34
-34
-34
-33
-33
-32
-32
-33
-33
-32
-31
-30
-30
-30
-29
-29
-29
-29
-28
-28
-28
-28
-28
-28
-27
-26
-25
-26
-26
-26
-25
-25
-25
-25
-24
-24
-24
-23
-22
-21
-21
-22
-22
-22
-21
-21
-19
-18
-19
-19
-20
-20
-21
-21
-20
-18
-18
-20
-20
-19
-18
-19
-19
-19
-20
-20
-19
-19
-19
-20
-21
-22
-22
-22
-21
-22
-23
-23
-23
-23
-24
-25
-26
-26
-26
-26
-26
-26
-27
-28
-28
-27
-28
-28
-29
-29
-30
-30
-30
-30
-30
-30
-30
-31
-31
-31
-31
-31
-32
-33
-34
-33
-33
-33
-33
-34
-34
-35
-35
-36
-36
-37
-37
-37
-37
-37
-38
-40
-40
-39
-39
-41
-41
-40
-40
-40
-40
-41
-42
-41
-41
-41
-42
-43
-43
-43
-42
-42
-42
-43
-43
-43
-43
-42
-41
-41
-42
-43
-42
-41
-41
-41
-41
-41
-41
-41
-41
-39
-38
-38
-39
-40
-40
-39
-39
-40
-39
-39
-39
-39
-38
-38
-38
-38
-38
-37
-36
-36
-36
-35
-35
-35
-35
-35
-35
-35
-34
-33
-33
-33
-33
-33
-33
-32
-31
-31
-31
-32
-32
-31
-30
-29
-29
-30
-29
-28
-27
-27
-28
-27
-25
-26
-27
-27
-27
-27
-26
-24
-22
-23
-23
-23
-22
-22
-22
-21
-20
-20
-21
-21
-21
-20
-20
-20
-19
-19
-19
-19
-19
-19
-19
-18
-19
-19
-19
-18
-17
-17
-17
-18
-18
-17
-16
-15
-15
-16
-17
-16
-15
-15
-15
-14
-14
-14
-13
-13
-12
-12
-12
-12
-12
-11
-10
-11
-11
-10
-10
-9
-8
-7
-7
-6
-5
-5
-5
-6
-7
-6
-6
-5
-4
-2
-2
-2
-2
-3
-3
-3
-2
-2
-2
-2
-2
-3
-3
-3
-3
-4
-3
-3
-4
-4
-3
-3
-3
-3
-2
-2
-2
-2
-2
-1
0
0
-1
-2
-1
-1
-1
-2
-1
0
0
-1
-1
-1
0
0
0
0
0
0
0
0
0
0
0
0
0
0
-1
-1
0
-1
-2
-3
-2
-2
-3
-4
-3
-3
-3
-3
-4
-5
-5
-6
-6
-5
-5
-6
-6
-7
-8
-9
-9
-8
-9
-11
-11
-11
-11
-12
-13
-14
-15
-16
-16
-15
-16
-18
-19
-20
-19
-19
-20
-22
-23
-24
-24
-26
-27
-27
-27
-29
-31
-31
-32
-32
-32
-33
-34
-35
-35
-35
-36
-36
-36
-38
-39
-39
-39
-40
-40
-41
-43
-44
-43
-43
-44
-45
-46
-45
-45
-45
-45
-46
-47
-47
-47
-47
-47
-46
-47
-47
-48
-48
-48
-48
-48
-47
-47
-47
-47
-46
-46
-46
-46
-46
-46
-46
-44
-44
-43
-44
-44
-44
-43
-42
-42
-42
-43
-42
-41
-41
-41
-42
-42
-41
-40
-39
-39
-39
-40
-40
-40
-39
-38
-38
-38
-38
-38
-38
-37
-37
-38
-37
-37
-37
-38
-38
-37
-36
-35
-36
-36
-36
-36
-36
-35
-35
-34
-34
-35
-35
-34
-34
-35
-35
-34
-34
-35
-35
-35
-35
-35
-35
-35
-35
-35
-35
-35
-34
-34
-34
-34
-34
-33
-34
-34
-33
-33
-33
-33
-33
-34
-34
-34
-34
-33
-33
-33
-33
-33
-33
-33
-33
-34
-35
-35
-34
-33
-33
-33
-33
-33
-33
-33
-34
-34
-34
-33
-32
-33
-33
-33
-33
-34
-34
-34
-34
-34
-34
-34
-33
-32
-33
-34
-34
-33
-33
-34
-34
-33
-33
-33
-32
-31
-31
-31
-30
-28
-28
-27
-26
-25
-24
-24
-23
-22
-21
-20
-19
-18
-17
-16
-15
-14
-13
-11
-10
-9
-8
-7
-5
-4
-3
-3
-2
-1
0
1
2
3
3
4
6
6
6
6
7
8
9
10
11
12
12
13
14
14
16
17
18
19
20
20
21
22
23
24
25
26
25
26
28
31
31
31
31
32
34
34
35
36
37
40
41
41
41
42
43
44
45
46
47
46
47
48
50
51
52
54
55
56
57
57
58
58
59
60
61
62
63
64
66
68
69
69
68
69
71
73
74
75
75
75
76
78
79
80
82
83
84
85
86
87
88
90
91
91
90
92
94
96
97
97
98
100
101
102
103
104
105
106
107
109
110
111
112
112
114
116
117
118
119
120
121
123
124
125
127
129
130
131
133
134
135
137
139
140
141
142
144
146
147
148
149
150
151
152
153
153
155
156
157
159
160
161
161
162
163
165
166
167
168
169
170
171
173
175
176
177
178
179
181
183
184
185
186
187
188
189
191
192
193
193
195
196
197
197
198
199
201
202
202
202
203
205
206
206
207
208
209
211
212
213
214
215
216
216
217
219
221
222
222
223
224
225
226
226
227
228
229
229
229
231
232
232
232
232
233
233
233
233
233
233
233
234
234
233
232
231
232
232
231
230
229
229
229
228
229
229
230
229
229
229
228
228
229
229
228
227
227
227
227
227
227
227
226
225
225
224
223
223
225
226
225
223
223
225
225
224
224
225
224
224
225
225
224
223
223
223
223
222
222
222
222
223
223
223
223
222
222
223
224
224
224
223
223
224
225
227
227
226
226
226
226
226
227
228
229
229
229
229
229
230
230
230
230
230
230
231
232
232
233
233
234
234
235
235
235
234
235
236
237
238
239
239
240
241
242
243
243
244
246
247
248
248
249
250
250
250
250
251
252
252
253
254
255
256
256
256
257
258
260
261
261
261
262
264
264
265
266
265
266
267
268
267
267
268
269
270
271
272
272
272
271
272
273
274
275
277
278
278
279
280
280
280
281
282
283
284
285
285
286
287
287
288
289
290
291
291
292
293
293
293
294
295
296
297
298
298
298
299
299
299
298
299
300
301
301
300
300
300
300
301
302
303
303
303
304
305
304
303
303
303
303
303
302
303
303
303
301
300
299
300
300
300
299
297
296
296
295
294
294
295
295
294
292
291
291
290
288
285
284
282
282
282
281
280
280
279
278
276
275
274
274
274
273
271
270
269
268
267
266
266
265
264
262
261
261
260
258
257
257
256
255
254
253
252
251
250
250
249
249
247
246
245
243
242
240
240
239
237
235
233
233
233
232
230
228
226
225
224
223
223
221
219
217
216
216
215
213
211
209
208
206
204
203
201
199
198
197
194
191
190
189
187
185
183
181
180
178
176
174
172
170
168
165
163
161
159
157
155
154
152
150
147
145
144
143
142
140
138
136
135
133
131
130
128
126
125
125
124
122
119
118
118
116
115
113
113
111
110
108
106
104
104
105
105
103
101
100
99
98
96
95
94
93
92
91
91
91
90
89
88
87
87
86
85
83
83
83
83
82
81
80
80
80
80
80
79
77
77
77
77
75
74
74
74
73
72
72
72
72
72
72
72
70
69
69
69
68
67
66
66
65
65
65
65
64
63
62
62
62
62
62
61
61
61
61
60
60
59
59
59
58
58
58
58
57
56
56
56
56
55
55
54
53
53
53
54
53
52
52
51
51
51
50
50
48
47
47
47
48
47
46
45
44
44
45
46
45
44
44
44
44
44
44
44
44
44
44
44
44
44
44
44
44
44
44
44
43
44
44
43
43
43
44
44
44
44
44
44
45
44
44
43
43
44
44
43
43
43
43
43
43
43
43
43
43
43
45
46
45
44
44
43
43
43
45
46
45
44
44
45
46
46
45
45
45
45
45
45
45
46
46
45
45
46
45
44
44
45
45
44
43
43
43
43
43
43
43
44
43
43
43
42
42
43
43
43
42
42
42
43
43
42
42
41
42
43
43
42
42
43
43
43
43
43
43
43
44
43
42
42
43
44
44
43
43
42
40
40
40
41
41
40
38
38
38
39
38
37
36
37
37
35
34
33
33
33
33
32
30
29
29
29
28
27
28
28
27
26
25
24
22
20
19
18
17
17
16
16
16
15
13
11
9
8
7
6
5
4
3
1
0
0
-1
-2
-2
-2
-4
-7
-8
-8
-8
-9
-11
-13
-14
-15
-15
-16
-17
-18
-19
-19
-20
-21
-22
-23
-24
-25
-25
-26
-26
-27
-28
-29
-29
-30
-30
-31
-32
-32
-33
-35
-36
-37
-38
-39
-38
-37
-37
-38
-39
-39
-38
-38
-38
-39
-39
-39
-38
-38
-38
-38
-37
-37
-37
-36
-35
-35
-34
-34
-33
-33
-32
-32
-32
-32
-31
-31
-31
-31
-30
-30
-28
-27
-28
-30
-29
-29
-29
-30
-29
-29
-29
-30
-30
-30
-29
-28
-28
-29
-29
-29
-28
-29
-28
-28
-27
-27
-27
-27
-27
-27
-27
-27
-26
-26
-26
-26
-26
-26
-26
-26
-25
-24
-25
-25
-25
-24
-24
-24
-23
-23
-23
-24
-24
-25
-26
-25
-24
-23
-23
-23
-23
-24
-24
-24
-23
-22
-22
-22
-21
-20
-20
-20
-21
-22
-22
-22
-21
-21
-20
-20
-20
-21
-21
-20
-20
-20
-20
-20
-20
-20
-21
-20
-20
-20
-21
-21
-21
-21
-22
-22
-22
-23
-24
-25
-25
-26
-26
-25
-25
-26
-26
-26
-26
-27
-27
-27
-28
-28
-29
-30
-30
-29
-29
-31
-31
-31
-31
-32
-33
-31
-31
-32
-33
-35
-35
-35
-34
-33
-33
-34
-35
-36
-35
-34
-34
-34
-35
-36
-36
-37
-37
-38
-38
-39
-39
-38
-38
-38
-39
-40
-40
-40
-40
-40
-40
-39
-39
-40
-40
-40
-41
-41
-40
-39
-40
-41
-41
-41
-41
-41
-40
-39
-40
-40
-40
-40
-40
-41
-41
-40
-40
-40
-40
-41
-41
-41
-41
-42
-42
-42
-43
-43
-43
-42
-41
-41
-41
-41
-41
-41
-41
-40
-39
-39
-40
-40
-40
-40
-40
-41
-41
-40
-40
-40
-41
-42
-41
-41
-41
-41
-40
-41
-41
-41
-41
-40
-40
-39
-38
-38
-39
-40
-39
-39
-40
-40
-40
-40
-41
-41
-41
-40
-39
-40
-41
-42
-41
-40
-40
-40
-40
-41
-42
-42
-42
-42
-42
-41
-41
-41
-42
-42
-42
-42
-41
-41
-41
-42
-42
-42
-41
-40
-40
-41
-41
-40
-39
-39
-40
-39
-39
-39
-39
-38
-39
-40
-40
-38
-36
-36
-37
-37
-36
-36
-35
-35
-35
-34
-33
-31
-31
-32
-33
-32
-31
-30
-29
-28
-28
-28
-27
-25
-25
-25
-24
-24
-23
-23
-22
-21
-21
-21
-20
-19
-18
-18
-18
-17
-16
-16
-17
-17
-17
-17
-15
-14
-15
-16
-16
-16
-16
-16
-15
-14
-15
-15
-15
-15
-16
-16
-15
-15
-15
-15
-15
-15
-16
-15
-14
-14
-14
-14
-15
-15
-15
-14
-14
-14
-14
-13
-12
-12
-13
-13
-12
-12
-13
-14
-14
-14
-14
-15
-15
-15
-14
-14
-14
-15
-16
-15
-14
-13
-13
-13
-14
-15
-16
-15
-15
-15
-15
-16
-15
-15
-15
-14
-15
-16
-17
-17
-16
-15
-16
-15
-15
-15
-15
-14
-14
-14
-14
-14
-14
-14
-14
-13
-13
-14
-14
-13
-13
-13
-14
-14
-14
-15
-15
-15
-14
-14
-15
-15
-15
-14
-13
-13
-14
-15
-15
-15
-15
-15
-15
-15
-15
-15
-15
-16
-16
-17
-17
-18
-18
-18
-17
-18
-19
-20
-22
-22
-22
-22
-22
-24
-26
-27
-27
-27
-28
-29
-30
-31
-32
-33
-33
-34
-35
-36
-37
-39
-40
-40
-41
-42
-43
-44
-45
-46
-47
-48
-48
-50
-51
-52
-53
-55
-56
-57
-57
-58
-58
-59
-60
-61
-61
-62
-62
-63
-65
-68
-68
-68
-68
-69
-70
-70
-71
-72
-73
-73
-74
-74
-74
-74
-74
-76
-77
-77
-77
-77
-78
-78
-78
-79
-79
-79
-78
-78
-79
-79
-79
-78
-78
-79
-79
-79
-78
-78
-79
-79
-79
-78
-77
-77
-77
-78
-78
-78
-78
-78
-79
-79
-79
-79
-78
-78
-77
-78
-79
-79
-78
-78
-78
-78
-78
-77
-77
-77
-77
-77
-76
-76
-76
-76
-76
-76
-76
-75
-75
-75
-75
-75
-74
-74
-74
-74
-74
-73
-73
-73
-73
-73
-73
-74
-74
-73
-73
-74
-74
-75
-74
-74
-74
-74
-75
-75
-75
-74
-74
-74
-74
-74
-74
-74
-74
-74
-73
-74
-74
-75
-76
-77
-76
-75
-74
-75
-76
-76
-75
-75
-75
-75
-76
-76
-76
-75
-75
-75
-75
-75
-77
-78
-78
-77
-77
-78
-79
-78
-78
-79
-80
-79
-80
-80
-80
-80
-80
-80
-79
-79
-80
-81
-80
-80
-80
-80
-80
-79
-79
-79
-79
-79
-78
-78
-78
-78
-77
-77
-77
-78
-77
-75
-74
-74
-74
-75
-75
-74
-74
-74
-73
-71
-71
-72
-71
-71
-72
-72
-72
-70
-69
-69
-68
-67
-66
-66
-65
-65
-64
-63
-63
-63
-62
-61
-59
-58
-58
-56
-55
-55
-55
-55
-54
-52
-52
-51
-51
-50
-49
-47
-46
-46
-47
-47
-46
-45
-45
-45
-45
-44
-44
-43
-42
-41
-42
-42
-41
-41
-41
-40
-40
-40
-40
-39
-38
-38
-39
-39
-38
-38
-39
-39
-38
-37
-37
-38
-38
-38
-36
-36
-37
-37
-37
-37
-36
-36
-36
-36
-36
-35
-34
-34
-34
-34
-34
-34
-34
-35
-35
-35
-34
-35
-36
-37
-37
-36
-35
-34
-35
-36
-36
-36
-36
-36
-37
-37
-37
-38
-38
-38
-39
-39
-40
-41
-41
-40
-40
-40
-42
-43
-43
-43
-43
-43
-43
-43
-44
-45
-45
-46
-47
-47
-48
-49
-49
-50
-50
-50
-51
-51
-52
-53
-53
-54
-54
-54
-54
-55
-56
-56
-56
-57
-58
-58
-58
-58
-59
-59
-59
-59
-60
-60
-60
-60
-61
-61
-61
-61
-62
-62
-62
-61
-61
-61
-61
-61
-61
-61
-62
-63
-63
-63
-63
-64
-64
-64
-64
-64
-65
-65
-64
-64
-64
-64
-64
-64
-64
-64
-64
-64
-63
-62
-62
-63
-63
-63
-62
-62
-62
-62
-62
-62
-62
-62
-62
-62
-62
-63
-62
-61
-60
-60
-60
-61
-60
-60
-60
-60
-60
-60
-61
-62
-62
-61
-61
-61
-61
-61
-61
-60
-60
-61
-61
-61
-60
-60
-61
-61
-61
-61
-61
-61
-61
-61
-61
-61
-61
-61
-61
-61
-61
-61
-62
-63
-63
-63
-63
-61
-60
-60
-62
-62
-62
-61
-62
-61
-61
-61
-62
-61
-61
-60
-59
-60
-61
-61
-61
-60
-59
-59
-59
-60
-59
-59
-58
-58
-57
-57
-57
-57
-57
-58
-57
-56
-55
-56
-57
-57
-56
-56
-56
-55
-55
-54
-53
-53
-54
-55
-54
-54
-54
-54
-54
-54
-55
-56
-55
-54
-54
-55
-55
-55
-55
-55
-55
-55
-55
-55
-55
-55
-55
-54
-54
-55
-55
-55
-55
-54
-54
-54
-55
-55
-55
-55
-55
-56
-57
-56
-55
-54
-54
-55
-55
-54
-55
-55
-54
-54
-55
-56
-56
-55
-54
-54
-54
-54
-55
-55
-54
-54
-54
-54
-53
-53
-53
-52
-52
-51
-52
-52
-51
-50
-50
-50
-49
-48
-47
-47
-47
-47
-47
-47
-46
-45
-44
-44
-43
-43
-44
-45
-45
-44
-43
-43
-44
-44
-44
-43
-42
-42
-43
-43
-43
-42
-42
-41
-41
-40
-40
-40
-40
-40
-39
-39
-39
-40
-42
-42
-42
-40
-39
-39
-39
-39
-39
-39
-39
-39
-39
-39
-39
-39
-39
-39
-38
-38
-37
-37
-37
-37
-37
-36
-36
-37
-38
-36
-35
-35
-35
-35
-34
-34
-34
-34
-33
-33
-32
-32
-32
-31
-30
-31
-30
-30
-29
-29
-29
-29
-29
-29
-28
-28
-28
-28
-28
-26
-25
-25
-25
-25
-25
-25
-24
-22
-22
-22
-22
-22
-21
-21
-21
-21
-21
-20
-19
-19
-19
-19
-18
-18
-17
-17
-16
-16
-15
-15
-15
-15
-15
-15
-15
-15
-15
-15
-15
-15
-15
-15
-15
-15
-16
-16
-16
-15
-15
-14
-14
-15
-15
-16
-16
-15
-14
-13
-13
-14
-14
-14
-15
-15
-14
-13
-13
-13
-13
-12
-11
-11
-10
-10
-10
-9
-10
-9
-8
-7
-7
-7
-6
-6
-6
-7
-7
-5
-5
-5
-6
-6
-5
-5
-5
-5
-4
-5
-5
-4
-3
-2
-3
-3
-3
-4
-5
-5
-4
-4
-5
-6
-6
-8
-9
-8
-6
-4
-5
-6
-6
-6
-5
-5
-5
-6
-6
-6
-6
-5
-5
-5
-7
-8
-8
-8
-8
-7
-8
-9
-10
-10
-9
-9
-10
-10
-11
-11
-11
-12
-12
-11
-11
-12
-14
-14
-14
-15
-16
-16
-15
-17
-18
-18
-19
-20
-20
-21
-22
-22
-21
-21
-22
-23
-23
-24
-25
-26
-26
-27
-28
-29
-29
-29
-30
-32
-33
-33
-33
-34
-35
-35
-36
-37
-38
-37
-37
-38
-39
-39
-39
-40
-41
-42
-44
-44
-44
-44
-44
-45
-45
-45
-46
-46
-46
-46
-46
-46
-47
-47
-46
-45
-45
-46
-48
-49
-49
-49
-48
-48
-48
-48
-49
-50
-50
-50
-51
-51
-51
-50
-50
-51
-51
-51
-51
-51
-49
-49
-50
-51
-50
-50
-51
-52
-52
-52
-52
-52
-52
-52
-52
-52
-51
-51
-52
-52
-51
-51
-50
-50
-51
-51
-51
-51
-51
-50
-50
-50
-50
-50
-49
-49
-50
-50
-50
-50
-50
-49
-48
-47
-47
-47
-46
-45
-44
-44
-45
-45
-44
-44
-44
-44
-43
-42
-42
-41
-41
-41
-40
-40
-40
-39
-38
-37
-37
-36
-35
-34
-34
-34
-34
-33
-32
-30
-29
-29
-29
-29
-28
-28
-27
-26
-24
-23
-23
-22
-21
-20
-18
-16
-15
-14
-13
-12
-11
-9
-8
-9
-8
-7
-5
-4
-4
-2
-1
0
0
1
2
3
4
4
6
8
9
10
10
11
13
13
