-74
-75
-76
-77
-78
-79
-79
-79
-80
-81
-82
-82
-81
-80
-82
-85
-86
-87
-87
-87
-87
-88
-89
-87
-85
-85
-85
-85
-84
-84
-83
-81
-81
-82
-82
-80
-79
-80
-82
-82
-81
-79
-77
-78
-80
-81
-80
-79
-79
-79
-78
-78
-79
-78
-77
-77
-78
-78
-77
-76
-76
-75
-75
-76
-75
-73
-71
-72
-74
-73
-72
-71
-71
-72
-72
-71
-70
-70
-70
-71
-72
-71
-70
-71
-72
-73
-73
-71
-70
-70
-71
-70
-70
-71
-70
-69
-71
-72
-72
-72
-72
-70
-71
-71
-70
-69
-70
-70
-70
-70
-71
-70
-71
-72
-72
-71
-70
-70
-71
-72
-72
-71
-70
-70
-71
-72
-72
-71
-71
-72
-73
-73
-73
-71
-71
-73
-73
-72
-71
-72
-73
-73
-72
-71
-71
-71
-72
-71
-69
-69
-71
-73
-72
-71
-71
-71
-71
-72
-73
-72
-71
-70
-71
-72
-72
-70
-68
-69
-69
-69
-68
-67
-65
-65
-66
-67
-66
-64
-63
-64
-64
-64
-64
-63
-62
-62
-62
-63
-64
-62
-61
-62
-63
-63
-62
-62
-61
-61
-63
-63
-63
-62
-61
-60
-61
-63
-62
-60
-61
-62
-62
-63
-63
-63
-64
-64
-65
-66
-65
-66
-67
-69
-69
-70
-71
-72
-73
-75
-76
-77
-77
-77
-77
-77
-78
-80
-80
-79
-80
-79
-77
-76
-76
-76
-76
-75
-73
-70
-70
-72
-73
-73
-72
-71
-70
-71
-72
-71
-71
-71
-72
-71
-70
-69
-68
-70
-71
-71
-70
-69
-70
-71
-71
-71
-71
-71
-71
-69
-69
-70
-71
-70
-69
-70
-71
-71
-70
-70
-71
-71
-70
-70
-70
-70
-71
-71
-71
-69
-69
-70
-71
-71
-71
-71
-71
-71
-71
-70
-71
-71
-70
-68
-67
-67
-67
-66
-65
-65
-65
-65
-65
-67
-68
-67
-67
-69
-71
-70
-69
-68
-70
-71
-73
-75
-75
-75
-75
-77
-78
-77
-77
-78
-79
-80
-80
-80
-79
-77
-75
-76
-77
-77
-75
-73
-72
-72
-73
-74
-71
-70
-71
-73
-72
-71
-70
-69
-70
-71
-71
-71
-70
-69
-71
-72
-71
-69
-68
-69
-69
-69
-69
-70
-71
-72
-73
-71
-69
-69
-70
-70
-70
-71
-71
-70
-70
-71
-71
-70
-70
-70
-70
-70
-70
-71
-72
-71
-70
-71
-71
-70
-70
-69
-69
-69
-71
-72
-72
-72
-72
-71
-71
-71
-71
-70
-70
-71
-71
-71
-72
-72
-70
-70
-71
-72
-71
-70
-69
-70
-71
-70
-70
-71
-72
-74
-73
-71
-69
-69
-70
-71
-71
-71
-70
-68
-68
-70
-70
-68
-66
-66
-66
-65
-64
-65
-67
-68
-68
-68
-67
-67
-68
-70
-70
-71
-70
-70
-72
-74
-75
-76
-76
-76
-77
-79
-79
-79
-79
-78
-78
-79
-80
-79
-77
-77
-78
-77
-75
-74
-75
-75
-76
-76
-76
-75
-74
-75
-76
-76
-77
-78
-79
-81
-83
-83
-82
-83
-85
-85
-85
-86
-86
-86
-87
-88
-88
-88
-87
-86
-84
-84
-84
-83
-82
-82
-82
-81
-82
-82
-81
-80
-80
-80
-80
-79
-79
-78
-77
-78
-79
-80
-79
-77
-77
-77
-77
-79
-81
-80
-77
-76
-77
-77
-76
-75
-73
-71
-70
-69
-69
-68
-67
-67
-68
-69
-68
-68
-69
-70
-70
-69
-69
-71
-72
-73
-74
-74
-74
-76
-77
-77
-77
-77
-77
-79
-81
-81
-81
-82
-81
-79
-81
-81
-78
-78
-80
-82
-82
-82
-81
-81
-81
-81
-80
-79
-80
-81
-81
-81
-80
-79
-78
-78
-78
-80
-80
-79
-77
-77
-78
-79
-79
-78
-78
-78
-79
-80
-79
-77
-77
-77
-78
-79
-78
-75
-74
-76
-79
-80
-79
-77
-76
-77
-79
-78
-78
-79
-81
-81
-80
-79
-79
-78
-78
-78
-78
-78
-77
-77
-77
-76
-75
-74
-72
-71
-71
-70
-68
-66
-65
-66
-67
-69
-69
-68
-68
-69
-69
-69
-70
-70
-72
-73
-74
-74
-73
-73
-74
-76
-77
-76
-76
-78
-81
-81
-79
-79
-79
-78
-78
-78
-76
-73
-72
-73
-74
-73
-72
-72
-72
-72
-71
-70
-70
-69
-68
-68
-69
-69
-70
-70
-70
-69
-68
-67
-67
-68
-69
-69
-69
-68
-67
-66
-67
-69
-69
-69
-69
-68
-69
-72
-74
-74
-74
-73
-73
-73
-75
-75
-75
-77
-79
-79
-78
-80
-81
-82
-83
-83
-82
-83
-85
-86
-86
-87
-86
-85
-87
-88
-86
-85
-84
-83
-83
-84
-82
-81
-81
-83
-83
-83
-82
-80
-78
-79
-80
-79
-79
-79
-78
-79
-82
-81
-79
-78
-78
-78
-78
-78
-78
-77
-78
-79
-79
-79
-79
-79
-79
-80
-79
-77
-76
-78
-80
-81
-80
-79
-79
-79
-80
-80
-80
-79
-77
-79
-80
-79
-77
-76
-78
-80
-81
-81
-78
-76
-77
-80
-82
-81
-78
-76
-76
-77
-76
-75
-74
-74
-73
-73
-73
-72
-72
-72
-72
-72
-72
-70
-68
-68
-70
-70
-69
-70
-70
-69
-70
-71
-70
-68
-68
-70
-71
-71
-70
-68
-68
-70
-71
-70
-70
-70
-70
-71
-72
-71
-70
-72
-73
-73
-74
-75
-75
-76
-77
-77
-77
-77
-79
-81
-82
-82
-81
-82
-83
-84
-85
-86
-85
-85
-86
-87
-87
-87
-86
-84
-83
-84
-84
-82
-80
-81
-80
-81
-82
-81
-79
-78
-79
-78
-78
-80
-81
-80
-79
-80
-80
-80
-80
-80
-79
-80
-80
-79
-78
-78
-80
-81
-81
-80
-79
-80
-81
-81
-80
-78
-77
-78
-80
-81
-80
-80
-79
-78
-80
-82
-80
-78
-78
-79
-79
-79
-79
-79
-78
-79
-80
-80
-80
-80
-79
-79
-81
-81
-78
-76
-77
-77
-76
-75
-74
-74
-75
-75
-75
-74
-73
-73
-74
-73
-71
-71
-71
-71
-72
-72
-71
-71
-72
-72
-72
-71
-71
-71
-70
-70
-71
-72
-71
-70
-72
-71
-68
-69
-71
-71
-71
-71
-71
-71
-72
-73
-73
-74
-73
-73
-74
-76
-77
-76
-76
-77
-79
-81
-81
-82
-81
-80
-81
-83
-84
-83
-83
-86
-88
-88
-86
-85
-84
-84
-83
-82
-81
-81
-80
-80
-80
-80
-78
-78
-79
-80
-79
-79
-80
-79
-77
-78
-80
-80
-80
-79
-78
-78
-78
-78
-78
-77
-77
-78
-79
-78
-76
-77
-78
-78
-79
-79
-78
-77
-78
-79
-79
-80
-79
-78
-78
-79
-79
-78
-78
-78
-78
-79
-79
-79
-78
-77
-78
-79
-78
-76
-77
-79
-81
-81
-80
-78
-78
-78
-77
-76
-75
-75
-74
-74
-74
-75
-76
-75
-76
-76
-75
-74
-76
-78
-78
-78
-79
-79
-79
-81
-82
-82
-83
-85
-86
-87
-88
-88
-87
-87
-88
-88
-87
-86
-86
-86
-86
-86
-85
-83
-83
-83
-83
-83
-83
-82
-81
-81
-81
-81
-81
-80
-78
-77
-78
-79
-79
-79
-77
-77
-78
-78
-77
-77
-78
-77
-77
-77
-76
-75
-73
-71
-70
-69
-68
-66
-65
-64
-64
-64
-64
-63
-63
-63
-62
-63
-63
-63
-61
-57
-56
-60
-63
-62
-60
-60
-60
-59
-60
-61
-60
-57
-57
-59
-61
-58
-55
-53
-53
-51
-51
-52
-52
-51
-51
-52
-51
-52
-52
-53
-53
-55
-55
-55
-55
-56
-58
-58
-58
-59
-61
-62
-62
-64
-65
-66
-67
-67
-67
-66
-65
-66
-66
-66
-66
-65
-64
-64
-64
-64
-64
-64
-63
-64
-64
-64
-62
-61
-62
-63
-63
-63
-63
-62
-63
-64
-65
-64
-63
-63
-62
-62
-61
-62
-62
-61
-61
-62
-62
-61
-60
-59
-57
-57
-58
-59
-59
-59
-59
-58
-60
-63
-63
-60
-60
-63
-65
-67
-68
-68
-66
-67
-69
-71
-71
-71
-72
-73
-74
-74
-73
-72
-72
-71
-72
-72
-70
-68
-67
-68
-69
-68
-67
-67
-68
-70
-71
-71
-71
-71
-72
-74
-74
-74
-73
-74
-75
-76
-76
-77
-78
-79
-79
-79
-79
-79
-80
-79
-78
-78
-77
-75
-74
-74
-74
-75
-74
-73
-73
-73
-72
-71
-71
-72
-71
-71
-72
-72
-71
-69
-69
-70
-71
-70
-69
-69
-70
-71
-72
-71
-69
-69
-70
-70
-70
-71
-71
-69
-68
-68
-70
-71
-70
-70
-70
-70
-70
-69
-70
-69
-68
-68
-70
-71
-70
-69
-70
-71
-70
-70
-70
-70
-71
-70
-69
-69
-69
-67
-67
-69
-68
-65
-65
-65
-64
-62
-63
-62
-61
-60
-60
-60
-59
-59
-60
-62
-63
-64
-65
-64
-63
-63
-65
-66
-66
-67
-68
-69
-69
-71
-73
-74
-73
-72
-72
-71
-70
-71
-71
-69
