36
36
35
33
33
33
32
32
31
30
29
29
29
28
27
27
27
28
28
27
27
26
25
25
24
22
22
22
22
22
22
22
21
21
22
21
19
18
18
18
18
18
17
16
15
14
14
13
12
11
10
7
6
5
4
3
2
2
1
-2
-4
-5
-6
-7
-8
-9
-11
-12
-14
-16
-17
-18
-19
-21
-22
-25
-26
-26
-28
-30
-32
-34
-36
-38
-40
-42
-44
-46
-48
-50
-52
-55
-56
-58
-61
-64
-66
-69
-72
-74
-76
-79
-82
-84
-86
-89
-92
-94
-97
-100
-102
-104
-106
-109
-111
-112
-114
-117
-119
-121
-124
-125
-127
-128
-130
-132
-134
-135
-136
-137
-137
-138
-140
-141
-142
-142
-144
-144
-145
-146
-147
-149
-150
-150
-149
-149
-150
-151
-152
-152
-152
-153
-153
-153
-153
-154
-154
-153
-154
-154
-154
-154
-154
-154
-155
-154
-154
-155
-155
-156
-155
-155
-154
-153
-154
-154
-153
-152
-151
-152
-153
-153
-152
-152
-152
-151
-150
-151
-151
-150
-150
-149
-150
-151
-151
-149
-149
-149
-149
-150
-151
-151
-150
-149
-149
-148
-147
-147
-147
-147
-146
-146
-146
-146
-146
-146
-145
-145
-144
-144
-144
-143
-142
-142
-142
-141
-142
-143
-142
-140
-139
-140
-140
-140
-140
-140
-138
-138
-138
-138
-139
-140
-140
-140
-140
-140
-140
-139
-139
-139
-138
-138
-138
-138
-138
-138
-138
-138
-137
-137
-137
-137
-137
-137
-137
-138
-138
-137
-136
-137
-137
-136
-134
-133
-133
-133
-133
-133
-133
-133
-132
-131
-131
-130
-128
-126
-126
-126
-126
-124
-123
-123
-123
-122
-120
-120
-119
-118
-117
-117
-116
-114
-113
-113
-113
-112
-111
-110
-109
-109
-109
-109
-108
-108
-108
-107
-107
-107
-106
-106
-106
-106
-105
-105
-105
-105
-106
-105
-104
-104
-105
-105
-104
-104
-104
-105
-105
-104
-104
-106
-107
-106
-106
-106
-106
-105
-105
-106
-107
-106
-106
-107
-107
-108
-109
-109
-109
-111
-112
-112
-112
-113
-114
-114
-114
-116
-117
-117
-117
-118
-120
-120
-120
-122
-123
-123
-124
-126
-126
-126
-126
-127
-129
-130
-131
-132
-133
-134
-134
-135
-137
-138
-138
-138
-139
-140
-141
-142
-142
-143
-143
-144
-144
-145
-147
-147
-147
-147
-147
-147
-147
-147
-148
-148
-149
-149
-149
-149
-149
-149
-149
-149
-149
-148
-148
-148
-148
-148
-149
-148
-147
-147
-147
-148
-148
-148
-147
-146
-146
-146
-146
-146
-146
-145
-145
-145
-145
-145
-145
-145
-144
-144
-145
-144
-144
-145
-145
-144
-144
-145
-144
-144
-144
-143
-143
-143
-144
-144
-145
-144
-143
-143
-144
-143
-143
-142
-142
-142
-143
-143
-142
-142
-141
-141
-141
-142
-141
-139
-138
-138
-137
-135
-134
-133
-131
-131
-130
-129
-126
-125
-123
-121
-119
-117
-115
-112
-109
-107
-105
-102
-98
-95
-92
-89
-85
-81
-78
-73
-69
-66
-62
-57
-52
-47
-43
-39
-35
-29
-23
-19
-15
-11
-7
-2
3
8
13
18
23
29
34
39
43
49
54
59
65
71
75
79
84
90
95
99
104
109
113
119
124
129
132
136
141
146
150
155
160
162
165
170
175
178
180
184
187
190
193
196
200
202
204
207
211
213
215
217
220
222
223
225
227
230
231
233
233
234
235
237
238
239
240
240
240
241
242
243
243
241
242
244
246
245
243
242
241
241
241
241
241
241
240
239
239
238
236
236
236
235
234
235
235
233
233
234
234
233
234
234
233
232
232
232
232
231
232
233
234
233
234
233
233
233
234
235
236
235
235
235
234
234
235
236
237
239
240
239
240
239
239
239
240
239
238
239
240
240
240
243
243
242
243
245
245
246
247
247
247
248
249
250
250
251
251
252
254
256
257
256
256
257
259
261
262
262
263
264
264
267
269
270
270
272
274
276
278
279
280
282
283
284
285
287
289
291
293
295
297
299
300
302
304
305
306
309
311
312
313
316
317
317
318
320
321
321
322
324
325
327
329
330
330
330
331
332
333
334
335
335
334
335
336
337
336
334
334
334
334
334
334
333
330
329
328
327
326
324
323
321
319
316
315
314
312
308
305
302
299
295
290
287
283
279
275
272
268
264
259
253
249
245
240
235
231
226
221
217
213
208
204
198
192
186
182
176
170
165
161
155
151
147
142
137
132
128
124
120
115
111
107
102
97
93
90
86
82
79
76
72
69
67
63
58
55
52
48
46
44
41
37
34
31
28
25
23
21
18
16
13
9
6
4
1
-2
-4
-7
-10
-12
-14
-15
-17
-20
-22
-24
-26
-29
-30
-32
-34
-36
-38
-39
-41
-43
-44
-45
-46
-48
-50
-52
-52
-53
-53
-55
-56
-56
-57
-58
-59
-59
-60
-61
-61
-62
-63
-62
-63
-65
-66
-67
-68
-69
-69
-70
-72
-72
-73
-74
-75
-75
-75
-76
-77
-77
-77
-78
-79
-79
-79
-80
-82
-83
-83
-84
-84
-85
-85
-86
-86
-87
-86
-87
-87
-88
-89
-90
-91
-91
-91
-91
-92
-93
-93
-93
-93
-94
-95
-96
-98
-97
-97
-98
-100
-101
-101
-100
-101
-102
-101
-102
-103
-103
-103
-104
-105
-105
-105
-107
-107
-107
-107
-107
-108
-109
-111
-112
-112
-112
-113
-114
-114
-114
-115
-115
-116
-116
-117
-118
-119
-118
-118
-120
-122
-123
-124
-125
-125
-125
-126
-126
-126
-126
-127
-127
-128
-127
-127
-128
-128
-129
-129
-129
-128
-127
-128
-128
-126
-125
-126
-127
-127
-128
-129
-128
-126
-124
-123
-122
-123
-123
-121
-121
-121
-122
-122
-121
-120
-119
-119
-119
-119
-118
-118
-118
-118
-118
-119
-119
-117
-116
-116
-116
-117
-117
-117
-117
-117
-117
-117
-117
-118
-118
-119
-120
-119
-119
-120
-121
-121
-124
-125
-125
-125
-126
-126
-128
-130
-131
-131
-132
-133
-134
-134
-135
-136
-137
-139
-141
-142
-142
-143
-145
-146
-148
-149
-150
-151
-152
-153
-154
-155
-156
-157
-157
-159
-160
-162
-164
-164
-165
-167
-168
-170
-171
-172
-173
-173
-174
-175
-177
-178
-178
-180
-181
-182
-183
-184
-184
-185
-186
-187
-188
-188
-188
-188
-189
-190
-192
-193
-193
-193
-193
-193
-194
-195
-195
-195
-196
-195
-195
-195
-195
-194
-194
-194
-193
-193
-194
-193
-192
-192
-191
-191
-191
-192
-191
-191
-191
-191
-191
-190
-189
-188
-187
-186
-186
-186
-185
-184
-183
-182
-181
-182
-182
-181
-180
-179
-179
-179
-178
-176
-175
-175
-175
-174
-174
-173
-172
-171
-170
-170
-170
-169
-168
-167
-167
-167
-167
-167
-166
-165
-165
-164
-164
-164
-163
-162
-162
-162
-162
-162
-162
-161
-160
-160
-160
-160
-158
-157
-157
-157
-157
-157
-156
-156
-156
-157
-156
-155
-155
-154
-153
-153
-152
-151
-150
-150
-149
-148
-148
-146
-145
-145
-144
-143
-142
-141
-139
-138
-138
-137
-136
-134
-132
-131
-130
-128
-127
-125
-123
-121
-119
-118
-116
-114
-112
-110
-109
-108
-107
-105
-102
-100
-99
-97
-95
-93
-92
-91
-90
-88
-86
-85
-83
-80
-78
-77
-76
-73
-70
-69
-68
-65
-63
-60
-58
-56
-52
-50
-48
-44
-41
-40
-38
-35
-32
-29
-26
-23
-20
-17
-14
-11
-7
-4
-1
2
5
7
11
15
18
20
22
25
29
32
34
37
39
42
44
48
52
55
57
59
61
63
66
68
70
71
73
75
78
79
81
82
83
83
85
88
89
89
90
91
92
94
95
96
97
97
97
99
100
100
100
100
101
102
103
104
104
105
106
107
108
107
108
109
110
111
112
113
114
115
117
117
118
120
122
123
124
124
125
128
129
129
131
132
132
133
136
137
137
139
141
142
144
144
144
145
146
147
148
149
149
151
152
153
154
155
156
156
154
154
155
157
158
158
158
157
157
158
158
158
157
158
158
157
155
153
154
155
153
153
152
151
149
150
150
150
149
147
146
146
145
144
143
143
142
141
139
138
136
135
135
134
132
130
129
128
126
124
124
123
121
119
118
116
114
112
111
110
108
107
106
105
103
102
101
98
96
96
96
94
93
93
92
90
87
86
86
86
85
85
83
81
80
80
80
78
77
76
75
75
74
73
72
72
71
70
69
69
69
70
70
69
68
68
67
66
65
66
65
64
65
66
65
62
62
63
63
62
61
60
60
61
60
59
58
58
56
56
56
54
52
51
50
49
50
49
47
45
44
44
43
41
40
38
37
36
34
33
32
30
28
26
24
24
23
22
19
18
17
14
13
11
10
7
6
5
4
2
1
-1
-3
-4
-5
-8
-11
-12
-15
-17
-18
-19
-22
-24
-25
-26
-28
-30
-33
-35
-36
-38
-39
-39
-40
-43
-46
-47
-48
-50
-51
-52
-54
-55
-56
-57
-58
-60
-61
-63
-65
-66
-66
-67
-69
-71
-71
-72
-73
-75
-75
-76
-77
-79
-79
-80
-82
-84
-85
-86
-88
-88
-88
-90
-91
-92
-92
-93
-94
-95
-96
-97
-97
-98
-98
-98
-100
-102
-103
-103
-104
-104
-103
-103
-104
-104
-104
-104
-104
-104
-105
-105
-105
-105
-105
-105
-106
-106
-105
-106
-107
-107
-106
-108
-109
-108
-107
-109
-111
-110
-110
-110
-112
-113
-113
-113
-114
-115
-116
-117
-118
-119
-120
-121
-121
-121
-121
-123
-124
-124
-125
-127
-127
-127
-128
-130
-131
-132
-132
-132
-132
-133
-133
-134
-135
-135
-135
-136
-138
-138
-138
-140
-141
-141
-142
-143
-142
-141
-142
-143
-144
-144
-144
-145
-146
-147
-146
-146
-146
-147
-148
-148
-148
-148
-148
-148
-148
-148
-148
-149
-149
-148
-148
-148
-148
-148
-147
-148
-147
-146
-146
-148
-149
-149
-149
-150
-149
-149
-151
-151
-150
-150
-152
-152
-151
-152
-152
-152
-153
-153
-152
-152
-153
-153
-153
-153
-154
-155
-155
-156
-156
-157
-157
-157
-157
-158
-159
-159
-160
-160
-161
-162
-163
-164
-164
-164
-164
-164
-164
-165
-165
-165
-166
-168
-168
-169
-170
-171
-171
-172
-173
-174
-174
-175
-176
-176
-176
-177
-178
-180
-181
-181
-181
-183
-185
-186
-187
-187
-189
-190
-191
-192
-193
-193
-194
-195
-196
-196
-197
-199
-199
-199
-200
-201
-202
-202
-203
-202
-201
-202
-204
-204
-204
-205
-206
-205
-204
-205
-206
-206
-206
-207
-207
-207
-207
-207
-208
-208
-208
-207
-208
-208
-208
-209
-209
-209
-208
-208
-208
-209
-210
-210
-209
-209
-209
-210
-211
-212
-211
-210
-211
-211
-210
-210
-211
-211
-211
-212
-212
-212
-212
-212
-212
-213
-214
-214
-212
-211
-211
-212
-213
-214
-214
-213
-213
-212
-211
-212
-212
-210
-210
-210
-210
-211
-211
-211
-210
-210
-210
-210
-209
-210
-209
-209
-209
-210
-210
-210
-210
-209
-209
-209
-209
-209
-209
-209
-209
-209
-211
-211
-210
-210
-211
-212
-212
-212
-212
-212
-212
-212
-212
-213
-213
-213
-213
-214
-213
-212
-212
-213
-213
-212
-212
-212
-212
-212
-212
-212
-212
-211
-211
-211
-211
-212
-213
-213
-212
-210
-209
-209
-208
-208
-208
-208
-208
-208
-208
-208
-208
-208
-207
-205
-204
-204
-205
-205
-205
-205
-205
-205
-203
-202
-201
-201
-200
-199
-199
-200
-198
-197
-196
-196
-195
-195
-195
-194
-193
-192
-191
-191
-191
-191
-191
-191
-190
-190
-190
-189
-188
-188
-189
-189
-189
-189
-189
-189
-189
-189
-190
-191
-191
-190
-190
-192
-192
-191
-192
-194
-193
-193
-194
-194
-194
-194
-195
-195
-195
-196
-197
-197
-197
-198
-198
-199
-199
-200
-201
-202
-202
-202
-203
-203
-204
-205
-206
-206
-206
-206
-206
-207
-208
-209
-209
-209
-210
-211
-211
-211
-211
-212
-213
-212
-213
-214
-214
-214
-214
-214
-214
-215
-215
-215
-215
-215
-216
-215
-214
-215
-216
-216
-217
-217
-216
-215
-216
-217
-216
-217
-219
-218
-217
-216
-217
-216
-217
-217
-218
-218
-219
-218
-217
-218
-218
-218
-218
-217
-217
-216
-217
-217
-216
-216
-215
-215
-215
-216
-216
-215
-214
-213
-212
-212
-212
-211
-210
-210
-209
-209
-209
-208
-206
-206
-206
-206
-205
-205
-204
-203
-202
-201
-200
-199
-198
-197
-196
-196
-195
-194
-192
-192
-191
-190
-188
-186
-185
-184
-182
-181
-179
-178
-175
-174
-172
-169
-167
-165
-163
-161
-159
-157
-154
-151
-148
-145
-141
-139
-137
-134
-130
-129
-127
-124
-121
-116
-112
-109
-106
-102
-98
-95
-92
-89
-86
-82
-78
-73
-69
-66
-63
-60
-56
-52
-47
-42
-38
-36
-32
-27
-24
-19
-14
-10
-6
-3
2
7
11
16
21
25
28
31
34
38
43
48
51
53
56
60
65
69
72
75
79
82
85
89
93
95
98
101
104
106
109
111
113
117
121
123
124
125
127
129
131
133
134
135
138
139
140
141
144
145
145
147
148
149
149
150
150
150
150
151
152
152
152
151
150
151
151
151
150
150
150
150
149
147
145
144
143
145
145
143
140
140
140
139
137
136
134
134
133
131
129
128
128
127
126
124
123
122
121
120
119
118
117
115
114
114
113
111
109
108
108
107
106
104
103
102
102
101
100
99
98
97
95
94
93
92
90
89
88
87
86
86
85
83
81
81
80
78
76
75
73
72
71
70
68
67
65
64
63
61
60
59
57
56
54
52
49
47
45
42
39
39
39
36
33
31
30
27
25
23
21
19
17
15
12
9
7
6
3
1
0
-3
-5
-7
-8
-11
-14
-16
-18
-20
-21
-22
-24
-26
-28
-29
-30
-31
-32
-34
-36
-37
-38
-40
-41
-41
-42
-43
-44
-45
-45
-46
-47
-47
-48
-49
-50
-50
-51
-52
-52
-52
-54
-53
-52
-53
-54
-54
-54
-54
-54
-54
-54
-54
-54
-55
-55
-55
-54
-54
-54
-54
-54
-53
-52
-53
-54
-55
-54
-53
-52
-50
-52
-53
-53
-50
-49
-48
-48
-48
-48
-48
-48
-48
-46
-46
-45
-44
-43
-42
-42
-40
-39
-38
-37
-37
-37
-37
-36
-35
-35
-33
-32
-32
-33
-32
-33
-33
-33
-32
-32
-32
-32
-33
-33
-33
-32
-33
-34
-35
-35
-35
-36
-37
-37
-37
-38
-39
-39
-40
-42
-43
-44
-45
-46
-47
-48
-50
-50
-51
-52
-53
-55
-56
-58
-59
-60
-61
-62
-65
-66
-68
-70
-71
-72
-74
-76
-78
-79
-81
-82
-81
-82
-85
-86
-88
-90
-92
-93
-95
-96
-97
-98
-100
-101
-100
-101
-103
-104
-105
-107
-108
-108
-109
-110
-110
-110
-111
-112
-112
-113
-115
-115
-115
-115
-115
-115
-116
-118
-119
-120
-120
-119
-119
-118
-119
-119
-119
-118
-117
-117
-118
-118
-118
-118
-118
-117
-117
-117
-117
-117
-118
-117
-115
-116
-117
-116
-116
-117
-116
-115
-115
-116
-114
-113
-113
-112
-112
-113
-114
-113
-112
-111
-110
-110
-110
-110
-110
-109
-108
-107
-107
-107
-107
-105
-105
-105
-104
-103
-103
-102
-101
-100
-100
-101
-101
-100
-98
-98
-98
-97
-97
-98
-97
-97
-97
-97
-96
-96
-97
-97
-97
-96
-95
-95
-94
-94
-94
-94
-95
-95
-95
-94
-94
-95
-95
-95
-95
-94
-93
-93
-93
-93
-93
-93
-93
-92
-92
-92
-92
-92
-91
-92
-91
-90
-89
-90
-90
-90
-90
-89
-88
-88
-88
-88
-88
-88
-88
-87
-86
-84
-84
-84
-83
-83
-82
-83
-85
-84
-83
-82
-82
-81
-80
-80
-79
-79
-78
-76
-76
-76
-75
-74
-73
-72
-70
-70
-70
-69
-68
-67
-67
-66
-66
-65
-64
-64
-63
-62
-62
-62
-62
-61
-61
-61
-60
-61
-61
-61
-61
-62
-62
-61
-62
-64
-64
-64
-64
-65
-66
-67
-69
-69
-69
-69
-70
-71
-72
-73
-74
-75
-76
-76
-78
-80
-81
-82
-83
-85
-86
-87
-90
-92
-92
-94
-96
-97
-98
-100
-101
-102
-104
-106
-108
-108
-108
-109
-110
-113
-114
-115
-116
-118
-118
-118
-120
-122
-122
-123
-123
-123
-124
-126
-125
-125
-127
-128
-127
-127
-128
-129
-130
-131
-131
-132
-133
-132
-133
-134
-134
-134
-135
-136
-137
-137
-138
-139
-138
-139
-140
-140
-140
-140
-140
-141
-141
-142
-142
-142
-143
-143
-143
-143
-143
-143
-143
-143
-144
-144
-144
-142
-141
-141
-142
-142
-142
-142
-141
-140
-140
-140
-140
-140
-140
-139
-138
-138
-137
-136
-136
-136
-136
-135
-136
-135
-133
-133
-133
-132
-131
-130
-129
-129
-130
-129
-128
-128
-127
-127
-125
-125
-125
-126
-125
-123
-122
-123
-123
-122
-122
-122
-120
-118
-118
-119
-118
-117
-117
-117
-117
-116
-115
-114
-113
-113
-112
-112
-113
-113
-112
-111
-111
-111
-111
-110
-109
-109
-110
-110
-109
-108
-108
-109
-109
-109
-109
-109
-109
-109
-110
-111
-110
-111
-112
-112
-111
-109
-108
-108
-108
-109
-109
-108
-108
-108
-109
-108
-107
-105
-105
-105
-104
-103
-102
-103
-104
-103
-102
-102
-101
-99
-100
-102
-102
-102
-101
-101
-102
-102
-102
-101
-100
-101
-103
-104
-103
-103
-104
-104
-104
-105
-106
-107
-107
-107
-108
-108
-109
-109
-109
-109
-110
-111
-112
-112
-113
-114
-114
-114
-114
-115
-116
-117
-118
-118
-120
-122
-121
-120
-122
-124
-125
-125
-125
-126
-128
-129
-129
-130
-131
-132
-133
-133
-134
-135
-136
-136
-137
-137
-138
-138
-138
-138
-140
-141
-141
-141
-140
-140
-142
-143
-144
-143
-143
-143
-144
-145
-145
-145
-145
-146
-146
-147
-148
-148
-147
-148
-149
-150
-151
-150
-149
-151
-153
-153
-153
-153
-153
-154
-155
-156
-157
-158
-159
-159
-159
-160
-160
-161
-162
-162
-162
-161
-161
-162
-162
-163
-163
-164
-163
-163
-164
-165
-164
-164
-164
-164
-164
-164
-164
-164
-164
-164
-164
-164
-164
-165
-165
-164
-164
-163
-162
-162
-163
-162
-160
-161
-161
-161
-160
-160
-159
-158
-157
-157
-156
-155
-154
-153
-153
-151
-150
-148
-148
-147
-146
-145
-143
-141
-140
-139
-138
-135
-132
-131
-130
-129
-127
-125
-123
-121
-119
-117
-115
-113
-110
-108
-107
-106
-102
-99
-98
-97
-95
-92
-89
-88
-86
-83
-81
-78
-77
-74
-72
-69
-66
-62
-60
-58
-56
-53
-50
-47
-45
-43
-39
-36
-33
-30
-27
-23
-20
-18
-15
-12
-10
-8
-5
-1
1
4
7
11
14
16
20
24
26
29
32
36
38
41
44
48
51
54
56
58
61
64
67
70
73
75
76
78
81
85
87
88
89
92
94
96
98
101
103
105
106
106
108
110
111
112
114
115
116
116
117
119
120
121
121
122
123
123
123
122
121
121
121
121
121
121
122
121
119
119
119
119
119
118
117
116
116
116
115
112
111
111
112
111
111
110
108
107
107
106
106
106
104
103
103
102
100
100
101
100
98
97
97
96
95
95
95
94
93
92
91
91
90
89
89
89
88
87
87
86
85
84
84
84
84
83
81
80
81
81
79
78
78
78
77
75
74
74
73
72
70
70
70
69
67
67
68
67
65
65
65
63
63
62
61
59
59
58
57
57
56
55
53
51
50
49
49
49
48
47
46
44
44
44
43
43
42
40
37
36
35
34
34
33
32
32
31
28
27
27
26
24
23
23
22
20
20
19
17
16
15
14
13
12
10
8
7
7
5
4
3
2
0
0
-1
-3
-5
-6
-7
-8
-9
-11
-12
-13
-14
-15
-15
-15
-16
-17
-18
-20
-20
-20
-21
-22
-22
-22
-23
-24
-24
-23
-23
-24
-23
-21
-21
-22
-21
-21
-23
-25
-25
-26
-25
-24
-23
-23
-25
-26
-25
-24
-23
-23
-23
-23
-23
-22
-21
-22
-22
-21
-21
-21
-20
-18
-18
-18
-18
-18
-17
-17
-17
-17
-17
-16
-16
-15
-15
-15
-16
-15
-14
-14
-15
-15
-16
-16
-16
-16
-16
-15
-16
-18
-19
-18
-17
-18
-18
-19
-20
-20
-21
-20
-20
-20
-23
-25
-25
-25
-26
-27
-27
-28
-29
-30
-32
-34
-35
-35
-36
-37
-38
-40
-42
-44
-45
-45
-46
-47
-49
-51
-52
-52
-53
-54
-55
-56
-58
-59
-60
-61
-62
-63
-65
-66
-66
-67
-68
-69
-69
-70
-71
-71
-73
-74
-75
-75
-76
-75
-76
-77
-78
-79
-80
-79
-79
-81
-82
-82
-82
-83
-83
-83
-83
-84
-84
-84
-84
-84
-84
-84
-85
-85
-85
-85
-84
-84
-84
-85
-84
-84
-84
-84
-83
-83
-83
-83
-83
-82
-82
-82
-82
-82
-81
-81
-81
-81
-81
-80
-79
-80
-81
-81
-82
-82
-82
-80
-79
-80
-80
-80
-79
-78
-78
-78
-77
-78
-78
-77
-78
-79
-78
-77
-78
-80
-78
-77
-79
-81
-81
-80
-80
-81
-80
-81
-81
-80
-81
-82
-82
-82
-82
-83
-83
-82
-82
-83
-84
-85
-84
-84
-85
-85
-84
-85
-86
-85
-83
-83
-84
-83
-83
-83
-83
-82
-81
-81
-82
-81
-80
-80
-81
-81
-79
-79
-79
-78
-77
-76
-75
-74
-73
-72
-71
-71
-73
-74
-73
-72
-70
-69
-67
-66
-65
-65
-66
-65
-63
-62
-62
-59
-58
-59
-60
-58
-56
-55
-54
-53
-54
-54
-52
-51
-50
-50
-50
-50
-51
-52
-51
-49
-49
-50
-51
-51
-51
-50
-51
-51
-52
-53
-53
-53
-53
-54
-55
-55
-55
-54
-54
-56
-58
-59
-59
-59
-60
-61
-63
-63
-64
-64
-64
-65
-67
-68
-69
-70
-70
-70
-72
-73
-73
-74
-76
-77
-78
-79
-80
-79
-79
-81
-84
-84
-85
-87
-89
-90
-91
-91
-90
-91
-92
-94
-94
-94
-95
-95
-95
-96
-96
-97
-98
-99
-100
-101
-101
-101
-101
-102
-103
-104
-103
-101
-102
-103
-104
-104
-104
-104
-105
-106
-105
-105
-107
-108
-107
-107
-109
-110
-110
-109
-110
-112
-111
-110
-110
-111
-112
-113
-113
-113
-113
-113
-113
-114
-114
-113
-113
-114
-114
-114
-115
-115
-115
-116
-116
-114
-114
-115
-115
-115
-115
-115
-115
-115
-114
-113
-114
-115
-115
-115
-115
-114
-114
-115
-115
-114
-113
-115
-115
-114
-114
-114
-114
-114
-114
-115
-115
-114
-113
-112
-113
-114
-113
-111
-111
-111
-112
-113
-113
-112
-111
-112
-112
-111
-111
-110
-108
-108
-108
-109
-110
-109
-108
-107
-107
-107
-107
-107
-107
-107
-106
-107
-108
-107
-106
-106
-106
-106
-105
-105
-105
-104
-103
-103
-103
-102
-102
-101
-101
-100
-98
-97
-97
-96
-95
-94
-94
-93
-93
-94
-94
-92
-91
-89
-89
-90
-91
-90
-89
-88
-86
-85
-86
-87
-86
-85
-84
-84
-85
-85
-85
-85
-84
-84
-84
-83
-83
-83
-83
-83
-83
-84
-84
-83
-82
-83
-83
-82
-82
-83
-84
-84
-84
-84
-84
-84
-85
-86
-86
-86
-86
-86
-86
-87
-87
-88
-88
-88
-90
-91
-90
-89
-91
-93
-94
-93
-94
-95
-97
-97
-97
-98
-99
-99
-98
-100
-101
-100
-101
-102
-103
-102
-103
-104
-104
-104
-105
-105
-105
-105
-107
-108
-108
-108
-109
-109
-109
-109
-109
-110
-111
-110
-110
-111
-112
-112
-113
-114
-114
-114
-114
-114
-115
-116
-117
-116
-116
-116
-117
-118
-118
-119
-119
-119
-118
-119
-120
-122
-121
-120
-120
-121
-120
-120
-121
-122
-122
-122
-122
-121
-121
-122
-122
-122
-122
-122
-120
-120
-121
-121
-121
-120
-119
-119
-119
-119
-119
-118
-117
-117
-118
-119
-118
-117
-117
-116
-115
-116
-116
-114
-114
-114
-112
-111
-111
-111
-109
-108
-107
-107
-107
-106
-104
-102
-100
-100
-99
-98
-96
-94
-93
-92
-91
-89
-88
-86
-84
-81
-80
-79
-77
-75
-73
-72
-71
-68
-66
-63
-62
-59
-57
-56
-54
-52
-49
-46
-44
-43
-41
-38
-35
-34
-31
-28
-25
-23
-20
-16
-14
-12
-10
-8
-6
-2
0
2
5
8
11
14
18
21
24
27
30
31
33
37
39
43
47
49
51
54
56
58
62
64
66
68
72
75
77
79
82
84
86
90
93
94
96
98
101
104
107
109
111
112
113
116
118
120
122
123
124
125
126
129
131
132
132
132
133
134
135
136
136
137
138
137
137
138
139
138
138
138
138
138
138
137
137
137
137
136
136
135
133
131
131
131
130
129
128
126
125
124
122
121
119
118
116
114
112
110
108
108
108
106
104
103
101
99
97
96
95
93
92
90
89
87
85
82
79
76
75
75
73
70
68
67
65
64
62
60
57
55
53
51
49
48
46
44
41
38
37
35
32
30
28
27
25
23
21
19
17
15
13
12
11
9
7
4
3
1
-1
-2
-3
-4
-6
-8
-10
-12
-13
-14
-14
-16
-18
-20
-21
-21
-23
-24
-25
-26
-27
-28
-29
-30
-31
-33
-35
-35
-35
-37
-39
-39
-39
-40
-41
-43
-45
-45
-44
-45
-46
-48
-49
-50
-51
-51
-51
-52
-53
-54
-55
-56
-55
-56
-57
-58
-59
-60
-61
-60
-60
-60
-60
-60
-61
-61
-61
-60
-61
-61
-61
-60
-60
-61
-61
-59
-59
-59
-59
-58
-58
-58
-57
-55
-55
-54
-53
-53
-52
-50
-49
-49
-47
-46
-45
-45
-44
-42
-41
-41
-40
-39
-37
-36
-35
-34
-33
-31
-30
-29
-28
-27
-28
-29
-28
-27
-26
-25
-24
-23
-24
-24
-23
-22
-22
-22
-21
-20
-21
-21
-21
-20
-19
-17
-16
-17
-17
-16
-15
-14
-14
-14
-15
-14
-14
-14
-14
-14
-14
-15
-16
-17
-17
-17
-17
-18
-19
-19
-18
-19
-20
-20
-21
-22
-23
-23
-22
-23
-26
-27
-27
-27
-29
-30
-30
-31
-33
-33
-33
-34
-35
-36
-38
-39
-39
-40
-42
-43
-44
-45
-46
-47
-48
-49
-50
-51
-53
-55
-56
-57
-58
-58
-59
-61
-63
-63
-64
-65
-66
-67
-68
-69
-70
-71
-71
-71
-73
-74
-74
-75
-76
-75
-76
-77
-78
-77
-77
-78
-78
-78
-79
-79
-79
-79
-79
-80
-81
-81
-80
-80
-81
-80
-81
-82
-82
-81
-81
-82
-82
-82
-83
-82
-81
-81
-81
-82
-83
-84
-84
-83
-83
-82
-81
-82
-84
-84
-83
-85
-86
-85
-85
-85
-84
-84
-85
-85
-85
-85
-84
-84
-85
-86
-86
-86
-87
-87
-86
-87
-88
-87
-87
-89
-90
-90
-90
-90
-90
-90
-90
-90
-92
-93
-94
-95
-96
-95
-93
-93
-95
-95
-93
-94
-96
-95
-95
-96
-96
-96
-97
-97
-96
-96
-96
-96
-96
-95
-95
-96
-96
-94
-93
-94
-95
-94
-93
-93
-93
-91
-91
-91
-91
-90
-90
-90
-89
-89
-88
-87
-86
-85
-85
-85
-84
-83
-83
-82
-81
-80
-80
-80
-78
-76
-75
-75
-73
-72
-72
-72
-71
-70
-70
-69
-67
-66
-65
-64
-62
-61
-60
-59
-58
-56
-54
-52
-51
-50
-50
-50
-49
-48
-46
-45
-45
-45
-45
-44
-43
-43
-43
-43
-43
-42
-42
-42
-42
-42
-42
-42
-43
-44
-44
-43
-42
-44
-45
-46
-47
-47
-46
-45
-46
-48
-49
-50
-50
-50
-51
-52
-53
-54
-55
-56
-56
-57
-59
-61
-62
-62
-63
-66
-68
-69
-70
-72
-73
-74
-76
-78
-78
-79
-81
-82
-83
-85
-88
-88
-89
-90
-91
-92
-94
-95
-95
-96
-97
-98
-100
-102
-102
-102
-103
-103
-103
-104
-107
-109
-108
-107
-106
-106
-108
-109
-108
-108
-108
-109
-110
-110
-110
-110
-110
-110
-110
-111
-113
-113
-111
-110
-110
-111
-112
-112
-111
-111
-112
-112
-111
-111
-112
-112
-110
-111
-111
-110
-109
-109
-108
-109
-109
-107
-105
-106
-107
-106
-104
-103
-103
-102
-101
-101
-101
-101
-99
-99
-99
-98
-96
-96
-96
-95
-94
-94
-94
-92
-91
-90
-89
-88
-88
-88
-88
-87
-86
-85
-84
-84
-83
-82
-82
-82
-82
-81
-80
-79
-79
-79
-79
-77
-76
-76
-75
-75
-75
-76
-75
-74
-74
-75
-74
-74
-74
-74
-74
-73
-72
-73
-74
-74
-74
-74
-74
-73
-72
-73
-73
-72
-72
-73
-73
-72
-73
-73
-72
-72
-73
-72
-71
-71
-71
-70
-69
-69
-69
-69
-69
-68
-67
-67
-66
-66
-65
-64
-65
-66
-66
-66
-66
-65
-65
-65
-64
-64
-63
-61
-61
-61
-62
-62
-62
-61
-60
-59
-58
-59
-59
-58
-59
-59
-59
-59
-58
-57
-57
-57
-57
-57
-57
-57
-56
-56
-56
-57
-56
-57
-58
-57
-56
-57
-58
-59
-59
-60
-60
-60
-60
-60
-59
-60
-60
-61
-63
-64
-64
-65
-67
-68
-67
-67
-68
-69
-70
-72
-73
-74
-75
-76
-77
-78
-80
-82
-82
-83
-84
-86
-87
-88
-89
-90
-92
-92
-92
-94
-95
-96
-97
-99
-99
-99
-101
-102
-102
-103
-104
-105
-105
-106
-107
-108
-108
-109
-109
-111
-112
-112
-111
-111
-112
-111
-111
-112
-113
-112
-112
-112
-112
-112
-112
-113
-112
-111
-110
-110
-111
-111
-111
-111
-109
-109
-110
-111
-111
-111
-112
-110
-108
-109
-110
-110
-109
-109
-109
-110
-110
-110
-111
-111
-111
-111
-112
-113
-114
-114
-114
-114
-116
-116
-117
-118
-120
-120
-121
-122
-123
-123
-124
-125
-125
-126
-127
-128
-127
-128
-130
-131
-131
-131
-132
-132
-133
-134
-135
-136
-136
-136
-136
-138
-139
-139
-140
-142
-143
-143
-142
-142
-142
-143
-144
-144
-143
-143
-143
-144
-143
-143
-143
-144
-143
-143
-142
-142
-141
-141
-139
-138
-137
-137
-136
-135
-134
-133
-133
-131
-130
-129
-128
-126
-125
-125
-123
-121
-120
-118
-117
-115
-113
-111
-109
-107
-104
-102
-101
-99
-96
-93
-91
-89
-86
-83
-81
-77
-73
-70
-68
-65
-60
-57
-54
-50
-47
-44
-40
-36
-33
-29
-25
-21
-18
-16
-12
-8
-4
0
2
4
7
10
13
17
20
23
26
27
29
31
35
38
40
41
43
45
46
49
51
52
54
55
57
58
60
61
61
61
61
62
63
63
63
64
65
65
65
65
66
66
65
65
65
64
64
64
64
64
64
64
64
63
63
63
63
64
63
62
62
62
62
61
62
62
62
61
60
60
61
61
60
62
62
61
61
61
61
60
60
61
61
61
62
61
61
63
63
62
61
61
62
64
65
64
64
65
66
66
65
65
66
65
65
66
66
65
65
65
65
65
66
66
65
64
63
64
65
65
65
65
64
62
62
63
63
63
62
61
60
60
60
60
60
58
56
56
57
55
53
53
52
51
51
50
50
48
46
45
44
43
43
42
41
40
39
37
35
34
33
32
30
29
28
27
25
24
23
23
21
20
18
17
14
13
11
10
9
8
7
5
4
3
2
1
0
-1
-1
-2
-3
-5
-7
-9
-10
-12
-12
-12
-13
-13
-14
-16
-18
-18
-19
-20
-21
-21
-22
-23
-24
-25
-25
-25
-27
-27
-26
-28
-30
-30
-29
-30
-30
-29
-29
-29
-29
-28
-28
-29
-30
-31
-31
-30
-30
-30
-28
-27
-27
-27
-27
-26
-26
-25
-25
-24
-23
-22
-22
-21
-20
-20
-19
-19
-19
-19
-19
-18
-18
-18
-17
-18
-19
-19
-18
-17
-17
-17
-18
-17
-16
-16
-17
-16
-16
-16
-17
-15
-14
-15
-15
-14
-14
-14
-14
-14
-15
-14
-14
-14
-15
-15
-15
-15
-15
-15
-16
-16
-16
-16
-17
-18
-18
-18
-18
-20
-22
-21
-21
-22
-23
-23
-25
-28
-28
-28
-29
-30
-31
-32
-33
-33
-33
-35
-35
-36
-37
-38
-38
-39
-41
-41
-41
-41
-43
-43
-44
-46
-46
-46
-47
-48
-48
-48
-49
-50
-50
-51
-52
-53
-52
-52
-53
-55
-56
-56
-56
-57
-57
-57
-59
-60
-60
-61
-62
-61
-61
-63
-64
-63
-63
-64
-65
-65
-64
-65
-66
-67
-66
-65
-65
-67
-67
-67
-67
-67
-67
-66
-67
-67
-68
-67
-66
-66
-66
-67
-67
-67
-66
-66
-67
-67
-67
-67
-67
-66
-65
-65
-67
-66
-65
-65
-65
-65
-66
-66
-65
-64
-64
-64
-64
-65
-64
-64
-64
-64
-64
-63
-63
-64
-64
-63
-62
-61
-63
-64
-63
-62
-61
-60
-60
-61
-61
-61
-61
-61
-60
-59
-60
-61
-60
-59
-58
-58
-57
-58
-58
-57
-56
-56
-56
-56
-56
-55
-54
-53
-52
-52
-52
-52
-50
-49
-49
-48
-49
-49
-48
-47
-44
-42
-41
-41
-40
-40
-40
-40
-39
-37
-36
-35
-34
-33
-32
-31
-29
-27
-28
-28
-26
-25
-23
-22
-22
-22
-22
-21
-21
-20
-18
-19
-19
-18
-17
-17
-16
-16
-16
-17
-17
-18
-18
-18
-17
-17
-18
-18
-18
-18
-17
-18
-18
-17
-17
-18
-19
-19
-18
-18
-17
-18
-19
-20
-19
-20
-20
-20
-21
-22
-22
-22
-23
-24
-24
-25
-27
-27
-27
-28
-29
-30
-30
-30
-32
-33
-32
-33
-35
-37
-37
-37
-38
-39
-40
-41
-40
-41
-43
-44
-44
-45
-47
-47
-47
-47
-48
-49
-50
-51
-53
-53
-53
-55
-56
-56
-57
-58
-57
-59
-61
-61
-60
-61
-61
-61
-61
-63
-65
-66
-67
-67
-67
-66
-66
-66
-67
-66
-66
-66
-67
-67
-66
-68
-68
-67
-66
-67
-66
-66
-67
-67
-66
-66
-66
-66
-66
-66
-66
-66
-67
-67
-67
-66
-67
-66
-65
-66
-67
-67
-67
-68
-68
-68
-67
-68
-68
-67
-67
-68
-68
-68
-67
-68
-69
-69
-68
-68
-69
-69
-69
-68
-69
-69
-69
-69
-69
-71
-71
-71
-71
-71
-70
-70
-71
-72
-71
-71
-72
-72
-71
-72
-72
-72
-73
-74
-73
-72
-73
-72
-72
-72
-73
-72
-70
-69
-70
-70
-70
-70
-70
-68
-68
-68
-68
-68
-67
-66
-65
-64
-64
-64
-64
-63
-62
-61
-60
-59
-59
-59
-57
-56
-55
-55
-55
-55
-54
-52
-52
-51
-50
-51
-51
-50
-49
-48
-47
-46
-46
-46
-45
-44
-43
-42
-42
-41
-39
-38
-39
-39
-38
-37
-36
-36
-35
-35
-35
-35
-34
-34
-34
-34
-34
-35
-34
-33
-33
-33
-34
-35
-36
-36
-37
-37
-37
-37
-38
-39
-39
-39
-40
-41
-41
-42
-42
-42
-43
-44
-45
-45
-44
-44
-46
-47
-47
-48
-49
-50
-49
-50
-51
-52
-53
-54
-55
-56
-56
-56
-56
-58
-60
-61
-62
-64
-65
-65
-66
-68
-70
-71
-72
-74
-75
-77
-79
-79
-80
-82
-83
-84
-86
-88
-88
-88
-90
-92
-93
-94
-95
-97
-98
-98
-99
-100
-102
-102
-103
-104
-105
-107
-108
-108
-108
-109
-110
-112
-113
-115
-115
-115
-116
-118
-118
-118
-120
-121
-120
-120
-122
-124
-125
-125
-126
-126
-126
-126
-128
-129
-129
-129
-130
-130
-129
-130
-132
-132
-131
-131
-132
-132
-132
-133
-133
-133
-133
-134
-134
-134
-134
-133
-132
-132
-133
-133
-132
-132
-131
-129
-129
-128
-128
-128
-128
-126
-125
-124
-125
-124
-122
-120
-119
-118
-118
-117
-116
-114
-112
-111
-110
-108
-106
-105
-103
-100
-99
-98
-95
-92
-90
-88
-87
-84
-82
-80
-78
-76
-72
-68
-66
-64
-61
-57
-54
-51
-49
-46
-42
-39
-36
-32
-29
-27
-22
-17
-14
-13
-10
-6
0
5
7
8
12
17
22
26
30
33
37
43
47
51
55
60
64
65
66
71
77
82
85
88
91
94
98
101
105
109
111
112
115
120
123
126
128
130
131
135
139
142
144
146
147
148
148
150
151
152
153
154
156
157
158
161
162
162
162
163
164
163
163
164
165
166
166
166
165
166
167
167
166
165
165
164
164
165
164
163
162
161
160
159
158
158
158
156
154
152
151
148
146
146
145
143
139
137
135
134
131
128
127
126
123
120
118
117
115
114
114
111
106
104
104
103
100
97
95
95
94
93
91
89
86
84
83
81
80
78
77
75
73
71
70
70
69
66
63
60
59
59
58
57
53
50
48
46
44
43
41
39
38
36
34
32
31
30
29
27
24
22
21
19
18
18
16
13
11
10
9
8
7
5
3
2
2
0
-2
-3
-4
-6
-7
-7
-8
-10
-12
-13
-14
-16
-16
-17
-19
-21
-23
-23
-23
-23
-24
-26
-28
-28
-27
-27
-28
-28
-30
-32
-32
-30
-29
-29
-29
-30
-30
-29
-29
-29
-28
-28
-28
-27
-27
-27
-26
-25
-24
-23
-23
-22
-22
-21
-21
-22
-21
-20
-18
-18
-17
-16
-16
-17
-16
-15
-14
-12
-12
-11
-11
-10
-9
-8
-6
-5
-4
-2
-1
0
1
2
4
4
5
7
9
10
11
13
16
17
18
18
17
17
18
21
23
24
24
26
27
27
28
30
31
31
32
33
33
32
33
34
35
37
37
36
37
38
39
40
40
39
38
39
40
40
40
40
39
38
38
39
39
39
38
36
37
38
37
35
34
34
34
35
35
34
31
31
30
