-859
-860
-861
-862
-863
-865
-867
-868
-868
-870
-872
-872
-873
-874
-876
-876
-876
-877
-879
-881
-883
-884
-885
-887
-888
-890
-892
-895
-896
-896
-897
-897
-898
-900
-901
-901
-902
-902
-903
-904
-905
-906
-907
-909
-911
-912
-912
-913
-914
-915
-916
-916
-915
-917
-919
-918
-919
-920
-921
-919
-919
-919
-919
-918
-917
-916
-915
-914
-913
-913
-913
-914
-912
-911
-911
-911
-911
-913
-914
-915
-917
-920
-923
-926
-929
-931
-934
-938
-940
-942
-943
-944
-946
-947
-947
-946
-945
-945
-944
-941
-939
-939
-937
-935
-936
-936
-935
-934
-935
-936
-937
-938
-939
-941
-943
-945
-946
-949
-951
-952
-953
-955
-957
-957
-957
-958
-958
-957
-958
-959
-959
-960
-961
-961
-961
-962
-963
-963
-962
-961
-958
-952
-943
-928
-906
-877
-840
-794
-743
-684
-616
-543
-469
-393
-312
-234
-160
-89
-21
41
99
148
189
226
257
283
305
325
341
354
368
382
395
408
422
434
447
459
469
476
482
486
486
482
478
471
459
443
426
405
384
362
340
318
298
277
255
237
220
202
185
172
160
145
131
117
103
88
73
58
42
24
5
-16
-37
-59
-82
-104
-127
-150
-173
-194
-216
-239
-261
-282
-304
-326
-347
-368
-389
-409
-427
-444
-460
-477
-495
-512
-527
-542
-558
-572
-585
-600
-613
-622
-629
-639
-647
-652
-657
-662
-664
-667
-671
-673
-674
-677
-679
-681
-685
-689
-691
-693
-697
-702
-705
-708
-711
-713
-716
-717
-717
-716
-716
-714
-713
-713
-713
-712
-711
-711
-710
-710
-711
-712
-712
-715
-717
-719
-721
-725
-727
-728
-730
-732
-731
-729
-730
-730
-730
-728
-727
-726
-726
-727
-726
-727
-730
-732
-735
-739
-744
-748
-752
-757
-760
-761
-762
-762
-761
-760
-759
-758
-756
-754
-753
-752
-753
-753
-754
-756
-759
-762
-766
-771
-774
-778
-784
-790
-793
-796
-799
-801
-800
-800
-799
-798
-796
-796
-795
-795
-794
-794
-795
-797
-800
-802
-805
-808
-811
-815
-819
-823
-826
-828
-829
-829
-831
-832
-832
-832
-832
-831
-831
-832
-833
-833
-833
-835
-836
-837
-838
-840
-840
-841
-844
-847
-849
-851
-854
-855
-856
-857
-859
-859
-859
-858
-859
-862
-863
-863
-864
-865
-867
-868
-870
-871
-872
-875
-877
-878
-880
-882
-883
-886
-888
-889
-889
-890
-892
-894
-896
-898
-898
-899
-901
-903
-903
-904
-906
-905
-904
-906
-908
-908
-908
-909
-911
-911
-910
-911
-913
-914
-914
-915
-918
-921
-923
-924
-926
-927
-926
-925
-923
-922
-921
-920
-920
-920
-920
-920
-920
-922
-924
-925
-928
-931
-932
-933
-935
-937
-939
-941
-942
-942
-942
-942
-940
-938
-937
-937
-937
-936
-937
-937
-935
-935
-936
-938
-939
-940
-941
-943
-946
-949
-950
-951
-953
-953
-953
-953
-953
-953
-953
-953
-954
-955
-956
-956
-958
-960
-961
-963
-963
-963
-963
-964
-964
-963
-964
-965
-966
-967
-969
-970
-971
-970
-972
-975
-976
-975
-974
-973
-969
-965
-957
-945
-928
-904
-873
-836
-791
-737
-675
-608
-535
-461
-384
-307
-232
-161
-93
-27
31
84
132
174
208
237
262
284
303
320
335
348
362
379
396
411
424
435
446
456
466
473
475
473
470
463
451
438
423
406
386
365
344
323
303
283
264
246
229
213
198
183
169
156
142
128
113
97
80
63
44
22
-1
-25
-48
-69
-90
-113
-137
-161
-183
-204
-226
-247
-269
-290
-312
-333
-354
-375
-398
-420
-439
-458
-479
-497
-513
-530
-545
-558
-569
-581
-594
-606
-617
-627
-636
-644
-653
-661
-669
-676
-683
-688
-692
-695
-698
-700
-702
-703
-706
-709
-712
-714
-713
-712
-713
-714
-716
-718
-719
-720
-723
-727
-729
-730
-730
-731
-733
-734
-734
-734
-733
-732
-733
-735
-736
-738
-738
-739
-743
-747
-749
-749
-750
-751
-752
-752
-752
-753
-753
-752
-753
-755
-755
-755
-757
-758
-758
-760
-761
-759
-756
-755
-755
-754
-754
-755
-757
-758
-760
-762
-764
-766
-769
-775
-778
-780
-783
-786
-787
-787
-789
-791
-791
-791
-790
-788
-787
-787
-786
-785
-784
-785
-785
-786
-788
-791
-794
-796
-800
-803
-806
-810
-814
-817
-820
-823
-826
-829
-832
-832
-833
-835
-836
-837
-838
-838
-839
-838
-838
-838
-839
-840
-839
-839
-839
-841
-840
-840
-841
-842
-842
-843
-844
-847
-849
-851
-852
-854
-856
-858
-861
-863
-866
-867
-869
-871
-872
-873
-873
-875
-876
-876
-878
-879
-881
-884
-888
-891
-893
-897
-899
-901
-902
-903
-905
-905
-904
-903
-903
-904
-901
-900
-900
-899
-897
-895
-896
-896
-895
-894
-895
-896
-897
-896
-896
-896
-897
-897
-898
-901
-902
-902
-905
-908
-910
-912
-913
-915
-916
-918
-919
-920
-922
-923
-924
-925
-926
-927
-928
-927
-926
-926
-925
-924
-922
-922
-922
-920
-919
-919
-920
-919
-917
-917
-917
-916
-914
-913
-912
-913
-913
-914
-916
-918
-918
-919
-922
-926
-928
-930
-932
-934
-936
-938
-940
-940
-940
-939
-939
-938
-937
-937
-936
-934
-933
-934
-935
-935
-935
-937
-940
-941
-943
-946
-949
-949
-950
-953
-954
-953
-952
-953
-953
-952
-951
-950
-950
-949
-949
-948
-948
-945
-941
-938
-936
-932
-926
-918
-904
-885
-859
-826
-786
-738
-684
-621
-553
-481
-406
-328
-251
-177
-104
-34
30
89
143
191
233
270
300
323
345
365
379
391
405
419
430
441
452
462
473
483
490
498
504
507
506
504
500
490
477
462
444
423
402
379
354
330
306
283
261
242
222
203
187
173
159
145
132
118
102
88
72
53
34
15
-8
-33
-57
-82
-111
-136
-160
-187
-213
-236
-257
-279
-300
-320
-339
-356
-373
-390
-407
-421
-436
-453
-470
-485
-500
-515
-530
-546
-561
-576
-590
-604
-614
-624
-633
-642
-648
-653
-658
-664
-668
-672
-675
-677
-679
-681
-683
-685
-687
-686
-683
-683
-684
-683
-683
-685
-685
-684
-685
-685
-686
-689
-690
-691
-693
-695
-696
-696
-696
-697
-698
-698
-697
-696
-695
-693
-693
-694
-694
-695
-695
-695
-696
-697
-698
-699
-700
-701
-703
-705
-706
-708
-709
-708
-708
-711
-712
-711
-710
-711
-711
-711
-712
-713
-713
-713
-714
-716
-719
-722
-724
-727
-731
-735
-737
-739
-741
-744
-747
-750
-753
-755
-758
-760
-762
-765
-768
-770
-770
-771
-772
-771
-771
-770
-768
-766
-765
-764
-763
-764
-765
-766
-769
-775
-778
-780
-785
-790
-792
-794
-797
-798
-798
-797
-796
-796
-796
-796
-796
-796
-797
-797
-797
-797
-798
-800
-804
-808
-812
-815
-818
-822
-825
-827
-830
-831
-833
-833
-833
-832
-831
-828
-827
-827
-827
-826
-826
-828
-830
-833
-839
-844
-847
-850
-855
-859
-861
-864
-867
-868
-868
-868
-868
-868
-869
-868
-868
-869
-869
-868
-868
-869
-870
-871
-872
-873
-874
-875
-878
-880
-883
-886
-888
-890
-893
-897
-900
-902
-904
-907
-910
-911
-912
-912
-914
-914
-913
-912
-913
-913
-911
-911
-913
-914
-913
-914
-914
-915
-915
-916
-917
-920
-922
-921
-921
-923
-924
-924
-925
-925
-925
-925
-924
-924
-923
-923
-923
-924
-924
-924
-925
-926
-927
-929
-931
-933
-933
-931
-930
-930
-930
-930
-930
-928
-927
-928
-930
-931
-931
-932
-934
-936
-938
-941
-944
-946
-948
-950
-952
-956
-957
-957
-958
-958
-957
-955
-954
-953
-953
-953
-953
-953
-952
-952
-953
-954
-954
-954
-953
-953
-953
-952
-950
-946
-937
-925
-908
-884
-851
-812
-764
-705
-641
-573
-498
-419
-339
-259
-180
-103
-32
35
97
153
204
247
283
313
341
364
382
398
412
424
437
451
462
473
485
496
506
515
521
524
524
522
516
507
496
481
463
444
425
404
382
361
340
318
298
280
261
242
225
209
191
172
156
140
123
106
89
72
54
35
16
-4
-25
-48
-71
-94
-117
-140
-163
-186
-209
-232
-255
-278
-299
-320
-340
-360
-380
-400
-418
-435
-451
-468
-484
-502
-519
-533
-545
-558
-571
-582
-591
-600
-610
-619
-626
-633
-641
-647
-651
-656
-661
-666
-670
-673
-676
-679
-682
-684
-687
-690
-692
-694
-695
-697
-698
-699
-701
-703
-705
-707
-708
-709
-712
-715
-718
-720
-721
-722
-723
-723
-723
-723
-722
-721
-719
-718
-719
-718
-716
-716
-717
-718
-720
-723
-726
-728
-731
-736
-739
-741
-741
-742
-743
-743
-742
-741
-740
-738
-736
-734
-734
-734
-734
-735
-736
-737
-739
-742
-744
-747
-751
-756
-759
-762
-765
-767
-769
-770
-771
-772
-773
-773
-774
-776
-777
-777
-778
-781
-784
-785
-787
-792
-795
-796
-798
-801
-804
-805
-806
-807
-809
-810
-810
-811
-812
-812
-811
-812
-813
-814
-815
-815
-816
-818
-819
-820
-822
-824
-825
-827
-832
-835
-837
-839
-841
-842
-844
-847
-849
-849
-849
-851
-852
-852
-852
-852
-852
-852
-854
-857
-857
-858
-860
-864
-866
-868
-870
-872
-875
-877
-878
-880
-881
-881
-881
-882
-884
-884
-884
-884
-884
-885
-885
-885
-886
-886
-887
-888
-890
-892
-893
-895
-897
-898
-900
-901
-902
-902
-903
-904
-904
-905
-907
-910
-910
-910
-913
-915
-915
-916
-919
-921
-923
-924
-925
-926
-927
-928
-928
-929
-928
-927
-926
-926
-926
-926
-924
-923
-922
-922
-922
-922
-923
-923
-924
-927
-929
-930
-932
-934
-936
-936
-937
-940
-941
-943
-946
-948
-949
-950
-952
-953
-953
-954
-953
-952
-950
-950
-950
-949
-950
-951
-952
-953
-954
-955
-955
-956
-957
-956
-956
-956
-957
-957
-957
-956
-954
-953
-950
-947
-945
-944
-944
-943
-943
-944
-946
-947
-949
-952
-955
-957
-960
-962
-965
-967
-968
-968
-968
-966
-963
-959
-950
-936
-916
-891
-860
-820
-771
-715
-654
-586
-514
-437
-360
-282
-204
-129
-59
7
69
124
173
217
255
288
316
340
360
377
391
404
417
429
440
451
462
472
481
489
494
498
500
499
494
485
475
463
448
429
410
390
369
346
325
305
285
264
243
224
206
188
171
155
139
122
105
88
70
52
32
13
-8
-31
-53
-75
-98
-120
-142
-165
-188
-210
-232
-253
-275
-297
-318
-337
-357
-378
-398
-416
-435
-454
-470
-487
-507
-525
-540
-554
-570
-584
-596
-608
-617
-625
-634
-641
-648
-654
-659
-663
-666
-669
-673
-677
-681
-684
-687
-690
-694
-697
-700
-703
-706
-707
-709
-711
-713
-715
-717
-718
-717
-716
-715
-714
-713
-711
-709
-708
-710
-710
-710
-711
-714
-717
-719
-722
-725
-729
-731
-732
-734
-737
-739
-739
-741
-742
-742
-740
-738
-738
-738
-737
-737
-736
-737
-739
-741
-742
-743
-744
-746
-748
-748
-749
-750
-751
-752
-753
-754
-755
-757
-758
-760
-761
-761
-764
-768
-769
-771
-774
-778
-780
-781
-783
-786
-789
-790
-790
-790
-793
-794
-794
-795
-798
-799
-800
-802
-806
-808
-810
-812
-815
-818
-819
-822
-824
-826
-828
-829
-832
-834
-835
-836
-836
-837
-838
-839
-840
-839
-839
-840
-840
-841
-843
-845
-845
-845
-849
-851
-852
-853
-856
-858
-859
-860
-861
-863
-863
-864
-865
-867
-868
-868
-869
-870
-871
-872
-873
-874
-874
-876
-879
-881
-883
-885
-888
-890
-893
-896
-897
-898
-900
-901
-903
-904
-904
-903
-904
-904
-904
-904
-905
-905
-904
-905
-907
-908
-909
-911
-913
-915
-917
-918
-920
-923
-925
-926
-928
-929
-929
-928
-929
-930
-932
-933
-934
-933
-933
-933
-934
-934
-936
-937
-938
-938
-939
-940
-942
-944
-944
-944
-944
-945
-946
-947
-948
-947
-946
-948
-949
-948
-947
-947
-946
-945
-945
-945
-945
-946
-946
-945
-947
-949
-949
-950
-952
-953
-953
-955
-956
-957
-957
-959
-960
-960
-961
-961
-961
-960
-961
-961
-961
-961
-961
-962
-961
-962
-963
-964
-965
-966
-967
-968
-969
-970
-972
-975
-976
-977
-979
-980
-980
-979
-979
-979
-979
-978
-976
-973
-973
-971
-967
-965
-963
-959
-954
-948
-940
-926
-907
-883
-850
-809
-761
-706
-643
-574
-500
-423
-345
-266
-189
-114
-43
23
84
137
183
224
261
292
317
337
350
363
377
390
398
407
418
429
439
448
457
465
471
474
475
474
469
462
454
443
428
410
390
369
347
323
299
276
254
233
212
191
173
155
139
123
106
90
74
58
40
22
4
-16
-38
-60
-80
-101
-127
-151
-174
-199
-225
-247
-268
-292
-315
-336
-356
-376
-397
-419
-439
-458
-476
-494
-511
-527
-542
-557
-570
-582
-595
-607
-618
-628
-637
-646
-656
-664
-671
-677
-682
-687
-692
-698
-702
-705
-707
-710
-711
-713
-715
-715
-715
-717
-719
-720
-721
-723
-725
-726
-728
-731
-732
-734
-735
-736
-737
-738
-738
-736
-735
-734
-732
-730
-728
-725
-721
-719
-718
-717
-716
-717
-718
-719
-721
-726
-731
-733
-735
-737
-740
-741
-740
-740
-740
-739
-738
-737
-735
-733
-733
-735
-735
-734
-736
-740
-743
-746
-750
-755
-758
-762
-765
-769
-773
-777
-778
-780
-783
-784
-784
-785
-787
-788
-789
-790
-791
-791
-792
-792
-793
-795
-796
-796
-797
-798
-798
-798
-797
-796
-795
-794
-794
-795
-795
-796
-797
-799
-803
-806
-809
-814
-820
-824
-828
-831
-835
-839
-842
-845
-846
-849
-851
-851
-850
-850
-851
-849
-848
-846
-845
-842
-840
-838
-838
-838
-838
-838
-840
-843
-845
-849
-854
-859
-863
-866
-869
-872
-875
-878
-881
-882
-883
-884
-882
-880
-880
-879
-877
-876
-876
-875
-875
-876
-876
-876
-878
-878
-879
-883
-887
-889
-891
-894
-897
-897
-898
-900
-901
-899
-898
-897
-895
-894
-893
-892
-891
-890
-892
-895
-897
-898
-901
-905
-908
-910
-914
-918
-922
-925
-928
-930
-931
-931
-929
-922
-915
-917
-923
-926
-927
-927
-926
-927
-936
-945
-950
-955
-958
-954
-950
-950
-950
-946
-940
-934
-929
-925
-922
-918
-916
-915
-914
-916
-920
-924
-926
-928
-931
-934
-938
-942
-943
-942
-942
-943
-945
-947
-947
-946
-944
-944
-945
-945
-945
-946
-947
-946
-947
-948
-949
-951
-952
-954
-957
-960
-963
-965
-967
-966
-966
-966
-968
-970
-971
-971
-971
-970
-971
-971
-970
-970
-970
-969
-966
-963
-958
-949
-936
-917
-892
-859
-819
-770
-714
-651
-580
-504
-429
-352
-271
-191
-116
-44
25
88
144
194
239
278
313
340
361
379
395
408
419
429
439
448
458
467
474
480
486
490
492
492
490
485
477
465
451
437
420
399
379
359
339
318
299
282
264
246
230
215
197
180
166
150
132
114
99
81
60
39
19
-1
-22
-44
-66
-88
-110
-132
-154
-176
-197
-218
-240
-263
-284
-305
-326
-347
-367
-388
-409
-428
-446
-464
-483
-501
-518
-534
-549
-563
-576
-588
-598
-607
-615
-623
-629
-635
-641
-645
-649
-654
-658
-661
-663
-667
-671
-675
-678
-681
-685
-689
-692
-696
-700
-703
-704
-705
-706
-709
-711
-711
-710
-709
-708
-707
-707
-705
-702
-701
-701
-701
-701
-702
-704
-705
-706
-709
-713
-715
-716
-718
-720
-721
-722
-723
-724
-723
-722
-721
-719
-715
-711
-707
-703
-700
-696
-693
-692
-692
-693
-694
-696
-698
-699
-700
-704
-707
-709
-711
-714
-718
-721
-723
-726
-729
-731
-733
-735
-737
-739
-741
-743
-745
-748
-749
-749
-748
-748
-747
-745
-746
-750
-755
-761
-768
-777
-786
-795
-802
-807
-811
-813
-814
-813
-811
-807
-803
-800
-797
-794
-792
-790
-791
-792
-796
-800
-804
-810
-816
-822
-829
-834
-839
-844
-848
-851
-852
-853
-853
-852
-852
-851
-850
-850
-849
-849
-849
-849
-849
-849
-851
-852
-853
-855
-859
-860
-861
-862
-864
-866
-868
-871
-874
-876
-878
-881
-885
-888
-889
-889
-891
-893
-893
-893
-892
-890
-888
-887
-887
-886
-886
-885
-885
-886
-888
-891
-894
-897
-901
-904
-907
-911
-914
-918
-921
-922
-925
-928
-930
-931
-934
-937
-939
-940
-944
-947
-949
-951
-954
-957
-960
-964
-969
-973
-979
-984
-988
-991
-993
-995
-996
-995
-994
-990
-986
-982
-976
-968
-961
-954
-946
-939
-933
-928
-923
-920
-919
-920
-921
-924
-928
-934
-939
-943
-949
-956
-960
-964
-969
-973
-975
-976
-978
-977
-975
-973
-970
-966
-962
-959
-954
-951
-949
-948
-947
-949
-951
-954
-956
-960
-964
-968
-972
-977
-981
-985
-989
-993
-996
-999
-1002
-1005
-1008
-1008
-1009
-1009
-1010
-1010
-1011
-1010
-1009
-1009
-1010
-1009
-1003
-995
-982
-961
-931
-892
-842
-782
-713
-636
-551
-463
-374
-283
-197
-118
-44
23
81
130
172
206
232
255
277
297
313
329
347
364
382
399
414
427
441
454
465
473
478
479
476
473
466
456
443
426
406
387
369
347
323
304
285
264
245
226
209
195
181
169
158
148
137
128
120
112
103
91
78
62
43
24
4
-19
-42
-67
-92
-119
-143
-168
-193
-216
-237
-258
-279
-299
-320
-341
-360
-380
-401
-421
-442
-466
-487
-505
-522
-540
-556
-570
-585
-598
-609
-620
-631
-641
-650
-659
-666
-673
-680
-687
-690
-695
-700
-705
-708
-712
-717
-720
-724
-727
-728
-730
-731
-731
-729
-726
-723
-721
-719
-717
-714
-712
-710
-708
-708
-709
-710
-710
-713
-717
-720
-721
-724
-727
-728
-729
-731
-731
-731
-732
-733
-735
-736
-736
-735
-735
-735
-736
-736
-737
-738
-738
-739
-741
-744
-747
-750
-751
-753
-756
-757
-758
-759
-761
-761
-762
-763
-763
-763
-763
-764
-765
-766
-766
-766
-766
-770
-773
-775
-779
-784
-786
-788
-791
-794
-796
-797
-799
-800
-801
-800
-798
-795
-794
-792
-789
-786
-784
-784
-784
-787
-791
-794
-799
-804
-809
-815
-821
-827
-830
-833
-836
-838
-838
-837
-835
-832
-831
-830
-827
-825
-823
-822
-823
-826
-828
-830
-834
-838
-842
-846
-850
-853
-856
-858
-860
-861
-863
-862
-861
-860
-859
-856
-853
-851
-849
-848
-849
-849
-849
-850
-853
-856
-858
-862
-864
-866
-869
-871
-873
-875
-876
-878
-878
-880
-881
-881
-883
-884
-885
-887
-891
-893
-894
-897
-900
-902
-902
-904
-907
-908
-909
-908
-907
-907
-907
-907
-908
-908
-908
-908
-908
-910
-910
-912
-914
-915
-916
-917
-919
-920
-921
-923
-924
-925
-927
-927
-927
-928
-929
-930
-931
-932
-932
-932
-932
-931
-928
-927
-927
-927
-925
-925
-925
-924
-923
-923
-924
-925
-925
-923
-924
-926
-927
-927
-928
-929
-928
-928
-929
-930
-931
-932
-933
-933
-934
-935
-936
-936
-937
-939
-941
-941
-941
-941
-943
-944
-946
-946
-947
-949
-950
-952
-953
-953
-953
-955
-956
-956
-956
-958
-958
-958
-960
-961
-961
-961
-961
-960
-959
-958
-955
-952
-948
-944
-937
-927
-913
-894
-870
-839
-800
-753
-698
-636
-568
-497
-421
-342
-263
-185
-109
-37
31
94
153
204
249
288
323
351
374
394
408
418
426
435
441
445
448
454
460
466
470
473
475
475
474
473
471
465
455
444
433
419
403
385
364
344
324
303
282
261
240
221
202
184
165
146
129
113
97
79
62
45
27
10
-8
-27
-46
-66
-90
-113
-135
-157
-181
-204
-227
-250
-273
-296
-320
-342
-364
-385
-406
-426
-445
-464
-481
-496
-509
-524
-538
-551
-563
-574
-586
-597
-607
-617
-625
-632
-639
-647
-654
-659
-664
-668
-672
-675
-677
-677
-677
-677
-678
-679
-678
-679
-681
-683
-684
-687
-690
-693
-694
-696
-699
-701
-703
-704
-705
-706
-707
-708
-708
-708
-706
-705
-704
-703
-704
-705
-706
-708
-711
-714
-717
-721
-724
-727
-731
-734
-737
-738
-739
-739
-737
-736
-735
-732
-729
-728
-727
-727
-728
-731
-733
-734
-736
-740
-744
-746
-748
-750
-753
-756
-758
-759
-761
-763
-765
-766
-767
-767
-767
-767
-768
-768
-769
-770
-772
-774
-777
-780
-782
-784
-785
-785
-787
-789
-790
-791
-791
-792
-794
-796
-798
-800
-801
-803
-803
-804
-805
-808
-810
-812
-815
-818
-821
-822
-825
-827
-828
-830
-833
-835
-836
-837
-839
-841
-843
-843
-843
-845
-846
-847
-847
-848
-849
-849
-848
-849
-849
-850
-851
-852
-853
-854
-856
-859
-861
-863
-866
-870
-873
-875
-878
-879
-879
-877
-877
-878
-876
-874
-874
-874
-872
-872
-872
-873
-874
-876
-879
-882
-884
-887
-889
-893
-895
-895
-896
-896
-898
-898
-897
-897
-898
-898
-898
-899
-901
-901
-901
-904
-907
-909
-910
-912
-913
-915
-917
-921
-922
-923
-925
-926
-926
-927
-928
-929
-928
-927
-928
-929
-928
-929
-930
-929
-929
-930
-932
-933
-934
-935
-935
-937
-939
-939
-939
-939
-942
-944
-945
-945
-946
-947
-948
-949
-948
-947
-946
-946
-945
-944
-943
-941
-940
-941
-942
-943
-942
-943
-945
-946
-946
-948
-951
-953
-953
-957
-960
-961
-962
-964
-966
-967
-967
-967
-967
-967
-967
-966
-967
-968
-968
-967
-966
-967
-967
-967
-968
-967
-966
-964
-965
-964
-962
-959
-955
-948
-939
-926
-907
-882
-850
-811
-765
-711
-651
-584
-512
-436
-358
-280
-203
-128
-57
10
70
126
176
221
260
295
326
352
372
388
404
417
427
434
443
451
456
461
467
471
473
474
475
474
470
465
459
449
437
423
407
389
369
349
328
307
284
262
240
219
200
182
163
144
127
111
93
76
63
48
30
12
-5
-22
-41
-61
-81
-102
-124
-145
-168
-190
-212
-235
-259
-283
-305
-327
-350
-371
-391
-413
-433
-452
-470
-488
-506
-523
-539
-553
-566
-578
-590
-602
-612
-621
-628
-635
-642
-649
-657
-664
-668
-672
-678
-682
-685
-688
-692
-696
-699
-701
-704
-707
-710
-711
-712
-714
-715
-715
-715
-715
-716
-716
-716
-717
-717
-717
-717
-716
-716
-716
-716
-716
-716
-717
-718
-719
-720
-722
-724
-729
-733
-736
-740
-744
-747
-750
-753
-752
-750
-750
-750
-748
-746
-744
-743
-742
-740
-741
-742
-743
-744
-743
-743
-744
-745
-744
-745
-746
-746
-747
-749
-751
-753
-756
-759
-762
-765
-768
-771
-774
-776
-779
-782
-784
-786
-787
-788
-789
-790
-792
-792
-791
-790
-793
-795
-796
-796
-798
-799
-800
-802
-805
-807
-809
-810
-813
-816
-820
-823
-824
-827
-831
-833
-833
-834
-835
-835
-836
-839
-839
-839
-840
-842
-842
-843
-845
-846
-847
-848
-850
-853
-855
-856
-858
-861
-863
-864
-867
-868
-868
-869
-871
-872
-871
-872
-874
-873
-872
-872
-873
-872
-870
-870
-871
-873
-875
-875
-877
-880
-883
-884
-886
-889
-891
-893
-894
-895
-895
-895
-895
-896
-896
-895
-895
-895
-894
-894
-893
-893
-894
-896
-898
-899
-900
-902
-904
-905
-904
-906
-907
-907
-907
-909
-910
-908
-908
-908
-907
-906
-906
-907
-908
-909
-910
-910
-912
-913
-914
-915
-917
-918
-919
-920
-921
-922
-922
-924
-925
-926
-926
-926
-926
-927
-927
-927
-928
-928
-928
-929
-930
-931
-931
-932
-934
-935
-935
-938
-941
-941
-943
-945
-946
-945
-945
-945
-945
-944
-943
-941
-940
-939
-939
-938
-938
-938
-937
-938
-940
-941
-942
-942
-944
-945
-946
-947
-948
-949
-950
-950
-951
-952
-952
-952
-953
-955
-956
-956
-956
-956
-956
-957
-956
-955
-954
-952
-947
-937
-925
-907
-879
-846
-807
-759
-703
-640
-571
-497
-420
-342
-262
-186
-112
-41
24
84
140
191
237
275
309
337
361
382
399
413
424
434
442
449
457
466
473
478
483
486
489
491
489
485
481
474
460
444
430
413
393
374
356
335
313
293
274
255
236
217
199
184
168
150
134
119
102
84
67
49
30
10
-9
-28
-48
-70
-92
-114
-135
-158
-183
-207
-230
-253
-276
-298
-320
-341
-362
-382
-404
-424
-442
-460
-479
-495
-510
-526
-540
-552
-564
-576
-587
-597
-607
-616
-624
-631
-638
-644
-651
-657
-662
-665
-669
-673
-676
-681
-684
-687
-689
-691
-694
-696
-698
-698
-700
-702
-704
-705
-705
-706
-706
-706
-706
-706
-705
-705
-706
-705
-704
-705
-706
-705
-705
-706
-705
-704
-704
-705
-706
-706
-706
-707
-709
-712
-714
-716
-719
-721
-722
-725
-728
-731
-732
-733
-735
-736
-738
-739
-740
-741
-742
-743
-745
-747
-748
-750
-752
-754
-756
-758
-761
-762
-764
-766
-768
-770
-771
-773
-774
-775
-777
-779
-779
-778
-779
-779
-780
-780
-780
-782
-784
-787
-788
-791
-794
-795
-796
-800
-802
-804
-806
-809
-812
-814
-817
-818
-820
-821
-823
-824
-826
-828
-828
-830
-831
-832
-832
-833
-833
-832
-832
-831
-830
-829
-830
-831
-830
-831
-833
-834
-833
-834
-835
-837
-840
-842
-844
-848
-852
-856
-861
-866
-871
-876
-881
-885
-888
-890
-891
-890
-889
-889
-889
-890
-890
-889
-887
-885
-885
-885
-885
-885
-884
-882
-880
-879
-876
-873
-871
-871
-873
-876
-880
-883
-884
-886
-888
-889
-891
-893
-895
-896
-897
-898
-899
-900
-901
-900
-900
-900
-900
-901
-902
-903
-904
-904
-905
-907
-911
-915
-919
-923
-928
-931
-936
-940
-942
-944
-945
-945
-946
-947
-948
-948
-948
-947
-946
-945
-943
-944
-945
-944
-942
-941
-940
-938
-936
-934
-931
-929
-926
-923
-921
-919
-916
-914
-915
-916
-917
-919
-922
-926
-930
-935
-940
-946
-951
-954
-956
-957
-957
-957
-957
-956
-955
-952
-950
-948
-946
-944
-943
-942
-940
-940
-940
-941
-944
-947
-950
-952
-957
-961
-964
-968
-972
-975
-975
-975
-972
-969
-966
-962
-956
-948
-938
-922
-900
-871
-837
-794
-743
-686
-622
-554
-480
-404
-328
-252
-177
-104
-36
27
85
138
186
229
266
296
324
348
368
385
400
414
424
435
448
462
472
482
493
500
504
505
504
501
497
487
474
460
444
425
404
385
366
347
326
306
287
270
254
239
222
205
187
169
153
139
123
105
88
70
54
37
20
1
-18
-35
-53
-70
-86
-105
-127
-149
-170
-192
-216
-241
-265
-291
-318
-344
-368
-392
-414
-436
-455
-471
-488
-503
-517
-530
-543
-554
-565
-577
-588
-596
-604
-612
-619
-627
-634
-640
-645
-649
-654
-658
-663
-667
-670
-674
-678
-683
-687
-691
-695
-698
-701
-706
-711
-714
-715
-717
-719
-719
-719
-721
-722
-722
-722
-721
-720
-721
-721
-721
-721
-723
-725
-726
-727
-729
-731
-733
-735
-735
-736
-737
-738
-739
-739
-738
-738
-738
-737
-738
-738
-737
-737
-737
-737
-738
-739
-740
-742
-743
-746
-750
-752
-752
-754
-757
-760
-761
-764
-767
-769
-771
-773
-776
-778
-781
-784
-788
-793
-796
-798
-800
-803
-805
-807
-808
-808
-808
-807
-805
-803
-800
-797
-794
-793
-792
-792
-794
-797
-800
-805
-809
-814
-817
-820
-823
-825
-825
-826
-828
-827
-825
-824
-823
-821
-819
-817
-816
-815
-815
-815
-817
-819
-821
-824
-828
-833
-838
-843
-849
-854
-859
-864
-867
-870
-872
-873
-873
-872
-871
-869
-866
-865
-865
-866
-868
-869
-872
-875
-877
-879
-881
-883
-885
-886
-886
-888
-889
-889
-890
-890
-890
-890
-892
-893
-895
-897
-898
-899
-900
-901
-902
-901
-900
-899
-899
-899
-898
-898
-899
-901
-904
-907
-908
-911
-914
-918
-923
-927
-931
-933
-936
-938
-939
-939
-940
-939
-938
-936
-935
-933
-931
-928
-927
-928
-929
-929
-929
-930
-930
-930
-933
-934
-935
-936
-939
-941
-944
-947
-950
-952
-954
-955
-954
-953
-952
-950
-949
-949
-949
-949
-949
-950
-951
-953
-954
-957
-960
-962
-965
-968
-970
-971
-972
-974
-974
-973
-972
-971
-967
-963
-961
-959
-955
-950
-948
-946
-943
-941
-940
-939
-939
-939
-941
-942
-945
-947
-950
-952
-955
-957
-958
-959
-959
-960
-960
-960
-961
-960
-960
-959
-959
-958
-954
-949
-942
-932
-915
-892
-862
-824
-779
-727
-669
-602
-530
-453
-374
-295
-219
-145
-72
-4
57
114
166
212
250
283
311
336
355
370
381
389
393
395
398
402
404
406
409
412
415
417
419
418
416
412
405
396
385
374
361
345
328
312
295
278
261
243
225
207
186
166
148
129
108
90
72
51
30
13
-6
-28
-48
-67
-85
-104
-124
-144
-163
-181
-200
-219
-238
-258
-278
-299
-318
-339
-361
-382
-403
-425
-446
-467
-488
-508
-528
-545
-561
-575
-588
-601
-612
-621
-630
-637
-643
-648
-654
-658
-661
-665
-669
-671
-674
-679
-681
-684
-688
-691
-694
-697
-701
-704
-707
-711
-713
-715
-717
-720
-722
-724
-725
-726
-727
-727
-726
-725
-724
-721
-717
-713
-709
-704
-698
-692
-687
-682
-679
-676
-673
-670
-667
-666
-668
-672
-674
-676
-683
-694
-703
-711
-721
-730
-737
-743
-748
-752
-755
-757
-758
-758
-758
-755
-752
-750
-748
-743
-737
-732
-729
-724
-719
-715
-711
-707
-704
-702
-701
-701
-701
-703
-707
-713
-719
-724
-730
-737
-743
-749
-755
-760
-764
-768
-772
-776
-783
-787
-790
-794
-801
-806
-810
-815
-819
-823
-827
-828
-825
-820
-815
-809
-805
-803
-802
-799
-798
-798
-798
-798
-798
-800
-802
-805
-807
-811
-814
-819
-824
-829
-834
-838
-842
-844
-848
-853
-858
-863
-865
-866
-866
-863
-859
-854
-848
-839
-828
-820
-812
-802
-792
-786
-780
-776
-774
-773
-773
-776
-780
-784
-789
-795
-801
-809
-818
-828
-837
-845
-852
-858
-864
-868
-872
-879
-890
-904
-921
-941
-964
-987
-1008
-1024
-1036
-1043
-1047
-1043
-1034
-1021
-1004
-981
-955
-929
-904
-878
-852
-830
-808
-789
-773
-760
-751
-745
-744
-747
-756
-769
-784
-803
-827
-851
-875
-899
-923
-945
-963
-980
-995
-1007
-1016
-1020
-1020
-1017
-1010
-1000
-988
-975
-958
-940
-923
-906
-890
-876
-865
-854
-846
-841
-840
-839
-842
-847
-851
-856
-865
-875
-882
-889
-896
-901
-904
-906
-908
-909
-909
-909
-907
-905
-903
-899
-897
-895
-893
-892
-892
-892
-893
-897
-902
-907
-911
-915
-918
-921
-925
-928
-929
-930
-931
-932
-932
-933
-932
-930
-927
-924
-919
-912
-904
-891
-873
-850
-823
-788
-745
-696
-642
-581
-515
-445
-373
-301
-229
-156
-87
-22
40
99
154
202
245
283
314
341
362
379
392
401
408
412
417
421
425
430
436
441
447
455
462
464
467
468
466
460
452
438
421
403
384
360
334
311
290
268
248
230
213
198
184
170
158
147
134
121
110
98
85
70
53
34
16
-4
-24
-45
-64
-86
-108
-128
-149
-171
-192
-211
-231
-253
-273
-293
-315
-338
-359
-380
-401
-421
-441
-462
-482
-499
-516
-533
-549
-562
-576
-588
-600
-610
-620
-629
-638
-646
-652
-658
-665
-670
-673
-675
-677
-679
-681
-682
-683
-683
-682
-683
-684
-684
-684
-683
-683
-685
-686
-687
-689
-690
-690
-692
-694
-695
-697
-699
-699
-698
-699
-701
-701
-699
-699
-699
-698
-698
-698
-698
-699
-699
-699
-700
-702
-704
-706
-708
-712
-714
-717
-720
-722
-725
-728
-731
-734
-736
-738
-739
-740
-740
-740
-740
-741
-742
-742
-742
-743
-745
-746
-747
-750
-752
-754
-757
-759
-761
-764
-768
-771
-773
-775
-777
-779
-780
-782
-783
-784
-785
-785
-787
-788
-789
-788
-789
-789
-790
-790
-791
-791
-790
-790
-791
-793
-794
-796
-798
-801
-804
-807
-809
-813
-816
-819
-822
-824
-826
-827
-829
-830
-832
-833
-833
-834
-836
-838
-838
-838
-838
-839
-840
-840
-841
-842
-843
-843
-844
-847
-849
-850
-851
-853
-855
-858
-859
-861
-863
-865
-868
-870
-872
-874
-875
-876
-878
-879
-879
-879
-880
-881
-882
-885
-886
-887
-887
-889
-891
-891
-892
-891
-890
-890
-891
-892
-891
-891
-893
-894
-894
-895
-896
-898
-899
-900
-902
-903
-904
-905
-905
-906
-907
-908
-908
-907
-906
-906
-907
-908
-909
-909
-910
-913
-916
-918
-920
-923
-925
-928
-931
-933
-934
-935
-936
-937
-937
-937
-937
-937
-935
-934
-935
-934
-932
-930
-930
-930
-929
-929
-930
-931
-931
-932
-934
-937
-938
-938
-939
-940
-939
-938
-937
-936
-936
-935
-934
-935
-935
-936
-936
-938
-940
-941
-942
-943
-944
-945
-948
-951
-953
-955
-956
-957
-959
-960
-961
-960
-960
-959
-959
-960
-959
-958
-957
-957
-956
-955
-955
-954
-953
-951
-949
-947
-941
-930
-916
-896
-869
-835
-793
-743
-685
-620
-550
-477
-400
-320
-240
-163
-91
-23
41
101
153
197
235
268
295
319
338
351
360
369
378
387
395
402
410
421
432
442
452
462
469
473
475
476
473
464
451
435
418
399
378
355
332
311
290
270
249
230
211
195
179
164
150
136
123
110
98
85
70
54
36
18
-1
-22
-45
-68
-89
-111
-132
-155
-179
-204
-227
-248
-270
-291
-312
-333
-354
-374
-393
-413
-431
-450
-469
-487
-503
-519
-536
-552
-565
-577
-588
-600
-610
-619
-627
-635
-642
-648
-654
-660
-664
-668
-672
-676
-680
-684
-688
-691
-693
-695
-699
-703
-705
-707
-709
-709
-710
-713
-713
-712
-713
-714
-713
-713
-715
-715
-714
-713
-713
-714
-715
-715
-716
-717
-718
-720
-721
-722
-724
-724
-724
-725
-725
-726
-727
-726
-725
-725
-726
-726
-726
-727
-728
-728
-729
-731
-732
-734
-736
-739
-741
-744
-745
-747
-749
-752
-755
-759
-762
-764
-766
-770
-773
-775
-778
-780
-781
-784
-787
-790
-791
-794
-796
-798
-799
-801
-801
-802
-804
-806
-807
-809
-810
-810
-813
-816
-819
-821
-822
-823
-825
-827
-829
-830
-830
-831
-833
-835
-837
-837
-837
-838
-841
-843
-843
-845
-846
-847
-848
-851
-853
-853
-853
-854
-856
-859
-860
-861
-862
-863
-864
-866
-868
-869
-870
-871
-874
-875
-874
-875
-877
-878
-880
-881
-882
-883
-884
-886
-888
-891
-892
-892
-894
-895
-896
-896
-896
-895
-896
-898
-899
-899
-900
-902
-903
-904
-905
-907
-908
-909
-910
-913
-915
-916
-916
-916
-918
-919
-919
-919
-920
-920
-920
-920
-920
-921
-922
-924
-926
-927
-928
-930
-933
-934
-936
-937
-938
-939
-937
-936
-936
-934
-931
-929
-927
-924
-923
-924
-923
-921
-923
-925
-925
-926
-928
-930
-932
-933
-935
-937
-940
-942
-942
-942
-944
-944
-943
-942
-942
-942
-942
-941
-941
-941
-941
-942
-942
-943
-943
-945
-947
-949
-951
-953
-955
-956
-958
-960
-961
-961
-961
-961
-961
-961
-961
-961
-961
-961
-963
-963
-962
-963
-964
-965
-967
-968
-968
-970
-972
-973
-975
-976
-976
-975
-975
-976
-975
-975
-975
-974
-974
-973
-973
-971
-967
-961
-952
-937
-916
-889
-855
-812
-761
-703
-638
-568
-493
-415
-337
-259
-182
-110
-44
21
80
131
176
218
253
283
307
326
341
352
361
366
374
382
389
395
403
410
418
426
432
437
440
442
440
436
430
420
409
396
380
361
339
318
297
276
254
232
211
193
176
159
143
129
114
97
82
68
50
33
17
0
-19
-37
-56
-76
-97
-117
-140
-163
-186
-209
-234
-258
-280
-303
-327
-351
-374
-396
-417
-437
-458
-477
-494
-509
-525
-539
-552
-564
-576
-586
-596
-607
-616
-625
-633
-640
-647
-655
-661
-665
-671
-677
-681
-684
-689
-693
-694
-695
-696
-698
-698
-699
-700
-701
-703
-705
-707
-709
-711
-712
-712
-712
-712
-710
-710
-709
-707
-706
-705
-705
-705
-706
-706
-706
-706
-707
-709
-710
-710
-710
-711
-714
-715
-716
-718
-719
-719
-721
-724
-727
-727
-728
-731
-733
-733
-734
-734
-734
-735
-735
-735
-736
-739
-740
-740
-742
-745
-746
-749
-752
-754
-756
-758
-761
-763
-765
-768
-770
-771
-773
-774
-776
-777
-778
-781
-782
-782
-782
-783
-786
-787
-790
-791
-792
-791
-794
-797
-799
-799
-802
-805
-807
-809
-811
-813
-815
-816
-817
-818
-820
-822
-822
-823
-824
-825
-826
-828
-829
-830
-832
-834
-836
-837
-838
-840
-841
-843
-844
-845
-846
-847
-847
-848
-849
-848
-848
-849
-850
-850
-852
-853
-853
-853
-855
-858
-859
-860
-862
-863
-864
-865
-867
-868
-870
-871
-872
-874
-876
-877
-879
-882
-884
-884
-886
-888
-890
-891
-892
-893
-893
-893
-893
-893
-892
-892
-892
-892
-892
-891
-891
-893
-894
-895
-896
-898
-899
-900
-902
-905
-905
-907
-910
-911
-911
-912
-913
-914
-914
-915
-915
-915
-916
-917
-918
-920
-921
-922
-923
-925
-927
-928
-929
-929
-930
-931
-933
-933
-934
-935
-936
-936
-937
-937
-936
-936
-936
-936
-938
-939
-938
-937
-937
-937
-937
-936
-936
-933
-932
-933
-933
-932
-931
-931
-931
-930
-931
-933
-933
-933
-935
-938
-942
-945
-948
-950
-954
-956
-957
-957
-958
-958
-957
-957
-957
-956
-955
-953
-953
-953
-953
-952
-953
-953
-954
-956
-957
-958
-959
-960
-961
-961
-961
-960
-957
-950
-942
-931
-913
-887
-855
-813
-762
-704
-639
-568
-491
-411
-329
-247
-169
-95
-23
44
105
157
205
247
283
312
336
356
370
381
391
402
411
420
429
441
452
463
473
482
491
497
502
503
500
492
482
469
454
436
414
392
370
348
324
303
285
267
248
231
215
200
187
172
157
142
128
113
98
83
67
48
30
11
-8
-27
-49
-71
-93
-115
-136
-158
-180
-202
-223
-244
-266
-288
-308
-329
-350
-371
-391
-411
-431
-451
-468
-485
-504
-522
-538
-553
-567
-579
-590
-600
-610
-618
-625
-630
-635
-641
-646
-650
-654
-658
-661
-664
-667
-670
-673
-676
-678
-681
-684
-686
-689
-691
-692
-693
-694
-695
-694
-694
-695
-695
-696
-696
-696
-696
-696
-697
-698
-697
-697
-697
-699
-699
-700
-702
-704
-705
-707
-710
-711
-710
-711
-712
-713
-716
-717
-718
-718
-719
-719
-719
-720
-721
-720
-720
-722
-723
-724
-725
-726
-727
-728
-731
-734
-735
-736
-739
-742
-744
-746
-748
-750
-751
-753
-756
-758
-758
-759
-761
-764
-766
-768
-770
-771
-772
-773
-774
-775
-776
-775
-776
-779
-783
-785
-788
-790
-793
-796
-798
-800
-802
-803
-805
-808
-811
-813
-814
-817
-818
-820
-822
-823
-823
-823
-824
-825
-825
-825
-826
-827
-828
-829
-830
-831
-832
-835
-838
-841
-842
-845
-848
-850
-852
-854
-856
-857
-857
-858
-858
-859
-858
-858
-858
-859
-859
-859
-860
-861
-863
-864
-866
-867
-868
-870
-872
-872
-872
-871
-871
-871
-870
-870
-870
-870
-870
-871
-872
-873
-875
-877
-879
-879
-878
-878
-876
-873
-869
-864
-857
-847
-837
-829
-821
-815
-810
-806
-804
-804
-807
-813
-821
-831
-842
-854
-868
-883
-897
-911
-924
-934
-942
-948
-951
-950
-947
-943
-938
-931
-922
-911
-900
-889
-878
-869
-861
-853
-847
-843
-840
-836
-834
-833
-831
-830
-831
-832
-833
-836
-841
-846
-852
-857
-862
-867
-873
-880
-886
-891
-896
-900
-906
-914
-923
-932
-939
-947
-954
-959
-962
-964
-964
-962
-960
-959
-957
-954
-950
-949
-948
-948
-947
-945
-946
-946
-947
-947
-944
-939
-934
-928
-922
-914
-907
-900
-893
-887
-883
-878
-874
-871
-869
-868
-869
-867
-862
-853
-838
-818
-790
-754
-710
-659
-601
-537
-468
-394
-318
-238
-157
-78
-1
74
144
208
266
318
361
395
424
446
461
470
474
476
479
480
479
480
484
488
492
499
507
512
517
522
524
523
518
509
499
487
472
453
434
415
396
377
358
339
320
302
285
267
247
226
206
186
165
142
119
96
73
50
25
0
-25
-50
-75
-101
-126
-151
-176
-202
-227
-250
-272
-296
-319
-339
-359
-379
-397
-415
-433
-451
-469
-487
-503
-519
-535
-551
-564
-578
-590
-601
-610
-619
-626
-633
-638
-642
-645
-646
-647
-649
-651
-653
-655
-658
-661
-664
-667
-670
-672
-673
-672
-671
-670
-667
-666
-665
-664
-662
-663
-665
-667
-668
-672
-676
-680
-683
-687
-691
-696
-700
-702
-706
-709
-710
-710
-710
-710
-710
-707
-704
-702
-700
-698
-697
-695
-694
-692
-691
-690
-689
-689
-689
-689
-688
-687
-687
-687
-688
-690
-693
-695
-696
-701
-707
-714
-722
-732
-741
-747
-753
-758
-762
-766
-770
-773
-775
-778
-779
-780
-780
-779
-774
-770
-766
-763
-759
-757
-755
-754
-755
-757
-760
-765
-771
-778
-785
-793
-801
-808
-813
-818
-821
-822
-821
-818
-814
-809
-802
-794
-786
-781
-775
-769
-765
-765
-764
-764
-767
-773
-781
-790
-799
-809
-819
-828
-835
-841
-847
-850
-850
-848
-846
-843
-839
-834
-830
-824
-819
-815
-812
-810
-809
-808
-808
-809
-811
-813
-814
-815
-816
-818
-820
-821
-820
-821
-821
-821
-822
-822
-821
-819
-818
-816
-813
-810
-808
-805
-802
-800
-797
-795
-794
-795
-796
-798
-803
-809
-816
-824
-833
-843
-853
-861
-868
-874
-880
-885
-887
-889
-889
-888
-886
-885
-883
-881
-878
-875
-872
-871
-869
-868
-866
-864
-861
-859
-858
-857
-855
-855
-855
-855
-854
-855
-857
-858
-860
-864
-867
-869
-871
-873
-875
-877
-879
-880
-880
-879
-878
-877
-875
-872
-870
-867
-865
-863
-862
-860
-859
-859
-859
-859
-860
-861
-863
-865
-867
-871
-876
-880
-886
-891
-896
-903
-911
-916
-920
-923
-923
-922
-919
-915
-908
-901
-893
-885
-878
-871
-866
-862
-861
-862
-862
-864
-866
-867
-868
-871
-874
-878
-882
-885
-888
-890
-891
-891
-887
-877
-861
-839
-806
-764
-713
-653
-585
-510
-430
-346
-260
-173
-88
-9
65
136
197
249
296
337
368
392
412
426
437
445
451
456
463
471
481
493
509
525
543
560
577
592
606
616
618
614
604
586
565
540
514
485
457
430
403
379
357
337
316
298
282
265
248
232
213
191
173
155
134
113
94
74
52
30
8
-13
-32
-53
-74
-93
-109
-127
-144
-160
-177
-196
-216
-237
-259
-282
-304
-327
-350
-373
-394
-415
-434
-453
-471
-487
-501
-515
-529
-540
-552
-563
-575
-586
-597
-607
-615
-623
-634
-643
-650
-657
-663
-666
-668
-670
-671
-670
-668
-664
-660
-657
-656
-653
-652
-651
-652
-653
-656
-660
-665
-669
-672
-675
-678
-679
-678
-678
-679
-679
-678
-678
-677
-674
-673
-673
-673
-672
-672
-672
-672
-673
-675
-676
-677
-681
-687
-692
-696
-703
-709
-713
-718
-723
-727
-731
-733
-735
-736
-738
-740
-739
-738
-736
-734
-730
-727
-724
-722
-721
-721
-721
-723
-724
-726
-728
-731
-734
-737
-740
-742
-744
-746
-747
-748
-749
-750
-750
-751
-753
-755
-756
-757
-760
-763
-765
-767
-770
-771
-772
-773
-775
-775
-777
-778
-778
-781
-784
-786
-788
-790
-793
-796
-799
-801
-804
-807
-809
-811
-813
-814
-815
-816
-817
-819
-819
-820
-822
-823
-824
-825
-826
-827
-828
-829
-829
-829
-830
-829
-829
-831
-833
-834
-836
-839
-841
-842
-843
-844
-845
-847
-849
-851
-853
-857
-861
-866
-871
-875
-880
-885
-891
-896
-900
-904
-907
-909
-912
-913
-914
-915
-916
-915
-914
-913
-911
-908
-905
-903
-901
-899
-898
-897
-896
-898
-900
-901
-902
-906
-909
-912
-914
-918
-922
-924
-927
-931
-934
-937
-939
-941
-943
-945
-948
-950
-951
-952
-952
-954
-955
-956
-956
-956
-956
-957
-957
-957
-956
-955
-953
-952
-952
-951
-950
-948
-947
-947
-947
-945
-945
-945
-946
-947
-948
-949
-950
-951
-952
-953
-954
-955
-956
-956
-958
-960
-963
-964
-965
-966
-968
-970
-972
-975
-976
-977
-978
-979
-980
-980
-979
-978
-978
-979
-978
-977
-976
-976
-976
-977
-976
-976
-976
-975
-975
-974
-975
-974
-974
-974
-975
-974
-972
-968
-963
-954
-939
-916
-887
-849
-801
-744
-681
-611
-535
-456
-374
-294
-214
-138
-66
0
61
117
166
210
247
278
305
326
343
358
371
383
393
406
419
432
446
461
475
487
498
507
511
512
510
503
493
479
461
440
416
393
371
346
320
297
276
254
234
217
201
184
167
152
137
122
106
89
72
55
37
16
-7
-29
-50
-73
-96
-119
-143
-166
-189
-211
-233
-255
-277
-297
-318
-338
-358
-378
-399
-419
-438
-457
-476
-494
-512
-529
-547
-562
-577
-592
-607
-619
-629
-641
-651
-659
-665
-672
-679
-683
-687
-691
-695
-698
-702
-705
-708
-712
-717
-721
-724
-727
-729
-732
-733
-733
-732
-730
-729
-729
-730
-730
-729
-729
-730
-731
-732
-733
-733
-734
-734
-734
-733
-733
-733
-732
-731
-732
-731
-728
-727
-727
-726
-725
-725
-726
-728
-729
-732
-734
-736
-739
-740
-741
-742
-745
-746
-748
-750
-752
-754
-756
-758
-760
-760
-761
-761
-760
-760
-760
-759
-758
-758
-758
-760
-763
-766
-769
-773
-776
-780
-785
-788
-790
-794
-798
-800
-800
-801
-802
-802
-802
-801
-800
-799
-799
-798
-799
-800
-801
-801
-802
-805
-808
-810
-812
-815
-819
-822
-826
-829
-831
-834
-836
-837
-840
-843
-844
-844
-845
-846
-847
-847
-847
-848
-848
-848
-848
-850
-851
-851
-850
-852
-853
-852
-852
-852
-851
-851
-852
-852
-852
-853
-856
-858
-861
-864
-865
-866
-868
-870
-871
-872
-873
-874
-876
-878
-880
-881
-881
-883
-884
-886
-886
-887
-888
-889
-890
-890
-891
-892
-892
-893
-894
-894
-894
-896
-897
-896
-897
-899
-900
-900
-900
-900
-899
-897
-896
-895
-894
-892
-890
-890
-889
-888
-887
-886
-886
-887
-888
-890
-892
-894
-897
-900
-903
-906
-909
-911
-914
-916
-917
-917
-916
-917
-916
-916
-916
-915
-914
-913
-911
-909
-910
-910
-909
-909
-911
-913
-913
-914
-915
-915
-914
-914
-914
-914
-914
-914
-914
-915
-916
-916
-916
-917
-918
-918
-920
-922
-923
-923
-925
-927
-928
-929
-930
-931
-931
-931
-932
-933
-933
-932
-932
-933
-934
-934
-935
-936
-936
-936
-938
-940
-939
-939
-941
-941
-940
-941
-943
-943
-943
-942
-940
-939
-936
-930
-919
-903
-881
-851
-813
-767
-713
-651
-583
-509
-430
-349
-267
-184
-105
-31
38
103
160
212
256
293
324
352
374
391
407
421
433
446
460
473
485
500
512
520
527
534
537
535
529
520
508
