-400
-393
-388
-383
-377
-377
-382
-389
-396
-402
-408
-414
-421
-430
-437
-440
-441
-443
-448
-454
-461
-468
-476
-483
-489
-493
-494
-493
-489
-482
-475
-467
-459
-452
-446
-443
-442
-444
-449
-457
-468
-478
-487
-495
-500
-502
-501
-500
-498
-494
-490
-487
-485
-486
-488
-490
-492
-496
-499
-501
-501
-498
-495
-493
-492
-492
-494
-497
-500
-506
-513
-519
-524
-528
-532
-536
-536
-534
-533
-532
-528
-525
-525
-523
-519
-517
-516
-515
-515
-516
-518
-519
-520
-523
-526
-527
-528
-530
-533
-535
-538
-542
-548
-555
-564
-573
-580
-584
-586
-584
-579
-569
-556
-543
-530
-517
-507
-503
-504
-508
-515
-524
-537
-549
-557
-564
-566
-560
-544
-521
-492
-454
-411
-367
-321
-275
-234
-198
-166
-138
-113
-90
-69
-51
-38
-30
-26
-27
-31
-39
-50
-61
-70
-78
-83
-82
-74
-64
-53
-40
-30
-24
-21
-20
-26
-39
-53
-70
-87
-103
-116
-123
-125
-126
-127
-125
-124
-126
-131
-135
-139
-145
-150
-151
-148
-145
-144
-143
-143
-145
-147
-150
-156
-166
-176
-185
-193
-200
-204
-207
-211
-215
-217
-220
-224
-229
-233
-238
-245
-254
-261
-268
-280
-296
-310
-322
-332
-340
-342
-342
-341
-340
-333
-324
-317
-312
-309
-308
-310
-314
-319
-325
-330
-335
-339
-341
-342
-340
-336
-333
-327
-318
-308
-299
-290
-283
-279
-276
-276
-280
-287
-296
-307
-318
-328
-338
-349
-356
-360
-362
-362
-361
-359
-357
-356
-359
-361
-365
-372
-381
-391
-400
-409
-416
-420
-421
-421
-418
-414
-410
-406
-403
-400
-399
-399
-401
-406
-412
-420
-430
-439
-448
-454
-457
-457
-455
-452
-451
-449
-448
-447
-447
-447
-450
-455
-457
-457
-457
-459
-459
-457
-457
-458
-458
-459
-461
-466
-473
-481
-492
-505
-516
-523
-527
-530
-529
-526
-522
-518
-515
-512
-507
-502
-497
-492
-487
-484
-482
-480
-480
-484
-488
-492
-495
-499
-503
-505
-506
-505
-503
-502
-505
-510
-515
-520
-526
-531
-538
-547
-557
-567
-575
-581
-585
-587
-584
-576
-566
-555
-541
-527
-516
-506
-497
-493
-492
-495
-499
-505
-515
-524
-535
-547
-559
-567
-574
-577
-576
-573
-566
-554
-537
-518
-497
-474
-452
-428
-401
-376
-350
-321
-291
-261
-229
-195
-162
-131
-105
-84
-67
-57
-55
-58
-61
-71
-82
-91
-97
-103
-108
-109
-107
-103
-98
-92
-85
-78
-71
-66
-62
-59
-59
-60
-64
-71
-80
-91
-103
-116
-130
-144
-156
-166
-172
-172
-170
-169
-169
-169
-171
-176
-181
-185
-188
-190
-193
-191
-184
-178
-175
-172
-170
-174
-181
-189
-199
-211
-225
-237
-250
-262
-273
-281
-286
-291
-294
-298
-303
-306
-308
-311
-313
-315
-317
-322
-328
-335
-343
-349
-353
-356
-355
-350
-346
-344
-340
-337
-336
-336
-336
-337
-338
-340
-342
-342
-343
-347
-348
-345
-342
-342
-341
-341
-342
-345
-346
-348
-349
-350
-350
-349
-347
-345
-345
-349
-354
-359
-368
-379
-389
-399
-409
-416
-419
-420
-421
-420
-417
-414
-410
-406
-404
-404
-406
-411
-417
-421
-426
-431
-437
-445
-449
-447
-444
-442
-438
-434
-432
-432
-431
-431
-435
-441
-448
-455
-461
-465
-469
-473
-475
-475
-473
-471
-468
-466
-465
-465
-465
-465
-467
-470
-473
-474
-476
-478
-479
-480
-480
-481
-483
-484
-486
-490
-495
-500
-505
-511
-517
-523
-526
-529
-533
-536
-535
-535
-537
-537
-534
-531
-532
-532
-532
-532
-534
-537
-541
-545
-546
-545
-542
-538
-532
-525
-518
-512
-508
-507
-508
-513
-520
-528
-536
-546
-554
-558
-559
-561
-560
-557
-552
-548
-543
-541
-540
-542
-547
-554
-560
-569
-581
-589
-593
-598
-600
-598
-593
-588
-580
-570
-559
-548
-535
-522
-509
-493
-474
-453
-430
-402
-372
-339
-304
-269
-234
-200
-169
-141
-118
-101
-89
-82
-78
-78
-83
-91
-100
-108
-117
-123
-127
-128
-127
-124
-119
-112
-103
-98
-97
-96
-97
-104
-111
-119
-129
-139
-146
-151
-156
-158
-154
-149
-148
-150
-154
-158
-163
-168
-175
-185
-199
-213
-225
-234
-241
-245
-248
-249
-247
-242
-235
-227
-220
-216
-213
-213
-217
-220
-224
-231
-243
-261
-278
-290
-300
-311
-319
-325
-331
-335
-336
-334
-334
-334
-335
-337
-341
-346
-353
-361
-368
-373
-376
-378
-379
-379
-376
-373
-368
-362
-356
-352
-349
-346
-343
-340
-339
-339
-339
-339
-340
-340
-339
-340
-341
-341
-340
-340
-344
-349
-353
-356
-363
-370
-375
-380
-387
-392
-393
-394
-397
-400
-401
-402
-404
-406
-409
-412
-416
-420
-424
-427
-431
-434
-437
-439
-442
-445
-448
-449
-450
-451
-454
-457
-460
-462
-463
-467
-470
-472
-474
-475
-476
-476
-477
-478
-480
-481
-480
-480
-482
-484
-484
-487
-492
-496
-499
-503
-507
-510
-513
-514
-513
-510
-504
-499
-495
-490
-487
-486
-487
-490
-496
-503
-509
-514
-519
-522
-525
-525
-525
-525
-525
-526
-528
-532
-536
-539
-542
-544
-545
-542
-537
-531
-526
-518
-510
-507
-505
-504
-504
-510
-519
-525
-533
-544
-553
-559
-565
-569
-570
-569
-565
-562
-557
-553
-550
-550
-552
-555
-560
-563
-566
-569
-571
-570
-570
-569
-568
-567
-569
-572
-578
-584
-589
-592
-594
-591
-585
-574
-560
-545
-526
-502
-476
-449
-419
-386
-352
-319
-284
-247
-213
-182
-152
-126
-104
-86
-73
-65
-60
-58
-60
-63
-69
-77
-84
-90
-96
-101
-104
-104
-103
-103
-101
-100
-100
-100
-99
-102
-108
-114
-120
-126
-135
-142
-147
-151
-154
-156
-156
-155
-156
-158
-157
-156
-157
-161
-165
-169
-175
-181
-188
-193
-199
-204
-208
-211
-214
-217
-219
-222
-226
-231
-237
-243
-252
-263
-273
-284
-295
-305
-313
-320
-325
-328
-328
-328
-329
-331
-332
-334
-336
-339
-341
-343
-347
-352
-353
-353
-355
-357
-357
-358
-359
-358
-356
-355
-354
-352
-351
-350
-349
-347
-346
-344
-343
-343
-344
-345
-344
-344
-344
-345
-345
-345
-345
-346
-347
-349
-353
-357
-360
-364
-369
-374
-379
-382
-386
-390
-393
-395
-396
-397
-400
-402
-403
-405
-408
-411
-413
-416
-418
-420
-423
-426
-429
-432
-435
-439
-441
-443
-444
-446
-447
-447
-447
-447
-449
-451
-453
-456
-460
-464
-468
-471
-475
-478
-480
-481
-480
-478
-477
-476
-473
-470
-468
-467
-468
-469
-471
-476
-482
-487
-492
-499
-504
-506
-509
-510
-509
-505
-502
-500
-499
-498
-496
-493
-491
-490
-493
-496
-500
-501
-500
-498
-496
-494
-493
-492
-492
-492
-493
-496
-499
-501
-502
-504
-505
-508
-513
-521
-529
-535
-542
-546
-549
-550
-551
-553
-554
-552
-550
-549
-549
-549
-549
-549
-548
-548
-549
-549
-547
-545
-545
-544
-542
-540
-539
-538
-537
-537
-539
-540
-539
-534
-527
-516
-501
-481
-457
-428
-395
-360
-325
-287
-246
-209
-176
-147
-122
-102
-86
-73
-62
-54
-49
-45
-41
-38
-38
-41
-42
-44
-47
-52
-54
-56
-59
-59
-57
-55
-55
-56
-56
-57
-59
-62
-64
-69
-74
-80
-85
-92
-101
-109
-116
-123
-132
-139
-143
-148
-153
-157
-160
-165
-170
-173
-175
-175
-172
-168
-163
-161
-162
-165
-167
-173
-182
-191
-199
-208
-218
-225
-228
-231
-233
-235
-238
-246
-257
-270
-286
-305
-321
-336
-349
-358
-359
-356
-351
-345
-337
-329
-323
-319
-317
-318
-322
-327
-332
-336
-340
-345
-346
-346
-345
-343
-338
-333
-330
-327
-325
-324
-323
-325
-328
-330
-333
-337
-341
-342
-342
-342
-341
-339
-338
-337
-335
-333
-331
-330
-330
-332
-335
-340
-345
-351
-360
-369
-378
-383
-387
-392
-397
-399
-401
-404
-405
-406
-410
-414
-415
-413
-412
-412
-412
-411
-412
-415
-419
-422
-428
-437
-444
-449
-454
-460
-464
-464
-464
-463
-461
-460
-458
-457
-458
-459
-461
-463
-465
-469
-473
-477
-478
-479
-479
-479
-479
-480
-481
-484
-488
-492
-496
-497
-494
-492
-491
-486
-478
-474
-473
-473
-474
-478
-484
-491
-496
-498
-500
-502
-501
-502
-506
-508
-508
-508
-509
-508
-508
-509
-508
-508
-510
-514
-516
-519
-524
-529
-534
-539
-543
-546
-548
-549
-550
-549
-546
-542
-537
-535
-535
-534
-533
-535
-540
-545
-550
-555
-558
-560
-561
-561
-560
-558
-553
-546
-539
-530
-517
-503
-489
-472
-451
-429
-405
-377
-347
-315
-281
-247
-213
-180
-148
-119
-95
-76
-62
-54
-50
-50
-53
-57
-62
-67
-72
-74
-75
-76
-76
-74
-74
-76
-77
-78
-80
-83
-86
-90
-94
-98
-103
-107
-111
-117
-124
-128
-131
-135
-139
-141
-143
-146
-148
-150
-153
-157
-159
-162
-166
-169
-172
-175
-179
-183
-187
-190
-193
-196
-200
-203
-205
-209
-213
-217
-221
-226
-233
-239
-249
-260
-269
-278
-288
-298
-306
-314
-321
-327
-332
-335
-336
-338
-340
-339
-339
-341
-341
-341
-341
-340
-338
-336
-333
-329
-326
-327
-328
-329
-331
-333
-335
-338
-341
-342
-343
-343
-343
-342
-341
-341
-339
-338
-339
-340
-341
-342
-344
-343
-338
-333
-330
-329
-328
-328
-334
-346
-359
-371
-386
-402
-415
-424
-432
-437
-436
-433
-431
-427
-423
-419
-417
-415
-415
-417
-420
-422
-424
-427
-431
-434
-437
-440
-442
-443
-445
-447
-449
-451
-454
-459
-462
-463
-464
-465
-465
-463
-460
-457
-456
-455
-453
-453
-456
-462
-467
-471
-477
-481
-484
-488
-491
-490
-488
-486
-484
-481
-482
-485
-489
-497
-509
-523
-534
-540
-543
-543
-541
-535
-529
-520
-509
-498
-488
-481
-476
-472
-474
-479
-487
-498
-512
-528
-543
-554
-561
-564
-560
-552
-539
-525
-513
-500
-488
-483
-486
-492
-501
-515
-532
-548
-562
-575
-583
-585
-585
-582
-575
-566
-556
-546
-537
-532
-529
-530
-534
-542
-553
-565
-576
-584
-588
-589
-583
-571
-556
-537
-514
-489
-466
-444
-420
-394
-369
-344
-318
-290
-258
-227
-197
-163
-130
-103
-81
-60
-46
-42
-41
-43
-50
-62
-75
-88
-98
-103
-105
-106
-105
-99
-93
-87
-84
-83
-87
-96
-106
-118
-132
-146
-158
-168
-173
-174
-172
-166
-156
-146
-139
-134
-129
-126
-129
-136
-144
-151
-160
-172
-183
-191
-200
-209
-214
-218
-223
-226
-225
-225
-225
-224
-225
-228
-232
-236
-242
-251
-262
-274
-287
-299
-310
-320
-328
-334
-338
-339
-339
-338
-336
-334
-332
-332
-331
-331
-332
-335
-337
-340
-342
-345
-347
-348
-347
-345
-342
-341
-339
-335
-334
-335
-334
-333
-335
-339
-341
-343
-344
-345
-347
-350
-352
-351
-350
-349
-350
-354
-357
-360
-363
-367
-372
-376
-381
-385
-387
-388
-389
-390
-392
-394
-396
-397
-401
-406
-412
-417
-421
-426
-430
-433
-433
-434
-437
-438
-437
-437
-439
-438
-438
-440
-443
-442
-444
-447
-450
-453
-456
-459
-462
-464
-466
-469
-470
-472
-472
-471
-470
-468
-468
-469
-471
-473
-476
-479
-484
-490
-496
-501
-506
-511
-514
-515
-514
-511
-507
-504
-500
-496
-492
-491
-493
-495
-495
-499
-504
-505
-506
-510
-513
-512
-512
-512
-513
-513
-514
-514
-513
-514
-514
-515
-515
-515
-516
-518
-519
-521
-524
-526
-527
-529
-532
-532
-532
-532
-533
-533
-534
-538
-543
-549
-553
-557
-561
-564
-566
-566
-565
-565
-564
-563
-562
-562
-562
-560
-560
-559
-556
-550
-542
-534
-525
-512
-497
-479
-460
-436
-409
-379
-344
-308
-271
-235
-199
-165
-134
-106
-83
-67
-56
-50
-48
-51
-58
-66
-74
-83
-92
-100
-103
-104
-104
-103
-102
-102
-102
-103
-103
-103
-108
-115
-119
-122
-128
-132
-134
-135
-137
-138
-138
-136
-133
-130
-127
-124
-122
-124
-127
-135
-145
-156
-167
-180
-192
-200
-206
-208
-207
-205
-201
-197
-193
-191
-190
-192
-198
-206
-216
-228
-239
-248
-258
-271
-286
-300
-310
-319
-330
-340
-346
-349
-351
-349
-346
-344
-340
-337
-338
-341
-344
-346
-346
-346
-346
-345
-345
-344
-342
-339
-338
-338
-338
