-11
-15
-15
-21
-17
-21
-21
-23
-21
-23
-17
-21
-19
-19
-23
-21
-21
-21
-19
-17
-19
-21
-21
-23
-19
-13
-11
-13
-9
1
-5
-1
-1
-13
-21
-27
-27
-27
-29
-27
-33
-35
13
95
161
47
-3
-19
-29
-37
-37
-39
-41
-41
-43
-41
-39
-39
-37
-39
-37
-33
-35
-31
-31
-27
-27
-25
-23
-23
-21
-19
-17
-19
-15
-13
-15
-15
-17
-21
-21
-23
-21
-23
-25
-23
-27
-25
-23
-23
-21
-25
-23
-23
-25
-25
-23
-25
-21
-23
-21
-19
-17
-11
-9
-5
-1
-5
-1
-15
-23
-27
-27
-29
-27
-21
-45
-37
25
119
167
35
-13
-31
-37
-43
-39
-41
-43
-43
-41
-43
-41
-41
-39
-39
-31
-25
-43
-41
-37
-31
-29
-29
-27
-23
-19
-19
-17
-17
-17
-13
-13
-13
-13
-21
-19
-19
-21
-23
-17
-19
-17
-19
-19
-19
-19
-19
-17
-19
-15
-17
-19
-19
-19
-13
-9
-7
-1
1
9
9
7
5
-5
-15
-17
-21
-23
-21
-25
-39
-31
51
147
163
27
-17
-23
-29
-35
-37
-37
-41
-39
-37
-39
-37
-35
-35
-33
-35
-33
-29
-27
-29
-29
-23
-23
-21
-19
-15
-15
-15
-13
-15
-11
-15
-15
-17
-19
-25
-21
-23
-23
-25
-23
-23
-27
-25
-25
-21
-21
-23
-23
-25
-27
-23
-25
-19
-19
-13
-11
-3
-3
-3
-7
-5
-9
-23
-27
-31
-33
-29
-33
-41
-45
-21
71
159
93
-5
-29
-37
-41
-45
-45
-47
-49
-45
-45
-47
-43
-43
-41
-39
-39
-39
-39
-35
-31
-31
-29
-25
-25
-23
-17
-17
-11
-13
-13
-15
-11
-17
-19
-21
-19
-21
-25
-23
-21
-25
-21
-19
-21
-23
-21
-21
-21
-23
-23
-21
-19
-17
-15
-9
-5
1
1
3
-1
-3
-3
-13
-21
-27
-23
-27
-25
-25
-33
-31
61
153
127
7
-23
-31
-35
-37
-41
-43
-41
-41
-39
-41
-41
-39
-41
-35
-35
-35
-31
-33
-29
-29
-27
-23
-19
-21
-15
-15
-13
-11
-11
-11
-15
-17
-19
-19
-21
-23
-23
-23
-23
-23
-19
-23
-25
-21
-21
-23
-21
-21
-19
-21
-21
-19
-17
-13
-7
-1
5
7
7
3
5
-7
-15
-21
-23
-25
-25
-27
-33
-37
1
97
185
91
-5
-27
-31
-37
-35
-41
-41
-37
-37
-35
-35
-35
-35
-31
-33
-29
-29
-27
-25
-23
-21
-23
-17
-11
-15
-5
-9
-3
-5
-7
-5
-11
-7
-11
-13
-15
-11
-17
-15
-11
-13
-13
-15
-9
-11
-9
-9
-11
-7
-3
-3
-9
-1
9
11
13
15
15
15
13
5
-9
-7
-9
-11
-17
-15
-19
-13
59
175
227
65
-29
-37
-27
-23
-27
-21
-23
-17
-23
-21
-23
-17
-17
-15
-21
-13
-15
-11
-13
-7
-3
-1
3
9
13
5
17
19
19
13
9
7
-3
-3
-7
-5
-7
-9
-7
-5
-11
-3
-15
-7
-11
-3
-5
-5
-1
-9
-11
-9
-1
-1
-1
5
7
9
9
9
11
3
-5
-19
-15
-17
-21
-23
-25
-25
25
145
229
125
-41
-51
-43
-39
-39
-39
-37
-41
-41
-39
-39
-37
-37
-35
-35
-35
-37
-33
-33
-25
-25
-21
-19
-15
-13
-13
-7
-7
-5
-3
-3
-9
-17
-21
-19
-21
-23
-23
-23
-21
-25
-21
-23
-23
-25
-23
-21
-21
-21
-21
-19
-19
-23
-23
-23
-25
-25
-25
-23
-17
-17
-13
-11
-7
-9
-3
-7
-3
-15
-27
-27
-31
-31
-31
-31
-37
-35
53
165
203
23
-37
-47
-43
-45
-47
-49
-47
-47
-45
-47
-43
-49
-45
-39
-41
-41
-43
-39
-35
-39
-35
-27
-27
-25
-19
-15
-13
-17
-11
-13
-19
-19
-23
-25
-29
-31
-33
-33
-35
-33
-35
-33
-33
-33
-33
-27
-31
-31
-31
-31
-27
-31
-31
-29
-29
-31
-35
-33
-35
-35
-35
-33
-33
-33
-29
-29
-17
-21
-17
-9
-11
-15
-15
-21
-23
-31
-31
-33
-35
-35
-39
-49
1
105
199
75
-17
-37
-41
-43
-43
-47
-51
-43
-45
-43
-43
-43
-41
-43
-43
-41
-41
-35
-35
-31
-29
-27
-23
-19
-19
-11
-5
-15
-11
-11
-5
-9
-15
-17
-23
-25
-25
-27
-27
-29
-27
-29
-27
-25
-29
-27
-25
-25
-27
-27
-27
-27
-25
-27
-29
-29
-27
-27
-29
-29
-29
-27
-25
-21
-19
-15
-9
-7
-5
-9
-9
-21
-27
-31
-29
-33
-31
-35
-47
-43
39
141
175
23
-19
-37
-41
-47
-43
-45
-43
-43
-41
-43
-41
-43
-43
-41
-39
-39
-37
-39
-35
-35
-29
-29
-25
-19
-15
-15
-13
-9
-15
-5
-7
-11
-13
-19
-23
-27
-25
-31
-25
-25
-23
-25
-25
-27
-29
-29
-27
-31
-27
-27
-29
-29
-31
-31
-31
-31
-33
-33
-33
-35
-31
-31
-23
-19
-19
-11
-3
-11
-13
-19
-19
-33
-33
-27
-37
-31
-33
-41
-11
87
185
95
-7
-29
-35
-39
-39
-39
-39
-43
-39
-39
-39
-37
-37
-33
-29
-31
-31
-31
-27
-27
-25
-23
-15
-17
-11
-9
-3
-3
1
-1
-1
-1
-3
-7
-11
-13
-11
-13
-15
-15
-13
-15
-17
-17
-17
-15
-13
-17
-15
-19
-17
-17
-15
-11
-13
-17
-9
-13
-15
-7
-7
-3
1
5
9
9
5
5
-5
-13
-19
-23
-23
-25
-27
-33
-39
23
115
177
43
-19
-31
-29
-31
-27
-25
-39
-31
-27
-49
-47
-43
-37
-31
-33
-35
-35
-37
-27
-25
-21
-17
-15
-9
-13
-7
-9
-11
-7
-3
-1
-5
-7
-11
-11
-11
-13
-13
-17
-17
-15
-19
-11
-13
-11
-11
-13
-11
-11
-11
-11
-11
-13
-9
-11
-9
-7
-5
-3
3
7
11
7
7
7
-7
-13
-13
-17
-19
-21
-19
-25
-21
45
139
197
61
-23
-33
-27
-31
-33
-35
-33
-33
-37
-35
-37
-37
-37
-35
-35
-31
-33
-31
-31
-29
-27
-25
-21
-19
-19
-15
-13
-11
-11
-7
-9
-11
-17
-19
-19
-23
-25
-25
-25
-25
-27
-27
-27
-27
-27
-25
-25
-25
-27
-27
-29
-29
-29
-25
-27
-25
-23
-21
-17
-15
-11
-9
-5
-3
-3
-15
-21
-29
-29
-29
-27
-27
-35
-35
5
105
189
73
-11
-27
-31
-37
-41
-45
-43
-45
-43
-43
-41
-45
-43
-47
-41
-37
-35
-33
-33
-27
-19
-25
-19
-21
-21
-13
-11
-11
-7
-7
-13
-15
-19
-21
-27
-29
-27
-31
-33
-31
-35
-33
-35
-35
-29
-27
-29
-27
-25
-23
-19
-19
-43
-37
-33
-29
-25
-17
-17
-13
-9
-9
-11
-13
-13
-21
-31
-33
-37
-33
-35
-49
-59
-47
37
131
139
11
-25
-37
-43
-47
-53
-51
-51
-53
-49
-47
-45
-41
-41
-37
-37
-39
-37
-37
-31
-33
-35
-29
-29
-29
-23
-23
-23
-23
-21
-19
-19
-27
-25
-25
-31
-29
-33
-29
-25
-29
-23
-27
-25
-23
-29
-29
-25
-27
-27
-35
-25
-23
-31
-33
-23
-31
-19
-15
-13
-9
-5
-11
-9
-9
-23
-27
-29
-31
-33
-31
-33
-47
-33
45
135
183
27
-37
-49
-43
-45
-51
-49
-49
-49
-45
-45
-43
-43
-43
-43
-41
-37
-31
-33
-31
-27
-27
-19
-17
-13
-11
-7
-9
-5
-5
-3
-3
-9
-11
-15
-17
-19
-17
-19
-19
-19
-17
-17
-17
-15
-17
-17
-19
-17
-13
-13
-11
-11
-11
-11
-7
-3
-11
-11
-9
-3
5
9
7
7
3
-9
-15
-17
-19
-21
-19
-25
-33
-15
85
173
133
7
-19
-29
-35
-37
-39
-37
-35
-35
-39
-37
-35
-37
-37
-39
-33
-39
-27
-33
-25
-27
-23
-25
-25
-19
-13
-11
-7
-5
-5
-3
-7
-5
-5
-21
-17
-19
-21
-19
-17
-15
-15
-15
-15
-17
-17
-17
-17
-17
-17
-19
-19
-15
-13
-15
-15
-15
-11
-11
-7
-3
-3
5
3
3
3
-7
-15
-19
-27
-21
-21
-25
-31
-31
43
135
177
41
-9
-17
-21
-29
-29
-31
-31
-31
-29
-33
-33
-33
-31
-31
-33
-33
-27
-29
-29
-27
-23
-23
-19
-15
-13
-11
-9
-7
-7
-7
-9
-13
-13
-17
-19
-19
-23
-25
-25
-25
-23
-25
-25
-25
-25
-25
-25
-25
-23
-25
-21
-25
-25
-27
-27
-25
-23
-17
-15
-15
-7
-3
-9
-9
-13
-23
-27
-35
-39
-37
-37
-35
-43
-33
49
137
165
19
-33
-37
-35
-39
-45
-43
-43
-41
-41
-41
-41
-37
-35
-37
-33
-31
-35
-33
-31
-35
-29
-27
-21
-19
-13
-11
-13
-7
-5
-9
-11
-11
-17
-25
-19
-17
-17
-21
-21
-19
-21
-19
-15
-25
-17
-21
-19
-19
-19
-13
-23
-19
-15
-23
-23
-19
-21
-13
-13
-5
1
1
7
3
7
7
-7
-15
-17
-25
-17
-19
-25
-35
-41
29
129
177
43
-19
-29
-31
-49
-45
-43
-43
-43
-43
-41
-43
-41
-37
-37
-45
-41
-39
-35
-37
-39
-35
-31
-31
-27
-27
-27
-19
-19
-19
-17
-21
-19
-15
-21
-19
-15
-23
-21
-23
-27
-27
-27
-29
-27
-27
-29
-29
-33
-31
-33
-37
-31
-33
-31
-33
-29
-27
-25
-19
-15
-7
-3
-11
-9
-15
-25
-31
-35
-33
-35
-41
-37
-45
-39
45
133
139
5
-41
-41
-45
-47
-51
-51
-47
-51
-49
-51
-55
-51
-49
-49
-47
-43
-41
-43
-39
-39
-37
-33
-31
-25
-25
-21
-17
-19
-19
-17
-17
-19
-23
-25
-27
-27
-31
-25
-31
-29
-29
-29
-25
-25
-23
-23
-21
-19
-21
-19
-17
-19
-15
-15
-13
-7
-9
-3
1
3
7
7
3
5
-7
-13
-19
-23
-23
-23
-23
-31
-33
13
119
195
71
-21
-35
-33
-37
-41
-41
-39
-39
-39
-37
-39
-41
-39
-37
-37
-37
-33
-35
-29
-29
-27
-21
-23
-15
-17
-19
-11
-11
-7
-7
-9
-11
-13
-15
-19
-23
-19
-25
-25
-25
-25
-25
-21
-23
-21
-21
-21
-23
-19
-21
-21
-19
-21
-19
-21
-21
-17
-13
-13
-1
-3
5
7
5
5
-7
-17
-23
-23
-25
-27
-29
-37
-23
73
173
147
1
-37
-39
-37
-41
-39
-41
-41
-41
-41
-39
-39
-37
-35
-33
-33
-29
-31
-31
-29
-29
-25
-25
-21
-19
-17
-13
-13
-11
-9
-13
-13
-17
-21
-21
-23
-25
-25
-27
-27
-27
-27
-27
-25
-25
-27
-23
-27
-25
-27
-29
-27
-27
-27
-29
-29
-23
-23
-17
-13
-7
-3
-3
-5
-9
-7
-15
-23
-27
-25
-27
-27
-27
-41
-29
63
159
155
13
-23
-27
-35
-37
-39
-37
-35
-37
-39
-37
-37
-37
-33
-33
-33
-33
-31
-29
-29
-27
-25
-23
-15
-17
-13
-11
-9
-9
-7
-7
-7
-11
-15
-17
-21
-23
-23
-23
-21
-25
-25
-23
-21
-25
-21
-15
-17
-27
-25
-19
-25
-23
-21
-21
-21
-19
-19
-15
-9
-5
-5
1
-1
1
-1
-7
-17
-23
-21
-27
-25
-25
-31
-39
-5
87
179
105
11
-13
-23
-29
-35
-39
-37
-41
-41
-39
-41
-39
-39
-39
-37
-37
-35
-33
-29
-29
-29
-29
-25
-19
-17
-13
-11
-11
-9
-11
-11
-13
-17
-19
-23
-23
-25
-29
-25
-23
-23
-25
-27
-27
-25
-23
-25
-23
-23
-27
-23
-21
-25
-27
-25
-21
-19
-17
-19
-5
-3
1
-1
-5
-7
-17
-31
-29
-31
-39
-29
-33
-43
-39
33
127
161
13
-37
-39
-37
-45
-41
-43
-47
-43
-45
-45
-39
-49
-33
-31
-33
-33
-31
-25
-25
-21
-19
-21
-13
-9
-9
-7
1
-3
-1
1
-1
-1
-7
-9
-7
-15
-15
-13
-15
-13
-15
-15
-17
-15
-13
-13
-13
-15
-15
-13
-17
-19
-19
-13
-15
-9
-7
-1
1
3
7
7
7
7
-1
-5
-15
-15
-17
-17
-23
-29
-29
3
107
191
123
3
-27
-25
-29
-31
-33
-33
-31
-27
-29
-31
-31
-29
-25
-27
-25
-25
-25
-23
-23
-23
-21
-15
-13
-5
-1
3
7
7
9
5
5
1
1
-5
-5
-9
-9
-11
-11
-13
-13
-15
-11
-13
-11
-11
-9
-11
-15
-15
-13
-15
-13
-15
-15
-13
-9
-3
1
5
9
5
5
1
-9
-17
-21
-25
-25
-27
-25
-33
-39
1
101
181
77
-13
-29
-33
-45
-41
-41
-43
-45
-47
-45
-45
-45
-43
-41
-41
-45
-47
-41
-41
-43
-41
-37
-33
-31
-29
-27
-25
-25
-25
-25
-19
-19
-25
-27
-27
-29
-27
-27
-33
-29
-29
-27
-25
-27
-27
-27
-25
-23
-27
-25
-25
-27
-27
-25
-27
-21
-19
-17
-11
-9
-3
-3
-3
-1
-9
-19
-29
-31
-33
-31
-31
-33
-43
-27
61
155
151
17
-23
-31
-35
-43
-43
-47
-47
-47
-47
-43
-45
-43
-41
-41
-39
-37
-39
-35
-35
-31
-31
-27
-25
-21
-17
-15
-15
-13
-11
-13
-15
-15
-19
-19
-21
-23
-27
-25
-25
-23
-25
-25
-25
-25
-25
-25
-23
-23
-23
-23
-25
-23
-23
-27
-25
-25
-25
-19
-17
-11
-9
-5
-13
-9
-15
-21
-29
-31
-37
-39
-37
-47
-53
-19
69
159
79
-3
-27
-39
-45
-47
-53
-51
-55
-57
-51
-53
-51
-49
-47
-45
-45
-47
-45
-41
-41
-35
-35
-35
-29
-29
-23
-21
-23
-19
-21
-21
-19
-21
-25
-27
-33
-27
-27
-29
-31
-29
-27
-27
-25
-23
-27
-25
-29
-31
-33
-31
-27
-27
-25
-25
-25
-25
-23
-15
-11
-3
-1
-3
1
-7
-15
-25
-35
-31
-37
-31
-33
-41
-37
29
125
169
31
-23
-33
-37
-43
-47
-43
-43
-43
-45
-43
-41
-41
-39
-39
-37
-35
-35
-35
-33
-33
-29
-23
-21
-21
-15
-15
-11
-15
-15
-11
-7
-15
-13
-19
-21
-21
-21
-25
-25
-23
-21
-19
-19
-19
-19
-21
-15
-17
-19
-19
-21
-19
-17
-23
-15
-15
-11
-7
-7
-3
3
1
1
-7
-13
-21
-27
-29
-29
-29
-33
-35
7
111
195
91
-11
-35
-33
-39
-39
-43
-47
-37
-37
-35
-39
-39
-33
-31
-27
-27
-23
-25
-25
-23
-21
-23
-23
-19
-17
-15
-13
-13
-11
-11
-11
-11
-15
-15
-15
-21
-21
-19
-21
-21
-17
-23
-19
-21
-19
-19
-21
-19
-17
-21
-17
-21
-25
-21
-21
-19
-13
-9
-3
-3
3
-3
-3
-7
-17
-25
-29
-31
-31
-31
-35
-45
-35
51
147
153
7
-31
-39
-43
-43
-43
-45
-47
-47
-47
-47
-45
-47
-43
-39
-43
-41
-39
-39
-39
-37
-39
-29
-27
-23
-23
-19
-19
-17
-19
-15
-17
-23
-21
-23
-25
-25
-27
-27
-23
-23
-23
-25
-25
-19
-17
-17
-15
-15
-19
-19
-19
-21
-23
-21
-19
-15
-9
-5
-3
3
7
3
5
-1
-13
-21
-25
-29
-33
-29
-35
-35
-11
93
183
137
-5
-41
-37
-41
-43
-49
-39
-43
-35
-39
-41
-39
-39
-39
-39
-29
-29
-29
-33
-27
-25
-29
-13
-13
-11
-11
-7
-7
-11
-9
-9
-1
-7
-11
-17
-15
-19
-23
-25
-19
-25
-15
-19
-19
-15
-25
-17
-11
-13
-11
-11
-11
-11
-9
-5
-1
3
5
5
9
5
9
5
-9
-17
-19
-21
-23
-23
-29
-33
-13
89
187
183
9
-29
-29
-33
-35
-39
-37
-39
-39
-37
-39
-39
-39
-39
-37
-37
-35
-37
-35
-31
-27
-31
-23
-21
-17
-15
-15
-13
-9
-9
-5
-11
-13
-15
-19
-23
-25
-25
-25
-23
-23
-25
-25
-25
-23
-23
-21
-25
-27
-19
-23
-23
-21
-21
-23
-25
-23
-19
-15
-11
-7
-7
-1
-7
-1
-7
-17
-25
-27
-29
-27
-31
-39
-39
15
123
211
77
-13
-27
-33
-41
-45
-43
-41
-43
-39
-39
-41
-41
-41
-39
-35
-33
-33
-29
-29
-29
-27
-25
-23
-17
-13
-11
-9
-7
-7
-5
-5
-7
-11
-15
-17
-21
-23
-23
-25
-23
-23
-23
-23
-21
-21
-23
-23
-25
-23
-25
-27
-27
-23
-27
-23
-19
-19
-19
-17
-13
-11
-7
-1
-5
-3
-5
-15
-23
-29
-31
-31
-31
-31
-47
-31
63
167
161
11
-21
-31
-41
-49
-47
-47
-47
-49
-47
-47
-51
-47
-45
-47
-43
-45
-43
-41
-39
-37
-35
-33
-29
-25
-23
-19
-17
-15
-15
-9
-11
-15
-17
-17
-21
-23
-23
-27
-25
-25
-25
-21
-25
-25
-25
-25
-23
-25
-21
-23
-27
-23
-27
-29
-25
-27
-27
-23
-23
-17
-11
-11
-7
-9
-9
-7
-23
-33
-33
-35
-35
-37
-39
-45
-39
31
121
169
21
-29
-45
-45
-47
-49
-51
-51
-55
-51
-51
-53
-51
-53
-51
-49
-49
-45
-47
-43
-43
-37
-39
-35
-31
-25
-25
-23
-33
-31
-27
-27
-27
-35
-35
-35
-37
-39
-39
-37
-39
-37
-35
-35
-35
-33
-33
-31
-31
-35
-33
-27
-31
-29
-29
-33
-27
-25
-25
-19
-17
-9
-5
-1
-5
-3
-11
-13
-25
-33
-33
-33
-33
-35
-41
-23
63
151
127
-9
-43
-39
-39
-41
-49
-49
-47
-51
-51
-47
-49
-49
-49
-47
-45
-45
-43
-39
-37
-35
-31
-29
-27
-25
-23
-19
-19
-17
-15
-17
-15
-15
-17
-17
-19
-21
-25
-25
-25
-25
-25
-23
-27
-21
-25
-23
-21
-23
-23
-23
-23
-23
-29
-23
-25
-19
-15
-11
-9
-1
-3
-1
-3
-5
-15
-29
-33
-29
-33
-29
-35
-39
-13
85
169
147
1
-37
-39
-39
-41
-41
-43
-39
-35
-37
-37
-35
-37
-37
-35
-35
-35
-33
-33
-31
-27
-25
-23
-17
-17
-15
-11
-13
-11
-7
-9
-7
-9
-11
-13
-13
-13
-13
-17
-17
-19
-13
-15
-15
-13
-15
-13
-9
-15
-15
-15
-15
-15
-13
-15
-13
-9
-5
-3
-1
3
5
5
5
7
-5
-19
-17
-23
-21
-19
-21
-35
-27
69
181
163
5
-31
-29
-37
-33
-35
-39
-39
-39
-39
-37
-39
-39
-37
-31
-35
-35
-33
-27
-27
-23
-19
-23
-21
-17
-15
-11
-11
-11
-11
-9
-5
-7
-25
-27
-23
-23
-25
-25
-21
-19
-19
-21
-17
-19
-29
-19
-15
-11
-15
-23
-23
-15
-17
-19
-21
-13
-23
-15
-7
-1
1
1
3
5
-11
-15
-19
-21
-23
-25
-21
-31
-41
7
113
197
55
-19
-23
-23
-37
-39
-39
-37
-35
-45
-37
-35
-41
-33
-35
-31
-35
-35
-31
-25
-23
-25
-23
-21
-17
-13
-9
-7
-11
-11
-7
-9
-11
-9
-31
-7
-35
-27
-25
-21
-13
-21
-25
-29
-31
-31
-31
-19
-17
-21
-15
-19
-1
-21
-27
-19
-17
-15
-7
-7
-1
-5
-23
-9
9
-21
-17
-33
-43
-31
-31
-31
-45
-35
55
143
149
11
-23
-35
-43
-45
-47
-49
-51
-47
-53
-49
-43
-35
-37
-39
-51
-47
-43
-43
-41
-47
-45
-35
-33
-29
-27
-29
-27
-27
-25
-23
-23
-25
-29
-25
-41
-45
-39
-37
-39
-39
-37
-33
-27
-33
-39
-37
-31
-31
-43
-43
-41
-43
-37
-31
-31
-25
-19
-11
-9
-15
-17
-15
-17
-23
-35
-35
-33
-37
-37
-39
-47
-29
49
131
127
7
-31
-33
-39
-41
-43
-43
-45
-45
-43
-47
-45
-43
-41
-39
-39
-35
-35
-31
-31
-37
-33
-29
-27
-23
-19
-15
-17
-9
-9
-25
-17
-17
-21
-17
-19
-19
-19
-21
-13
-17
-29
-21
-29
-25
-23
-21
-21
-11
-23
-21
-21
-19
-23
-25
-19
-17
-17
-5
3
7
-3
-11
-9
-27
-31
-31
-33
-29
-29
-33
-47
-15
77
165
75
-1
-19
-29
-39
-43
-43
-43
-45
-47
-45
-39
-37
-47
-41
-35
-39
-27
-21
-25
-29
-31
-27
-17
-25
-25
-17
-9
-9
-21
-15
-3
-13
-11
-17
-13
-17
-17
-5
-17
-13
-5
-9
-11
-9
-17
-9
-7
-19
-15
-13
-11
-9
-5
-13
-7
-1
1
7
11
7
7
5
-7
-17
-23
-25
-27
-29
-21
-23
-7
65
147
165
13
-31
-51
-67
-49
-47
-37
-55
-23
-25
-37
-49
-41
-35
-59
-37
-33
-39
-35
-33
-33
-25
-29
-29
-15
-23
-21
-11
-3
-27
-25
-13
-25
-25
-25
-29
-19
-15
-15
-19
-17
-11
-11
-15
-11
-9
-7
1
-3
-7
-7
-13
-11
-15
-1
1
1
7
5
7
3
5
-3
-9
-19
-29
-27
-27
-27
-31
-9
77
171
181
1
-39
-39
-37
-41
-47
-43
-33
-41
-33
-31
-31
-31
-33
-31
-27
-23
-37
-25
-27
-21
-21
-19
-13
-9
-13
-9
-9
-7
-9
-11
-11
-11
-13
-17
-19
-21
-19
-19
-23
-21
-23
-23
-23
-17
-19
-21
-21
-21
-23
-15
-17
-23
-17
-11
-11
-5
-1
7
5
1
-9
-7
-17
-25
-29
-25
-19
-31
-37
-29
53
161
197
19
-35
-29
-39
-37
-37
-45
-39
-39
-39
-33
-29
-39
-45
-35
-29
-35
-25
-33
-37
-31
-23
-15
-15
-27
-17
-17
-17
-11
-7
-13
-25
-21
-23
-23
-23
-21
-23
-23
-27
-25
-33
-25
-25
-23
-23
-21
-23
-19
-21
-23
-25
-25
-23
-21
-17
-9
-13
-7
-5
-5
-5
-7
-11
-17
-27
-33
-35
-37
-35
-45
-51
-5
103
199
69
-35
-43
-53
-49
-43
-47
-45
-53
-51
-49
-57
-55
-47
-43
-35
-39
-37
-35
-31
-35
-29
-25
-23
-19
-19
-13
-9
-5
-7
-9
-5
-7
-9
-13
-17
-19
-19
-19
-17
-21
-17
-15
-19
-13
-17
-15
-11
-11
-11
-13
-11
-13
-9
-9
-5
-1
3
7
9
13
13
11
11
11
-3
-9
-15
-17
-15
-15
-15
-25
-19
59
169
203
31
-13
-21
-21
-27
-25
-29
-27
-25
-25
-21
-17
-19
-19
-15
-15
-13
-11
-11
-11
-7
-5
-7
1
5
11
15
13
13
17
17
13
9
7
5
1
5
1
3
-1
-1
-1
-3
-1
1
3
-1
-1
-3
-3
-1
-5
-3
-3
-5
-3
-1
-1
9
9
9
21
19
17
17
3
-3
-9
-9
-11
-15
-15
-25
-13
79
173
171
29
-9
-21
-25
-29
-29
-31
-31
-35
-33
-33
-33
-33
-31
-33
-31
-31
-35
-31
-29
-27
-25
-23
-23
-19
-15
-13
-15
-7
-7
-7
-9
-11
-19
-23
-23
-27
-29
-29
-27
-27
-27
-27
-27
-27
-27
-29
-31
-31
-31
-33
-31
-29
-31
-33
-29
-33
-35
-27
-23
-19
-13
-11
-9
-13
-15
-21
-31
-39
-41
-41
-43
-43
-49
-55
-21
79
177
89
-15
-37
-41
-47
-45
-49
-47
-47
-45
-47
-49
-49
-45
-43
-43
-41
-45
-43
-37
-37
-39
-39
-31
-27
-25
-23
-21
-19
-17
-15
-15
-19
-21
-23
-27
-29
-29
-31
-31
-31
-31
-29
-31
-31
-31
-29
-31
-33
-29
-29
-29
-31
-33
-31
-29
-33
-29
-25
-21
-17
-11
-7
-1
-3
-5
-13
-27
-33
-33
-35
-33
-33
-37
-43
-19
79
167
99
-3
-25
-31
-37
-41
-43
-43
-45
-41
-43
-43
-43
-45
-41
-43
-39
-37
-39
-37
-33
-33
-33
-33
-27
-21
-21
-17
-15
-13
-13
-11
-13
-13
-17
-17
-21
-23
-25
-25
-25
-21
-23
-21
-23
-21
-19
-19
-21
-17
-21
-19
-19
-25
-23
-23
-21
-17
-21
-17
-11
-9
-5
-1
-5
-3
-9
-21
-25
-33
-31
-35
-31
-33
-43
-25
63
145
109
3
-27
-31
-37
-43
-43
-47
-47
-45
-45
-43
-45
-43
-45
-41
-39
-37
-37
-33
-33
-31
-31
-31
-27
-23
-25
-25
-21
-15
-15
-17
-19
-15
-17
-19
-21
-21
-25
-25
-23
-23
-21
-21
-21
-19
-15
-19
-17
-17
-19
-15
-17
-15
-17
-17
-19
-13
-13
-11
-7
-1
3
5
5
5
1
-5
-11
-19
-19
-21
-19
-23
-35
-21
53
147
177
41
-31
-29
-31
-35
-41
-39
-37
-39
-41
-37
-35
-27
21
-53
23
-53
-69
-49
-35
-29
-33
-27
-23
-23
-19
-19
-17
-15
-15
-13
-11
-13
-15
-15
-15
-15
-21
-19
-17
-19
-21
-21
-19
-17
-17
-15
-17
-19
-19
-11
-19
-19
-21
-21
-17
-15
-13
-7
-3
3
3
5
1
-1
-15
-19
-25
-27
-29
-25
-29
-41
-41
27
115
155
31
-23
-33
-41
-45
-45
-43
-43
-45
-41
-41
-43
-41
-41
-39
-35
-35
-35
-35
-33
-31
-27
-25
-23
-23
-17
-13
-15
-17
-13
-13
-13
-11
-13
-11
-17
-19
-19
-23
-19
-21
-19
-19
-19
-17
-15
-17
-17
-19
-21
-19
-17
-17
-15
-15
-9
-11
-7
-3
-1
-1
-1
-5
-3
-9
-19
-25
-29
-29
-29
-33
-43
-33
55
151
135
7
-21
-31
-37
-45
-45
-45
-45
-45
-45
-41
-41
-41
-39
-39
-41
-39
-37
-35
-33
-33
-31
-27
-27
-21
-19
-17
-15
-15
-15
-15
-17
-19
-21
-25
-25
-27
-27
-27
-29
-29
-29
-29
-29
-27
-25
-29
-27
-29
-29
-29
-27
-29
-29
-29
-27
-25
-21
-13
-11
-7
-7
-11
-7
-9
-23
-29
-33
-33
-29
-33
-39
-51
-21
83
169
95
-1
-13
-27
-35
-37
-35
-39
-45
-41
-41
-33
-33
-35
-29
-31
-33
-31
-31
-29
-25
-23
-21
-17
-15
-11
-7
-9
-11
-9
-7
-7
-9
-15
-19
-21
-23
-23
-21
-23
-23
-23
-23
-15
-7
3
-19
3
-41
-33
-27
-21
-21
-19
-15
-11
-11
-7
-3
-1
3
3
3
7
-9
-11
-15
-25
-33
-31
-29
-37
-39
5
95
177
77
-5
-23
-29
-39
-39
-37
-37
-43
-43
-37
-47
-45
-43
-41
-39
-39
-39
-35
-33
-35
-31
-33
-31
-25
-25
-23
-19
-17
-21
-23
-11
-15
-13
-17
-19
-23
-23
-25
-27
-27
-23
-25
-19
-21
-19
-17
-19
-17
-17
-15
-17
-17
-11
-9
-9
-7
1
5
3
-1
3
-5
-19
-27
-27
-29
-25
-29
-33
-31
23
119
185
61
-21
-47
-41
-41
-41
-41
-45
-45
-41
-39
-43
-47
-37
-39
-35
-41
-35
-35
-41
-35
-33
-31
-29
-27
-23
-25
-21
-23
-23
-23
-21
-19
-21
-25
-25
-31
-31
-31
-29
-21
-21
-21
-19
-21
-21
-21
-19
-17
-17
-19
-21
-23
-17
-15
-9
-5
-1
1
3
1
3
-3
-13
-19
-23
-25
-25
-25
-31
-35
1
103
189
125
-7
-39
-33
-35
-39
-41
-35
-43
-37
-39
-39
-35
-35
-33
-29
-29
-27
-27
-29
-25
-25
-23
-17
-15
-15
-11
-9
-9
-5
-7
-7
-9
-7
-11
-13
-17
-17
-19
-17
-19
-19
-21
-21
-21
-19
-19
-17
-19
-17
-17
-19
-17
-19
-13
-5
-3
3
5
9
11
9
1
-3
-19
-19
-19
-23
-21
-27
-29
19
115
195
93
-7
-27
-35
-37
-35
-35
-37
-37
-41
-41
-39
-39
-39
-39
-39
-37
-37
-37
-33
-33
-27
-25
-21
-19
-17
-15
-11
-7
-5
-9
-7
-11
-17
-21
-23
-25
-25
-25
-27
-25
-27
-29
-27
-27
-27
-27
-27
-27
-27
-29
-25
-25
-21
-21
-17
-13
-11
-11
-7
-7
-9
-13
-19
-27
-33
-33
-25
-25
-27
-35
-33
35
127
163
27
-29
-35
-37
-41
-41
-41
-41
-39
-41
-39
-37
-37
-35
-37
-39
-33
-31
-27
-25
-23
-23
-27
-19
-15
-15
-9
-13
-13
-11
-9
-7
-17
-21
-21
-21
-25
-23
-27
-25
-21
-23
-21
-23
-21
-19
-21
-19
-21
-19
-17
-19
-15
-15
-11
-7
-3
1
-1
-1
-3
-7
-19
-27
-27
-31
-29
-31
-35
-37
-1
105
195
99
-7
-39
-37
-35
-33
-35
-31
-35
-37
-37
-37
-37
-35
-35
-33
-31
-31
-29
-25
-23
-19
-17
-13
-5
-5
-7
-5
-7
-7
-5
-5
-7
-9
-15
-17
-17
-19
-21
-19
-19
-17
-19
-17
-19
-19
-17
-15
-17
-11
-17
-13
-11
-11
-7
-3
3
-1
-5
-3
5
-3
-15
-25
-23
-23
-29
-31
-35
-37
-7
95
191
163
-15
-57
-51
-45
-45
-47
-47
-43
-45
-45
-47
-45
-47
-47
-43
-39
-39
-37
-35
-33
-29
-25
-23
-15
-17
-11
-9
-11
-9
-7
-9
-9
-13
-15
-17
-17
-17
-21
-19
-19
-23
-25
-23
-23
-25
-21
-21
-19
-21
