-135
-147
-151
-142
-154
-170
-181
-178
-181
-201
-213
-231
-249
-263
-269
-250
-228
-201
-164
-145
-135
-114
-87
-60
-39
-25
-18
-8
-11
-8
-6
-13
-14
-19
-14
-14
-18
-20
-19
-17
-14
-16
-12
-18
-12
-12
-14
-10
-13
-8
-9
-8
-5
-6
-4
-3
1
3
8
12
15
15
23
24
35
31
28
23
21
25
33
31
33
37
34
34
39
34
38
37
36
39
33
34
28
19
20
19
13
6
8
5
1
1
-2
-5
-9
-8
-14
-18
-18
-24
-25
-25
-22
-28
-30
-27
-31
-28
-31
-33
-31
-34
-36
-36
-31
-34
-36
-33
-34
-35
-32
-31
-32
-35
-42
-47
-50
-53
-61
-73
-81
-99
-121
-132
-148
-152
-153
-163
-177
-184
-178
-189
-212
-233
-251
-271
-284
-273
-248
-224
-187
-165
-150
-126
-102
-68
-59
-42
-27
-19
-20
-21
-20
-24
-28
-29
-30
-32
-29
-34
-27
-28
-28
-29
-31
-32
-31
-25
-25
-23
-26
-26
-26
-24
-20
-22
-18
-16
-15
-15
-13
-13
-6
-5
-4
-2
-2
0
0
5
13
15
17
13
8
13
14
13
15
12
11
11
8
1
-5
1
-1
-6
-13
-16
-12
-16
-21
-29
-33
-35
-35
-35
-40
-38
-41
-47
-49
-44
-45
-47
-51
-50
-53
-56
-52
-54
-52
-50
-52
-57
-59
-58
-60
-53
-55
-56
-62
-57
-60
-60
-60
-60
-57
-63
-63
-67
-67
-63
-60
-59
-59
-59
-64
-63
-62
-61
-58
-61
-62
-63
-64
-62
-59
-57
-59
-64
-64
-67
-64
-60
-61
-59
-57
-55
-59
-59
-56
-62
-56
-57
-55
-57
-59
-55
-57
-55
-52
-56
-56
-60
-57
-58
-54
-53
-56
-56
-55
-55
-53
-56
-54
-56
-55
-55
-56
-58
-55
-55
-56
-58
-53
-56
-53
-53
-58
-60
-54
-55
-55
-54
-51
-56
-54
-56
-54
-55
-54
-57
-60
-62
-60
-57
-56
-57
-49
-51
-45
-45
-44
-47
-51
-60
-66
-67
-76
-87
-92
-103
-125
-143
-154
-158
-147
-151
-173
-181
-179
-188
-201
-218
-236
-253
-262
-260
-244
-224
-195
-160
-143
-131
-108
-83
-57
-41
-28
-20
-13
-15
-16
-16
-23
-24
-24
-23
-24
-23
-24
-23
-23
-24
-26
-26
-22
-25
-23
-22
-21
-20
-21
-14
-17
-19
-16
-12
-12
-10
-10
-8
-5
-1
-2
0
3
1
5
6
9
12
12
15
20
21
22
26
28
28
33
31
30
34
32
33
33
35
37
28
28
29
25
21
19
14
9
10
7
4
4
0
-3
-5
-8
-11
-15
-12
-12
-16
-21
-21
-24
-26
-26
-27
-31
-32
-32
-29
-32
-31
-34
-35
-35
-31
-35
-37
-36
-38
-38
-36
-32
-35
-33
-31
-32
-32
-31
-32
-35
-33
-32
-33
-34
-34
-33
-37
-37
-37
-36
-38
-37
-41
-37
-40
-37
-37
-40
-36
-43
-42
-39
-42
-41
-41
-40
-37
-39
-37
-42
-39
-40
-38
-38
-37
-38
-36
-40
-37
-37
-37
-37
-39
-36
-37
-36
-40
-38
-42
-39
-34
-39
-36
-35
-36
-37
-36
-36
-33
-33
-34
-38
-38
-38
-38
-37
-36
-36
-40
-37
-40
-39
-38
-37
-37
-41
-37
-38
-38
-38
-37
-37
-38
-34
-28
-26
-21
-21
-21
-23
-24
-21
-19
-16
-18
-21
-31
-40
-42
-55
-66
-76
-102
-118
-135
-147
-144
-145
-167
-179
-173
-172
-189
-204
-227
-250
-263
-270
-264
-249
-218
-183
-160
-146
-124
-104
-77
-58
-41
-30
-24
-19
-23
-24
-28
-31
-34
-31
-28
-29
-30
-30
-31
-31
-31
-31
-32
-36
-34
-31
-29
-27
-26
-23
-23
-20
-24
-26
-23
-22
-21
-16
-13
-11
-11
-11
-8
-3
-8
-6
-3
1
3
9
11
15
18
21
19
21
27
28
28
25
27
28
26
19
18
18
18
14
13
10
3
1
-1
-4
-11
-10
-15
-19
-24
-29
-28
-31
-29
-31
-36
-43
-39
-39
-46
-45
-45
-49
-45
-50
-51
-57
-48
-47
-45
-51
-52
-52
-58
-57
-56
-53
-51
-55
-55
-55
-53
-53
-56
-56
-56
-54
-56
-56
-55
-56
-56
-60
-61
-64
-58
-62
-66
-55
-60
-64
-67
-63
-62
-61
-63
-64
-66
-65
-63
-66
-69
-69
-69
-63
-61
-60
-67
-65
-62
-64
-69
-67
-65
-69
-65
-61
-64
-62
-63
-63
-69
-71
-67
-63
-62
-68
-62
-65
-63
-63
-66
-65
-62
-64
-69
-64
-62
-62
-61
-64
-65
-64
-61
-60
-59
-53
-54
-51
-51
-49
-49
-52
-53
-45
-42
-37
-36
-39
-43
-45
-47
-42
-42
-44
-50
-51
-59
-63
-62
-61
-59
-62
-60
-56
-59
-62
-65
-72
-80
-98
-113
-132
-144
-157
-171
-172
-169
-165
-184
-201
-204
-200
-222
-231
-245
-261
-276
-287
-281
-256
-231
-195
-169
-163
-143
-123
-94
-72
-54
-44
-36
-35
-38
-38
-36
-43
-47
-45
-42
-42
-40
-39
-40
-43
-45
-43
-43
-43
-37
-40
-39
-39
-36
-36
-37
-32
-34
-30
-26
-29
-29
-27
-26
-20
-28
-22
-22
-21
-19
-14
-13
-11
-4
-4
-2
3
6
9
11
12
18
17
22
20
21
23
25
26
18
21
16
14
10
10
9
4
2
0
-5
-8
-8
-8
-17
-19
-21
-23
-24
-26
-31
-30
-30
-33
-33
-35
-40
-38
-40
-38
-39
-41
-41
-41
-41
-45
-44
-46
-45
-41
-44
-47
-45
-44
-45
-47
-46
-44
-46
-42
-45
-43
-42
-43
-43
-44
-41
-48
-46
-46
-47
-45
-50
-47
-48
-48
-48
-46
-48
-53
-50
-48
-56
-51
-51
-52
-49
-49
-51
-51
-53
-49
-50
-48
-47
-47
-50
-53
-51
-53
-48
-51
-50
-51
-49
-48
-53
-50
-50
-50
-49
-46
-44
-40
-41
-36
-37
-37
-33
-36
-35
-31
-25
-21
-23
-25
-24
-27
-27
-25
-29
-31
-39
-40
-45
-47
-46
-50
-51
-51
-48
-43
-43
-41
-38
-39
-37
-44
-54
-65
-67
-63
-63
-61
-60
-59
-61
-62
-60
-62
-65
-68
-73
-78
-86
-90
-94
-103
-118
-140
-147
-161
-164
-155
-163
-183
-195
-191
-202
-221
-225
-240
-265
-283
-282
-268
-241
-211
-182
-159
-147
-126
-98
-72
-56
-43
-29
-25
-28
-32
-34
-36
-38
-36
-35
-34
-42
-37
-38
-39
-42
-39
-41
-41
-30
-36
-37
-38
-38
-37
-39
-39
-31
-35
-26
-31
-34
-33
-29
-27
-26
-23
-18
-18
-18
-16
-11
-7
-7
-7
-5
-2
0
2
8
10
8
12
11
10
14
17
19
17
13
9
6
7
6
3
0
-3
-6
-12
-14
-15
-21
-23
-23
-27
-35
-37
-41
-42
-39
-40
-39
-40
-48
-49
-52
-51
-52
-51
-60
-53
-51
-60
-62
-58
-54
-52
-56
-56
-59
-62
-61
-59
-58
-62
-61
-61
-64
-61
-69
-63
-61
-63
-64
-66
-65
-64
-67
-69
-72
-69
-72
-68
-72
-74
-70
-73
-73
-72
-70
-69
-70
-69
-79
-79
-74
-71
-73
-71
-65
-61
-61
-61
-62
-62
-64
-69
-67
-57
-49
-44
-48
-50
-48
-49
-40
-25
-22
-17
-10
-6
0
24
35
51
92
112
98
91
97
79
45
3
-31
-64
-74
-87
-98
-115
-124
-125
-118
-133
-160
-171
-175
-179
-188
-195
-202
-205
-200
-179
-163
-147
-136
-126
-114
-107
-102
-100
-104
-104
-102
-101
-102
-104
-105
-107
-106
-103
-99
-105
-109
-106
-110
-108
-110
-107
-107
-107
-109
-108
-110
-111
-111
-113
-113
-111
-115
-113
-109
-107
-104
-104
-101
-97
-96
-92
-89
-88
-81
-83
-79
-74
-72
-68
-64
-61
-59
-54
-52
-51
-50
-48
-47
-46
-48
-46
-47
-47
-46
-47
-52
-52
-52
-53
-58
-60
-61
-63
-64
-63
-63
-67
-61
-67
-63
-63
-66
-66
-65
-63
-64
-64
-62
-58
-60
-59
-57
-55
-59
-57
-56
-57
-59
-56
-55
-55
-57
-58
-56
-55
-59
-56
-58
-57
-60
-59
-55
-57
-59
-59
-60
-63
-61
-58
-60
-58
-60
-62
-58
-60
-63
-57
-63
-62
-58
-58
-61
-61
-61
-59
-61
-62
-61
-57
-58
-60
-59
-61
-59
-59
-61
-61
-59
-60
-57
-56
-56
-55
-57
-60
-58
-59
-59
-59
-55
-56
-45
-43
-42
-39
-43
-46
-46
-45
-38
-33
-28
-34
-34
-35
-40
-38
-36
-36
-42
-44
-49
-52
-53
-57
-58
-55
-51
-54
-53
-48
-44
-45
-48
-48
-61
-69
-70
-68
-71
-63
-65
-67
-66
-66
-63
-68
-67
-64
-64
-67
-64
-63
-64
-63
-61
-67
-65
-65
-64
-64
-63
-61
-64
-64
-64
-68
-71
-76
-79
-85
-91
-103
-114
-129
-141
-154
-162
-156
-153
-170
-187
-188
-184
-200
-216
-215
-236
-264
-276
-278
-255
-233
-205
-170
-154
-135
-114
-87
-56
-41
-35
-23
-22
-25
-28
-25
-33
-37
-36
-37
-36
-38
-39
-38
-38
-33
-32
-31
-37
-34
-35
-37
-29
-32
-29
-35
-34
-31
-29
-30
-31
-31
-26
-26
-21
-20
-20
-16
-21
-16
-12
-11
-12
-9
-6
-5
-2
0
5
14
12
18
20
19
17
17
21
23
19
17
15
14
15
10
4
1
0
1
-1
-8
-11
-18
-21
-21
-24
-29
-27
-27
-33
-39
-42
-36
-32
-38
-41
-45
-50
-48
-43
-48
-51
-50
-47
-54
-51
-51
-51
-49
-54
-57
-56
-54
-52
-51
-57
-57
-58
-54
-54
-55
-59
-57
-61
-64
-60
-65
-57
-60
-54
-56
-56
-52
-54
-50
-47
-49
-51
-53
-51
-49
-48
-42
-46
-54
-50
-47
-45
-48
-51
-54
-59
-67
-68
-70
-75
-75
-71
-73
-72
-66
-62
-69
-64
-63
-64
-75
-86
-84
-87
-84
-86
-86
-83
-88
-86
-92
-89
-83
-84
-80
-78
-83
-89
-88
-90
-97
-87
-87
-88
-85
-88
-88
-82
-80
-84
-91
-99
-103
-110
-112
-109
-116
-125
-136
-151
-165
-177
-185
-187
-183
-201
-224
-219
-217
-225
-236
-251
-270
-283
-293
-288
-269
-251
-217
-190
-176
-159
-138
-111
-90
-79
-61
-50
-48
-50
-50
-57
-57
-60
-59
-59
-60
-57
-59
-59
-55
-53
-55
-57
-57
-56
-55
-53
-52
-48
-49
-51
-53
-46
-45
-47
-48
-43
-41
-40
-39
-37
-34
-32
-30
-25
-25
-22
-17
-20
-15
-12
-8
-7
-1
0
0
6
9
10
14
8
10
7
8
7
5
6
0
-2
-3
-3
-8
-15
-15
-18
-21
-22
-24
-29
-31
-33
-35
-38
-43
-44
-46
-50
-47
-46
-51
-51
-51
-48
-52
-54
-52
-54
-54
-54
-56
-57
-57
-56
-55
-55
-56
-58
-56
-56
-54
-56
-56
-55
-58
-59
-55
-57
-54
-56
-57
-60
-57
-58
-58
-59
-55
-51
-48
-44
-46
-46
-51
-47
-43
-39
-38
-36
-42
-40
-44
-44
-40
-42
-46
-50
-54
-55
-56
-62
-62
-64
-60
-61
-58
-56
-51
-48
-53
-53
-59
-69
-77
-78
-73
-73
-72
-71
-71
-70
-71
-71
-72
-76
-71
-71
-68
-73
-68
-71
-70
-67
-68
-70
-67
-64
-70
-71
-69
-66
-69
-69
-75
-79
-83
-86
-89
-103
-105
-122
-141
-151
-163
-170
-166
-166
-181
-193
-195
-195
-213
-232
-227
-254
-278
-284
-274
-253
-231
-192
-170
-158
-133
-111
-83
-65
-48
-37
-34
-31
-34
-34
-32
-37
-43
-43
-40
-40
-41
-38
-38
-43
-40
-36
-39
-41
-37
-37
-37
-34
-33
-30
-36
-32
-32
-31
-28
-25
-25
-24
-23
-21
-20
-17
-12
-13
-12
-8
-5
-3
0
3
5
7
11
13
14
15
20
20
24
25
23
25
25
20
20
19
19
14
10
7
3
4
4
1
-2
-8
-10
-14
-12
-12
-21
-26
-29
-31
-33
-32
-32
-34
-35
-40
-37
-34
-36
-39
-39
-40
-43
-43
-42
-45
-48
-50
-51
-47
-44
-44
-45
-49
-47
-46
-46
-49
-44
-46
-50
-50
-50
-54
-52
-53
-51
-54
-52
-54
-54
-50
-51
-40
-38
-37
-36
-43
-45
-50
-45
-35
-34
-31
-31
-42
-47
-41
-42
-38
-39
-45
-49
-53
-54
-58
-65
-70
-66
-64
-64
-59
-58
-56
-58
-58
-58
-65
-75
-82
-82
-89
-81
-81
-77
-79
-84
-79
-78
-83
-86
-85
-82
-80
-82
-79
-84
-80
-85
-84
-79
-81
-78
-81
-84
-82
-80
-83
-86
-87
-97
-103
-103
-110
-120
-127
-140
-156
-169
-179
-186
-181
-190
-204
-223
-221
-218
-236
-250
-247
-279
-297
-300
-285
-266
-239
-202
-188
-177
-152
-125
-99
-83
-70
-61
-51
-54
-57
-60
-60
-67
-68
-64
-65
-62
-67
-74
-69
-66
-67
-61
-66
-66
-69
-67
-66
-63
-62
-61
-61
-60
-59
-56
-56
-52
-54
-54
-49
-46
-43
-44
-45
-43
-38
-30
-28
-30
-26
-27
-22
-17
-10
-11
-11
-4
-11
-4
-1
2
2
0
0
0
-3
-5
-9
-10
-14
-14
-21
-19
-19
-26
-28
-31
-36
-38
-43
-42
-47
-53
-50
-53
-55
-57
-55
-59
-60
-64
-62
-64
-62
-64
-66
-68
-63
-63
-67
-71
-66
-65
-67
-63
-62
-64
-66
-67
-65
-67
-68
-64
-66
-66
-63
-66
-69
-64
-65
-67
-62
-60
-61
-57
-55
-45
-48
-49
-50
-57
-54
-44
-38
-38
-38
-40
-46
-46
-46
-46
-47
-53
-55
-60
-59
-61
-62
-64
-65
-63
-59
-56
-52
-54
-51
-49
-53
-68
-75
-82
-77
-78
-75
-74
-73
-71
-73
-72
-73
-75
-73
-74
-70
-73
-74
-74
-75
-75
-75
-73
-69
-74
-72
-76
-75
-72
-69
-73
-79
-84
-90
-92
-98
-105
-111
-126
-143
-154
-164
-172
-169
-169
-184
-201
-200
-202
-214
-236
-235
-255
-281
-289
-283
-263
-239
-209
-180
-166
-149
-118
-93
-74
-63
-47
-39
-37
-43
-40
-45
-47
-47
-49
-44
-49
-51
-47
-48
-42
-48
-48
-44
-47
-46
-43
-41
-44
-46
-42
-44
-37
-37
-38
-38
-32
-32
-31
-26
-23
-23
-22
-21
-17
-18
-14
-11
-6
-3
-3
3
4
5
7
7
12
10
14
12
14
15
11
15
13
8
7
4
3
2
-1
-5
-11
-13
-16
-15
-20
-22
-26
-31
-31
-33
-33
-38
-42
-40
-43
-43
-44
-45
-46
-47
-44
-46
-47
-48
-48
-50
-50
-50
-47
-51
-48
-48
-50
-46
-51
-46
-46
-48
-49
-51
-49
-48
-47
-50
-46
-48
-54
-50
-47
-50
-48
-49
-47
-45
-39
-35
-33
-35
-42
-42
-41
-38
-35
-32
-28
-35
-35
-37
-39
-36
-41
-43
-46
-48
-51
-56
-58
-62
-60
-58
-58
-54
-53
-49
-51
-48
-50
-61
-73
-73
-75
-69
-68
-68
-69
-71
-66
-66
-68
-62
-64
-63
-67
-64
-63
-64
-62
-63
-61
-63
-67
-67
-64
-65
-63
-64
-62
-64
-67
-71
-72
-79
-84
-91
-104
-114
-128
-144
-159
-169
-166
-159
-174
-191
-196
-196
-210
-228
-230
-248
-270
-282
-285
-263
-246
-213
-184
-167
-154
-133
-110
-86
-70
-54
-40
-34
-35
-33
-37
-39
-45
-49
-49
-47
-46
-48
-47
-45
-48
-44
-48
-44
-48
-48
-47
-44
-48
-47
-44
-44
-44
-39
-38
-40
-41
-39
-36
-36
-37
-32
-28
-31
-28
-26
-24
-18
-16
-15
-9
-8
-5
-3
-1
-2
5
4
8
7
5
4
4
8
13
11
6
2
-1
-1
-4
-8
-7
-12
-13
-19
-23
-29
-32
-35
-34
-38
-42
-42
-44
-49
-52
-48
-50
-51
-54
-55
-52
-57
-58
-57
-59
-59
-59
-56
-62
-61
-64
-61
-60
-61
-61
-60
-64
-63
-62
-62
-60
-60
-68
-66
-69
-71
-68
-66
-67
-65
-66
-68
-64
-63
-57
-56
-54
-50
-52
-56
-59
-54
-50
-47
-42
-43
-44
-53
-48
-53
-56
-46
-53
-61
-63
-65
-68
-64
-65
-72
-71
-64
-63
-60
-61
-59
-56
-61
-72
-79
-82
-80
-82
-80
-83
-78
-80
-78
-80
-79
-78
-79
-80
-76
-78
-78
-83
-84
-80
-77
-76
-78
-80
-82
-84
-81
-79
-77
-77
-74
-81
-87
-91
-96
-101
-110
-120
-128
-146
-155
-167
-175
-169
-177
-192
-205
-204
-205
-226
-234
-242
-267
-286
-290
-275
-255
-223
-191
-174
-161
-138
-113
-91
-71
-51
-45
-38
-36
-39
-40
-39
-45
-46
-45
-45
-48
-47
-45
-45
-51
-46
-44
-47
-47
-47
-40
-45
-39
-39
-40
-39
-39
-38
-37
-35
-36
-34
-32
-29
-30
-28
-22
-24
-23
-18
-14
-12
-9
-6
-6
0
2
5
4
6
11
13
11
20
18
14
16
16
17
12
7
7
3
4
1
-1
-3
-8
-8
-13
-18
-21
-23
-28
-29
-32
-35
-40
-39
-43
-40
-42
-44
-47
-48
-48
-48
-49
-48
-49
-47
-53
-51
-48
-52
-51
-55
-53
-52
-50
-50
-52
-52
-52
-51
-49
-53
-51
-52
-48
-49
-47
-49
-46
-50
-48
-48
-47
-47
-42
-39
-33
-35
-33
-32
-38
-40
-40
-37
-31
-28
-29
-30
-30
-30
-34
-32
-32
-36
-41
-50
-53
-51
-54
-53
-54
-54
-52
-50
-45
-43
-40
-41
-40
-55
-61
-67
-64
-60
-60
-59
-59
-63
-61
-59
-59
-62
-57
-59
-63
-57
-58
-59
-58
-56
-57
-57
-57
-55
-58
-61
-61
-61
-56
-61
-62
-69
-73
-79
-84
-88
-98
-108
-132
-140
-151
-161
-157
-152
-168
-189
-189
-184
-198
-216
-217
-237
-266
-275
-269
-245
-226
-192
-159
-146
-128
-101
-75
-50
-40
-28
-18
-20
-23
-22
-21
-26
-29
-27
-29
-32
-30
-28
-32
-31
-26
-32
-31
-28
-30
-26
-28
-28
-28
-25
-26
-25
-24
-23
-24
-22
-18
-19
-17
-13
-12
-13
-10
-11
-6
-2
0
2
4
5
3
9
12
15
38
22
22
23
27
28
25
29
28
27
23
18
17
14
14
9
3
2
-2
-4
-9
-13
-13
-17
-19
-25
-25
-26
-29
-32
-32
-40
-39
-35
-37
-43
-41
-41
-42
-42
-46
-46
-45
-46
-50
-48
-48
-47
-49
-52
-52
-49
-52
-49
-48
-54
-55
-54
-50
-46
-48
-51
-53
-54
-50
-55
-55
-55
-51
-56
-49
-47
-41
-38
-41
-40
-42
-50
-47
-47
-35
-29
-30
-40
-39
-41
-42
-40
-43
-46
-53
-57
-57
-58
-62
-58
-66
-57
-57
-55
-52
-57
-54
-50
-55
-69
-80
-77
-75
-72
-70
-79
-73
-76
-67
-70
-71
-72
-69
-68
-73
-77
-68
-72
-73
-75
-74
-72
-72
-68
-69
-74
-68
-72
-70
-71
-71
-74
-81
-88
-91
-93
-104
-110
-126
-143
-149
-162
-174
-164
-163
-179
-198
-199
-196
-206
-225
-224
-240
-268
-282
-279
-257
-235
-202
-176
-160
-144
-121
-98
-72
-57
-44
-32
-32
-36
-37
-36
-39
-46
-48
-47
-43
-44
-45
-45
-45
-46
-48
-46
-46
-44
-45
-41
-41
-40
-41
-43
-40
-42
-35
-36
-34
-32
-33
-30
-33
-26
-27
-23
-21
-18
-17
-16
-12
-6
-6
-1
0
-2
3
9
9
12
13
13
16
13
18
16
13
15
10
11
4
3
0
-1
-3
-4
-18
-17
-19
-19
-25
-26
-32
-36
-34
-34
-40
-43
-40
-43
-49
-49
-48
-52
-48
-51
-49
-52
-50
-51
-57
-55
-54
-48
-53
-54
-51
-54
-53
-52
-53
-56
-50
-50
-52
-49
-45
-50
-47
-50
-50
-49
-49
-50
-48
-43
-36
-38
-37
-38
-41
-44
-42
-39
-32
-29
-29
-32
-36
-37
-37
-39
-39
-43
-46
-50
-53
-53
-57
-59
-58
-57
-52
-51
-45
-45
-42
-44
-50
-58
-71
-72
-73
-70
-66
-68
-70
-70
-66
-65
-66
-64
-66
-62
-64
-62
-63
-60
-64
-64
-63
-63
-63
-65
-64
-63
-68
-61
-62
-64
-69
-70
-78
-80
-86
-94
-105
-118
-133
-145
-158
-164
-157
-161
-172
-190
-191
-191
-210
-222
-226
-248
-272
-284
-268
-248
-222
-189
-155
-146
-128
-98
-74
-53
-44
-29
-23
-23
-26
-26
-24
-27
-31
-32
-32
-33
-30
-32
-32
-32
-29
-28
-26
-27
-30
-28
-28
-27
-29
-26
-25
-26
-20
-21
-19
-22
-18
-16
-16
-14
-8
-9
-8
-6
-2
-1
4
5
6
12
11
13
15
20
23
24
26
29
26
27
28
27
26
28
23
20
18
17
14
9
5
3
4
-3
-5
-6
-14
-15
-16
-22
-20
-26
-24
-24
-30
-31
-32
-31
-33
-32
-34
-31
-28
-37
-37
-36
-38
-32
-35
-38
-36
-38
-40
-40
-33
-36
-37
-38
-41
-38
-40
-37
-40
-39
-42
-43
-39
-44
-41
-39
-38
-35
-27
-29
-27
-26
-28
-35
-31
-29
-30
-22
-21
-24
-30
-27
-30
-32
-30
-32
-44
-43
-49
-48
-51
-51
-47
-49
-46
-46
-43
-40
-42
-39
-43
-55
-67
-67
-67
-66
-67
-68
-68
-63
-59
-61
-64
-64
-71
-69
-66
-69
-65
-68
-67
-68
-63
-64
-62
-66
-68
-66
-68
-66
-65
-69
-69
-74
-80
-85
-87
-92
-103
-108
-125
-144
-155
-167
-171
-169
-177
-195
-204
-203
-209
-228
-233
-245
-273
-284
-288
-262
-243
-214
-183
-163
-152
-132
-102
-77
-63
-51
-33
-34
-40
-40
-44
-45
-41
-43
-45
-48
-43
-44
-43
-44
-49
-45
-45
-45
-47
-46
-44
-41
-42
-44
-45
-46
-44
-35
-32
-34
-35
-32
-32
-32
-27
-27
-26
-19
-15
-10
-10
-4
-2
0
1
0
-3
2
6
11
16
21
19
20
20
15
15
16
22
19
14
7
5
5
4
0
-7
-7
-10
-12
-16
-24
-25
-27
-24
-28
-32
-40
-39
-37
-39
-40
-43
-48
-49
-49
-43
-52
-49
-47
-45
-43
-45
-51
-48
-48
-46
-47
-52
-54
-57
-52
-54
-51
-48
-53
-53
-56
-47
-49
-50
-49
-52
-53
-54
-55
-50
-51
-48
-46
-42
-41
-36
-39
-44
-50
-48
-39
-40
-38
-38
-42
-47
-43
-43
-41
-38
-41
-44
-47
-44
-31
-23
-20
-10
2
10
31
46
60
94
119
112
92
86
68
39
8
-24
-44
-62
-71
-86
-100
-107
-114
-118
-119
-136
-153
-162
-166
-173
-181
-184
-188
-196
-185
-169
-153
-140
-127
-117
-108
-101
-102
-100
-98
-103
-100
-99
-100
-100
-101
-102
-105
-102
-102
-103
-105
-106
-105
-105
-108
-106
-107
-109
-113
-112
-112
-110
-112
-110
-114
-116
-111
-111
-113
-108
-106
-107
-107
-103
-100
-100
-95
-91
-89
-87
-83
-78
-73
-70
-63
-67
-63
-55
-56
-54
-53
-50
-52
-48
-51
-51
-49
-49
-50
-52
-56
-52
-56
-58
-57
-61
-62
-57
-60
-62
-63
-63
-61
-67
-64
-68
-64
-61
-62
-63
-64
-58
-62
-60
-61
-60
-60
-58
-60
-57
-53
-57
-57
-55
-56
-54
-54
-50
-48
-53
-54
-52
-50
-49
-50
-48
-51
-50
-48
-46
-51
-47
-47
-49
-48
-53
-49
-48
-49
-49
-51
-50
-50
-52
-54
-55
-52
-51
-51
-52
-53
-50
-52
-48
-49
-51
-52
-52
-52
-51
-49
-56
-50
-50
-53
-52
-53
-48
-48
-45
-43
-37
-37
-36
-35
-40
-39
-36
-36
-27
-23
-26
-33
-31
-33
-34
-34
-33
-39
-39
-47
-49
-47
-52
-52
-50
-49
-48
-43
-41
-39
-42
-41
-49
-58
-68
-64
-67
-61
-64
-60
-61
-62
-63
-59
-61
-64
-62
-59
-61
-63
-63
-61
-66
-62
-62
-62
-64
-62
-59
-61
-60
-62
-64
-68
-70
-76
-80
-84
-92
-105
-119
-137
-151
-160
-165
-156
-158
-177
-188
-189
-193
-208
-217
-225
-249
-272
-282
-271
-247
-227
-201
-173
-158
-140
-116
-87
-67
-53
-41
-31
-32
-34
-33
-34
-37
-37
-40
-42
-41
-46
-42
-44
-41
-42
-43
-42
-43
-45
-41
-41
-41
-40
-42
-42
-38
-36
-36
-34
-37
-35
-35
-31
-30
-29
-26
-28
-23
-21
-19
-20
-13
-10
-9
-6
-3
0
1
4
2
5
11
14
13
13
16
13
12
11
9
4
5
2
-3
-5
-9
-13
-15
-19
-21
-24
-25
-29
-31
-36
-40
-45
-45
-43
-41
-46
-44
-44
-49
-47
-50
-57
-55
-55
-53
-58
-53
-52
-52
-52
-53
-55
-56
-55
-54
-53
-58
-62
-56
-58
-55
-51
-52
-57
-48
-50
-53
-54
-50
-54
-52
-51
-46
-36
-36
-39
-38
-42
-44
-45
-39
-34
-32
-34
-36
-38
-43
-38
-37
-44
-54
-56
-58
-62
-63
-62
-64
-65
-60
-62
-57
-50
-46
-49
-56
-58
-73
-76
-78
-80
-77
-77
-73
-72
-71
-73
-78
-79
-76
-73
-72
-75
-74
-76
-77
-69
-73
-79
-80
-75
-76
-75
-73
-75
-71
-78
-75
-78
-88
-88
-95
-102
-111
-114
-128
-153
-161
-170
-180
-175
-180
-199
-209
-207
-209
-227
-235
-236
-261
-282
-287
-271
-255
-228
-194
-173
-167
-147
-115
-93
-77
-62
-53
-44
-44
-46
-45
-49
-50
-52
-52
-52
-54
-55
-52
-54
-56
-55
-56
-54
-56
-55
-52
-52
-53
-54
-54
-50
-49
-46
-47
-50
-46
-44
-44
-43
-40
-39
-36
-35
-38
-31
-27
-25
-22
-21
-16
-16
-15
-12
-12
-3
-3
-1
2
3
4
6
6
4
2
0
2
1
-3
-6
-10
-11
-14
-16
-20
-24
-26
-28
-37
-36
-40
-43
-45
-48
-53
-54
-52
-53
-57
-58
-58
-59
-59
-57
-59
-59
-60
-62
-63
-64
-61
-61
-61
-63
-59
-61
-62
-58
-59
-57
-59
-58
-61
-63
-62
-63
-59
-61
-61
-61
-62
-57
-57
-54
-46
-47
-46
-47
-51
-49
-50
-45
-44
-40
-38
-42
-44
-43
-43
-43
-47
-51
-53
-58
-60
-60
-61
-66
-62
-63
-61
-56
-56
-51
-50
-47
-52
-66
-74
-75
-69
-73
-69
-69
-73
-70
-69
-68
-68
-65
-66
-73
-67
-68
-71
-72
-67
-67
-68
-66
-71
-69
-68
-70
-70
-64
-68
-72
-74
-78
-84
-87
-91
-103
-109
-121
-139
-151
-164
-173
-165
-161
-180
-194
-197
-198
-212
-231
-233
-258
-276
-287
-273
-252
-228
-192
-167
-154
-129
-106
-75
-58
-50
-37
-33
-33
-36
-33
-33
-39
-41
-43
-42
-42
-40
-38
-43
-43
-42
-43
-42
-40
-41
-46
-42
-40
-40
-38
-34
-37
-39
-35
-38
-36
-29
-28
-26
-25
-24
-21
-24
-19
-18
-16
-14
-9
-10
-8
-1
1
0
3
5
6
6
15
9
12
14
11
12
6
6
6
1
-1
-7
-7
-12
-12
-14
-17
-22
-23
-28
-30
-35
-39
-41
-44
-40
-47
-45
-45
-49
-50
-51
-54
-53
-52
-55
-52
-54
-55
-57
-59
-56
-59
-56
-53
-58
-57
-57
-59
-56
-57
-60
-61
-60
-55
-55
-58
-57
-56
-60
-55
-60
-60
-57
-60
-51
-51
-50
-47
-47
-50
-53
-54
-52
-51
-40
-40
-46
-49
-47
-47
-47
-48
-52
-57
-62
-65
-68
-68
-70
-67
-69
-68
-63
-60
-60
-57
-57
-59
-64
-79
-83
-85
-84
-79
-79
-77
-80
-82
-81
-82
-81
-83
-80
-82
-85
-84
-83
-80
-80
-78
-80
-80
-77
-77
-75
-76
-81
-77
-76
-86
-85
-85
-97
-105
-108
-117
-123
-138
-154
-165
-178
-179
-172
-184
-205
-211
-210
-216
-234
-240
-250
-273
-292
-295
-273
-254
-225
-189
-174
-163
-139
-108
-81
-64
-57
-47
-41
-45
-43
-45
-55
-52
-48
-49
-54
-50
-56
-56
-51
-54
-53
-52
-53
-54
-51
-50
-47
-49
-51
-49
-43
-46
-46
-44
-40
-39
-42
-41
-38
-38
-36
-32
-30
-27
-24
-25
-21
-19
-14
-12
-11
-6
-3
1
0
6
9
3
0
2
4
6
4
-2
-1
0
0
-7
-10
-10
-16
-19
-24
-27
-31
-33
-38
-40
-40
-47
-45
-44
-47
-52
-54
-60
-57
-58
-59
-56
-61
-64
-61
-63
-64
-66
-64
-65
-65
-69
-64
-69
-69
-66
-61
-59
-64
-61
-64
-69
-70
-74
-72
-74
-70
-68
-71
-70
-64
-70
-70
-69
-68
-67
-62
-56
-60
-55
-55
-58
-61
-63
-58
-55
-45
-49
-54
-55
-58
-57
-60
-60
-62
-67
-69
-74
-75
-77
-79
-80
-78
-75
-73
-70
-67
-67
-68
-72
-76
-88
-94
-96
-90
-90
-87
-86
-87
-88
-86
-86
-92
-89
-89
-90
-88
-90
-85
-89
-85
-82
-84
-86
-88
-85
-91
-86
-84
-85
-86
-91
-93
-97
-99
-104
-113
-119
-124
-139
-157
-167
-178
-188
-179
-180
-193
-213
-215
-209
-226
-245
-243
-260
-285
-297
-294
-272
-252
-220
-189
-172
-156
-133
-109
-80
-64
-55
-44
-38
-40
-42
-41
-45
-46
-45
-48
-48
-49
-51
-51
-50
-43
-47
-48
-49
-49
-46
-49
-43
-45
-41
-45
-38
-41
-43
-39
-35
-37
-33
-39
-34
-29
-31
-28
-25
-20
-20
-19
-18
-12
-8
-8
-4
0
0
4
6
10
9
11
13
10
10
5
7
7
3
2
0
-1
-3
-12
-13
-16
-15
-24
-22
-26
-35
-38
-38
-41
-44
-44
-47
-50
-47
-49
-50
-52
-55
-54
-55
-57
-52
-55
-54
-56
-56
-57
-58
-56
-62
-61
-57
-61
-59
-61
-58
-61
-56
-62
-61
-61
-63
-62
-59
-63
-60
-63
-65
-57
-62
-59
-55
-51
-52
-49
-46
-51
-52
-56
-53
-51
-43
-42
-43
-48
-51
-50
-52
-53
-54
-60
-63
-67
-70
-71
-70
-72
-74
-70
-67
-70
-62
-62
-64
-65
-70
-81
-86
-82
-81
-81
-83
-81
-81
-85
-84
-83
-83
-80
-84
-86
-86
-82
-84
-84
-83
-84
-83
-86
-84
-85
-81
-83
-86
-83
-82
-88
-92
-96
-103
-108
-116
-127
-132
-150
-163
-174
-182
-180
-176
-186
-204
-209
-211
-218
-237
-240
-261
-285
-298
-291
-268
-244
-212
-190
-174
-156
-129
-100
-77
-69
-55
-49
-48
-48
-49
-44
-55
-52
-57
-54
-58
-59
-59
-58
-58
-60
-60
-57
-57
-56
-58
-55
-56
-52
-56
-53
-54
-50
-47
-50
-47
-42
-41
-38
-37
-31
-32
-28
-31
-27
-24
-22
-20
-16
-14
-4
-7
-3
-1
0
5
5
3
5
0
1
3
2
4
4
0
-7
-8
-11
-11
-10
-17
-22
-25
-29
-36
-35
-36
-41
-47
-53
-48
-48
-50
-51
-51
-55
-52
-58
-56
-61
-59
-61
-61
-56
-59
-60
-59
-58
-62
-64
-57
-59
-64
-66
-63
-64
-65
-60
-63
-67
-64
-68
-70
-68
-67
-66
-67
-64
-64
-62
-60
-57
-55
-54
-52
-54
-61
-62
-58
-51
-47
-42
-52
-55
-54
-54
-53
-53
-61
-67
-68
-72
-73
-77
-74
-78
-76
-74
-69
-67
-65
-64
-66
-67
-87
-94
-92
-94
-88
-86
-89
-87
-89
-90
-85
-83
-92
-91
-91
-92
-89
-88
-86
-90
-95
-93
-90
-89
-89
-90
-94
-94
-94
-94
-95
-99
-106
-106
-112
-109
-124
-134
-140
-158
-174
-184
-193
-193
-187
-198
-213
-221
-218
-227
-249
-249
-258
-290
-304
-304
-279
-259
-227
-194
-181
-166
-145
-121
-96
-84
-69
-57
-58
-59
-60
-59
-65
-68
-67
-68
-66
-69
-73
-71
-72
-68
-67
-66
-66
-64
-64
-64
-63
-66
-64
-63
-64
-58
-59
-59
-55
-57
-55
-54
-49
-48
-47
-48
-44
-39
-41
-36
-34
-31
-27
-26
-21
-19
-18
-13
-12
-10
-6
-7
-3
-6
-4
-6
-4
-4
-8
-12
-15
-17
-21
-21
-21
-27
-36
-34
-36
-39
-40
-48
-50
-53
-52
-55
-57
-56
-59
-62
-64
-66
-65
-63
-65
-64
-66
-66
-73
-69
-67
-69
-68
-71
-68
-69
-68
-71
-70
-67
-66
-71
-73
-68
-71
-67
-66
-67
-64
-69
-66
-68
-69
-67
-68
-64
-61
-58
-59
-55
-56
-50
-55
-56
-59
-52
-50
-46
-47
-52
-54
-52
-52
-50
-55
-59
-65
-65
-68
-67
-67
-74
-73
-71
-69
-65
-61
-59
-62
-64
-63
-75
-86
-87
-86
-84
-80
-80
-86
-83
-83
-83
-84
-84
-90
-85
-89
-85
-83
-81
-80
-80
-78
-76
-73
-70
-55
-44
-39
-26
-23
-15
-1
7
11
38
55
34
9
8
-6
-33
-60
-86
-97
-98
-101
-111
-119
-128
-134
-127
-145
-172
-194
-204
-203
-201
-200
-200
-196
-187
-170
-154
-140
-127
-113
-104
-97
-99
-97
-97
-99
-98
-102
-101
-100
-99
-100
-99
-103
-105
-103
-107
-105
-108
-106
-108
-108
-107
-110
-109
-108
-110
-109
-115
-111
-109
-108
-106
-105
-108
-102
-105
-104
-98
-94
-97
-93
-88
-85
-78
-74
-72
-66
-64
-58
-55
-53
-48
-48
-44
-40
-39
-39
-40
-37
-40
-40
-41
-43
-41
-46
-45
-51
-51
-54
-56
-58
-61
-62
-64
-64
-70
-72
-69
-72
-72
-74
-72
-75
-73
-73
-73
-70
-74
-70
-74
-71
-67
-67
-68
-66
-68
-61
-67
-63
-63
-64
-60
-61
-62
-63
-60
-61
-63
-58
-66
-60
-62
-64
-63
-67
-65
-64
-63
-58
-56
-52
-49
-52
-55
-55
-58
-62
-51
-48
-44
-38
-46
-48
-46
-42
-47
-48
-52
-56
-61
-63
-64
-68
-69
-67
-66
-64
-60
-57
-59
-59
-59
-63
-76
-81
-85
-81
-79
-78
-75
-79
-80
-78
-78
-76
-74
-75
-78
-79
-79
-77
-78
-79
-76
-76
-75
-75
-78
-76
-79
-75
-79
-77
-78
-83
-82
-86
-94
-98
-110
-118
-128
-147
-160
-171
-178
-172
-175
-193
-204
-205
-209
-229
-237
-239
-264
-288
-294
-283
-256
-233
-202
-175
-166
-150
-121
-95
-73
-61
-51
-43
-43
-47
-42
-46
-51
-51
-55
-52
-55
-53
-53
-60
-58
-56
-54
-55
-54
-55
-59
-55
-58
-54
-52
-51
-51
-49
-49
-49
-49
-44
-43
-41
-41
-42
-37
-38
-37
-29
-29
-25
-20
-19
-19
-16
-14
-9
-4
-5
-2
0
1
3
5
2
0
0
0
-4
-1
-8
-13
-16
-19
-23
-23
-30
-35
-36
-37
-44
-46
-51
-52
-57
-53
-53
-59
-60
-61
-62
-60
-61
-64
-64
-63
-66
-71
-67
-66
-64
-64
-64
-66
-69
-68
-71
-72
-70
-72
-69
-70
-74
-72
-76
-69
-68
-72
-68
-70
-76
-70
-69
-73
-68
-68
-68
-62
-58
-54
-56
-62
-61
-60
-63
-62
-57
-50
-52
-50
-54
-56
-55
-55
-53
-58
-66
-66
-71
-72
-74
-81
-78
-74
-71
-71
-63
-68
-66
-60
-63
-69
-84
-87
-88
-90
-84
-84
-89
-89
-88
-85
-86
-86
-83
-83
-85
-86
-85
-88
-85
-83
-82
-82
-85
-85
-82
-83
-85
-87
-85
-86
-86
-92
-95
-100
-102
-107
-114
-122
-133
-151
-165
-168
-183
-184
-178
-186
-204
-212
-208
-217
-238
-240
-254
-281
-293
-286
-271
-251
-222
-188
-170
-159
-134
-110
-83
-70
-52
-48
-44
-49
-47
-47
-55
-56
-52
-56
-56
-55
-56
-55
-54
-55
-60
-57
-57
-53
-55
-50
-52
-51
-50
-50
-49
-49
-46
-48
-47
-44
-40
-41
-42
-39
-41
-40
-34
-35
-29
-26
-24
-22
-24
-20
-19
-15
-9
-10
-4
-1
0
0
-3
-1
3
2
2
-1
-4
-4
-8
-16
-14
-17
-17
-21
-28
-30
-29
-33
-39
-42
-45
-52
-47
-52
-55
-56
-58
-55
-60
-61
-61
-62
-63
-64
-62
-62
-63
-66
-65
-69
-68
-68
-68
-69
-67
-66
-64
-66
-65
-68
-66
-69
-67
-70
-66
-68
-69
-67
-66
-70
-69
-69
-69
-67
-64
-62
-59
-57
-57
-55
-55
-60
-63
-60
-57
-49
-48
-49
-51
-56
-52
-53
-51
-57
-60
-66
-66
-68
-71
-74
-76
-78
-71
-68
-70
-62
-62
-63
-64
-67
-81
-90
-85
-88
-83
-83
-84
-85
-84
-82
-83
-81
-78
-82
-82
-80
-79
-79
-82
-81
-82
-81
-79
-81
-78
-81
-79
-80
-80
-77
-81
-84
-86
-90
-96
-103
-112
-117
-124
-149
-160
-170
-178
-182
-174
-183
-208
-209
-207
-220
-236
-242
-258
-284
-297
-294
-268
-246
-213
-183
-168
-142
-119
-94
-72
-64
-50
-48
-44
-48
-49
-49
-56
-57
-55
-54
-54
-54
-55
-57
-56
-55
-59
-55
-54
-52
-55
-52
-52
-52
-55
-49
-49
-49
-47
-45
-47
-46
-40
-41
-38
-37
-32
-33
-34
-27
-28
-27
-24
-20
-13
-12
-10
-8
-7
-5
-4
-1
0
-1
0
0
0
-1
-4
-6
-8
-6
-10
-14
-17
-23
-24
-29
-32
-35
-39
-43
-45
-50
-51
-56
-57
-58
-61
-61
-62
-61
-62
-61
-64
-66
-65
-67
-64
-66
-64
-67
-70
-67
-68
-72
-71
-71
-70
-70
-73
-71
-74
-70
-68
-71
-68
-74
-72
-72
-73
-69
-71
-72
-73
-72
-68
-64
-58
-59
-60
-59
-61
-64
-65
-62
-59
-54
-56
-56
-60
-62
-58
-59
-62
-68
-71
-74
-74
-75
-83
-85
-87
-82
-84
-76
-73
-70
-73
-71
-74
-83
-98
-100
-98
-92
-95
-98
-95
-94
-93
-95
-93
-95
-95
-94
-96
-94
-93
-93
-95
-93
-97
-92
-90
-93
-90
-90
-94
-94
-90
-91
-92
-97
-100
-104
-108
-119
-128
-135
-143
-165
-178
-187
-195
-188
-184
-204
-223
-219
-218
-241
-252
-258
-286
-304
-309
-289
-271
-249
-210
-185
-171
-151
-130
-97
-83
-72
-62
-52
-52
-54
-53
-58
-61
-62
-63
-61
-62
-63
-65
-68
-65
-61
-67
-64
-62
-64
-61
-62
-62
-59
-60
-62
-60
-58
-57
-55
-53
-53
-54
-50
-47
-48
-47
-39
-39
-38
-32
-31
-29
-26
-25
-23
-17
-17
-14
-10
-15
-7
-6
-8
-6
-10
-10
-13
-9
-14
-18
-22
-24
-25
-27
-28
-32
-35
-38
-40
-48
-53
-55
-54
-59
-61
-62
-66
-65
-65
-69
-69
-71
-70
-70
-70
-73
-74
-75
-72
-75
-73
-74
-78
-81
-79
-74
-78
-77
-81
-78
-79
-77
-81
-83
-78
-77
-77
-80
-80
-84
-83
-85
-86
-84
-85
-80
-80
-79
-74
-74
-72
-71
-69
-78
-77
-74
-74
-67
-61
-64
-68
-70
-70
-71
-71
-71
-82
-84
-86
-90
-90
-93
-93
-91
-92
-89
-85
-85
-82
-78
-81
-86
-94
-106
-106
-104
-107
-104
-105
-100
-105
-104
-102
-99
-103
-103
-103
-101
-104
-102
-103
-102
-98
-99
-99
-99
-98
-98
-99
-101
-98
-99
-99
-103
-102
-105
-110
-112
-119
-123
-130
-137
-148
-171
-180
-192
-199
-195
-193
-209
-226
-226
-225
-237
-255
-256
-274
-300
-311
-309
-287
-269
-237
-206
-187
-176
-153
-125
-96
-84
-72
-61
-59
-61
-61
-59
-64
-70
-66
-70
-70
-68
-71
-64
-68
-67
-65
-68
-66
-64
-64
-63
-63
-61
-63
-63
-62
-60
-54
-55
-53
-53
-51
-54
-47
-44
-50
-42
-41
-37
-41
-37
-32
-31
-30
-25
-20
-20
-19
-11
-10
-12
-10
-6
-8
-9
-3
-5
-11
-14
-11
-14
-18
-21
-23
-30
-31
-32
-37
-41
-40
-45
-49
-51
-53
-60
-60
-61
-64
-64
-63
-64
-72
-70
-69
-72
-74
-70
-72
-75
-74
-72
-73
-73
-75
-72
-77
-73
-74
-75
-74
-73
-69
-72
-72
-72
-74
-72
-72
-70
-72
-70
-68
-74
-72
-72
-70
-75
-70
-72
-68
-64
-59
-58
-61
-61
-63
-68
-65
-58
-57
-53
-54
-57
-62
-59
-56
-59
-60
-64
-75
-77
-79
-81
-81
-88
-83
-84
-77
-73
-65
-70
-72
-72
-80
-88
-98
-98
-95
-94
-95
-92
-94
-92
-93
-94
-92
-93
-91
-94
-92
-96
-94
-92
-90
-94
-90
-90
-93
-92
-92
-94
-95
-92
-91
-95
-94
-93
-103
-106
-109
-113
-124
-132
-140
-165
-177
-187
-194
-186
-185
-205
-224
-222
-223
-242
-258
-261
-283
-308
-313
-299
-276
-253
-216
-196
-177
-159
-130
-104
-82
-71
-62
-57
-59
-59
-58
-61
-67
-71
-72
-68
-66
-70
-69
-70
-66
-66
-66
-64
-66
-64
-64
-65
-64
-63
-59
-61
-62
-57
-65
-60
-57
-56
-50
-52
-49
-46
-47
-42
-43
-40
-37
-35
-32
-32
-28
-24
-21
-18
-17
-13
-10
-11
-9
-8
-10
-12
-9
-10
-9
-12
-16
-21
-24
-25
-26
-32
-35
-35
-38
-44
-47
-46
-52
-55
-57
-57
-63
-64
-64
-64
-64
-66
-66
-69
-71
-70
-70
-71
-71
-71
-75
-73
-71
-75
-75
-75
-76
-76
-74
-74
-73
-74
-74
-76
-74
-75
-75
-76
-75
-80
-75
-75
-76
-75
-77
-76
-78
-74
-79
-69
-70
-65
-65
-64
-63
-68
-70
-67
-65
-61
-54
-53
-55
-58
-62
-63
-63
-61
-66
-70
-74
-79
-81
-79
-81
-81
-84
-85
-78
-74
-70
-77
-73
-76
-84
-95
-100
-95
-101
-97
-97
-99
-97
-93
-94
-96
-95
-95
-92
-97
-94
-94
-97
-99
-96
-98
-94
-96
-99
-98
-99
-100
-96
-97
-96
-97
-97
-101
-103
-110
-114
-122
-129
-139
-146
-168
-182
-194
-201
-196
-195
-210
-226
-230
-225
-245
-261
-257
-284
-309
-315
-302
-276
-258
-219
-195
-188
-162
-136
-105
-90
-82
-70
-64
-63
-65
-66
-68
-73
-70
-72
-73
-73
-76
-75
-76
-76
-75
-76
-74
-76
-74
-73
-71
-69
-70
-68
-68
-66
-65
-63
-59
-61
-59
-62
-60
-56
-56
-54
-51
-49
-44
-45
-42
-39
-36
-32
-31
-29
-28
-25
-22
-21
-18
-16
-17
-13
-16
-14
-16
-15
-20
-23
-24
-27
-28
-31
-36
-36
-39
-41
-50
-48
-48
-53
-56
-61
-63
-63
-66
-66
-64
-69
-75
-70
-71
-76
-71
-75
-76
-73
-76
-73
-77
-75
-76
-77
-75
-82
-77
-79
-79
-75
-77
-77
-76
-78
-78
-77
-80
-79
-80
-79
-77
-76
-82
-79
-81
-76
-78
-82
-77
-76
-73
-66
-64
-65
-67
-70
-73
-73
-66
-61
-58
-61
-64
-66
-64
-61
-66
-69
-73
-80
-82
-79
-85
-85
-85
-86
-86
-82
-83
-78
-76
-76
-74
-80
-95
-102
-104
-98
-102
-96
-94
-100
-102
-96
-96
-98
-98
-96
-96
-100
-96
-98
-98
-97
-100
-100
-99
-95
-97
-94
-100
-99
-98
-101
-98
-98
-100
-102
-106
-111
-118
-120
-127
-137
-148
-169
-179
-190
-201
-197
-192
-208
-228
-228
-229
-240
-256
-258
-278
-303
-316
-303
-284
-258
-223
-197
-183
-164
-136
-109
-90
-80
-68
-64
-65
-68
-67
-64
-72
-72
-71
-72
-71
-70
-69
-76
-69
-70
-72
-73
-73
-72
-70
-72
-72
-70
-70
-70
-68
-64
-64
-65
-63
-61
-63
-60
-61
-55
-52
-52
-52
-48
-44
-42
-40
-38
-32
-31
-27
-27
-19
-23
-22
-14
-15
-17
-16
-17
-15
-23
-19
-25
-24
-25
-30
-33
-38
-39
-38
-44
-47
-51
-54
-56
-61
-63
-65
-64
-71
-73
-74
-72
-75
-76
-73
-77
-80
-79
-79
-78
-77
-80
-85
-82
-79
-79
-79
-80
-78
-79
-78
-79
-78
-80
-77
-78
-75
-77
-74
-76
-75
-73
-77
-77
-77
-80
-77
-79
-80
-76
-75
-78
-65
-63
-66
-64
-65
-71
-71
-70
-64
-62
-54
-59
-63
-63
-61
-61
-65
-67
-75
-80
-77
-81
-84
-88
-83
-85
-83
-80
-78
-73
-75
-76
-74
-84
-97
-99
-101
-101
-94
-95
-93
-94
-94
-94
-90
-92
-93
-96
-93
-91
-94
-95
-97
-94
-91
-95
-94
-98
-94
-97
-98
-93
-98
-96
-98
-96
-99
-105
-107
-111
-116
-128
-135
-143
-160
-172
-184
-195
-195
-189
-195
-218
-228
-226
-230
-248
-255
-261
-289
-306
-308
-291
-272
-248
-218
-192
-178
-155
-128
-104
-85
-78
-66
-64
-64
-69
-64
-66
-74
-71
-71
-70
-71
-72
-75
-77
-74
-76
-76
-75
-72
-75
-73
-74
-71
-74
-70
-69
-70
-70
-70
-66
-66
-63
-64
-61
-61
-56
-55
-54
-50
-49
-46
-44
-40
-37
-34
-30
-29
-31
-25
-22
-22
-24
-21
-21
-23
-23
-22
-24
-19
-25
-29
-31
-33
-34
-41
-39
-43
-50
-53
-54
-57
-63
-67
-68
-66
-72
-73
-72
-73
-75
-77
-76
-79
-77
-78
-80
-78
-78
-79
-78
-81
-82
-80
-81
-82
-85
-82
-80
-82
-85
-87
-83
-82
-83
-85
-81
-83
-80
-84
-83
-81
-78
-83
-83
-83
-82
-83
-82
-83
-82
-79
-75
-74
-69
-70
-71
-71
-72
-74
-73
-66
-61
-61
-63
-63
-68
-67
-66
-66
-75
-78
-80
-84
-84
-88
-86
-89
-85
-82
-82
-75
-77
-72
-78
-79
-89
-99
-100
-101
-98
-98
-101
-93
-95
-99
-99
-97
-99
-98
-97
-97
-96
-97
-98
-101
-94
-98
-99
-99
-101
-95
-99
-99
-99
-98
-98
-98
-98
-101
-104
-109
-115
-118
-125
-135
-144
-160
-176
-185
-195
-195
-188
-199
-220
-226
-227
-233
-253
-259
-265
-293
-308
-312
-295
-277
-252
-219
-199
-182
-158
-131
-107
-88
-81
-70
-61
-65
-70
-64
-69
-69
-70
-72
-73
-72
-70
-74
-72
-73
-77
-72
-74
-70
-71
-74
-68
-71
-71
-69
-72
-70
-68
-68
-68
-67
-64
-65
-61
-64
-55
-56
-55
-51
-52
-50
-44
-44
-44
-37
-32
-33
-30
-30
-26
-25
-25
-22
-22
-19
-19
-18
-18
-20
-23
-22
-26
-30
-34
-37
-38
-42
-45
-49
-52
-58
-59
-57
-62
-64
-68
-70
-73
-73
-75
-77
-81
-79
-82
-80
-78
-79
-81
-84
-80
-85
-84
-81
-80
-83
-87
-86
-85
-83
-85
-86
-86
-90
-87
-84
-90
-82
-84
-86
-85
-86
-86
-82
-82
-86
-90
-88
-90
-84
-91
-85
-87
-83
-77
-72
-78
-75
-78
-79
-83
-78
-74
-68
-63
-66
-71
-70
-69
-70
-73
-76
-84
-83
-83
-86
-91
-95
-93
-94
-94
-87
-88
-83
-81
-78
-80
-88
-98
-103
-102
-105
-101
-98
-97
-98
-98
-99
-97
-96
-99
-97
-97
-96
-99
-99
-98
-94
-96
-96
-93
-94
-98
-95
-94
-96
-95
-93
-95
-98
-100
-105
-106
-111
-119
-127
-132
-139
-161
-178
-186
-198
-196
-190
-208
-232
-231
-229
-240
-261
-251
-275
-305
-312
-303
-282
-260
-219
-195
-183
-168
-137
-111
-91
-79
-69
-63
-60
-61
-64
-65
-70
-68
-69
-68
-67
-69
-71
-71
-71
-67
-73
-70
-74
-72
-70
-67
-67
-67
-64
-64
-64
-68
-65
-59
-58
-62
-57
-56
-54
-55
-47
-44
-43
-44
-44
-35
-41
-32
-29
-25
-22
-23
-19
-18
-17
-13
-12
-14
-10
-11
-12
-15
-15
-18
-21
-21
-29
-31
-34
-36
-40
-42
-44
-48
-52
-57
-60
-62
-63
-66
-68
-71
-74
-76
-77
-76
-79
-80
-78
-79
-81
-80
-81
-81
-80
-83
-83
-84
-83
-82
-84
-85
-84
-85
-82
-85
-83
-86
-84
-80
-81
-83
-81
-79
-79
-82
-82
-79
-83
-83
-83
-81
-82
-82
-80
-77
-74
-73
-72
-68
-71
-73
-76
-74
-69
-68
-64
-60
-65
-65
-65
-65
-66
-67
-75
-79
-81
-87
-89
-93
-91
-94
-92
-88
-85
-85
-79
-82
-77
-81
-88
-99
-100
-103
-101
-98
-101
-100
-99
-99
-95
-99
-99
-100
-98
-101
-99
-100
-97
-100
-98
-98
-95
-98
-96
-95
-95
-97
-96
-90
-90
-90
-91
-93
-100
-103
-107
-114
-120
-128
-139
-159
-176
-187
-191
-186
-185
-207
-218
-218
-220
-236
-250
-251
-281
-302
-308
-296
-273
-253
-217
-190
-180
-156
-130
-105
-87
-71
-61
-54
-57
-58
-54
-58
-62
-62
-60
-62
-64
-63
-65
-68
-64
-65
-63
-64
-62
-61
-63
-62
-64
-61
-58
-60
-55
-59
-54
-53
-52
-54
-48
-47
-43
-38
-42
-44
-38
-32
-30
-28
-28
-23
-24
-20
-14
-11
-10
-10
-10
-10
-5
-3
-5
-4
-8
-7
-10
-10
-11
-18
-17
-20
-21
-23
-31
-36
-42
-40
-44
-51
-53
-54
-57
-60
-62
-62
-67
-67
-71
-73
-69
-72
-70
-70
-72
-70
-73
-75
-75
-71
-75
-76
-75
-78
-77
-76
-77
-75
-77
-73
-74
-77
-74
-71
-75
-75
-75
-77
-75
-76
-75
-77
-77
-78
-79
-79
-77
-77
-75
-78
-72
-72
-63
-64
-64
-64
-64
-70
-71
-66
-61
-58
-52
-56
-61
-60
-60
-58
-64
-66
-67
-74
-74
-75
-85
-84
-91
-93
-96
-103
-107
-113
-128
-142
-155
-183
-230
-270
-303
-342
-392
-431
-443
-438
-456
-483
-483
-473
-446
-417
-385
-359
-318
-291
-286
-289
-292
-287
-279
-270
-255
-238
-214
-182
-144
-101
-64
-42
-27
-23
-23
-23
-20
-22
-18
-16
-23
-20
-20
-16
-20
-16
-20
-13
-12
-12
-7
-3
-6
-3
0
0
6
7
9
13
19
20
25
29
32
39
46
50
50
59
65
70
76
79
86
90
95
98
95
102
99
98
100
94
92
85
82
77
71
65
57
52
42
37
25
19
15
1
-4
-11
-18
-24
-33
-35
-39
-43
-47
-51
-48
-54
-54
-54
-58
-54
-57
-59
-55
-59
-55
-55
-57
-59
-56
-55
-56
-55
-59
-55
-55
-59
-61
-53
-56
-57
-57
-53
-57
-57
-60
-57
-55
-61
-63
-62
-64
-64
-64
-63
-61
-63
-64
-64
-66
-68
-64
-65
-67
-65
-67
-66
-63
-67
-66
-69
-67
-64
-68
-68
-67
-62
-67
-69
-69
-69
-68
-72
-70
-70
-71
-69
-68
-73
-73
-70
-68
-71
-72
-73
-74
-72
-71
-69
-65
-62
-60
-54
-55
-58
-59
-59
-59
-55
-49
-46
-48
-52
-54
-53
-50
-50
-52
-60
-68
-65
-69
-73
-75
-74
-76
-73
-73
-67
-64
-66
-60
-63
-66
-76
-89
-88
-89
-88
-83
-84
-85
-86
-86
-84
-84
-84
-87
-85
-83
-85
-83
-83
-83
-84
-80
-82
-82
-86
-85
-87
-82
-85
-80
-83
-85
-84
-86
-92
-94
-99
-101
-108
-116
-119
-135
-150
-167
-181
-185
-178
-180
-196
-213
-213
-215
-235
-245
-253
-280
-295
-304
-289
-263
-243
-208
-182
-170
-149
-125
-96
-77
-61
-51
-44
-46
-44
-44
-48
-53
-54
-52
-50
-52
-54
-52
-52
-50
-48
-50
-50
-53
-50
-46
-49
-48
-48
-49
-52
-47
-44
-43
-45
-39
-39
-41
-39
-36
-37
-35
-32
-30
-27
-28
-23
-20
-25
-19
-14
-13
-10
-8
-6
-6
0
-2
-1
2
0
-1
0
-3
-3
-5
-7
-9
-15
-19
-21
-27
-28
-33
-31
-37
-39
-43
-44
-49
-49
-48
-53
-55
-55
-58
-58
-61
-61
-64
-58
-63
-63
-64
-65
-63
-63
-63
-61
-63
-66
-64
-66
-63
-65
-65
-64
-66
-63
-67
-64
-66
-70
-66
-63
-64
-64
-66
-64
-66
-67
-67
-65
-66
-67
-66
-65
-64
-59
-59
-57
-53
-55
-58
-55
-60
-58
-50
-50
-48
-50
-56
-54
-56
-54
-56
-70
-73
-78
-76
-80
-85
-81
-82
-82
-82
-72
-70
-72
-69
-72
-77
-87
-96
-98
-100
-99
-93
-93
-94
-95
-94
-94
-92
-95
-94
-95
-93
-91
-93
-91
-94
-94
-90
-91
-91
-93
-89
-92
-93
-87
-92
-90
-88
-87
-90
-94
-96
-96
-105
-109
-116
-128
-130
-147
-167
-180
-184
-193
-184
-187
-210
-218
-216
-222
-237
-251
-247
-281
-305
-309
-297
-271
-251
-213
-185
-179
-156
-128
-103
-81
-71
-60
-54
-50
-53
-57
-58
-61
-63
-64
-65
-62
-66
-62
-61
-63
-66
-64
-64
-62
-62
-59
-62
-64
-60
-58
-56
-57
-54
-58
-56
-55
-52
-50
-49
-44
-46
-44
-41
-43
-36
-29
-34
-28
-28
-24
-21
-17
-16
-11
-8
-8
-3
-5
-7
-4
-5
-4
-3
-5
-3
-7
-10
-14
-12
-16
-21
-26
-30
-27
-36
-39
-39
-41
-46
-50
-53
-54
-59
-56
-60
-63
-62
-61
-66
-64
-63
-66
-64
-64
-67
-67
-65
-63
-66
-69
-64
-67
-69
-65
-70
-70
-72
-69
-70
-74
-72
-69
-71
-70
-73
-72
-73
-72
-72
-74
-68
-72
-73
-76
-72
-72
-76
-72
-74
-68
-60
-62
-58
-62
-60
-64
-68
-63
-59
-53
-50
-49
-54
-55
-55
-56
-53
-56
-61
-64
-75
-72
-73
-79
-76
-76
-78
-77
-73
-71
-69
-67
-70
-76
-86
-96
-94
-93
-92
-91
-91
-89
-89
-88
-93
-90
-91
-91
-91
-92
-90
-89
-87
-89
-93
-89
-88
-89
-90
-92
-90
-89
-91
-91
-91
-91
-91
-89
-93
-94
-99
-106
-111
-112
-124
-133
-144
-165
-180
-186
-192
-186
-186
-202
-218
-220
-221
-242
-245
-254
-288
