-87
-91
-95
-87
-80
-77
-68
-64
-62
-52
-34
-16
-8
0
1
-4
-16
-31
-35
-47
-57
-72
-93
-108
-118
-128
-132
-142
-144
-146
-144
-143
-143
-141
-144
-148
-149
-150
-147
-150
-149
-148
-148
-146
-144
-151
-149
-151
-145
-143
-135
-127
-125
-117
-106
-89
-56
-12
53
131
217
311
414
515
599
658
684
658
587
495
372
244
116
-12
-140
-268
-396
-524
-640
-659
-670
-678
-683
-665
-645
-619
-593
-553
-501
-450
-401
-356
-309
-269
-240
-226
-218
-213
-206
-201
-197
-184
-168
-150
-135
-116
-100
-83
-62
-46
-34
-12
5
25
43
59
77
85
98
107
123
133
144
160
167
173
184
184
180
181
178
174
164
160
144
122
104
84
63
42
23
4
-12
-29
-41
-57
-72
-78
-86
-88
-86
-85
-78
-74
-64
-58
-53
-41
-22
-14
-1
3
0
-13
-24
-33
-38
-47
-61
-76
-97
-110
-119
-121
-134
-139
-137
-141
-134
-134
-136
-132
-135
-135
-135
-134
-133
-130
-129
-128
-130
-130
-132
-136
-131
-131
-128
-127
-127
-119
-112
-107
-99
-81
-51
-5
68
141
221
320
423
520
600
662
681
648
574
485
357
229
101
-27
-155
-283
-411
-539
-611
-628
-639
-646
-647
-636
-618
-597
-577
-543
-497
-448
-402
-358
-314
-270
-242
-229
-218
-212
-206
-202
-195
-183
-170
-159
-140
-122
-107
-94
-75
-64
-46
-28
-9
9
27
42
54
69
76
84
97
108
117
125
136
143
154
151
157
154
158
153
150
143
130
113
91
71
52
36
17
-1
-20
-31
-47
-64
-74
-82
-96
-101
-98
-103
-103
-96
-94
-93
-86
-78
-68
-49
-29
-15
-8
-11
-19
-28
-39
-44
-48
-56
-73
-95
-115
-131
-137
-142
-148
-147
-145
-150
-149
-153
-152
-155
-151
-154
-147
-151
-151
-150
-151
-153
-153
-155
-154
-152
-152
-148
-145
-144
-144
-143
-140
-133
-120
-97
-66
-17
45
113
188
272
374
475
564
628
661
641
576
490
376
248
120
-8
-136
-264
-392
-520
-648
-681
-693
-698
-705
-691
-665
-642
-616
-583
-538
-488
-441
-391
-345
-300
-259
-244
-233
-221
-214
-203
-195
-179
-165
-148
-129
-109
-93
-73
-54
-35
-16
2
25
43
59
75
85
97
112
122
136
147
159
163
171
171
175
178
183
184
175
166
154
143
121
99
77
59
39
21
-3
-21
-45
-56
-73
-85
-95
-101
-111
-112
-119
-118
-123
-128
-128
-126
-115
-111
-104
-99
-92
-90
-75
-59
-45
-37
-32
-31
-39
-51
-58
-67
-77
-92
-107
-121
-131
-140
-147
-152
-160
-164
-164
-168
-163
-160
-161
-162
-169
-170
-168
-171
-167
-161
-165
-168
-163
-162
-166
-168
-163
-164
-161
-156
-148
-148
-138
-136
-120
-92
-52
2
72
149
231
331
429
516
585
616
593
527
440
325
197
69
-59
-187
-315
-443
-571
-674
-705
-729
-733
-744
-737
-711
-678
-637
-595
-542
-489
-446
-401
-356
-310
-272
-243
-228
-217
-204
-191
-185
-177
-166
-153
-132
-116
-95
-76
-59
-41
-23
-5
16
36
54
69
83
99
109
121
134
150
159
171
176
185
189
191
190
188
188
179
169
155
141
117
96
71
45
19
-1
-19
-39
-55
-68
-83
-94
-103
-111
-118
-117
-115
-109
-106
-102
-96
-94
-86
-75
-57
-36
-26
-21
-20
-31
-40
-50
-56
-67
-73
-87
-109
-124
-137
-146
-152
-155
-154
-155
-162
-162
-157
-164
-164
-168
-167
-163
-158
-160
-159
-158
-159
-163
-166
-164
-160
-159
-154
-150
-145
-147
-138
-135
-131
-111
-85
-55
-5
63
138
226
326
432
530
612
661
661
608
525
419
291
163
35
-93
-221
-349
-477
-605
-673
-689
-691
-693
-691
-668
-643
-620
-585
-538
-488
-436
-386
-342
-295
-261
-240
-233
-224
-223
-214
-199
-187
-174
-158
-143
-126
-111
-94
-78
-58
-41
-23
-1
14
36
48
61
73
85
100
116
127
137
147
159
164
169
172
175
174
170
169
162
145
134
109
91
72
52
31
14
-4
-29
-43
-63
-75
-86
-90
-95
-100
-98
-93
-90
-88
-88
-72
-64
-45
-25
-16
-14
-16
-21
-33
-42
-48
-52
-61
-78
-98
-117
-131
-139
-146
-149
-148
-150
-153
-151
-151
-155
-157
-155
-153
-155
-149
-151
-148
-148
-151
-154
-155
-151
-149
-148
-149
-145
-143
-143
-139
-133
-126
-107
-80
-46
8
79
155
243
345
456
551
624
669
661
605
517
413
285
157
29
-99
-227
-355
-483
-611
-653
-665
-669
-673
-658
-638
-615
-596
-567
-520
-474
-426
-380
-333
-288
-261
-245
-241
-236
-231
-219
-214
-203
-186
-172
-158
-145
-127
-113
-101
-79
-63
-42
-25
-5
10
22
31
47
60
69
80
100
107
117
121
130
131
143
145
150
153
149
144
133
125
104
89
66
46
28
14
-6
-26
-44
-63
-73
-86
-95
-99
-105
-106
-101
-98
-95
-93
-86
-76
-64
-47
-28
-15
-12
-12
-19
-27
-30
-38
-45
-54
-69
-91
-115
-128
-132
-136
-140
-139
-143
-144
-146
-146
-147
-147
-149
-148
-147
-145
-141
-141
-145
-150
-150
-148
-142
-142
-142
-141
-138
-143
-139
-135
-130
-125
-107
-83
-47
6
73
147
239
343
450
547
623
667
658
606
522
418
290
162
34
-94
-222
-350
-478
-606
-630
-640
-645
-647
-643
-625
-606
-583
-566
-529
-482
-437
-390
-347
-300
-263
-244
-236
-231
-227
-217
-203
-190
-181
-165
-151
-131
-119
-106
-88
-74
-53
-36
-16
0
18
36
46
58
70
86
96
104
117
129
133
144
146
148
150
154
156
152
144
137
120
99
82
65
42
29
9
-10
-26
-49
-69
-86
-97
-102
-110
-115
-119
-123
-128
-133
-133
-132
-132
-126
-117
-107
-99
-97
-86
-70
-46
-38
-34
-28
-33
-42
-48
-62
-66
-80
-95
-115
-126
-133
-142
-149
-159
-159
-164
-162
-162
-157
-156
-157
-154
-155
-156
-158
-158
-160
-158
-152
-153
-155
-152
-156
-159
-158
-158
-147
-141
-133
-130
-123
-111
-84
-44
13
85
162
249
341
440
525
589
626
609
551
473
374
246
118
-10
-138
-266
-394
-522
-647
-680
-698
-711
-720
-718
-697
-669
-636
-591
-536
-485
-439
-401
-357
-313
-272
-248
-228
-216
-201
-189
-178
-170
-162
-145
-131
-105
-86
-67
-50
-31
-8
3
20
39
56
72
90
105
118
125
133
146
158
161
180
186
192
197
196
196
187
181
172
160
148
131
108
83
60
31
8
-13
-29
-44
-57
-69
-82
-94
-104
-115
-117
-121
-118
-122
-121
-121
-116
-115
-105
-97
-90
-80
-67
-48
-38
-25
-28
-31
-37
-45
-48
-55
-60
-74
-94
-112
-128
-139
-144
-147
-151
-154
-154
-159
-164
-165
-166
-164
-162
-158
-158
-156
-156
-158
-157
-165
-161
-165
-160
-157
-156
-157
-160
-153
-152
-150
-142
-128
-108
-84
-50
0
70
142
232
332
434
529
601
636
612
540
454
343
215
87
-41
-169
-297
-425
-553
-661
-688
-700
-703
-707
-694
-669
-643
-610
-569
-515
-461
-418
-373
-323
-281
-254
-235
-226
-221
-211
-203
-195
-181
-171
-155
-142
-128
-112
-96
-80
-58
-36
-16
2
25
39
47
64
77
89
110
121
138
146
157
164
166
171
182
188
184
181
177
164
147
129
111
94
70
50
32
12
-11
-30
-51
-66
-79
-87
-91
-97
-103
-103
-104
-99
-92
-90
-80
-68
-53
-35
-21
-9
-13
-17
-23
-34
-41
-44
-50
-60
-82
-107
-127
-133
-139
-145
-147
-147
-149
-149
-152
-156
-157
-157
-157
-152
-149
-150
-150
-149
-152
-157
-153
-150
-151
-146
-145
-145
-148
-140
-140
-133
-127
-119
-103
-77
-46
9
71
148
235
336
444
545
624
671
663
609
528
417
289
161
33
-95
-223
-351
-479
-607
-666
-677
-682
-687
-676
-652
-628
-606
-574
-530
-475
-428
-381
-329
-284
-255
-239
-228
-220
-219
-208
-195
-182
-174
-159
-142
-128
-119
-97
-81
-60
-41
-21
-2
10
26
33
46
62
76
91
102
117
123
131
140
143
149
157
161
163
164
156
144
128
116
96
78
61
44
25
6
-12
-26
-45
-62
-71
-83
-91
-94
-94
-96
-99
-98
-89
-81
-79
-66
-54
-36
-19
-12
-10
-18
-24
-34
-38
-40
-46
-63
-76
-97
-115
-128
-133
-138
-140
-140
-139
-141
-142
-146
-148
-144
-141
-143
-147
-140
-144
-143
-145
-148
-146
-145
-145
-143
-141
-145
-141
-142
-144
-139
-130
-123
-105
-86
-58
-6
58
134
222
315
421
521
604
653
666
624
549
452
326
198
70
-58
-186
-314
-442
-570
-621
-634
-638
-644
-637
-623
-603
-581
-561
-520
-472
-426
-378
-326
-284
-254
-241
-237
-229
-222
-212
-201
-191
-179
-164
-152
-142
-125
-105
-94
-71
-50
-30
-13
3
15
31
50
63
71
87
102
112
122
129
135
139
147
155
163
160
167
158
150
140
128
108
91
77
59
35
19
-4
-28
-44
-59
-68
-80
-90
-99
-103
-108
-111
-114
-117
-113
-103
-95
-84
-76
-71
-59
-44
-29
-21
-20
-10
-18
-25
-34
-43
-54
-64
-82
-97
-112
-120
-127
-134
-139
-139
-144
-145
-142
-141
-141
-138
-136
-139
-145
-147
-146
-147
-146
-146
-143
-145
-151
-150
-149
-154
-144
-142
-139
-130
-124
-118
-96
-71
-27
40
114
198
290
394
494
581
637
653
615
547
459
339
211
83
-45
-173
-301
-429
-557
-662
-682
-690
-703
-704
-691
-665
-638
-604
-560
-508
-460
-418
-374
-326
-288
-256
-236
-224
-209
-194
-189
-178
-167
-155
-138
-121
-103
-82
-64
-42
-27
-8
9
26
48
65
83
95
103
117
127
141
146
159
171
179
185
191
196
192
187
180
171
160
149
134
100
78
49
26
2
-18
-34
-48
-62
-80
-88
-104
-116
-121
-123
-124
-126
-126
-125
-127
-128
-119
-113
-108
-99
-91
-78
-64
-46
-40
-34
-35
-37
-44
-54
-56
-69
-84
-99
-124
-134
-138
-143
-151
-153
-156
-165
-169
-166
-166
-164
-168
-161
-163
-163
-161
-164
-167
-170
-168
-167
-165
-160
-157
-161
-163
-164
-158
-153
-144
-133
-120
-97
-69
-26
29
103
183
271
370
472
564
619
636
596
522
428
314
186
58
-70
-198
-326
-454
-582
-665
-692
-698
-697
-704
-692
-670
-642
-610
-568
-516
-464
-419
-379
-334
-292
-263
-241
-227
-218
-205
-195
-183
-173
-161
-149
-136
-121
-98
-86
-62
-41
-18
-2
14
25
43
57
79
95
109
126
137
150
162
173
181
188
200
203
205
205
203
196
184
166
151
130
113
91
65
43
16
-4
-26
-41
-50
-59
-73
-81
-84
-93
-94
-88
-79
-72
-63
-53
-37
-22
-13
-4
-2
-6
-13
-21
-27
-36
-46
-65
-85
-109
-123
-127
-128
-134
-137
-139
-143
-147
-148
-146
-146
-140
-142
-145
-146
-147
-150
-146
-149
-144
-144
-142
-141
-142
-144
-147
-147
-139
-131
-123
-112
-99
-76
-48
0
62
135
224
325
432
531
614
664
663
606
530
425
297
169
41
-87
-215
-343
-471
-599
-667
-679
-682
-685
-683
-670
-646
-619
-591
-555
-497
-441
-396
-350
-306
-271
-250
-237
-230
-218
-208
-199
-187
-179
-173
-157
-139
-120
-104
-84
-65
-48
-31
-14
1
16
31
46
63
80
88
98
109
118
123
135
143
155
159
159
162
158
158
145
136
123
113
99
75
59
33
13
-11
-30
-43
-57
-66
-75
-83
-90
-96
-100
-100
-89
-78
-71
-66
-52
-38
-23
-14
-13
-11
-15
-20
-26
-36
-41
-54
-70
-94
-109
-125
-127
-131
-137
-138
-143
-148
-147
-144
-142
-139
-139
-136
-135
-139
-147
-139
-140
-137
-135
-136
-135
-134
-138
-138
-139
-137
-136
-133
-127
-113
-109
-94
-64
-20
41
114
199
298
402
499
588
652
677
660
594
508
400
272
144
16
-112
-240
-368
-496
-613
-626
-634
-638
-644
-629
-607
-589
-565
-535
-487
-434
-391
-349
-305
-269
-247
-233
-224
-213
-207
-199
-186
-177
-167
-157
-146
-128
-111
-88
-73
-54
-41
-22
-5
10
24
35
58
73
86
93
99
112
121
127
141
147
155
159
166
162
159
151
143
133
123
111
88
71
47
23
3
-11
-25
-37
-54
-63
-71
-75
-83
-90
-88
-85
-77
-66
-55
-42
-30
-18
-10
-4
-6
-12
-20
-26
-31
-40
-54
-74
-99
-115
-120
-122
-127
-134
-132
-138
-144
-143
-144
-140
-136
-132
-134
-132
-134
-137
-139
-135
-133
-133
-136
-134
-134
-138
-138
-138
-139
-133
-124
-120
-108
-93
-76
-38
20
94
165
254
361
459
549
617
648
625
559
462
338
210
82
-46
-174
-302
-430
-558
-652
-660
-665
-677
-676
-663
-636
-616
-581
-542
-495
-443
-392
-347
-302
-261
-240
-228
-217
-206
-192
-182
-169
-158
-142
-132
-116
-100
-80
-57
-40
-22
-4
11
21
36
51
68
83
91
107
115
122
127
134
137
145
149
158
158
165
161
155
149
145
130
117
103
84
62
44
23
1
-21
-36
-50
-65
-74
-83
-91
-104
-110
-115
-120
-116
-113
-105
-99
-95
-84
-79
-71
-53
-37
-23
-14
-16
-12
-24
-34
-45
-52
-59
-75
-90
-109
-120
-128
-139
-146
-152
-153
-155
-154
-150
-149
-149
-151
-153
-150
-150
-153
-150
-147
-148
-147
-146
-151
-152
-152
-149
-146
-144
-136
-136
-126
-120
-102
-76
-35
27
96
172
260
362
462
546
602
620
585
513
427
299
171
43
-85
-213
-341
-469
-597
-665
-684
-695
-704
-706
-690
-662
-635
-595
-544
-498
-452
-412
-366
-321
-275
-247
-226
-212
-196
-184
-174
-165
-151
-136
-120
-102
-78
-60
-43
-24
-11
9
28
47
66
82
98
114
123
133
144
153
165
177
188
190
199
200
206
204
198
195
188
176
165
147
132
98
72
50
29
10
-13
-26
-47
-61
-72
-85
-90
-99
-103
-106
-103
-103
-101
-97
-97
-88
-82
-68
-53
-29
-20
-16
-14
-21
-32
-41
-44
-48
-59
-76
-91
-114
-128
-138
-146
-148
-154
-153
-156
-157
-158
-157
-161
-162
-160
-157
-157
-158
-156
-153
-156
-157
-156
-154
-152
-150
-149
-146
-142
-139
-137
-131
-117
-96
-66
-20
37
109
188
280
387
493
579
635
643
591
508
409
281
153
25
-103
-231
-359
-487
-615
-662
-682
-694
-694
-692
-679
-654
-627
-590
-554
-501
-449
-401
-360
-311
-266
-234
-217
-204
-199
-194
-184
-175
-160
-147
-130
-115
-100
-81
-67
-50
-32
-12
7
21
44
61
73
88
102
113
121
135
147
159
169
181
184
185
184
192
188
189
186
176
163
149
126
103
82
62
44
29
5
-12
-31
-49
-58
-72
-74
-76
-78
-77
-75
-69
-63
-55
-43
-26
-12
3
7
11
2
-8
-19
-25
-29
-37
-54
-75
-88
-105
-114
-129
-131
-131
-137
-139
-138
-136
-139
-140
-138
-141
-142
-140
-139
-139
-139
-136
-137
-138
-139
-140
-137
-131
-128
-125
-120
-117
-113
-106
-87
-60
-21
35
102
178
266
361
464
553
626
669
673
629
558
453
325
197
69
-59
-187
-315
-443
-571
-633
-655
-657
-661
-651
-635
-618
-593
-569
-537
-490
-438
-392
-350
-301
-261
-233
-225
-218
-209
-207
-198
-190
-179
-163
-141
-127
-114
-97
-78
-64
-42
-24
-6
18
37
54
65
78
88
101
109
123
135
148
156
160
169
170
179
178
177
173
167
154
141
125
107
85
63
46
27
5
-12
-25
-45
-57
-68
-75
-82
-80
-69
-61
-60
-54
-48
-37
-20
-3
1
6
1
-3
-16
-26
-32
-42
-53
-72
-88
-104
-111
-120
-126
-132
-132
-131
-131
-128
-128
-125
-129
-132
-132
-132
-132
-125
-126
-126
-127
-131
-131
-135
-131
-129
-128
-125
-115
-114
-110
-104
-94
-78
-56
-12
46
116
187
273
373
480
567
634
667
657
598
508
392
264
136
8
-120
-248
-376
-504
-607
-625
-635
-643
-647
-640
-616
-585
-564
-537
-495
-451
-408
-363
-314
-272
-235
-213
-203
-199
-192
-183
-178
-167
-158
-141
-128
-108
-88
-72
-57
-43
-31
-13
6
23
37
53
70
81
86
102
115
118
131
143
148
158
162
163
167
166
169
167
158
144
135
117
103
79
58
42
22
10
-11
-23
-37
-50
-63
-70
-71
-69
-64
-60
-52
-48
-46
-31
-22
-6
6
14
15
6
-1
-13
-24
-28
-37
-50
-71
-89
-103
-107
-114
-121
-124
-124
-128
-128
-123
-122
-124
-130
-128
-130
-128
-127
-128
-122
-122
-128
-127
-127
-128
-124
-123
-121
-118
-115
-111
-105
-101
-87
-67
-36
18
88
165
254
351
450
543
622
663
676
633
555
459
335
207
79
-49
-177
-305
-433
-561
-600
-614
-625
-632
-628
-612
-591
-575
-541
-500
-453
-406
-364
-316
-269
-234
-216
-203
-197
-185
-176
-170
-157
-143
-127
-109
-88
-72
-56
-39
-23
-5
14
30
51
69
80
92
101
107
120
131
141
150
156
166
172
172
173
176
173
169
169
161
154
137
117
96
74
52
31
14
-3
-17
-35
-50
-64
-75
-87
-93
-97
-99
-98
-101
-103
-96
-91
-86
-77
-64
-50
-30
-14
-6
-1
-6
-17
-25
-30
-36
-43
-54
-72
-92
-112
-118
-125
-131
-130
-134
-137
-138
-138
-141
-145
-143
-143
-139
-136
-136
-136
-140
-142
-146
-145
-143
-141
-135
-135
-131
-131
-128
-124
-118
-113
-100
-74
-40
3
66
142
217
310
417
519
597
640
631
575
494
390
262
134
6
-122
-250
-378
-506
-634
-672
-683
-687
-691
-678
-659
-635
-606
-569
-522
-467
-415
-368
-324
-278
-236
-221
-207
-193
-183
-173
-159
-139
-125
-106
-89
-72
-54
-38
-20
-1
20
39
58
72
90
99
116
125
137
149
159
173
182
194
198
202
202
205
209
205
207
201
188
176
152
132
111
86
68
45
23
3
-17
-37
-48
-67
-78
-87
-94
-99
-102
-108
-109
-110
-105
-100
-89
-80
-70
-56
-41
-25
-22
-18
-20
-24
-25
-36
-44
-52
-64
-88
-109
-128
-134
-139
-145
-151
-153
-160
-164
-169
-169
-164
-161
-158
-159
-157
-160
-160
-163
-168
-167
-157
-155
-155
-153
-151
-152
-150
-148
-141
-130
-119
-98
-71
-31
25
92
172
271
375
479
573
638
656
613
541
449
327
199
71
-57
-185
-313
-441
-569
-646
-668
-675
-684
-680
-668
-646
-622
-594
-552
-499
-445
-394
-347
-298
-260
-230
-219
-208
-201
-192
-184
-173
-167
-151
-133
-120
-111
-93
-72
-56
-36
-18
2
20
35
56
65
78
98
112
130
141
155
164
171
176
187
193
201
206
207
202
197
186
170
152
139
118
95
72
56
29
7
-10
-28
-39
-53
-61
-68
-74
-76
-73
-70
-63
-60
-52
-40
-23
-6
4
7
6
-9
-17
-23
-32
-36
-49
-64
-89
-111
-119
-125
-128
-127
-130
-133
-136
-136
-141
-144
-143
-141
-137
-139
-135
-131
-135
-136
-138
-140
-142
-137
-133
-131
-130
-127
-127
-123
-113
-107
-91
-68
-30
21
87
161
245
346
453
553
631
675
670
621
538
431
303
175
47
-81
-209
-337
-465
-593
-643
-659
-665
-667
-661
-637
-614
-592
-574
-542
-496
-445
-396
-349
-303
-262
-234
-217
-212
-210
-201
-193
-181
-164
-155
-141
-126
-112
-98
-80
-62
-42
-22
-6
11
34
41
52
67
78
96
103
120
128
138
143
150
154
161
165
166
170
165
161
155
142
122
107
86
71
49
33
12
-5
-24
-44
-57
-64
-76
-78
-80
-82
-83
-74
-69
-66
-57
-45
-27
-10
0
1
-2
-6
-18
-30
-34
-37
-46
-67
-91
-113
-120
-128
-131
-132
-134
-137
-139
-138
-141
-141
-142
-143
-142
-143
-138
-134
-131
-136
-141
-142
-140
-140
-136
-134
-134
-131
-128
-127
-125
-116
-110
-96
-73
-43
7
73
149
239
339
447
540
616
662
669
634
561
464
336
208
80
-48
-176
-304
-432
-560
-602
-624
-620
-628
-630
-614
-594
-573
-550
-518
-471
-419
-374
-326
-279
-239
-224
-215
-205
-203
-198
-191
-182
-166
-149
-137
-116
-102
-90
-75
-59
-41
-25
-6
12
27
40
55
61
75
84
100
112
120
133
140
144
148
154
157
155
164
163
156
147
137
121
98
83
66
44
25
4
-13
-30
-48
-61
-74
-82
-88
-91
-93
-95
-92
-89
-84
-77
-72
-64
-48
-34
-15
-11
-4
-7
-19
-26
-34
-36
-47
-58
-75
-101
-116
-126
-130
-136
-134
-134
-140
-141
-139
-141
-147
-148
-145
-144
-142
-140
-138
-138
-140
-138
-145
-148
-145
-141
-134
-135
-133
-134
-131
-128
-126
-112
-95
-74
-39
13
79
145
217
307
409
502
581
639
649
604
524
428
300
172
44
-84
-212
-340
-468
-596
-654
-671
-678
-684
-676
-652
-633
-605
-570
-536
-493
-440
-395
-347
-299
-263
-238
-223
-211
-204
-192
-182
-167
-150
-134
-114
-97
-83
-66
-41
-25
-8
9
31
47
59
75
88
94
111
121
129
143
150
159
160
166
169
170
174
175
171
164
157
142
125
104
86
64
44
23
6
-15
-32
-53
-67
-83
-90
-97
-103
-109
-112
-116
-125
-128
-131
-129
-128
-118
-105
-103
-96
-87
-88
-71
-57
-39
-33
-27
-22
-30
-42
-52
-63
-73
-88
-104
-117
-132
-135
-141
-150
-158
-162
-171
-169
-166
-164
-164
-164
-166
-165
-165
-160
-160
-161
-159
-154
-152
-154
-151
-150
-153
-150
-150
-141
-136
-126
-119
-111
-92
-64
-20
41
115
193
278
379
479
560
608
619
581
506
418
294
166
38
-90
-218
-346
-474
-602
-666
-692
-696
-705
-708
-687
-658
-626
-587
-537
-480
-430
-387
-350
-304
-268
-235
-218
-202
-189
-177
-166
-159
-147
-136
-118
-99
-81
-62
-41
-22
-4
9
28
45
64
83
102
113
130
141
150
160
173
181
193
203
209
214
217
209
207
201
189
177
160
146
121
98
73
49
24
2
-19
-35
-48
-57
-68
-82
-93
-101
-106
-106
-106
-106
-98
-94
-85
-81
-76
-69
-53
-35
-19
-13
-9
-8
-16
-32
-42
-46
-56
-67
-82
-100
-120
-130
-137
-146
-150
-151
-151
-153
-155
-152
-156
-156
-156
-155
-152
-151
-146
-149
-148
-146
-151
-151
-149
-145
-145
-141
-135
-127
-122
-118
-110
-91
-63
-17
43
111
197
292
400
497
581
641
658
623
549
450
322
194
66
-62
-190
-318
-446
-574
-654
-676
-687
-698
-704
-684
-661
-634
-602
-555
-501
-446
-401
-359
-310
-272
-248
-231
-222
-215
-209
-201
-193
-179
-164
-148
-134
-115
-98
-81
-64
-49
-34
-16
6
21
42
58
71
87
97
102
117
130
137
152
161
161
169
169
172
170
165
160
149
137
123
105
83
56
33
12
-7
-22
-37
-54
-68
-83
-94
-102
-105
-108
-108
-105
-98
-86
-85
-79
-69
-56
-37
-23
-15
-14
-16
-27
-37
-47
-54
-59
-77
-96
-110
-123
-131
-141
-146
-150
-150
-149
-150
-154
-153
