-94
-92
-89
-89
-84
-77
-71
-69
-62
-59
-59
-57
-60
-63
-64
-72
-77
-88
-96
-99
-103
-108
-108
-110
-110
-110
-114
-113
-112
-112
-109
-110
-105
-108
-111
-116
-110
-109
-110
-107
-102
-91
-75
-56
-40
-28
-16
-15
-8
-9
-31
-83
-160
-209
-247
-271
-278
-268
-260
-234
-197
-160
-132
-117
-111
-114
-114
-113
-116
-115
-112
-115
-115
-112
-112
-112
-110
-112
-110
-112
-113
-114
-111
-108
-109
-110
-105
-105
-103
-101
-102
-99
-100
-100
-96
-98
-100
-94
-91
-93
-97
-92
-94
-87
-83
-89
-89
-85
-79
-76
-77
-76
-82
-84
-85
-86
-95
-92
-97
-97
-97
-100
-100
-99
-102
-98
-104
-102
-101
-100
-97
-104
-99
-105
-102
-104
-105
-102
-105
-104
-103
-103
-100
-106
-103
-103
-102
-105
-102
-106
-100
-101
-99
-98
-100
-101
-100
-98
-92
-92
-97
-92
-89
-82
-73
-64
-60
-63
-59
-59
-60
-65
-64
-64
-71
-78
-81
-91
-94
-99
-105
-105
-105
-106
-105
-107
-105
-101
-99
-105
-102
-105
-104
-105
-105
-98
-100
-96
-92
-86
-74
-56
-38
-21
-10
-5
1
6
-5
-53
-126
-193
-240
-268
-279
-269
-254
-224
-185
-150
-120
-98
-97
-94
-96
-95
-94
-94
-91
-91
-88
-88
-86
-89
-90
-89
-89
-89
-86
-83
-81
-82
-84
-81
-83
-80
-79
-81
-76
-74
-73
-71
-70
-74
-73
-74
-74
-64
-67
-67
-62
-58
-62
-58
-61
-52
-52
-53
-50
-47
-53
-52
-56
-56
-59
-61
-66
-71
-69
-72
-75
-77
-74
-74
-80
-76
-78
-82
-81
-79
-82
-80
-81
-84
-79
-81
-77
-79
-79
-82
-85
-83
-84
-85
-82
-82
-83
-82
-86
-87
-90
-87
-87
-87
-83
-78
-80
-79
-79
-76
-74
-72
-69
-59
-56
-48
-41
-45
-40
-40
-45
-50
-55
-59
-65
-68
-77
-88
-91
-89
-91
-94
-94
-93
-92
-97
-92
-92
-97
-94
-95
-97
-95
-95
-92
-96
-93
-88
-73
-56
-37
-16
1
16
21
27
30
20
-25
-100
-158
-206
-236
-253
-258
-251
-232
-204
-162
-128
-108
-91
-90
-93
-89
-87
-90
-87
-90
-88
-90
-84
-82
-82
-79
-78
-86
-83
-82
-84
-82
-81
-81
-80
-77
-79
-78
-76
-72
-73
-75
-72
-69
-73
-67
-68
-64
-66
-62
-63
-60
-62
-59
-57
-61
-56
-49
-46
-43
-44
-46
-48
-47
-55
-57
-57
-60
-62
-67
-64
-67
-69
-67
-69
-71
-68
-70
-69
-67
-65
-61
-66
-65
-68
-64
-68
-73
-70
-71
-70
-69
-65
-65
-72
-68
-69
-72
-72
-72
-64
-66
-66
-67
-63
-64
-64
-67
-61
-63
-59
-59
-48
-43
-31
-29
-25
-27
-21
-28
-29
-32
-33
-39
-45
-51
-58
-60
-65
-64
-70
-71
-73
-73
-72
-68
-72
-71
-72
-70
-72
-71
-73
-75
-70
-72
-69
-68
-59
-46
-29
-13
6
22
31
36
44
45
15
-44
-113
-166
-208
-232
-240
-235
-218
-190
-153
-112
-88
-73
-69
-73
-72
-72
-70
-70
-69
-63
-67
-66
-66
-63
-68
-68
-64
-64
-64
-62
-60
-59
-59
-57
-59
-63
-61
-58
-61
-57
-57
-55
-55
-48
-52
-53
-48
-49
-49
-46
-46
-44
-42
-43
-41
-38
-36
-38
-40
-41
-40
-40
-41
-44
-47
-46
-50
-55
-56
-56
-59
-59
-60
-61
-59
-62
-59
-65
-60
-60
-64
-62
-63
-65
-58
-59
-59
-57
-61
-62
-60
-63
-60
-62
-64
-67
-59
-63
-61
-61
-59
-55
-56
-62
-59
-61
-56
-55
-51
-49
-51
-48
-43
-38
-32
-24
-17
-17
-15
-15
-21
-26
-29
-35
-42
-44
-52
-52
-56
-59
-60
-60
-63
-61
-64
-60
-63
-64
-62
-61
-62
-60
-62
-63
-64
-58
-59
-55
-51
-33
-16
3
21
36
43
49
54
42
-8
-82
-138
-186
-214
-227
-229
-220
-199
-171
-132
-95
-74
-68
-69
-63
-60
-58
-57
-60
-62
-60
-61
-61
-55
-52
-56
-58
-56
-54
-54
-54
-51
-50
-53
-45
-49
-46
-49
-44
-45
-43
-43
-41
-40
-38
-38
-37
-36
-31
-34
-38
-36
-40
-30
-30
-28
-27
-28
-25
-22
-16
-18
-20
-22
-24
-30
-33
-37
-36
-36
-41
-41
-38
-43
-42
-44
-45
-46
-43
-45
-43
-43
-44
-42
-46
-48
-47
-46
-48
-47
-47
-50
-45
-47
-46
-44
-45
-46
-47
-47
-47
-48
-45
-47
-46
-42
-45
-42
-42
-39
-40
-38
-38
-34
-26
-15
-10
-6
-6
-5
-4
-7
-6
-8
-15
-22
-28
-32
-40
-44
-44
-45
-52
-50
-51
-50
-52
-51
-53
-52
-50
-55
-53
-57
-54
-54
-52
-53
-50
-44
-28
-13
3
20
32
36
40
51
47
10
-51
-119
-165
-200
-221
-226
-217
-201
-175
-139
-102
-74
-63
-59
-62
-61
-61
-61
-57
-58
-55
-55
-55
-51
-53
-53
-53
-53
-51
-52
-51
-49
-42
-51
-47
-44
-46
-45
-46
-45
-40
-39
-37
-38
-37
-35
-38
-42
-38
-35
-32
-28
-27
-28
-29
-28
-25
-24
-22
-16
-23
-22
-23
-28
-32
-32
-38
-36
-38
-39
-41
-45
-45
-51
-48
-47
-45
-46
-47
-51
-48
-50
-48
-51
-49
-47
-46
-46
-52
-50
-51
-54
-52
-52
-48
-51
-51
-47
-47
-47
-53
-50
-52
-50
-53
-48
-43
-44
-42
-38
-38
-40
-38
-29
-25
-23
-15
-10
-7
-10
-7
-8
-12
-18
-24
-27
-31
-41
-39
-47
-48
-57
-54
-59
-58
-62
-60
-61
-58
-62
-59
-60
-59
-60
-62
-61
-59
-58
-58
-49
-40
-23
-7
8
22
36
38
48
47
29
-29
-99
-157
-201
-228
-233
-228
-213
-184
-147
-112
-85
-67
-62
-61
-62
-63
-62
-62
-62
-59
-60
-60
-56
-59
-57
-55
-56
-59
-56
-55
-58
-56
-55
-55
-50
-52
-54
-52
-49
-48
-48
-44
-44
-47
-43
-42
-41
-45
-43
-42
-40
-38
-36
-36
-34
-31
-33
-28
-31
-30
-35
-34
-35
-38
-41
-45
-46
-46
-47
-48
-53
-55
-59
-56
-61
-58
-58
-58
-56
-60
-59
-57
-62
-63
-64
-61
-62
-60
-59
-58
-59
-62
-68
-64
-69
-67
-64
-64
-62
-64
-63
-63
-61
-65
-65
-64
-62
-60
-61
-57
-51
-52
-48
-42
-34
-29
-28
-29
-24
-18
-21
-23
-27
-38
-43
-52
-56
-54
-58
-63
-64
-67
-71
-75
-72
-75
-76
-79
-78
-74
-77
-79
-80
-81
-79
-77
-76
-77
-70
-58
-44
-28
-10
3
9
20
29
29
8
-51
-129
-183
-227
-245
-254
-250
-235
-215
-180
-144
-113
-94
-87
-88
-87
-87
-86
-84
-85
-90
-93
-91
-82
-79
-76
-76
-75
-72
-77
-77
-78
-79
-77
-75
-75
-78
-76
-71
-68
-69
-68
-71
-73
-74
-71
-68
-67
-61
-62
-63
-62
-61
-57
-55
-57
-56
-52
-50
-46
-48
-47
-55
-60
-62
-60
-62
-66
-72
-68
-71
-76
-73
-76
-75
-77
-80
-81
-78
-78
-77
-77
-78
-76
-78
-77
-83
-82
-82
-81
-78
-79
-82
-82
-85
-82
-79
-79
-77
-75
-82
-82
-78
-80
-82
-81
-75
-73
-73
-72
-72
-71
-64
-55
-47
-45
-41
-41
-43
-40
-45
-49
-52
-57
-63
-72
-78
-80
-87
-90
-84
-88
-87
-87
-84
-84
-88
-90
-89
-91
-92
-95
-93
-91
-92
-90
-85
-79
-73
-63
-46
-26
-10
2
7
12
17
5
-33
-98
-166
-215
-251
-264
-263
-252
-229
-193
-154
-121
-101
-92
-93
-96
-92
-99
-93
-93
-91
-89
-90
-89
-87
-87
-88
-91
-94
-91
-90
-88
-88
-89
-86
-86
-83
-82
-80
-81
-82
-82
-82
-78
-79
-74
-78
-77
-79
-75
-73
-69
-67
-66
-63
-62
-65
-62
-61
-66
-62
-61
-63
-57
-61
-66
-70
-70
-73
-76
-78
-82
-81
-81
-78
-82
-84
-88
-89
-89
-88
-87
-86
-87
-87
-83
-83
-80
-81
-84
-85
-80
-86
-86
-85
-84
-86
-84
-84
-80
-82
-81
-81
-82
-80
-85
-82
-79
-76
-75
-73
-75
-70
-68
-61
-49
-51
-48
-43
-42
-43
-47
-51
-57
-63
-65
-70
-80
-80
-80
-84
-88
-86
-89
-91
-84
-89
-89
-84
-83
-86
-89
-92
-88
-89
-90
-92
-88
-84
-73
-61
-44
-23
-8
5
12
17
23
21
-13
-81
-152
-206
-241
-264
-268
-256
-239
-210
-168
-130
-100
-91
-89
-87
-89
-86
-86
-86
-84
-88
-85
-86
-84
-85
-80
-83
-84
-82
-82
-84
-81
-80
-78
-72
-75
-76
-74
-71
-72
-75
-68
-70
-66
-67
-60
-55
-55
-60
-54
-54
-59
-61
-60
-56
-55
-56
-54
-50
-53
-55
-52
-54
-55
-59
-58
-62
-64
-72
-71
-73
-76
-80
-80
-79
-80
-79
-80
-75
-81
-81
-82
-80
-79
-80
-85
-81
-81
-79
-80
-82
-81
-82
-84
-84
-83
-82
-83
-80
-80
-83
-79
-77
-80
-80
-82
-82
-85
-79
-77
-76
-71
-72
-68
-64
-58
-49
-47
-46
-42
-36
-40
-44
-46
-53
-56
-64
-64
-76
-78
-81
-86
-87
-89
-90
-89
-89
-90
-91
-95
-91
-95
-89
-90
-91
-92
-91
-85
-86
-82
-79
-68
-51
-33
-17
-7
5
12
17
19
-2
-59
-139
-199
-235
-260
-264
-252
-238
-211
-175
-137
-108
-92
-87
-89
-87
-85
-86
-86
-87
-82
-85
-83
-87
-85
-86
-83
-85
-83
-84
-82
-82
-81
-74
-75
-78
-72
-73
-70
-74
-68
-69
-65
-70
-69
-66
-66
-63
-60
-58
-56
-58
-58
-54
-50
-55
-55
-52
-49
-46
-46
-47
-45
-45
-49
-54
-55
-63
-66
-70
-69
-68
-68
-69
-70
-75
-77
-75
-77
-77
-76
-74
-75
-79
-78
-76
-80
-79
-75
-76
-83
-81
-76
-80
-78
-81
-79
-84
-82
-83
-82
-82
-83
-83
-83
-84
-84
-86
-81
-82
-78
-78
-75
-72
-64
-61
-52
-47
-46
-44
-44
-44
-47
-50
-54
-57
-66
-70
-77
-80
-89
-92
-92
-97
-97
-95
-96
-96
-95
-97
-93
-98
-99
-97
-102
-102
-99
-98
-95
-92
-86
-76
-62
-48
-27
-10
-1
4
9
17
0
-52
-117
-170
-209
-235
-252
-252
-243
-217
-181
-144
-118
-102
-99
-100
-101
-100
-102
-96
-93
-101
-98
-97
-96
-97
-98
-98
-92
-90
-94
-92
-95
-92
-92
-94
-90
-89
-88
-90
-89
-86
-86
-81
-82
-84
-82
-80
-80
-83
-80
-80
-75
-72
-76
-74
-75
-71
-71
-71
-67
-64
-63
-65
-62
-68
-71
-77
-82
-78
-85
-81
-84
-88
-86
-88
-92
-92
-86
-91
-90
-89
-88
-92
-89
-91
-86
-89
-86
-91
-92
-89
-92
-91
-90
-90
-87
-88
-87
-88
-89
-88
-89
-89
-93
-87
-80
-84
-85
-83
-82
-87
-80
-78
-72
-66
-60
-55
-51
-47
-43
-48
-50
-53
-58
-63
-68
-75
-74
-82
-87
-89
-92
-91
-98
-96
-94
-96
-97
-92
-93
-93
-98
-96
-93
-96
-94
-93
-93
-85
-78
-62
-41
-25
-5
4
12
17
22
19
-28
-93
-158
-204
-243
-260
-262
-250
-228
-193
-153
-113
-95
-91
-90
-89
-89
-88
-89
-90
-89
-88
-87
-86
-83
-80
-82
-85
-79
-82
-81
-79
-79
-74
-77
-75
-74
-75
-77
-72
-71
-72
-69
-67
-66
-64
-66
-68
-63
-61
-62
-64
-60
-62
-59
-57
-55
-52
-53
-50
-53
-51
-52
-53
-53
-56
-59
-64
-66
-66
-68
-70
-70
-68
-78
-74
-76
-75
-75
-74
-75
-75
-77
-80
-80
-79
-72
-76
-77
-73
-77
-78
-78
-78
-78
-79
-76
-77
-77
-74
-76
-77
-70
-71
-77
-78
-77
-80
-76
-74
-66
-71
-68
-64
-61
-52
-48
-43
-40
-40
-39
-36
-39
-44
-47
-52
-59
-61
-72
-74
-75
-79
-83
-82
-83
-86
-85
-85
-87
-84
-86
-87
-91
-88
-86
-88
-86
-85
-85
-85
-73
-60
-45
-28
-6
6
15
22
29
24
-14
-86
-157
-205
-240
-260
-260
-251
-231
-199
-161
-123
-98
-87
-85
-83
-90
-88
-84
-84
-84
-86
-81
-79
-82
-83
-77
-78
-76
-73
-78
-75
-76
-72
-73
-72
-73
-73
-70
-68
-65
-65
-67
-70
-67
-65
-66
-60
-60
-55
-59
-54
-54
-55
-55
-50
-48
-51
-49
-45
-44
-42
-43
-44
-47
-50
-53
-61
-63
-61
-65
-65
-68
-66
-66
-67
-69
-67
-68
-70
-67
-68
-65
-68
-64
-68
-70
-70
-66
-65
-70
-70
-69
-70
-68
-70
-69
-69
-72
-68
-68
-68
-68
-69
-70
-68
-67
-68
-66
-65
-64
-63
-63
-57
-58
-57
-54
-47
-39
-33
-30
-30
-26
-27
-31
-32
-32
-44
-53
-56
-67
-66
-69
-74
-78
-79
-75
-73
-73
-79
-77
-78
-75
-72
-77
-80
-79
-72
-73
-79
-75
-66
-54
-42
-28
-8
7
19
28
38
40
25
-35
-115
-176
-218
-237
-246
-246
-233
-214
-182
-136
-108
-89
-82
-84
-84
-82
-82
-83
-82
-80
-79
-83
-77
-81
-80
-81
-82
-82
-79
-79
-76
-78
-78
-81
-81
-78
-75
-79
-75
-74
-73
-72
-71
-74
-69
-72
-67
-60
-63
-57
-60
-64
-59
-60
-58
-60
-59
-55
-52
-49
-50
-55
-54
-60
-59
-66
-71
-74
-76
-72
-71
-73
-78
-75
-79
-76
-79
-76
-80
-81
-78
-80
-83
-83
-77
-81
-82
-84
-83
-82
-81
-76
-84
-79
-80
-79
-80
-84
-80
-83
-81
-82
-82
-81
-79
-79
-81
-76
-75
-75
-69
-72
-73
-66
-58
-52
-46
-44
-42
-41
-41
-42
-42
-50
-58
-58
-66
-76
-80
-84
-89
-87
-88
-94
-91
-90
-89
-90
-93
-92
-93
-90
-96
-92
-92
-92
-90
-90
-82
-77
-59
-50
-28
-11
4
12
17
25
23
-18
-92
-154
-205
-238
-260
-258
-251
-234
-199
-160
-125
-101
-90
-92
-89
-87
-87
-87
-86
-86
-83
-82
-79
-77
-81
-83
-82
-79
-80
-80
-77
-75
-73
-70
-73
-69
-70
-73
-73
-68
-64
-66
-64
-63
-62
-61
-58
-62
-62
-58
-60
-56
-54
-54
-52
-52
-49
-48
-50
-48
-47
-49
-53
-51
-53
-57
-60
-60
-64
-64
-68
-71
-75
-75
-76
-73
-73
-70
-74
-75
-77
-71
-77
-74
-72
-69
-77
-79
-77
-76
-79
-77
-75
-77
-78
-78
-78
-78
-78
-80
-79
-76
-79
-80
-79
-78
-70
-71
-72
-69
-69
-66
-64
-60
-50
-44
-41
-38
-35
-35
-36
-39
-47
-53
-58
-64
-69
-76
-81
-83
-80
-84
-87
-91
-89
-89
-89
-88
-88
-86
-86
-87
-85
-91
-89
-91
-87
-82
-78
-68
-53
-35
-14
0
7
13
20
23
2
-58
-134
-191
-232
-256
-261
-258
-239
-213
-183
-140
-111
-94
-88
-89
-87
-84
-86
-82
-86
-84
-84
-84
-82
-83
-80
-83
-83
-81
-81
-81
-80
-80
-78
-75
-77
-77
-75
-78
-75
-72
-70
-73
-71
-66
-67
-64
-66
-64
-59
-60
-63
-63
-59
-62
-59
-51
-54
-48
-48
-48
-49
-50
-55
-55
-59
-64
-64
-62
-66
-64
-66
-68
-71
-74
-74
-74
-73
-72
-72
-75
-71
-72
-73
-76
-78
-74
-75
-76
-75
-73
-74
-76
-73
-72
-73
-74
-72
-78
-72
-73
-76
-74
-74
-75
-75
-73
-72
-70
-66
-64
-70
-69
-59
-54
-46
-39
-33
-33
-30
-32
-32
-32
-36
-42
-49
-55
-60
-66
-76
-75
-77
-83
-83
-79
-78
-80
-81
-82
-83
-82
-84
-84
-83
-81
-82
-78
-80
-78
-81
-67
-53
-38
-24
-8
7
16
17
24
17
-13
-84
-154
-207
-240
-258
-258
-247
-221
-191
-150
-114
-88
-84
-79
-85
-80
-82
-80
-84
-80
-79
-77
-79
-79
-78
-78
-81
-77
-82
-76
-75
-73
-75
-70
-72
-76
-75
-70
-70
-65
-64
-66
-64
-62
-59
-64
-61
-58
-58
-55
-51
-52
-52
-49
-47
-49
-47
-48
-44
-49
-49
-46
-46
-50
-54
-59
-62
-66
-67
-68
-69
-70
-71
-72
-74
-73
-76
-77
-76
-76
-79
-76
-74
-75
-79
-75
-75
-77
-76
-77
-74
-76
-77
-76
-78
-77
-79
-76
-75
-79
-81
-77
-80
-80
-78
-76
-76
-75
-72
-68
-69
-70
-69
-65
-60
-50
-40
-36
-35
-37
-35
-39
-40
-43
-51
-54
-64
-64
-73
-74
-79
-86
-84
-86
-87
-89
-87
-88
-87
-87
-84
-85
-85
-85
-92
-93
-87
-83
-84
-75
-65
-53
-34
-22
-4
0
12
20
20
0
-55
-134
-186
-233
-256
-265
-254
-236
-210
-168
-130
-102
-86
-88
-84
-86
-89
-85
-86
-84
-83
-82
-79
-81
-80
-76
-78
-79
-76
-77
-74
-74
-71
-74
-72
-72
-70
-70
-65
-64
-64
-69
-64
-61
-57
-56
-57
-56
-56
-54
-54
-52
-50
-50
-44
-43
-45
-44
-42
-42
-43
-42
-46
-48
-51
-54
-57
-61
-66
-62
-63
-67
-74
-74
-71
-68
-69
-73
-72
-69
-73
-81
-75
-70
-71
-71
-71
-69
-71
-67
-70
-71
-70
-70
-72
-64
-65
-69
-71
-71
-69
-72
-70
-73
-74
-75
-69
-64
-67
-64
-63
-60
-57
-54
-44
-41
-35
-32
-29
-26
-29
-34
-39
-48
-56
-62
-65
-67
-73
-75
-80
-81
-87
-84
-87
-84
-84
-81
-80
-86
-85
-80
-84
-85
-83
-85
-83
-81
-76
-66
-54
-36
-24
-12
0
3
10
15
-13
-77
-147
-195
-234
-254
-258
-256
-244
-214
-178
-140
-112
-95
-93
-92
-93
-93
-90
-90
-87
-90
-91
-91
-93
-92
-89
-86
-86
-86
-83
-89
-83
-81
-82
-85
-84
-88
-84
-80
-80
-79
-82
-78
-75
-77
-77
-72
-69
-70
-62
-64
-62
-64
-62
-61
-59
-59
-57
-55
-52
-54
-59
-60
-61
-63
-69
-75
-77
-83
-86
-82
-77
-83
-84
-86
-88
-88
-84
-91
-91
-92
-90
-95
-83
-90
-97
-96
-98
-94
-96
-92
-87
-91
-90
-89
-91
-91
-91
-87
-94
-90
-86
-88
-89
-82
-81
-85
-82
-80
-79
-75
-74
-65
-53
-48
-45
-42
-43
-45
-45
-48
-52
-54
-60
-64
-74
-72
-80
-80
-89
-90
-89
-94
-93
-90
-91
-86
-88
-89
-89
-87
-89
-94
-91
-93
-88
-82
-75
-64
-52
-40
-24
-11
0
0
8
18
-1
-55
-134
-191
-227
-253
-254
-250
-233
-204
-170
-133
-104
-94
-94
-94
-96
-94
-91
-91
-89
-88
-86
-86
-87
-86
-89
-88
-85
-84
-83
-81
-74
-80
-85
-85
-84
-83
-81
-82
-79
-76
-75
-74
-72
-68
-73
-68
-68
-71
-68
-72
-68
-67
-62
-62
-60
-61
-63
-61
-60
-59
-60
-58
-61
-66
-65
-73
-75
-76
-82
-83
-85
-84
-84
-82
-82
-81
-86
-83
-82
-85
-83
-84
-82
-85
-85
-85
-82
-82
-82
-87
-89
-91
-88
-87
-87
-86
-87
-87
-89
-86
-86
-86
-82
-80
-82
-76
-76
-73
-72
-72
-71
-63
-55
-49
-54
-47
-47
-45
-49
-53
-57
-64
-68
-79
-82
-89
-91
-91
-96
-95
-97
-92
-95
-94
-94
-97
-96
-97
-97
-96
-95
-97
-97
-97
-94
-94
-79
-64
-52
-29
-15
-6
1
5
14
1
-51
-128
-195
-239
-262
-268
-264
-250
-226
-186
-146
-116
-102
-100
-102
-102
-98
-96
-95
-97
-95
-94
-93
-99
-96
-100
-97
-97
-98
-95
-93
-93
-92
-93
-95
-93
-91
-90
-86
-86
-81
-85
-80
-75
-76
-73
-74
-74
-74
-69
-70
-70
-67
-68
-69
-68
-63
-64
-60
-57
-56
-59
-60
-59
-64
-73
-72
-75
-77
-78
-78
-80
-75
-80
-85
-84
-85
-86
-83
-82
-85
-86
-90
-80
-81
-83
-87
-89
-87
-87
-90
-87
-89
-87
-89
-85
-88
-89
-89
-88
-91
-89
-88
-85
-84
-88
-84
-80
-81
-81
-78
-78
-73
-63
-53
-51
-44
-45
-45
-47
-49
-51
-56
-61
-70
-76
-79
-81
-89
-94
-95
-96
-98
-100
-96
-96
-93
-99
-95
-97
-96
-96
-97
-100
-98
-98
-97
-93
-83
-70
-56
-42
-28
-19
-12
-2
5
6
-21
-89
-164
-215
-250
-269
-261
-255
-237
-206
-165
-131
-108
-101
-98
-103
-100
-97
-101
-104
-105
-101
-102
-94
-96
-97
-100
-101
-100
-97
-94
-91
-96
-94
-93
-94
-93
-92
-95
-91
-90
-90
-85
-85
-83
-84
-81
-80
-81
-83
-82
-80
-77
-76
-72
-73
-67
-64
-64
-66
-69
-68
-69
-72
-72
-72
-74
-74
-82
-87
-89
-91
-90
-94
-90
-89
-86
-92
-93
-89
-97
-93
-101
-94
-96
-93
-94
-90
-89
-90
-89
-92
-94
-93
-95
-96
-94
-96
-94
-90
-88
-96
-94
-92
-90
-90
-90
-87
-85
-83
-80
-75
-68
-59
-55
-53
-51
-47
-48
-50
-54
-58
-63
-72
-83
-84
-89
-92
-100
-101
-102
-102
-101
-101
-100
-97
-96
-100
-99
-98
-98
-101
-101
-101
-96
-98
-96
-84
-74
-58
-41
-28
-21
-8
0
13
6
-33
-108
-172
-212
-241
-254
-253
-248
-233
-200
-155
-119
-100
-94
-93
-92
-96
-98
-93
-90
-90
-87
-92
-96
-97
-90
-90
-88
-87
-85
-84
-79
-86
-85
-84
-87
-86
-84
-79
-82
-80
-82
-81
-79
-81
-84
-84
-77
-78
-80
-77
-78
-77
-80
-78
-73
-74
-70
-67
-70
-73
-73
-69
-77
-76
-79
-83
-88
-92
-94
-95
-96
-92
-92
-94
-97
-99
-100
-102
-99
-102
-102
-102
-101
-104
-100
-101
-103
-101
-104
-103
-105
-100
-94
-97
-101
-102
-104
-104
-102
-101
-104
-105
-101
-104
-101
-102
-102
-103
-100
-100
-99
-100
-98
-92
-82
-67
-66
-62
-61
-64
-63
-64
-69
-77
-83
-88
-94
-101
-100
-107
-109
-110
-110
-111
-112
-115
-111
-110
-111
-115
-113
-116
-112
-112
-114
-112
-110
-108
-104
-95
-81
-68
-49
-36
-23
-13
-6
5
5
-40
-108
-164
-208
-234
-249
-252
-252
-234
-199
-165
-132
-113
-110
-110
-113
-112
-109
-108
-114
-110
