-55
-55
-58
-56
-55
-59
-57
-58
-59
-56
-56
-52
-52
-53
-51
-50
-49
-53
-50
-53
-56
-55
-56
-55
-58
-58
-57
-59
-59
-60
-61
-58
-59
-65
-58
-61
-58
-61
-61
-59
-58
-53
-56
-59
-55
-54
-51
-46
-39
-32
-16
0
21
43
79
106
120
107
64
8
-34
-54
-63
-62
-62
-59
-60
-60
-62
-64
-64
-64
-70
-70
-68
-73
-70
-74
-76
-78
-78
-77
-79
-80
-79
-82
-85
-86
-85
-87
-87
-93
-87
-91
-92
-89
-90
-91
-87
-88
-89
-85
-80
-82
-72
-74
-72
-68
-64
-62
-63
-61
-60
-58
-55
-56
-54
-56
-57
-60
-59
-61
-60
-60
-61
-60
-60
-59
-64
-63
-66
-63
-67
-72
-70
-69
-65
-67
-67
-63
-64
-64
-64
-62
-57
-63
-64
-65
-68
-70
-71
-69
-72
-72
-69
-67
-69
-71
-68
-73
-74
-69
-73
-70
-67
-68
-74
-69
-69
-71
-71
-67
-68
-67
-58
-53
-50
-39
-29
-12
10
38
63
74
59
23
-25
-56
-63
-69
-64
-62
-63
-68
-68
-65
-69
-71
-68
-76
-72
-76
-75
-70
-77
-75
-79
-78
-83
-82
-81
-86
-85
-84
-85
-86
-87
-88
-90
-92
-85
-88
-91
-88
-90
-87
-85
-85
-82
-78
-77
-71
-72
-68
-68
-66
-64
-57
-60
-57
-59
-55
-57
-53
-57
-57
-57
-55
-56
-53
-52
-50
-53
-51
-54
-58
-58
-59
-59
-60
-60
-60
-59
-61
-64
-60
-62
-60
-62
-52
-56
-51
-54
-59
-63
-62
-58
-64
-61
-61
-63
-62
-62
-61
-62
-61
-62
-61
-63
-63
-65
-64
-63
-64
-61
-64
-64
-62
-61
-56
-51
-48
-49
-40
-32
-17
8
30
54
59
44
5
-30
-50
-57
-55
-58
-56
-55
-59
-60
-60
-64
-64
-64
-64
-67
-66
-71
-69
-68
-71
-73
-70
-72
-75
-76
-76
-80
-80
-81
-81
-78
-81
-82
-82
-85
-79
-85
-84
-87
-85
-84
-82
-82
-80
-75
-72
-71
-67
-65
-63
-61
-60
-56
-54
-51
-52
-52
-51
-49
-49
-47
-46
-45
-47
-44
-45
-47
-51
-51
-52
-53
-60
-61
-57
-57
-55
-57
-54
-57
-54
-54
-52
-53
-51
-50
-51
-52
-55
-56
-57
-53
-56
-55
-54
-56
-56
-55
-54
-58
-56
-58
-55
-60
-56
-57
-62
-61
-57
-59
-59
-57
-52
-55
-52
-47
-36
-32
-18
0
30
64
102
124
131
107
60
1
-35
-53
-59
-55
-60
-59
-61
-63
-64
-68
-67
-68
-66
-70
-72
-73
-75
-73
-73
-79
-79
-84
-84
-80
-81
-81
-82
-81
-82
-84
-85
-88
-89
-88
-91
-91
-94
-91
-93
-95
-93
-88
-85
-82
-84
-76
-72
-69
-66
-61
-58
-55
-52
-56
-52
-53
-51
-46
-43
-45
-45
-45
-46
-43
-42
-44
-50
-49
-52
-51
-54
-59
-60
-60
-59
-57
-55
-56
-57
-51
-52
-52
-52
-48
-51
-47
-52
-51
-50
-53
-51
-50
-55
-53
-52
-55
-55
-56
-57
-57
-58
-58
-55
-58
-57
-58
-58
-57
-55
-54
-56
-53
-49
-44
-34
-24
-10
7
37
65
100
127
140
122
68
11
-25
-50
-58
-59
-59
-60
-66
-64
-70
-66
-72
-69
-72
-75
-77
-77
-77
-78
-82
-81
-83
-83
-85
-83
-86
-84
-87
-91
-89
-86
-91
-94
-97
-98
-98
-98
-98
-96
-98
-102
-99
-92
-94
-91
-87
-85
-81
-75
-71
-70
-66
-65
-60
-62
-58
-54
-53
-55
-51
-49
-55
-55
-54
-56
-52
-55
-55
-60
-63
-64
-67
-69
-68
-68
-71
-64
-63
-62
-63
-64
-65
-64
-63
-58
-55
-55
-57
-61
-63
-63
-63
-65
-64
-63
-64
-65
-63
-63
-69
-68
-67
-70
-69
-70
-69
-70
-67
-68
-67
-66
-64
-65
-60
-53
-45
-37
-25
-4
19
55
90
126
140
128
84
25
-27
-57
-66
-67
-71
-72
-73
-74
-73
-75
-78
-80
-79
-81
-82
-82
-83
-87
-86
-84
-88
-85
-87
-89
-88
-90
-85
-93
-94
-94
-93
-99
-98
-101
-102
-103
-106
-104
-104
-103
-100
-100
-98
-94
-86
-89
-76
-79
-78
-70
-67
-62
-61
-59
-56
-54
-54
-52
-54
-53
-49
-51
-54
-56
-55
-54
-57
-56
-58
-61
-63
-63
-66
-69
-69
-64
-63
-60
-63
-60
-63
-60
-58
-54
-54
-53
-53
-59
-56
-58
-63
-59
-58
-64
-60
-62
-63
-65
-69
-67
-67
-64
-64
-66
-66
-65
-66
-66
-66
-65
-60
-62
-57
-53
-45
-40
-32
-16
1
19
51
78
100
102
77
27
-22
-47
-61
-66
-67
-67
-67
-71
-68
-70
-75
-74
-75
-76
-75
-75
-79
-81
-79
-80
-80
-79
-81
-82
-86
-84
-86
-90
-91
-93
-92
-92
-90
-96
-98
-98
-96
-100
-100
-99
-98
-97
-95
-91
-86
-88
-83
-77
-74
-71
-68
-64
-67
-70
-66
-65
-64
-64
-62
-61
-61
-62
-63
-69
-66
-65
-66
-65
-69
-72
-76
-75
-74
-79
-77
-75
-73
-75
-72
-70
-73
-71
-72
-65
-64
-58
-63
-65
-71
-71
-71
-77
-75
-77
-77
-77
-75
-77
-75
-74
-74
-75
-80
-82
-80
-76
-75
-78
-75
-76
-70
-72
-69
-66
-66
-61
-60
-57
-49
-36
-18
4
31
45
49
26
-9
-49
-72
-75
-74
-76
-77
-77
-80
-82
-77
-79
-81
-83
-77
-79
-80
-81
-78
-82
-84
-85
-86
-90
-85
-87
-89
-91
-92
-91
-100
-92
-96
-97
-101
-98
-97
-97
-96
-93
-92
-94
-92
-91
-87
-85
-83
-77
-76
-75
-72
-71
-68
-68
-68
-64
-67
-63
-66
-67
-67
-67
-66
-64
-65
-64
-62
-67
-70
-67
-71
-73
-72
-73
-76
-75
-69
-66
-69
-67
-65
-67
-64
-64
-56
-59
-59
-62
-64
-63
-68
-67
-68
-69
-68
-67
-71
-70
-68
-69
-70
-67
-64
-70
-68
-69
-65
-62
-67
-65
-64
-61
-61
-63
-60
-53
-52
-47
-39
-25
-1
26
62
94
108
105
64
12
-30
-56
-64
-66
-68
-67
-68
-70
-67
-68
-73
-71
-68
-75
-74
-72
-73
-81
-76
-79
-81
-82
-85
-84
-89
-89
-89
-91
-92
