-9
-8
-9
-10
-12
-13
-10
-11
-13
-16
-13
-14
-10
-15
-10
-15
-16
-15
-15
-13
-16
-17
-16
-14
-15
-17
-10
-7
-2
1
5
11
15
14
19
29
34
40
43
43
42
41
32
28
28
21
15
9
5
-7
-17
-28
-25
-33
-32
-32
-32
-28
-31
-33
-34
-30
-27
-27
-27
-28
-31
-34
-30
-26
-26
-23
-22
-11
0
8
16
17
24
23
24
21
11
12
8
15
12
-27
-74
-135
-168
-186
-183
-178
-171
-143
-105
-85
-79
-64
-49
-36
-36
-34
-35
-37
-40
-43
-40
-36
-37
-43
-42
-41
-38
-42
-45
-39
-40
-42
-46
-47
-44
-48
-48
-50
-50
-54
-56
-58
-53
-58
-54
-56
-62
-56
-58
-59
-56
-56
-59
-59
-54
-52
-56
-49
-49
-44
-38
-35
-35
-39
-35
-31
-30
-27
-29
-29
-27
-22
-24
-22
-19
-22
-20
-22
-18
-23
-23
-25
-24
-22
-24
-25
-26
-21
-21
-19
-17
-11
-14
-15
-13
-8
-8
-8
-10
-9
-8
-1
-3
-7
-7
-3
-4
-8
-5
-11
-9
-6
-5
-8
-13
-8
-8
-5
-10
-12
-13
-8
-10
-13
-10
-11
-12
-12
-9
-8
-8
-5
-4
1
8
11
16
18
21
30
33
39
42
41
41
42
41
34
33
22
18
15
3
-3
-13
-19
-21
-27
-30
-30
-30
-29
-27
-33
-31
-31
-30
-27
-30
-31
-30
-30
-26
-29
-27
-27
-26
-26
-16
-4
3
10
6
13
12
10
6
1
8
11
20
20
-26
-84
-137
-159
-172
-177
-177
-168
-145
-109
-85
-78
-69
-45
-39
-37
-37
-37
-39
-37
-40
-40
-37
-35
-37
-37
-36
-38
-39
-38
-37
-39
-37
-41
-43
-42
-42
-46
-53
-47
-49
-54
-54
-52
-52
-54
-58
-57
-57
-56
-55
-57
-55
-55
-56
-52
-50
-49
-48
-43
-46
-39
-39
-38
-35
-34
-31
-34
-38
-32
-35
-33
-36
-33
-32
-34
-32
-29
-30
-26
-30
-30
-30
-25
-31
-32
-32
-28
-28
-24
-22
-18
-23
-19
-24
-24
-24
-25
-27
-25
-20
-19
-22
-21
-21
-20
-20
-22
-24
-25
-20
-21
-23
-26
-23
-19
-21
-21
-24
-26
-26
-24
-26
-26
-25
-27
-29
-26
-24
-19
-14
-6
-1
3
7
9
14
15
26
30
31
27
24
23
19
12
10
1
-3
-13
-19
-32
-41
-45
-46
-44
-47
-42
-44
-47
-48
-47
-47
-46
-45
-50
-44
-43
-44
-48
-40
-43
-46
-43
-38
-30
-16
-14
-15
-11
-7
-13
-15
-10
-12
-9
1
-5
-57
-112
-160
-181
-189
-194
-195
-181
-160
-123
-97
-93
-80
-63
-53
-51
-51
-48
-47
-46
-47
-50
-50
-50
-53
-49
-44
-50
-54
-49
-53
-53
-55
-56
-55
-56
-54
-61
-59
-59
-57
-63
-60
-58
-62
-63
-63
-70
-70
-67
-63
-62
-63
-63
-59
-59
-59
-55
-58
-55
-53
-44
-43
-47
-43
-44
-40
-43
-44
-38
-38
-40
-42
-36
-42
-36
-37
-38
-38
-37
-36
-35
-37
-37
-40
-36
-35
-33
-35
-34
-33
-32
-36
-34
-31
-28
-28
-27
-31
-27
-24
-29
-29
-26
-25
-25
-25
-29
-24
-26
-26
-28
-26
-26
-28
-30
-30
-28
-29
-29
-26
-35
-33
-32
-30
-29
-28
-30
-28
-28
-27
-27
-24
-18
-15
-6
2
1
3
9
14
21
27
26
23
19
18
10
8
-2
-10
-16
-20
-27
-35
-42
-45
-44
-49
-48
-46
-50
-50
-50
-49
-48
-49
-48
-50
-48
-48
-46
-47
-43
-44
-41
-41
-36
-29
-10
-4
-2
1
10
9
5
1
-9
-12
-10
-3
-32
-77
-139
-184
-203
-207
-202
-192
-177
-139
-104
-94
-87
-77
-59
-46
-47
-48
-48
-49
-51
-46
-46
-45
-46
-43
-45
-48
-48
-47
-50
-52
-54
-52
-54
-56
-54
-52
-58
-57
-61
-59
-58
-58
-61
-59
-62
-64
-66
-62
-63
-66
-61
-65
-61
-61
-63
-57
-56
-55
-50
-47
-43
-42
-34
-37
-39
-40
-32
-31
-34
-35
-27
-29
-30
-33
-30
-31
-31
-27
-27
-32
-27
-28
-28
-25
-27
-26
-26
-27
-22
-23
-24
-21
-20
-19
-19
-19
-14
-15
-14
-15
-14
-15
-19
-16
-12
-14
-14
-15
-16
-13
-13
-15
-20
-19
-18
-16
-17
-17
-16
-21
-22
-20
-19
-18
-18
-22
-18
-23
-22
-21
-19
-14
-15
-11
-3
3
3
5
8
13
20
25
32
33
30
27
26
18
16
11
6
1
-7
-17
-28
-31
-39
-42
-39
-43
-42
-40
-44
-45
-40
-38
-42
-41
-38
-38
-38
-42
-39
-43
-38
-34
-38
-27
-16
-6
2
5
10
12
10
7
-3
-10
-13
-4
-8
-49
-107
-161
-186
-194
-194
-187
-175
-148
-117
-90
-88
-79
-59
-49
-49
-49
-51
-48
-46
-51
-54
-50
-49
-55
-55
-52
-47
-53
-51
-50
-55
-56
-55
-57
-58
-59
-60
-61
-60
-61
-63
-65
-64
-64
-64
-63
-61
-63
-66
-68
-64
-68
-64
-61
-62
-62
-58
-54
-55
-57
-49
-49
-46
-45
-43
-44
-41
-42
-40
-38
-39
-44
-42
-42
-40
-36
-32
-38
-42
-38
-39
-35
-40
-43
-40
-41
-39
-39
-40
-37
-36
-35
-36
-34
-32
-30
-31
-31
-29
-30
-27
-28
-26
-28
-28
-27
-26
-25
-27
-29
-30
-28
-33
-34
-31
-25
-33
-33
-30
-31
-31
-33
-34
-36
-33
-30
-32
-33
-30
-22
-21
-13
-11
-1
5
5
7
15
21
24
23
25
21
13
8
8
1
-1
-11
-19
-25
-34
-44
-45
-44
-50
-48
-47
-47
-47
-50
-55
-54
-50
-48
-53
-48
-48
-46
-49
-44
-48
-46
-43
-43
-31
-21
-16
-13
-4
-5
-9
-16
-16
-17
-22
-10
-11
-60
-121
-173
-189
-200
-203
-200
-187
-156
-119
-95
-93
-85
-64
-53
-54
-57
-58
-55
-52
-50
-50
-50
-53
-57
-52
-56
-55
-55
-58
-58
-60
-56
-57
-59
-60
-59
-60
-65
-65
-64
-66
-65
-64
-70
-70
-72
-72
-68
-70
-72
-72
-71
-69
-67
-61
-64
-70
-61
-63
-61
-57
-55
-52
-52
-53
-55
-52
-51
-51
-54
-56
-56
-57
-48
-51
-51
-52
-48
-49
-53
-52
-53
-46
-50
-46
-49
-49
-48
-47
-48
-50
-46
-44
-47
-44
-46
-44
-43
-39
-39
-39
-42
-41
-41
-42
-42
-45
-41
-49
-46
-45
-42
-44
-45
-41
-44
-45
-45
-45
-44
-49
-47
-48
-49
-48
-48
-49
-45
-39
-38
-35
-29
-19
-17
-11
-4
-7
3
8
8
6
5
7
-1
-5
-5
-16
-19
-23
-32
-49
-54
-55
-63
-66
-64
-66
-62
-60
-61
-68
-62
-62
-64
-60
-64
-61
-64
-66
-69
-63
-64
-60
-51
-46
-32
-22
-17
-13
-11
-10
-9
-15
-27
-31
-33
-25
-34
-81
-143
-201
-217
-215
-213
-208
-190
-163
-125
-106
-101
-88
-65
-61
-61
-62
-58
-53
-53
-58
-59
-60
-57
-53
-55
-57
-54
-57
-56
-59
-62
-63
-62
-57
-59
-60
-67
-70
-68
-63
-70
-74
-72
-70
-73
-71
-71
-67
-69
-75
-71
-72
-71
-67
-65
-63
-62
-57
-50
-52
-50
-53
-46
-44
-47
-46
-42
-42
-43
-39
-35
-37
-37
-42
-42
-41
-36
-37
-40
-38
-39
-35
-39
-43
-42
-40
-34
-35
-36
-39
-38
-39
-31
-29
-30
-29
-28
-30
-26
-26
-25
-22
-24
-22
-23
-25
-21
-24
-25
-24
-24
-26
-24
-23
-25
-27
-28
-32
-34
-32
-31
-32
-35
-35
-34
-32
-28
-28
-30
-32
-29
-26
-21
-13
-8
-6
-4
0
4
6
14
25
24
19
18
14
12
8
1
-7
-8
-11
-23
-37
-43
-52
-53
-51
-51
-49
-53
-54
-50
-48
-52
-48
-49
-50
-52
-50
-48
-49
-48
-46
-50
-50
-43
-32
-23
-13
-6
-2
2
3
7
0
-8
-20
-28
-21
-19
-61
-108
-171
-206
-212
-207
-202
-186
-160
-127
-101
-97
-87
-67
-53
-54
-54
-55
-56
-55
-54
-58
-59
-54
-58
-56
-56
-60
-59
-61
-62
-63
-60
-61
-67
-66
-63
-62
-64
-63
-68
-75
-72
-71
-70
-73
-72
-76
-75
-72
-70
-74
-74
-71
-67
-70
-71
-64
-61
-60
-61
-54
-54
-50
-52
-50
-51
-48
-45
-45
-44
-45
-44
-46
-50
-48
-51
-48
-45
-44
-40
-47
-47
-50
-48
-48
-48
-47
-43
-45
-44
-42
-43
-42
-37
-37
-39
-38
-37
-33
-34
-39
-39
-38
-34
-36
-37
-39
-43
-42
-38
-43
-41
-44
-36
-44
-40
-41
-43
-40
-45
-42
-46
-47
-48
-46
-44
-44
-44
-42
-35
-33
-31
-20
-15
-15
-13
-2
1
7
11
7
7
5
-1
-9
-11
-13
-23
-30
-37
-45
-57
-59
-60
-63
-63
-62
-61
-60
-58
-60
-60
-63
-62
-66
-66
-60
-59
-63
-59
-63
-61
-57
-51
-40
-31
-18
-24
-21
-18
-23
-29
-32
-31
-27
-20
-23
-66
-124
-179
-207
-213
-215
-213
-206
-185
-149
-115
-109
-106
-85
-74
-69
-70
-70
-74
-71
-72
-67
-70
-72
-72
-74
-68
-72
-68
-71
-75
-73
-72
-72
-71
-71
-75
-78
-77
-79
-76
-79
-80
-84
-87
-84
-85
-83
-87
-86
-86
-86
-84
-88
-88
-83
-84
-80
-79
-74
-70
-73
-73
-66
-68
-64
-60
-62
-64
-62
-62
-63
-59
-63
-62
-63
-56
-61
-60
-61
-57
-58
-56
-58
-59
-58
-57
-55
-53
-54
-56
-55
-55
-51
-53
-54
-51
-51
-52
-51
-48
-49
-48
-51
-54
-53
-51
-52
-52
-54
-52
-51
-53
-53
-52
-53
-55
-53
-55
-51
-54
-52
-55
-54
-57
-51
-47
-50
-47
-46
-42
-40
-28
-29
-24
-21
-14
-12
-5
0
3
4
4
2
-4
-8
-12
-18
-26
-29
-36
-48
-59
-65
-68
-70
-67
-70
-65
-68
-69
-71
-73
-72
-69
-69
-68
-70
-73
-72
-72
-72
-70
-69
-67
-67
-52
-42
-41
-35
-33
-35
-37
-38
-36
-38
-34
-23
-21
-63
-123
-187
-212
-217
-218
-217
-210
-196
-160
-128
-119
-116
-97
-79
-77
-78
-82
-82
-79
-81
-80
-78
-81
-79
-77
-78
-76
-76
-77
-81
-82
-82
-82
-79
-81
-81
-84
-87
-86
-88
-88
-90
-90
-93
-89
-96
-91
-94
-92
-96
-89
-90
-94
-92
-89
-84
-88
-86
-85
-80
-77
-78
-77
-73
-70
-74
-70
-71
-70
-69
-66
-62
-66
-65
-68
-68
-69
-69
-64
-63
-63
-67
-67
-63
-60
-67
-68
-61
-64
-60
-57
-60
-58
-53
-53
-54
-56
-55
-49
-51
-51
-51
-52
-48
-50
-50
-51
-50
-55
-51
-49
-47
-49
-54
-51
-51
-49
-50
-52
-51
-54
-54
-54
-54
-52
-50
-48
-48
-47
-47
-45
-41
-32
-32
-23
-20
-14
-13
-7
3
6
4
0
1
0
-7
-9
-14
-21
-29
-37
-45
-59
-63
-64
-69
-70
-65
-69
-68
-67
-67
-68
-64
-65
-65
-66
-63
-62
-62
-60
-62
-62
-60
-52
-47
-34
-15
-12
-11
-3
-4
-7
-9
-18
-24
-27
-18
-26
-73
-128
-191
-219
-228
-222
-216
-195
-164
-127
-109
-101
-93
-72
-60
-53
-61
-64
-59
-57
-58
-61
-58
-63
-60
-62
-64
-59
-61
-62
-65
-63
-66
-67
-66
-68
-66
-68
-69
-72
-69
-72
-72
-75
-76
-75
-75
-78
-79
-79
-80
-77
-77
-77
-73
-74
-73
-73
-69
-62
-60
-58
-54
-50
-52
-54
-50
-50
-47
-46
-46
-47
-46
-49
-44
-43
-44
-48
-45
-41
-43
-41
-41
-42
-39
-40
-38
-36
-35
-37
-40
-34
-32
-32
-30
-32
-33
-30
-27
-26
-30
-29
-26
-32
-25
-24
-22
-25
-25
-28
-21
-27
-28
-23
-30
-29
-33
-32
-37
-30
-31
-32
-32
-36
-32
-34
-32
-32
-34
-32
-28
-26
-23
-14
-9
-6
-1
1
1
8
15
21
24
19
18
12
11
9
3
-6
-13
-18
-28
-37
-44
-49
-51
-51
-50
-50
-48
-50
-52
-48
-52
-50
-48
-48
-49
-50
-45
-46
-48
-44
-41
-41
-34
-21
-10
-9
-11
0
3
4
0
-4
-7
-13
0
-14
-59
-116
-174
-203
-216
-210
-195
-175
-145
-109
-96
-91
-79
-57
-52
-51
-54
-54
-53
-58
-54
-52
-50
-54
-49
-58
-54
-54
-60
-55
-55
-55
-60
-60
-59
-61
-61
-63
-64
-64
-64
-62
-68
-67
-69
-73
-73
-71
-70
-74
-67
-67
-69
-66
-63
-62
-64
-61
-58
-57
-52
-48
-45
-45
-44
-43
-39
-38
-40
-39
-37
-33
-39
-37
-32
-33
-34
-35
-30
-33
-31
-32
-37
-32
-32
-30
-34
-27
-25
-31
-28
-27
-24
-22
-20
-24
-24
-18
-23
-21
-22
-16
-15
-17
-17
-20
-17
-20
-17
-19
-19
-21
-24
-23
-19
-22
-25
-23
-25
-24
-21
-22
-21
-25
-22
-24
-23
-24
-19
-16
-13
-8
-3
0
5
14
13
19
26
32
33
30
30
27
17
16
11
5
0
-6
-14
-25
-35
-41
-40
-44
-42
-41
-40
-44
-46
-40
-40
-43
-43
-40
-42
-41
-41
-41
-40
-40
-41
-41
-32
-24
-14
-6
-2
-3
-1
0
-1
-3
-4
-7
-5
7
-13
-62
-121
-180
-201
-202
-199
-190
-177
-137
-100
-88
-87
-72
-53
-48
-46
-48
-50
-46
-48
-46
-45
-47
-47
-52
-49
-44
-53
-48
-47
-50
-50
-51
-52
-53
-48
-52
-57
-53
-54
-54
-55
-59
-59
-59
-59
-59
-63
-62
-62
-61
-63
-69
-61
-60
-58
-57
-57
-57
-52
-49
-48
-47
-43
-45
-42
-34
-36
-40
-35
-36
-35
-34
-36
-38
-33
-36
-33
-33
-36
-35
-30
-34
-32
-32
-30
-30
-29
-29
-28
-26
-28
-28
-26
-29
-26
-27
-22
-24
-17
-22
-25
-20
-20
-21
-23
-22
-22
-22
-21
-29
-25
-21
-22
-22
-23
-24
-27
-26
-22
-24
-28
-25
-25
-27
-20
-22
-25
-25
-26
-23
-20
-12
-6
-4
1
7
12
16
17
22
31
31
30
27
27
22
11
14
10
5
-6
-13
-22
-31
-38
-38
-39
-40
-38
-38
-39
-42
-40
-42
-41
-41
-39
-41
-44
-43
-43
-42
-38
-39
-38
-35
-32
-15
-5
0
-1
-2
-3
-4
-8
-5
-7
-5
7
1
-39
-96
-159
-189
-193
-195
-194
-179
-149
-106
-87
-81
-67
-53
-45
-45
-46
-45
-44
-42
-42
-40
-44
-43
-39
-40
-42
-43
-44
-45
-42
-43
-47
-48
-47
-48
-50
-52
-47
-51
-53
-51
-53
-52
-55
-53
-56
-55
-56
-58
-58
-58
-50
-55
-58
-56
-54
-46
-46
-46
-46
-41
-37
-36
-39
-36
-36
-34
-35
-34
-29
-36
-31
-30
-31
-32
-33
-27
-28
-34
-32
-34
-29
-32
-28
-26
-31
-27
-22
-33
-30
-27
-19
-21
-25
-22
-24
-25
-23
-20
-16
-13
-16
-14
-20
-17
-19
-14
-17
-17
-16
-17
-21
-18
-18
-20
-25
-21
-22
-24
-20
-22
-18
-22
-26
-26
-23
-23
-15
-15
-8
-8
2
6
9
9
17
25
31
29
31
33
30
28
24
24
11
8
1
-6
-16
-26
-34
-36
-37
-38
-35
-36
-40
-38
-39
-39
-38
-40
-39
-37
-37
-35
-37
-35
-40
-34
-34
-30
-21
-11
-2
6
11
17
15
7
9
3
0
-7
6
0
-52
-104
-167
-187
-188
-188
-182
-167
-137
-102
-82
-78
-70
-49
-30
-37
-35
-37
-37
-40
-38
-40
-41
-38
-38
-37
-44
-42
-45
-48
-41
-46
-50
-52
-57
-52
-51
-55
-57
-55
-51
-53
-53
-60
-60
-64
-58
-63
-60
-63
-60
-61
-64
-64
-65
-63
-57
-55
-54
-52
-49
-52
-46
-46
-45
-38
-41
-36
-40
-45
-38
-36
-38
-39
-40
-35
-36
-35
-37
-42
-38
-40
-37
-36
-40
-42
-43
-40
-41
-39
-37
-36
-36
-38
-36
-40
-36
-39
-34
-31
-37
-41
-38
-35
-34
-35
-35
-40
-40
-32
-39
-42
-40
-42
-44
-47
-45
-46
-53
-48
-52
-51
-47
-51
-57
-58
-53
-53
-57
-59
-52
-49
-47
-47
-40
-33
-31
-33
-24
-28
-21
-10
-6
-5
-13
-10
-18
-24
-27
-36
-41
-46
-56
-67
-77
-88
-89
-92
-93
-94
-90
-97
-101
-93
-88
-96
-99
-97
-97
-93
-96
-98
-100
-94
-93
-88
-90
-81
-68
-51
-45
-43
-36
-41
-44
-51
-62
-69
-76
-63
-74
-116
-166
-216
-246
-263
-263
-254
-233
-207
-174
-159
-151
-136
-118
-113
-116
-114
-111
-115
-118
-113
-113
-114
-116
-119
-116
-121
-117
-115
-116
-120
-124
-125
-122
-123
-125
-127
-131
-131
-131
-135
-132
-129
-129
-139
-142
-143
-142
-139
-138
-145
-146
-137
-144
-143
-137
-133
-128
-128
-127
-125
-122
-121
-117
-117
-113
-109
-111
-109
-107
-108
-108
-108
-108
-105
-108
-110
-112
-104
-105
-106
-107
-103
-104
-103
-107
-111
-108
-106
-100
-105
-106
-105
-105
-104
-99
-100
-104
-104
-101
-96
-93
-96
-95
-95
-95
-96
-99
-92
-101
-99
-100
-100
-103
-98
-98
-100
-100
-98
-100
-101
-102
-103
-105
-105
-107
-106
-103
-97
-97
-102
-106
-102
-99
-98
-87
-85
-83
-72
-73
-71
-67
-59
-50
-47
-49
-52
-45
-58
-58
-64
-70
-72
-81
-90
-105
-108
-121
-127
-126
-122
-126
-124
-122
-128
-125
-126
-127
-125
-127
-127
-124
-125
-127
-129
-128
-126
-123
-118
-109
-96
-85
-85
-84
-82
-70
-72
-80
-83
-100
-108
-99
-87
-120
-160
-203
-228
-258
-273
-276
-264
-238
-210
-184
-182
-171
-150
-132
-135
-134
-136
-132
-132
-133
-137
-132
-132
-136
-136
-137
-137
-135
-137
-136
-142
-144
-144
-146
-145
-140
-143
-146
-148
-149
-152
-152
-151
-149
-152
-151
-155
-154
-155
-153
-155
-151
-150
-149
-152
-144
-143
-140
-139
-140
-134
-134
-123
-125
-124
-123
-122
-120
-114
-119
-119
-120
-112
-113
-117
-118
-113
-111
-113
-110
-109
-112
-111
-108
-109
-111
-105
-106
-104
-106
-105
-103
-99
-97
-95
-97
-99
-97
-96
-95
-92
-96
-93
-91
-96
-90
-88
-89
-93
-92
-93
-91
-93
-95
-92
-92
-89
-92
-93
-91
-93
-90
-91
-89
-92
-92
-91
-90
-84
-87
-81
-83
-77
-76
-66
-67
-58
-54
-54
-48
-44
-44
-37
-39
-42
-43
-47
-51
-58
-59
-72
-76
-85
-92
-99
-102
-103
-104
-106
-105
-106
-110
-106
-106
-109
-106
-106
-108
-106
-106
-109
-103
-104
-101
-97
-96
-86
-75
-67
-65
-63
-61
-60
-64
-62
-74
-75
-81
-69
-71
-106
-152
-200
-221
-246
-251
-250
-231
-196
-170
-155
-158
-139
-123
-120
-118
-122
-120
-120
-119
-122
-118
-118
-121
-120
-115
-119
-122
-131
-125
-124
-131
-133
-144
-155
-161
-165
-171
-173
-175
-178
-176
-179
-178
-181
-182
-181
-182
-184
-186
-186
-184
-182
-181
-178
-182
-178
-174
-170
-170
-171
-174
-171
-169
-168
-166
-170
-173
-180
-186
-196
-213
-220
-222
-230
-227
-229
-233
-231
-233
-232
-235
-229
-233
-230
-230
-229
-229
-226
-229
-233
-228
-230
-223
-224
-224
-227
-220
-225
-222
-222
-223
-223
-221
-224
-223
-224
-223
-226
-221
-218
-224
-221
-221
-227
-228
-224
-224
-225
-226
-221
-223
-221
-224
-220
-223
-225
-222
-223
-217
-217
-212
-207
-201
-197
-196
-192
-183
-180
-173
-173
-172
-171
-170
-181
-188
-188
-197
-202
-212
-213
-225
-232
-242
-240
-239
-238
-239
-241
-238
-235
-234
-231
-236
-238
-233
-232
-241
-233
-229
-229
-230
-228
-227
-222
-211
-198
-199
-198
-196
-197
-200
-200
-191
-194
-197
-185
-170
-195
-239
-292
-332
-352
-360
-365
-359
-345
-312
-274
-260
-256
-244
-224
-221
-215
-219
-219
-213
-215
-215
-212
-218
-219
-219
-216
-215
-220
-222
-219
-218
-214
-215
-219
-219
-218
-216
-220
-219
-217
-218
-225
-223
-221
-215
-215
-225
-225
-224
-221
-219
-212
-217
-215
-221
-220
-213
-210
-207
-210
-206
-202
-205
-197
-191
-191
-190
-189
-197
-196
-190
-183
-187
-192
-186
-180
-188
-189
-193
-183
-182
-184
-178
-180
-184
-180
-176
-173
-177
-176
-177
-171
-175
-176
-173
-168
-165
-166
-169
-169
-165
-165
-167
-168
-159
-151
-158
-162
-165
-169
-168
-163
-167
-168
-162
-159
-160
-162
-171
-173
-167
-164
-164
-165
-166
-164
-157
-157
-152
-163
-164
-159
-151
-151
-144
-135
-128
-128
-125
-119
-111
-106
-101
-106
-105
-104
-114
-113
-114
-117
-126
-136
-143
-151
-161
-165
-169
-172
-167
-165
-165
-160
-161
-165
-165
-162
-163
-160
-161
-164
-161
-159
-159
-159
-160
-157
-152
-145
-139
-130
-123
-120
-117
-117
-121
-124
-122
-119
-116
-103
-95
-130
-179
-234
-271
-281
-286
-285
-278
-260
-221
-186
-188
-183
-164
-145
-145
-149
-145
-141
-142
-142
-143
-145
-143
-141
-140
-140
-142
-143
-144
-141
-138
-139
-139
-136
-136
-139
-139
-145
-143
-139
-141
-141
-138
-138
-140
-141
-140
-137
-138
-143
-140
-141
-140
-131
-128
-124
-118
-99
-64
-34
-26
-21
-22
-15
-10
-8
-4
-4
-3
1
0
-2
3
3
6
6
6
7
10
10
8
11
15
19
21
19
20
19
19
23
30
32
39
51
62
69
78
80
80
82
81
82
83
85
81
83
87
87
84
83
85
88
86
89
84
82
88
91
86
83
86
89
86
86
85
85
87
91
92
95
102
107
109
114
120
121
126
134
139
144
139
142
139
136
133
129
123
119
107
100
94
78
76
73
72
74
74
77
75
69
74
70
69
71
70
75
78
78
79
75
76
75
76
79
88
102
117
115
115
120
127
125
121
110
112
107
124
105
61
0
-55
-82
-88
-84
-78
-61
-28
7
22
30
47
63
65
66
66
69
70
70
70
70
68
68
71
72
70
66
67
68
65
64
69
70
68
62
62
62
62
60
59
55
53
57
59
59
53
53
51
46
50
57
57
56
58
60
60
67
65
65
67
71
72
77
76
78
80
79
79
85
88
85
81
80
88
86
85
84
83
83
83
83
84
86
83
83
91
91
93
88
90
91
93
91
93
97
98
97
95
96
101
97
93
96
98
97
99
99
100
95
98
101
99
98
100
100
100
94
88
93
93
97
97
97
94
94
95
99
95
97
99
99
104
109
114
117
123
119
127
133
134
144
146
147
144
142
136
130
122
116
108
104
95
84
82
76
75
79
70
69
67
68
71
76
73
65
62
62
64
68
66
65
61
61
61
66
73
85
94
99
99
106
106
101
95
83
77
75
80
89
59
9
-53
-93
-111
-119
-118
-109
-84
-50
-29
-25
-21
-3
11
14
11
10
9
9
6
2
-1
-1
0
-3
-5
-6
-13
-8
-8
-14
-21
-22
-21
-21
-26
-26
-32
-34
-36
-41
-43
-41
-44
-47
-51
-50
-51
-52
-51
-48
-55
-49
-44
-43
-45
-46
-48
-44
-38
-39
-40
-34
-36
-37
-29
-25
-22
-27
-24
-25
-22
-24
-22
-23
-24
-20
-22
-21
-19
-23
-22
-24
-22
-20
-22
-19
-21
-23
-18
-15
-18
-12
-17
-13
-12
-15
-16
-14
-10
-12
-13
-11
-13
-13
-18
-18
-18
-17
-16
-21
-23
-22
-20
-21
-21
-20
-19
-27
-27
-26
-27
-21
-23
-25
-23
-25
-24
-21
-22
-16
-16
-7
-4
2
3
7
13
17
21
31
34
29
30
29
26
18
15
8
2
-3
-7
-19
-33
-44
-51
-47
-49
-49
-48
-44
-48
-46
-49
-51
-54
-47
-50
-48
-46
-49
-48
-49
-44
-51
-47
-42
-29
-16
-3
-11
-10
-10
-22
-22
-23
-21
-16
-14
-1
-33
-78
-136
-173
-190
-194
-200
-190
-172
-143
-107
-100
-90
-73
-60
-54
-54
-50
-49
-52
-58
-53
-52
-54
-52
-56
-56
-56
-53
-59
-57
-60
-59
-60
-53
-63
-59
-63
-68
-69
-70
-71
-67
-73
-66
-68
-70
-71
-73
-78
-72
-74
-73
-75
-74
-68
-69
-66
-64
-69
-64
-64
-52
-54
-52
-52
-47
-47
-53
-51
-46
-49
-47
-44
-44
-47
-47
-47
-48
-47
-47
-46
-48
-46
-44
-47
-48
-43
-42
-45
-42
-40
-43
-39
-38
-37
-36
-36
-38
-36
-36
-38
-37
-37
-39
-40
-44
-38
-45
-44
-43
-42
-44
-44
-48
-49
-48
-49
-49
-47
-46
-47
-50
-51
-48
-52
-48
-49
-47
-44
-40
-39
-35
-29
-23
-20
-14
-13
-6
0
5
8
2
4
3
-4
-10
-12
-19
-28
-38
-47
-61
-66
-72
-75
-79
-75
-75
-71
-74
-74
-76
-76
-76
-78
-78
-79
-74
-77
-74
-77
-77
-76
-72
-70
-61
-43
-38
-41
-39
-43
-47
-51
-53
-55
-53
-39
-32
-80
-135
-188
-214
-224
-227
-224
-220
-193
-162
-128
-124
-119
-99
-90
-88
-87
-87
-92
-87
-91
-89
-86
-84
-87
-89
-88
-88
-89
-91
-93
-94
-95
-96
-97
-100
-101
-100
-99
-102
-101
-107
-109
-104
-105
-103
-111
-110
-110
-109
-111
-112
-111
-111
-106
-110
-105
-106
-104
-99
-99
-96
-94
-91
-90
-86
-85
-89
-86
-81
-89
-87
-83
-84
-85
-82
-81
-86
-80
-83
-82
-84
-79
-80
-81
-81
-77
-80
-81
-81
-81
-75
-75
-77
-77
-74
-74
-75
-70
-70
-75
-73
-70
-74
-74
-75
-73
-75
-72
-73
-76
-80
-77
-78
-78
-79
-76
-77
-78
-79
-81
-79
-81
-79
-79
-79
-75
-76
-77
-69
-60
-55
-50
-48
-47
-40
-36
-26
-22
