-199
-199
-204
-205
-213
-215
-215
-217
-218
-223
-229
-232
-233
-235
-236
-243
-243
-241
-244
-239
-241
-243
-240
-235
-232
-228
-223
-216
-203
-191
-171
-159
-144
-128
-113
-102
-96
-89
-82
-81
-77
-80
-76
-84
-83
-85
-84
-85
-84
-89
-92
-94
-95
-93
-96
-96
-95
-95
-99
-95
-94
-98
-97
-94
-95
-95
-95
-91
-87
-76
-67
-52
-42
-24
-10
1
7
16
15
18
21
26
22
9
-16
-36
-54
-63
-76
-78
-89
-91
-84
-80
-78
-80
-83
-92
-93
-96
-95
-95
-97
-103
-103
-102
-101
-101
-97
-94
-94
-91
-85
-78
-67
-43
0
72
163
262
364
464
530
518
455
344
216
88
-40
-168
-296
-424
-391
-312
-236
-195
-174
-171
-168
-168
-166
-175
-176
-183
-181
-183
-183
-189
-189
-196
-197
-197
-200
-199
-204
-209
-209
-212
-213
-214
-216
-214
-217
-213
-211
-215
-214
-205
-206
-202
-192
-190
-182
-170
-155
-141
-128
-109
-96
-85
-74
-65
-58
-54
-48
-51
-48
-45
-47
-49
-52
-52
-55
-56
-60
-63
-63
-62
-63
-65
-69
-65
-64
-68
-68
-64
-67
-69
-69
-69
-68
-69
-64
-63
-56
-47
-32
-24
-11
3
21
34
44
49
54
53
58
59
62
50
23
-4
-18
-28
-36
-46
-50
-57
-56
-51
-50
-53
-54
-61
-58
-64
-61
-61
-63
-69
-72
-71
-71
-74
-69
-63
-60
-59
-52
-49
-34
-14
25
90
171
255
344
440
509
508
442
344
216
88
-40
-168
-296
-424
-368
-285
-212
-163
-138
-128
-128
-130
-134
-132
-136
-140
-141
-147
-151
-155
-158
-158
-160
-161
-165
-168
-174
-177
-172
-181
-178
-180
-184
-184
-183
-185
-178
-185
-185
-177
-176
-174
-170
-163
-152
-143
-134
-117
-103
-88
-76
-64
-56
-44
-39
-36
-36
-36
-35
-32
-36
-36
-38
-38
-42
-43
-46
-49
-46
-48
-51
-51
-55
-54
-51
-53
-52
-53
-54
-56
-58
-60
-58
-56
-53
-48
-45
-36
-30
-12
0
16
33
46
54
62
60
68
68
64
59
44
25
3
-17
-28
-32
-44
-49
-50
-49
-50
-49
-50
-53
-57
-62
-58
-60
-59
-63
-63
-66
-68
-67
-65
-61
-58
-53
-54
-47
-39
-26
0
53
126
209
297
391
470
512
486
413
303
175
47
-81
-209
-337
-407
-329
-242
-188
-150
-133
-120
-124
-132
-132
-134
-131
-135
-140
-144
-145
-151
-150
-152
-159
-159
-165
-167
-169
-167
-173
-176
-176
-177
-176
-179
-180
-181
-181
-177
-178
-182
-175
-169
-166
-157
-146
-140
-129
-116
-101
-84
-72
-57
-47
-42
-37
-28
-27
-23
-24
-29
-31
-37
-36
-36
-36
-38
-40
-41
-40
-49
-44
-48
-49
-46
-45
-46
-46
-48
-50
-51
-50
-51
-52
-42
-37
-36
-24
-10
0
17
32
47
58
67
73
74
75
76
71
63
42
19
2
-12
-18
-24
-35
-38
-39
-36
-32
-34
-35
-40
-45
-48
-49
-45
-47
-49
-53
-52
-51
-49
-46
-44
-41
-40
-33
-27
-17
0
44
112
194
285
376
470
525
525
462
362
234
106
-22
-150
-278
-406
-353
-264
-197
-153
-135
-121
-125
-122
-123
-123
-132
-135
-134
-139
-139
-144
-150
-152
-154
-156
-158
-159
-164
-168
-170
-170
-173
-174
-171
-174
-179
-181
-179
-181
-179
-179
-173
-167
-163
-161
-155
-142
-132
-120
-106
-89
-74
-62
-52
-42
-34
-31
-26
-28
-26
-28
-30
-30
-32
-32
-33
-39
-35
-35
-34
-36
-39
-36
-42
-43
-42
-49
-52
-48
-49
-47
-50
-51
-51
-52
-54
-50
-44
-37
-24
-16
-10
8
24
37
48
55
62
64
66
70
72
73
60
35
9
-6
-21
-27
-32
-43
-53
-50
-45
-44
-44
-45
-51
-51
-54
-53
-55
-59
-61
-70
-71
-70
-59
-60
-53
-51
-49
-42
-34
-23
0
50
124
215
306
404
500
555
544
478
372
244
116
-12
-140
-268
-396
-350
-267
-210
-168
-147
-137
-134
-133
-140
-145
-149
-151
-152
-154
-161
-165
-167
-170
-179
-180
-177
-178
-182
-185
-189
-194
-194
-194
-195
-202
-204
-202
-202
-204
-194
-198
-197
-196
-194
-185
-179
-170
-154
-143
-128
-113
-100
-88
-74
-60
-49
-46
-41
-46
-43
-44
-39
-44
-48
-46
-49
-48
-48
-52
-52
-55
-55
-56
-52
-54
-52
-53
-58
-56
-57
-58
-60
-60
-53
-48
-44
-36
-28
-12
1
18
33
46
53
60
61
65
65
67
61
43
15
-3
-17
-29
-33
-39
-46
-49
-45
-43
-43
-42
-51
-54
-59
-55
-52
-53
-56
-60
-62
-68
-63
-62
-59
-58
-53
-54
-49
-39
-30
-1
50
127
218
313
412
511
552
523
451
323
195
67
-61
-189
-317
-410
-334
-256
-204
-168
-150
-140
-142
-145
-148
-147
-154
-154
-154
-154
-158
-166
-170
-169
-176
-178
-176
-181
-185
-192
-196
-191
-191
-190
-197
-201
-196
-201
-198
-196
-198
-196
-190
-185
-178
-172
-163
-152
-143
-126
-110
-95
-81
-71
-60
-52
-47
-45
-43
-42
-47
-43
-45
-49
-50
-48
-52
-54
-55
-57
-60
-58
-61
-63
-67
-68
-65
-64
-64
-66
-70
-69
-69
-67
-64
-59
-49
-40
-29
-11
4
18
32
40
42
46
48
51
53
46
31
9
-16
-31
-45
-51
-61
-62
-70
-68
-65
-61
-60
-64
-68
-73
-76
-71
-68
-74
-76
-82
-78
-77
-75
-70
-71
-72
-66
-60
-55
-42
-8
38
115
204
293
389
474
518
488
417
299
171
43
-85
-213
-341
-434
-352
-269
-211
-172
-152
-139
-141
-149
-151
-152
-155
-156
-160
-165
-168
-167
-172
-173
-176
-177
-183
-182
-184
-191
-193
-195
-198
-196
-198
-198
-202
-198
-201
-200
-199
-194
-191
-189
-183
-175
-171
-161
-149
-134
-114
-99
-88
-79
-69
-62
-53
-52
-50
-47
-48
-53
-54
-55
-53
-52
-57
-56
-60
-57
-63
-61
-64
-65
-64
-64
-68
-66
-66
-70
-70
-70
-73
-73
-74
-67
-62
-55
-44
-27
-15
2
16
27
41
49
55
57
58
60
56
45
25
-1
-21
-32
-41
-50
-61
-63
-63
-56
-51
-53
-60
-65
-68
-67
-65
-69
-69
-73
-75
-77
-75
-72
-73
-67
-69
-66
-61
-52
-40
-11
41
117
207
297
391
478
517
479
398
273
145
17
-111
-239
-367
-409
-328
-247
-196
-167
-155
-147
-148
-146
-152
-156
-155
-160
-161
-168
-171
-175
-179
-176
-184
-182
-187
-187
-190
-194
-194
-198
-199
-198
-201
-204
-207
-206
-208
-203
-201
-200
-197
-195
-187
-183
-172
-163
-150
-132
-120
-104
-91
-79
-70
-62
-59
-54
-50
-51
-55
-61
-62
-66
-67
-67
-63
-63
-66
-66
-70
-69
-71
-71
-72
-76
-79
-76
-78
-81
-82
-84
-80
-80
-77
-76
-70
-63
-48
-36
-24
-7
8
24
34
36
43
45
52
55
50
44
29
6
-20
-35
-45
-53
-60
-65
-64
-68
-66
-57
-58
-65
-73
-75
-72
-69
-70
-79
-79
-81
-82
-79
-74
-73
-69
-72
-64
-58
-52
-33
-3
56
137
220
317
415
501
532
494
417
300
172
44
-84
-212
-340
-416
-342
-259
-204
-169
-149
-141
-139
-143
-145
-149
-152
-156
-163
-164
-165
-167
-174
-179
-186
-190
-191
-189
-193
-198
-199
-199
-204
-207
-206
-212
-209
-213
-205
-210
-214
-213
-209
-202
-195
-190
-184
-178
-167
-144
-133
-121
-105
-92
-81
-69
-69
-65
-61
-61
-59
-57
-57
-56
-59
-58
-60
-58
-63
-64
-66
-62
-67
-66
-65
-65
-65
-67
-72
-68
-72
-71
-72
-70
-68
-64
-62
-50
-39
-24
-12
3
16
30
39
46
48
53
54
61
52
39
15
-7
-27
-38
-42
-48
-55
-56
-58
-53
-53
-54
-62
-67
-74
-74
-69
-71
-70
-74
-76
-82
-82
-74
-74
-74
-75
-67
-65
-57
-51
-24
28
99
191
284
390
487
545
526
453
338
210
82
-46
-174
-302
-430
-362
-279
-220
-181
-159
-156
-156
-155
-159
-162
-165
-167
-168
-174
-176
-182
-192
-192
-198
-198
-200
-203
-207
-212
-210
-214
-214
-218
-220
-220
-224
-231
-225
-224
-226
-224
-223
-222
-216
-209
-202
-190
-177
-156
-147
-137
-120
-107
-92
-84
-76
-73
-72
-73
-70
-69
-71
-68
-70
-70
-66
-71
-70
-69
-74
-78
-77
-74
-76
-77
-80
-79
-83
-83
-87
-85
-86
-86
-80
-84
-78
-69
-63
-52
-41
-22
-8
5
20
28
31
34
35
37
37
30
10
-17
-43
-52
-63
-69
-76
-81
-89
-87
-90
-87
-90
-92
-92
-87
-80
-76
-78
-79
-80
-78
-79
-74
-75
-75
-76
-66
-68
-62
-50
-36
-6
48
132
220
315
418
510
550
516
440
314
186
58
-70
-198
-326
-418
-343
-260
-207
-168
-159
-150
-149
-150
-150
-156
-155
-157
-160
-165
-169
-172
-176
-177
-182
-182
-188
-191
-193
-194
-192
-191
-196
-196
-198
-201
-207
-205
-204
-208
-206
-202
-201
-197
-192
-184
-178
-167
-157
-143
-132
-117
-105
-85
-75
-66
-59
-52
-53
-50
-50
-47
-53
-53
-54
-56
-56
-58
-58
-62
-61
-60
-64
-69
-66
-68
-68
-65
-67
-68
-72
-73
-69
-69
-69
-62
-55
-47
-35
-24
-7
11
26
38
49
55
60
62
64
63
56
37
12
-9
-24
-35
-43
-50
-56
-63
-57
-55
-56
-56
-64
-67
-70
-64
-63
-72
-72
-72
-71
-74
-72
-66
-64
-66
-62
-58
-53
-46
-31
3
70
146
236
328
426
506
521
467
378
250
122
-6
-134
-262
-390
-389
-309
-231
-185
-157
-149
-145
-139
-146
-148
-148
-150
-157
-158
-156
-163
-162
-172
-174
-176
-179
-176
-179
-188
-189
-191
-191
-200
-199
-198
-198
-198
-197
-195
-198
-199
-195
-191
-188
-183
-178
-170
-160
-146
-130
-116
-100
-90
-74
-64
-56
-52
-46
-40
-45
-42
-48
-42
-44
-50
-48
-47
-49
-51
-49
-52
-54
-57
-56
-59
-57
-54
-58
-58
-60
-63
-66
-60
-60
-59
-56
-52
-45
-35
-24
-9
3
17
33
48
57
66
67
68
71
72
68
56
37
8
-8
-22
-31
-37
-43
-51
-52
-48
-45
-43
-49
-53
-60
-62
-63
-63
-64
-63
-64
-65
-61
-63
-61
-58
-50
-52
-52
-46
-36
-18
19
78
158
249
342
437
512
524
473
387
259
131
3
-125
-253
-381
-378
-301
-220
-172
-148
-133
-133
-134
-133
-135
-136
-144
-143
-144
-151
-155
-162
-160
-169
-172
-174
-176
-177
-181
-184
-180
-182
-187
-187
-190
-196
-198
-199
-195
-195
-194
-195
-192
-189
-186
-180
-170
-160
-150
-135
-123
-107
-97
-81
-71
-66
-54
-51
-48
-46
-44
-49
-48
-48
-51
-52
-48
-48
-50
-56
-59
-62
-62
-63
-63
-60
-60
-57
-63
-64
-69
-64
-63
-64
-64
-68
-64
-58
-45
-32
-20
-7
9
23
37
49
55
57
61
68
71
67
54
31
7
-12
-20
-33
-49
-57
-63
-64
-66
-58
-60
-64
-66
-66
-76
-75
-69
-74
-79
-80
-83
-84
-82
-79
-72
-73
-68
-71
-64
-58
-37
0
66
148
230
324
426
506
524
474
394
266
138
10
-118
-246
-374
-397
-319
-249
-204
-170
-158
-151
-152
-156
-158
-157
-159
-166
-170
-172
-176
-180
-184
-190
-192
-192
-196
-198
-200
-205
-206
-211
-215
-216
-219
-226
-222
-222
-220
-223
-220
-223
-218
-217
-211
-202
-195
-185
-175
-162
-150
-133
-121
-106
-92
-83
-81
-74
-70
-67
-65
-66
-64
-63
-67
-67
-65
-64
-73
-81
-82
-78
-79
-78
-81
-76
-80
-84
-89
-82
-83
-87
-88
-84
-87
-80
-73
-64
-55
-38
-21
-2
9
22
29
29
31
40
45
42
28
8
-17
-31
-45
-48
-69
-81
-88
-89
-80
-70
-71
-76
-83
-88
-92
-91
-87
-93
-98
-97
-94
-100
-104
-97
-93
-93
-92
-92
-93
-82
-54
-22
39
129
229
331
441
527
548
505
421
293
165
37
-91
-219
-347
-420
-337
-264
-224
-201
-182
-172
-176
-177
-187
-192
-193
-194
-198
-203
-206
-211
-217
-216
-217
-227
-232
-238
-239
-239
-245
-247
-248
-251
-259
-262
-265
-260
-261
-267
-262
-260
-262
-259
-253
-247
-242
-233
-217
-200
-187
-169
-148
-141
-132
-121
-116
-109
-103
-100
-100
-96
-98
-99
-102
-105
-104
-106
-101
-99
-101
-108
-114
-113
-111
-113
-117
-119
-118
-112
-114
-119
-113
-119
-118
-113
-105
-92
-87
-73
-60
-42
-25
-9
-1
1
9
6
14
13
14
2
-21
-42
-57
-69
-77
-82
-91
-97
-97
-94
-91
-92
-94
-105
-109
-110
-107
-107
-111
-116
-113
-114
-111
-112
-108
-112
-104
-99
-91
-86
-72
-44
8
87
181
290
396
493
544
524
452
337
209
81
-47
-175
-303
-431
-377
-297
-235
-200
-182
-177
-174
-171
-173
-180
-185
-184
-187
-192
-198
-201
-206
-207
-206
-207
-212
-216
-214
-220
-223
-228
-228
-228
-233
-232
-233
-236
-235
-237
-234
-233
-236
-228
-225
-211
-209
-196
-183
-171
-155
-140
-124
-112
-105
-90
-83
-78
-73
-70
-77
-76
-73
-75
-78
-75
-78
-80
-80
-78
-86
-86
-84
-84
-86
-90
-90
-96
-95
-94
-93
-96
-95
-91
-88
-87
-79
-74
-66
-54
-44
-27
-11
2
16
26
29
35
37
40
39
37
24
2
-20
-36
-50
-60
-64
-72
-73
-70
-74
-69
-65
-67
-74
-77
-82
-80
-77
-81
-80
-78
-81
-72
-69
-64
-67
-61
-58
-57
-47
-36
-22
19
86
165
257
350
447
515
522
465
379
251
123
-5
-133
-261
-389
-375
-291
-212
-163
-137
-124
-122
-118
-124
-122
-126
-128
-138
-139
-141
-145
-148
-148
-152
-159
-158
-166
-167
-170
-170
-175
-180
-185
-187
-187
-192
-191
-190
-190
-190
-194
-184
-187
-183
-182
-173
-161
-154
-139
-123
-111
-100
-86
-75
-63
-53
-48
-42
-38
-40
-37
-39
-36
-40
-38
-38
-37
-37
-41
-43
-43
-48
-50
-47
-50
-51
-53
-55
-56
-58
-58
-55
-58
-58
-54
-51
-50
-40
-31
-21
-9
1
21
35
51
65
72
80
80
85
88
84
75
54
35
10
-7
-11
-26
-32
-38
-41
-40
-34
-32
-37
-42
-46
-51
-52
-50
-50
-57
-54
-56
-59
-57
-56
-56
-52
-50
-48
-40
-36
-19
18
83
164
250
345
438
507
515
462
381
253
125
-3
-131
-259
-387
-397
-319
-236
-186
-154
-146
-140
-135
-142
-142
-146
-148
-154
-160
-160
-167
-168
-172
-174
-174
-182
-187
-186
-189
-192
-198
-197
-198
-198
-202
-204
-202
-208
-203
-203
-197
-200
-196
-193
-186
-182
-173
-163
-152
-137
-126
-110
-96
-87
-72
-67
-60
-57
-51
-51
-55
-54
-53
-59
-57
-51
-54
-55
-57
-61
-62
-59
-64
-68
-67
-69
-72
-73
-70
-72
-75
-72
-70
-65
-61
-50
-41
-26
-6
9
22
37
49
56
62
67
71
66
58
40
18
-9
-24
-38
-44
-51
-63
-69
-66
-64
-56
-57
-64
-68
-73
-78
-73
-68
-77
-78
-80
-76
-75
-75
-73
-71
-71
-65
-65
-56
-43
-21
20
90
177
260
353
437
489
476
415
318
190
62
-66
-194
-322
-439
-366
-284
-220
-180
-154
-147
-145
-146
-149
-153
-156
-161
-163
-166
-170
-176
-174
-176
-183
-188
-191
-191
-194
-199
-199
-203
-209
-212
-211
-214
-217
-217
-219
-216
-218
-219
-214
-214
-211
-205
-199
-190
-178
-163
-152
-138
-124
-112
-97
-86
-85
-75
-74
-72
-70
-70
-71
-68
-70
-71
-71
-76
-78
-79
-81
-82
-80
-83
-85
-85
-87
-88
-87
-88
-90
-99
-95
-93
-89
-88
-77
-70
-59
-40
-25
-10
3
16
30
34
38
44
43
39
27
7
-20
-42
-57
-67
-76
-83
-91
-94
-93
-89
-87
-89
-94
-97
-105
-101
-101
-105
-110
-114
-117
-115
-115
-109
-111
-111
-108
-104
-93
-91
-72
-40
21
99
193
281
377
458
474
426
342
214
86
-42
-170
-298
-426
-465
-384
-303
-249
-216
-202
-198
-204
-206
-207
-211
-211
-214
-218
-223
-223
-231
-236
-239
-240
-246
-247
-253
-255
-258
-260
-257
-260
-265
-266
-271
-272
-268
-269
-272
-273
-269
-271
-267
-260
-256
-245
-233
-225
-212
-197
-182
-172
-161
-146
-138
-132
-130
-128
-128
-130
-130
-124
-126
-130
-134
-135
-137
-139
-143
-138
-143
-144
-144
-144
-144
-143
-145
-152
-154
-153
-153
-155
-151
-151
-143
-135
-119
-111
-97
-82
-69
-52
-44
-36
-30
-21
-18
-19
-25
-32
-58
-86
-105
-115
-123
-136
-144
-151
-153
-149
-146
-143
-149
-157
-155
-159
-156
-155
-155
-160
-161
-162
-168
-166
-161
-157
-156
-154
-150
-144
-136
-124
-98
-48
28
116
209
314
414
468
451
388
282
154
26
-102
-230
-358
-486
-443
-373
-302
-262
-244
-238
-233
-239
-239
-241
-244
-244
-246
-248
-252
-255
-257
-260
-261
-269
-275
-279
-280
-281
-281
-288
-287
-289
-293
-293
-295
-286
-288
-287
-290
-289
-286
-289
-283
-274
-264
-258
-244
-230
-217
-209
-190
-180
-167
-158
-147
-139
-140
-140
-140
-137
-137
-136
-135
-136
-140
-140
-142
-144
-146
-146
-145
-146
-151
-151
-148
-149
-154
-152
-150
-151
-151
-150
-155
-152
-144
-135
-132
-122
-112
-92
-72
-59
-46
-34
-22
-22
-12
-12
-7
-7
-17
-34
-61
-78
-88
-94
-100
-107
-114
-113
-110
-105
-100
-99
-103
-113
-113
-106
-106
-103
-106
-111
-108
-107
-105
-98
-95
-96
-91
-92
-78
-75
-54
-20
43
127
217
314
410
487
508
468
392
264
136
8
-120
-248
-376
-418
-346
-262
-211
-184
-162
-157
-157
-163
-164
-161
-165
-166
-172
-175
-182
-182
-188
-193
-193
-197
-199
-204
-203
-203
-203
-209
-208
-208
-213
-212
-211
-216
-213
-216
-211
-209
-205
-202
-197
-192
-186
-173
-164
-150
-138
-122
-108
-96
-82
-74
-67
-58
-58
-58
-59
-60
-63
-64
-64
-67
-69
-66
-63
-68
-69
-68
-72
-75
-68
-74
-75
-77
-79
-83
-79
-76
-79
-84
-76
-70
-62
-52
-38
-25
-9
6
25
34
45
46
52
50
55
56
43
22
-2
-21
-35
-44
-54
-60
-68
-70
-64
-64
-60
-66
-68
-73
-78
-76
-76
-74
-73
-83
-81
-79
-79
-77
-74
-73
-70
-69
-61
-53
-39
0
54
132
218
314
413
489
516
478
401
277
149
21
-107
-235
-363
-407
-322
-242
-190
-157
-146
-140
-139
-141
-141
-144
-147
-150
-156
-160
-162
-165
-167
-175
-176
-178
-182
-189
-187
-192
-187
-188
-193
-189
-192
-195
-194
-197
-197
-192
-191
-190
-184
-182
-171
-168
-161
-149
-136
-123
-108
-98
-81
-69
-57
-50
-47
-40
-44
-37
-36
-37
-38
-38
-44
-45
-47
-45
-45
-51
-51
-53
-50
-51
-53
-55
-57
-57
-56
-60
-58
-61
-60
-59
-49
-42
-31
-23
-6
6
21
38
52
63
72
74
84
84
85
76
58
34
8
-8
-18
-25
-37
-44
-47
-46
-39
-39
-41
-44
-47
-54
-55
-54
-54
-55
-60
-60
-63
-58
-53
-55
-55
-58
-52
-51
-39
-23
-1
56
136
219
312
405
486
514
480
404
286
158
30
-98
-226
-354
-397
-315
-245
-192
-160
-145
-138
-139
-144
-146
-148
-149
-154
-154
-159
-161
-168
-174
-175
-181
-184
-188
-189
-187
-195
-194
-197
-199
-200
-198
-200
-199
-197
-198
-197
-197
-195
-191
-185
-180
-174
-159
