-19
-28
-32
-39
-54
-79
-96
-109
-115
-123
-130
-131
-134
-136
-136
-134
-136
-139
-136
-136
-132
-131
-135
-134
-134
-137
-135
-133
-128
-128
-126
-129
-133
-129
-123
-111
-106
-96
-78
-59
-27
23
91
171
257
356
461
556
626
666
655
605
519
410
282
154
26
-102
-230
-358
-486
-596
-625
-642
-648
-653
-642
-624
-600
-578
-553
-521
-473
-419
-371
-328
-286
-250
-224
-217
-211
-201
-197
-187
-175
-161
-151
-137
-128
-106
-89
-66
-50
-38
-15
-3
10
30
44
62
79
89
97
106
115
126
140
150
156
164
167
167
168
167
167
158
149
135
112
89
71
53
32
16
-4
-20
-39
-55
-67
-78
-82
-89
-94
-98
-92
-90
-79
-72
-63
-50
-33
-15
-13
-7
-4
-10
-20
-27
-28
-40
-52
-66
-91
-105
-117
-118
-122
-126
-132
-132
-136
-132
-132
-132
-134
-136
-137
-140
-138
-133
-132
-128
-131
-128
-127
-125
-127
-123
-124
-122
-119
-122
-116
-114
-112
-100
-86
-60
-20
33
104
182
279
384
484
567
627
659
640
574
489
388
260
132
4
-124
-252
-380
-508
-552
-573
-585
-597
-603
-593
-571
-557
-537
-515
-475
-428
-384
-346
-298
-256
-225
-210
-202
-202
-194
-188
-182
-169
-150
-142
-134
-119
-104
-88
-72
-53
-33
-15
-2
10
24
41
63
74
90
95
108
117
124
133
152
154
159
164
161
161
159
146
143
131
111
97
70
50
30
11
-7
-21
-43
-54
-69
-80
-90
-94
-100
-102
-105
-104
-103
-98
-88
-78
-70
-55
-37
-24
-16
-14
-11
-21
-26
-34
-41
-52
-62
-80
-97
-113
-121
-133
-137
-143
-146
-148
-146
-152
-149
-146
-148
-152
-152
-151
-151
-145
-141
-142
-142
-147
-145
-146
-146
-138
-138
-141
-139
-137
-133
-130
-126
-110
-95
-65
-27
30
98
176
266
365
462
553
619
637
597
523
431
314
186
58
-70
-198
-326
-454
-582
-650
-668
-680
-684
-681
-663
-635
-604
-571
-528
-483
-433
-388
-347
-298
-260
-236
-218
-209
-198
-189
-177
-162
-147
-128
-113
-100
-81
-61
-40
-20
0
21
39
48
60
74
90
104
121
132
142
150
159
164
177
181
188
189
186
177
173
164
152
135
116
96
70
42
23
3
-14
-31
-50
-60
-77
-91
-98
-104
-108
-108
-116
-122
-124
-122
-124
-117
-110
-96
-91
-89
-88
-79
-60
-43
-31
-26
-27
-28
-38
-52
-56
-59
-69
-84
-99
-120
-137
-144
-150
-155
-155
-157
-164
-168
-164
-170
-165
-162
-159
-158
-159
-162
-159
-160
-160
-159
-155
-151
-153
-155
-153
-149
-148
-144
-138
-135
-126
-117
-100
-67
-21
33
103
175
260
357
451
535
594
604
560
476
373
245
117
-11
-139
-267
-395
-523
-622
-660
-682
-693
-691
-686
-663
-639
-607
-571
-525
-473
-423
-382
-340
-299
-267
-239
-220
-207
-200
-192
-187
-178
-166
-151
-138
-121
-106
-86
-69
-50
-36
-20
0
20
37
57
69
81
98
115
128
141
151
167
174
181
186
192
195
193
193
186
176
157
139
120
96
77
52
32
8
-14
-33
-50
-58
-69
-80
-92
-97
-103
-106
-100
-93
-83
-74
-66
-65
-57
-42
-20
-9
-6
-6
-19
-27
-35
-41
-52
-63
-78
-99
-121
-128
-135
-140
-145
-145
-143
-152
-150
-157
-154
-155
-152
-154
-151
-152
-154
-157
-150
-149
-145
-145
-148
-146
-144
-145
-141
-141
-130
-122
-114
-104
-83
-56
-9
53
130
216
316
422
517
595
637
624
562
465
340
212
84
-44
-172
-300
-428
-556
-641
-668
-679
-677
-676
-666
-640
-614
-584
-555
-505
-451
-396
-357
-307
-266
-237
-220
-214
-204
-194
-190
-178
-167
-158
-144
-128
-116
-92
-79
-57
-40
-25
-8
11
24
45
59
72
90
100
107
121
130
137
152
161
169
173
171
178
180
174
169
159
149
131
114
88
72
52
36
13
-12
-28
-41
-57
-67
-76
-84
-90
-100
-101
-97
-93
-82
-73
-62
-54
-40
-27
-15
-8
-3
-8
-10
-24
-33
-43
-53
-67
-86
-102
-116
-125
-128
-133
-137
-144
-139
-140
-144
-145
-147
-148
-145
-145
-139
-139
-141
-142
-144
-147
-149
-143
-143
-137
-137
-133
-135
-131
-124
-117
-106
-99
-77
-48
-1
63
141
234
332
434
530
600
644
650
607
537
439
319
191
63
-65
-193
-321
-449
-567
-596
-620
-628
-633
-637
-622
-604
-590
-566
-542
-498
-448
-404
-362
-317
-274
-249
-230
-231
-224
-216
-207
-199
-185
-176
-167
-157
-139
-119
-103
-84
-68
-50
-34
-17
-1
14
28
42
63
76
83
93
103
119
125
139
145
158
155
155
161
162
157
145
135
120
102
79
64
42
23
2
-14
-41
-55
-66
-79
-86
-93
-95
-97
-102
-102
-97
-92
-87
-75
-67
-51
-35
-24
-16
-12
-12
-17
-24
-32
-43
-53
-64
-91
-107
-117
-124
-133
-141
-144
-143
-146
-146
-142
-139
-138
-145
-146
-144
-145
-139
-137
-135
-141
-141
-143
-142
-139
-137
-137
-134
-129
-130
-131
-121
-116
-106
-90
-71
-40
5
77
151
239
333
460
563
614
627
596
526
439
316
188
60
-68
-196
-324
-452
-568
-594
-615
-625
-629
-629
-614
-595
-572
-540
-518
-477
-431
-388
-351
-303
-267
-242
-227
-222
-210
-201
-189
-177
-166
-150
-136
-130
-111
-93
-71
-49
-32
-15
0
13
28
44
59
71
83
96
107
113
121
131
143
148
155
159
159
160
155
150
137
127
116
102
75
54
33
16
0
-17
-37
-53
-72
-85
-88
-98
-103
-108
-114
-116
-122
-125
-123
-116
-110
-100
-96
-93
-88
-74
-61
-41
-30
-23
-20
-25
-32
-48
-51
-57
-67
-79
-98
-119
-134
-138
-143
-149
-153
-154
-155
-160
-162
-161
-160
-157
-153
-154
-157
-158
-161
-160
-160
-156
-154
-151
-151
-153
-156
-150
-147
-141
-141
-134
-127
-123
-119
-93
-61
-8
51
124
201
281
377
466
547
603
609
556
483
390
274
146
18
-110
-238
-366
-494
-616
-652
-669
-679
-686
-681
-664
-642
-612
-575
-529
-474
-434
-394
-346
-303
-270
-248
-230
-212
-195
-186
-185
-172
-157
-139
-127
-106
-90
-73
-57
-39
-21
0
19
37
53
69
82
92
109
120
133
149
157
170
173
182
188
191
191
189
184
173
152
132
116
95
74
51
29
0
-20
-38
-54
-71
-83
-95
-103
-108
-118
-123
-125
-124
-124
-122
-117
-114
-112
-103
-97
-87
-77
-64
-49
-38
-33
-34
-34
-40
-46
-54
-62
-71
-86
-104
-122
-132
-136
-144
-153
-159
-163
-167
-166
-163
-165
-160
-165
-166
-168
-167
-162
-160
-160
-161
-163
-162
-163
-160
-156
-150
-148
-145
-148
-144
-135
-127
-118
-95
-67
-22
29
97
174
261
362
467
552
605
604
544
449
348
220
92
-36
-164
-292
-420
-548
-639
-671
-684
-686
-684
-681
-660
-629
-599
-560
-516
-465
-419
-376
-331
-286
-250
-229
-213
-201
-196
-187
-180
-171
-153
-139
-125
-105
-88
-79
-60
-41
-16
3
18
27
45
60
77
93
108
121
134
142
152
164
170
181
186
191
187
184
175
169
163
150
136
111
92
63
38
14
-6
-23
-41
-54
-72
-83
-93
-99
-108
-113
-111
-105
-98
-90
-89
-76
-68
-53
-33
-18
-16
-16
-23
-26
-34
-39
-45
-52
-66
-92
-112
-132
-137
-137
-144
-148
-154
-157
-162
-162
-155
-156
-156
-158
-158
-157
-159
-160
-159
-151
-153
-155
-157
-157
-157
-154
-151
-146
-140
-135
-130
-126
-118
-97
-67
-27
35
101
183
273
377
480
563
622
647
614
539
449
331
203
75
-53
-181
-309
-437
-565
-634
-653
-661
-667
-670
-658
-630
-610
-583
-549
-497
-439
-396
-360
-323
-282
-249
-232
-222
-213
-214
-209
-200
-189
-170
-158
-136
-124
-109
-92
-74
-59
-38
-16
-1
20
35
47
62
73
94
105
118
129
137
145
156
161
167
174
176
175
164
152
139
122
106
88
67
46
20
1
-16
-36
-49
-57
-71
-83
-95
-103
-106
-104
-101
-92
-89
-80
-77
-70
-59
-34
-18
-14
-12
-17
-25
-36
-39
-43
-52
-66
-91
-109
-126
-132
-134
-141
-138
-139
-145
-150
-151
-152
-148
-148
-144
-145
-146
-148
-149
-149
-144
-141
-143
-137
-140
-145
-142
-139
-141
-131
-130
-123
-122
-109
-94
-64
-18
45
115
195
289
395
493
574
631
643
601
514
408
280
152
24
-104
-232
-360
-488
-603
-637
-652
-654
-661
-658
-641
-616
-591
-565
-533
-482
-437
-392
-352
-308
-275
-248
-239
-229
-217
-209
-201
-196
-185
-168
-154
-142
-128
-111
-92
-78
-63
-48
-25
-8
10
29
41
52
64
76
90
100
114
122
127
135
142
150
152
152
154
148
137
125
109
91
73
54
37
15
-8
-29
-46
-60
-71
-82
-93
-102
-107
-117
-122
-116
-112
-109
-105
-96
-94
-88
-79
-60
-41
-23
-16
-18
-23
-34
-41
-45
-50
-56
-73
-97
-120
-133
-136
-141
-143
-147
-148
-153
-158
-156
-153
-148
-152
-152
-149
-149
-155
-153
-150
-147
-146
-146
-147
-149
-145
-145
-139
-137
-136
-133
-131
-128
-122
-105
-78
-42
16
84
158
240
337
436
529
596
639
634
585
505
414
293
165
37
-91
-219
-347
-475
-574
-600
-616
-623
-630
-625
-609
-584
-566
-542
-505
-457
-413
-373
-334
-292
-264
-241
-231
-222
-217
-210
-203
-195
-181
-164
-144
-135
-115
-102
-83
-68
-51
-26
-13
4
22
36
49
62
74
88
99
115
127
132
137
142
145
154
162
161
152
146
136
120
99
82
67
43
21
-5
-23
-42
-56
-71
-82
-93
-107
-117
-123
-127
-124
-128
-128
-130
-134
-135
-134
-130
-117
-113
-111
-103
-97
-88
-73
-57
-37
-36
-37
-40
-53
-60
-64
-73
-85
-94
-110
-128
-144
-151
-156
-156
-157
-165
-166
-171
-172
-167
-163
-161
-163
-159
-161
-160
-163
-163
-161
-162
-160
-162
-161
-162
-160
-159
-156
-151
-148
-146
-139
-133
-114
-88
-42
13
82
154
234
328
421
513
582
616
594
532
451
341
213
85
-43
-171
-299
-427
-555
-663
-697
-709
-710
-713
-705
-681
-646
-613
-572
-524
-469
-426
-386
-343
-305
-271
-251
-237
-223
-213
-202
-197
-187
-175
-156
-140
-125
-102
-84
-64
-42
-24
-2
17
31
52
65
81
90
99
115
131
143
150
160
167
171
177
177
179
180
171
155
139
124
104
84
58
34
13
-16
-34
-54
-71
-85
-99
-108
-118
-126
-133
-136
-138
-137
-139
-138
-138
-134
-127
-126
-111
-104
-99
-88
-69
-59
-54
-46
-44
-43
-51
-63
-71
-83
-91
-107
-123
-136
-147
-152
-162
-170
-173
-174
-176
-177
-179
-179
-178
-181
-179
-179
-177
-175
-171
-178
-174
-173
-176
-172
-170
-166
-165
-168
-166
-164
-158
-155
-144
-131
-111
-83
-43
11
78
153
241
338
436
521
579
592
546
465
366
238
110
-18
-146
-274
-402
-530
-633
-668
-702
-716
-716
-713
-690
-656
-620
-587
-546
-497
-445
-399
-363
-316
-275
-245
-236
-224
-211
-202
-188
-177
-167
-161
-146
-131
-112
-94
-74
-59
-41
-23
-7
15
26
49
69
88
102
115
123
137
149
157
169
183
193
194
191
194
189
186
174
165
149
127
108
82
55
35
14
-2
-28
-48
-64
-80
-90
-99
-101
-109
-113
-123
-123
-114
-103
-97
-88
-80
-80
-71
-58
-39
-26
-20
-22
-22
-34
-45
-55
-59
-68
-81
-100
-120
-128
-136
-144
-148
-154
-155
-162
-162
-159
-163
-163
-162
-157
-157
-156
-158
-159
-156
-161
-158
-154
-151
-148
-153
-153
-151
-151
-144
-135
-127
-123
-109
-84
-50
3
74
154
244
339
440
526
598
633
621
556
467
356
228
100
-28
-156
-284
-412
-540
-645
-674
-685
-686
-690
-672
-643
-620
-592
-560
-509
-455
-404
-361
-314
-280
-249
-233
-226
-220
-212
-201
-195
-184
-173
-161
-143
-129
-113
-93
-76
-59
-39
-22
-6
16
33
50
63
75
85
100
114
129
141
151
158
159
168
166
172
167
171
162
151
137
125
103
82
61
42
20
0
-19
-37
-58
-66
-72
-88
-93
-101
-107
-112
-112
-107
-100
-90
-85
-78
-74
-60
-45
-22
-14
-12
-13
-21
-32
-39
-47
-49
-56
-70
-93
-110
-129
-134
-138
-147
-142
-142
-142
-145
-150
-146
-150
-147
-148
-146
-140
-144
-145
-144
-141
-143
-137
-138
-139
-139
-139
-139
-134
-128
-120
-114
-117
-105
-82
-50
7
79
159
246
349
450
542
611
648
642
581
492
382
254
126
-2
-130
-258
-386
-514
-598
-624
-639
-647
-647
-637
-619
-600
-582
-555
-514
-461
-414
-369
-327
-285
-257
-243
-232
-225
-218
-214
-204
-195
-189
-178
-161
-147
-128
-108
-92
-77
-60
-45
-24
-8
11
31
46
57
68
80
96
107
123
132
138
145
154
159
162
166
162
160
150
133
111
99
76
55
35
17
-3
-26
-44
-60
-75
-78
-87
-97
-106
-112
-113
-117
-112
-105
-97
-90
-87
-80
-66
-54
-31
-21
-20
-17
-25
-35
-43
-44
-54
-67
-83
-107
-126
-135
-135
-142
-140
-143
-147
-156
-151
-151
-155
-150
-145
-146
-149
-152
-149
-151
-154
-149
-147
-149
-147
-147
-145
-144
-143
-137
-137
-130
-127
-122
-111
-91
-54
-5
58
131
215
308
409
504
583
641
650
603
523
420
293
165
37
-91
-219
-347
-475
-595
-625
-640
-640
-644
-641
-623
-604
-584
-554
-518
-465
-418
-371
-332
-292
-257
-233
-219
-208
-199
-191
-183
-176
-165
-149
-129
-106
-90
-69
-52
-35
-16
2
18
36
53
67
80
88
99
110
123
133
143
144
153
160
164
170
171
166
164
155
140
124
110
90
69
47
23
-1
-19
-35
-52
-67
-75
-89
-102
-110
-117
-117
-121
-123
-122
-127
-128
-123
-119
-109
-102
-98
-91
-83
-72
-60
-42
-33
-30
-30
-32
-46
-58
-63
-70
-84
-97
-111
-123
-135
-147
-154
-156
-160
-158
-160
-161
-161
-166
-164
-164
-164
-161
-159
-161
-159
-159
-163
-160
-158
-158
-156
-157
-154
-155
-155
-153
-149
-141
-130
-120
-103
-69
-25
36
108
185
267
360
453
541
605
619
583
513
424
308
180
52
-76
-204
-332
-460
-588
-653
-682
-695
-700
-697
-683
-655
-621
-592
-557
-498
-454
-414
-369
-317
-282
-250
-238
-226
-213
-198
-188
-176
-166
-156
-140
-127
-106
-82
-60
-43
-28
-6
10
29
48
66
81
102
111
123
131
150
164
176
183
192
194
197
201
198
195
187
171
153
130
102
79
58
35
15
-10
-36
-55
-72
-86
-93
-98
-103
-110
-119
-120
-126
-120
-113
-109
-106
-97
-97
-93
-83
-64
-47
-33
-28
-28
-32
-43
-52
-58
-61
-68
-82
-102
-119
-133
-144
-144
-151
-154
-156
-159
-167
-167
-164
-167
-163
-161
-166
-161
-165
-170
-163
-160
-161
-160
-160
-161
-163
-158
-153
-153
-147
-140
-137
-132
-122
-104
-73
-23
35
109
185
277
382
482
574
626
622
564
472
354
226
98
-30
-158
-286
-414
-542
-642
-678
-698
-696
-694
-689
-667
-638
-602
-558
-511
-453
-405
-365
-321
-278
-244
-220
-208
-201
-186
-180
-173
-161
-152
-134
-116
-98
-81
-67
-52
-31
-10
5
27
40
60
81
92
105
120
136
149
159
168
177
182
192
192
196
202
194
191
178
161
145
128
109
89
66
39
15
-7
-26
-41
-54
-67
-77
-86
-96
-102
-112
-109
-102
-97
-88
-82
-78
-67
-57
-42
-22
-15
-13
-15
-25
-34
-42
-46
-55
-68
-86
-108
-128
-135
-141
-148
-148
-152
-150
-156
-159
-164
-158
-152
-154
-156
-158
-158
-160
-156
-155
-156
-152
-150
-148
-150
-152
-151
-147
-142
-136
-129
-125
-113
-92
-61
-13
58
131
216
312
418
511
596
646
657
611
534
436
308
180
52
-76
-204
-332
-460
-588
-639
-662
-671
-673
-668
-648
-630
-608
-581
-542
-490
-436
-387
-345
-304
-268
-243
-228
-220
-215
-207
-201
-192
-183
-173
-151
-140
-120
-101
-80
-66
-47
-30
-10
10
32
49
61
75
85
98
117
132
141
157
161
167
172
179
181
187
185
175
163
151
132
114
92
71
51
29
6
-17
-37
-48
-59
-70
-77
-87
-99
-103
-103
-101
-99
-88
-81
-74
-69
-59
-40
-25
-13
-9
-9
-20
-33
-39
-45
-51
-59
-76
-98
-114
-130
-137
-139
-143
-145
-149
-143
-149
-152
-155
-151
-149
-145
-146
-145
-145
-147
-147
-144
-145
-141
-137
-140
-143
-146
-138
-136
-129
-125
-123
-111
-98
-83
-48
11
79
157
242
345
448
539
608
644
635
570
480
366
238
110
-18
-146
-274
-402
-530
-611
-640
-651
-658
-664
-658
-638
-614
-590
-565
-529
-481
-433
-381
-343
-297
-263
-241
-229
-217
-206
-201
-192
-187
-179
-169
-155
-139
-123
-103
-82
-71
-52
-41
-20
-2
14
30
45
58
67
77
93
103
117
132
135
142
143
148
156
160
160
159
150
140
124
110
92
73
54
37
16
-4
-24
-46
-60
-69
-81
-92
-100
-106
-113
-114
-113
-106
-98
-90
-82
-77
-75
-55
-35
-20
-16
-16
-18
-30
-39
-47
-51
-61
-71
-93
-112
-128
-139
-144
-146
-146
-144
-153
-155
-155
-158
-156
-153
-151
-146
-150
-153
-152
-152
-153
-151
-148
-149
-150
-150
-150
-148
-139
-139
-136
-131
-130
-126
-108
-78
-31
28
104
181
264
361
457
541
606
646
634
579
493
393
265
137
9
-119
-247
-375
-503
-617
-641
-660
-668
-677
-675
-652
-627
-601
-569
-527
-475
-428
-383
-340
-300
-261
-242
-226
-213
-203
-193
-185
-178
-161
-149
-134
-116
-96
-80
-65
-50
-30
-9
11
26
43
57
72
84
97
107
118
132
140
147
153
158
164
167
170
172
168
153
145
130
117
92
75
56
34
12
-12
-29
-54
-63
-75
-85
-96
-106
-116
-120
-130
-127
-132
-133
-134
-126
-128
-121
-110
-107
-99
-87
-74
-58
-44
-42
-40
-35
-44
-54
-61
-73
-85
-94
-107
-123
-136
-147
-157
-157
-168
-170
-171
-168
-167
-166
-169
-172
-173
-174
-169
-169
-165
-162
-169
-168
-167
-163
-163
-161
-161
-161
-159
-159
-158
-151
-140
-130
-116
-94
-53
0
59
138
225
323
420
511
578
602
574
499
405
289
161
33
-95
-223
-351
-479
-607
-662
-695
-717
-723
-724
-714
-687
-649
-611
-571
-525
-471
-427
-381
-334
-288
-256
-232
-225
-217
-205
-192
-180
-168
-152
-139
-126
-112
-92
-66
-48
-28
-12
7
21
39
52
71
88
103
116
124
134
147
153
164
173
177
183
184
186
179
174
166
153
139
116
92
67
45
23
0
-19
-40
-59
-80
-95
-102
-109
-117
-124
-128
-134
-137
-132
-128
-120
-116
-109
-106
-102
-92
-86
-65
-51
-39
-35
-35
-47
-57
-62
-71
-78
-91
-106
-124
-143
-152
-157
-158
-162
-167
-172
-172
-180
-181
-179
-176
-172
-169
-171
-173
-171
-174
-169
-167
-171
-166
-168
-169
-169
-167
-160
-155
-150
-148
-146
-135
-116
-88
-47
9
83
162
247
343
438
532
595
625
596
517
428
309
181
53
-75
-203
-331
-459
-587
-646
-675
-688
-691
-691
-674
-650
-624
-596
-564
-508
-452
-410
-366
-323
-286
-254
-242
-230
-224
-215
-204
-198
-187
-170
-154
-137
-119
-97
-82
-67
-48
-30
-11
11
29
46
56
67
80
98
113
131
138
153
161
166
166
173
176
179
171
163
148
131
115
100
75
53
36
15
-9
-30
-46
-67
-80
-91
-98
-106
-118
-121
-124
-124
-112
-104
-99
-93
-88
-75
-58
-39
-30
-26
-29
-36
-50
-57
-63
-64
-76
-93
-113
-134
-146
-153
-161
-164
-162
-161
-165
-170
-172
-174
-173
-173
-168
-163
-166
-170
-170
-168
-166
-165
-159
-158
-160
-163
-165
-162
-157
-154
-149
-140
-134
-124
-100
-66
-9
61
141
232
337
443
538
605
632
613
547
455
336
208
80
-48
-176
-304
-432
-560
-651
-675
-688
-690
-686
-669
-646
-621
-593
-559
-506
-451
-402
-360
-319
-284
-259
-246
-237
-229
-226
-213
-205
-194
-184
-171
-154
-134
-111
-97
-82
-66
-52
-32
-14
3
22
38
49
61
72
81
98
109
119
126
136
139
147
144
147
147
142
138
125
111
92
72
54
39
16
-5
-29
-42
-66
-78
-88
-92
-104
-112
-122
-124
-122
-118
-107
-100
-92
-86
-76
-62
-44
-33
-25
-26
-35
-43
-55
-64
-69
-79
-98
-117
-138
-146
-154
-160
-162
-167
-164
-169
-169
-169
-173
-172
-169
-163
-161
-164
-165
-167
-166
-164
-164
-161
-158
-158
-158
-162
-156
-157
-154
-147
-140
-137
-125
-105
-65
-5
67
147
241
340
441
525
596
631
612
555
464
355
227
99
-29
-157
-285
-413
-541
-606
-630
-645
-648
-650
-638
-619
-594
-582
-558
-517
-466
-421
-381
-338
-298
-269
-258
-244
-242
-233
-222
-211
-209
-194
-185
-171
-152
-131
-115
-100
-89
-70
-57
-38
-20
-3
11
28
37
43
52
65
83
94
107
115
119
119
125
129
135
128
126
116
98
82
61
42
20
6
-12
-31
-54
-76
-84
-97
-107
-116
-124
-127
-137
-139
-139
-137
-129
-124
-117
-114
-104
-88
-64
-51
-44
-42
-48
-54
-68
-71
-81
-87
-97
-114
-136
-151
-166
-172
-176
-177
-180
-178
-183
-183
-186
-183
-180
-181
-180
-182
-182
-181
-179
-176
-173
-171
-170
-174
-176
-179
-178
-171
-167
-160
-152
-149
-139
-119
-88
-35
34
110
196
291
389
486
564
614
605
548
471
371
243
115
-13
-141
-269
-397
-525
-650
-678
-699
-701
-706
-697
-676
-653
-625
-598
-553
-500
-451
-404
-359
-316
-282
-258
-245
-234
-218
-207
-195
-181
-169
-151
-138
-124
-103
-84
-65
-47
-28
-10
7
27
40
59
69
77
91
102
115
123
133
139
146
145
154
157
156
154
154
142
130
119
98
79
60
35
15
0
-43
-62
-79
-90
-105
-112
-120
-129
-140
-143
-147
-146
-146
-146
-144
-140
-137
-130
-127
-111
-107
-95
-80
-66
-63
-58
-57
-56
-65
-77
-85
-95
-111
-129
-141
-152
-161
-170
-175
-182
-192
-193
-189
-188
-188
-186
-188
-191
-190
-188
-187
-186
-182
-184
-186
-182
-187
-185
-181
-179
-173
-172
-170
-175
-172
-161
-151
-136
-107
-72
-23
41
110
196
286
381
474
546
578
553
485
397
283
155
27
-101
-229
-357
-485
-613
-672
-707
-724
-729
-738
-729
-704
-668
-629
-591
-544
-497
-453
-411
-368
-318
-287
-260
-247
-241
-233
-222
-208
-201
-186
-173
-165
-149
-132
-114
-93
-73
-52
-33
-20
-4
13
32
49
66
83
95
110
116
131
140
152
161
168
172
167
162
156
149
134
121
101
77
50
31
5
-14
-35
-52
-71
-89
-104
-111
-121
-124
-127
-131
-131
-125
-123
-113
-107
-100
-83
-67
-53
-48
-45
-42
-43
-51
-58
-67
-70
-84
-97
-121
-140
-150
-155
-162
-169
-172
-174
-178
-180
-180
-176
-178
-180
-185
-181
-175
-178
-177
-177
-178
-177
-178
-180
-179
-171
-170
-169
-166
-167
-163
-157
-149
-132
-112
-83
-34
19
96
179
281
384
486
571
618
625
576
490
390
262
134
6
-122
-250
-378
-506
-634
-676
-694
-703
-706
-701
-684
-651
-622
-591
-548
-488
-438
-398
-351
-314
-275
-251
-240
-235
-230
-227
-216
-207
-193
-180
-161
-150
-132
-114
-98
-79
-52
-36
-16
-3
13
25
38
58
72
84
92
107
114
118
130
136
144
145
147
144
141
131
124
110
96
76
56
34
13
-10
-32
-47
-65
-82
-92
-109
-118
-126
-127
-125
-125
-123
-119
-115
-109
-103
-89
-73
-54
-42
-40
-37
-46
-54
-64
-68
-72
-77
-96
-115
-140
-152
-159
-156
-164
-169
-172
-179
-184
-182
-179
-180
-174
-175
-180
-182
-182
-176
-174
-175
-174
-176
-176
-176
-176
-169
-170
-165
-162
-159
-154
-152
-141
-122
-90
-41
23
89
171
266
369
464
549
607
622
589
512
422
302
174
46
-82
-210
-338
-466
-594
-634
-648
-660
-665
-668
-658
-642
-620
-599
-563
-511
-461
-420
-379
-334
-296
-268
-261
-249
-241
-234
-230
-222
-208
-195
-179
-164
-149
-135
-119
-98
-82
-62
-47
-33
-12
0
13
30
45
55
71
82
92
102
108
118
124
132
139
137
132
133
123
113
101
85
72
49
25
-1
-15
-34
-50
-63
-79
-88
-101
-110
-121
-125
-128
-128
-121
-115
-112
-105
-98
-88
-72
-56
-40
-31
-28
-34
-44
-55
-60
-65
-72
-80
-101
-131
-147
-154
-157
-159
-160
-166
-170
-172
-173
-172
-167
-167
-167
-169
-170
-166
-169
-168
-162
-164
-161
-161
-166
-167
-166
-163
-156
-149
-148
-148
-146
-138
-117
-85
-42
28
101
184
273
380
480
560
612
621
579
501
406
283
155
27
-101
-229
-357
-485
-606
-630
-643
-649
-651
-646
-632
-611
-592
-566
-528
-480
-435
-393
-353
-314
-282
-259
-251
-242
-233
-223
-219
-206
-195
-185
-171
-151
-134
-118
-96
-81
-69
-49
-33
-14
-1
13
24
36
46
60
75
84
91
97
106
110
117
121
129
127
129
121
115
103
88
76
53
40
15
-7
-30
-49
-66
-79
-93
-104
-120
-128
-140
-146
-155
-153
-154
-150
-149
-152
-150
-145
-135
-126
-120
-111
-95
-84
-71
-59
-51
-55
-56
-63
-70
-82
-90
-103
-118
-139
-141
-152
-163
-171
-176
-179
-182
-179
-179
-183
-179
-183
-184
-182
-181
-178
-179
-174
-179
-181
-185
-178
-175
-172
-172
-171
-172
-172
-170
-160
-154
-144
-126
-100
-63
-13
56
134
222
319
416
505
575
599
567
501
418
301
173
45
-83
-211
-339
-467
-595
-658
-683
-697
-707
-711
-695
-673
-645
-609
-575
-528
-476
-436
-395
-345
-299
-261
-250
-236
-226
-213
-203
-190
-179
-167
-154
-140
-124
-104
-82
-67
-43
-24
-11
7
19
39
57
74
92
103
116
124
137
146
159
163
172
171
174
173
169
162
152
140
122
104
80
50
29
12
-12
-30
-55
-69
-87
-101
-111
-120
-120
-125
-129
-134
-139
-138
-135
-127
-120
-115
-110
-105
-93
-83
-68
-54
-43
-36
-42
-52
-63
-70
-79
-89
-100
-123
-136
-151
-157
-166
-168
-171
-176
-177
-179
-184
-187
-182
-177
-182
-177
-175
-178
-177
-174
-172
-175
-174
-173
-171
-172
-172
-172
-170
-163
-157
-152
-144
-127
-110
-83
-32
28
99
179
273
371
466
546
594
588
527
440
331
203
75
-53
-181
-309
-437
-565
-663
-699
-712
-714
-713
-709
-685
-658
-625
-593
-553
-498
-448
-402
-361
-317
-284
-259
-244
-234
-220
-208
-200
-191
-179
-167
-148
-132
-113
-92
-76
-58
-45
-23
-5
14
33
46
61
67
78
99
107
119
132
137
149
157
166
162
168
165
157
147
137
113
95
82
59
42
13
-8
-28
-50
-66
-79
-89
-105
-112
-123
-130
-131
-128
-122
-116
-108
-98
-92
-87
-74
-56
-40
-31
-29
-33
-42
-51
-59
-69
-70
-86
-99
-121
-139
-150
-154
-160
-162
-163
-169
-168
-173
-175
-172
-170
-166
-168
-165
-168
-175
-173
-170
-163
-163
-160
-158
-163
-158
-161
-155
-150
-146
-144
-142
-134
-123
-100
-69
-15
50
123
214
306
412
510
587
630
627
576
501
398
272
144
16
-112
-240
-368
-496
-623
-647
-666
-676
-678
-670
-653
-637
-616
-589
-544
-492
-439
-390
-348
-308
-279
-260
-251
-245
-239
-228
-214
-209
-195
-181
-162
-143
-128
-112
-96
-77
-61
-36
-13
3
19
35
43
58
72
90
103
110
123
131
136
146
151
151
153
149
142
130
118
100
84
65
45
24
-1
-26
-41
-57
-75
-86
-96
-108
-116
-120
-125
-123
-115
-107
-98
-94
-87
-83
-64
-47
-32
-29
-30
-35
-48
-57
-63
-69
-75
-88
-108
-130
-144
-152
-160
-160
-160
-165
-168
-167
-166
-169
-169
-168
-164
-163
-161
-164
-162
-163
-163
-159
-157
-155
-157
-159
-156
-152
-150
-146
-141
-139
-135
-125
-103
-70
-13
59
132
220
314
414
510
578
622
625
572
492
386
258
130
2
-126
-254
-382
-510
-631
-654
-663
-664
-660
-645
-622
-601
-583
-557
-512
-459
-415
-375
-328
-295
-271
-256
-246
-235
-226
-218
-210
-201
-193
-177
-162
-139
-122
-106
-90
-74
-59
-42
-24
-9
5
21
32
43
50
66
80
92
98
112
120
122
124
130
134
135
131
121
110
94
79
63
45
30
6
-16
-36
-51
-67
-80
-87
-94
-104
-116
-120
-128
-127
-126
-121
-113
-101
-96
-90
-83
-68
-51
-33
-22
-19
-26
-36
-39
-50
-50
-59
-71
-87
-114
-129
-140
-147
-144
-146
-153
-156
-163
-165
-162
-159
-159
-156
-156
-159
-160
-160
-158
-155
-151
-151
-152
-152
-155
-151
-145
-145
-142
-140
-142
-138
-130
-116
-85
-38
25
99
176
266
369
463
545
605
628
603
541
450
340
212
84
-44
-172
-300
-428
-556
-625
-647
-651
-659
-663
-652
-630
-607
-584
-541
-493
-439
-402
-364
-324
-285
-264
-254
-240
-230
-222
-213
-204
-189
-172
-155
-139
-118
-102
-85
-74
-61
-36
-18
2
20
33
43
56
72
83
95
105
119
123
123
135
140
145
149
149
144
134
130
116
100
84
70
49
25
1
-19
-44
-56
-71
-86
-99
-112
-121
-132
-139
-138
-140
-140
-142
-146
-145
-145
-139
-129
-123
-117
-110
-98
-87
-73
-60
-47
-44
-47
-52
-64
-73
-76
-88
-104
-118
-132
-146
-155
-164
-169
-174
-176
-177
-176
-176
-176
-177
-177
-172
-169
-165
-165
-169
-169
-168
-169
-168
-163
-160
-162
-165
-161
-164
-155
-154
-146
-140
-128
-105
-77
-30
34
106
185
273
369
464
541
588
576
520
441
342
214
86
-42
-170
-298
-426
-554
-650
-685
-708
-713
-713
-711
-687
-657
-629
-598
-559
-508
-454
-408
-366
-326
-281
-251
-237
-226
-212
-194
-186
-175
-163
-150
-139
-123
-101
-82
-62
-46
-29
-7
7
23
33
52
71
86
96
113
121
125
136
147
157
165
173
178
177
177
173
168
161
146
131
111
89
63
47
21
4
-16
-40
-58
-75
-85
-97
-105
-117
-125
-130
-132
-137
-136
-133
-127
-118
-112
-110
-106
-106
-98
-76
-56
-49
-45
-42
-47
-60
-70
-68
-76
-88
-105
-127
-141
-154
-161
-166
-168
-172
-179
-181
-179
-182
-179
-179
-175
-176
-175
-176
-174
-168
-167
-166
-167
-162
-165
-164
-165
-161
-159
-157
-150
-147
-146
-142
-127
-102
-67
-10
49
122
198
291
384
482
560
609
603
543
456
359
234
106
-22
-150
-278
-406
-534
-640
-676
-697
-697
-701
-704
-686
-657
-630
-591
-551
-499
-451
-411
-371
-332
-292
-263
-246
-233
-221
-213
-207
-200
-190
-172
-153
-138
-125
-108
-95
-76
-58
-35
-16
3
17
35
50
58
75
92
105
119
131
137
148
156
166
172
175
176
173
163
146
133
120
103
81
57
35
11
-7
-31
-47
-63
-75
-87
-102
-113
-120
-122
-124
-123
-120
-111
-107
-108
-99
-91
-74
-54
-39
-28
-28
-32
-40
-46
-48
-55
-62
-75
-93
-116
-135
-145
-145
-149
-154
-159
-164
-167
-173
-172
-168
-167
-164
-168
-170
-168
-166
-161
-164
-162
-155
-154
-161
-161
-158
-148
-147
-144
-139
-141
-136
-126
-117
-96
-62
-17
46
115
204
297
405
502
585
630
630
570
487
380
252
124
-4
-132
-260
-388
-516
-629
-659
-672
-680
-678
-674
-656
-633
-606
-577
-539
-484
-436
-393
-353
-312
-271
-247
-231
-227
-222
-215
-210
-199
-183
-167
-151
-135
-125
-106
-90
-71
-52
-29
-15
4
21
33
43
64
78
89
107
115
123
130
137
145
154
160
162
162
156
151
140
130
117
101
82
57
33
11
-10
-23
-41
-56
-74
-85
-95
-108
-110
-114
-113
-116
-106
-98
-94
-88
-82
-67
-50
-33
-21
-17
-15
-21
-32
-39
-42
-47
-52
-67
-92
-114
-128
-138
-140
-141
-149
-154
-161
-156
-155
-153
-154
-152
-155
-157
-157
-158
-154
-149
-148
-149
-147
-151
-147
-150
-147
-143
-142
-136
-136
-133
-130
-120
-100
-70
-28
30
99
182
273
374
470
551
608
633
608
536
446
337
209
81
-47
-175
-303
-431
-559
-613
-629
-635
-645
-647
-633
-611
-591
-563
-528
-476
-430
-393
-354
-309
-268
-244
-237
-229
-226
-221
-211
-201
-190
-174
-158
-136
-124
-111
-92
-75
-55
-39
-17
-1
14
27
38
53
63
83
97
105
112
117
129
142
149
153
157
159
153
145
135
126
113
101
80
59
38
11
-9
-25
-38
-56
-65
-81
-95
-100
-110
-114
-110
-111
-111
-114
-109
-102
-94
-86
-78
-70
-50
-32
-22
-21
-19
-22
-33
-38
-44
-51
-62
-80
-100
-120
-127
-137
-141
-146
-152
-153
-154
-153
-154
-156
-150
-153
-159
-159
-156
-151
-150
-153
-155
-154
-155
-158
-158
-152
-151
-150
-147
-145
-143
-137
-130
-115
-91
-63
-19
43
115
198
297
400
495
571
617
610
550
464
359
231
103
-25
-153
-281
-409
-537
-632
-658
-672
-680
-689
-672
-649
-619
-588
-556
-511
-459
-413
-372
-330
-290
-260
-243
-230
-223
-218
-203
-190
-172
-161
-143
-127
-114
-97
-75
-56
-37
-16
1
17
31
44
57
74
86
101
109
120
128
129
143
154
158
166
164
163
161
153
147
139
130
113
98
70
49
26
5
-16
-31
-48
-67
-79
-95
-105
-113
-116
-122
-127
-132
-139
-141
-139
-135
-127
-119
-117
-113
-112
-104
-93
-78
-66
-44
-38
-39
-43
-55
-59
-62
-68
-79
-96
-114
-132
-144
-152
-153
-155
-162
-164
-170
-174
-174
-175
-171
-170
-166
-167
-168
-170
-173
-161
-166
-160
-161
-165
-164
-161
-159
-152
-153
-148
-146
-138
-130
-121
-92
-59
-7
60
125
195
284
381
473
553
600
587
524
437
332
204
76
-52
-180
-308
-436
-564
-660
-687
-697
-708
-715
-711
-687
-658
-621
-585
-531
-485
-437
-398
-358
-313
-276
-245
-226
-211
-200
-190
-181
-172
-162
-143
-126
-103
-83
-73
-56
-41
-22
-1
19
36
56
69
83
98
116
129
141
150
171
183
186
190
196
204
206
210
199
185
174
161
138
120
101
76
50
27
4
-16
-36
-52
-68
-79
-87
-96
-105
-111
-111
-115
-109
-109
-104
-96
-91
-83
-75
-62
-45
-30
-21
-15
-14
-17
-28
-33
-40
-47
-60
-78
-96
-110
-122
-130
-136
-147
-148
-153
-156
-156
-154
-153
-152
-154
-153
-153
-153
-151
-147
-148
-150
-152
-149
-149
-145
-142
-143
-139
-136
-130
-129
-116
-110
-96
-73
-45
-1
61
134
219
315
420
514
594
642
641
584
504
405
287
159
31
-97
-225
-353
-481
-609
-644
-664
-682
-683
-680
-671
-641
-617
-584
-546
-496
-446
-399
-360
-314
-275
-239
-220
-215
-206
-204
-192
-181
-168
-158
-142
-123
-109
-98
-79
-58
-41
-19
1
21
32
51
71
82
100
113
125
130
144
150
164
173
181
183
182
186
183
176
161
153
137
122
103
78
54
29
13
-12
-30
-45
-61
-79
-85
-95
-98
-106
-105
-105
-106
-102
-92
-82
-70
-62
-48
-33
-24
-16
-10
-10
-13
-22
-33
-42
-47
-61
-82
-102
-115
-128
-131
-138
-143
-145
-146
-148
-147
-149
-149
-149
-152
-149
-151
-148
-148
-144
-145
-145
-147
-147
-141
-138
-138
-132
-135
-141
-134
-126
-121
-106
-94
-68
-32
22
86
159
246
344
443
533
605
650
651
615
546
455
335
207
79
-49
-177
-305
-433
-561
-611
-638
-649
-655
-651
-635
-616
-595
-573
-545
-496
-442
-400
-355
-308
-274
-243
-236
-225
-221
-216
-204
-196
-185
-169
-155
-140
-125
-110
-88
-74
-51
-36
-18
-1
13
28
50
68
80
95
100
115
127
137
152
161
166
170
170
168
167
163
157
145
128
108
84
61
44
26
5
-9
-27
-49
-64
-73
-86
-90
-93
-100
-107
-110
-104
-103
-86
-80
-70
-60
-54
-40
-23
-14
-10
-8
-12
-18
-28
-40
-45
-52
-71
-86
-110
-121
-130
-138
-143
-144
-145
-150
-144
-153
-153
-155
-153
-154
-149
-145
-143
-147
-148
-151
-149
-146
-144
-142
-146
-150
-146
-143
-142
-138
-128
-127
-115
-97
-71
-20
48
123
210
305
409
507
581
635
648
618
546
457
337
209
81
-47
-175
-303
-431
-559
-622
-642
-652
-653
-651
-627
-600
-585
-560
-521
-470
-425
-380
-334
-297
-263
-245
-234
-227
-217
-209
-199
-184
-172
-160
-147
-132
-114
-96
-74
-54
-38
-23
-6
14
26
44
60
76
85
93
103
110
119
133
143
149
150
149
151
155
153
152
142
129
111
92
76
55
34
13
-5
-27
-42
-62
-76
-89
-95
-103
-111
-121
-124
-128
-128
-127
-127
-127
-118
-113
-111
-105
-99
-88
-80
-62
-47
-37
-29
-26
-26
-35
-45
-47
-56
-72
-85
-100
-118
-130
-134
-136
-147
-155
-160
-160
-162
-160
-158
-159
-157
-158
-156
-156
-151
-150
-155
-157
-160
-156
-154
-153
-149
-148
-144
-145
-145
-143
-136
-130
-116
-94
-64
-19
38
110
189
280
377
472
558
612
624
578
512
426
314
186
58
-70
-198
-326
-454
-582
-647
-677
-692
-698
-706
-686
-662
-632
-597
-564
-514
-466
-423
-375
-328
-286
-257
-236
-224
-215
-203
-196
-177
-165
-150
-133
-124
-104
-91
-73
-51
-29
-12
6
26
34
55
65
86
98
111
123
135
144
149
159
166
176
182
185
189
182
171
162
150
137
119
97
77
48
24
2
-18
-29
-54
-72
-87
-99
-111
-118
-126
-127
-135
-137
-136
-138
-135
-125
-116
-112
-106
-103
-95
-79
-60
-48
-43
-39
-43
-56
-66
-73
-77
-91
-103
-120
-139
-152
-160
-166
-171
-173
-171
-177
-181
-183
-184
-180
-183
-178
-178
-179
-180
-180
-181
-183
-177
-169
-170
-170
-167
-171
-172
-167
-161
-155
-147
-145
-130
-100
-62
-9
54
129
212
307
402
498
563
598
580
512
420
303
175
47
-81
-209
-337
-465
-593
-675
-704
-716
-709
-711
-695
-668
-641
-613
-576
-531
-477
-427
-389
-345
-306
-268
-248
-234
-223
-213
-201
-192
-186
-175
-163
-145
-129
-107
-89
-69
-49
-35
-20
2
22
41
57
66
86
95
110
121
132
145
159
166
171
179
180
178
181
175
175
164
148
127
108
88
68
44
21
1
-24
-45
-62
-76
-87
-94
-101
-110
-117
-119
-121
-116
-112
-100
-93
-91
-88
-77
-56
-39
-27
-22
-21
-30
-41
-51
-55
-66
-70
-87
-115
-135
-143
-147
-154
-155
-157
-163
-167
-167
-169
-164
-167
-166
-166
-163
-168
-171
-171
-165
-163
-161
-160
-162
-161
-156
-155
-153
-150
-146
-136
-134
-127
-106
-82
-36
31
104
189
285
383
483
565
637
640
585
504
402
274
146
18
-110
-238
-366
-494
-612
-647
-672
-685
-686
-689
-673
-655
-633
-607
-562
-509
-457
-404
-361
-316
-285
-259
-245
-237
-226
-216
-214
-205
-196
-182
-171
-150
-130
-113
-99
-80
-60
-48
-29
-10
10
31
46
58
64
81
95
113
124
136
147
153
154
158
164
166
166
159
147
134
118
101
81
65
39
15
-7
-28
-47
-64
-77
-85
-97
-105
-114
-122
-125
-120
-116
-108
-103
-98
-92
-84
-68
-50
-36
-30
-28
-30
-44
-50
-52
-57
-64
-83
-108
-125
-139
-147
-151
-158
-154
-162
-166
-167
-169
-171
-169
-162
-163
-161
-161
-163
-165
-165
-161
-161
-158
-157
-157
-159
-159
-159
-156
-148
-143
-135
-133
-128
-107
-80
-34
30
102
178
268
369
466
548
611
640
609
539
443
325
197
69
-59
-187
-315
-443
-571
-633
-653
-662
-660
-659
-638
-620
-598
-579
-546
-500
-448
-401
-365
-320
-284
-258
-237
-233
-220
-214
-206
-198
-188
-177
-159
-143
-125
-113
-96
-76
-60
-42
-22
-3
13
27
41
52
63
78
89
102
114
123
132
133
140
149
155
155
152
145
134
121
105
89
70
53
28
2
-15
-33
-46
-56
-75
-84
-101
-108
-120
-124
-128
-128
-122
-120
-119
-110
-106
-99
-91
-79
-58
-44
-32
-32
-33
-38
-43
-53
-56
-57
-67
-88
-107
-127
-138
-142
-142
-152
-160
-163
-171
-169
-168
-169
-165
-166
-169
-172
-175
-170
-164
-167
-164
-161
-164
-169
-165
-163
-160
-159
-154
-156
-158
-155
-148
-142
-120
-89
-36
22
93
173
258
359
458
537
596
622
591
520
435
327
199
71
-57
-185
-313
-441
-569
-645
-668
-685
-691
-702
-683
-659
-627
-600
-557
-506
-458
-419
-375
-331
-291
-264
-250
-244
-237
-224
-215
-207
-184
-169
-154
-136
-121
-106
-86
-64
-45
-22
-1
11
25
43
56
71
84
95
107
120
124
133
141
148
152
158
157
149
145
139
118
104
86
64
45
19
-4
-20
-40
-55
-76
-92
-108
-117
-127
-136
-138
-138
-142
-149
-148
-146
-143
-137
-127
-123
-113
-108
-104
-85
-69
-58
-48
-48
-52
-63
-72
-80
-88
-96
-108
-123
-136
-155
-160
-168
-172
-174
-174
-178
-181
-183
-185
-184
-184
-180
-176
-176
-181
-179
-183
-178
-180
-177
-175
-169
-169
-174
-170
-169
-164
-159
-152
-147
-137
-120
-93
-44
18
91
167
256
354
451
535
585
583
530
439
324
196
68
-60
-188
-316
-444
-572
-660
-700
-725
-726
-723
-717
-691
-664
-632
-594
-541
-484
-439
-390
-343
-300
-266
-246
-229
-213
-200
-190
-182
-168
-153
-139
-124
-104
-84
-63
-47
-29
-11
7
23
42
56
73
91
96
111
120
135
144
155
169
178
174
178
181
180
178
170
158
147
132
112
90
66
41
22
1
-21
-44
-68
-79
-96
-102
-111
-121
-126
-133
-134
-130
-131
-128
-122
-116
-106
-110
-100
-91
-75
-57
-44
-40
-43
-47
-52
-60
-69
-75
-82
-101
-122
-141
-150
-157
-156
-162
-168
-177
-181
-186
-185
-183
-180
-177
-178
-182
-184
-176
-173
-171
-172
-174
-172
-177
-177
-174
-170
-169
-166
-160
-157
-152
-142
-131
-103
-65
-11
55
131
219
315
416
510
587
628
613
555
477
375
247
119
-9
-137
-265
-393
-521
-627
-661
-680
-688
-692
-689
-672
-648
-620
-589
-546
-493
-447
-406
-365
-324
-288
-262
-244
-232
-222
-222
-214
-210
-197
-181
-166
-151
-133
-115
-100
-80
-61
-44
-24
-6
9
27
44
57
71
87
104
121
131
137
144
149
161
170
175
173
170
165
151
141
125
108
87
65
42
17
-5
-23
-43
-58
-71
-86
-98
-112
-114
-117
-116
-111
-105
-101
-99
-92
-83
-73
-57
-35
-27
-26
-29
-30
-34
-39
-44
-45
-60
-82
-106
-118
-132
-136
-138
-144
-150
-154
-159
-158
-158
-155
-157
-156
-154
-158
-157
-157
-154
-151
-154
-149
-150
-153
-151
-152
-151
-140
-137
-132
-136
-131
-121
-110
-85
-54
1
67
139
227
325
429
526
601
635
635
577
492
390
262
134
6
-122
-250
-378
-506
-613
-644
-663
-664
-668
-668
-658
-631
-608
-583
-543
-492
-444
-403
-361
-319
-277
-247
-237
-231
-223
-218
-210
-205
-191
-176
-159
-147
-135
-117
-105
-87
-69
-45
-29
-10
8
19
34
45
59
73
86
97
106
119
126
137
139
149
157
161
154
147
141
128
118
105
86
66
44
19
2
-17
-32
-52
-64
-79
-92
-103
-110
-113
-117
-119
-114
-116
-112
-106
-99
-89
-80
-67
-48
-36
-30
-32
-29
-33
-39
-45
-53
-61
-75
-95
-119
-127
-138
-144
-150
-153
-158
-157
-159
-155
-159
-155
-156
-159
-159
-159
-156
-153
-155
-156
-156
-156
-155
-154
-151
-148
-146
-149
-147
-146
-141
-135
-125
-115
-91
-62
-12
54
126
211
303
400
489
563
618
641
620
555
473
365
237
109
-19
-147
-275
-403
-531
-588
-610
-626
-634
-633
-622
-603
-588
-567
-537
-495
-452
-412
-372
-328
-290
-261
-251
-248
-239
-228
-215
-208
-195
-180
-167
-155
-138
-122
-105
-81
-65
-49
-31
-16
-2
11
30
52
66
75
86
97
104
113
127
135
143
144
151
150
146
140
134
123
107
92
66
45
26
8
-14
-31
-52
-67
-83
-95
-104
-117
-118
-120
-127
-132
-135
-136
-134
-128
-120
-110
-105
-103
-98
-79
-60
-45
-37
-36
-33
-46
-57
-66
-65
-71
-86
-101
-117
-135
-145
-148
-154
-159
-160
-159
-163
-167
-169
-172
-172
-167
-168
-170
-167
-167
-168
-169
-166
-163
-159
-163
-156
-163
-165
-164
-155
-152
-146
-146
-143
-135
-112
-85
-39
26
101
175
268
367
469
558
617
623
570
496
395
268
140
12
-116
-244
-372
-500
-628
-665
-682
-693
-697
-691
-673
-651
-624
-587
-542
-483
-438
-392
-346
-308
-278
-252
-235
-221
-211
-201
-193
-183
-172
-157
-140
-118
-97
-82
-66
-50
-31
-12
8
26
44
56
74
85
97
112
128
132
141
149
150
158
162
167
168
170
162
149
136
121
102
86
65
45
20
-3
-28
-48
-66
-79
-90
-102
-112
-122
-129
-136
-139
-135
-136
-136
-129
-125
-123
-119
-112
-105
-94
-78
-62
-52
-49
-48
-43
-47
-57
-63
-68
-86
-100
-114
-128
-141
-147
-158
-162
-173
-176
-176
-177
-175
-175
-172
-172
-173
-172
-169
-170
-168
-171
-170
-172
-171
-171
-171
-165
-162
-160
-159
-159
-156
-154
-146
-140
-116
-92
-61
-15
45
114
198
292
395
486
561
601
581
521
437
331
203
75
-53
-181
-309
-437
-565
-640
-672
-685
-688
-694
-682
-656
-630
-597
-568
-520
-475
-431
-386
-338
-294
-255
-240
-231
-218
-210
-202
-191
-176
-165
-156
-143
-128
-110
-88
-71
-46
-29
-12
1
14
38
55
67
84
97
113
122
135
148
165
176
180
180
184
183
182
175
171
157
143
123
105
82
61
33
11
-6
-29
-44
-64
-78
-86
-95
-101
-105
-109
-104
-108
-108
-104
-96
-84
-76
-71
-55
-42
-32
-27
-24
-23
-29
-43
-51
-57
-64
-79
-98
-117
-127
-134
-139
-146
-153
-157
-156
-160
-163
-160
-159
-160
-157
-158
-156
-159
-159
-158
-160
-163
-162
-159
-156
-153
-151
-153
-151
-146
-141
-134
-125
-111
-90
-55
-7
58
137
227
330
433
530
602
641
628
573
489
377
249
121
-7
-135
-263
-391
-519
-633
-664
-680
-690
-691
-679
-653
-629
-604
-576
-530
-479
-427
-381
-337
-293
-262
-244
-241
-235
-219
-214
-207
-192
-179
-169
-153
-140
-123
-103
-84
-65
-47
-27
-13
6
23
43
60
75
93
100
107
117
127
136
150
162
165
165
167
164
163
158
152
143
126
105
85
62
42
24
2
-19
-36
-54
-70
-83
-88
-98
-104
-108
-111
-113
-110
-102
-93
-86
-80
-72
-62
-47
-30
-23
-19
-13
-21
-33
-40
-48
-54
-64
-86
-105
-119
-129
-136
-141
-142
-141
-145
-149
-151
-150
-151
-153
-151
-154
-150
-152
-152
-152
-152
-148
-148
-145
-142
-138
-141
-141
-141
-138
-130
-129
-122
-114
-96
-70
-31
30
103
186
276
372
467
550
611
643
631
575
490
387
259
131
3
-125
-253
-381
-509
-583
-616
-627
-632
-633
-628
-613
-594
-575
-553
-517
-467
-423
-372
-328
-292
-264
-243
-237
-232
-223
-213
-204
-191
-185
-171
-157
-142
-123
-104
-85
-69
-54
-38
-21
-4
16
30
47
62
69
83
98
110
123
134
144
149
151
159
165
162
155
152
141
121
104
86
75
52
32
12
-11
-27
-49
-68
-77
-84
-96
-106
-112
-116
-116
-117
-115
-112
-103
-98
-92
-85
-80
-65
-49
-28
-18
-16
-19
-23
-35
-42
-41
-48
-60
-79
-95
-117
-127
-130
-134
-134
-138
-146
-150
-151
-146
-143
-142
-142
-144
-146
-146
-146
-146
-140
-143
-141
-140
-143
-145
-142
-139
-136
-134
-130
-131
-128
-126
-119
-94
-62
-19
49
117
191
283
384
483
562
625
651
630
567
484
381
253
125
-3
-131
-259
-387
-515
-579
-604
-612
-616
-620
-608
-594
-571
-551
-521
-480
-435
-392
-354
-313
-273
-247
-228
-220
-212
-211
-203
-191
-180
-165
-147
-133
-115
-102
-87
-78
-53
-33
-13
7
24
37
46
63
78
91
101
110
119
125
134
140
149
159
157
157
153
144
137
132
121
103
87
60
36
11
-2
-21
-38
-53
-68
-82
-93
-102
-110
-109
-112
-114
-119
-125
-125
-126
-122
-117
-111
-102
-98
-93
-90
-79
-66
-47
-30
-27
-27
-26
-34
-41
-52
-56
-62
-75
-89
-105
-124
-130
-138
-136
-145
-147
-151
-154
-156
-154
-151
-150
-147
-147
-152
-156
-154
-153
-150
-146
-145
-145
-150
-152
-152
-151
-143
-140
-139
-137
-134
-128
-126
-108
-72
-27
30
96
170
250
341
436
528
598
628
605
540
461
367
239
111
-17
-145
-273
-401
-529
-621
-650
-663
-674
-673
-666
-642
-625
-596
-558
-515
-461
-418
-380
-340
-298
-260
-234
-225
-210
-198
-191
-186
-176
-156
-141
-126
-106
-92
-79
-60
-41
-16
6
23
43
54
68
87
102
117
129
144
156
167
168
181
192
190
191
193
196
189
178
158
146
125
106
86
59
35
13
-6
-26
-43
-58
-70
-86
-92
-98
-107
-113
-112
-116
-117
-112
-112
-106
-98
-88
-81
-77
-68
-57
-41
-30
-23
-21
-22
-30
-41
-45
-55
-70
-81
-99
-111
-125
-131
-138
-142
-147
-150
-151
-151
-151
-155
-157
-155
-154
-152
-148
-150
-146
-151
-149
-148
-149
-146
-145
-141
-139
-136
-140
-141
-136
-123
-117
-105
-87
-65
-28
22
89
167
258
357
455
543
604
615
575
493
394
266
138
10
-118
-246
-374
-502
-613
-650
-674
-678
-681
-674
-653
-616
-592
-558
-526
-476
-425
-380
-343
-297
-258
-226
-212
-198
-189
-178
-175
-161
-144
-139
-127
-116
-100
-80
-59
-41
-21
-2
13
27
44
61
79
98
113
124
137
146
155
168
177
192
202
201
199
202
197
196
186
180
166
146
128
104
80
63
42
19
-1
-20
-38
-53
-67
-75
-81
-83
-90
-100
-99
-101
-92
-87
-82
-73
-69
-67
-62
-41
-25
-11
-3
-3
-10
-19
-28
-32
-39
-47
-61
-78
-97
-116
-124
-129
-132
-135
-141
-138
-146
-150
-151
-148
-149
-147
-147
-145
-144
-145
-147
-142
-143
-140
-138
-134
-135
-133
-132
-131
-127
-119
-117
-109
-101
-78
-47
3
73
146
238
325
432
525
601
653
657
610
537
442
321
193
65
-63
-191
-319
-447
-575
-624
-644
-651
-654
-649
-631
-616
-590
-566
-524
-472
-423
-378
-337
-295
-262
-243
-230
-219
-215
-205
-197
-192
-182
-172
-156
-139
-123
-111
-89
-77
-58
-42
-21
2
18
38
52
64
77
91
107
121
134
147
155
161
168
168
175
177
177
173
166
157
140
126
106
90
66
44
20
-6
-19
-36
-48
-62
-73
-80
-91
-98
-100
-100
-98
-89
-80
-79
-74
-68
-59
-43
-24
-11
-6
-8
-13
-25
-35
-36
-35
-47
-67
-91
-108
-121
-124
-128
-130
-128
-135
-138
-140
-141
-140
-137
-136
-132
-134
-135
-136
-138
-133
-129
-127
-127
-133
-131
-128
-128
-127
-121
-119
-119
-110
-100
-88
-60
-23
33
105
180
266
362
463
555
623
658
637
576
483
372
244
116
-12
-140
-268
-396
-524
-598
-621
-629
-628
-627
-620
-606
-590
-568
-540
-501
-452
-406
-366
-324
-283
-250
-226
-216
-207
-201
-195
-190
-180
-166
-151
-136
-121
-108
-96
-74
-64
-44
-24
-5
14
27
40
53
65
82
95
106
120
126
133
138
144
152
158
161
165
159
148
139
127
119
100
87
70
43
19
-2
-20
-32
-44
-56
-65
-78
-91
-96
-97
-100
-102
-99
-98
-103
-96
-87
-78
-68
-58
-48
-28
-15
-7
-9
-6
-8
-16
-24
-33
-40
-57
-71
-90
-103
-112
-115
-122
-133
-134
-138
-132
-130
-134
-133
-137
-133
-134
-129
-129
-128
-131
-131
-130
-128
-128
-130
-128
-125
-127
-126
-127
-129
-127
-116
-108
-96
-77
-48
2
63
140
222
310
403
491
568
618
642
630
573
496
396
268
140
12
-116
-244
-372
-500
-594
-616
-634
-641
-647
-632
-610
-590
-571
-536
-491
-443
-399
-356
-311
-271
-241
-225
-213
-208
-198
-188
-173
-161
-146
-134
-119
-99
-80
-57
-39
-19
-7
9
27
47
61
82
92
104
117
123
129
144
154
166
170
180
181
177
175
173
169
161
148
129
110
88
66
47
26
3
-16
-35
-50
-63
-74
-85
-90
-89
-93
-105
-110
-112
-109
-111
-103
-102
-98
-89
-88
-84
-73
-63
-52
-34
-20
-18
-13
-11
-19
-28
-33
-34
-48
-62
-82
-97
-107
-114
-116
-128
-131
-137
-140
-140
-140
-138
-132
-137
-140
-139
-134
-137
-135
-131
-134
-133
-137
-137
-139
-136
-131
-128
-129
-133
-131
-129
-118
-109
-89
-69
-38
9
65
142
217
309
407
510
582
622
604
546
459
354
226
98
-30
-158
-286
-414
-542
-628
-659
-676
-684
-687
-683
-646
-617
-583
-544
-495
-450
-407
-362
-316
-271
-238
-219
-201
-190
-180
-170
-152
-145
-128
-115
-100
-84
-63
-46
-25
-4
12
27
47
62
80
99
115
126
143
148
162
171
179
190
200
202
206
206
203
200
194
179
167
151
131
104
80
57
33
15
-5
-24
-43
-60
-79
-80
-87
-96
-102
-99
-104
-111
-120
-118
-110
-102
-92
-85
-83
-76
-75
-67
-48
-25
-15
-12
-11
-19
-31
-37
-39
-47
-59
-73
-97
-111
-123
-127
-132
-136
-136
-140
-151
-147
-147
-146
-143
-142
-140
-143
-141
-145
-143
-143
-142
-140
-139
-139
-141
-140
-136
-133
-126
-123
-124
-117
-110
-100
-77
-46
0
64
138
211
297
395
493
578
632
629
570
482
378
250
122
-6
-134
-262
-390
-518
-619
-649
-662
-667
-668
-660
-639
-605
-576
-539
-488
-431
-394
-353
-309
-266
-234
-209
-198
-187
-181
-174
-169
-158
-139
-124
-110
-96
-83
-66
-45
-29
-9
10
29
49
61
78
89
102
125
138
153
163
178
181
188
195
205
214
212
210
207
194
180
162
151
135
113
91
69
41
16
-4
-18
-30
-42
-57
-73
-79
-85
-91
-93
-91
-88
-90
-81
-75
-70
-62
-52
-43
-23
-8
-6
-5
-6
-8
-15
-24
-29
-27
-48
-66
-87
-104
-110
-117
-122
-130
-133
-134
-134
-136
-134
-133
-135
-138
-138
-134
-133
-135
-133
-132
-132
-134
-131
-133
-128
-129
-126
-119
-122
-119
-118
-113
-101
-81
-54
-19
31
92
171
262
359
457
546
615
648
634
572
486
380
252
124
-4
-132
-260
-388
-516
-609
-643
-660
-666
-663
-649
-625
-596
-564
-537
-491
-435
-392
-348
-303
-265
-233
-217
-205
-204
-202
-185
-175
-165
-150
-140
-127
-114
-94
-77
-53
-34
-17
0
12
27
43
64
83
94
110
120
125
134
151
157
166
172
177
179
177
177
175
167
157
148
126
106
82
59
39
24
9
-11
-29
-48
-59
-71
-81
-82
-87
-93
-98
-98
-96
-95
-84
-75
-66
-62
-55
-39
-26
-16
-4
-1
0
-6
-18
-27
-38
-44
-55
-68
-85
-100
-114
-124
-124
-127
-129
-128
-131
-131
-135
-137
-130
-131
-130
-123
-128
-134
-136
-131
-132
-126
-125
-123
-127
-127
-126
-122
-121
-117
-113
-108
-99
-93
-75
-44
7
71
147
223
319
414
504
581
638
651
622
550
461
349
221
93
-35
-163
-291
-419
-547
-587
-609
-621
-626
-626
-615
-597
-582
-562
-532
-482
-433
-383
-342
-302
-265
-237
-227
-215
-209
-202
-194
-183
-177
-163
-153
-136
-119
-105
-88
-75
-56
-41
-23
-1
17
35
48
63
75
91
105
115
130
138
147
155
165
170
176
179
174
167
154
139
125
110
94
74
49
29
4
-16
-32
-46
-60
-71
-81
-90
-99
-105
-108
-106
-108
-107
-103
-104
-99
-90
-86
-75
-68
-59
-46
-32
-22
-20
-19
-14
-23
-29
-38
-45
-58
-74
-92
-105
-113
-122
-128
-139
-140
-143
-140
-138
-142
-140
-143
-146
-137
-136
-137
-134
-136
-134
-133
-138
-139
-135
-135
-132
-140
-140
-137
-140
-135
-127
-123
-118
-104
-84
-54
-7
51
122
199
283
373
468
551
607
641
616
551
460
343
215
87
-41
-169
-297
-425
-553
-630
-660
-670
-675
-673
-652
-622
-594
-569
-530
-484
-436
-387
-345
-300
-258
-234
-221
-213
-198
-183
-173
-163
-151
-136
-121
-104
-86
-70
-50
-24
-11
7
22
41
58
79
94
107
117
125
135
144
156
167
179
182
188
187
186
184
182
180
164
147
131
112
88
65
49
24
4
-18
-37
-54
-64
-77
-83
-91
-98
-102
-116
-120
-116
-117
-113
-118
-116
-115
-110
-110
-98
-93
-80
-77
-69
-55
-38
-32
-28
-23
-28
-35
-45
-53
-63
-73
-88
-100
-116
-128
-137
-145
-147
-154
-155
-154
-152
-152
-157
-161
-159
-153
-153
-149
-150
-149
-155
-161
-160
-155
-152
-154
-151
-151
-149
-153
-148
-143
-133
-123
-111
-93
-67
-32
24
92
162
242
334
424
507
576
606
591
523
437
326
198
70
-58
-186
-314
-442
-570
-664
-699
-717
-722
-728
-708
-678
-643
-607
-568
-520
-473
-428
-386
-342
-295
-257
-235
-218
-206
-192
-178
-172
-162
-150
-139
-124
-108
-92
-70
-47
-28
-16
4
19
36
58
77
94
104
121
135
146
158
173
184
193
204
206
203
203
201
190
181
172
147
124
99
77
52
32
10
-15
-35
-55
-70
-84
-90
-99
-107
-115
-121
-122
-127
-124
-124
-121
-115
-108
-108
-98
-92
-87
-75
-57
-42
-32
-28
-29
-30
-38
-48
-54
-59
-72
-88
-108
-119
-127
-137
-141
-147
-152
-158
-160
-165
-160
-155
-158
-163
-161
-160
-158
-158
-158
-154
-152
-147
-149
-154
-153
-147
-149
-144
-142
-141
-134
-128
-121
-108
-86
-54
-19
43
110
189
284
383
487
567
620
624
571
481
384
256
128
0
-128
-256
-384
-512
-631
-667
-691
-697
-705
-695
-664
-630
-597
-560
-512
-454
-411
-370
-329
-288
-248
-221
-205
-199
-194
-184
-177
-165
-152
-139
-124
-114
-98
-76
-59
-43
-16
-1
22
40
54
68
89
106
119
133
146
155
168
173
185
197
203
210
215
213
207
199
191
176
162
145
119
95
70
48
28
8
-12
-22
-48
-62
-74
-84
-81
-90
-91
-96
-97
-90
-85
-80
-72
-61
-57
-50
-33
-17
-12
-6
-3
-8
-19
-30
-32
-42
-48
-64
-84
-101
-113
-121
-125
-131
-136
-139
-139
-137
-138
-144
-143
-143
-140
-140
-137
-140
-138
-140
-137
-142
-138
-134
-134
-135
-130
-130
-126
-121
-110
-101
-94
-79
-57
-26
27
96
173
267
367
464
552
624
660
652
599
516
409
281
153
25
-103
-231
-359
-487
-594
-621
-646
-655
-657
-648
-627
-606
-584
-554
-516
-460
-412
-367
-321
-275
-245
-223
-210
-208
-197
-190
-180
-171
-164
-154
-138
-126
-108
-95
-71
-55
-38
-20
-3
15
38
57
73
86
108
117
129
141
153
165
179
189
194
191
197
199
198
195
186
168
158
133
115
96
73
53
31
11
-12
-22
-42
-55
-64
-68
-75
-82
-90
-92
-88
-84
-75
-68
-56
-51
-49
-37
-15
-2
