138
205
286
369
444
507
538
533
475
372
244
116
-12
-140
-268
-396
-524
-652
-772
-788
-797
-792
-766
-735
-691
-647
-606
-578
-536
-480
-429
-386
-341
-297
-252
-213
-187
-166
-149
-134
-126
-122
-114
-102
-86
-67
-55
-36
-14
-6
2
18
31
51
68
84
88
91
100
111
123
130
140
141
147
149
154
155
156
161
160
151
130
115
98
84
64
45
27
7
-18
-46
-60
-64
-77
-94
-102
-109
-118
-126
-126
-129
-128
-127
-125
-127
-127
-123
-111
-108
-98
-95
-92
-89
-72
-50
-38
-32
-37
-34
-40
-49
-58
-71
-78
-77
-93
-118
-132
-140
-144
-144
-144
-148
-157
-155
-153
-158
-153
-150
-153
-153
-151
-150
-151
-151
-144
-145
-147
-146
-149
-144
-142
-140
-136
-135
-125
-117
-116
-94
-62
-30
17
88
154
230
311
397
473
527
547
524
448
335
215
87
-41
-169
-297
-425
-553
-681
-764
-773
-775
-761
-737
-702
-657
-612
-565
-528
-474
-426
-386
-340
-290
-247
-205
-171
-152
-142
-131
-120
-108
-94
-79
-72
-62
-40
-31
-22
-8
15
33
41
56
63
80
89
99
114
123
127
125
132
137
146
154
157
160
159
155
157
149
138
127
118
106
81
61
49
25
4
-14
-30
-47
-63
-72
-82
-92
-99
-105
-114
-122
-122
-125
-125
-122
-124
-124
-122
-113
-112
-101
-92
-87
-86
-72
-65
-53
-41
-37
-28
-24
-33
-45
-58
-62
-65
-71
-89
-117
-130
-137
-141
-145
-148
-147
-145
-149
-159
-163
-163
-157
-152
-151
-146
-156
-159
-153
-150
-150
-152
-149
-147
-150
-147
-148
-148
-146
-142
-134
-122
-97
-65
-23
34
101
169
235
311
387
454
507
527
482
379
251
123
-5
-133
-261
-389
-517
-645
-773
-800
-805
-800
-780
-755
-717
-672
-627
-582
-533
-477
-417
-367
-325
-295
-250
-206
-175
-156
-144
-130
-120
-107
-93
-80
-63
-47
-31
-13
-5
6
24
40
50
59
75
87
90
100
108
115
127
134
142
142
140
146
151
159
152
148
143
130
124
114
106
95
73
50
31
8
-9
-35
-44
-56
-72
-89
-105
-107
-111
-125
-124
-126
-125
-136
-135
-135
-139
-139
-137
-132
-127
-124
-119
-116
-103
-95
-85
-70
-56
-52
-46
-41
-46
-55
-64
-72
-78
-93
-109
-125
-135
-145
-144
-150
-161
-173
-168
-165
-167
-168
-168
-170
-170
-169
-167
-171
-172
-166
-170
-172
-168
-168
-167
-167
-166
-167
-163
-156
-154
-152
-132
-109
-95
-64
-25
34
105
176
251
335
404
467
491
475
397
287
159
31
-97
-225
-353
-481
-609
-737
-771
-788
-798
-782
-755
-725
-699
-654
-607
-565
-523
-473
-424
-386
-337
-299
-254
-216
-187
-166
-151
-139
-127
-120
-109
-95
-77
-63
-51
-33
-19
-11
8
24
35
49
68
83
86
90
104
114
125
138
148
156
157
161
165
169
172
172
162
152
144
123
106
93
72
47
24
5
-15
-33
-54
-67
-76
-91
-101
-111
-114
-117
-120
-129
-124
-127
-127
-126
-123
-114
-106
-100
-97
-88
-81
-68
-52
-39
-36
-30
-31
-36
-43
-52
-56
-58
-73
-90
-109
-125
-127
-141
-152
-148
-145
-152
-159
-163
-162
-158
-155
-155
-156
-158
-157
-154
-161
-156
-153
-151
-153
-158
-158
-154
-156
-142
-141
-135
-125
-114
-101
-81
-43
4
63
127
195
272
353
434
509
552
546
482
384
260
132
4
-124
-252
-380
-508
-636
-742
-767
-776
-763
-740
-718
-689
-647
-606
-561
-518
-469
-420
-375
-327
-297
-250
-205
-177
-161
-152
-146
-137
-128
-114
-101
-81
-68
-54
-34
-16
-1
16
33
42
57
71
88
103
118
127
134
136
143
154
163
177
177
178
171
172
167
162
157
152
137
120
97
74
45
27
11
-3
-28
-40
-61
-73
-81
-83
-86
-98
-111
-114
-115
-122
-125
-119
-110
-106
-97
-94
-91
-86
-77
-67
-56
-47
-34
-26
-23
-16
-20
-32
-38
-45
-54
-58
-74
-90
-111
-118
-125
-135
-138
-140
-139
-141
-138
-135
-143
-147
-149
-143
-141
-139
-143
-140
-142
-144
-143
-141
-134
-132
-134
-133
-134
-128
-130
-117
-109
-104
-85
-49
-19
28
95
167
244
331
419
490
546
564
544
468
364
242
114
-14
-142
-270
-398
-526
-654
-750
-764
-761
-744
-729
-700
-653
-610
-579
-544
-495
-442
-387
-338
-299
-253
-216
-188
-170
-150
-140
-135
-124
-118
-104
-93
-75
-52
-39
-23
-18
0
22
34
51
68
81
93
98
103
116
129
140
149
165
164
163
171
171
172
178
177
169
154
137
127
116
101
76
46
29
8
-13
-27
-42
-55
-64
-76
-89
-99
-100
-103
-101
-102
-100
-105
-108
-109
-101
-92
-88
-80
-76
-78
-71
-63
-39
-24
-18
-12
-11
-22
-33
-40
-44
-50
-63
-75
-91
-110
-116
-116
-119
-119
-125
-135
-142
-135
-133
-134
-134
-130
-133
-134
-135
-132
-133
-130
-126
-125
-127
-127
-128
-126
-122
-119
-122
-118
-114
-103
-89
-69
-38
-2
51
117
186
267
353
447
523
570
579
533
438
323
195
67
-61
-189
-317
-445
-573
-701
-741
-739
-730
-707
-678
-646
-609
-568
-528
-494
-449
-399
-353
-309
-262
-212
-175
-153
-146
-135
-127
-109
-95
-86
-73
-64
-51
-36
-23
-4
7
27
44
56
68
81
93
103
115
125
127
133
141
151
164
168
170
174
171
168
166
166
158
150
140
126
104
82
59
46
32
16
-4
-27
-39
-54
-63
-73
-80
-91
-99
-102
-107
-118
-115
-117
-113
-110
-114
-113
-108
-103
-92
-90
-79
-75
-71
-59
-44
-32
-21
-16
-20
-35
-44
-53
-64
-71
-84
-106
-125
-134
-137
-136
-140
-143
-149
-151
-153
-153
-152
-147
-150
-154
-157
-146
-151
-148
-149
-148
-149
-150
-146
-150
-152
-149
-148
-145
-139
-129
-119
-109
-87
-50
1
64
129
193
270
351
432
511
558
565
514
418
312
188
60
-68
-196
-324
-452
-580
-708
-759
-770
-758
-740
-722
-690
-653
-603
-570
-532
-475
-423
-384
-344
-301
-253
-213
-191
-178
-164
-154
-144
-138
-123
-100
-83
-67
-46
-37
-28
-7
10
29
44
57
71
77
87
99
106
115
123
132
140
149
156
164
165
167
166
160
156
148
135
118
106
79
56
35
20
1
-16
-38
-57
-74
-87
-97
-100
-110
-118
-126
-128
-134
-138
-136
-140
-135
-135
-130
-127
-127
-126
-112
-104
-95
-84
-69
-54
-58
-50
-44
-47
-52
-58
-63
-75
-90
-107
-120
-137
-150
-155
-157
-165
-166
-172
-177
-176
-170
-176
-179
-175
-173
-171
-171
-173
-173
-171
-172
-175
-173
-166
-166
-163
-159
-163
-160
-147
-137
-125
-113
-92
-68
-18
49
122
199
283
365
450
512
539
531
465
358
242
116
-12
-140
-268
-396
-524
-652
-727
-760
-766
-744
-716
-689
-665
-627
-585
-557
-514
-457
-406
-365
-321
-281
-245
-217
-192
-177
-160
-150
-140
-133
-131
-119
-99
-86
-63
-47
-30
-14
-4
9
21
42
53
68
88
96
104
117
124
142
148
153
164
170
173
175
170
169
161
160
143
130
111
92
70
48
27
0
-22
-41
-57
-60
-74
-89
-105
-111
-117
-118
-115
-113
-117
-121
-126
-119
-113
-106
-93
-96
-92
-81
-63
-52
-46
-34
-34
-31
-44
-55
-61
-65
-77
-92
-108
-120
-125
-138
-151
-149
-153
-156
-155
-164
-170
-170
-163
-158
-164
-159
-157
-156
-162
-168
-169
-158
-162
-160
-161
-159
-158
-162
-158
-149
-138
-133
-128
-109
-71
-34
20
84
162
247
336
425
506
563
589
558
480
371
251
123
-5
-133
-261
