-86
-90
-89
-87
-84
-84
-84
-84
-84
-84
-79
-72
-54
-37
-12
5
18
22
22
23
15
-31
-102
-170
-219
-255
-268
-260
-249
-226
-184
-143
-113
-95
-88
-90
-89
-88
-83
-85
-84
-85
-79
-80
-90
-91
-90
-89
-89
-86
-82
-78
-80
-77
-79
-77
-79
-79
-80
-77
-76
-75
-70
-69
-69
-70
-70
-67
-68
-70
-64
-61
-60
-58
-59
-56
-56
-55
-56
-54
-50
-48
-52
-50
-50
-57
-61
-60
-67
-70
-70
-68
-72
-80
-80
-76
-79
-83
-80
-79
-80
-81
-84
-86
-84
-83
-77
-82
-82
-82
-84
-85
-83
-85
-89
-86
-88
-83
-82
-84
-84
-88
-85
-87
-80
-78
-72
-75
-76
-71
-68
-63
-54
-48
-47
-43
-42
-44
-44
-47
-50
-59
-66
-64
-72
-80
-88
-89
-89
-86
-84
-85
-84
-87
-93
-94
-96
-95
-93
-98
-93
-88
-89
-88
-88
-82
-69
-59
-43
-23
-4
5
7
9
18
2
-42
-112
-179
-225
-253
-265
-259
-252
-228
-189
-154
-119
-99
-89
-90
-95
-92
-92
-90
-92
-88
-89
-89
-91
-91
-89
-88
-88
-89
-89
-85
-84
-82
-85
-82
-86
-83
-83
-80
-81
-78
-81
-73
-76
-78
-77
-70
-70
-73
-64
-67
-71
-70
-63
-64
-63
-61
-61
-53
-56
-50
-55
-58
-62
-66
-70
-71
-81
-82
-83
-84
-88
-88
-86
-86
-88
-90
-93
-91
-90
-89
-95
-91
-96
-92
-95
-92
-91
-95
-96
-95
-97
-98
-95
-92
-97
-97
-99
-96
-90
-97
-94
-93
-89
-88
-88
-84
-82
-78
-68
-59
-52
-54
-51
-51
-48
-58
-64
-67
-70
-77
-89
-85
-92
-97
-102
-107
-106
-108
-108
-104
-105
-105
-103
-99
-100
-107
-106
-110
-105
-105
-103
-98
-94
-80
-62
-42
-19
0
8
8
11
13
-15
-80
-143
-194
-239
-266
-267
-259
-247
-217
-180
-142
-115
-104
-104
-101
-101
-103
-104
-103
-98
-99
-95
-97
-102
-96
-100
-96
-94
-95
-92
-90
-91
-89
-89
-86
-87
-86
-86
-82
-84
-83
-82
-80
-74
-76
-75
-75
-72
-72
-71
-70
-69
-68
-63
-70
-66
-64
-61
-59
-58
-58
-62
-60
-61
-69
-69
-73
-78
-82
-85
-81
-78
-84
-81
-83
-84
-82
-83
-87
-78
-81
-84
-85
-81
-84
-82
-80
-84
-80
-80
-80
-80
-84
-83
-83
-83
-82
-84
-86
-81
-78
-85
-80
-76
-80
-80
-76
-74
-70
-71
-64
-55
-47
-43
-40
-38
-38
-40
-44
-54
-53
-59
-63
-71
-68
-76
-82
-86
-92
-90
-93
-89
-88
-89
-89
-91
-90
-89
-89
-87
-86
-84
-86
-92
-89
-81
-74
-61
-41
-19
1
15
21
18
24
17
-31
-106
-175
-219
-256
-269
-263
-252
-224
-184
-141
-109
-92
-90
-90
-89
-88
-85
-89
-86
-89
-88
-85
-80
-79
-80
-85
-84
-81
-83
-85
-84
-82
-79
-78
-76
-74
-73
-71
-68
-73
-71
-73
-70
-71
-62
-61
-70
-73
-72
-68
-64
-64
-64
-64
-67
-61
-57
-58
-60
-59
-60
-60
-62
-67
-66
-67
-67
-70
-73
-75
-79
-85
-90
-89
-89
-89
-89
-88
-88
-93
-88
-90
-92
-89
-90
-91
-87
-88
-91
-86
-92
-94
-95
-90
-92
-94
-96
-94
-97
-96
-94
-89
-90
-88
-87
-89
-91
-85
-84
-79
-75
-68
-59
-52
-51
-49
-48
-51
-51
-59
-64
-69
-73
-81
-85
-97
-96
-97
-99
-105
-104
-102
-104
-106
-103
-99
-99
-99
-95
-99
-102
-104
-100
-99
-99
-92
-82
-60
-32
-8
14
27
29
27
26
3
-55
-128
-177
-216
-249
-262
-256
-244
-219
-183
-143
-117
-100
-92
-95
-95
-95
-99
-99
-93
-91
-94
-89
-87
-89
-92
-87
-89
-83
-85
-88
-91
-88
-89
-85
-85
-82
-77
-81
-76
-75
-75
-78
-77
-81
-78
-75
-71
-67
-72
-71
-67
-68
-65
-64
-68
-63
-57
-56
-59
-57
-52
-57
-61
-59
-66
-73
-74
-76
-77
-80
-80
-77
-86
-88
-87
-87
-87
-82
-84
-81
-80
-80
-86
-85
-84
-83
-87
-84
-86
-85
-89
-83
-84
-85
-82
-88
-88
-83
-80
-88
-83
-85
-84
-81
-79
-78
-75
-77
-74
-70
-61
-54
-48
-47
-43
-44
-43
-38
-43
-55
-61
-63
-70
-74
-78
-79
-82
-92
-91
-92
-94
-95
-95
-94
-92
-93
-92
-88
-84
-91
-91
-93
-93
-95
-93
-79
-65
-47
-29
0
20
29
30
32
30
2
-58
-134
-187
-232
-260
-264
-255
-242
-216
-179
-139
-110
-90
-90
-91
-90
-87
-87
-87
-84
-86
-87
-82
-79
-86
-85
-77
-77
-75
-79
-79
-81
-84
-80
-78
-75
-75
-75
-75
-72
-69
-69
-69
-66
-67
-70
-68
-59
-59
-60
-60
-57
-58
-61
-52
-50
-54
-57
-54
-50
-50
-49
-54
-54
-54
-57
-65
-67
-69
-72
-72
-67
-72
-73
-76
-71
-70
-76
-82
-84
-76
-74
-76
-79
-77
-74
-81
-75
-77
-77
-82
-78
-77
-77
-77
-73
-75
-75
-69
-69
-74
-75
-76
-76
-71
-71
-70
-71
-64
-63
-62
-55
-47
-37
-36
-30
-26
-24
-30
-34
-38
-46
-55
-59
-64
-64
-71
-76
-76
-77
-75
-86
-85
-86
-89
-87
-86
-87
-83
-82
-82
-85
-81
-85
-86
-83
-73
-63
-46
-23
1
20
26
27
26
26
0
-63
-135
-194
-236
-262
-269
-262
-242
-215
-173
-134
-105
-90
-83
-82
-84
-84
-79
-79
-77
-81
-83
-80
-83
-82
-81
-82
-79
-78
-76
-75
-79
-85
-80
-80
-76
-76
-69
-70
-68
-71
-66
-68
-66
-65
-62
-63
-60
-58
-58
-56
-54
-55
-59
-55
-55
-54
-53
-53
-54
-51
-55
-55
-69
-68
-69
-74
-80
-81
-80
-77
-80
-80
-81
-84
-85
-87
-84
-85
-96
-91
-88
-85
-86
-87
-83
-86
-90
-92
-92
-89
-89
-89
-86
-88
-90
-87
-87
-89
-88
-90
-92
-92
-89
-86
-85
-79
-83
-81
-80
-73
-68
-61
-52
-48
-49
-45
-45
-50
-59
-64
-68
-74
-81
-84
-90
-90
-92
-95
-98
-98
-97
-104
-99
-100
-100
-101
-100
-96
-100
-101
-98
-100
-96
-95
-94
-93
-75
-58
-33
-8
7
12
6
11
1
-33
-109
-179
-228
-267
-283
-281
-265
-235
-198
-158
-128
-105
-102
-101
-98
-95
-88
-95
-99
-99
-96
-98
-94
-92
-91
-91
-88
-87
-85
-89
-86
-85
-88
-89
-86
-85
-82
-84
-83
-80
-77
-77
-70
-71
-68
-69
-73
-71
-70
-70
-65
-60
-60
-66
-67
-68
-60
-61
-60
-56
-56
-56
-60
-64
-69
-69
-74
-78
-84
-83
-82
-81
-82
-89
-88
-88
-86
-88
-88
-92
-93
-88
-86
-84
-89
-92
-96
-94
-95
-94
-99
-95
-97
-96
-95
-94
-95
-99
-100
-99
-99
-96
-99
-96
-91
-92
-89
-88
-92
-85
-81
-71
-63
-57
-60
-60
-55
-51
-58
-69
-72
-83
-85
-97
-100
-108
-109
-111
-111
-110
-113
-113
-113
-116
-115
-118
-113
-111
-111
-118
-112
-109
-113
-113
-112
-100
-83
-63
-42
-19
0
8
4
4
-11
-58
-136
-203
-242
-274
-290
-283
-269
-252
-221
-185
-149
-129
-119
-113
-114
-115
-115
-114
-115
-116
-113
-119
-115
-114
-113
-112
-110
-112
-107
-107
-107
-110
-105
-104
-105
-110
-104
-105
-103
-101
-102
-98
-98
-92
-98
-96
-95
-90
-91
-88
-85
-84
-87
-85
-77
-82
-81
-77
-75
-75
-71
-71
-77
-84
-90
-93
-93
-100
-103
-106
-102
-101
-104
-102
-105
-103
-106
-108
-109
-109
-107
-102
-105
-108
-109
-108
-105
-105
-107
-109
-107
-108
-107
-106
-110
-107
-109
-106
-105
-109
-108
-106
-110
-106
-102
-99
-98
-93
-95
-92
-83
-78
-72
-71
-62
-63
-63
-64
-64
-70
-75
-80
-87
-92
-96
-101
-100
-100
-105
-102
-110
-110
-108
-108
-106
-109
-105
-108
-103
-102
-103
-103
-105
-105
-102
-98
-81
-57
-33
-7
13
13
15
16
9
-29
-108
-175
-225
-264
-284
-279
-271
-250
-217
-176
-136
-115
-104
-103
-107
-103
-98
-98
-98
-96
-92
-94
-99
-101
-99
-96
-98
-95
-96
-98
-95
-90
-91
-93
-89
-89
-86
-83
-86
-81
-77
-76
-76
-79
-74
-71
-79
-76
-74
-74
-70
-71
-69
-71
-66
-66
-61
-61
-62
-59
-62
-59
-59
-61
-66
-72
-76
-77
-79
-78
-85
-81
-86
-86
-88
-84
-88
-88
-88
-89
-92
-91
-88
-91
-85
-87
-90
-91
-91
-87
-90
-92
-91
-88
-90
-88
-88
-85
-90
-94
-90
-89
-89
-94
-93
-87
-84
-80
-85
-74
-76
-78
-67
-57
-54
-54
-51
-47
-45
-51
-60
-67
-70
-74
-83
-83
-86
-93
-97
-95
-94
-99
-102
-100
-99
-99
-101
-98
-101
-101
-99
-97
-95
-97
-98
-100
-96
-85
-71
-46
-21
-2
9
11
12
12
-3
-54
-125
-189
-241
-276
-290
-280
-262
-236
-195
-156
-124
-106
-101
-105
-102
-100
-97
-95
-99
-94
-100
-95
-94
-93
-94
-94
-92
-91
-92
-89
-88
-88
-88
-85
-88
-83
-83
-82
-84
-83
-79
-74
-77
-76
-71
-71
-73
-72
-68
-68
-64
-67
-69
-63
-61
-59
-58
-61
-56
-59
-56
-55
-59
-61
-64
-75
-70
-75
-77
-80
-79
-74
-83
-84
-83
-84
-87
-85
-88
-86
-85
-89
-83
-79
-79
-79
-82
-82
-80
-82
-82
-82
-87
-85
-85
-81
-82
-84
-83
-83
-85
-84
-85
-80
-80
-77
-76
-76
-72
-70
-71
-67
-56
-52
-47
-45
-39
-41
-40
-43
-45
-50
-56
-63
-77
-80
-83
-86
-88
-85
-87
-90
-88
-89
-93
-95
-94
-92
-91
-92
-86
-92
-94
-91
-91
-88
-84
-77
-63
-45
-25
-1
15
21
21
21
16
-16
-89
-160
-216
-262
-284
-284
-267
-245
-208
-161
-126
-102
-89
-92
-89
-88
-89
-86
-90
-91
-86
-88
-87
-87
-85
-86
-86
-80
-76
-75
-80
-82
-84
-85
-79
-78
-77
-73
-73
-71
-69
-73
-74
-71
-71
-69
-64
-64
-64
-62
-61
-65
-62
-58
-57
-58
-58
-50
-54
-54
-49
-48
-48
-54
-61
-64
-66
-72
-74
-76
-79
-79
-79
-73
-78
-80
-82
-81
-80
-82
-84
-79
-79
-78
-81
-82
-82
-81
-88
-85
-85
-87
-84
-83
-80
-85
-87
-86
-80
-83
-82
-82
-82
-83
-85
-84
-86
-87
-82
-80
-73
-73
-77
-72
-70
-64
-54
-47
-43
-41
-44
-40
-38
-48
-50
-52
-58
-62
-64
-71
-77
-77
-84
-85
-84
-85
-87
-92
-90
-91
-89
-89
-87
-87
-89
-88
-86
-89
-85
-85
-78
-67
-51
-37
-16
1
11
10
7
8
-8
-54
-118
-173
-217
-241
-253
-248
-240
-218
-185
-154
-120
-102
-90
-84
-80
-82
-88
-84
-85
-85
-89
-82
-80
-79
-76
-76
-75
-80
-77
-76
-75
-77
-77
-78
-75
-70
-73
-69
-70
-68
-71
-66
-70
-70
-68
-67
-66
-62
-65
-63
-60
-60
-58
-59
-55
-54
-53
-54
-52
-50
-54
-48
-50
-53
-58
-62
-68
-69
-69
-70
-74
-71
-76
-79
-81
-79
-77
-88
-88
-89
-89
-88
-87
-85
-88
-85
-88
-88
-89
-89
-88
-91
-91
-94
-93
-88
-88
-89
-91
-91
-90
-92
-89
-92
-88
-87
-86
-82
-84
-81
-81
-73
-65
-55
-54
-50
-52
-47
-50
-52
-57
-66
-74
-77
-79
-85
-87
-90
-93
-95
-99
-100
-96
-102
-97
-100
-99
-101
-104
-101
-100
-98
-103
-102
-95
-95
-89
-76
-57
-41
-18
-8
0
2
0
-6
-25
-73
-135
-181
-220
-238
-252
-248
-233
-211
-181
-148
-124
-109
-104
-101
-99
-101
-97
-97
-95
-95
-98
-100
-98
-96
-94
-92
-93
-94
-95
-95
-94
-90
-90
-89
-90
-85
-84
-82
-85
-85
-80
-82
-83
-79
-75
-78
-77
-76
-72
-77
-72
-69
-70
-67
-66
-63
-62
-61
-62
-60
-58
-61
-64
-68
-71
-78
-77
-78
-78
-83
-79
-83
-88
-92
-91
-87
-89
-87
-90
-93
-92
-85
-84
-91
-92
-95
-99
-94
-89
-88
-92
-87
-84
-88
-94
-93
-94
-95
-93
-90
-92
-88
-85
-85
-87
-87
-83
-85
-81
-76
-78
-74
-64
-54
-52
-50
-42
-48
-51
-53
-57
-58
-67
-73
-77
-83
-84
-88
-97
-96
-99
-100
-96
-94
-97
-98
-96
-99
-99
-99
-99
-100
-99
-100
-97
-94
-88
-71
-59
-31
-11
2
7
10
15
14
-10
-69
-146
-203
-246
-274
-277
-273
-254
-224
-184
-142
-113
-98
-93
-96
-93
-96
-94
-97
-96
-93
-91
-89
-92
-88
-88
-88
-90
-88
-88
-89
-91
-84
-81
-77
-80
-82
-80
-82
-81
-78
-80
-76
-77
-70
-71
-70
-70
-70
-66
-65
-63
-63
-60
-57
-57
-57
-53
-57
-58
-55
-54
-59
-63
-65
-68
-71
-74
-75
-78
-77
-80
-84
-82
-83
-84
-83
-87
-84
-86
-89
-86
-85
-88
-89
-88
-88
-89
-89
-85
-85
-88
-89
-91
-91
-88
-89
-95
-92
-90
-87
-83
-86
-87
-89
-88
-83
-80
-79
-77
-75
-70
-64
-55
-51
-49
-48
-49
-45
-46
-56
-66
-66
-71
-78
-85
-88
-92
-96
-96
-99
-103
-99
-100
-98
-105
-101
-100
-100
-99
-99
-97
-98
-95
-97
-103
-96
-83
-72
-54
-29
-9
3
5
6
10
0
-50
-122
-187
-237
-270
-286
-273
-256
-229
-190
-150
-119
-103
-97
-92
-93
-98
-95
-95
-96
-94
-95
-93
-90
-91
-90
-92
-87
-87
-87
-85
-84
-84
-86
-86
-86
-85
-84
-80
-80
-79
-81
-77
-76
-74
-73
-74
-71
-71
-70
-70
-67
-65
-64
-62
-60
-60
-56
-56
-56
-56
-55
-57
-57
-59
-60
-71
-73
-73
-78
-81
-79
-80
-83
-84
-83
-83
-82
-82
-81
-82
-91
-85
-86
-84
-85
-86
-84
-84
-87
-86
-85
-84
-82
-91
-84
-85
-85
-84
-85
-81
-84
-86
-89
-89
-84
-84
-82
-81
-78
-73
-73
-69
-59
-60
-52
-44
-46
-48
-49
-47
-47
-53
-57
-59
-64
-71
-77
-83
-87
-93
-95
-94
-88
-90
-93
-92
-99
-99
-97
-94
-94
-96
-93
-93
-91
-90
-90
-82
-72
-62
-48
-28
-12
4
5
6
9
-4
-60
-129
-194
-228
-252
-263
-259
-250
-231
-201
-160
-127
-106
-100
-103
-101
-95
-98
-105
-96
-96
-94
-95
-95
-88
-92
-89
-92
-95
-99
-95
-92
-90
-90
-91
-89
-89
-92
-88
-83
-86
-86
-83
-82
-80
-77
-82
-76
-77
-80
-77
-78
-77
-72
-69
-65
-64
-64
-68
-66
-65
-67
-69
-70
-70
-73
-76
-79
-80
-83
-87
-94
-93
-95
-95
-96
-96
-93
-94
-95
-85
-86
-82
-76
-68
-64
-62
-56
-60
-66
-72
-85
-104
-140
-176
-222
-291
-356
-393
-411
-411
-400
-385
-363
-336
-312
-287
-265
-246
-225
-202
-177
-155
-126
-100
-77
-60
-47
-33
-34
-29
-32
-37
-40
-42
-42
-47
-50
-53
-50
-48
-45
-44
-43
-42
-35
-34
-32
-25
-23
-18
-16
-6
-7
-5
-1
5
11
16
21
29
29
31
34
34
34
30
27
23
14
5
-4
-8
-18
-25
-28
-38
-42
-53
-54
-62
-65
-74
-76
-78
-80
-87
-85
-88
-85
-88
-87
-92
-92
-89
-89
-91
-90
-88
-88
-86
-85
-85
-91
-92
-92
-89
-88
-91
-89
-90
-91
-89
-90
-88
-90
-91
-87
-88
-91
-90
-89
-89
-93
-89
-91
-91
-89
-93
-93
-93
-96
-96
-94
-90
-93
-95
-96
-92
-91
-94
-94
-90
-93
-92
-89
-90
-89
-92
-94
-96
-95
-98
-99
-95
-96
-95
-91
-95
-93
-94
-94
-90
-88
-90
-92
-91
-88
-89
-92
-87
-89
-85
-85
-85
-84
-86
-86
-82
-78
-80
-70
-61
-57
-53
-47
-50
-46
-49
-50
-59
-62
-58
-68
-78
-85
-89
-94
-96
-99
-96
-97
-94
-94
-96
-96
-95
-102
-96
-99
-97
-94
-91
-88
-89
-80
-67
-56
-32
-8
9
18
20
24
23
-8
-72
-141
-195
-239
-261
-265
-254
-238
-208
-170
-139
-112
-102
-101
-98
-97
-97
-98
-96
-94
-91
-93
-88
-90
-88
-91
-89
-89
-87
-92
-90
-87
-85
-82
-83
-79
-81
-82
-80
-78
-75
-71
-76
-74
-74
-75
-76
-67
-66
-67
-72
-70
-73
-72
-67
-65
-69
-64
-64
-64
-60
-59
-57
-58
-56
-54
-56
-62
-59
-63
-70
-72
-68
-72
-71
-74
-72
-74
-74
-77
-79
-77
-78
-78
-78
-74
-73
-76
-74
-69
-67
-68
-70
-73
-83
-89
-93
-90
-76
-66
-64
-80
-99
-112
-116
-106
-74
-38
-21
-35
-61
-80
-86
-82
-76
-64
-54
-45
-47
-48
-53
-61
-59
-63
-71
-73
-75
-80
-84
-80
-80
-82
-85
-85
-82
-79
-83
-80
-83
-79
-82
-79
-78
-74
-76
-81
-78
-78
-80
-81
-78
-81
-85
-80
-77
-80
-82
-77
-78
-78
-79
-77
-74
-76
-73
-70
-65
-59
-59
-60
-61
-59
-66
-69
-69
-71
-74
-75
-74
-76
-78
-76
-78
-75
-77
-77
-84
-87
-84
-86
-85
-86
-87
-89
-83
-83
-82
-83
-81
-82
-82
-83
-84
-77
-80
-81
-80
-80
-79
-79
-82
-77
-80
-80
-82
-78
-79
-83
-82
-80
-80
-82
-83
-79
-82
-77
-81
-80
-78
-78
-81
-81
-78
-83
-88
-84
-81
-88
-85
-84
-81
-83
-81
-84
-84
-84
-84
-84
-81
-87
-85
-86
-81
-83
-82
-80
-80
-76
-79
-81
-80
-78
-78
-83
-79
-79
-77
-74
-74
-71
-64
-68
-60
-49
-42
-38
-37
-35
-41
-40
-42
-45
-52
-57
-61
-67
-75
-77
-83
-82
-82
-85
-87
-84
-83
-88
-86
-88
-86
-85
-86
-83
-90
-90
-87
-79
-72
-59
-39
-14
6
13
16
23
31
17
-30
-103
-164
-214
-249
-254
-248
-237
-209
-170
-131
-101
-87
-86
-87
-86
-87
-87
-85
-87
-82
-82
-80
-80
-80
-77
-76
-82
-77
-77
-76
-71
-71
-76
-70
-74
-74
-72
-68
-69
-70
-66
-65
-66
-68
-63
-66
-60
-65
-63
-60
-62
-59
-55
-55
-52
-53
-51
-49
-53
-48
-46
-45
-45
-43
-48
-48
-50
-56
-55
-58
-62
-63
-64
-67
-64
-66
-64
-68
-66
-66
-70
-68
-71
-73
-74
-74
-76
-76
-74
-75
-71
-77
-77
-71
-74
-74
-72
-60
-58
-62
-70
-78
-84
-80
-61
-37
-12
-3
-13
-12
10
36
66
82
65
26
-14
-37
-63
-79
-80
-75
-71
-76
-83
-89
-96
-96
-93
-95
-96
-94
-92
-92
-91
-96
-96
-94
-93
-96
-98
-96
-95
-95
-97
-96
-95
-97
-99
-102
-102
-104
-106
-105
-103
-106
-106
-108
-105
-107
-109
-106
-107
-108
-113
-108
-107
-102
-99
-91
-91
-87
-86
-81
-79
-73
-73
-77
-76
-74
-80
-79
-79
-81
-81
-83
-82
-84
-86
-83
-82
-83
-82
-91
-94
-93
-91
-91
-90
-87
-89
-84
-90
-87
-89
-90
-90
-90
-89
-89
-87
-88
-88
-88
-86
-88
-84
-91
-92
-91
-91
-90
-89
-85
-88
-92
-92
-90
-94
-90
-92
-89
-87
-89
-85
-85
-84
-89
-91
-92
-92
-92
-93
-91
-90
-88
-90
-91
-87
-86
-88
-85
-89
-87
-86
-90
-95
-92
-90
-86
-83
-82
-81
-79
-73
-71
-66
-55
-51
-47
-45
-39
-42
-42
-48
-54
-61
-68
-77
-83
-87
-93
-94
-98
-97
-97
-101
-96
-99
-99
-98
-103
-105
-101
-104
-104
-103
-100
-94
-92
-77
-64
-45
-27
-14
-6
-8
-5
2
-14
-72
-142
-201
-244
-267
-271
-268
-255
-228
-195
-160
-128
-111
-107
-107
-107
-109
-111
-111
-108
-110
-112
-108
-109
-111
-113
-105
-104
-109
-108
-107
-104
-103
-96
-99
-101
-104
-105
-108
-98
-98
-103
-100
-104
-99
-100
-95
-95
-93
-92
-95
-93
-90
-85
-93
-91
-83
-84
-82
-76
-75
-81
-86
-87
-85
-90
-90
-94
-96
-95
-99
-102
-102
-108
-107
-110
-107
-106
-108
-111
-109
-107
-107
-112
-110
-117
-116
-116
-116
-112
-112
-113
-114
-109
-107
-109
-115
-117
-110
-112
-108
-106
-105
-103
-97
-92
-99
-112
-116
-112
-88
-61
-25
8
14
3
7
23
43
61
46
0
-50
-90
-118
-139
-149
-151
-143
-138
-131
-136
-134
-137
-137
-134
-132
-132
-136
-133
-136
-135
-136
-138
-139
-137
-135
-139
-136
-131
-128
-134
-135
-133
-133
-134
-135
-136
-136
-129
-136
-140
-137
-142
-141
-143
-142
-142
-143
-142
-143
-140
-137
-133
-128
-129
-124
-121
-115
-109
-103
-104
-108
-102
-101
-105
-101
-103
-108
-110
-110
-109
-106
-107
-106
-109
-110
-109
-113
-108
-108
-115
-116
-114
-113
-110
-109
-115
-113
-115
-116
-115
-114
-115
-112
-113
-109
-112
-110
-108
-110
-109
-114
-114
-114
-111
-109
-110
-110
-110
-110
-110
-116
-111
-111
-111
-109
-112
-109
-108
-109
-105
-108
-112
-113
-110
-114
-112
-109
-110
-110
-110
-109
-109
-109
-109
-109
-107
-104
-108
-101
-99
-95
-97
-104
-96
-91
-81
-77
-69
-66
-64
-64
-64
-68
-73
-79
-83
-87
-96
-104
-107
-107
-117
-117
-113
-114
-116
-112
-112
-113
-116
-118
-113
-111
-110
-108
-114
-114
-119
-111
-101
-80
-63
-39
-20
-6
-9
-6
1
-8
-58
-130
-193
-240
-274
-285
-284
-267
-245
-208
-170
-137
-121
-116
-120
-117
-116
-118
-112
-116
-113
-117
-117
-115
-112
-115
-113
-108
-107
-106
-107
-113
-106
-103
-102
-105
-102
-102
-105
-104
-101
-98
-103
-99
-102
-99
-100
-95
-96
-95
-98
-98
-90
-95
-93
-92
-94
-86
-89
-88
-93
-83
-85
-80
-84
-88
-88
-90
-96
-98
-99
-102
-104
-104
-103
-112
-109
-107
-111
-109
-110
-112
-113
-113
-110
-107
-107
-109
-113
-111
-111
-112
-115
-115
-109
-110
-111
-110
-111
-115
-111
-109
-111
-109
-107
-102
-100
-98
-94
-88
-77
-65
-61
-64
-70
-79
-78
-67
-50
-31
-18
-19
-28
-38
-20
3
12
-6
-50
-88
-119
-142
-157
-158
-147
-136
-127
-127
-126
-128
-134
-128
-126
-126
-130
-128
-128
-126
-131
-127
-125
-128
-126
-129
-123
-120
-123
-123
-122
-127
-126
-127
-124
-121
-123
-123
-124
-124
-123
-123
-122
-122
-126
-130
-133
-130
-127
-121
-119
-119
-117
-114
-114
-110
-104
-100
-100
-95
-93
-87
-85
-88
-91
-90
-91
-94
-88
-93
-92
-94
-99
-98
-98
-101
-97
-102
-101
-101
-103
-103
-101
-101
-97
-96
-103
-104
-107
-102
-101
-109
-106
-100
-99
-99
-105
-101
-101
-102
-101
-102
-102
-105
-101
-100
-100
-104
-104
-104
-99
-105
-103
-101
-102
-104
-98
-104
-97
-97
-97
-102
-98
-98
-102
-96
-99
-99
-98
-95
-94
-92
-95
-98
-97
-99
-99
-96
-89
-95
-90
-93
-89
-88
-88
-84
-79
-71
-67
-64
-57
-52
-52
-53
-56
-60
-67
-71
-77
-85
-86
-91
-95
-96
-102
-105
-105
-104
-106
-103
-103
-106
-107
-107
-104
-105
-106
-106
-107
-104
-102
-89
-71
-50
-29
-11
0
0
3
7
-2
-49
-123
-189
-234
-265
-275
-268
-260
-235
-199
-161
-130
-114
-115
-114
-112
-109
-107
-107
-103
-107
-103
-102
-103
-106
-103
-101
-104
-99
-95
-99
-97
-92
-92
-91
-91
-90
-91
-96
-94
-88
-86
-86
-88
-87
-86
-83
-80
-81
-80
-81
-79
-74
-73
-76
-73
-78
-72
-71
-69
-71
-70
-71
-70
-70
-76
-77
-80
-82
-84
-89
-89
-88
-91
-88
-94
-94
-97
-98
-101
-97
-98
-93
-97
-99
-93
-96
-96
-100
-99
-99
-97
-96
-98
-96
-95
-96
-96
-98
-98
-100
-97
-96
-90
-80
-78
-79
-90
-101
-98
-75
-46
-13
11
12
0
3
25
45
54
39
-9
-54
-86
-114
-130
-140
-137
-121
-116
-119
-119
-121
-123
-118
-119
-118
-121
-120
-119
-114
-115
-116
-117
-120
-119
-118
-119
-117
-115
-117
-120
-121
-117
-117
-116
-119
-120
-124
-124
-126
-122
-121
-124
-127
-124
-126
-128
-128
-129
-124
-123
-121
-114
-114
-106
-104
-104
-102
-97
-92
-88
-87
-80
-87
-87
-92
-89
-90
-97
-94
-98
-100
-92
-95
-96
-97
-99
-101
-103
-101
-102
-100
-102
-101
-102
-101
-100
-100
-104
-103
-104
-104
-103
-102
-104
-99
-102
-101
-100
-103
-106
-100
-100
-98
-101
-104
-103
-104
-99
-99
-95
-105
-105
-105
-103
-104
-103
-100
-97
-103
-101
-103
-105
-102
-103
-101
-101
-97
-95
-100
-98
-101
-100
-101
-96
-95
-96
-96
-99
-99
-93
-89
-90
-85
-79
-76
-66
-64
-57
-55
-52
-52
-56
-60
-66
-76
-79
-85
-88
-95
-100
-100
-103
-105
-104
-103
-103
-104
-112
-109
-107
-105
-107
-111
-107
-104
-107
-104
-103
-90
-78
-63
-38
-21
-9
-9
-7
2
-8
-54
-124
-186
-235
-273
-277
-268
-260
-238
-206
-165
-136
-117
-107
-108
-112
-110
-107
-101
-100
-103
-101
-102
-101
-104
-103
-99
-92
-92
-93
-94
-94
-94
-95
-96
-91
-91
-87
-85
-82
-83
-82
-81
-79
-78
-78
-82
-78
-82
-83
-80
-79
-75
-73
-69
-69
-70
-70
-68
-64
-68
-65
-64
-63
-67
-69
-75
-78
-77
-80
-82
-86
-87
-89
-90
-91
-93
-93
-95
-94
-94
-95
-95
-96
-95
-99
-99
-100
-96
-97
-100
-98
-100
-100
-100
-95
-94
-98
-100
-98
-98
-93
-91
-85
-83
-87
-93
-100
-105
-94
-66
-31
1
19
8
9
24
45
69
76
41
-10
-57
-89
-114
-136
-146
-140
-135
-125
-127
-129
-127
-128
-131
-131
-132
-131
-131
-130
-128
-131
-131
-128
-127
-131
-133
-132
-133
-132
-136
-137
-134
-140
-139
-140
-137
-136
-143
-146
-140
-141
-147
-145
-144
-146
-146
-146
-150
-147
-145
-145
-145
-140
-138
-135
-132
-123
-114
-113
-108
-104
-108
-106
-103
-108
-106
-109
-108
-108
-110
-118
-114
-118
-113
-110
-110
-107
-115
-114
-114
-116
-116
-117
-116
-112
-115
-118
-118
-116
-119
-113
-113
-117
-113
-117
-114
-114
-110
-110
-110
-112
-112
-117
-114
-110
-112
-115
-113
-113
-112
-109
-111
-112
-108
-110
-112
-112
-118
-106
-111
-109
-104
-105
-111
-106
-104
-109
-105
-110
-111
-104
-106
-108
-109
-113
-110
-110
-111
-109
-107
-107
-104
-99
-99
-98
-93
-90
-81
-73
-69
-66
-60
-58
-60
-61
-65
-72
-80
-86
-89
-95
-98
-107
-109
-113
-110
-112
-107
-103
-110
-112
-112
-112
-110
-112
-112
-113
-111
-103
-104
-101
-95
-78
-61
-40
-21
-7
-1
4
13
1
-47
-119
-188
-231
-258
-272
-274
-264
-239
-203
-162
-134
-115
-111
-115
-116
-114
-111
-110
-110
-110
-110
-108
-109
-109
-111
-111
-111
-106
-106
-103
-105
-100
-103
-101
-98
-95
-98
-97
-102
-100
-97
-94
-92
-94
-93
-90
-91
-91
-87
-85
-88
-89
-87
-85
-84
-85
-84
-82
-81
-81
-82
-82
-79
-77
-82
-80
-82
-86
-87
-89
-90
-94
-94
-96
-102
-102
-101
-103
-105
-104
-105
-105
-104
-106
-107
-106
-107
-103
-104
-102
-102
-104
-106
-102
-103
-102
-104
-104
-102
-98
-104
-100
-97
-89
-85
-89
-96
-106
-109
-98
-77
-48
-12
2
-3
-13
-5
13
39
50
31
-17
-63
-92
-118
-135
-144
-142
-130
-125
-122
-124
-122
-126
-125
-121
-121
-124
-124
-124
-124
-121
-120
-120
-120
-124
-128
-124
-122
-127
-125
-123
-123
-124
-123
-124
-124
-122
-125
-126
-127
-128
-134
-132
-132
-132
-132
-131
-128
-127
-128
-131
-128
-131
-122
-118
-112
-107
-106
-101
-97
-94
-95
-96
-94
-94
-95
-96
-99
-94
-97
-96
-95
-96
-100
-97
-97
-94
-97
-99
-106
-102
-98
-97
-101
-98
-98
-103
-101
-100
-99
-100
-100
-100
-97
-100
-95
-96
-95
-100
-98
-100
-96
-97
-98
-96
-93
-97
-99
-94
-94
-96
-95
-95
-96
-97
-95
-98
-93
-95
-99
-99
-99
-96
-96
-96
-96
-94
-98
-97
-93
-98
-100
-100
-94
-97
-95
-94
-94
-94
-91
-92
-88
-84
-86
-81
-81
-76
-68
-61
-55
-52
-52
-52
-49
-52
-65
-67
-71
-74
-81
-83
-88
-95
-96
-102
-101
-100
-102
-102
-105
-98
-96
-101
-101
-100
-102
-103
-102
-103
-100
-96
-82
-63
-41
-20
-9
0
1
6
10
-10
-67
-147
-203
-240
-264
-272
-271
-250
-220
-187
-150
-120
-106
-103
-108
-105
-105
-101
-104
-104
-101
-101
-97
-99
-94
-96
-101
-101
-99
-102
-98
-94
-95
-89
-93
-90
-90
-88
-88
-93
-89
-86
-89
-85
-81
-79
-80
-80
-80
-77
-83
-79
-80
-72
-73
-72
-70
-63
-68
-66
-67
-63
-67
-69
-69
-64
-69
-71
-72
-74
-77
-83
-87
-86
-88
-90
-89
-90
-90
-85
-89
-90
-87
-94
-90
-95
-94
-95
-96
-98
-92
-95
-92
-89
-92
-94
-94
-93
-87
-87
-87
-94
-102
-108
-107
-88
-62
-37
-25
-23
-24
-8
15
47
70
67
29
-19
-54
-84
-108
-116
-112
-101
-98
-104
-109
-108
-112
-111
-109
-107
-110
-111
-112
-112
-112
-114
-115
-111
-114
-116
-111
-111
-113
-112
-108
-104
-107
-114
-110
-109
-110
-112
-112
-115
-112
-117
-116
-119
-117
-120
-125
-121
-117
-117
-118
-116
-115
-109
-106
-102
-96
-97
-91
-82
-80
-80
-79
-76
-78
-82
-85
-89
-87
-86
-88
-85
-86
-89
-92
-89
-87
-90
-88
-88
-90
-89
-91
-88
-87
-85
-87
-94
-89
-89
-92
-92
-87
-89
-90
-90
-86
-86
-88
-91
-89
-84
-90
-89
-88
-91
-88
-86
-86
-82
-83
-86
-79
-83
-86
-89
-87
-89
-90
-87
-80
-82
-84
-84
-84
-84
-84
-84
-81
-83
-83
-86
-82
-80
-79
-84
-84
-84
-87
-88
-83
-81
-85
-81
-83
-77
-72
-71
-71
-69
-67
-61
-52
-42
-38
-41
-41
-35
-42
-50
-56
-61
-68
-72
-73
-79
-83
-89
-92
-95
-92
-96
-98
-98
-91
-92
-95
-87
-91
-94
-94
-94
-96
-93
-85
-73
-56
-37
-14
2
4
3
6
8
-16
-88
-161
-212
-245
-267
-271
-258
-239
-208
-168
-134
-110
-104
-99
-98
-94
-101
-97
-94
-95
-94
-94
-95
-91
-90
-92
-89
-87
-89
-92
-90
-88
-88
-86
-84
-84
-80
-79
-82
-79
-79
-81
-81
-76
-75
-74
-75
-73
-69
-74
-75
-68
-69
-69
-68
-63
-61
-59
-59
-56
-55
-54
-54
-54
-57
-63
-64
-65
-64
-69
-72
-74
-74
-78
-84
-81
-80
-79
-77
-79
-80
-79
-82
-87
-83
-81
-84
-80
-83
-82
-86
-85
-85
-84
-83
-82
-80
-79
-81
-71
-71
-71
-80
-88
-88
-75
-55
-24
10
19
14
20
45
74
104
107
72
24
-17
-50
-82
-105
-113
-112
-107
-101
-106
-107
-107
-107
-110
-113
-113
-112
-109
-107
-106
-109
-113
-113
-111
-112
-112
-114
-114
-112
-107
-109
-113
-116
-115
-121
-116
-118
-117
-118
-118
-118
-119
-125
-124
-124
-125
-123
-122
-122
-121
-117
-115
-109
-101
-99
-93
-91
-90
-82
-82
-79
-75
-75
-79
-80
-81
-85
-85
-83
-87
-85
-89
-85
-83
-82
-83
-86
-83
-87
-91
-91
-85
-87
-89
-86
-84
-87
-95
-94
-90
-86
-85
-88
-89
-91
-84
-86
-85
-83
-84
-87
-83
-91
-93
-90
-88
-90
-90
-89
-80
-82
-85
-86
-92
-88
-87
-93
-89
-85
-84
-88
-85
-88
-88
-90
-86
-87
-89
-93
-88
-87
-89
-92
-88
-88
-87
-90
-89
-88
-86
-85
-83
-78
-78
-78
-71
-63
-59
-57
-52
-46
-39
-44
-40
-41
-52
-55
-66
-68
-72
-79
-86
-89
-95
-95
-97
-95
-96
-101
-100
-96
-93
-94
-96
-99
-98
-96
-97
-96
-88
-89
-78
-66
-43
-21
-4
2
5
10
16
0
-55
-126
-184
-227
-259
-270
-270
-255
-228
-188
-150
-123
-106
-102
-102
-101
-99
-96
-102
-100
-97
-97
-98
-98
-96
-95
-92
-94
-96
-91
-91
-92
-82
-85
-91
-93
-86
-85
-89
-84
-78
-78
-78
-75
-76
-77
-76
-76
-74
-70
-63
-68
-70
-66
-61
-63
-64
-62
-59
-58
-54
-48
-52
-56
-57
-56
-60
-65
-68
-74
-73
-73
-69
-69
-73
-72
-79
-81
-80
-82
-82
-85
-80
-87
-83
-76
-80
-84
-87
-86
-84
-85
-81
-86
-83
-82
-85
-83
-78
-76
-75
-71
-71
-84
-92
-91
-77
-55
-27
2
11
3
3
23
56
85
95
56
7
-35
-64
-95
-109
-109
-104
-102
-100
-103
-103
-105
-103
-104
-103
-104
-102
-101
-97
-97
-102
-105
-104
-101
-101
-101
-100
-100
-100
-103
-104
-105
-105
-104
-103
-102
-109
-107
-107
-107
-110
-111
-111
-112
-115
-119
-117
-116
-118
-117
-113
-111
-107
-108
-102
-93
-93
-92
-86
-83
-80
-84
-80
-79
-80
-86
-85
-82
-85
-86
-88
-88
-88
-88
-94
-90
-89
-86
-92
-87
-85
-91
-91
-89
-87
-82
-86
-87
-90
-93
-92
-93
-89
-90
-90
-87
-88
-90
-89
-88
-87
-86
-87
-85
-86
-86
-87
-85
-86
-85
-85
-83
-88
-86
-86
-85
-85
-86
-90
-86
-86
-85
-90
-83
-84
-81
-89
-86
-83
-88
-85
-86
-86
-91
-87
-85
-81
-82
-81
-83
-80
-82
-77
-73
-75
-74
-77
-72
-71
-59
-52
-45
-45
-41
-42
-42
-46
-49
-54
-59
-62
-70
-70
-79
-82
-82
-85
-87
-87
-88
-84
-85
-88
-87
-87
-88
-87
-92
-88
-86
-87
-84
-75
-70
-59
-43
-24
-12
-1
-6
-4
-1
-8
-41
-105
-161
-202
-233
-239
-238
-232
-213
-184
-147
-120
-102
-91
-94
-93
-90
-91
-88
-87
-84
-86
-80
-78
-81
-83
-82
-85
-84
-84
-83
-80
-81
-76
-72
-74
-75
-72
-74
-75
-74
-72
-68
-67
-66
-67
-64
-63
-70
-66
-65
-61
-59
-59
-55
-52
-54
-53
-51
-52
-54
-48
-47
-47
-47
-48
-50
-49
-57
-62
-65
-64
-68
-68
-66
-67
-66
-69
-68
-72
-74
-69
-75
-72
-72
-72
-78
-76
-77
-77
-77
-74
-79
-76
-76
-74
-78
-80
-81
-76
-71
-68
-62
-58
-54
-62
-72
-77
-68
-48
-20
11
31
34
25
34
56
68
86
77
36
-13
-47
-76
-100
-112
-114
-110
-104
-101
-103
-109
-106
-103
-107
-103
-105
-109
-110
-112
-108
-108
-105
-102
-108
-107
-110
-107
-111
-111
-115
-113
-109
-111
-112
-117
-118
-111
-116
-119
-124
-125
-124
-126
-128
-130
-128
-127
-126
-125
-126
-121
-119
-111
-108
-106
-101
-91
-91
-92
-89
-89
-90
-91
-88
-89
-88
-89
-89
-88
-92
-92
-94
-94
-95
-97
-93
-96
-98
-99
-96
-92
-95
-94
-95
-94
-95
-96
-98
-97
-95
-94
-96
-95
-97
-92
-96
-97
-94
-92
-93
-92
-92
-92
-91
-92
-91
-91
-92
-90
-92
-92
-87
-92
-93
-95
-91
-95
-93
-90
-88
-92
-92
-91
-86
-86
-87
-93
-93
-87
-89
-89
-86
-86
-91
-89
-88
-86
-85
-82
-86
-83
-80
-77
-77
-73
-60
-55
-47
-47
-47
-50
-52
-53
-63
-65
-72
-73
-75
-81
-86
-96
-99
-97
-96
-99
-97
-99
-98
-94
-99
-93
-94
-95
-90
-92
-93
-91
-91
-79
-63
-50
-36
-18
-8
-9
-10
-9
-13
-41
-101
-155
-195
-224
-240
-237
-231
-212
-190
-156
-128
-110
-103
-101
-101
-103
-102
-98
-95
-96
-95
-95
-96
-96
-92
-93
-94
-90
-90
-90
-87
-87
-89
-86
-84
-81
-81
-83
-81
-84
-82
-84
-78
-80
-75
-76
-72
-72
-74
-77
-74
-72
-68
-72
-74
-65
-64
-65
-70
-67
-68
-67
-66
-64
-68
-72
-72
-73
-76
-79
-81
-81
-79
-86
-89
-88
-89
-88
-89
-92
-90
-89
-92
-90
-90
-92
-92
-94
-93
-91
-93
-91
-89
-89
-90
-89
-93
-92
-92
-91
-84
-86
-76
-72
-65
-62
-64
-72
-72
-70
-55
-34
-8
17
22
9
5
16
27
39
33
-4
-54
-84
-105
-118
-131
-128
-121
-109
-110
-111
-108
-110
-109
-107
-107
-105
-104
-107
-107
-114
-112
-113
-107
-108
-110
-110
-114
-111
-108
-110
-110
-111
-114
-111
-112
-111
-113
-113
-111
-114
-116
-114
-115
-117
-119
-117
-117
-117
-122
-117
-109
-107
-107
-104
-100
-91
-90
-87
-81
-75
-76
-75
-75
-77
-78
-80
-78
-79
-82
-80
-83
-82
-79
-81
-84
-88
-88
-87
-88
-89
-85
-85
-85
-86
-87
-90
-89
-81
-84
-86
-85
-82
-85
-84
-84
-84
-85
-90
-89
-85
-87
-89
-91
-89
-88
-90
-88
-86
-88
-89
-87
-83
-83
-84
-84
-86
-89
-89
-88
-88
-87
-89
-86
-84
-83
-85
-82
-79
-81
-83
-81
-82
-85
-81
-80
-79
-69
-68
-70
-71
-70
-62
-63
-57
-47
-39
-39
-38
-39
-40
-44
-57
-62
-63
-70
-71
-77
-77
-87
-86
-85
-86
-90
-90
-88
-84
-89
-88
-87
-84
-88
-93
-92
-88
-88
-84
-72
-59
-45
-20
-4
8
10
1
0
-5
-38
-102
-164
-207
-238
-255
-255
-240
-219
-190
-160
-123
-106
-98
-93
-95
-90
-93
-93
-91
-91
-91
-91
-90
-85
-87
-90
-88
-87
-87
-85
-83
-84
-83
-80
-79
-78
-78
-75
-73
-69
-71
-71
-71
-73
-75
-70
-72
-69
-66
-70
-66
-63
-64
-61
-62
-56
-57
-59
-55
-53
-51
-52
-56
-56
-54
-60
-63
-60
-66
-71
-66
-73
-73
-75
-78
-81
-81
-78
-85
-85
-79
-84
-82
-81
-82
-86
-83
-85
-80
-82
-82
-80
-79
-79
-84
-83
-78
-82
-81
-80
-79
-72
-69
-64
-57
-63
-71
-79
-73
-55
-32
-3
19
27
16
15
27
45
66
64
32
-19
-59
-87
-110
-119
-118
-115
-102
-94
-95
-101
-100
-100
-100
-96
-97
-96
-100
-100
-101
-104
-106
-104
-102
-99
-102
-103
-100
-100
-99
-102
-98
-99
-101
-105
-104
-102
-104
-105
-110
-104
-110
-109
-109
-113
-114
-114
-114
-112
-109
-108
-109
-101
-97
-92
-89
-89
-84
-80
-76
-73
-72
-69
-75
-73
-76
-75
-79
-76
-78
-79
-78
-76
-82
-87
-81
-82
-82
-82
-83
-84
-81
-82
-83
-85
-85
-88
-85
-87
-84
-77
-86
-82
-86
-87
-86
-87
-83
-84
-86
-83
-83
-89
-85
-87
-90
-83
-81
-83
-84
-82
-83
-90
-86
-88
-86
-90
-82
-82
-83
-87
-83
-84
-89
-91
-87
-87
-86
-87
-88
-86
-85
-87
-88
-87
-83
-84
-80
-72
-76
-78
-73
-69
-63
-57
-51
-47
-45
-44
-45
-47
-52
-60
-63
-71
-74
-80
-86
-88
-95
-95
-95
-95
-93
-93
-96
-94
-100
-100
-102
-100
-99
-97
-96
-99
-96
-90
-79
-65
-42
-22
-9
-3
0
3
7
-3
-55
-124
-189
-227
-251
-266
-263
-247
-223
-191
-159
-128
-107
-104
-105
-102
-101
-98
-99
-99
-97
-95
-94
-95
-94
-94
-94
-98
-100
-93
-91
-93
-94
-91
-91
-92
-88
-90
-92
-92
-90
-83
-82
-83
-82
-81
-81
-84
-85
-80
-75
-77
-75
-74
-72
-74
-70
-70
-68
-67
-66
-67
-64
-59
-64
-68
-70
-73
-79
-82
-80
-84
-90
-91
-89
-94
-96
-96
-95
-93
-95
-92
-93
-98
-95
-95
-94
-97
-98
-96
-96
-96
-97
-101
-100
-102
-101
-99
-96
-94
-96
-96
-95
-96
-91
-91
-88
-81
-69
-58
-54
-57
-67
-67
-53
-30
-5
13
20
8
3
19
39
57
45
1
-53
-90
-119
-141
-152
-142
-135
-121
-119
-118
-121
-120
-121
-124
-119
-121
-121
-120
-120
-123
-122
-119
-122
-120
-121
-123
-120
-122
-118
-120
-117
-118
-122
-122
-121
-125
-119
-121
-122
-124
-130
-127
-128
-126
-127
-128
-128
-131
-132
-125
-121
-111
-110
-111
-105
-105
-100
-96
-87
-89
-85
-82
-85
-87
-92
-93
-96
-93
-95
-96
-96
-98
-99
-98
-101
-99
-105
-101
-103
-104
-103
-101
-102
-98
-102
-103
-103
-101
-103
-105
-104
-101
-105
-105
-108
-103
-99
-100
-98
-95
-105
-106
-108
-104
-104
-101
-102
-101
-98
-101
-104
-102
-101
-97
-98
-97
-100
-99
-100
-99
-104
-107
-102
-97
-95
-94
-96
-103
-103
-101
-104
-94
-90
-90
-85
-82
-80
-70
-63
-57
-53
-53
-56
-56
-61
-67
-75
-84
-84
-85
-94
-99
-102
-103
-106
-108
-108
-109
-109
-104
-107
-108
-110
-109
-107
-103
-110
-107
-105
-102
-95
-78
-61
-40
-19
-7
-1
9
12
5
-39
-105
-169
-222
-257
-271
-272
-258
-237
-206
-176
-145
-123
-115
-115
-112
-108
-109
-110
-112
-107
-105
-104
-106
-100
-102
-104
-102
-95
-98
-103
-100
-98
-99
-94
-95
-92
-92
-92
-93
-88
-90
-93
-90
-93
-85
-85
-85
-84
-82
-83
-84
-80
-77
-81
-76
-80
-73
-76
-74
-69
-71
-74
-73
-76
-74
-80
-82
-90
-84
-84
-88
-95
-92
-94
-97
-95
-97
-97
-100
-98
-94
-97
-97
-99
-99
-101
-103
-107
-103
-105
-101
-103
-101
-101
-101
-102
-98
-103
-103
-98
-96
-92
-93
-95
-97
-89
-80
-71
-65
-65
-64
-69
-66
-61
-66
-72
-77
-86
-91
-96
-100
-103
-112
-116
-116
-113
-116
-119
-123
-120
-119
-125
-122
-115
-116
-119
-119
-114
-115
-115
-115
-108
-96
-78
-55
-38
-27
-19
-14
-8
-22
-66
-146
-212
-255
-291
-301
-292
-282
-257
-221
-178
-149
-126
-121
-119
-118
-122
-124
-116
-117
-119
-114
-115
-116
-115
-121
-118
-119
-117
-112
-111
-114
-114
-114
-109
-114
-114
-114
-113
-108
-105
-104
-103
-106
-108
-109
-107
-101
-102
-101
-96
-96
-97
-92
-94
-92
-95
-91
-90
-89
-90
-91
-92
-96
-98
-106
-110
-108
-109
-113
-112
-117
-115
-123
-120
-122
-121
-121
-121
-120
-123
-127
-124
-124
-123
-123
-124
-123
-123
-128
-131
-131
-129
-130
-128
-127
-126
-126
-128
-132
-133
-131
-132
-128
-124
-122
-124
-121
-114
-114
-111
-103
-95
-91
-91
-88
-87
-88
-92
-96
-99
-104
-111
-113
-118
-120
-128
-133
-133
-133
-130
-132
-128
-128
-135
-134
-130
-131
-130
-121
-126
-126
-129
-126
-125
-110
-100
-82
-60
-39
-19
-16
-13
-8
-17
-60
-130
-195
-242
-277
-297
-295
-282
-259
-222
-183
-154
-138
-125
-122
-127
-127
-128
-123
-122
-120
-121
-118
-119
-119
-116
-114
-117
-115
-110
-111
-111
-108
-108
-107
-109
-107
-104
-100
-99
-100
-102
-99
-98
-97
-95
-94
-95
-93
-93
-87
-89
-82
-82
-80
-80
-77
-82
-80
-76
-72
-76
-78
-77
-82
-84
-90
-91
-94
-95
-96
-98
-105
-102
-99
-96
-98
-98
-102
-105
-105
-101
-101
-103
-101
-104
-103
-101
-101
-102
-100
-102
-103
-104
-103
-100
-100
-98
-98
-99
-98
-98
-99
-100
-95
-89
-88
-88
-85
-80
-78
-67
-62
-55
-55
-51
-50
-51
-57
-55
-62
-70
-75
-81
-88
-88
-93
-102
-100
-97
-95
-94
-94
-93
-93
-95
-92
-96
-91
-92
-92
-88
-92
-90
-83
-75
-60
-46
-23
-5
11
14
16
23
13
-27
-94
-165
-212
-248
-264
-260
-252
-232
-199
-157
-124
-96
-88
-86
-86
-87
-84
-79
-82
-77
-80
-81
-78
-80
-80
-82
-78
-78
-82
-74
-73
-71
-74
-76
-74
-76
-75
-71
-69
-70
-64
-66
-60
-64
-64
-64
-63
-64
-64
-63
-58
-55
-49
-55
-53
-51
-48
-48
-49
-47
-49
-48
-48
-48
-51
-52
-55
-55
-63
-68
-68
-67
-69
-67
-69
-65
-74
-69
-69
-70
-69
-72
-74
-71
-69
-69
-68
-64
-63
-69
-70
-69
-71
-73
-70
-68
-71
-68
-67
-63
-61
-67
-61
-57
-58
-54
-52
-48
-45
-34
-29
-22
-24
-22
-24
-22
-28
-34
-36
-39
-48
-51
-60
-62
-63
-70
-71
-67
-68
-68
-73
-74
-71
-75
-79
-77
-76
-76
-72
-71
-70
-68
-66
-57
-43
-27
-6
19
34
39
36
41
37
0
-67
-138
-187
-232
-257
-255
-243
-224
-191
-150
-112
-90
-76
-74
-72
-72
-70
-73
-66
-66
-66
-66
-68
-63
-69
-72
-70
-66
-67
-68
-68
-61
-64
-65
-63
-60
-60
-60
-58
-57
-58
-55
-54
-52
-52
-53
-52
-49
-49
-51
-48
-46
-43
-43
-42
-39
-43
-38
-38
-40
-40
-41
-46
-48
-47
-48
-55
-53
-58
-61
-66
-64
-64
-68
-66
-69
-68
-68
-70
-72
-70
-71
-74
-69
-67
-66
-73
-74
-73
-69
-76
-73
-72
-72
-72
-70
-67
-70
-67
-72
-69
-67
-65
-63
-61
-61
-56
-51
-44
-33
-33
-29
-25
-30
-29
-35
-40
-41
-42
-55
-56
-54
-61
-70
-74
-74
-75
-81
-82
-84
-80
-83
-75
-78
-83
-81
-79
-79
-79
-82
-82
-75
-71
-59
-40
-16
6
22
32
33
31
36
11
-56
-131
-186
-228
-247
-249
-241
-225
-200
-164
-124
-96
-86
-81
-75
-73
-72
-71
-73
-74
-67
-66
-70
-73
-71
-68
-70
-71
-67
-68
-67
-66
-72
-69
-65
-66
-66
-64
-67
-69
-66
-64
-62
-64
-63
-64
-61
-56
-60
-63
-57
-53
-56
-57
-51
-51
-53
-51
-47
-48
-48
-48
-54
-57
-59
-67
-65
-68
-73
-72
-77
-77
-77
-81
-81
-83
-86
-82
-78
-82
-86
-89
-83
-85
-83
-85
-87
-87
-87
-90
-88
-86
-85
-86
-86
-88
-87
-85
-87
-79
-81
-82
-76
-76
-76
-74
-71
-65
-58
-49
-45
-44
-37
-38
-36
-33
-36
-43
-50
-52
-57
-64
-72
-72
-74
-81
-78
-79
-83
-88
-86
-85
-88
-84
-88
-85
-82
-84
-83
-79
-80
-78
-75
-64
-58
-40
-16
9
30
36
40
44
42
11
-56
-130
-185
-226
-248
-255
-243
-225
-193
-156
-124
-97
-93
-95
-91
-87
-85
-83
-82
-83
-86
-83
-87
-86
-79
-83
-80
-77
-73
-71
-71
-73
-77
-78
-78
-77
-78
-78
-73
-72
-67
-68
-62
-64
-63
-60
-64
-60
-58
-57
-57
-53
-51
-55
-51
-52
-49
-53
-47
-48
-46
-44
-46
-47
-50
-54
-58
-59
-59
-66
-68
-69
-68
-61
-59
-63
-66
-70
-68
-74
-72
-73
-68
-66
-65
-69
-66
-68
-70
-69
-71
-66
-66
-66
-70
-69
-64
-66
-67
-66
-65
-66
-60
-60
-62
-60
-53
-48
-39
-29
-30
-28
-26
-21
-19
-26
-35
-37
-44
-46
-52
-59
-64
-68
-69
-70
-73
-70
-73
-70
-72
-77
-78
-78
-77
-77
-74
-73
-76
-76
-76
-72
-68
-58
-36
-17
6
29
33
37
49
58
31
-42
-117
-178
-223
-247
-253
-245
-229
-195
-156
-119
-90
-75
-74
-71
-71
-71
-68
-67
-71
-71
-68
-69
-63
-68
-62
-64
-65
-68
-64
-61
-60
-58
-51
-55
-62
-66
-66
-62
-62
-58
-55
-49
-49
-53
-51
-44
-46
-51
-53
-51
-47
-48
-47
-45
-44
-42
-43
-42
-44
-42
-46
-43
-41
-43
-45
-51
-64
-71
-69
-66
-70
-71
-74
-73
-74
-74
-73
-70
-73
-75
-75
-72
-75
-74
-74
-68
-69
-76
-72
-72
-76
-75
-79
-79
-78
-78
-75
-77
-79
-75
-76
-71
-72
-66
-64
-57
-47
-46
-35
-34
-35
-38
-40
-40
-46
-50
-54
-60
-59
-68
-77
-78
-79
-82
-82
-88
-82
-80
-80
-80
-87
-94
-96
-93
-91
-91
-90
-91
-92
-87
-83
-72
-55
-40
-15
7
20
25
23
30
23
-35
-115
-180
-224
-256
-271
-261
-253
-226
-190
-153
-112
-89
-87
-89
-88
-82
-85
-85
-85
-85
-84
-80
-81
-79
-78
-78
-83
-79
-82
-80
-79
-76
-75
-77
-76
-74
-71
-74
-70
-66
-68
-68
-68
-63
-65
-69
-69
-68
-67
-65
-64
-60
-58
-56
-53
-57
-50
-56
-52
-54
-52
-54
-55
-59
-60
-62
-64
-63
-69
-74
-75
-73
-76
-80
-82
-79
-76
-80
-81
-78
-77
-77
-79
-73
-75
-81
-82
-80
-78
-75
-76
-76
-81
-82
-84
-91
-89
-83
-81
-76
-73
-72
-68
-68
-69
-66
-64
-54
-47
-41
-37
-32
-31
-35
-38
-46
-47
-56
-63
-66
-73
-75
-83
-83
-79
-87
-92
-93
-93
-90
-90
-88
-90
-96
-94
-94
-88
-89
-91
-93
-85
-78
-66
-56
-32
-8
11
15
10
19
27
4
-61
-140
-199
-244
-267
-267
-259
-242
-218
-184
-143
-115
-100
-95
-98
-103
-99
-99
-101
-102
-96
-95
-99
-98
-94
-95
-92
-93
-95
-96
-89
-91
-89
-90
-91
-93
-92
-87
-82
-85
-86
-85
-83
-80
-86
-82
-80
-78
-76
-75
-71
-72
-77
-77
-72
-67
-72
-67
-64
-64
-64
-60
-61
-67
-72
-73
-82
-85
-83
-86
-85
-87
-86
-88
-86
-86
-92
-92
-88
-85
-92
-88
-92
-91
-93
-91
-91
-93
-93
-92
-91
-85
-95
-94
-95
-92
-93
-95
-94
-90
-94
-92
-83
-82
-82
-86
-88
-79
-69
-62
-56
-52
-45
-49
-51
-55
-59
-67
-70
-74
-83
-87
-93
-92
-95
-97
-96
-98
-99
-102
-100
-99
-97
-103
-104
-101
-99
-101
-103
-101
-98
-96
-95
-82
-66
-48
-26
-4
15
22
26
28
24
-19
-97
-167
-217
-252
-272
-271
-255
-232
-201
-163
-121
-106
-100
-97
-89
-88
-92
-92
-95
-89
-86
-91
-89
-91
-92
-91
-88
-84
-84
-88
-86
-82
-82
-82
-80
-80
-78
-85
-82
-79
-76
-78
-79
-73
-72
-72
-69
-64
-67
-70
-73
-65
-72
-70
-70
-66
-63
-61
-60
-55
-53
-56
-58
-62
-64
-65
-68
-71
-77
-83
-86
-84
-86
-82
-86
-87
-86
-84
-86
-87
-88
-84
-84
-85
-83
-88
-85
-85
-88
-90
-92
-89
-86
-82
-89
-90
-86
-87
-89
-93
-88
-85
-77
-75
-75
-73
-65
-60
-54
-51
-47
-46
-44
-45
-55
-59
-61
-66
-77
-87
-87
-90
-95
-97
-96
-95
-98
-99
-101
-99
-98
-102
-104
-99
-101
-101
-99
-101
-102
-99
-98
-92
-84
-61
-41
-16
5
11
14
19
27
-3
-74
-150
-206
-257
-282
-282
-271
-252
-223
-184
-143
-114
-100
-99
-101
-101
-99
-97
-95
-94
-96
-94
-93
-93
-93
-91
-86
-88
-87
-80
-81
-81
-86
-86
-90
-80
-82
-83
-82
-72
-75
-77
-74
-78
-76
-76
-66
-72
-75
-77
-73
-70
-65
-67
-66
-64
-60
-62
-58
-57
-55
-61
-59
-61
-63
-66
-70
-73
-78
-76
-78
-77
-77
-75
-76
-82
-82
-83
-89
-85
-86
-88
-89
-80
-78
-81
-86
-85
-81
-83
-83
-87
-83
-85
-84
-80
-79
-83
-81
-81
-78
-77
-76
-79
-77
-80
-77
-64
-57
-52
-49
-45
-44
-44
-40
-42
-47
-49
-56
-59
-66
-68
-77
-83
-82
-89
-87
-90
-89
-84
-88
-90
-91
-89
-85
-88
-90
-90
-92
-93
-91
-85
-82
-78
-66
-51
-26
-6
8
17
21
26
28
7
-62
-143
-204
-249
-271
-271
-264
-241
-211
-169
-128
-98
-85
-88
-83
-82
-80
-80
-79
-82
-84
-80
-77
-77
-76
-77
-80
-79
-76
-73
-76
-72
-68
-66
-69
-66
-67
-63
-65
-61
-58
-64
-61
-60
-57
-49
-51
-57
-59
-54
-53
-53
-48
-45
-44
-43
-45
-41
-40
-39
-39
-38
-40
-44
-45
-45
-46
-54
-61
-61
-62
-64
-66
-63
-65
-64
-64
-64
-62
-64
-70
-62
-65
-66
-65
-64
-70
-65
-64
-66
-57
-61
-64
-66
-68
-68
-68
-64
-63
-65
-60
-63
-59
-61
-48
-50
-41
-34
-33
-30
-23
-27
-28
-20
-24
-30
-38
-45
-46
-48
-56
-61
-63
-64
-67
-68
-71
-68
-65
-68
-68
-68
-73
-72
-68
-67
-67
-70
-67
-68
-66
-58
-50
-31
-12
9
30
39
35
38
44
30
-17
-97
-163
-220
-250
-260
-252
-232
-208
-168
-124
-88
-71
-62
-61
-62
-61
-59
-61
-65
-63
-60
-62
-58
-52
-56
-59
-56
-58
-60
-57
-54
-51
-48
-44
-42
-47
-50
-50
-44
-43
-43
-47
-39
-42
-38
-43
-36
-33
-36
-33
-33
-29
-30
-28
-27
-23
-18
-20
-20
-16
-14
-20
-26
-31
-32
-38
-39
-41
-46
-45
-47
-45
-46
-52
-48
-52
-46
-46
-48
-49
-52
-57
-55
-52
-52
-58
-60
-58
-58
-59
-57
-53
-50
-55
-55
-59
-56
-52
-56
-61
-59
-52
-52
-50
-44
-46
-44
-41
-31
-21
-18
-16
-17
-10
-13
-18
-21
-28
-39
-48
-52
-51
-57
-62
-61
-61
-64
-67
-63
-63
-64
-67
-68
-69
-68
-69
-68
-69
-71
-68
-69
-64
-54
-43
-26
-6
16
26
38
39
39
35
4
-66
-141
-195
-235
-253
-250
-244
-222
-190
-144
-108
-83
-68
-64
-66
-67
-62
-58
-56
-57
-53
-55
-58
-58
-59
-61
-57
-55
-56
-52
-52
-53
-53
-53
-51
-53
-55
-43
-47
-46
-43
-40
-42
-46
-42
-42
-42
-40
-37
-36
-36
-35
-34
-40
-41
-39
-29
-31
-33
-30
-28
-27
-29
-36
-38
-36
-42
-47
-54
-53
-56
-55
-56
-56
-58
-60
-55
-54
-56
-54
-60
-59
-57
-53
-53
-54
-58
-59
-57
-59
-61
-63
-63
-61
-56
-55
-60
-64
-59
-56
-58
-56
-54
-52
-48
-42
-37
-25
-18
-16
-19
-14
-23
-24
-24
-26
-32
-40
-47
-51
-60
-65
-64
-71
-71
-69
-73
-71
-73
-71
-70
-73
-74
-72
-71
-73
-72
-70
-64
-58
-60
-56
-40
-24
-5
15
24
28
28
32
18
-49
-128
-190
-226
-243
-245
-234
-223
-192
-155
-124
-96
-80
-76
-82
-77
-77
-76
-73
-69
-72
-73
-68
-74
-72
-74
-72
-72
-70
-64
-64
-69
-74
-71
-70
-68
-66
-65
-65
-67
-67
-62
-59
-56
-62
-63
-62
-60
-61
-51
-53
-56
-56
-54
-53
-48
-46
-42
-42
-47
-44
-47
-53
-53
-63
-58
-61
-65
-69
-70
-68
-70
-76
-83
-81
-84
-82
-81
-82
-84
-82
-80
-80
-88
-90
-88
-86
-90
-82
-85
-89
-92
-92
-88
-87
-89
-93
-88
-84
-88
-89
-83
-84
-83
-83
-74
-69
-58
-52
-49
-52
-50
-54
-53
-55
-64
-72
-79
-88
-88
-93
-92
-95
-101
-109
-108
-108
-105
-103
-106
-106
-109
-107
-110
-108
-111
-111
-113
-104
-102
-96
-87
-71
-50
-30
-8
4
2
5
7
-15
-74
-148
-205
-241
-265
-263
-263
-252
-229
-190
-159
-131
-115
-111
-110
-109
-104
-104
-104
-104
-103
-98
-99
-99
-95
-89
-92
-96
-96
-97
-97
-93
-91
-92
-94
-93
-83
-88
-87
-84
-82
-82
-81
-78
-80
-77
-78
-79
-74
-68
-68
-70
-67
-65
-65
-67
-64
-60
-58
-59
-61
-56
-61
-67
-68
-72
-74
-79
-87
-83
-81
-82
-86
-85
-86
-92
-89
-87
-88
-92
-88
-95
-99
-93
-93
-90
-96
-98
-95
-95
-92
-96
-96
-89
-93
-93
-95
-94
-89
-91
-91
-85
-78
-75
-72
-69
-64
-59
-59
-51
-48
-51
-51
-51
-55
-56
-70
-78
-79
-85
-91
-97
-99
-98
-99
-98
-99
-103
-102
-105
-106
-101
-102
-106
-104
-105
-107
-107
-104
-102
-97
-94
-80
-62
-42
-17
2
3
6
12
10
-22
-97
-169
-217
-256
-279
-281
-266
-241
-213
-174
-143
-114
-103
-102
-102
-103
-102
-101
-106
-103
-101
-98
-101
-98
-96
-97
-96
-101
-96
-100
-96
-95
-102
-98
-93
-96
-94
-95
-95
-94
-92
-84
-87
-87
-83
-80
-83
-83
-79
-78
-80
-83
-80
-75
-73
-69
-68
-69
-73
-75
-71
-70
-71
-73
-75
-79
-87
-91
-92
-90
-91
-95
-95
-97
-93
-93
-94
-97
-97
-94
-98
-98
-97
-97
-100
-100
-100
-106
-102
-95
-101
-103
-101
-100
-100
-100
-98
-99
-89
-87
-89
-90
-85
-80
-77
-70
-59
-56
-58
-56
-54
-54
-56
-59
-64
-65
-76
-79
-82
-85
-86
-99
-100
-97
-106
-105
-103
-106
-106
-104
-102
-103
-103
-105
-102
-106
-102
-102
-99
-94
-87
-81
-62
-38
-20
-5
5
5
10
9
-21
-80
-155
-210
-246
-276
-272
-266
-249
-222
-181
-144
-115
-99
-90
-95
-99
-90
-90
-94
-96
-98
-96
-96
-93
-93
-88
-90
-88
-84
-89
-83
-86
-86
-80
-78
-78
-77
-74
-75
-77
-72
-76
-77
-79
-72
-73
-69
-68
-68
-66
-65
-62
-62
-61
-61
-61
-59
-56
-55
-55
-50
-52
-53
-60
-62
-66
-76
-71
-70
-77
-76
-81
-84
-80
-83
-81
-83
-82
-85
-81
-83
-83
-84
-85
-85
-86
-80
-84
-84
-83
-83
-87
-89
-92
-83
-85
-85
-86
-80
-74
-74
-73
-67
-63
-64
-53
-50
-38
-38
-33
-33
-38
-50
-60
-59
-61
-68
-73
-80
-85
-88
-89
-88
-88
-93
-93
-93
-92
-95
-91
-92
-84
-90
-92
-94
-97
-95
-97
-95
-87
-72
-59
-39
-12
6
9
9
14
14
-7
-63
-134
-192
-239
-268
-272
-260
-247
-221
-182
-142
-114
-100
-98
-98
-96
-95
-96
-89
-91
-90
-89
-91
-89
-90
-91
-91
-85
-85
-81
-80
-83
-94
-91
-92
-87
-86
-81
-83
-81
-78
-75
-74
-74
-74
-75
-72
-71
-67
-62
-63
-61
-65
-64
-59
-60
-63
-57
-55
-56
-59
-57
-58
-57
-64
-68
-73
-74
-78
-84
-85
-81
-85
-82
-83
-80
-81
-87
-90
-83
-86
-86
-84
-83
-84
-88
-88
-88
-85
-89
-88
-91
-89
-90
-88
-85
-84
-86
-78
-77
-78
-75
-77
-67
-62
-52
-46
-48
-49
-48
-51
-52
-52
-62
-67
-70
-78
-85
-90
-89
-95
-96
-99
-97
-97
-99
-101
-96
-95
-95
-94
-92
-92
-101
-101
-96
-98
-94
-85
-70
-54
-30
-13
6
11
10
10
7
-22
-86
-161
-208
-246
-270
-264
-253
-237
-209
-170
-136
-103
-93
-92
-94
-94
-92
-92
-92
-85
-87
-89
-89
-84
-87
-89
-88
-85
-84
-83
-84
-83
-78
-81
-79
-76
-76
-77
-77
-75
-69
-72
-69
-69
-69
-75
-67
-69
-66
-68
-63
-66
-59
-58
-59
-54
-52
-55
-56
-58
-55
-57
-56
-64
-64
-65
-71
-71
-76
-77
-81
-79
-77
-79
-87
-83
-86
-85
-83
-84
-78
-79
-83
-87
-80
-83
-83
-84
-86
-83
-88
-88
-90
-90
-90
-83
-85
-82
-80
-80
-81
-77
-73
-74
-63
-56
-49
-46
-45
-42
-44
-47
-53
-57
-61
-66
-71
-77
-86
-94
-95
-94
-95
-99
-93
-93
-92
-98
-97
-98
-102
-103
-101
-98
-100
-100
-92
-95
-87
-80
-71
-54
-30
-15
-3
4
7
8
1
-31
-98
-171
-223
-260
-273
-269
-253
-230
-194
-156
-126
-102
-94
-96
-97
-97
-97
-94
-93
-92
-89
-90
-90
-91
-88
-85
-89
-86
-87
-85
-88
-85
-88
-88
-86
-88
-87
-81
-79
-78
-76
-70
-73
-77
-76
-74
-72
-70
-71
-64
-61
-62
-60
-62
-60
-62
-58
-56
-56
-56
-56
-56
-56
-58
-61
-71
-73
-71
-71
-73
-80
-78
-81
-77
-79
-80
-86
-87
-83
-84
-85
-89
-84
-86
-86
-85
-87
-85
-82
-82
-80
-81
-82
-83
-83
-82
-80
-79
-74
-74
-73
-69
-64
-59
-53
-46
-40
-37
-32
-32
-34
-39
-42
-50
-59
-64
-71
-77
-75
-77
-82
-88
-87
-89
-88
-90
-92
-90
-91
-93
-86
-87
-89
-88
-91
-89
-88
-88
-84
-80
-63
-45
-25
-9
2
6
7
11
4
-30
-101
-167
-213
-243
-258
-253
-239
-219
-190
-153
-120
-99
-89
-87
-85
-84
-85
-83
-84
-84
-80
-81
-84
-80
-82
-81
-78
-81
-78
-72
-69
-74
-72
-79
-78
-79
-77
-75
-71
-71
-66
-69
-68
-69
-65
-69
-67
-66
-61
-62
-56
-55
-56
-57
-53
-53
-48
-51
-50
-48
-48
-53
-55
-62
-63
-68
-71
-72
-71
-72
-77
-77
-74
-78
-79
-83
-80
-83
-80
-80
-83
-87
-82
-84
-84
-87
-87
-88
-89
-90
-89
-84
-82
-82
-84
-84
-86
-88
-85
-82
-80
-82
-76
-69
-58
-52
-47
-43
-44
-47
-51
-53
-56
-63
-71
-75
-79
-87
-92
-95
-96
-97
-100
-104
-108
-108
-105
-105
-106
-107
-107
-109
-108
-110
-109
-108
-106
-102
-98
-82
-62
-40
-14
-2
2
4
6
3
-30
-98
-168
-219
-253
-269
-272
-265
-246
-219
-183
-150
-121
-106
-103
-107
-103
-101
-101
-103
-108
-107
-107
-105
-107
-102
-102
-103
-106
-102
-98
-99
-99
-95
-91
-89
-88
-86
-86
-90
-85
-84
-84
-87
-82
-82
-74
-78
-76
-79
-75
-75
-74
-70
-65
-64
-64
-58
-55
-59
-61
-60
-60
-64
-69
-74
-76
-77
-78
-82
-83
-83
-86
-88
-91
-89
-90
-94
-85
-90
-92
-96
-93
-95
-93
-93
-93
-91
-90
-91
-93
-93
-95
-92
