-52
-53
-50
-50
-52
-57
-53
-57
-54
-54
-50
-54
-47
-42
-36
-31
-29
-26
-21
-17
-10
-6
1
1
-4
-4
-8
-14
-18
-22
-30
-36
-41
-54
-63
-70
-69
-75
-76
-73
-74
-76
-77
-75
-75
-74
-74
-69
-77
-74
-75
-74
-76
-74
-70
-72
-66
-61
-50
-40
-39
-38
-34
-36
-37
-40
-40
-41
-36
-21
-40
-87
-144
-203
-229
-235
-229
-221
-204
-173
-133
-116
-119
-98
-82
-78
-76
-81
-74
-81
-76
-79
-77
-77
-76
-78
-77
-82
-83
-79
-80
-83
-87
-85
-78
-86
-88
-86
-87
-88
-87
-93
-95
-90
-93
-96
-93
-97
-97
-94
-93
-96
-92
-92
-93
-94
-90
-86
-87
-84
-86
-77
-79
-72
-73
-75
-70
-70
-68
-70
-67
-68
-66
-67
-67
-67
-63
-60
-67
-64
-65
-65
-66
-69
-60
-65
-62
-60
-60
-60
-61
-60
-59
-56
-57
-56
-53
-52
-49
-53
-54
-53
-51
-49
-52
-49
-52
-54
-53
-50
-54
-52
-52
-52
-53
-59
-56
-57
-55
-59
-55
-56
-62
-59
-57
-57
-56
-47
-43
-40
-34
-31
-31
-25
-20
-17
-11
-6
-6
-10
-10
-16
-23
-25
-28
-35
-44
-52
-60
-72
-77
-77
-78
-82
-83
-82
-83
-80
-78
-80
-85
-85
-82
-85
-80
-82
-84
-83
-82
-81
-78
-79
-76
-64
-52
-45
-51
-52
-43
-47
-46
-43
-45
-47
-45
-32
-47
-90
-149
-209
-233
-247
-242
-233
-221
-197
-159
-128
-128
-123
-106
-92
-94
-88
-90
-93
-90
-87
-89
-87
-84
-87
-86
-92
-89
-90
-92
-91
-90
-88
-92
-92
-90
-91
-90
-94
-95
-98
-96
-99
-99
-102
-101
-101
-104
-105
-104
-101
-101
-101
-102
-101
-97
-98
-95
-93
-93
-91
-82
-85
-85
-78
-81
-80
-79
-82
-82
-77
-79
-80
-79
-76
-74
-72
-74
-73
-72
-74
-75
-73
-77
-72
-70
-73
-73
-71
-72
-69
-66
-67
-64
-66
-65
-64
-63
-63
-64
-63
-59
-63
-64
-58
-60
-61
-61
-61
-63
-62
-62
-61
-63
-63
-63
-62
-62
-60
-62
-60
-64
-66
-66
-61
-55
-59
-57
-54
-49
-40
-35
-33
-32
-27
-19
-15
-8
-8
-8
-16
-15
-18
-25
-27
-32
-37
-47
-54
-64
-73
-75
-80
-84
-80
-79
-80
-81
-85
-82
-85
-83
-82
-83
-83
-79
-82
-83
-83
-83
-75
-75
-70
-59
-44
-36
-39
-36
-26
-27
-30
-30
-40
-49
-40
-38
-73
-128
-189
-225
-249
-251
-237
-223
-192
-155
-133
-124
-109
-95
-87
-85
-85
-85
-80
-84
-82
-83
-85
-81
-85
-82
-84
-86
-85
-87
-85
-84
-82
-87
-86
-93
-92
-95
-96
-92
-96
-96
-95
-97
-99
-99
-100
-99
-105
-102
-99
-102
-101
-96
-101
-98
-96
-94
-89
-85
-86
-80
-79
-74
-75
-77
-77
-77
-76
-75
-72
-76
-74
-74
-74
-74
-73
-71
-71
-68
-73
-70
-71
-66
-69
-70
-71
-62
-64
-64
-66
-64
-62
-57
-63
-60
-59
-56
-57
-51
-55
-57
-56
-57
-53
-54
-55
-57
-53
-54
-53
-55
-55
-58
-58
-61
-58
-58
-62
-62
-62
-61
-62
-60
-60
-56
-51
-45
-40
-35
-32
-27
-21
-19
-12
-11
-9
-12
-10
-15
-17
-17
-28
-31
-35
-44
-55
-63
-72
-80
-79
-77
-84
-82
-76
-76
-81
-81
-82
-79
-78
-81
-82
-79
-78
-80
-80
-80
-79
-78
-70
-55
-44
-39
-41
-38
-32
-32
-33
-35
-43
-44
-42
-38
-59
-100
-162
-203
-232
-246
-237
-225
-201
-164
-132
-127
-120
-99
-83
-83
-83
-85
-83
-84
-80
-83
-84
-87
-79
-82
-83
-84
-87
-84
-88
-83
-88
-91
-90
-94
-92
-92
-97
-98
-96
-98
-100
-100
-103
-103
-102
-104
-105
-106
-105
-106
-103
-100
-100
-99
-96
-92
-94
-91
-83
-85
-85
-81
-79
-77
-79
-78
-76
-77
-77
-73
-73
-75
-73
-73
-78
-74
-74
-73
-72
-74
-74
-69
-70
-71
-73
-68
-67
-71
-66
-67
-67
-66
-64
-64
-62
-63
-59
-62
-59
-59
-60
-60
-58
-58
-61
-59
-61
-61
-56
-62
-63
-62
-61
-64
-64
-66
-67
-64
-64
-66
-67
-69
-65
-68
-67
-63
-62
-59
-52
-48
-44
-40
-38
-33
-29
-20
-16
-16
-18
-22
-22
-28
-32
-37
-44
-52
-58
-66
-73
-87
-89
-92
-90
-88
-89
-89
-93
-93
-93
-90
-90
-93
-92
-93
-91
-92
-90
-93
-90
-90
-87
-83
-69
-54
-50
-54
-55
-50
-50
-51
-51
-55
-47
-45
-36
-69
-116
-179
-223
-245
-245
-237
-229
-210
-182
-144
-132
-126
-111
-94
-91
-94
-88
-94
-97
-93
-93
-94
-93
-92
-95
-91
-92
-89
-94
-99
-96
-98
-96
-98
-98
-101
-99
-102
-102
-105
-103
-107
-110
-111
-113
-114
-110
-113
-111
-110
-106
-110
-112
-103
-107
-107
-103
-99
-98
-93
-93
-90
-87
-87
-85
-86
-84
-81
-82
-78
-80
-77
-77
-76
-79
-78
-77
-79
-74
-76
-75
-73
-76
-74
-70
-73
-70
-68
-69
-70
-68
-67
-65
-65
-65
-65
-63
-60
-66
-63
-55
-60
-63
-60
-62
-61
-60
-62
-60
-63
-62
-63
-66
-62
-66
-66
-66
-66
-66
-66
-64
-66
-66
-59
-63
-57
-56
-49
-44
-38
-34
-31
-30
-25
-19
-11
-13
-15
-14
-18
-21
-30
-35
-39
-43
-52
-62
-73
-85
-84
-85
-84
-91
-88
-87
-83
-86
-88
-89
-90
-87
-86
-87
-86
-86
-87
-84
-85
-83
-82
-72
-64
-53
-49
-47
-45
-44
-43
-50
-42
-45
-51
-37
-36
-79
-131
-197
-231
-243
-239
-234
-226
-209
-168
-132
-131
-128
-109
-91
-95
-89
-93
-90
-93
-89
-91
-92
-94
-89
-91
-91
-92
-95
-92
-92
-96
-99
-98
-97
-95
-99
-100
-103
-102
-105
-104
-109
-109
-109
-111
-108
-109
-109
-109
-107
-107
-108
-105
-105
-104
-100
-98
-95
-91
-90
-88
-93
-89
-88
-85
-83
-85
-84
-83
-79
-82
-80
-80
-80
-82
-85
-81
-80
-83
-78
-79
-81
-80
-75
-78
-75
-79
-75
-74
-74
-73
-72
-69
-68
-69
-69
-63
-63
-65
-64
-64
-66
-64
-63
-66
-65
-63
-64
-67
-69
-68
-67
-69
-64
-67
-70
-67
-68
-69
-68
-70
-70
-69
-65
-69
-63
-60
-56
-53
-44
-42
-40
-34
-29
-27
-19
-13
-13
-14
-12
-15
-24
-25
-28
-36
-43
-48
-57
-64
-76
-82
-83
-86
-87
-85
-85
-86
-83
-86
-85
-84
-85
-80
-82
-83
-83
-82
-83
-84
-81
-83
-76
-64
-52
-39
-42
-39
-32
-31
-32
-34
-43
-49
-46
-36
-64
-114
-177
-222
-248
-253
-242
-228
-200
-165
-135
-129
-121
-101
-90
-83
-87
-86
-89
-85
-88
-87
-86
-87
-82
-88
-82
-86
-87
-89
-91
-93
-90
-92
-95
-92
-94
-98
-92
-99
-101
-100
-97
-100
-102
-106
-105
-102
-102
-105
-105
-108
-104
-100
-97
-97
-96
-95
-92
-94
-91
-87
-85
-86
-81
-74
-76
-75
-75
-75
-76
-76
-75
-79
-77
-72
-75
-76
-76
-75
-72
-72
-72
-74
-75
-71
-71
-70
-68
-65
-68
-66
-66
-66
-67
-64
-63
-58
-60
-56
-60
-59
-58
-55
-57
-57
-57
-63
-57
-57
-57
-55
-59
-63
-59
-57
-61
-59
-60
-61
-60
-61
-61
-61
-63
-60
-58
-59
-55
-49
-42
-36
-39
-32
-31
-20
-17
-8
-8
-13
-13
-8
-18
-25
-26
-31
-39
-43
-54
-62
-73
-75
-84
-83
-83
-80
-81
-83
-81
-81
-81
-82
-81
-81
-81
-79
-78
-80
-80
-81
-80
-77
-76
-68
-52
-37
-34
-38
-33
-29
-30
-31
-36
-42
-44
-38
-34
-64
-105
-172
-212
-237
-247
-239
-223
-196
-161
-134
-125
-120
-95
-82
-80
-84
-83
-81
-80
-84
-83
-80
-79
-78
-79
-84
-81
-81
-83
-84
-83
-85
-86
-87
-87
-90
-93
-89
-93
-96
-102
-99
-100
-101
-100
-99
-103
-101
-99
-101
-102
-103
-101
-99
-97
-98
-96
-93
-92
-89
-88
-86
-85
-82
-78
-79
-80
-76
-72
-75
-78
-75
-75
-73
-70
-73
-72
-70
-70
-73
-71
-75
-72
-68
-70
-69
-68
-70
-67
-64
-64
-60
-63
-63
-64
-60
-62
-60
-59
-56
-56
-56
-55
-59
-61
-60
-61
-56
-57
-62
-61
-60
-61
-61
-63
-63
-63
-61
-64
-64
-66
-63
-64
-67
-67
-66
-64
-61
-59
-55
-48
-46
-40
-39
-33
-30
-22
-18
-10
-11
-15
-14
-20
-28
-31
-35
-43
-50
-56
-67
-76
-85
-91
-89
-89
-87
-88
-91
-91
-90
-90
-91
-90
-91
-88
-90
-90
-91
-90
-88
-90
-89
-80
-72
-62
-49
-51
-50
-46
-44
-46
-45
-48
-50
-44
-37
-55
-97
-153
-209
-240
-248
-238
-232
-216
-183
-151
-134
-132
-115
-97
-91
-89
-91
-94
-90
-91
-93
-94
-90
-97
-93
-91
-99
-93
-95
-95
-97
-97
-98
-100
-97
-100
-101
-102
-100
-103
-105
-104
-108
-112
-106
-109
-107
-111
-111
-109
-111
-107
-103
-104
-103
-104
-100
-96
-97
-87
-96
-89
-91
-84
-82
-83
-82
-82
-80
-81
-83
-79
-84
-82
-79
-77
-76
-78
-77
-77
-77
-78
-72
-76
-76
-75
-72
-78
-72
-70
-74
-70
-66
-69
-68
-67
-67
-66
-67
-64
-65
-64
-63
-66
-68
-66
-64
-63
-68
-66
-66
-64
-64
-64
-67
-70
-71
-70
-68
-70
-70
-72
-68
-70
-69
-66
-61
-55
-50
-45
-42
-39
-35
-30
-26
-21
-14
-14
-16
-16
-18
-26
-27
-37
-39
-46
-55
-63
-71
-82
-85
-85
-86
-87
-90
-88
-87
-87
-88
-86
-85
-82
-82
-85
-87
-84
-87
-83
-82
-81
-80
-68
-57
-51
-55
-51
-46
-47
-44
-45
-45
-45
-40
-34
-67
-117
-172
-217
-233
-234
-232
-223
-205
-175
-135
-123
-122
-107
-91
-86
-84
-84
-88
-88
-85
-86
-86
-87
-87
-86
-85
-83
-85
-87
-91
-90
-91
-92
-90
-96
-92
-93
-95
-100
-100
-100
-102
-104
-103
-102
-106
-103
-104
-101
-105
-101
-100
-101
-101
-99
-99
-92
-91
-88
-88
-81
-80
-79
-78
-77
-77
-76
-80
-81
-78
-79
-72
-75
-75
-76
-74
-76
-76
-71
-74
-74
-74
-75
-77
-71
-72
-74
-69
-68
-68
-66
-65
-63
-70
-64
-64
-63
-63
-58
-60
-62
-59
-62
-61
-59
-62
-61
-61
-61
-58
-59
-59
-62
-62
-63
-59
-60
-60
-64
-65
-63
-63
-63
-63
-57
-54
-53
-46
-43
-31
-32
-29
-26
-21
-15
-7
-3
-8
-9
-6
-10
-16
-19
-25
-32
-35
-44
-53
-64
-67
-73
-75
-73
-76
-75
-75
-75
-78
-76
-74
-75
-71
-75
-73
-69
-71
-72
-71
-68
-64
-60
-53
-44
-28
-24
-24
-20
-18
-18
-21
-31
-30
-32
-28
-35
-82
-135
-196
-226
-230
-228
-217
-198
-167
-128
-109
-112
-96
-74
-63
-69
-67
-67
-71
-66
-65
-67
-65
-66
-65
-63
-65
-65
-66
-71
-67
-71
-74
-70
-70
-75
-72
-73
-79
-79
-75
-81
-81
-80
-79
-86
-83
-84
-84
-84
-85
-86
-81
-80
-80
-77
-73
-71
-68
-69
-68
-64
-64
-57
-58
-57
-54
-56
-56
-55
-56
-53
-55
-54
-51
-52
-48
-51
-51
-51
-51
-51
-54
-49
-50
-50
-45
-47
-50
-49
-47
-46
-48
-44
-42
-44
-42
-43
-38
-37
-34
-34
-39
-37
-36
-35
-38
-38
-38
-39
-38
-38
-40
-38
-36
-43
-43
-40
-37
-39
-37
-42
-38
-39
-35
-37
-39
-36
-35
-26
-23
-15
-16
-8
-6
0
3
7
10
18
16
14
12
5
4
-4
-10
-12
-21
-28
-41
-49
-53
-54
-54
-57
-61
-53
-54
-53
-52
-56
-53
-54
-54
-50
-52
-53
-54
-54
-52
-52
-47
-37
-20
-9
-5
-7
0
3
2
0
-6
-13
-20
-14
-10
-41
-81
-138
-181
-206
-219
-215
-197
-173
-137
-105
-96
-88
-67
-55
-53
-54
-54
-52
-51
-53
-51
-53
-55
-51
-52
-52
-53
-55
-58
-54
-56
-57
-56
-58
-57
-59
-58
-65
-63
-62
-64
-64
-69
-69
-74
-70
-70
-68
-74
-68
-72
-69
-69
-64
-62
-66
-58
-58
-55
-51
-49
-47
-46
-44
-44
-42
-41
-43
-42
-40
-39
-41
-38
-40
-39
-39
-40
-39
-40
-33
-39
-37
-38
-38
-36
-34
-33
-33
-33
-31
-29
-29
-30
-28
-30
-26
-26
-24
-24
-23
-25
-23
-23
-26
-22
-26
-23
-26
-22
-24
-23
-28
-31
-29
-30
-28
-31
-30
-31
-33
-32
-31
-31
-31
-33
-31
-28
-23
-20
-16
-10
-4
-3
6
5
10
13
21
22
19
15
11
7
7
0
-10
-12
-25
-32
-46
-49
-54
-56
-51
-52
-58
-57
-56
-52
-56
-54
-56
-55
-57
-58
-53
-59
-58
-56
-53
-53
-50
-42
-30
-19
-19
-17
-12
-12
-10
-13
-18
-19
-16
-6
-26
-68
-121
-180
-209
-215
-211
-203
-186
-157
-122
-102
-96
-86
-66
-60
-58
-59
-60
-59
-60
-57
-55
-61
-60
-57
-63
-57
-61
-63
-64
-64
-65
-67
-69
-67
-70
-70
-69
-67
-77
-74
-75
-72
-78
-73
-76
-78
-78
-77
-77
-75
-73
-74
-74
-71
-70
-67
-64
-60
-64
-58
-56
-53
-54
-51
-55
-55
-51
-50
-52
-52
-53
-53
-53
-50
-52
-54
-51
-48
-51
-45
-48
-48
-46
-43
-46
-47
-40
-43
-45
-45
-36
-40
-42
-39
-35
-34
-38
-35
-36
-34
-33
-32
-35
-31
-35
-34
-33
-34
-36
-32
-36
-36
-33
-34
-34
-34
-37
-36
-39
-39
-35
-37
-39
-39
-35
-31
-27
-23
-21
-13
-10
-5
0
3
4
10
9
11
10
3
1
1
-9
-12
-19
-27
-38
-46
-57
-60
-62
-62
-64
-61
-59
-59
-59
-64
-64
-60
-62
-62
-60
-60
-63
-64
-63
-60
-59
-53
-54
-43
-30
-23
-26
-21
-19
-20
-21
-23
-28
-23
-19
-10
-50
-102
-164
-206
-216
-218
-210
-203
-185
-149
-111
-100
-98
-84
-67
-61
-62
-66
-63
-61
-63
-63
-63
-63
-66
-62
-63
-64
-62
-60
-64
-64
-72
-67
-69
-72
-69
-73
-74
-75
-71
-74
-76
-77
-76
-80
-82
-79
-76
-77
-82
-82
-80
-79
-75
-76
-76
-72
-72
-68
-66
-63
-62
-60
-59
-55
-58
-54
-59
-56
-52
-53
-54
-51
-51
-54
-55
-51
-56
-54
-52
-53
-52
-51
-50
-52
-48
-48
-49
-43
-45
-46
-46
-48
-45
-41
-40
-39
-39
-40
-41
-37
-41
-40
-39
-38
-42
-39
-39
-38
-38
-44
-46
-48
-47
-44
-45
-47
-45
-47
-45
-48
-49
-47
-44
-48
-44
-41
-37
-33
-29
-24
-20
-17
-10
-4
-1
12
10
6
5
3
-3
-7
-8
-14
-20
-29
-37
-44
-55
-59
-64
-64
-61
-62
-62
-63
-63
-63
-60
-63
-64
-63
-61
-61
-60
-62
-58
-57
-59
-57
-55
-46
-32
-22
-19
-20
-21
-19
-21
-20
-24
-21
-16
-10
-35
-86
-152
-203
-218
-212
-214
-205
-187
-152
-113
-103
-99
-78
-64
-63
-65
-64
-60
-59
-64
-66
-63
-64
-62
-61
-63
-63
-62
-68
-64
-63
-66
-67
-66
-66
-65
-73
-73
-72
-76
-71
-73
-75
-77
-75
-77
-79
-82
-79
-81
-78
-76
-74
-73
-68
-71
-68
-65
-63
-64
-60
-56
-60
-57
-49
-53
-52
-53
-53
-54
-55
-53
-56
-52
-50
-52
-53
-48
-51
-53
-54
-54
-53
-52
-50
-50
-47
-47
-45
-45
-46
-48
-44
-47
-45
-42
-43
-42
-41
-44
-39
-38
-40
-40
-42
-42
-43
-39
-39
-42
-41
-46
-43
-48
-42
-42
-43
-46
-47
-45
-48
-46
-48
-48
-44
-45
-47
-40
-35
-28
-21
-19
-19
-11
-2
1
1
6
7
2
0
-6
-10
-11
-18
-24
-38
-45
-54
-62
-64
-68
-65
-63
-66
-67
-68
-69
-66
-62
-60
-66
-68
-68
-64
-66
-64
-65
-61
-59
-55
-46
-33
-19
-22
-15
-12
-14
-13
-19
-26
-26
-25
-15
-49
-99
-160
-211
-230
-235
-223
-210
-190
-154
-117
-104
-101
-86
-68
-62
-62
-63
-64
-64
-61
-63
-64
-65
-58
-62
-62
-66
-68
-66
-67
-64
-67
-68
-69
-70
-69
-73
-75
-79
