279
292
304
313
320
325
322
310
301
291
284
278
278
277
276
272
259
251
239
227
215
208
200
202
208
203
201
190
182
174
176
178
180
177
170
166
163
163
169
172
173
178
175
173
182
206
239
300
379
461
552
643
701
691
616
513
385
257
129
1
-127
-208
-136
-64
4
55
85
96
94
93
95
93
94
91
93
91
82
77
72
69
65
62
61
59
58
60
57
54
46
41
41
42
41
34
36
38
38
37
48
47
48
57
70
74
94
105
122
138
154
169
178
187
194
193
196
198
195
195
186
184
182
180
180
181
177
175
174
174
172
166
168
167
165
162
160
154
154
156
156
156
154
149
148
147
147
152
157
157
164
177
197
216
236
249
257
266
270
273
264
254
236
225
220
216
216
217
214
202
192
179
169
156
150
141
140
143
142
137
128
122
113
105
105
109
101
97
91
91
90
90
94
93
94
98
98
107
118
136
177
248
329
411
501
586
635
603
520
409
281
153
25
-103
-231
-273
-200
-127
-65
-23
1
10
14
11
8
6
8
2
-2
-1
-8
-16
-20
-23
-25
-26
-28
-30
-31
-40
-49
-50
-52
-51
-46
-47
-52
-55
-61
-64
-54
-52
-52
-48
-42
-29
-29
-20
-14
-1
15
35
46
58
67
80
90
96
92
88
88
84
79
73
74
70
67
63
63
63
63
66
64
58
59
61
60
54
41
33
30
39
40
37
27
32
41
50
52
46
40
46
65
87
113
127
146
158
171
166
148
142
131
130
124
113
96
94
96
101
97
82
75
62
61
69
78
80
80
63
39
24
0
-30
-30
3
33
53
60
52
37
31
28
28
38
43
46
47
52
63
106
184
254
298
349
448
533
540
448
320
192
64
-64
-192
-320
-435
-377
-308
-242
-207
-208
-202
-167
-133
-135
-145
-138
-144
-177
-220
-248
-247
-224
-214
-209
-211
-220
-221
-239
-250
-240
-232
-250
-265
-265
-265
-280
-274
-246
-217
-233
-314
-381
-376
-308
-234
-239
-314
-343
-292
-191
-130
-131
-154
-195
-212
-199
-177
-174
-197
-197
-175
-143
-131
-127
-94
-59
-110
-231
-313
-317
-254
-217
-267
-337
-352
-339
-307
-294
-304
-312
-309
-318
-344
-371
-419
-446
-470
-503
-527
-521
-473
-410
-369
-346
-345
-410
-478
-464
-432
-417
-424
-444
-476
-493
-508
-536
-539
-495
-436
-474
-569
-594
-577
-586
-604
-564
-526
-579
-661
-687
-680
-690
-714
-750
-747
-664
-610
-693
-821
-888
-851
-794
-757
-758
-786
-780
-761
-788
-792
-737
-653
-594
-566
-503
-398
-307
-276
-294
-345
-473
-601
-729
-857
-985
-1008
-963
-944
-949
-944
-921
-880
-849
-836
-849
-925
-947
-907
-871
-832
-816
-837
-877
-937
-985
-980
-939
-923
-922
-895
-867
-864
-902
-943
-948
-935
-919
-876
-861
-908
-967
-978
-950
-926
-914
-926
-930
-925
-901
-884
-889
-895
-875
-847
-829
-829
-811
-776
-761
-726
-661
-670
-767
-837
-839
-799
-755
-734
-735
-753
-752
-735
-743
-768
-788
-786
-774
-757
-741
-725
-696
-690
-716
-757
-785
-789
-766
-742
-721
-723
-755
-778
-773
-761
-749
-725
-704
-698
-693
-675
-657
-659
-671
-682
-691
-698
-717
-721
-716
-705
-703
-708
-711
-719
-724
-730
-729
-733
-731
-727
-725
-723
-725
-726
-739
-746
-746
-740
-744
-744
-743
-746
-744
-735
-728
-722
-721
-716
-704
-696
-685
-663
-620
-555
-475
-382
-277
-185
-160
-207
-275
-388
-516
-644
-772
-900
-932
-900
-855
-805
-758
-729
-720
-718
-720
-715
-715
-723
-719
-719
-721
-721
-713
-712
-705
-705
-706
-714
-718
-718
-720
-721
-720
-720
-721
-726
-722
-722
-723
-729
-729
-729
-731
-729
-730
-724
-716
-708
-703
-698
-688
-678
-671
-660
-650
-635
-631
-618
-612
-609
-609
-611
-611
-614
-611
-616
-620
-620
-616
-618
-625
-624
-625
-625
-627
-631
-634
-630
-625
-624
-628
-628
-630
-634
-637
-632
-628
-629
-625
-627
-628
-629
-626
-623
-613
-594
-576
-562
-552
-541
-534
-531
-532
-537
-542
-553
-562
-566
-568
-554
-546
-551
-561
-581
-592
-601
-610
-616
-619
-621
-611
-615
-610
-617
-629
-637
-644
-644
-644
-644
-650
-644
-643
-639
-635
-636
-634
-631
-627
-620
-611
-597
-575
-522
-445
-350
-242
-139
-82
-101
-163
-257
-385
-513
-641
-769
-885
-850
-798
-749
-701
-666
-641
-635
-632
-634
-632
-629
-630
-629
-625
-629
-621
-628
-635
-636
-633
-640
-642
-632
-620
-621
-629
-646
-654
-659
-654
-655
-655
-653
-650
-647
-645
-645
-644
-641
-635
-623
-613
-604
-601
-593
-581
-558
-544
-524
-513
-503
-499
-502
-498
-493
-487
-489
-487
-493
-491
-490
-485
-484
-488
-489
-486
-490
-486
-484
-489
-490
-488
-490
-485
-484
-482
-486
-491
-490
-487
-488
-482
-484
-481
-474
-470
-465
-452
-434
-416
-401
-389
-375
-367
-363
-355
-358
-372
-380
-387
-395
-393
-381
-379
-383
-392
-403
-411
-414
-427
-433
-440
-435
-431
-429
-434
-444
-450
-456
-455
-450
-448
-452
-460
-457
-455
-452
-451
-449
-447
-445
-443
-435
-428
-416
-386
-336
-263
-184
-90
14
102
117
66
-17
-145
-273
-401
-529
-657
-698
-652
-592
-535
-497
-477
-464
-464
-469
-462
-464
-468
-466
-468
-471
-473
-474
-474
-477
-477
-480
-482
-478
-484
-487
-490
-489
-487
-490
-494
-494
-493
-495
-495
-495
-490
-489
-488
-477
-479
-472
-467
-463
-449
-435
-423
-407
-398
-387
-377
-365
-357
-353
-354
-352
-349
-347
-354
-353
-358
-361
-356
-354
-362
-361
-359
-360
-360
-363
-364
-365
-364
-358
-359
-360
-361
-361
-359
-354
-352
-352
-352
-355
-349
-340
-339
-331
-321
-304
-288
-272
-256
-247
-240
-229
-223
-227
-238
-243
-251
-261
-258
-256
-248
-246
-257
-262
-269
-281
-286
-297
-300
-300
-299
-294
-298
-305
-312
-316
-325
-319
-315
-317
-319
-319
-317
-317
-317
-315
-315
-313
-304
-299
-295
-290
-269
-234
-178
-104
-18
73
180
266
274
214
128
0
-128
-256
-384
-512
-573
-512
-449
-397
-357
-337
-325
-319
-315
-317
-316
-318
-315
-319
-319
-320
-323
-322
-330
-327
-327
-325
-328
-326
-331
-332
-332
-334
-329
-334
-335
-332
-334
-330
-327
-330
-326
-322
-320
-320
-312
-309
-299
-295
-280
-265
-255
-238
-227
-216
-200
-189
-177
-174
-170
-171
-168
-166
-166
-170
-173
-172
-169
-169
-172
-173
-174
-171
-165
-170
-171
-170
-171
-169
-169
-168
-169
-171
-172
-170
-167
-166
-166
-160
-159
-159
-156
-148
-142
-134
-113
-91
-74
-61
-55
-45
-38
-33
-41
-52
-60
-66
-67
-69
-62
-57
-68
-71
-82
-95
-105
-113
-121
-124
-117
-119
-120
-125
-130
-141
-144
-145
-138
-141
-141
-138
-146
-145
-141
-138
-134
-136
-132
-128
-123
-116
-100
-71
-20
51
127
223
332
428
448
392
306
178
50
-78
-206
-334
-418
-355
-298
-246
-205
-176
-168
-160
-159
-159
-160
-166
-167
-165
-168
-169
-171
-175
-177
-179
-177
-179
-182
-184
-188
-186
-184
-185
-193
-190
-194
-192
-194
-192
-192
-192
-184
-183
-180
-175
-171
-167
-164
-154
-143
-124
-112
-96
-82
-70
-61
-54
-46
-45
-41
-39
-37
-40
-43
-44
-47
-44
-47
-49
-49
-50
-53
-52
-47
-48
-50
-51
-51
-47
-51
-51
-57
-55
-52
-50
-56
-54
-50
-51
-47
-44
-42
-41
-31
-16
0
20
34
43
51
61
71
74
69
57
47
36
34
37
38
40
37
32
18
10
0
-9
-19
-24
-24
-26
-23
-25
-41
-44
-51
-56
-59
-61
-63
-63
-60
-59
-57
-53
-51
-44
-50
-50
-41
-31
-18
-4
31
89
163
244
346
459
548
560
499
393
265
137
9
-119
-247
-369
-291
-227
-175
-129
-99
-86
-80
-78
-78
-86
-90
-96
-92
-85
-89
-92
-95
-98
-104
-105
-102
-109
-105
-94
-89
-95
-105
-115
-112
-106
-100
-97
-96
-102
-102
-93
-88
-84
-84
-82
-69
-64
-53
-47
-37
-28
-7
11
34
47
59
69
74
73
72
66
58
57
63
66
69
59
48
51
58
61
60
61
64
66
60
53
44
38
46
53
52
47
54
55
59
62
65
63
60
62
75
93
113
132
144
149
160
177
183
188
184
169
153
142
134
136
141
143
145
136
131
114
96
87
79
73
79
81
79
71
65
58
47
43
49
53
54
56
50
46
48
54
54
61
62
65
69
77
93
118
172
241
330
439
556
665
710
669
580
452
324
196
68
-60
-188
-208
-144
-80
-31
1
17
21
17
15
13
14
15
17
14
14
13
11
8
-1
-9
-11
-7
-9
-7
-2
-7
-7
-12
-11
-8
-15
-14
-17
-12
-11
-7
-8
-8
-2
3
10
23
32
45
59
77
91
106
123
139
140
145
146
150
149
144
141
146
143
143
139
136
135
138
134
125
123
122
124
125
127
122
122
123
123
126
118
116
111
114
107
109
111
114
111
119
124
136
149
167
186
205
217
221
232
235
230
224
215
201
191
188
188
198
204
203
191
180
159
148
139
131
126
128
131
131
129
113
102
91
89
97
101
96
93
90
86
92
95
92
93
100
100
110
119
133
163
227
308
397
493
595
679
691
636
544
416
288
160
32
-96
-224
-173
-109
-48
-4
25
33
40
35
31
29
32
31
26
27
28
25
25
23
22
18
13
9
3
7
4
2
-5
-6
-9
-7
-6
-11
-10
-4
-3
3
2
1
6
16
22
26
37
52
64
81
100
111
124
136
143
147
147
146
147
147
146
148
145
140
134
129
127
132
128
125
121
117
116
112
111
109
105
112
115
112
110
109
109
109
109
105
106
105
105
109
120
130
149
165
187
202
215
222
229
223
218
205
195
188
178
182
191
190
192
180
170
154
142
130
116
108
109
113
112
111
103
92
77
75
82
82
78
76
72
70
71
70
72
71
71
82
89
95
106
133
187
261
345
443
550
640
662
611
525
397
269
141
13
-115
-243
-202
-141
-77
-30
-5
4
6
4
5
5
6
4
-4
-10
-13
-15
-17
-18
-20
-25
-24
-25
-32
-40
-37
-39
-36
-40
-44
-45
-51
-47
-40
-39
-39
-40
-39
-39
-27
-23
-12
-3
11
25
39
50
66
77
95
106
111
114
117
118
115
114
113
112
109
107
106
104
97
93
88
91
89
90
89
90
89
88
88
85
84
82
81
80
82
80
77
83
80
82
88
92
97
106
126
146
164
178
185
192
197
197
188
173
160
149
149
150
154
152
147
138
124
112
93
82
78
76
81
81
73
61
55
51
46
44
38
31
28
31
29
31
31
32
37
43
44
45
49
65
88
133
205
290
381
489
590
638
601
515
387
259
131
3
-125
-253
-267
-194
-129
-82
-51
-35
-27
-24
-23
-26
-28
-33
-35
-37
-42
-41
-43
-42
-46
-51
-57
-61
-64
-64
-63
-69
-68
-71
-75
-75
-76
-76
-80
-75
-72
-71
-60
-54
-54
-50
-41
-36
-23
-6
7
25
40
55
68
80
81
86
80
82
83
83
83
83
72
72
68
69
66
61
62
63
59
57
57
54
53
53
56
51
51
50
51
50
51
48
45
44
53
55
60
66
73
93
119
130
142
152
163
173
176
178
165
149
137
128
129
134
137
135
126
114
102
92
80
69
63
62
62
57
55
49
41
35
30
30
35
33
31
29
25
23
23
27
28
35
31
40
50
62
95
141
215
299
396
509
602
631
578
484
356
228
100
-28
-156
-284
-260
-188
-121
-75
-46
-30
-24
-26
-24
-25
-27
-31
-34
-37
-40
-44
-47
-47
-49
-50
-49
-50
-55
-57
-63
-64
-66
-64
-69
-70
-66
-65
-62
-67
-64
-63
-57
-48
-39
-34
-27
-12
0
11
26
40
58
73
88
95
97
105
106
101
96
95
91
90
92
86
84
79
77
79
75
75
71
71
75
73
69
67
65
62
59
63
66
63
62
63
63
65
70
67
68
71
76
94
114
132
151
169
172
179
185
191
186
165
153
141
142
142
145
146
142
127
111
98
83
69
66
66
73
72
71
56
45
37
29
27
40
43
40
37
30
30
28
26
25
30
34
33
40
49
64
92
142
217
307
404
508
593
629
586
489
361
233
105
-23
-151
-279
-280
-207
-141
-86
-52
-36
-21
-19
-25
-32
-32
-36
-30
-29
-35
-47
-45
-46
-43
-45
-46
-48
-49
-50
-55
-62
-60
-59
-67
-65
-64
-65
-68
-71
-59
-56
-47
-43
-43
-40
-37
-22
-3
6
20
31
43
57
77
88
96
107
110
109
104
99
99
101
98
101
94
86
84
88
89
83
80
79
77
76
77
75
69
67
70
67
66
62
64
69
69
70
68
68
71
80
86
93
109
127
153
161
171
184
196
212
211
198
178
161
151
141
142
152
154
155
145
136
124
109
92
84
79
75
81
83
76
67
51
42
42
51
61
59
55
45
45
43
47
54
55
52
57
63
71
86
114
168
240
332
428
534
625
658
621
530
402
274
146
18
-110
-238
-272
-192
-127
-75
-38
-16
-3
-4
-8
-9
-16
-20
-21
-20
-21
-25
-26
-27
-30
-36
-37
-39
-40
-41
-43
-47
-51
-52
-58
-55
-52
-58
-54
-55
-50
-48
-47
-43
-39
-32
-19
-10
3
16
25
43
64
78
89
99
114
125
132
133
138
132
127
124
125
121
122
121
120
119
114
117
115
114
108
108
113
113
112
111
110
108
108
111
112
112
110
110
111
112
115
119
124
127
139
155
172
189
202
215
223
228
235
233
229
219
206
196
193
196
203
204
202
191
177
160
152
139
125
122
122
129
126
117
106
97
89
93
102
110
103
98
88
90
93
100
101
102
105
111
116
123
138
165
214
279
361
454
552
636
671
632
560
440
312
184
56
-72
-200
-220
-154
-89
-28
9
26
36
39
41
41
44
35
32
24
24
25
20
19
17
14
12
13
10
4
1
-2
-2
-5
-7
-10
-14
-9
-9
-10
-11
-10
-9
-4
5
11
22
30
42
52
67
85
103
116
126
144
158
166
168
162
158
156
161
157
159
155
151
149
148
147
146
138
139
139
137
135
134
136
135
136
136
136
125
119
116
120
121
122
127
124
127
130
130
129
139
156
173
192
211
220
227
232
239
244
236
224
208
194
191
195
195
203
197
183
168
156
144
131
121
119
124
122
119
108
101
92
82
85
91
90
80
74
73
73
69
68
74
77
82
81
87
93
108
146
204
275
359
445
540
613
618
554
450
322
194
66
-62
-190
-301
-236
-165
-95
-47
-18
-4
-2
-7
-5
-7
-10
-15
-18
-20
-21
-25
-25
-30
-34
-39
-39
-42
-44
-46
-45
-47
-55
-60
-61
-63
-62
-61
-59
-61
-60
-57
-46
-39
-38
-36
-32
-19
0
15
30
40
57
74
86
103
108
104
105
104
107
103
92
87
83
83
81
83
83
80
76
77
72
71
62
62
63
65
63
61
60
56
59
56
56
62
62
64
58
57
55
59
63
70
85
107
121
135
151
157
169
177
173
172
161
144
132
130
130
131
136
132
121
113
98
83
68
60
53
53
55
54
48
38
33
23
13
15
19
18
13
10
9
4
6
11
11
11
11
15
19
36
61
100
161
236
323
416
513
557
532
445
318
190
62
-66
-194
-322
-336
-254
-186
-128
-95
-80
-70
-67
-68
-67
-72
-73
-77
-82
-83
-87
-93
-90
-95
-97
-100
-105
-106
-106
-111
-112
-119
-117
-121
-120
-117
-121
-121
-125
-121
-114
-110
-107
-103
-95
-91
-80
-64
-48
-35
-19
-1
17
31
41
51
50
60
56
50
41
35
35
33
37
31
30
25
22
18
19
15
16
18
14
13
14
11
11
11
10
10
5
0
0
4
6
9
10
10
4
9
17
30
52
69
87
101
109
121
128
124
115
102
93
82
77
75
78
85
83
72
56
40
26
21
9
5
4
5
6
-3
-9
-19
-30
-33
-28
-26
-32
-34
-36
-42
-35
-34
-36
-35
-30
-24
-18
-11
-1
26
81
157
242
336
429
503
510
450
340
212
84
-44
-172
-300
-428
-345
-264
-196
-148
-122
-106
-104
-102
-101
-102
-101
-105
-111
-115
-118
-117
-116
-120
-125
-132
-135
-138
-138
-139
-147
-152
-154
-150
-150
-152
-151
-157
-151
-154
-150
-141
-140
-130
-120
-111
-107
-102
-94
-78
-62
-41
-21
-8
3
9
15
14
17
13
10
6
6
11
6
5
1
-1
-4
-6
-8
-12
-16
-14
-15
-14
-15
-15
-15
-14
-11
-13
-19
-15
-14
-13
-16
-23
-26
-23
-19
-8
-3
6
27
47
70
82
86
95
103
105
97
85
73
57
52
56
59
63
53
44
33
25
12
1
-3
-8
-7
-9
-12
-25
-32
-48
-53
-47
-41
-40
-43
-49
-53
-52
-53
-49
-45
-43
-40
-32
-27
-22
-2
37
105
186
274
363
452
507
493
410
282
154
26
-102
-230
-358
-395
-308
-237
-176
-138
-126
-120
-114
-114
-112
-118
-122
-125
-127
-130
-126
-127
-132
-134
-142
-153
-153
-160
-155
-160
-159
-160
-164
-169
-164
-167
-165
-165
-164
-158
-163
-158
-151
-141
-138
-135
-123
-110
-95
-80
-63
-47
-37
-23
-12
-5
7
10
6
1
6
7
3
0
-6
-12
-16
-18
-20
-26
-25
-20
-20
-16
-21
-26
-24
-23
-27
-29
-31
-27
-32
-32
-39
-37
-38
-38
-34
-30
-26
-20
-15
3
25
47
61
70
77
83
88
92
85
77
66
55
43
42
41
48
38
28
15
0
-14
-25
-30
-27
-25
-23
-29
-40
-46
-57
-60
-56
-53
-56
-60
-63
-64
-68
-68
-68
-63
-59
-57
-49
-46
-36
-4
49
118
200
291
393
483
520
477
377
249
121
-7
-135
-263
-391
-396
-306
-228
-180
-149
-134
-123
-119
-122
-122
-130
-132
-134
-135
-137
-143
-142
-141
-147
-148
-149
-155
-158
-157
-158
-162
-166
-169
-167
-166
-163
-163
-169
-166
-163
-157
-153
-149
-145
-136
-125
-112
-102
-86
-70
-48
-30
-11
3
10
11
17
23
25
29
31
24
19
18
15
18
12
15
12
12
10
7
3
2
-1
-1
2
3
2
1
0
2
4
-3
2
1
-1
1
0
6
9
11
17
33
51
69
85
99
111
122
131
124
111
97
90
78
78
78
81
84
78
71
59
49
35
21
10
7
7
9
11
4
-3
-9
-20
-22
-21
-16
-17
-20
-25
-29
-28
-26
-20
-19
-18
-15
-9
-2
9
45
98
170
255
346
447
523
536
474
374
246
118
-10
-138
-266
-394
-330
-258
-193
-144
-112
-92
-81
-83
-81
-81
-80
-83
-89
-97
-99
-100
-103
-99
-101
-108
-110
-118
-116
-121
-125
-128
-126
-128
-130
-134
-136
-139
-135
-130
-128
-125
-124
-124
-117
-111
-102
-94
-77
-60
-40
-28
-12
1
11
23
34
37
44
45
43
41
34
32
34
33
27
21
20
22
23
24
27
22
16
16
14
17
16
16
17
17
16
13
6
5
9
10
8
16
20
20
23
28
34
48
65
83
102
116
129
134
136
137
132
118
108
92
90
94
101
102
94
89
71
57
48
41
24
18
21
28
30
23
13
-2
-14
-12
-1
-4
-11
-14
-16
-12
-10
-7
-13
-6
-7
0
4
12
28
62
120
198
274
365
457
530
539
482
373
245
117
-11
-139
-267
-366
-285
-210
-142
-96
-65
-59
-59
-62
-68
-70
-69
-67
-72
-72
-75
-76
-77
-81
-85
-88
-90
-92
-91
-102
-100
-98
-96
-99
-105
-113
-115
-110
-108
-102
-100
-102
-100
-92
-81
-77
-71
-63
-55
-38
-19
-3
15
33
38
49
57
62
62
62
61
62
56
54
54
46
47
47
48
46
48
44
44
44
43
39
35
29
31
34
32
34
28
26
27
30
31
32
34
33
33
33
33
35
43
55
74
102
117
130
138
146
149
149
148
140
120
112
108
107
109
112
107
101
89
76
67
55
38
35
31
29
30
25
18
16
9
4
6
3
2
-5
-9
-11
-5
-6
-1
0
0
-1
0
7
23
53
101
162
243
325
421
512
561
529
442
314
186
58
-70
-198
-326
-343
-265
-188
-134
-98
-74
-69
-66
-68
-68
-73
-75
-73
-73
-78
-77
-88
-89
-92
-91
-91
-100
-113
-117
-117
-115
-113
-119
-121
-124
-124
-131
-128
-124
-125
-116
-114
-110
-104
-101
-103
-96
-78
-60
-47
-29
-21
0
13
21
30
43
46
48
53
50
43
39
43
42
35
32
35
23
22
26
23
19
20
20
21
23
18
7
6
15
17
12
12
10
8
7
6
7
13
11
8
19
36
55
77
100
108
121
136
141
146
139
126
120
113
103
93
91
97
92
90
81
70
51
43
31
23
19
19
20
20
18
10
-4
-12
-10
-5
-5
-8
-17
-19
-18
-10
-6
-8
-8
-5
-4
5
22
49
101
178
270
360
454
534
554
509
407
279
151
23
-105
-233
-361
-320
-246
-181
-128
-97
-78
-76
-77
-80
-81
-90
-95
-90
-92
-91
-102
-109
-109
-106
-108
-114
-117
-116
-120
-127
-126
-127
-134
-135
-139
-139
-142
-137
-137
-140
-136
-131
-124
-123
-117
-106
-95
-81
-71
-51
-34
-16
-7
4
22
31
41
43
38
28
21
22
26
22
16
21
16
18
20
20
11
8
4
0
5
3
3
0
3
1
4
0
-9
-4
-7
-2
-1
-2
-2
0
4
9
18
26
42
53
73
92
105
109
118
120
118
107
91
79
72
70
78
80
79
65
59
47
35
21
11
4
4
6
10
2
-4
-18
-26
-20
-13
-14
-23
-29
-32
-31
-23
-20
-24
-21
-23
-17
-10
-3
11
45
103
184
268
355
454
535
556
499
397
269
141
13
-115
-243
-371
-305
-232
-172
-123
-95
-89
-87
-85
-82
-85
-88
-91
-95
-96
-94
-98
-102
-107
-117
-119
-117
-117
-119
-129
-127
-126
-134
-138
-140
-142
-141
-144
-140
-143
-140
-139
-133
-127
-120
-115
-108
-102
-88
-74
-54
-36
-23
-6
9
22
29
30
28
34
33
30
24
26
22
23
21
18
18
16
10
7
4
2
1
-1
-1
-1
-6
-10
-10
-10
-1
0
0
-4
-4
-4
1
8
11
5
-1
-2
11
36
68
96
106
95
100
113
119
98
82
73
77
85
83
62
39
25
17
4
-3
-9
-9
-11
-13
-17
-15
-16
-17
-28
-45
-70
-85
-91
-88
-81
-70
-66
-67
-89
-105
-114
-108
-95
-82
-76
-68
-57
-25
32
125
236
347
450
511
490
390
262
134
6
-122
-250
-378
-483
-390
-317
-256
-220
-210
-202
-200
-196
-200
-199
-219
-228
-232
-223
-223
-230
-230
-227
-227
-227
-223
-228
-243
-263
-276
-285
-291
-284
-278
-282
-291
-291
-291
-291
-286
-278
-272
-272
-281
-285
-278
-268
-254
-234
-209
-184
-175
-176
-170
-164
-149
-143
-129
-126
-135
-149
-158
-155
-147
-142
-151
-168
-191
-206
-214
-220
-224
-230
-237
-236
-233
-236
-251
-267
-279
-291
-288
-279
-274
-271
-275
-283
-297
-309
-310
-298
-284
-262
-250
-231
-212
-201
-205
-210
-200
-197
-204
-220
-234
-249
-261
-256
-249
-251
-266
-284
-301
-312
-325
-338
-354
-357
-360
-355
-349
-350
-354
-362
-373
-382
-385
-384
-383
-388
-392
-401
-398
-393
-390
-390
-387
-379
-369
-356
-341
-317
-273
-194
-100
7
121
213
238
194
104
-24
-152
-280
-408
-536
-664
-680
-598
-539
-500
-478
-471
-464
-465
-464
-462
-462
-462
-464
-469
-468
-470
-470
-472
-478
-480
-485
-480
-484
-491
-501
-505
-512
-514
-522
-519
-518
-519
-517
-520
-514
-512
-512
-510
-504
-500
-498
-491
-483
-462
-446
-430
-415
-394
-379
-372
-374
-368
-361
-356
-357
-355
-352
-353
-353
-357
-355
-355
-352
-353
-359
-363
-364
-358
-349
-349
-351
-360
-369
-372
-368
-369
-376
-379
-377
-372
-364
-361
-359
-359
-354
-346
-338
-334
-316
-296
-268
-250
-240
-233
-218
-217
-221
-240
-261
-273
-269
-260
-249
-260
-283
-296
-301
-315
-327
-339
-343
-344
-344
-338
-336
-346
-351
-359
-361
-355
-354
-357
-368
-372
-369
-362
-368
-379
-381
-374
-366
-363
-366
-356
-334
-301
-252
-190
-114
-14
98
197
236
196
103
-23
-151
-279
-407
-535
-663
-689
-621
-546
-489
-454
-443
-436
-432
-433
-431
-432
-435
-437
-430
-425
-423
-429
-452
-461
-455
-453
-456
-458
-460
-462
-463
-472
-481
-485
-484
-481
-480
-477
-472
-471
-466
-460
-467
-461
-460
-450
-441
-429
-414
-405
-401
-386
-370
-349
-339
-330
-320
-319
-321
-320
-315
-319
-317
-320
-318
-318
-320
-326
-326
-323
-321
-322
-322
-321
-323
-327
-330
-328
-332
-332
-336
-341
-337
-327
-326
-322
-324
-327
-328
-328
-322
-320
-315
-308
-289
-264
-244
-229
-218
-207
-204
-198
-197
-208
-218
-228
-242
-247
-238
-234
-232
-241
-249
-259
-271
-279
-290
-297
-308
-311
-308
-307
-315
-329
-329
-329
-319
-317
-333
-342
-349
-342
-336
-333
-326
-329
-331
-330
-324
-318
-301
-286
-249
-183
-91
-1
103
200
261
249
175
51
-77
-205
-333
-461
-589
-678
-605
-535
-477
-440
-427
-422
-418
-417
-415
-415
-408
-404
-409
-412
-415
-411
-406
-432
-459
-467
-461
-459
-452
-434
-427
-439
-463
-472
-459
-447
-442
-447
-463
-475
-468
-459
-454
-443
-436
-430
-427
-422
-418
-401
-370
-350
-342
-338
-324
-310
-304
-310
-309
-295
-285
-281
-283
-289
-290
-286
-285
-296
-307
-307
-302
-300
-299
-309
-309
-304
-302
-298
-296
-297
-304
-304
-302
-292
-286
-283
-278
-286
-297
-307
-314
-314
-300
-268
-224
-196
-188
-173
-164
-161
-153
-154
-163
-178
-183
-196
-211
-205
-196
-186
-196
-227
-252
-266
-266
-265
-272
-276
-279
-282
-288
-288
-296
-299
-300
-300
-304
-310
-309
-324
-319
-316
-321
-328
-332
-336
-335
-320
-303
-270
-207
-145
-73
21
137
252
330
307
220
92
-36
-164
-292
-420
-548
-632
-561
-501
-444
-402
-378
-374
-375
-379
-370
-366
-372
-380
-385
-389
-399
-401
-402
-404
-407
-407
-408
-410
-404
-397
-399
-413
-425
-431
-429
-423
-424
-412
-404
-418
-427
-427
-418
-409
-405
-397
-396
-398
-386
-370
-346
-325
-314
-312
-294
-252
-222
-222
-226
-235
-237
-238
-231
-223
-219
-228
-243
-254
-259
-250
-238
-244
-260
-264
-246
-230
-239
-265
-284
-276
-259
-245
-241
-248
-260
-267
-276
-285
-279
-269
-267
-263
-255
-259
-250
-227
-203
-184
-171
-159
-144
-136
-139
-142
-155
-170
-178
-186
-195
-195
-198
-206
-219
-221
-220
-225
-236
-243
-252
-252
-243
-247
-270
-302
-331
-338
-324
-304
-295
-298
-310
-318
-317
-322
-321
-311
-298
-296
-298
-298
-293
-282
-256
-184
-89
12
121
236
334
366
320
221
93
-35
-163
-291
-419
-547
-597
-525
-467
-428
-403
-389
-376
-361
-359
-359
-361
-371
-384
-384
-387
-383
-383
-382
-381
-384
-393
-400
-409
-417
-423
-419
-419
-412
-411
-411
-421
-424
-409
-398
-410
-427
-429
-417
-397
-392
-397
-391
-373
-347
-327
-306
-294
-270
-260
-255
-241
-226
-214
-204
-201
-207
-222
-239
-236
-222
-214
-215
-218
-223
-229
-229
-232
-229
-224
-218
-222
-228
-235
-235
-223
-222
-223
-222
-235
-238
-233
-218
-213
-220
-222
-219
-206
-179
-152
-127
-116
-108
-107
-103
-92
-92
-98
-107
-116
-117
-123
-123
-116
-117
-127
-128
-138
-156
-171
-174
-176
-185
-185
-180
-180
-186
-188
-195
-210
-209
-201
-198
-202
-209
-205
-194
-192
-194
-201
-203
-194
-182
-182
-168
-136
-80
7
109
215
328
428
474
436
346
218
90
-38
-166
-294
-422
-495
-425
-353
-296
-260
-239
-235
-234
-229
-223
-225
-227
-231
-232
-232
-227
-224
-231
-244
-256
-259
-256
-261
-262
-263
-261
-260
-265
-272
-277
-281
-284
-284
-280
-273
-271
-272
-276
-268
-249
-231
-222
-212
-198
-183
-179
-166
-148
-125
-108
-96
-91
-81
-79
-80
-93
-94
-90
-91
-98
-102
-100
-98
-97
-98
-99
-96
-93
-95
-104
-111
-121
-128
-126
-120
-110
-108
-103
-96
-89
-86
-92
-104
-103
-102
-105
-104
-89
-58
-18
-3
-2
-12
-5
5
16
19
16
0
-17
-23
-25
-15
3
7
-4
-25
-34
-47
-61
-79
-88
-91
-90
-83
-80
-88
-88
-93
-101
-102
-98
-90
-89
-99
-104
-114
-121
-120
-110
-102
-100
-100
-95
-83
-62
-36
20
105
194
278
370
463
508
480
400
272
144
16
-112
-240
-368
-442
-374
-303
-230
-186
-167
-149
-138
-135
-141
-154
-168
-177
-186
-190
-182
-173
-166
-177
-193
-196
-195
-192
-199
-200
-194
-195
-203
-204
-204
-215
-221
-225
-226
-227
-225
-224
