136
129
129
141
149
111
100
113
116
117
137
146
140
122
115
131
138
127
124
129
137
145
143
135
133
126
123
125
125
131
127
126
126
117
104
94
95
100
101
98
93
95
97
100
114
112
114
107
86
94
96
126
109
58
74
129
162
181
190
194
205
216
226
229
218
165
119
124
91
45
6
0
-20
-27
-16
-10
-16
-26
-20
-9
2
11
6
21
41
46
47
36
28
41
35
16
21
33
42
36
37
29
27
33
43
48
54
80
77
58
47
40
9
-2
42
81
56
42
58
59
59
69
74
72
82
81
58
33
39
51
58
49
41
18
5
11
15
11
9
16
24
26
28
26
46
64
54
19
25
52
59
57
55
47
41
50
53
51
63
66
35
29
61
53
21
-4
0
8
4
-2
-9
-8
1
13
15
3
-4
-16
-12
2
-2
-16
-10
7
29
67
86
83
93
113
130
148
162
160
126
60
59
36
-17
-52
-88
-113
-106
-80
-70
-67
-94
-110
-93
-71
-55
-45
-45
-49
-37
0
-13
-62
-62
-37
-18
4
-28
-75
-89
-57
-28
-21
-36
-50
-45
-40
-39
-34
-21
-18
-21
-12
-4
-2
-10
-2
10
7
3
-12
-2
-1
6
1
-3
-5
-9
-8
-3
-5
-21
-24
-23
-31
-30
-31
-32
-20
-7
-35
-60
-39
-23
-28
-26
-6
18
17
-24
-62
-46
-15
-6
-10
-2
4
7
-13
-35
-45
-31
-31
-63
-69
-54
-52
-57
-61
-62
-73
-68
-71
-71
-71
-71
-72
-64
-71
-70
-74
-69
-64
-53
-28
2
19
35
46
62
81
95
115
113
70
-12
-35
-57
-112
-147
-177
-194
-186
-175
-175
-172
-160
-160
-167
-166
-155
-153
-152
-159
-165
-166
-158
-147
-146
-155
-156
-159
-156
-158
-157
-162
-156
-151
-149
-152
-147
-133
-144
-151
-156
-156
-146
-136
-134
-131
-126
-122
-119
-114
-111
-110
-105
-102
-107
-109
-116
-123
-132
-136
-134
-143
-148
-150
-159
-162
-160
-160
-168
-180
-181
-184
-184
-185
-183
-180
-184
-186
-187
-183
-178
-177
-176
-179
-191
-200
-204
-201
-200
-210
-227
-237
-244
-250
-256
-264
-267
-267
-276
-279
-276
-280
-281
-278
-275
-280
-274
-274
-270
-273
-278
-275
-269
-262
-256
-243
-197
-158
-130
-109
-86
-63
-37
-13
9
-3
-89
-192
-206
-239
-304
-357
-400
-414
-407
-399
-386
-376
-375
-378
-364
-358
-337
-321
-317
-319
-319
-311
-304
-299
-298
-291
-290
-289
-285
-285
-284
-284
-280
-275
-266
-261
-261
-261
-255
-247
-238
-233
-228
-221
-213
-209
-210
-208
-197
-185
-182
-186
-191
-189
-193
-191
-198
-199
-193
-197
-203
-212
-209
-211
-214
-213
-218
-219
-233
-226
-225
-222
-219
-230
-220
-222
-205
-201
-200
-203
-203
-184
-162
-150
-155
-174
-186
-174
-160
-173
-191
-202
-199
-191
-200
-217
-215
-213
-223
-233
-248
-238
-227
-220
-227
-227
-224
-223
-228
-232
-236
-233
-228
-232
-226
-206
-208
-176
-137
-109
-92
-74
-56
-28
0
30
42
8
-84
-140
-171
-232
-266
-307
-355
-383
-376
-369
-365
-354
-339
-310
-281
-269
-284
-294
-292
-268
-254
-246
-230
-231
-248
-248
-215
-206
-211
-216
-238
-256
-254
-215
-194
-196
-198
-185
-172
-176
-172
-152
-142
-140
-139
-112
-102
-108
-90
-80
-77
-57
-19
-38
-91
-116
-92
-76
-68
-62
-55
-77
-68
-50
-40
-12
-3
-28
-64
-76
-35
-3
6
-17
-17
35
18
-44
-32
40
71
39
28
48
65
66
76
75
80
85
87
83
62
55
64
75
70
72
66
57
51
59
61
65
88
80
77
73
61
85
99
90
81
34
14
55
98
124
139
147
155
173
175
179
174
177
177
174
174
169
140
28
-4
33
42
36
24
24
37
46
54
58
67
76
82
94
129
146
147
106
48
83
103
74
65
82
112
126
131
143
148
146
146
115
87
124
152
162
165
143
144
131
119
138
168
168
140
142
164
165
163
166
170
163
164
161
157
160
154
159
158
154
153
152
149
152
150
143
130
138
148
152
157
145
99
84
118
140
127
112
124
130
124
127
123
128
126
133
136
135
142
130
70
55
104
141
141
93
86
87
99
132
124
35
10
102
126
94
100
109
92
102
127
150
162
169
172
175
175
173
174
173
173
175
172
163
131
34
-4
10
22
26
43
37
3
12
23
23
31
35
42
58
71
59
-2
-10
14
45
49
12
6
-51
-75
-26
-6
-5
-9
-10
0
-5
-13
1
1
11
43
58
22
21
25
37
24
37
66
24
-2
19
34
55
48
65
73
34
-20
-19
3
38
56
-29
-37
17
23
-6
-31
-35
0
39
-2
-6
7
-3
-8
0
22
24
11
13
17
13
14
7
4
12
0
-24
-31
-30
-49
-52
-58
-71
-73
-56
-66
-77
-70
-84
-111
-88
-83
-96
-99
-131
-160
-158
-133
-132
-125
-78
-40
-5
34
50
73
113
120
125
118
78
46
76
18
-110
-194
-235
-245
-183
-136
-188
-273
-279
-263
-182
-214
-290
-239
-171
-160
-196
-211
-190
-173
-151
-190
-216
-197
-194
-189
-179
-168
-177
-196
-202
-194
-169
-161
-165
-167
-158
-165
-156
-146
-144
-150
-149
-137
-136
-125
-110
-105
-119
-115
-117
-121
-154
-172
-190
-234
-267
-228
-201
-191
-209
-243
-256
-239
-240
-238
-226
-205
-196
-184
-193
-203
-185
-136
-152
-208
-190
-182
-168
-70
-80
-131
-167
-211
-133
-134
-188
-156
-116
-128
-233
-238
-211
-220
-190
-148
-111
-148
-276
-360
-270
-196
-201
-197
-180
-215
-218
-202
-189
-183
-192
-215
-195
-140
-95
-56
-20
7
32
51
82
107
102
55
-3
-15
-58
-144
-208
-324
-434
-457
-424
-368
-392
-457
-471
-429
-380
-365
-372
-338
-277
-315
-371
-340
-293
-236
-242
-285
-276
-319
-339
-268
-305
-289
-270
-312
-264
-245
-265
-269
-246
-209
-211
-236
-188
-175
-202
-167
-203
-271
-257
-214
-164
-161
-178
-184
-192
-173
-144
-159
-172
-178
-181
-186
-189
-193
-194
-193
-196
-204
-188
-170
-173
-210
-255
-238
-212
-200
-194
-192
-185
-180
-180
-163
-136
-123
-136
-184
-236
-208
-156
-178
-233
-215
-214
-221
-230
-229
-234
-232
-238
-227
-214
-226
-184
-156
-177
-212
-182
-179
-218
-231
-266
-262
-168
-187
-240
-176
-85
-71
-77
-24
63
77
31
22
68
104
84
0
-26
-74
-202
-230
-225
-271
-360
-369
-300
-306
-322
-276
-284
-314
-284
-260
-247
-235
-242
-225
-217
-224
-237
-236
-227
-225
-222
-226
-228
-226
-222
-214
-203
-197
-183
-185
-209
-229
-212
-162
-132
-182
-218
-193
-150
-123
-181
-199
-151
-117
-112
-93
-118
-164
-158
-128
-76
-69
-145
-210
-165
-150
-168
-165
-128
-82
-74
-153
-239
-221
-154
-121
-142
-180
-140
-107
-87
-74
-49
-48
-76
-93
-52
-51
-70
-45
-63
-92
-94
-67
-88
-122
-132
-113
-83
-86
-119
-165
-151
-119
-104
-111
-114
-131
-119
-113
-120
-122
-133
-143
-127
-109
-117
-122
-78
-23
7
27
52
90
114
137
153
143
81
36
41
-17
-75
-124
-204
-241
-327
-324
-234
-161
-148
-198
-232
-265
-241
-143
-121
-182
-200
-170
-144
-139
-147
-107
-93
-148
-202
-157
-127
-166
-166
-136
-99
-120
-143
-128
-110
-74
-50
-107
-145
-91
-66
-72
-86
-98
-81
-46
-77
-69
-42
-39
-11
-42
-68
-79
-82
-73
-69
-71
-62
-70
-79
-75
-65
-46
-76
-101
-98
-108
-118
-93
-89
-57
-20
-104
-117
-89
-112
-85
-66
-63
-60
-59
-58
-56
-55
-57
-66
-71
-75
-84
-91
-95
-94
-92
-98
-102
-94
-90
-86
-75
-97
-118
-110
-99
-92
-96
-92
-99
-99
-94
-81
-64
-29
-4
28
51
82
97
112
130
134
92
3
-21
-46
-125
-197
-265
-301
-304
-301
-287
-276
-274
-273
-267
-265
-263
-257
-253
-244
-237
-235
-268
-292
-284
-280
-280
-283
-282
-287
-283
-285
-280
-277
-281
-276
-266
-254
-249
-240
-241
-240
-232
-220
-217
-219
-224
-225
-219
-221
-217
-214
-220
-232
-239
-246
-254
-265
-272
-277
-284
-294
-304
-321
-329
-327
-336
-337
-338
-343
-352
-347
-338
-327
-334
-327
-320
-324
-320
-317
-314
-306
-309
-316
-329
-328
-321
-328
-333
-341
-347
-352
-360
-373
-379
-384
-385
-393
-397
-392
-400
-403
-409
-400
-399
-394
-392
-396
-400
-400
-408
-404
-395
-386
-369
-328
-278
-236
-220
-177
-129
-94
-68
-27
-31
-110
-233
-289
-324
-416
-488
-539
-566
-562
-548
-524
-512
-489
-479
-471
-462
-443
-424
-410
-399
-389
-387
-389
-383
-378
-377
-372
-360
-359
-359
-355
-357
-343
-323
-323
-320
-313
-299
-297
-292
-279
-274
-259
-252
-240
-230
-211
-199
-197
-192
-185
-174
-157
-152
-157
-160
-158
-155
-149
-162
-163
-156
-164
-158
-154
-144
-147
-152
-146
-138
-133
-142
-136
-115
-105
-109
-97
-92
-84
-76
-68
-43
-32
-52
-64
-51
-38
-23
-25
-36
-47
-34
-35
-49
-54
-52
-63
-64
-65
-59
-60
-52
-60
-46
-35
-40
-40
-38
-33
-35
-38
-31
-21
-18
-14
9
38
77
97
115
127
157
183
204
234
244
211
138
108
83
6
-43
-84
-102
-93
-76
-62
-50
-31
-24
-9
5
8
27
45
36
49
73
79
73
85
82
83
87
94
102
112
113
113
118
126
142
138
138
135
135
147
160
156
163
168
174
186
196
195
204
205
210
210
213
209
211
207
207
212
215
214
194
188
189
198
199
198
192
199
195
194
192
199
205
210
216
211
219
226
229
234
238
232
219
241
253
241
224
244
266
240
233
235
245
240
232
228
233
243
234
229
232
238
238
227
227
235
232
235
234
233
238
239
236
253
270
292
314
311
317
332
351
365
378
391
386
365
313
283
266
210
163
124
100
114
118
125
116
121
123
133
144
154
163
174
175
167
165
164
182
183
169
147
155
182
193
177
193
203
199
193
192
201
203
208
210
212
211
221
224
217
221
233
229
235
236
227
239
245
231
231
236
246
226
214
217
225
226
213
195
197
212
200
197
206
203
197
206
219
224
209
215
233
234
211
208
232
250
244
252
256
245
241
244
242
242
233
225
213
215
210
209
201
200
193
180
193
197
195
195
200
204
189
188
196
195
197
195
202
212
226
243
265
278
301
311
334
348
361
378
373
318
244
225
193
133
92
59
47
65
78
95
109
117
126
119
119
144
155
155
160
166
168
175
182
178
182
195
187
180
183
183
197
202
202
206
192
191
188
205
220
242
227
220
225
232
251
260
254
246
247
243
245
234
225
218
212
203
193
184
179
186
175
166
165
163
149
155
158
157
146
158
154
162
158
167
180
179
177
181
185
197
201
204
196
197
194
183
188
192
180
175
167
160
153
148
157
149
137
130
136
145
142
131
126
133
133
128
140
161
159
128
147
169
177
190
208
226
255
279
298
304
314
333
346
318
225
193
190
133
66
29
22
26
26
42
53
60
78
97
104
95
104
113
114
112
110
116
109
120
138
143
138
139
143
143
140
146
149
156
153
141
147
154
153
151
150
155
147
145
149
150
147
149
153
157
169
168
153
147
151
140
134
136
148
126
103
103
132
131
113
92
103
124
133
127
121
140
141
139
137
140
149
157
167
175
174
165
177
191
194
195
176
175
185
186
170
146
141
142
135
138
135
129
132
133
132
134
133
127
121
123
130
139
146
143
135
138
156
169
191
198
216
239
259
262
269
293
298
276
199
128
120
67
14
-16
-27
-21
-7
10
27
36
34
42
45
45
71
82
83
91
87
89
106
107
108
102
104
111
117
136
123
131
139
133
138
129
134
158
161
158
156
152
158
184
188
184
179
172
171
164
171
180
179
164
161
163
167
167
154
143
143
142
141
134
129
123
122
124
125
115
108
112
120
121
115
129
135
133
125
120
120
137
150
144
139
140
141
140
136
126
128
136
125
102
98
98
99
97
83
81
71
66
73
84
69
73
85
77
67
79
92
96
80
75
94
125
146
168
186
201
206
224
243
257
277
274
207
109
72
53
-10
-54
-100
-117
-94
-70
-57
-61
-52
-48
-33
-25
-20
2
9
4
3
17
23
20
3
-8
-6
-2
-1
-10
-21
-29
-31
-30
-38
-28
-31
-35
-24
-9
-15
-22
-26
-8
8
2
-8
0
-12
-23
-10
2
-9
-19
-33
-32
-36
-40
-51
-48
-59
-64
-73
-74
-59
-54
-65
-76
-75
-69
-77
-62
-34
-21
-13
-19
-33
-37
14
49
15
3
12
21
33
31
25
30
30
30
17
0
-24
-35
-44
-36
-29
-38
-60
-78
-58
-30
-36
-44
-46
-51
-48
-56
-60
-60
-56
-59
-61
-55
-56
-46
-7
16
38
44
58
78
92
109
127
80
-18
-82
-93
-148
-209
-258
-290
-294
-286
-267
-248
-223
-215
-208
-195
-194
-191
-182
-167
-157
-159
-155
-148
-149
-150
-141
-140
-136
-127
-136
-138
-122
-116
-120
-117
-120
-112
-111
-107
-109
-91
-84
-85
-80
-69
-74
-72
-71
-64
-64
-66
-62
-61
-64
-71
-72
-75
-81
-80
-84
-98
-120
-137
-162
-196
-264
-391
-519
-647
-760
-817
-848
-860
-866
-874
-883
-883
-884
-887
-889
-892
-893
-895
-894
-894
-895
-898
-901
-893
-898
-899
-897
-895
-898
-895
-896
-894
-893
-894
-894
-891
-894
-895
-891
-889
-892
-893
-897
-892
-896
-900
-898
-898
-900
-900
-897
-890
-885
-890
-901
-908
-913
-914
-911
-912
-909
-906
-900
-893
-883
-878
-884
-879
-883
-888
-893
-894
-897
-895
-895
-897
-901
-900
-898
-895
-899
-898
-900
-897
-898
-896
-899
-898
-899
-899
-902
-897
-899
-899
-897
-899
-894
-897
-893
-894
-897
-894
-897
-891
-892
-893
-893
-893
-893
-892
-892
-894
-892
-889
-887
-885
-889
-887
-882
-886
-884
-881
-881
-884
-880
-881
-883
-884
-885
-878
-884
-882
-882
-880
-880
-882
-881
-879
-877
-878
-876
-871
-876
-872
-870
-868
-870
-870
-874
-873
-870
-871
-871
-872
-872
-874
-871
-871
-874
-869
-872
-871
-869
-869
-868
-869
-868
-868
-871
-867
-863
-863
-860
-861
-857
-842
-818
-800
-795
-778
-762
-732
-688
-667
-732
-805
-823
-825
-838
-841
-840
-842
-848
-853
-856
-858
-855
-854
-856
-857
-855
-853
-852
-852
-851
-846
-845
-843
-842
-841
-838
-832
-839
-838
-837
-834
-833
-835
-832
-832
-828
-819
-826
-822
-817
-813
-805
-802
-798
-796
-790
-791
-780
-780
-783
-777
-780
-770
-773
-764
-767
-771
-773
-771
-771
-774
-781
-777
-776
-779
-779
-778
-775
-774
-777
-778
-766
-765
-765
-761
-761
-756
-743
-746
-744
-734
-725
-733
-724
-723
-725
-723
-730
-724
-728
-730
-737
-738
-743
-743
-741
-744
-746
-742
-745
-741
-742
-744
-744
-744
-745
-743
-735
-736
-741
-738
-723
-707
-690
-657
-625
-590
-568
-525
-493
-465
-427
-412
-474
-586
-652
-654
-690
-721
-740
-754
-755
-757
-759
-754
-752
-750
-746
-740
-732
-731
-724
-716
-714
-715
-708
-706
-704
-701
-695
-696
-700
-692
-694
-686
-685
-683
-680
-678
-668
-664
-659
-653
-648
-643
-639
-633
-624
-623
-621
-610
-606
-597
-591
-584
-581
-571
-566
-570
-565
-569
-574
-577
-571
-572
-572
-574
-572
-577
-576
-576
-574
-578
-581
-579
-577
-572
-566
-558
-556
-549
-545
-534
-525
-517
-505
-496
-489
-489
-490
-488
-478
-480
-485
-495
-492
-491
-505
-508
-516
-517
-520
-518
-516
-515
-518
-514
-512
-509
-510
-507
-507
-505
-504
-503
-499
-494
-484
-470
-448
-395
-350
-314
-281
-239
-196
-152
-103
-84
-170
-298
-375
-402
-468
-517
-551
-575
-569
-561
-550
-543
-536
-536
-529
-523
-520
-505
-496
-487
-479
-474
-472
-471
-471
-472
-468
-461
-457
-457
-453
-455
-449
-446
-443
-437
-428
-423
-423
-420
-410
-403
-399
-396
-385
-377
-373
-362
-358
-349
-350
-344
-342
-340
-333
-336
-344
-347
-346
-344
-351
-359
-360
-363
-368
-372
-373
-370
-374
-373
-365
-358
-350
-350
-342
-333
-326
-323
-320
-310
-293
-286
-289
-293
-292
-288
-286
-293
-292
-297
-304
-316
-321
-332
-339
-341
-343
-347
-351
-347
-345
-343
-345
-350
-350
-341
-341
-342
-331
-325
-323
-332
-311
-295
-260
-213
-185
-155
-134
-96
-64
-19
26
13
-104
-231
-272
-317
-380
-412
-429
-434
-417
-399
-391
-386
-375
-363
-352
-342
-331
-328
-319
-306
-298
-297
-292
-296
-294
-291
-291
-292
-289
-291
-281
-275
-277
-275
-272
-266
-264
-262
-254
-250
-238
-239
-236
-234
-235
-224
-220
-213
-205
-206
-204
-195
-195
-203
-196
-198
-204
-206
-214
-219
-227
-229
-235
-234
-237
-239
-249
-252
-258
-255
-255
-246
-233
-232
-224
-222
-220
-207
-197
-192
-176
-173
-175
-176
-174
-171
-176
-178
-184
-190
-204
-211
-217
-222
-232
-229
-240
-241
-239
-233
-235
-234
-235
-237
-228
-231
-229
-229
-227
-221
-214
-207
-191
-160
-110
-54
-19
7
30
64
91
127
159
137
23
-105
-157
-197
-268
-305
-344
-353
-356
-347
-332
-312
-300
-292
-284
-276
-263
-256
-244
-238
-232
-225
-221
-215
-223
-219
-220
-212
-207
-208
-209
-201
-188
-185
-187
-179
-164
-168
-165
-159
-145
-136
-133
-119
-115
-99
-92
-87
-90
-81
-72
-67
-72
-75
-84
-76
-76
-83
-94
-102
-107
-107
-113
-118
-114
-114
-119
-118
-118
-120
-118
-120
-120
-110
-107
-99
-90
-81
-73
-66
-49
-36
-23
-25
-22
-17
-22
-25
-34
-36
-32
-42
-59
-61
-69
-80
-81
-88
-84
-83
-79
-80
-78
-73
-76
-72
-72
-71
-71
-62
-59
-55
-41
-26
5
52
101
132
160
192
221
250
281
304
257
144
53
29
-35
-108
-158
-193
-199
-191
-178
-161
-148
-136
-126
-113
-104
-94
-79
-67
-60
-57
-46
-47
-42
-46
-39
-38
-30
-26
-24
-28
-30
-27
-21
-15
-11
-3
2
4
14
26
36
46
49
52
53
72
78
82
79
88
88
94
100
103
105
95
98
89
87
87
81
83
87
80
81
85
85
84
83
86
93
101
109
118
124
136
135
144
158
174
184
189
192
190
191
194
196
194
186
186
179
177
167
153
144
142
142
144
145
143
139
140
147
145
142
142
141
148
146
152
154
158
167
185
207
244
285
315
337
352
376
402
429
454
444
375
278
249
218
149
91
43
11
17
34
45
56
64
70
79
87
100
111
118
124
132
143
139
143
143
150
151
149
151
158
165
169
175
175
174
182
187
189
193
201
210
212
217
226
228
236
242
250
255
262
267
266
263
267
265
261
266
261
255
249
246
231
226
227
228
227
218
221
220
217
221
223
225
231
231
235
240
246
250
259
268
277
279
278
275
276
278
278
274
269
266
262
253
243
239
230
228
224
220
220
218
218
216
216
217
216
218
215
215
215
214
215
215
225
240
261
301
326
347
360
380
399
423
443
452
407
305
246
227
173
114
73
51
54
70
81
103
114
118
128
145
155
161
166
178
185
187
190
189
194
191
194
196
200
205
194
196
197
198
202
210
211
209
213
218
229
238
245
242
249
257
258
247
236
242
249
257
260
264
263
257
263
260
258
251
251
245
242
235
223
229
227
230
222
222
222
218
227
234
232
236
243
243
249
261
259
267
278
281
277
273
267
274
266
265
261
256
240
232
229
225
219
216
213
214
217
218
217
208
210
203
204
206
206
207
209
209
213
227
240
267
302
329
346
360
376
390
408
429
416
346
252
233
212
149
103
60
37
47
62
82
89
95
107
120
132
143
147
154
163
173
171
175
173
177
176
174
179
181
184
185
189
186
193
197
203
210
216
218
214
217
222
230
234
240
240
241
244
251
255
256
264
260
259
256
252
249
245
239
231
226
227
225
219
218
209
205
203
202
202
203
201
210
210
219
219
226
227
229
236
239
244
254
259
249
252
254
253
251
247
238
236
231
222
211
206
204
201
193
196
196
198
195
196
194
191
191
189
193
193
192
190
194
203
208
231
264
290
303
320
338
353
374
393
389
328
250
231
198
140
100
62
46
60
73
83
80
88
97
106
116
127
132
141
147
149
148
152
151
147
152
154
157
155
155
154
156
158
162
163
162
165
171
169
172
174
178
184
189
188
190
195
195
201
201
202
202
207
208
206
204
207
200
190
185
183
179
179
178
167
167
172
163
165
159
159
159
166
165
157
163
173
179
176
182
191
194
204
211
208
200
197
202
203
196
197
188
179
171
163
156
160
151
144
142
149
148
147
144
143
139
138
144
147
148
143
139
138
139
146
154
185
214
235
248
253
268
295
316
329
318
242
170
156
126
75
35
5
-5
10
21
32
44
47
63
70
74
81
87
93
97
99
100
101
103
103
99
97
102
106
108
110
113
103
108
112
116
119
121
128
126
134
133
136
141
142
140
145
153
160
162
162
156
151
150
153
147
139
144
143
140
127
119
112
109
104
99
99
97
95
81
82
91
90
86
87
92
89
90
96
104
106
116
120
119
119
96
98
103
103
102
89
92
88
76
69
67
60
53
39
32
28
26
24
25
13
16
23
26
26
25
30
31
39
35
23
38
50
76
103
130
156
166
191
213
237
256
258
206
114
87
80
9
-51
-89
-119
-115
-88
-78
-77
-56
-40
-32
-20
-27
-10
11
22
23
14
27
29
14
13
26
34
33
22
19
24
31
41
42
46
57
57
55
59
71
68
59
78
78
77
83
88
88
89
103
113
109
104
100
97
90
91
94
97
84
72
68
68
63
69
71
66
59
55
43
39
46
55
61
63
65
69
73
79
84
96
114
107
89
89
92
82
84
93
88
87
78
72
69
63
59
61
63
61
50
40
49
56
59
67
55
49
47
53
61
69
73
73
68
63
83
121
149
165
177
191
207
224
251
264
232
158
125
122
71
23
-10
-35
-22
-10
0
3
14
25
36
52
58
50
56
62
80
84
81
88
86
88
99
93
88
84
83
96
102
105
110
93
96
104
105
104
116
130
123
125
134
143
143
151
156
153
158
159
159
168
170
169
173
168
147
143
150
137
142
135
123
138
137
121
122
116
130
126
126
124
138
146
149
153
154
162
161
165
175
181
189
180
174
184
182
181
186
186
170
155
154
151
148
144
147
157
152
143
144
149
152
149
149
157
156
154
164
168
149
139
153
166
182
205
211
218
222
227
242
250
252
252
242
209
179
171
146
117
87
61
65
85
85
95
103
117
121
128
130
139
147
155
147
138
152
156
147
144
147
143
146
149
154
150
151
146
148
145
147
147
148
148
153
150
152
155
159
159
161
168
168
160
172
171
170
164
164
171
172
162
149
149
155
155
154
145
143
147
146
131
131
134
134
135
123
123
130
134
138
140
148
142
141
158
156
143
142
153
156
153
151
140
133
130
135
131
122
123
117
118
109
102
107
114
113
107
110
112
102
101
109
96
95
103
106
102
110
110
125
145
150
156
172
176
183
188
190
200
191
146
115
122
85
50
25
-6
-9
6
19
20
12
18
36
47
49
57
53
53
65
68
66
68
70
73
64
63
68
74
73
69
66
63
62
74
80
84
82
72
79
90
94
86
88
96
93
100
107
108
118
115
103
102
97
102
113
101
86
77
81
80
75
73
69
76
77
78
73
65
72
74
74
71
73
78
82
89
86
78
80
81
88
95
98
95
92
95
93
92
87
80
88
80
73
68
71
62
66
68
62
50
54
60
63
52
49
57
55
51
50
52
53
59
60
62
66
84
104
116
122
132
140
147
156
159
153
128
86
91
73
28
-12
-35
-51
-42
-37
-31
-14
-12
-16
-10
-3
0
0
0
1
14
13
15
12
9
14
8
17
16
20
13
11
21
28
33
21
14
13
15
23
29
32
30
31
32
34
46
46
44
41
52
54
51
53
55
51
44
46
45
57
52
44
41
28
22
27
36
27
19
18
18
21
19
23
22
32
30
34
43
42
44
53
48
54
57
57
58
59
62
50
48
44
49
47
42
34
34
30
29
26
24
24
33
32
24
26
21
22
18
23
23
22
21
26
20
19
30
39
58
76
86
96
102
111
115
121
125
119
95
56
62
37
-3
-35
-65
-73
-60
-53
-47
-47
-38
-34
-25
-24
-22
-18
-13
-7
-10
-16
-11
-13
-13
-10
-13
-12
-18
-21
-21
-26
-32
-28
-32
-31
-34
-31
-29
-36
-32
-31
-34
-32
-39
-31
-28
-26
-30
-35
-34
-31
-26
-34
-43
-35
-42
-50
-52
-57
-64
-70
-76
-74
-75
-79
-77
-79
-82
-87
-83
-81
-81
-80
-79
-74
-69
-69
-64
-66
-64
-57
-48
-50
-52
-54
-53
-55
-61
-64
-67
-69
-74
-82
-91
-100
-106
-111
-103
-111
-111
-111
-104
-111
-120
-127
-123
-121
-118
-116
-121
-123
-119
-112
-103
-89
-60
-42
-27
-18
0
16
30
52
54
6
-79
-112
-114
-164
-210
-249
-281
-287
-280
-262
-248
-241
-238
-222
-212
-204
-191
-190
-187
-182
-175
-173
-170
-176
-180
-179
-168
-160
-161
-176
-174
-173
-169
-170
-167
-166
-154
-146
-148
-153
-149
-142
-138
-135
-128
-125
-128
-116
-113
-116
-114
-109
-106
-105
-113
-110
-108
-119
-125
-145
-138
-133
-133
-139
-145
-139
-139
-146
-146
-143
-145
-146
-139
-139
-132
-125
-133
-132
-127
-128
-116
-111
-102
-102
-111
-108
-106
-108
-114
-116
-115
-121
-125
-137
-148
-153
-154
-155
-163
-154
-157
-157
-156
-152
-151
-153
-158
-149
-151
-149
-151
-151
-153
-143
-133
-113
-84
-57
-31
-16
-4
12
28
47
50
18
-62
-94
-102
-156
-206
-266
-312
-317
-287
-274
-258
-243
-232
-220
-205
-202
-207
-190
-184
-176
-176
-170
-159
-164
-163
-167
-163
-167
-173
-169
-163
-152
-157
-152
-148
-144
-143
-142
-135
-135
-131
-123
-115
-107
-101
-93
-89
-87
-93
-85
-81
-84
-83
-80
-82
-89
-98
-106
-114
-120
-120
-119
-125
-125
-122
-129
-132
-123
-131
-135
-132
-130
-126
-116
-112
-106
-104
-106
-102
-93
-84
-77
-72
-72
-64
-64
-67
-67
-73
-76
-69
-72
-85
-93
-94
-95
-95
-96
-95
-91
-90
-90
-87
-88
-82
-80
-79
-73
-74
-75
-73
-75
-76
-69
-62
-49
-24
0
21
32
44
66
75
91
99
100
53
2
-2
-31
-82
-120
-151
-173
-164
-154
-146
-137
-128
-116
-101
-84
-80
-80
-80
-75
-68
-63
-57
-61
-61
-62
-56
-52
-51
-52
-46
-45
-45
-37
-51
-50
-36
-48
-46
-31
-32
-27
-26
-21
-19
-19
-10
-5
-2
1
5
7
3
9
19
17
-8
-11
-10
-9
-14
-11
-12
-14
-19
-15
-28
-23
-12
-21
-25
-16
-10
-11
-6
3
0
-11
6
7
10
10
20
25
26
30
18
16
25
30
26
19
16
30
36
34
20
-5
-29
-32
-21
-14
-19
-10
-6
-18
-13
-12
-30
-32
-22
-15
-18
-28
-39
-37
-24
0
23
48
65
77
102
123
139
150
152
151
123
76
84
58
12
-20
-53
-68
-63
-55
-43
-42
-27
-21
-18
-8
-8
1
7
14
14
17
19
25
26
23
31
29
27
33
33
43
41
42
41
46
48
49
49
40
31
26
36
37
43
62
66
65
81
85
67
48
43
60
70
68
58
63
66
73
71
77
79
84
83
82
83
88
85
81
88
102
87
75
97
109
93
98
124
133
117
108
123
147
144
145
138
107
110
131
135
152
133
90
117
152
111
63
88
147
104
25
57
119
127
128
91
47
67
115
117
70
78
108
110
114
132
154
180
185
196
208
218
225
226
228
225
206
184
204
169
161
98
34
57
52
84
148
138
21
82
139
100
149
113
51
143
193
180
52
-76
-15
51
93
145
93
80
129
147
129
139
150
150
162
163
164
167
158
150
160
171
179
177
171
181
179
190
188
178
176
183
187
179
179
176
174
174
176
176
181
158
151
161
192
202
154
141
147
171
192
148
94
120
182
207
149
105
119
141
171
196
198
186
196
206
220
213
159
175
190
183
191
200
190
191
210
188
164
162
141
170
200
205
136
113
164
192
191
184
160
183
197
196
209
228
244
239
239
252
251
257
254
248
233
239
248
247
235
161
49
59
82
62
96
102
141
151
23
-74
50
127
110
147
107
37
45
64
126
156
94
0
52
108
136
156
90
80
83
91
108
117
120
128
113
123
161
165
160
163
159
166
180
159
160
169
177
169
170
175
172
169
169
159
162
167
156
147
155
155
155
152
149
149
148
149
148
149
148
142
150
150
148
153
149
160
166
163
160
158
161
159
161
156
155
149
143
147
137
128
122
119
119
110
103
97
95
93
86
76
70
75
67
66
61
57
53
57
61
65
92
112
122
134
146
164
168
174
176
138
71
33
17
-47
-112
-171
-222
-231
-235
-232
-228
-217
-207
-210
-208
-206
-205
-198
-200
-213
-221
-217
-221
-243
-245
-243
-258
-264
-274
-287
-286
-288
-295
-297
-305
-307
-306
-311
-307
-303
-306
-298
-293
-294
-289
-264
-256
-260
-260
-250
-228
-221
-220
-217
-206
-208
-204
-208
-200
-200
-214
-218
-219
-213
-209
-215
-214
-213
-211
-210
-195
-187
-183
-170
-166
-163
-145
-133
-128
-121
-109
-106
-91
-89
-96
-95
-90
-90
-90
-94
-98
-96
-99
-110
-112
-119
-131
-131
-132
-136
-128
-128
-120
-120
-126
-125
-113
-104
-101
-113
-114
-101
-96
-88
-77
-64
-40
-14
9
25
43
69
91
112
135
143
97
21
9
-7
-62
-102
-123
-148
-133
-115
-92
-70
-50
-34
-21
2
11
22
37
49
53
52
63
73
86
94
97
93
87
93
99
97
99
106
111
110
110
117
115
120
126
131
136
140
142
139
138
135
141
140
145
150
145
134
138
133
127
136
138
130
118
118
127
126
106
103
114
108
104
96
91
102
109
107
98
94
106
112
126
131
128
125
125
135
129
126
122
126
131
133
134
119
119
120
115
112
112
106
102
103
98
102
101
92
86
89
88
90
91
90
90
90
92
93
91
98
107
108
122
133
124
135
145
147
151
150
153
149
111
68
68
30
-20
-47
-61
-66
-58
-45
-39
-24
-16
-16
1
11
1
10
19
31
29
18
19
21
22
19
8
22
31
35
21
20
32
46
44
41
37
34
37
39
45
41
36
39
40
40
40
29
24
29
37
32
17
18
27
15
12
6
2
-2
-4
2
0
-5
-17
-17
-15
-19
-22
-33
-36
-37
-41
-37
-11
-14
-22
-23
-26
-18
-23
-8
3
-3
-24
-21
-11
-11
-23
-23
-26
-32
-41
-58
-47
-50
-53
-57
-54
-57
-63
-55
-38
-47
-63
-58
-54
-58
-56
-59
-62
-62
-59
-53
-52
-47
-18
0
8
16
30
38
48
52
53
40
0
-52
-48
-76
-121
-156
-189
-199
-184
-169
-160
-152
-144
-136
-123
-126
-131
-121
-109
-100
-94
-90
-91
-92
-86
-79
-76
-77
-81
-76
-77
-78
-78
-73
-80
-93
-93
-94
-103
-107
-114
-109
-112
-122
-134
-132
-134
-135
-143
-146
-148
-151
-150
-151
-151
-152
-156
-163
-154
-153
-152
-154
-163
-157
-156
-153
-153
-159
-157
-166
-173
-176
-181
-178
-190
-216
-257
-321
-405
-495
-572
-653
-734
-810
-890
-954
-1014
-1052
-1071
-1080
-1088
-1091
-1096
-1098
-1096
-1100
-1100
-1099
-1105
-1103
-1101
-1102
-1102
-1102
-1100
-1100
-1100
-1101
-1098
-1098
-1096
-1097
-1096
-1098
-1097
-1092
-1091
-1086
-1089
-1091
-1087
-1077
-1057
-1032
-1004
-1011
-1060
-1095
-1097
-1102
-1104
-1105
-1098
-1098
-1091
-1091
-1090
-1089
-1090
-1093
-1092
-1093
-1091
-1098
-1093
-1094
-1095
-1092
-1095
-1095
-1093
-1093
-1095
-1094
-1096
-1090
-1093
-1088
-1092
-1087
-1087
-1085
-1084
-1084
-1080
-1081
-1077
-1076
-1075
-1065
-1066
-1061
-1057
-1062
-1058
-1049
-1050
-1042
-1041
-1039
-1037
-1035
-1034
-1036
-1034
-1031
-1032
-1031
-1032
-1029
-1030
-1030
-1030
-1028
-1025
-1025
-1025
-1021
-1021
-1016
-1015
-1006
-1004
-1001
-999
-994
-990
-987
-979
-972
-971
-973
-974
-957
-957
-962
-968
-967
-974
-982
-984
-985
-986
-990
-994
-996
-994
-990
-984
-985
-984
-985
-983
-984
-982
-978
-977
-976
-978
-972
-966
-959
-929
-892
-853
-831
-818
-786
-743
-691
-648
-695
-816
-902
-918
-953
-988
-997
-1005
-1003
-998
-996
-995
-996
-991
-995
-996
-992
-989
-981
-975
-966
-969
-976
-974
-972
-961
-956
-954
-963
-959
-960
-957
-955
-952
-946
-950
-942
-936
-942
-934
-930
-919
-914
-902
-902
-907
-905
-894
-887
-879
-886
-885
-871
-868
-865
-865
-863
-875
-872
-869
-872
-872
-880
-873
-880
-888
-890
-881
-882
-886
-883
-877
-875
-873
-876
-869
-860
-853
-850
-845
-834
-823
-814
-803
-795
-804
-812
-794
-781
-796
-811
-802
-800
-803
-811
-815
-833
-828
-829
-830
-834
-827
-828
-828
-819
-820
-822
-817
-812
-802
-801
-792
-782
-781
-779
-775
-745
-703
-649
-608
-568
-536
-499
-464
-416
-360
-390
-517
-627
-649
-695
-754
-790
-833
-839
-835
-829
-821
-812
-804
-801
-788
-785
-772
-757
-747
-744
-749
-734
-727
-729
-725
-723
-720
-711
-712
-720
-717
-711
-698
-685
-682
-673
-677
-671
-653
-645
-642
-648
-630
-622
-616
-612
-602
-599
-591
-580
-591
-573
-563
-562
-558
-559
-546
-536
-541
-547
-555
-556
-553
-555
-561
-575
-564
-555
-554
-563
-569
-563
-559
-553
-551
-550
-533
-522
-520
-511
-495
-492
-473
-454
-447
-442
-448
-457
-441
-450
-457
-454
-453
-465
-480
-482
-500
-507
-504
-502
-501
-500
-490
-496
-503
-507
-496
-486
-485
-484
-485
-479
-474
-481
-469
-452
-410
-351
-305
-267
-223
-180
-128
-91
-61
-37
-69
-177
-276
-286
-346
-420
-487
-553
-571
-544
-519
-500
-484
-473
-455
-448
-426
-419
-408
-365
-346
-366
-388
-385
-373
-368
-359
-337
-330
-343
-329
-307
-300
-301
-281
-269
-248
-240
-229
-221
-209
-187
-204
-208
-183
-162
-155
-144
-131
-129
-133
-116
-102
-88
-87
-98
-119
-125
-113
-115
-112
-109
-104
-96
-94
-107
-128
-130
-123
-101
-107
-104
-93
-82
-74
-59
-76
-74
-62
-49
-25
-10
-20
-35
-21
-16
-21
-7
-7
-21
-30
-23
-24
-30
-44
-60
-70
-67
-73
-81
-69
-69
-77
-83
-73
-72
-84
-78
-71
-65
-62
-76
-66
-54
-42
-26
-8
46
77
95
124
156
179
209
232
228
161
74
60
22
-44
-111
-190
-219
-203
-187
-168
-155
-144
-143
-119
-102
-98
-87
-69
-72
-60
-52
-56
-48
-44
-46
-58
-51
-49
-46
-38
-36
-26
-19
-17
-10
-7
-18
4
2
9
13
26
40
44
55
58
60
70
83
77
82
83
84
83
81
79
79
73
71
68
72
69
64
60
47
59
70
77
79
77
71
80
81
97
108
117
112
127
143
157
175
172
177
188
191
183
181
191
187
192
184
183
182
174
149
164
173
173
181
181
181
174
177
181
186
186
186
188
189
189
187
203
219
228
256
282
302
334
346
364
386
403
426
434
401
337
322
300
236
199
162
136
140
146
160
161
159
170
185
192
189
199
204
215
223
233
232
214
211
204
211
224
222
234
241
227
226
238
245
244
252
259
263
264
279
291
296
296
298
317
332
340
344
353
353
369
369
354
353
369
379
372
362
376
377
372
361
355
361
362
364
362
365
363
366
374
375
374
371
378
384
387
386
384
393
408
409
403
404
404
409
406
403
405
411
404
394
390
380
387
392
389
384
388
384
389
388
393
395
392
383
389
399
387
390
404
396
404
408
440
461
462
477
490
499
507
512
523
525
503
447
439
429
386
358
316
290
303
318
330
347
358
355
354
367
368
376
387
392
379
383
397
401
396
397
392
406
397
394
399
398
400
409
412
411
416
414
418
419
420
423
430
433
434
437
437
438
449
458
447
442
442
454
449
449
434
432
442
439
435
438
436
434
430
427
421
420
414
409
412
415
413
420
419
423
422
422
427
430
431
435
438
448
449
440
440
438
441
445
443
441
444
430
425
421
415
418
415
413
402
400
403
407
414
414
412
408
410
412
414
422
420
397
412
422
442
457
472
479
488
491
505
512
519
524
516
487
449
454
425
370
340
312
304
317
338
339
343
354
354
367
365
362
367
368
381
386
388
383
387
385
388
391
390
397
401
392
385
398
406
404
400
394
404
404
405
415
408
418
417
420
428
426
439
437
426
416
433
432
430
429
428
425
420
414
411
407
401
395
400
392
393
397
386
378
384
387
375
373
386
389
391
392
402
383
387
394
405
413
407
406
407
404
402
398
397
393
393
392
387
378
379
372
363
362
359
355
357
365
361
369
363
354
356
355
355
367
369
357
366
370
388
407
416
432
430
446
455
462
462
461
436
393
400
379
325
288
243
224
251
267
268
277
285
290
297
301
319
326
322
309
309
314
320
321
318
319
323
326
323
322
318
320
322
323
325
328
323
323
336
331
330
337
335
332
339
339
337
337
344
343
340
347
348
345
344
346
342
334
327
329
325
322
319
315
320
316
311
301
302
306
305
309
310
312
316
311
312
313
326
324
326
326
335
329
326
329
327
331
326
315
312
319
312
306
299
295
293
290
293
298
298
287
281
288
284
278
283
292
293
288
280
286
288
290
296
323
332
340
353
360
369
371
378
378
369
333
318
314
272
237
202
175
182
192
188
193
214
207
229
236
235
244
242
247
252
246
253
250
245
246
251
253
247
247
248
247
244
251
253
253
250
257
254
258
262
266
271
269
276
269
275
281
282
278
288
280
282
289
278
272
275
277
275
272
264
267
267
266
259
244
235
250
247
242
241
239
239
250
253
252
247
246
252
252
256
262
267
262
256
255
263
262
255
247
248
243
238
239
240
229
220
201
209
210
209
206
208
207
205
206
208
198
194
196
197
195
192
195
204
214
230
245
247
256
268
276
280
284
280
278
265
252
248
223
181
132
101
97
115
129
127
127
135
135
143
148
152
155
157
162
164
165
164
160
163
160
163
157
160
160
159
160
162
157
156
157
162
162
162
156
153
168
164
163
153
163
168
166
156
166
175
167
162
162
169
164
158
156
155
152
146
143
145
142
140
133
135
133
129
126
132
133
132
132
121
132
129
137
136
141
142
144
148
143
136
136
140
135
130
128
126
109
84
93
91
78
74
76
73
72
67
55
57
56
56
50
41
36
28
25
31
29
36
43
43
54
73
87
97
103
120
130
144
150
136
67
8
0
-36
-93
-120
-142
-148
-156
-153
-141
-130
-116
-109
-102
-98
-94
-88
-84
-79
-79
-73
-77
-77
-73
-71
-73
-87
-76
-73
-75
-74
-72
-72
-67
-66
-61
-59
-62
-65
-60
-58
-57
-55
-52
-48
-46
-45
-42
-35
-40
-42
-45
-44
-41
-44
-52
-61
-65
-71
-72
-75
-88
-105
-104
-104
-108
-112
-118
-121
-121
-128
-128
-118
-121
-126
-128
-130
-130
-118
-118
-108
-111
-116
-113
-115
-110
-122
-126
-128
-128
-135
-149
-156
-162
-172
-180
-182
-184
-187
-197
-201
-197
-202
-207
-217
-224
-224
-223
-231
-242
-241
-247
-244
-239
-235
-198
-173
-148
-136
-115
-95
-76
-54
-38
-81
-188
-283
-295
-355
-454
-526
-586
-607
-591
-576
-565
-554
-544
-534
-528
-510
-508
-514
-501
-492
-482
-478
-485
-487
-488
-486
-486
-491
-493
-500
-515
-492
-498
-496
-503
-492
-490
-500
-491
-478
-486
-489
-481
-483
-468
-481
-478
-474
-470
-465
-449
-467
-467
-464
-468
-477
-481
-492
-493
-500
-502
-507
-525
-522
-532
-537
-525
-533
-542
-536
-534
-537
-525
-512
-521
-519
-503
-500
-497
-487
-471
-449
-452
-464
-456
-447
-449
-465
-474
-465
-459
-472
-494
-494
-506
-512
-501
-505
-514
-521
-514
-522
-516
-511
-512
-513
-510
-503
-502
-501
-493
-483
-490
-467
-426
-374
-333
-298
-268
-246
-217
-190
-165
-150
-182
-293
-389
-413
-477
-553
-617
-659
-667
-644
-634
-618
-593
-576
-562
-551
-535
-519
-509
-508
-499
-488
-477
-470
-473
-481
-485
-480
-468
-466
-461
-451
-444
-439
-434
-428
-426
-424
-425
-409
-400
-393
-388
-376
-369
-359
-349
-340
-333
-324
-312
-303
-302
-304
-306
-304
-307
-308
-309
-319
-320
-325
-329
-333
-338
-336
-339
-340
-342
-343
-342
-343
-341
-331
-318
-313
-306
-300
-293
-288
-279
-269
-258
-251
-251
-250
-245
-238
-240
-250
-260
-263
-273
-292
-296
-304
-306
-302
-303
-303
-304
-307
-303
-307
-315
-306
-300
-295
-301
-295
-292
-293
-287
-282
-261
-227
-188
-160
-132
-110
-76
-45
-21
6
18
-28
-124
-178
-188
-252
-323
-385
-433
-444
-426
-414
-400
-384
-375
-364
-353
-336
-326
-311
-302
-288
-289
-284
-278
-278
-275
-272
-275
-271
-268
-265
-260
-255
-256
-248
-245
-241
-238
-234
-226
-224
-223
-217
-211
-202
-200
-193
-189
-182
-175
-169
-169
-166
-164
-158
-160
-163
-164
-165
-163
-163
-170
-172
-180
-189
-187
-184
-185
-181
-180
-180
-187
-181
-174
-171
-165
-163
-162
-147
-143
-139
-129
-121
-117
-121
-120
-117
-112
-123
-128
-138
-133
-142
-152
-158
-159
-162
-167
-167
-170
-172
-172
-173
-172
-171
-165
-168
-164
-163
-162
-160
-158
-153
-141
-130
-108
-77
-50
-24
-7
14
34
52
79
86
37
-59
-106
-122
-180
-232
-264
-290
-284
-276
-264
-256
-247
-233
-222
-213
-202
-192
-187
-181
-178
-168
-162
-164
-160
-163
-166
-166
-161
-161
-162
-163
-167
-165
-160
-158
-153
-146
-139
-140
-135
-133
-122
-127
-123
-119
-122
-108
-97
-93
-91
-89
-86
-85
-83
-82
-83
-91
-96
-97
-100
-104
-106
-109
-114
-113
-120
-120
-120
-117
-117
-119
-118
-111
-107
-107
-106
-101
-97
-89
-87
-78
-68
-66
-72
-76
-70
-68
-73
-79
-78
-75
-79
-80
-86
-100
-103
-92
-96
-96
-95
-98
-101
-102
-102
-101
-102
-98
-104
-105
-109
-103
-103
-100
-85
-70
-37
-9
14
32
51
67
82
103
123
112
41
-44
-65
-97
-152
-197
-237
-272
-264
-242
-230
-215
-208
-202
-195
-173
-176
-162
-155
-146
-139
-137
-133
-140
-142
-148
-148
-140
-139
-136
-135
-135
-128
-134
-132
-132
-136
-130
-126
-125
-126
-120
-119
-116
-111
-109
-108
-112
-98
-91
-90
-95
-93
-88
-95
-89
-81
-90
-88
-101
-101
-105
-108
-116
-116
-121
-119
-119
-116
-123
-127
-128
-128
-124
-113
-121
-123
-110
-104
-108
-96
-87
-82
-78
-82
-80
-70
-74
-80
-90
-95
-97
-105
-110
-114
-121
-126
-128
-127
-129
-136
-129
-125
-128
-132
-132
-128
-132
-130
-125
-122
-120
-120
-118
-107
-91
-63
-23
0
18
36
50
69
89
100
67
-9
-65
-72
-125
-181
-227
-260
-256
-237
-220
-206
-188
-181
-175
-163
-157
-141
-136
-128
-124
-116
-113
-115
-110
-113
-114
-113
-110
-108
-102
-103
-103
-95
-92
-91
-91
-85
-81
-77
-67
-67
-65
-59
-53
-55
-56
-42
-36
-33
-32
-34
-36
-29
-27
-29
-33
-41
-40
-44
-47
-52
-55
-58
-62
-63
-66
-66
-70
-68
-72
-71
-69
-64
-63
-60
-57
-55
-49
-45
-40
-25
-23
-16
-25
-27
-24
-26
-27
-31
-35
-41
-48
-47
-56
-67
-67
-72
-76
-73
-75
-75
-76
-70
-72
-72
-73
-73
-71
-71
-69
-66
-69
-58
-46
-22
12
37
61
72
95
112
137
154
160
119
36
-11
-34
-90
-124
-164
-189
-176
-162
-153
-140
-134
-125
-121
-111
-104
-91
-86
-81
-76
-76
-71
-72
-69
-65
-62
-62
-60
-61
-58
-58
-57
-52
-52
-44
-41
-44
-38
-32
-30
-30
-23
-19
-18
-6
-3
-7
-4
-3
4
1
7
7
4
0
-2
-4
-2
-4
-6
-5
-8
-8
-11
-13
-15
-17
-13
-16
-14
-12
-6
-3
0
1
5
11
16
24
38
39
34
32
32
29
28
24
20
18
22
12
5
-2
-8
-8
-12
-11
-9
-12
-11
-11
-11
-11
-13
-15
-11
-10
-10
-8
-6
1
5
24
55
80
95
113
128
143
157
180
192
164
89
21
9
-29
-72
-103
-128
-133
-119
-108
-95
-86
-85
-75
-61
-57
-55
-50
-48
-43
-35
-34
-32
-35
-33
-32
-31
-28
-26
-30
-31
-27
-21
-23
-19
-14
-18
-14
-10
-8
-2
-5
-4
3
2
4
11
14
18
20
21
18
19
18
14
11
7
3
0
-6
-9
-14
-12
-15
-23
-23
-26
-22
-24
-27
-29
-25
-22
-13
-12
-14
-7
-2
5
12
13
14
6
13
11
14
10
0
-3
-3
-16
-22
-27
-38
-41
-48
-47
-50
-52
-53
-50
-50
-55
-48
-54
-55
-53
-55
-49
-49
-49
-39
-22
1
33
50
66
82
92
99
115
137
123
58
-26
-38
-65
-128
-165
-211
-232
-215
-189
-176
-173
-161
-150
-138
-137
-136
-130
-116
-116
-110
-106
-110
-109
-109
-107
-108
-109
-107
-108
-107
-107
-107
-106
-114
-106
-99
-101
-100
-104
-95
-87
-87
-88
-81
-83
-79
-82
-80
-71
-66
-74
-72
-67
-71
-74
-79
-77
-80
-79
-90
-89
-95
-95
-101
-104
-108
-107
-113
-115
-116
-113
-108
-108
-103
-101
-99
-99
-93
-78
-72
-74
-73
-73
-73
-68
-70
-75
-83
-88
-90
-95
-103
-113
-117
-117
-124
-131
-130
-127
-128
-127
-128
-134
-130
-137
-133
-138
-135
-133
-133
-135
-138
-128
-117
-89
-55
-32
-12
0
18
37
48
68
67
15
-75
-108
-127
-191
-254
-315
-352
-345
-326
-319
-312
-304
-300
-287
-280
-277
-267
-272
-276
-285
-285
-305
-303
-302
-301
-305
-306
-306
-312
-323
-328
-330
-328
-330
-326
-331
-332
-327
-335
-337
-335
-332
-328
-326
-331
-322
-332
-346
-345
-339
-347
-354
-366
-378
-381
-400
-411
-431
-448
-466
-490
-499
-506
-521
-522
-522
-518
-521
-532
-538
-543
-531
-522
-511
-503
-507
-507
-485
-477
-473
-462
-455
-461
-469
-466
-461
-458
-459
-463
-472
-490
-499
-499
-504
-508
-520
-521
-521
-512
-510
-513
-508
-485
-489
-521
-562
-562
-552
-542
-536
-530
-513
-495
-471
-407
-351
-298
-233
-172
-121
-80
-51
-40
-90
-190
-258
-283
-370
-467
-537
-597
-595
-571
-545
-538
-547
-552
-534
-507
-483
-476
-465
-448
-437
-441
-425
-416
-412
-407
-391
-393
-390
-382
-376
-373
-376
-375
-354
-341
-337
-333
-335
-320
-308
-308
-304
-295
-280
-254
-248
-245
-236
-214
-204
-192
-193
-183
-180
-162
-156
-160
-153
-143
-138
-126
-130
-152
-169
-155
-143
-132
-128
-122
-107
-89
-79
-67
-57
-42
-24
-14
-20
-11
9
18
26
33
40
43
46
48
52
52
55
50
49
51
53
51
51
63
62
63
58
61
66
70
73
69
81
95
96
84
57
67
94
116
142
158
172
183
198
208
209
214
215
208
181
161
163
125
85
45
15
30
37
43
50
59
61
69
73
82
85
83
92
99
101
101
101
99
102
96
95
94
94
99
97
98
90
86
87
92
90
82
86
92
94
92
92
93
103
112
111
105
113
114
116
117
113
124
114
111
111
114
118
108
109
104
108
103
101
105
104
102
95
103
104
108
108
108
106
111
118
121
115
120
122
114
120
121
119
123
116
106
102
108
92
86
84
72
71
83
91
99
82
67
61
71
68
71
69
75
82
79
61
67
81
88
100
125
138
146
158
174
177
182
189
188
181
148
136
129
85
31
-14
-57
-37
-17
-13
-13
-8
1
6
10
8
10
21
22
36
26
6
7
13
13
9
12
17
11
11
15
24
13
5
8
5
5
9
9
-1
2
0
7
1
1
4
5
-7
-26
-14
-14
-24
-28
-22
-21
-44
-55
-66
-78
-92
-105
-120
-133
-152
-166
-193
-215
-232
-257
-280
-301
-314
-323
-322
-319
-331
-340
-349
-351
-354
-371
-389
-404
-409
-417
-437
-445
-463
-474
-484
-506
-527
-533
-547
-565
-574
-590
-605
-627
-639
-647
-660
-673
-689
-706
-734
-744
-743
-750
-767
-780
-770
-769
-736
-709
-704
-706
-707
-684
-666
-633
-601
-619
-714
-822
-862
-890
-915
-923
-934
-939
-928
-921
-918
-904
-898
-898
-889
-883
-874
-875
-866
-850
-842
-848
-839
-844
-842
-828
-826
-828
-809
-800
-797
-797
-791
-790
-786
-782
-771
-754
-754
-734
-729
-727
-711
-680
-645
-571
-444
-317
-190
-63
64
191
215
227
230
236
241
244
241
248
251
250
250
248
250
252
254
252
252
255
255
256
256
257
261
258
254
259
257
255
256
258
257
256
254
255
252
248
248
245
242
239
232
228
217
209
205
203
196
194
192
191
191
187
191
192
187
186
186
183
181
185
188
185
188
201
209
227
228
230
237
240
242
245
239
222
178
167
135
93
64
40
40
54
61
70
85
84
87
94
101
102
103
107
106
99
101
101
104
102
105
106
100
100
99
99
102
94
86
85
91
86
79
73
77
75
78
84
84
87
94
90
88
97
108
113
103
106
99
93
104
106
106
109
114
99
85
76
75
75
73
73
79
86
87
76
88
92
98
99
103
112
121
125
131
124
120
130
133
138
140
139
124
111
118
121
127
133
131
141
149
152
151
143
121
132
156
180
190
203
192
177
182
188
196
221
244
250
233
241
253
263
263
264
266
265
259
233
228
225
209
203
188
166
170
182
197
208
232
238
221
206
206
223
230
233
230
224
229
233
244
238
241
242
235
237
245
248
239
239
248
259
266
237
226
248
255
255
251
259
263
241
232
246
253
254
261
263
262
256
257
263
261
263
267
262
251
249
257
258
259
255
255
251
237
251
256
259
252
257
246
242
260
274
269
267
250
238
256
270
270
253
253
252
257
253
237
234
249
246
251
243
243
251
248
250
240
234
221
239
256
249
238
232
222
243
258
247
257
265
266
273
276
274
275
279
278
278
279
262
229
241
237
189
172
178
187
211
187
127
133
161
198
214
214
213
220
205
216
232
185
161
211
235
233
177
154
206
184
149
188
209
205
201
215
229
229
232
225
195
189
214
237
243
214
184
196
217
202
189
213
225
226
222
223
234
229
210
209
224
201
182
198
225
227
161
110
168
206
204
186
172
171
189
206
206
200
206
210
212
215
224
221
188
184
204
202
196
184
151
146
163
173
172
174
176
164
152
161
181
209
193
112
92
137
155
178
191
174
136
158
193
214
222
228
238
240
241
242
242
230
193
184
181
151
111
89
65
66
88
104
109
104
110
127
141
137
139
105
99
120
129
126
111
118
126
122
126
132
131
130
124
130
132
130
138
157
170
171
160
131
122
125
136
146
154
162
157
162
163
167
172
168
171
175
163
160
164
166
160
168
169
160
149
140
148
145
133
127
132
138
145
151
156
158
156
152
158
171
166
168
170
170
174
170
167
162
159
152
149
144
152
158
149
142
138
136
145
146
142
141
144
136
137
139
138
141
161
150
138
140
121
136
172
187
194
204
211
219
222
228
226
218
183
159
143
105
75
55
43
57
63
71
80
85
86
90
93
88
92
100
100
106
105
109
104
99
101
96
96
92
95
94
90
82
79
77
71
66
57
51
46
38
37
32
26
26
12
10
11
10
5
13
13
9
-1
-14
-19
-25
-30
-34
-39
-45
-59
-74
-86
-96
-93
-105
-110
-118
-116
-128
-133
-131
-116
-103
-128
-137
-114
-114
-169
-178
-160
-152
-140
-144
-128
-117
-111
-126
-130
-143
-149
-149
-157
-161
-150
-156
-163
-154
-136
-116
-107
-111
-115
-140
-169
-170
-141
-131
-131
-113
-91
-72
-44
-10
5
15
31
60
77
111
140
127
40
-47
-65
-78
-100
-131
-160
-146
-115
-101
-78
-60
-46
-33
-25
-16
4
15
0
0
17
-3
-3
8
7
19
23
18
20
20
22
31
46
62
48
5
-15
-14
27
54
37
9
24
39
54
63
76
72
75
94
109
86
44
54
74
80
79
80
82
83
74
62
65
73
64
76
97
105
71
60
66
74
83
93
92
88
94
96
98
103
106
99
103
111
108
103
102
101
106
90
86
86
86
83
90
86
85
79
82
95
96
83
72
79
79
78
101
88
87
84
77
90
103
124
131
141
153
155
152
162
169
158
113
54
36
-4
-32
-21
-29
-55
-52
-33
3
31
35
-14
-22
0
18
26
28
31
31
32
29
27
35
42
35
21
16
29
35
39
37
54
34
3
13
34
46
49
49
55
55
54
50
51
59
65
67
63
64
52
46
58
69
63
54
61
53
40
51
66
54
25
27
44
49
33
14
9
26
8
5
41
77
57
-20
-23
23
38
42
44
47
33
18
15
45
49
19
6
-5
10
50
-11
-90
-64
-35
-13
-10
-6
-7
-10
-6
-13
-21
-12
-2
-9
-11
-8
9
30
32
46
51
60
64
72
82
94
72
15
-23
-26
-64
-98
-106
-108
-104
-101
-93
-83
-85
-80
-79
-67
-64
-64
-61
-60
-43
-40
-69
-74
-67
-68
-64
-61
-60
-58
-57
-69
-78
-69
-71
-69
-68
-63
-64
-70
-68
-63
-66
-64
-63
-62
-68
-74
-72
-74
-69
-68
-73
-80
-82
-88
-93
-108
-109
-115
-127
-127
-130
-135
-142
-147
-150
-155
-158
-161
-162
-160
-157
-155
-157
-153
-154
-147
-149
-146
-150
-156
-159
-160
-164
-172
-178
-180
-185
-196
-207
-217
-221
-228
-231
-233
-239
-240
-242
-245
-246
-247
-248
-250
-255
-255
-256
-259
-250
-239
-236
-231
-225
-208
-193
-180
-175
-163
-155
-140
-128
-128
-162
-217
-274
-325
-378
-430
-468
-475
-464
-448
-435
-416
-398
-385
-368
-351
-334
-333
-331
-323
-307
-307
-309
-313
-311
-299
-287
-281
-267
-259
-252
-251
-250
-246
-246
-251
-256
-252
-244
-231
-225
-219
-211
-201
-192
-183
-176
-165
-169
-163
-165
-166
-163
-162
-164
-164
-163
-163
-166
-170
-171
-166
-170
-171
-170
-170
-174
-172
-172
-176
-168
-167
-167
-165
-164
-163
-160
-164
-169
-172
-176
-182
-185
-197
-217
-225
-229
-235
-241
-250
-262
-275
-301
-355
-394
-387
-350
-335
-360
-417
-465
-463
-434
-417
-407
-387
-360
-363
-393
-401
-374
-338
-298
-261
-242
-237
-229
-215
-192
-168
-147
-160
-222
-317
-353
-371
-396
-423
-450
-451
-435
-412
-392
-387
-377
-369
-358
-342
-333
-332
-329
-319
-306
-309
-305
-302
-300
-299
-318
-326
-314
-304
-312
-318
-342
-350
-329
-358
-408
-395
-354
-322
-354
-387
-406
-389
-410
-422
-396
-368
-358
-365
-356
-363
-357
-358
-376
-382
-375
-371
-368
-367
-364
-372
-380
-383
-382
-380
-384
-385
-392
-397
-389
-387
-383
-381
-378
-376
-370
-367
-363
-357
-356
-358
-359
-361
-363
-375
-384
-404
-420
-437
-461
-483
-503
-526
-553
-575
-603
-638
-675
-696
-707
-717
-720
-724
-723
-722
-715
-711
-704
-693
-678
-659
-636
-605
-566
-541
-518
-504
-484
-474
-464
-474
-511
-560
-618
-660
-703
-738
-766
-782
-792
-787
-780
-772
-757
-751
-742
-733
-727
-717
-705
-696
-691
-698
-704
-701
-695
-687
-676
-662
-650
-639
-624
-621
-617
-613
-612
-611
-596
-580
-565
-554
-535
-513
-496
-495
-498
-506
-499
-487
-475
-470
-473
-453
-438
-428
-432
-438
-435
-424
-415
-413
-412
-420
-420
-414
-401
-396
-404
-417
-413
-397
-378
-362
-349
-327
-312
-301
-288
-274
-263
-253
-247
-242
-237
-231
-228
-223
-214
-205
-196
-200
-235
-279
-280
-253
-278
-335
-331
-294
-274
-263
-260
-253
-250
-250
-249
-239
-232
-228
-224
-223
-215
-203
-195
-167
-135
-111
-91
-76
-62
-46
-25
-2
-12
-80
-159
-174
-198
-244
-267
-290
-295
-290
-275
-264
-259
-253
-241
-231
-227
-221
-218
-216
-213
-222
-234
-256
-281
-306
-333
-364
-382
-394
-430
-484
-484
-490
-532
-560
-546
-542
-556
-579
-588
-588
-592
-590
-572
-564
-568
-581
-608
-636
-631
-602
-592
-582
-577
-583
-592
-602
-596
-570
-561
-597
-628
-614
-596
-566
-527
-529
-589
-615
-601
-577
-548
-522
-501
-481
-445
-396
-401
-433
-434
-428
-395
-336
-348
-376
-404
-460
-462
-430
-400
-377
-378
-406
-415
-396
-383
-367
-361
-350
-344
-339
-328
-297
-270
-268
-294
-305
-295
-275
-237
-191
-160
-130
-117
-92
-74
-55
-41
-10
26
15
-62
-150
-170
-192
-268
-291
-318
-349
-352
-329
-301
-291
-277
-256
-236
-233
-235
-250
-260
-266
-287
-311
-326
-354
-384
-397
-420
-437
-444
-449
-471
-477
-522
-601
-598
-572
-556
-551
-546
-545
-547
-526
-518
-514
-508
-488
-488
-492
-479
-466
-455
-444
-431
-431
-436
-432
-429
-429
-426
-429
-449
-443
-439
-426
-417
-426
-446
-439
-425
-411
-407
-407
-392
-356
-350
-375
-375
-336
-311
-319
-310
-299
-287
-258
-233
-227
-228
-214
-194
-192
-207
-204
-198
-194
-195
-182
-181
-180
-178
-175
-169
-161
-156
-145
-138
-131
-123
-114
-115
-102
-84
-72
-64
-31
-3
19
35
54
68
78
90
114
112
58
-9
-20
-56
-113
-148
-184
-195
-181
-171
-162
-149
-139
-129
-120
-105
-90
-86
-82
-76
-70
-73
-66
-63
-62
-67
-66
-64
-74
-78
-71
-74
-78
-66
-65
-71
-70
-70
-73
-70
-69
-67
-64
-54
-57
-58
-57
-54
-52
-55
-51
-57
-65
-70
-78
-81
-97
-97
-106
-123
-149
-162
-168
-170
-177
-186
-186
-186
-184
-182
-170
-159
-156
-150
-130
-115
-115
-113
-94
-64
-62
-77
-111
-125
-112
-99
-93
-95
-96
-94
-112
-122
-119
-122
-118
-110
-103
-105
-102
-110
-98
-91
-84
-76
-84
-88
-88
-88
-70
-53
-73
-82
-63
-51
-34
-12
1
33
63
83
108
141
164
158
103
22
-2
-36
-92
-125
-161
-135
-96
-97
-113
-108
-72
-21
32
47
-17
-83
-55
34
91
82
37
39
63
97
126
118
87
97
133
129
105
111
138
159
171
147
115
130
168
167
134
135
149
166
187
195
192
201
207
192
180
182
185
193
202
205
204
199
197
198
198
193
190
196
208
210
214
205
189
186
199
216
201
198
208
217
225
225
226
229
223
225
227
227
226
219
219
220
214
210
206
203
205
211
206
198
190
188
194
199
197
196
194
194
192
193
197
193
190
192
197
211
228
233
235
235
240
253
269
280
287
264
197
156
143
102
62
39
19
30
42
52
62
75
84
105
106
88
92
104
109
111
119
114
118
120
120
121
124
125
123
123
129
127
124
123
125
121
120
123
123
125
127
131
132
135
138
133
138
140
142
140
140
139
144
142
137
132
138
133
103
85
98
108
100
85
56
42
56
72
92
80
62
62
67
73
78
87
98
100
115
120
125
119
116
119
131
127
115
106
90
79
83
95
106
85
65
73
88
112
125
98
61
65
74
62
73
86
96
95
95
103
112
125
143
167
196
214
229
244
265
273
292
299
261
203
177
166
152
131
111
123
74
21
57
89
114
138
151
170
188
197
214
223
219
223
231
234
231
229
234
239
241
238
244
246
252
254
254
255
255
258
261
258
256
256
255
262
256
255
258
255
250
256
237
209
213
209
204
193
160
105
91
124
137
138
133
112
119
140
151
151
158
167
169
170
185
198
206
213
219
236
250
265
278
261
244
259
265
270
272
270
269
270
269
268
280
293
273
245
255
249
268
249
208
214
233
241
239
244
243
243
249
262
279
269
263
277
313
300
289
319
320
337
356
358
366
363
330
285
290
280
243
260
220
132
130
172
208
229
230
233
236
241
252
257
267
270
271
275
271
269
267
271
275
273
271
275
277
277
282
283
282
281
288
290
293
291
292
292
291
294
288
282
275
274
276
266
250
236
223
243
228
165
141
152
163
167
181
153
110
85
112
173
228
162
73
89
166
211
229
231
226
231
249
273
290
291
292
287
279
292
302
308
309
307
311
306
308
302
298
297
296
297
293
294
291
287
291
296
292
288
289
286
284
281
278
272
269
264
264
268
283
292
276
281
299
296
291
315
333
328
264
175
122
57
14
3
-7
-4
1
3
44
66
63
57
69
74
75
97
111
116
113
118
129
127
130
148
155
155
160
147
90
70
104
129
144
151
151
153
160
164
167
168
172
175
175
178
179
186
187
188
189
187
190
187
179
178
177
173
172
160
157
161
161
174
155
122
140
142
98
98
127
127
104
120
166
204
164
123
168
183
174
153
143
151
152
168
211
221
177
149
174
189
195
198
213
241
250
215
183
203
239
248
194
170
220
261
257
186
180
215
225
230
238
245
259
282
317
334
312
281
302
338
345
336
278
230
224
269
270
232
149
112
136
117
105
146
194
212
160
125
162
188
198
207
207
211
210
207
206
205
198
206
207
209
208
210
211
209
210
214
212
215
216
221
217
224
222
224
230
241
230
226
240
248
259
235
215
221
198
233
229
117
128
218
198
147
201
235
189
174
124
43
98
191
235
265
253
186
156
116
176
211
224
206
78
-42
85
189
206
207
205
203
202
201
202
217
184
156
173
180
156
148
154
150
155
179
161
83
57
99
138
146
18
-76
46
117
140
12
-74
-6
81
102
68
76
100
117
138
139
94
0
-58
-96
-167
-239
-298
-331
-327
-316
-317
-311
-302
-281
-274
-270
-255
-250
-237
-232
-229
-242
-239
-234
-228
-224
-231
-238
-244
-237
-237
-241
-241
-239
-240
-241
-240
-239
-235
-239
-232
-224
-219
-217
-214
-218
-215
-211
-192
-187
-194
-198
-174
-198
-222
-222
-226
-250
-248
-242
-244
-238
-253
-267
-260
-254
-228
-201
-265
-331
-279
-221
-202
-240
-279
-255
-210
-214
-218
-197
-177
-174
-150
-126
-129
-159
-164
-142
-136
-146
-144
-139
-144
-147
-141
-144
-147
-149
-144
-140
-136
-147
-143
-144
-142
-143
-137
-132
-134
-132
-131
-131
-111
-101
-73
-42
-17
-2
12
18
28
60
88
56
-38
-114
-131
-162
-243
-314
-314
-276
-254
-266
-285
-291
-255
-211
-194
-214
-226
-202
-188
-174
-153
-148
-152
-184
-205
-206
-202
-190
-182
-192
-203
-195
-195
-190
-192
-199
-209
-210
-217
-218
-220
-218
-215
-240
-284
-308
-294
-280
-292
-296
-277
-269
-282
-314
-373
-407
-416
-415
-410
-414
-414
-415
-411
-404
-383
-370
-363
-349
-373
-374
-334
-356
-452
-486
-449
-347
-264
-281
-336
-322
-278
-254
-207
-183
-177
-154
-156
-165
-131
-108
-236
-346
-298
-232
-150
-104
-191
-275
-237
-186
-153
-121
-105
-120
-151
-158
-152
-148
-131
-162
-171
-144
-119
-104
-69
-35
-22
-22
0
39
62
75
78
58
-16
-80
-107
-113
-93
-204
-315
-353
-423
-370
-334
-337
-317
-291
-279
-272
-266
-252
-248
-239
-221
-234
-241
-240
-239
-231
-224
-222
-226
-219
-219
-220
-233
-244
-245
-250
-248
-249
-260
-256
-240
-235
-214
-199
-190
-164
-145
-136
-122
-117
-117
-116
-110
-139
-153
-158
-163
-179
-185
-197
-211
-223
-221
-231
-241
-246
-242
-239
-232
-237
-241
-240
-231
-225
-227
-225
-215
-205
-201
-201
-194
-197
-202
-192
-198
-210
-210
-211
-209
-222
-233
-236
-237
-248
-259
-262
-262
-267
-266
-270
-276
-273
-280
-276
-281
-289
-281
-274
-282
-283
-284
-284
-269
-262
-245
-212
-180
-156
-146
-125
-107
-93
-79
-70
-97
-186
-253
-277
-342
-426
-471
-518
-519
-490
-478
-467
-464
-449
-423
-412
-404
-392
-378
-357
-338
-321
-308
-297
-288
-282
-280
-278
-278
-279
-274
-271
-273
-276
-287
-298
-315
-329
-348
-366
-392
-414
-435
-443
-456
-467
-467
-477
-485
-495
-514
-536
-561
-581
-623
-658
-695
-731
-766
-801
-826
-857
-878
-901
-916
-936
-955
-964
-974
-987
-991
-993
-1001
-1008
-1004
-1004
-1008
-1007
-1005
-1003
-1001
-1000
-988
-977
-976
-974
-966
-965
-961
-954
-952
-949
-941
-937
-940
-937
-939
-933
-925
-921
-912
-902
-896
-891
-880
-867
-853
-847
-848
-839
-832
-835
-831
-815
-799
-787
-772
-739
-700
-674
-657
-649
-636
-609
-572
-532
-496
-519
-632
-731
-746
-787
-825
-836
-854
-855
-836
-813
-796
-784
-769
-742
-712
-695
-685
-669
-660
-642
-648
-642
-632
-602
-577
-568
-569
-555
-534
-524
-520
-535
-521
-495
-464
-452
-442
-432
-409
-392
-367
-354
-352
-340
-312
-290
-271
-274
-264
-254
-246
-240
-241
-231
-231
-235
-243
-241
-241
-251
-272
-286
-296
-310
-321
-344
-365
-380
-398
-421
-452
-493
-528
-566
-609
-655
-682
-719
-751
-778
-796
-790
-793
-811
-824
-831
-837
-849
-858
-867
-876
-887
-894
-905
-912
-919
-918
-927
-928
-933
-940
-939
-942
-945
-945
-944
-948
-954
-953
-955
-957
-957
-958
-966
-965
-958
-941
-922
-909
-903
-904
-902
-892
-873
-850
-845
-889
-956
-982
-982
-1007
-1016
-1018
-1018
-1016
-1011
-1010
-1009
-1003
-1000
-996
-996
-995
-989
-988
-985
-981
-981
-984
-975
-977
-977
-975
-972
-970
-966
-965
-962
-962
-957
-947
-936
-927
-918
-912
-905
-895
-885
-866
-838
-820
-802
-780
-764
-749
-739
-722
-719
-720
-721
-728
-735
-751
-766
-787
-807
-817
-836
-850
-852
-858
-863
-866
-866
-872
-872
-869
-861
-856
-847
-837
-821
-816
-798
-795
-785
-773
-753
-741
-726
-720
-715
-708
-703
-692
-693
-694
-689
-690
-698
-704
-704
-708
-709
-714
-716
-714
-714
-714
-720
-724
-725
-723
-720
-724
-724
-728
-725
-719
-725
-717
-711
-704
-683
-640
-603
-575
-586
-573
-549
-508
-466
-449
-511
-632
-686
-704
-746
-782
-805
-820
-814
-808
-798
-790
-784
-783
-777
-769
-763
-758
-752
-736
-727
-724
-721
-720
-717
-716
-712
-709
-715
-717
-716
-714
-711
-707
-706
-703
-706
-704
-694
-694
-688
-681
-683
-684
-681
-677
-678
-676
-674
-669
-662
-658
-660
-660
-663
-667
-666
-666
-667
-668
-669
-670
-674
-665
-665
-666
-669
-658
-652
-658
-653
-646
-640
-638
-638
-625
-621
-611
-598
-587
-578
-572
-573
-565
-540
-530
-534
-532
-523
-526
-522
-513
-501
-516
-537
-547
-544
-534
-538
-533
-534
-527
-526
-515
-509
-501
-496
-495
-484
-478
-478
-472
-462
-452
-440
-428
-416
-392
-363
-324
-270
-243
-241
-208
-144
-101
-52
-24
-72
-184
-245
-260
-296
-318
-344
-377
-372
-349
-327
-295
-272
-245
-197
-163
-148
-135
-127
-128
-110
-80
-46
-13
7
-10
-18
0
35
46
34
24
34
50
68
78
94
119
132
135
148
164
166
169
181
198
220
207
192
206
235
239
225
234
248
243
244
258
260
247
246
258
265
275
248
200
206
240
256
260
256
265
270
282
285
290
286
283
305
323
314
314
333
317
304
329
351
359
337
333
343
343
344
353
365
353
333
337
354
357
363
360
335
326
339
355
365
358
348
366
368
357
350
346
352
359
365
361
369
372
378
386
396
396
398
401
397
396
402
404
398
382
379
385
373
359
349
338
339
347
348
351
362
363
371
377
381
377
380
383
386
390
382
380
385
391
389
384
388
393
389
395
398
401
401
401
392
393
401
401
402
406
394
398
398
397
402
405
403
408
410
407
405
406
407
407
406
405
404
405
403
402
400
397
405
399
402
399
399
401
400
399
402
402
397
403
406
403
403
399
400
406
409
410
404
410
407
408
409
410
409
410
408
407
406
404
401
405
406
407
407
412
412
413
414
416
417
415
416
420
417
422
417
419
416
418
423
420
422
422
422
421
418
423
422
418
419
420
418
412
403
367
325
270
235
246
266
256
229
196
195
206
219
202
176
179
197
207
170
147
179
176
167
186
199
203
206
206
214
219
226
229
232
240
247
249
250
251
263
282
299
309
283
283
301
313
319
329
343
349
353
360
363
369
370
369
370
373
375
375
377
378
376
378
378
375
376
381
386
374
378
372
362
370
374
375
385
384
372
376
385
380
363
374
386
387
388
390
389
388
388
386
384
383
381
379
379
378
369
371
368
369
370
370
370
373
373
374
373
364
368
371
371
371
370
366
368
373
373
379
394
393
400
398
398
399
401
399
401
395
380
376
369
342
306
301
320
332
309
311
331
331
338
347
352
356
354
360
362
375
368
362
370
374
367
365
365
362
366
368
371
377
375
372
374
376
378
375
374
380
381
383
370
372
379
379
378
379
381
380
381
385
386
379
368
370
376
375
375
373
372
376
382
376
369
360
361
367
354
353
351
353
356
359
361
363
364
361
361
364
365
370
370
348
347
363
369
365
367
366
365
362
361
361
357
358
354
352
355
354
351
355
354
351
335
339
348
347
347
345
346
344
345
344
347
343
344
347
351
356
358
361
359
362
359
361
360
364
361
359
346
340
331
313
298
281
274
283
279
289
297
297
298
307
317
321
312
312
317
323
328
321
323
316
325
324
322
322
324
324
327
324
324
330
328
318
316
327
324
327
324
329
329
328
319
321
327
327
328
329
327
325
325
325
325
325
324
324
325
319
317
315
320
321
309
305
315
314
312
314
310
312
313
312
314
314
310
311
311
317
315
310
309
314
314
314
315
313
315
317
314
315
314
314
310
309
304
306
306
305
305
309
305
293
297
290
294
297
292
292
293
290
292
293
291
283
287
288
289
296
293
298
303
306
307
303
311
307
308
305
303
302
292
293
289
273
260
248
239
244
246
242
240
247
252
258
255
260
268
268
266
268
269
267
265
260
260
258
258
263
261
263
263
263
261
259
262
262
259
261
260
262
258
259
255
259
256
254
255
258
256
260
256
255
252
252
249
249
244
239
239
238
236
248
240
222
194
192
199
209
213
209
209
213
211
215
216
214
215
218
222
227
225
231
230
228
229
230
228
231
232
234
230
228
228
224
222
220
217
218
214
213
210
204
204
204
196
199
197
203
198
189
188
199
193
169
174
176
177
179
181
185
191
193
204
210
211
215
219
216
215
216
218
214
204
197
197
185
162
151
139
120
129
136
124
110
120
131
139
139
150
150
152
151
154
160
161
155
158
157
157
156
156
158
158
159
155
144
155
156
158
159
149
161
158
142
148
152
155
162
160
159
160
156
159
158
160
159
155
158
152
153
147
147
149
142
144
140
140
135
139
132
132
132
133
129
130
131
130
120
123
123
130
134
136
136
137
134
125
120
134
138
141
140
141
140
132
135
137
131
130
131
124
112
111
108
106
106
107
104
105
107
106
105
110
103
98
97
100
97
104
102
97
91
98
100
109
120
131
139
143
140
149
153
155
156
150
126
99
86
56
24
12
-3
-2
14
23
35
41
48
57
62
61
65
75
90
89
81
59
62
75
76
78
77
79
85
82
85
92
93
101
98
79
79
91
97
97
97
101
103
112
105
91
104
112
117
115
107
108
105
104
105
103
104
99
100
102
95
95
91
94
92
98
100
100
93
72
68
85
88
75
76
82
83
84
83
81
90
88
94
91
88
93
90
88
96
99
95
101
98
96
91
96
89
90
88
83
80
74
75
67
70
69
71
72
71
68
64
65
66
72
73
66
63
66
68
72
69
75
82
92
103
98
102
104
102
103
109
103
88
64
69
56
32
20
0
-6
8
11
15
23
27
29
31
32
43
47
44
49
50
50
52
48
45
53
52
53
45
42
49
51
50
52
53
54
55
55
55
61
55
58
55
60
56
57
62
61
57
56
51
59
60
57
57
55
55
50
50
48
49
44
42
41
39
38
36
32
34
32
32
38
40
34
20
25
29
35
32
35
34
31
33
37
39
44
43
44
44
47
46
44
43
37
32
31
35
36
30
33
26
24
17
18
22
16
17
18
17
15
21
17
18
18
21
19
16
17
17
19
23
25
36
39
43
44
47
49
47
45
50
47
29
8
7
-14
-49
-64
-81
-79
-67
-69
-63
-59
-67
-66
-61
-58
-51
-48
-42
-39
-37
-38
-40
-34
-28
-33
-36
-36
-38
-37
-34
-34
-30
-26
-35
-40
-35
-34
-32
-32
-29
-24
-27
-22
-18
-20
-16
-20
-17
-15
-14
-16
-12
-18
-26
-26
-25
-26
-32
-31
-35
-37
-36
-36
-43
-47
-53
-51
-54
-57
-55
-50
-58
-59
-54
-53
-56
-54
-49
-46
-45
-46
-45
-43
-37
-34
-31
-29
-31
-26
-16
-21
-32
-22
-13
-24
-56
-35
-25
-31
-39
-28
-30
-26
-26
-24
-23
-24
-21
-19
-18
-16
-16
-15
-16
-14
-18
-14
-20
-16
-15
-13
-8
-3
6
10
10
10
12
12
13
11
12
9
-5
-6
-9
-32
-40
-50
-55
-51
-51
-44
-35
-39
-35
-29
-26
-26
-30
-22
-19
-15
-20
-19
-20
-17
-17
-17
-19
-22
-17
-13
-15
-15
-11
-10
-12
-17
-17
-11
-6
-9
-14
-15
-14
-9
-10
-9
-9
-7
-3
-9
-2
-4
-11
-12
-11
-13
-15
-11
-17
-17
-17
-14
-13
-15
-12
-16
-13
-15
-10
-14
-20
-22
-14
-10
-20
-24
-22
-18
-14
-16
-11
-15
-12
-13
-8
-6
-6
-7
-9
-9
-12
-8
-12
-8
-9
-13
-11
-12
-10
-18
-20
-18
-20
-26
-25
-28
-24
-23
-30
-29
-27
-30
-27
-25
-25
-29
-28
-24
-25
-21
-20
-16
-10
-10
-9
-11
-8
-9
-10
-10
-9
-23
-26
-27
-46
-57
-73
-76
-68
-66
-61
-62
-55
-58
-54
-55
-52
-48
-46
-44
-38
-39
-42
-43
-36
-31
-37
-47
-47
-38
-37
-38
-42
-40
-41
-45
-42
-37
-43
-40
-37
-35
-40
-43
-37
-39
-37
-39
-42
-43
-37
-40
-42
-39
-35
-37
-39
-43
-37
-43
-42
-47
-42
-48
-48
-47
-55
-53
-54
-55
-52
-56
-59
-58
-57
-59
-57
-55
-56
-55
-54
-52
-55
-51
-48
-50
-49
-51
-51
-48
-52
-52
-50
-54
-57
-61
-63
-62
-66
-73
-74
-74
-72
-70
-74
-74
-71
-73
-74
-77
-76
-76
-77
-72
-87
-89
-85
-78
-76
-81
-68
-60
-58
-56
-55
-51
-54
-50
-49
-53
-59
-79
-78
-87
-112
-131
-148
-149
-144
-144
-142
-140
-130
-128
-125
-122
-124
-124
-123
-128
-130
-136
-136
-139
-147
-153
-160
-165
-173
-183
-188
-194
-199
-212
-220
-227
-238
-247
-251
-266
-274
