-99
-96
-93
-89
-84
-78
-75
-74
-72
-72
-71
-70
-70
-64
-68
-68
-67
-68
-70
-76
-75
-74
-73
-69
-69
-70
-73
-76
-80
-78
-80
-76
-74
-74
-75
-78
-80
-81
-79
-81
-81
-77
-81
-79
-82
-81
-77
-80
-80
-78
-74
-73
-72
-74
-76
-78
-78
-75
-73
-70
-71
-71
-71
-74
-73
-76
-76
-73
-70
-68
-68
-68
-68
-62
-61
-52
-49
-43
-39
-36
-35
-33
-29
-27
-28
-19
-18
-23
-25
-34
-37
-38
-39
-41
-44
-45
-45
-50
-53
-61
-69
-75
-72
-75
-76
-78
-78
-83
-81
-82
-80
-80
-78
-76
-76
-76
-77
-80
-78
-80
-76
-74
-72
-71
-72
-72
-68
-61
-52
-36
-13
20
54
84
108
117
122
121
115
101
88
83
82
86
88
91
82
68
53
40
43
65
89
99
80
41
-4
-38
-53
-53
-51
-62
-79
-86
-92
-88
-92
-89
-90
-87
-93
-92
-93
-90
-89
-92
-87
-89
-88
-91
-91
-94
-95
-94
-93
-96
-93
-96
-100
-106
-107
-109
-114
-114
-112
-110
-112
-116
-117
-120
-121
-122
-125
-126
-129
-131
-135
-134
-135
-134
-136
-135
-133
-128
-128
-133
-134
-134
-132
-131
-130
-127
-126
-125
-124
-122
-122
-121
-119
-111
-109
-104
-106
-102
-94
-97
-89
-91
-85
-81
-81
-83
-83
-81
-86
-81
-84
-86
-83
-86
-83
-84
-91
-93
-91
-90
-91
-90
-91
-90
-94
-95
-96
-93
-96
-96
-95
-96
-98
-100
-100
-102
-99
-97
-98
-97
-99
-96
-100
-101
-102
-96
-94
-92
-93
-92
-92
-94
-95
-96
-98
-96
-95
-92
-92
-90
-95
-95
-96
-92
-88
-92
-89
-84
-85
-85
-80
-75
-72
-67
-60
-55
-54
-54
-51
-49
-43
-43
-38
-36
-34
-39
-44
-46
-51
-56
-57
-62
-60
-60
-61
-66
-69
-80
-87
-89
-87
-85
-87
-88
-87
-90
-95
-93
-94
-90
-90
-88
-87
-87
-87
-87
-93
-88
-89
-88
-81
-84
-79
-76
-65
-52
-32
0
46
88
120
151
159
161
152
133
110
96
89
86
90
91
88
72
51
26
27
49
70
84
70
36
-12
-42
-60
-61
-60
-64
-79
-90
-95
-95
-97
-96
-93
-90
-93
-92
-92
-91
-96
-94
-93
-93
-87
-88
-92
-92
-93
-97
-99
-98
-99
-93
-98
-98
-101
-99
-104
-104
-105
-104
-103
-104
-111
-114
-116
-116
-114
-114
-116
-118
-117
-118
-120
-124
-126
-126
-124
-123
-122
-117
-116
-117
-118
-116
-116
-114
-114
-114
-113
-108
-115
-114
-112
-111
-105
-102
-97
-92
-91
-91
-87
-86
-81
-76
-73
-72
-68
-69
-69
-70
-71
-71
-68
-64
-68
-67
-69
-73
-75
-71
-73
-73
-73
-68
-70
-73
-73
-77
-78
-79
-79
-78
-74
-72
-75
-76
-76
-77
-80
-77
-79
-75
-73
-71
-75
-78
-74
-77
-76
-76
-72
-72
-68
-72
-73
-73
-74
-72
-73
-67
-70
-70
-70
-69
-68
-68
-66
-54
-48
-48
-50
-49
-42
-41
-38
-39
-31
-26
-23
-23
-30
-37
-41
-38
-40
-44
-46
-47
-46
-52
-58
-60
-64
-66
-68
-72
-72
-73
-77
-80
-78
-80
-74
-74
-70
-72
-71
-73
-75
-75
-73
-72
-70
-67
-68
-69
-68
-69
-70
-63
-60
-48
-30
-6
24
61
102
135
154
165
167
155
134
114
99
91
90
96
97
90
75
55
37
44
66
87
93
75
34
-7
-32
-43
-51
-53
-64
-76
-83
-82
-79
-80
-78
-86
-80
-79
-82
-83
-81
-78
-75
-76
-78
-81
-81
-78
-81
-77
-77
-79
-79
-84
-89
-92
-95
-90
-91
-90
-91
-91
-97
-99
-97
-98
-99
-100
-102
-104
-105
-104
-114
-110
-113
-111
-115
-110
-113
-113
-116
-115
-114
-114
-111
-110
-110
-112
-109
-112
-110
-110
-107
-103
-101
-99
-96
-93
-91
-93
-91
-81
-77
-75
-71
-68
-71
-69
-69
-66
-62
-64
-64
-61
-61
-64
-70
-70
-67
-72
-65
-68
-67
-69
-69
-71
-72
-74
-74
-74
-71
-73
-71
-73
-72
-77
-77
-77
-75
-78
-73
-74
-82
-81
-79
-76
-78
-73
-72
-73
-75
-75
-78
-79
-79
-73
-78
-75
-75
-75
-74
-78
-78
-75
-71
-73
-72
-72
-72
-77
-73
-72
-68
-61
-55
-52
-49
-48
-45
-45
-42
-38
-35
-30
-27
-32
-38
-43
-44
-47
-48
-50
-51
-54
-55
-59
-67
-66
-72
-77
-77
-77
-82
-81
-84
-87
-84
-85
-88
-81
-79
-80
-81
-78
-82
-81
-80
-77
-79
-75
-75
-76
-76
-77
-69
-67
-56
-43
-28
-4
26
61
87
97
111
112
104
97
82
76
72
75
78
82
79
70
54
41
37
57
77
88
76
41
0
-31
-46
-53
-53
-62
-75
-85
-86
-86
-86
-84
-82
-86
-87
-82
-87
-86
-86
-83
-82
-82
-86
-86
-87
-90
-92
-90
-92
-93
-91
-90
-96
-98
-99
-99
-96
-98
-98
-103
-105
-101
-108
-110
-110
-111
-111
-108
-109
-114
-115
-115
-120
-119
-119
-117
-115
-117
-117
-122
-122
-121
-118
-118
-113
-114
-114
-114
-114
-110
-108
-104
-102
-96
-93
-89
-87
-85
-81
-80
-75
-74
-71
-67
-61
-65
-67
-67
-64
-63
-66
-64
-61
-67
-66
-69
-72
-71
-70
-73
-73
-71
-72
-74
-74
-76
-77
-80
-76
-77
-77
-77
-82
-85
-84
-85
-84
-82
-80
-81
-81
-80
-84
-82
-82
-82
-81
-79
-77
-78
-79
-79
-80
-78
-80
-78
-76
-78
-76
-80
-79
-82
-78
-79
-77
-74
-71
-72
-70
-73
-71
-65
-64
-60
-57
-51
-48
-47
-47
-47
-43
-37
-30
-29
-30
-35
-41
-45
-48
-50
-50
-50
-50
-59
-63
-60
-70
-74
-75
-80
-81
-84
-85
-82
-84
-85
-87
-87
-87
-85
-83
-81
-80
-79
-79
-85
-82
-84
-81
-80
-79
-76
-76
-74
-69
-66
-53
-41
-18
7
34
71
89
101
103
102
95
87
76
70
65
68
71
81
80
67
50
41
34
51
69
77
62
27
-11
-36
-52
-55
-55
-67
-80
-96
-96
-99
-93
-95
-91
-92
-93
-99
-98
-93
-94
-95
-96
-94
-92
-100
-97
-98
-103
-100
-98
-100
-101
-100
-103
-107
-107
-113
-112
-111
-111
-116
-114
-116
-121
-124
-124
-124
-123
-128
-123
-123
-128
-133
-127
-133
-131
-132
-129
-134
-130
-132
-130
-128
-130
-130
-123
-121
-122
-122
-123
-124
-118
-119
-114
-109
-101
-99
-95
-99
-94
-93
-90
-86
-82
-80
-79
-80
-81
-81
-84
-80
-80
-81
-81
-83
-81
-84
-86
-85
-87
-87
-85
-85
-87
-87
-89
-90
-93
-95
-92
-94
-93
-95
-93
-97
-96
-91
-98
-96
-98
-89
-92
-93
-95
-94
-102
-95
-95
-93
-92
-92
-92
-92
-96
-94
-95
-92
-94
-90
-90
-92
-93
-87
-89
-91
-93
-89
-89
-89
-85
-83
-85
-81
-77
-73
-72
-64
-60
-58
-52
-51
-53
-48
-47
-43
-41
-42
-47
-49
-53
-58
-59
-65
-66
-71
-72
-77
-81
-84
-91
-93
-95
-93
-89
-94
-94
-98
-100
-96
-96
-95
-95
-88
-91
-94
-97
-96
-97
-95
-92
-87
-86
-87
-81
-80
-79
-71
-58
-36
-6
31
71
105
127
137
135
132
117
100
82
76
66
69
69
65
52
38
20
16
29
54
63
60
28
-17
-48
-64
-70
-64
-69
-79
-91
-99
-97
-97
-96
-96
-92
-92
-93
-91
-92
-95
-91
-90
-92
-88
-89
-92
-91
-98
-99
-99
-93
-98
-96
-95
-100
-101
-106
-101
-104
-106
-101
-105
-104
-105
-111
-114
-113
-113
-113
-115
-111
-114
-119
-120
-119
-123
-120
-120
-117
-115
-117
-124
-120
-121
-121
-116
-115
-111
-115
-117
-113
-111
-115
-109
-104
-100
-93
-88
-92
-87
-87
-84
-76
-72
-69
-70
-69
-66
-68
-68
-68
-67
-70
-66
-66
-64
-68
-72
-73
-76
-76
-76
-71
-68
-71
-70
-72
-74
-77
-81
-77
-75
-77
-76
-75
-75
-75
-80
-81
-81
-77
-76
-78
-78
-80
-82
-83
-80
-81
-77
-78
-73
-75
-78
-82
-77
-78
-72
-74
-75
-74
-71
-75
-76
-76
-75
-75
-67
-60
-61
-58
-52
-54
-47
-42
-40
-38
-33
-33
-32
-29
-35
-39
-43
-42
-37
-42
-47
-53
-57
-60
-63
-64
-65
-64
-76
-78
-81
-84
-84
-88
-80
-82
-78
-80
-79
-79
-79
-85
-83
-81
-79
-78
-78
-82
-79
-83
-78
-81
-82
-74
-63
-55
-41
-22
7
44
89
127
151
166
166
160
140
119
101
91
87
91
97
91
77
57
34
37
54
76
87
70
31
-7
-40
-60
-60
-68
-74
-86
-87
-95
-93
-92
-95
-95
-94
-91
-93
-93
-88
-90
-90
-90
-91
-97
-96
-92
-92
-93
-92
-92
-95
-96
-98
-99
-99
-99
-99
-96
-98
-102
-104
-106
-105
-107
-106
-108
-105
-108
-113
-116
-115
-120
-119
-116
-115
-118
-116
-121
-117
-121
-120
-119
-115
-120
-120
-117
-120
-121
-119
-119
-112
-106
-105
-103
-101
-95
-96
-92
-91
-84
-81
-77
-77
-71
-71
-68
-69
-64
-66
-62
-60
-62
-64
-67
-68
-67
-65
-67
-66
-66
-70
-70
-68
-73
-74
-75
-71
-70
-75
-74
-74
-76
-77
-77
-77
-74
-74
-77
-75
-78
-82
-77
-77
-78
-77
-74
-73
-75
-80
-78
-80
-79
-77
-75
-75
-72
-72
-77
-82
-76
-78
-75
-75
-72
-71
-72
-74
-76
-77
-72
-70
-70
-61
-59
-55
-55
-51
-49
-48
-42
-35
-36
-35
-29
-35
-42
-43
-44
-47
-49
-49
-53
-58
-61
-67
-71
-76
-75
-78
-82
-89
-91
-98
-96
-96
-96
-96
-94
-94
-93
-92
-99
-96
-95
-91
-92
-92
-91
-88
-88
-92
-95
-92
-86
-82
-71
-56
-42
-21
12
51
81
104
116
122
119
111
90
77
69
71
79
87
83
76
55
38
27
39
65
85
82
50
6
-38
-59
-73
-74
-78
-87
-99
-106
-107
-104
-104
-105
-105
-106
-107
-103
-105
-101
-102
-104
-104
-105
-106
-110
-110
-109
-106
-111
-107
-113
-115
-115
-116
-117
-120
-117
-116
-116
-125
-126
-127
-128
-127
-131
-130
-130
-136
-134
-135
-135
-134
-137
-138
-136
-138
-137
-139
-139
-139
-138
-137
-135
-132
-128
-129
-130
-130
-131
-128
-122
-119
-114
-111
-111
-112
-110
-102
-99
-95
-92
-89
-86
-82
-84
-82
-86
-79
-78
-76
-72
-78
-82
-85
-85
-87
-83
-82
-81
-83
-81
-84
-92
-89
-88
-91
-91
-90
-89
-90
-95
-94
-94
-97
-92
-92
-92
-91
-93
-95
-98
-97
-96
-94
-94
-90
-96
-90
-89
-92
-93
-94
-89
-89
-91
-88
-87
-89
-94
-89
-92
-89
-87
-89
-87
-92
-89
-89
-89
-92
-87
-82
-75
-72
-69
-70
-67
-64
-59
-59
-53
-45
-44
-40
-45
-47
-52
-57
-62
-60
-64
-68
-69
-73
-79
-81
-83
-86
-90
-92
-97
-106
-108
-111
-110
-114
-112
-106
-107
-111
-110
-114
-117
-116
-113
-109
-109
-109
-107
-108
-107
-107
-111
-107
-101
-98
-91
-78
-63
-40
1
40
75
96
108
108
103
87
65
52
43
47
48
53
58
44
22
0
-6
4
35
55
51
24
-22
-60
-82
-94
-95
-100
-108
-119
-122
-126
-126
-127
-127
-128
-130
-128
-124
-125
-125
-119
-124
-128
-127
-126
-127
-124
-122
-120
-122
-129
-133
-131
-134
-135
-132
-135
-135
-132
-136
-142
-143
-143
-143
-143
-140
-142
-150
-151
-152
-153
-155
-151
-150
-149
-149
-153
-152
-153
-152
-151
-149
-151
-149
-143
-142
-144
-145
-143
-143
-140
-138
-135
-131
-127
-128
-127
-120
-117
-113
-107
-104
-101
-103
-99
-95
-99
-96
-90
-89
-89
-89
-90
-93
-96
-92
-96
-94
-94
-95
-98
-100
-99
-100
-100
-103
-99
-99
-98
-103
-104
-106
-107
-104
-100
-99
-97
-100
-100
-103
-108
-107
-101
-101
-102
-98
-101
-101
-102
-100
-99
-99
-99
-99
-97
-93
-97
-99
-96
-98
-101
-96
-91
-92
-92
-94
-94
-91
-93
-88
-86
-79
-71
-69
-72
-67
-65
-60
-56
-53
-48
-46
-44
-44
-50
-56
-56
-59
-60
-62
-65
-67
-72
-79
-78
-80
-85
-88
-94
-93
-96
-99
-103
-103
-98
-102
-104
-103
-100
-99
-102
-99
-98
-100
-98
-102
-95
-99
-99
-97
-97
-98
-97
-93
-85
-75
-61
-41
-7
30
74
111
139
156
161
152
131
105
87
75
73
72
77
77
66
44
21
14
34
66
75
46
3
-36
-66
-77
-80
-85
-98
-109
-114
-114
-112
-111
-112
-113
-113
-113
-115
-115
-112
-112
-111
-110
-112
-116
-115
-113
-115
-112
-113
-114
-119
-123
-118
-122
-122
-123
-122
-121
-123
-131
-129
-132
-134
-133
-130
-129
-132
-128
-134
-138
-138
-142
-139
-141
-140
-141
-140
-142
-141
-141
-141
-141
-142
-144
-137
-137
-138
-135
-135
-133
-133
-131
-124
-121
-121
-117
-120
-114
-111
-108
-103
-95
-91
-92
-92
-90
-90
-92
-86
-82
-82
-82
-85
-86
-86
-88
-91
-89
-89
-89
-82
-88
-88
-93
-92
-89
-87
-93
-88
-92
-94
-93
-91
-97
-92
-94
-95
-95
-92
-93
-92
-95
-92
-101
-92
-91
-87
-89
-90
-89
-90
-90
-91
-91
-91
-85
-86
-90
-89
-90
-88
-91
-87
-86
-85
-82
-88
-90
-89
-86
-86
-80
-75
-68
-65
-64
-62
-63
-57
-60
-55
-50
-43
-40
-36
-41
-48
-50
-48
-48
-52
-56
-55
-63
-66
-72
-77
-79
-81
-84
-88
-92
-95
-96
-103
-101
-98
-99
-97
-95
-97
-100
-96
-100
-104
-97
-99
-96
-97
-98
-94
-95
-95
-96
-94
-87
-82
-78
-59
-35
-4
35
75
108
126
139
138
132
117
96
79
70
74
80
85
78
68
45
27
27
49
74
86
65
19
-23
-59
-78
-82
-84
-96
-109
-115
-115
-115
-117
-114
-115
-118
-116
-118
-116
-111
-110
-113
-111
-114
-115
-112
-114
-117
-113
-112
-113
-115
-122
-123
-124
-125
-122
-124
-123
-126
-126
-129
-133
-135
-137
-136
-134
-136
-139
-140
-142
-147
-147
-143
-148
-145
-144
-147
-148
-148
-150
-149
-148
-146
-145
-144
-142
-144
-144
-143
-142
-140
-139
-134
-131
-127
-123
-122
-119
-115
-110
-107
-96
-97
-96
-94
-93
-92
-94
-89
-90
-90
-89
-93
-89
-94
-95
-94
-89
-90
-87
-91
-93
-90
-96
-94
-98
-97
-96
-96
-97
-100
-103
-105
-107
-102
-101
-100
-100
-98
-101
-100
-101
-102
-103
-103
-93
-94
-97
-92
-97
-98
-96
-95
-98
-94
-94
-91
-95
-97
-97
-97
-94
-94
-91
-95
-89
-92
-94
-93
-95
-95
-94
-91
-85
-80
-80
-71
-75
-67
-68
-61
-59
-52
-53
-48
-44
-44
-48
-51
-55
-57
-58
-58
-62
-68
-74
-78
-77
-79
-85
-82
-91
-95
-102
-105
-105
-107
-108
-103
-99
-103
-102
-102
-105
-101
-108
-104
-102
-101
-95
-101
-102
-99
-103
-105
-98
-94
-90
-79
-72
-57
-36
-2
37
72
91
107
112
110
99
84
64
60
58
64
75
78
66
51
28
14
17
49
73
75
49
4
-45
-73
-82
-82
-88
-95
-106
-117
-116
-117
-121
-120
-121
-119
-114
-118
-116
-114
-116
-115
-120
-120
-124
-120
-123
-121
-116
-122
-127
-124
-128
-127
-125
-125
-127
-130
-132
-137
-140
-140
-140
-140
-140
-142
-144
-147
-146
-150
-154
-151
-149
-148
-153
-152
-150
-154
-156
-155
-156
-150
-150
-149
-150
-152
-152
-151
-149
-149
-144
-138
-141
-138
-136
-132
-132
-123
-118
-116
-109
-104
-106
-108
-108
-102
-100
-96
-95
-94
-98
-97
-97
-97
-99
-100
-99
-96
-97
-100
-100
-104
-107
-108
-103
-103
-105
-104
-104
-106
-110
-112
-111
-114
-109
-112
-110
-110
-113
-110
-114
-116
-113
-109
-108
-107
-108
-111
-107
-112
-107
-106
-107
-107
-107
-107
-108
-106
-109
-103
-102
-104
-102
-100
-96
-99
-103
-104
-101
-102
-99
-97
-99
-102
-102
-101
-102
-95
-89
-87
-79
-76
-73
-74
-72
-67
-63
-55
-53
-51
-56
-60
-67
-73
-74
-75
-76
-79
-79
-82
-86
-88
-91
-97
-101
-107
-109
-107
-109
-113
-116
-115
-116
-113
-112
-114
-108
-113
-111
-115
-112
-110
-108
-107
-106
-103
-104
-107
-104
-104
-100
-89
-77
-61
-34
3
41
78
104
120
122
125
109
86
70
60
55
58
61
60
53
35
11
-1
6
34
60
70
47
5
-37
-69
-80
-87
-92
-100
-113
-119
-121
-117
-117
-115
-118
-119
-121
-119
-122
-119
-116
-118
-116
-119
-120
-119
-121
-121
-121
-118
-119
-120
-126
-124
-127
-130
-128
-130
-129
-127
-130
-133
-134
-140
-138
-141
-136
-139
-143
-136
-144
-146
-149
-145
-148
-145
-143
-145
-147
-148
-149
-146
-148
-144
-141
-139
-141
-140
-142
-138
-136
-133
-134
-125
-123
-122
-124
-116
-115
-107
-108
-104
-100
-93
-90
-95
-90
-94
-92
-91
-87
-87
-86
-91
-88
-93
-94
-95
-95
-94
-96
-90
-94
-96
-96
-101
-98
-96
-97
-100
-93
-94
-99
-100
-102
-101
-99
-97
-95
-96
-97
-102
-103
-101
-103
-99
-94
-90
-90
-88
-92
-92
-92
-94
-89
-88
-84
-87
-89
-90
-90
-89
-89
-86
-79
-81
-82
-84
-82
-85
-85
-83
-80
-75
-68
-62
-62
-59
-55
-57
-50
-48
-46
-38
-33
-36
-31
-32
-40
-40
-40
-41
-42
-45
-52
-52
-60
-61
-63
-67
-71
-71
-74
-79
-84
-87
-89
-87
-82
-82
-82
-81
-82
-84
-84
-83
-82
-81
-80
-79
-77
-78
-79
-79
-74
-76
-69
-64
-56
-45
-28
-1
35
79
128
156
171
182
184
165
139
121
104
98
100
105
104
97
80
55
38
44
74
95
98
73
28
-15
-40
-52
-63
-60
-72
-79
-84
-87
-89
-89
-85
-86
-88
-89
-87
-87
-82
-83
-86
-93
-88
-87
-88
-87
-91
-90
-92
-93
-96
-97
-102
-101
-100
-96
-97
-104
-102
-103
-109
-109
-106
-110
-109
-110
-112
-116
-116
-116
-122
-118
-118
-120
-122
-120
-123
-127
-125
-122
-120
-123
-118
-118
-120
-118
-121
-121
-118
-116
-113
-110
-104
-105
-104
-102
-101
-99
-89
-82
-80
-79
-75
-69
-72
-69
-67
-64
-64
-63
-65
-64
-66
-69
-70
-70
-65
-66
-67
-66
-67
-72
-73
-72
-71
-71
-69
-70
-72
-74
-76
-78
-77
-76
-76
-73
-76
-75
-76
-77
-80
-79
-79
-75
-70
-68
-72
-70
-73
-72
-75
-74
-71
-70
-72
-73
-69
-70
-73
-70
-69
-68
-64
-65
-68
-67
-67
-71
-67
-64
-64
-64
-66
-60
-61
-58
-55
-51
-47
-44
-40
-35
-31
-30
-27
-24
-17
-15
-11
-17
-19
-23
-25
-30
-35
-34
-35
-36
-38
-39
-43
-49
-55
-58
-63
-64
-63
-63
-63
-64
-64
-64
-69
-65
-68
-63
-67
-59
-64
-64
-69
-71
-62
-60
-61
-58
-60
-55
-56
-53
-42
-33
-13
12
50
90
125
142
153
157
155
140
127
114
107
109
107
109
111
99
82
63
59
82
105
118
106
65
21
-18
-38
-41
-43
-48
-62
-72
-78
-80
-82
-76
-75
-70
-72
-75
-77
-79
-76
-73
-73
-75
-73
-71
-77
-77
-82
-82
-83
-81
-82
-81
-85
-85
-89
-86
-91
-94
-92
-91
-95
-97
-99
-103
-102
-103
-103
-109
-103
-106
-108
-110
-116
-118
-114
-112
-112
-112
-110
-114
-112
-116
-115
-116
-112
-112
-111
-108
-107
-108
-107
-102
-98
-95
-88
-89
-86
-84
-78
-80
-71
-69
-65
-63
-60
-60
-59
-61
-62
-66
-63
-56
-59
-59
-64
-60
-67
-68
-64
-67
-64
-68
-66
-66
-71
-74
-76
-79
-73
-70
-73
-72
-75
-73
-79
-77
-75
-78
-72
-70
-73
-73
-72
-77
-76
-73
-73
-76
-66
-71
-72
-73
-73
-75
-71
-71
-70
-71
-66
-66
-72
-72
-71
-73
-73
-72
-67
-68
-69
-71
-71
-73
-73
-71
-68
-62
-61
-54
-52
-50
-47
-42
-37
-33
-30
-24
-24
-20
-23
-27
-30
-32
-35
-36
-39
-43
-46
-52
-54
-53
-54
-56
-57
-64
-71
-75
-74
-79
-76
-75
-73
-73
-73
-74
-77
-76
-75
-75
-74
-69
-68
-67
-70
-71
-69
-69
-67
-68
-58
-53
-46
-33
-14
10
45
87
113
125
136
131
130
114
93
83
80
85
97
101
94
79
57
39
41
63
93
106
93
51
5
-32
-50
-53
-54
-63
-71
-78
-85
-87
-84
-84
-86
-89
-85
-82
-80
-81
-86
-84
-88
-87
-87
-86
-82
-82
-84
-84
-86
-85
-89
-93
-92
-91
-91
-93
-96
-98
-98
-104
-106
-103
-104
-107
-104
-108
-108
-113
-114
-116
-117
-114
-115
-117
-119
-120
-123
-121
-120
-121
-117
-117
-116
-115
-117
-120
-117
-116
-112
-113
-107
-105
-105
-101
-96
-93
-91
-85
-79
-76
-73
-71
-74
-71
-68
-71
-65
-62
-60
-62
-67
-62
-66
-68
-68
-69
-69
-67
-66
-71
-72
-73
-74
-74
-73
-72
-74
-75
-72
-79
-81
-81
-81
-79
-75
-75
-78
-79
-82
-82
-87
-84
-85
-80
-83
-80
-85
-82
-82
-85
-78
-80
-77
-79
-76
-80
-82
-81
-81
-81
-80
-78
-79
-80
-81
-82
-81
-80
-79
-77
-79
-74
-78
-78
-75
-77
-77
-74
-73
-63
-62
-58
-57
-54
-54
-53
-49
-44
-39
-32
-33
-37
-44
-48
-52
-54
-55
-54
-56
-57
-63
-66
-71
-75
-75
-78
-80
-82
-90
-90
-92
-89
-91
-85
-88
-86
-81
-90
-86
-91
-93
-88
-86
-84
-80
-81
-80
-83
-83
-84
-80
-70
-63
-50
-34
-6
32
68
102
125
137
141
133
118
96
80
74
72
72
77
79
71
53
32
28
47
68
87
75
45
-5
-41
-55
-64
-66
-70
-83
-95
-99
-98
-96
-98
-97
-96
-96
-96
-93
-96
-97
-92
-95
-96
-95
-98
-103
-100
-98
-100
-98
-100
-104
-104
-106
-107
-110
-105
-107
-107
-108
-111
-111
-112
-118
-118
-120
-120
-121
-120
-124
-126
-126
-126
-128
-127
-127
-125
-127
-128
-128
-130
-130
-128
-124
-125
-122
-125
-126
-124
-124
-124
-119
-115
-114
-110
-111
-108
-106
-103
-96
-94
-84
-85
-82
-79
-82
-82
-80
-82
-80
-80
-76
-77
-75
-75
-79
-81
-81
-78
-78
-77
-79
-81
-80
-84
-87
-87
-91
-87
-86
-85
-83
-86
-89
-90
-90
-88
-84
-88
-88
-89
-88
-90
-89
-89
-89
-85
-86
-85
-86
-86
-86
-87
-86
-87
-83
-82
-85
-86
-84
-83
-83
-81
-81
-82
-79
-78
-79
-81
-83
-82
-83
-80
-77
-76
-76
-73
-72
-67
-66
-61
-57
-48
-49
-45
-38
-44
-36
-36
-36
-40
-42
-44
-47
-49
-53
-54
-60
-64
-61
-64
-65
-71
-77
-82
-87
-88
-88
-86
-83
-83
-84
-84
-83
-87
-85
-85
-80
-81
-81
-84
-83
-80
-81
-78
-76
-77
-73
-72
-68
-62
-53
-43
-18
14
55
96
134
153
164
164
153
135
114
100
94
95
93
95
89
72
50
32
42
71
91
95
72
25
-17
-45
-55
-56
-58
-62
-75
-83
-81
-90
-88
-89
-85
-87
-82
-81
-86
-87
-86
-88
-84
-84
-89
-87
-84
-86
-91
-90
-92
-90
-91
-88
-90
-93
-92
-96
-100
-102
-103
-103
-100
-100
-103
-105
-109
-111
-109
-111
-109
-107
-110
-111
-112
-115
-119
-119
-118
-114
-112
-114
-115
-114
-114
-117
-118
-116
-112
-106
-103
-102
-105
-104
-105
-99
-95
-89
-84
-84
-83
-79
-75
-75
-71
-67
-69
-64
-61
-64
-62
-63
-66
-61
-62
-63
-63
-64
-66
-67
-71
-70
-69
-70
-70
-72
-67
-71
-72
-72
-74
-73
-73
-70
-66
-73
-71
-73
-76
-78
-77
-74
-73
-69
-73
-73
-74
-73
-70
-72
-69
-71
-70
-66
-69
-71
-69
-70
-74
-67
-65
-63
-67
-65
-69
-72
-70
-66
-62
-64
-64
-63
-64
-67
-68
-65
-63
-59
-56
-52
-47
-46
-45
-42
-40
-36
-29
-25
-20
-22
-18
-22
-24
-28
-31
-29
-32
-35
-35
-40
-44
-47
-48
-50
-52
-56
-61
-64
-66
-73
-73
-74
-71
-69
-68
-67
-71
-68
-73
-69
-70
-70
-69
-63
-63
-66
-68
-68
-70
-67
-61
-59
-55
-48
-34
-22
0
34
76
111
131
141
146
143
131
114
94
93
94
98
103
104
98
80
59
51
68
96
112
104
75
24
-12
-36
-41
-45
-49
-61
-65
-77
-73
-75
-75
-74
-76
-76
-76
-72
-68
-69
-72
-70
-74
-76
-74
-74
-77
-74
-75
-77
-80
-81
-80
-82
-86
-84
-83
-85
-85
-88
-91
-92
-91
-95
-92
-98
-99
-100
-103
-106
-106
-103
-101
-103
-105
-104
-109
-107
-109
-110
-109
-104
-105
-108
-102
-106
-106
-104
-106
-103
-102
-98
-95
-92
-90
-93
-86
-86
-77
-72
-70
-65
-62
-64
-61
-61
-60
-61
-53
-58
-56
-56
-56
-59
-64
-57
-60
-58
-59
-59
-61
-65
-64
-68
-67
-67
-68
-67
-68
-72
-72
-76
-72
-74
-75
-72
-72
-73
-74
-72
-79
-78
-78
-74
-71
-70
-74
-78
-80
-76
-76
-74
-73
-74
-75
-71
-72
-72
-72
-72
-75
-66
-67
-67
-70
-70
-68
-64
-69
-66
-69
-66
-64
-65
-70
-68
-71
-66
-63
-61
-59
-56
-56
-52
-54
-48
-43
-40
-34
-34
-30
-26
-26
-23
-26
-30
-36
-38
-38
-43
-43
-45
-49
-55
-50
-54
-55
-59
-62
-64
-70
-77
-79
-80
-77
-76
-74
-73
-73
-75
-78
-77
-79
-75
-73
-72
-73
-71
-73
-71
-75
-72
-68
-66
-63
-53
-47
-35
-13
13
53
86
106
113
120
119
108
91
78
71
69
79
83
83
77
61
46
35
47
73
92
92
62
15
-20
-43
-49
-53
-53
-63
-75
-82
-78
-85
-86
-85
-82
-83
-82
-81
-82
-82
-80
-83
-83
-82
-83
-82
-77
-82
-83
-84
-87
-88
-90
-92
-91
-91
-90
-91
-96
-93
-95
-99
-100
-100
-97
-104
-101
-106
-105
-109
-112
-113
-109
-111
-112
-113
-111
-113
-116
-111
-110
-110
-109
-112
-112
-110
-111
-108
-106
-105
-103
-100
-101
-99
-99
-96
-92
-88
-83
-81
-77
-72
-71
-71
-70
-68
-67
-60
-60
-61
-61
-62
-68
-67
-64
-63
-63
-62
-64
-67
-67
-68
-72
-71
-69
-72
-69
-68
-70
-74
-76
-77
-80
-77
-79
-78
-78
-80
-79
-83
-83
-79
-79
-79
-79
-81
-81
-79
-79
-77
-79
-79
-78
-76
-79
-82
-81
-80
-86
-82
-77
-76
-79
-75
-78
-79
-78
-79
-80
-76
-74
-73
-75
-73
-79
-80
-77
-76
-72
-70
-68
-64
-61
-58
-61
-58
-52
-48
-44
-38
-34
-32
-39
-43
-46
-50
-49
-52
-51
-56
-57
-61
-64
-68
-68
-70
-69
-73
-79
-80
-85
-88
-88
-87
-86
-82
-85
-85
-86
-87
-86
-87
-85
-84
-82
-83
-84
-79
-87
-85
-85
-82
-77
-73
-61
-54
-40
-18
14
44
73
91
102
101
98
81
63
54
47
48
53
59
61
48
27
12
13
32
58
66
57
27
-17
-51
-63
-66
-69
-73
-82
-90
-93
-94
-99
-97
-98
-97
-97
-98
-94
-95
-91
-93
-100
-98
-98
-96
-94
-92
-95
-97
-99
-100
-103
-101
-99
-101
-103
-104
-103
-107
-108
-109
-113
-112
-114
-112
-114
-116
-118
-123
-121
-120
-121
-121
-119
-117
-125
-124
-120
-124
-124
-120
-115
-119
-116
-115
-118
-113
-114
-111
-112
-107
-111
-105
-108
-98
-98
-97
-94
-94
-86
-83
-82
-78
-80
-74
-79
-75
-72
-71
-70
-73
-71
-73
-75
-72
-76
-74
-72
-74
-73
-74
-75
-80
-78
-74
-78
-79
-78
-81
-82
-84
-81
-85
-80
-79
-80
-78
-81
-85
-84
-86
-84
-87
-85
-80
-81
-83
-81
-85
-82
-78
-82
-85
-82
-77
-83
-81
-81
-83
-82
-82
-81
-79
-77
-80
-78
-81
-79
-78
-78
-75
-78
-77
-77
-78
-80
-79
-77
-72
-66
-60
-58
-57
-57
-52
-52
-48
-44
-40
-40
-42
-48
-47
-53
-50
-54
-56
-54
-54
-61
-60
-63
-68
-73
-74
-74
-78
-81
-81
-81
-81
-84
-86
-80
-82
-80
-80
-83
-83
-82
-84
-80
-78
-80
-78
-77
-79
-80
-74
-79
-73
-70
-60
-47
-26
2
31
63
89
103
111
118
108
92
73
60
53
56
56
57
51
43
23
16
22
47
65
61
41
3
-30
-51
-55
-60
-59
-69
-80
-84
-86
-86
-83
-81
-81
-82
-84
-84
-80
-81
-80
-78
-79
-79
-82
-85
-81
-82
-77
-82
-84
-84
-85
-86
-88
-87
-88
-86
-88
-87
-86
-94
-95
-91
-95
-95
-95
-95
-96
-97
-98
-101
-102
-105
-107
-105
-101
-101
-104
-105
-101
-103
-104
-100
-103
-99
-99
-100
-101
-99
-101
-99
-98
-93
-89
-84
-85
-79
-81
-80
-72
-71
-72
-65
-64
-60
-64
-63
-61
-61
-59
-55
-55
-58
-63
-63
-62
-64
-63
-62
-61
-60
-60
-60
-68
-64
-69
-64
-66
-66
-67
-67
-64
-69
-70
-72
-67
-68
-68
-69
-70
-69
-73
-68
-71
-70
-66
-67
-66
-65
-70
-66
-64
-67
-68
-67
-65
-64
-64
-67
-65
-68
-67
-64
-63
-63
-63
-65
-62
-67
-66
-64
-66
-67
-62
-62
-65
-62
-63
-58
-54
-55
-48
-42
-40
-37
-40
-31
-35
-31
-30
-30
-35
-32
-35
-41
-42
-46
-49
-49
-48
-50
-53
-54
-57
-59
-63
-64
-70
-71
-66
-68
-70
-74
-71
-71
-73
-72
-69
-74
-72
-74
-72
