-359
-355
-356
-356
-358
-361
-359
-362
-362
-365
-362
-360
-365
-363
-363
-366
-363
-362
-366
-364
-364
-371
-371
-372
-372
-364
-363
-353
-349
-340
-319
-303
-284
-267
-256
-245
-240
-235
-235
-235
-234
-234
-248
-275
-295
-311
-320
-333
-335
-344
-353
-353
-346
-342
-346
-351
-350
-360
-360
-360
-354
-358
-361
-364
-366
-362
-357
-351
-350
-349
-349
-345
-335
-326
-308
-272
-203
-122
-36
51
139
200
194
137
66
-61
-189
-317
-445
-573
-701
-699
-617
-533
-472
-441
-423
-415
-411
-410
-411
-417
-422
-429
-427
-430
-434
-433
-437
-441
-446
-449
-445
-451
-449
-454
-456
-463
-460
-458
-459
-457
-457
-455
-451
-451
-454
-446
-448
-439
-430
-425
-408
-400
-387
-372
-357
-337
-321
-308
-298
-294
-291
-288
-287
-289
-284
-283
-287
-284
-282
-285
-288
-292
-291
-291
-292
-296
-301
-301
-301
-299
-297
-302
-297
-300
-303
-303
-298
-302
-297
-295
-287
-285
-279
-268
-253
-237
-222
-202
-190
-177
-178
-177
-175
-175
-169
-172
-184
-208
-234
-250
-261
-267
-279
-291
-297
-291
-285
-279
-282
-292
-298
-305
-305
-298
-293
-300
-304
-306
-312
-314
-307
-301
-302
-300
-295
-292
-288
-269
-242
-190
-112
-23
75
176
262
309
280
217
125
-3
-131
-259
-387
-515
-643
-607
-528
-453
-402
-378
-380
-387
-394
-396
-394
-394
-394
-402
-402
-407
-411
-415
-416
-424
-425
-427
-429
-432
-434
-444
-445
-447
-448
-455
-453
-455
-452
-453
-449
-449
-450
-448
-441
-432
-428
-420
-406
-396
-381
-365
-353
-332
-314
-300
-296
-292
-293
-285
-284
-283
-284
-285
-281
-283
-283
-283
-288
-286
-287
-292
-297
-302
-297
-298
-300
-301
-297
-299
-298
-296
-298
-299
-300
-295
-293
-293
-285
-276
-264
-256
-236
-219
-203
-192
-181
-181
-179
-176
-169
-165
-168
-179
-206
-229
-246
-256
-266
-274
-283
-281
-274
-272
-267
-272
-279
-283
-288
-285
-283
-286
-283
-289
-284
-282
-282
-282
-277
-272
-267
-261
-252
-243
-224
-186
-117
-30
70
169
267
344
354
306
244
126
-2
-130
-258
-386
-514
-586
-512
-434
-372
-335
-318
-317
-312
-314
-315
-315
-321
-324
-322
-331
-333
-334
-338
-343
-343
-344
-347
-350
-353
-351
-352
-356
-355
-360
-356
-354
-355
-354
-355
-351
-346
-346
-342
-336
-330
-319
-304
-290
-279
-259
-245
-235
-217
-209
-195
-190
-182
-175
-172
-168
-172
-178
-183
-180
-179
-181
-178
-177
-183
-177
-180
-181
-180
-182
-182
-183
-184
-180
-180
-176
-179
-182
-186
-189
-184
-181
-177
-166
-153
-139
-122
-107
-92
-72
-61
-53
-53
-53
-56
-53
-56
-64
-84
-109
-127
-139
-146
-148
-156
-160
-165
-161
-157
-155
-162
-170
-173
-174
-171
-170
-169
-173
-175
-175
-172
-169
-169
-166
-161
-158
-154
-149
-139
-119
-68
2
90
182
272
356
409
401
352
296
170
42
-86
-214
-342
-470
-494
-412
-334
-283
-245
-232
-230
-228
-224
-227
-226
-226
-233
-234
-237
-241
-237
-240
-245
-243
-245
-251
-252
-257
-257
-260
-259
-259
-258
-257
-263
-263
-264
-259
-259
-256
-255
-252
-250
-238
-233
-225
-215
-203
-188
-175
-163
-148
-137
-126
-118
-110
-105
-100
-99
-100
-101
-98
-102
-99
-101
-104
-103
-104
-107
-106
-110
-108
-107
-108
-106
-107
-109
-110
-110
-108
-108
-108
-108
-106
-109
-108
-101
-96
-85
-70
-57
-39
-21
-2
10
18
19
26
25
24
23
14
-1
-26
-44
-62
-72
-75
-81
-92
-97
-93
-85
-84
-84
-90
-96
-107
-105
-101
-106
-108
-110
-111
-109
-107
-103
-103
-103
-96
-95
-85
-76
-62
-30
23
108
200
290
372
440
456
416
354
256
128
0
-128
-256
-384
-423
-336
-270
-214
-181
-167
-157
-156
-154
-156
-158
-165
-166
-168
-168
-175
-176
-182
-184
-185
-187
-188
-188
-193
-193
-195
-197
-197
-195
-194
-198
-195
-194
-191
-191
-189
-187
-187
-181
-173
-166
-156
-144
-132
-119
-100
-87
-76
-67
-55
-48
-45
-35
-34
-30
-35
-31
-32
-33
-35
-31
-36
-40
-43
-45
-48
-46
-46
-47
-46
-50
-50
-53
-53
-52
-53
-55
-53
-51
-57
-53
-47
-40
-32
-23
-6
9
29
41
57
65
75
76
78
77
76
70
62
38
14
-5
-16
-27
-33
-43
-47
-49
-46
-41
-38
-42
-47
-52
-56
-55
-52
-54
-60
-65
-58
-56
-58
-55
-50
-48
-46
-45
-44
-33
-16
16
78
161
250
338
421
490
503
456
394
293
165
37
-91
-219
-347
-380
-297
-228
-164
-131
-117
-110
-112
-115
-111
-118
-115
-123
-121
-122
-124
-128
-132
-134
-135
-137
-135
-141
-139
-141
-143
-142
-142
-145
-145
-144
-147
-140
-142
-146
-141
-139
-135
-131
-130
-120
-110
-102
-90
-80
-63
-50
-33
-21
-14
-2
5
6
8
15
14
13
14
17
17
13
14
13
9
7
7
4
9
6
8
7
6
6
4
1
5
-2
0
-4
2
7
19
31
48
64
80
94
109
120
124
130
133
137
136
133
119
90
67
48
39
33
24
15
14
13
17
24
21
17
10
5
6
7
12
7
4
4
1
7
10
8
10
14
14
20
28
38
50
89
155
237
327
409
497
553
545
487
422
295
167
39
-89
-217
-345
-285
-208
-141
-92
-61
-48
-43
-45
-47
-50
-49
-52
-51
-55
-60
-66
-70
-72
-75
-77
-78
-82
-88
-90
-90
-90
-90
-90
-92
-90
-88
-91
-92
-94
-92
-88
-82
-82
-76
-68
-60
-52
-42
-28
-13
-6
6
20
30
44
50
52
59
54
60
59
59
58
57
54
55
53
50
52
53
56
51
47
48
46
50
48
43
41
41
43
43
46
47
48
49
52
58
68
76
96
108
125
143
158
162
165
171
170
171
174
166
149
121
101
82
70
64
55
46
39
43
48
50
47
41
34
29
28
30
31
24
21
21
18
21
22
24
29
35
34
35
43
61
88
138
223
320
419
522
614
654
622
569
476
348
220
92
-36
-164
-292
-253
-182
-122
-82
-60
-55
-50
-50
-51
-52
-54
-60
-64
-63
-72
-72
-75
-79
-83
-86
-89
-89
-97
-99
-101
-103
-103
-101
-99
-102
-107
-107
-113
-117
-108
-102
-96
-96
-85
-83
-78
-68
-60
-48
-33
-20
-3
10
27
38
43
51
55
58
58
60
62
64
59
60
59
56
54
53
54
55
56
56
55
55
53
55
52
47
47
44
45
43
45
49
54
64
73
83
97
109
122
137
154
163
165
165
166
171
178
177
153
124
103
89
85
78
71
63
55
57
58
64
63
57
51
45
45
49
49
45
41
41
42
47
47
45
45
47
55
62
73
88
115
166
250
349
448
553
647
691
666
606
508
380
252
124
-4
-132
-260
-211
-143
-85
-52
-37
-34
-31
-25
-32
-31
-33
-42
-45
-46
-56
-60
-61
-61
-65
-64
-67
-70
-72
-75
-80
-84
-84
-84
-85
-92
-89
-86
-84
-85
-86
-85
-88
-79
-74
-59
-53
-45
-32
-15
1
15
33
48
58
63
68
76
80
79
78
81
77
76
79
81
78
76
72
73
73
73
75
74
72
73
70
75
70
69
66
67
72
69
65
70
74
86
98
114
129
141
154
167
174
179
178
180
179
181
180
165
139
120
105
94
87
80
76
74
75
82
85
83
78
70
64
63
70
74
72
69
65
63
65
66
74
78
78
79
89
103
118
151
206
294
399
502
599
688
718
691
635
538
410
282
154
26
-102
-220
-154
-93
-42
-8
2
9
15
18
11
11
7
8
3
-1
-7
-7
-11
-13
-12
-18
-25
-28
-33
-38
-34
-34
-36
-33
-37
-37
-40
-40
-38
-41
-38
-37
-40
-31
-33
-20
-6
3
21
37
59
76
89
103
117
126
132
133
138
140
143
139
138
138
140
139
136
132
134
129
132
135
128
120
114
115
119
118
117
123
123
122
117
113
114
118
130
134
140
151
174
191
208
222
231
240
250
247
245
247
244
230
206
185
161
149
139
143
140
128
126
131
143
147
144
137
123
124
124
116
110
109
111
114
118
120
114
115
118
120
116
127
138
157
196
261
345
443
554
673
768
789
732
634
506
378
250
122
-6
-134
-188
-128
-66
-12
20
33
28
19
20
23
24
20
9
5
4
-3
-3
-7
-16
-17
-19
-17
-22
-28
-39
-47
-54
-56
-55
-55
-51
-53
-61
-61
-58
-60
-59
-59
-64
-56
-44
-33
-22
-24
-5
14
23
35
47
59
63
73
79
80
77
80
86
82
77
80
81
77
85
84
86
87
82
81
75
71
67
63
65
62
59
64
66
71
71
70
63
62
67
75
92
110
123
142
164
173
177
179
179
181
183
179
173
171
160
133
109
98
80
74
70
69
65
61
58
60
58
56
48
49
51
53
56
48
37
36
38
37
39
45
44
46
50
57
63
67
92
137
212
305
402
508
630
700
683
604
476
348
220
92
-36
-164
-283
-218
-157
-103
-66
-49
-42
-43
-45
-46
-50
-49
-56
-56
-61
-69
-69
-71
-72
-77
-78
-79
-85
-89
-93
-94
-96
-97
-101
-103
-104
-112
-115
-114
-107
-107
-106
-108
-102
-102
-98
-90
-84
-81
-73
-62
-44
-32
-22
-12
0
6
4
11
21
25
22
22
19
17
13
18
20
21
20
14
9
6
2
4
14
15
14
11
3
1
1
1
4
2
6
7
13
25
42
60
74
84
93
99
105
105
109
106
104
98
89
64
41
29
23
10
5
1
-9
-10
-8
-1
-3
-7
-9
-11
-9
-15
-20
-29
-31
-31
-28
-27
-27
-21
-21
-21
-19
-16
-14
-8
3
25
76
147
238
335
460
578
640
612
521
393
265
137
9
-119
-247
-320
-262
-206
-161
-136
-122
-113
-115
-119
-123
-128
-131
-132
-139
-142
-149
-157
-157
-157
-162
-165
-167
-166
-165
-172
-178
-184
-181
-185
-188
-194
-200
-200
-201
-200
-194
-191
-191
-189
-188
-181
-176
-174
-168
-154
-137
-124
-117
-101
-97
-88
-83
-81
-81
-83
-85
-79
-74
-78
-74
-79
-87
-89
-89
-91
-93
-95
-95
-94
-96
-96
-101
-106
-108
-108
-111
-114
-117
-117
-118
-110
-104
-106
-102
-95
-85
-75
-63
-53
-43
-34
-38
-41
-44
-44
-45
-48
-58
-78
-96
-111
-121
-125
-132
-139
-152
-144
-145
-141
-140
-145
-146
-149
-157
-154
-154
-157
-160
-167
-166
-164
-160
-165
-157
-154
-159
-158
-153
-147
-135
-101
-45
31
120
224
339
436
464
410
314
186
58
-70
-198
-326
-454
-417
-362
-308
-266
-236
-231
-230
-224
-228
-228
-234
-236
-236
-237
-238
-243
-245
-243
-246
-251
-255
-257
-258
-266
-269
-272
-275
-270
-272
-271
-275
-274
-272
-270
-275
-274
-271
-274
-270
-267
-267
-260
-251
-241
-230
-216
-201
-195
-187
-174
-165
-162
-160
-161
-161
-158
-159
-159
-161
-163
-156
-157
-162
-161
-161
-163
-162
-167
-165
-171
-171
-172
-166
-168
-176
-177
-180
-182
-181
-177
-170
-169
-158
-139
-127
-112
-98
-91
-91
-87
-84
-85
-83
-79
-86
-100
-115
-134
-147
-155
-163
-167
-174
-175
-174
-171
-163
-160
-164
-172
-177
-171
-168
-173
-176
-179
-181
-179
-181
-179
-176
-174
-175
-173
-165
-163
-156
-141
-104
-42
41
140
253
375
447
436
360
248
120
-8
-136
-264
-392
-420
-363
-310
-269
-246
-236
-229
-229
-229
-232
-231
-237
-248
-253
-253
-253
-248
-241
-241
-251
-252
-257
-262
-265
-267
-267
-269
-268
-266
-272
-272
-275
-275
-273
-271
-270
-272
-275
-262
-260
-259
-252
-253
-242
-232
-216
-206
-199
-191
-186
-186
-188
-183
-182
-183
-185
-187
-186
-192
-195
-201
-200
-208
-213
-204
-208
-211
-220
-223
-225
-222
-232
-231
-237
-238
-244
-246
-250
-254
-252
-255
-254
-255
-251
-244
-241
-235
-233
-234
-233
-228
-236
-238
-241
-247
-248
-257
-278
-296
-308
-315
-323
-331
-340
-349
-351
-348
-349
-353
-360
-367
-374
-379
-382
-382
-383
-393
-399
-399
-397
-401
-402
-404
-408
-412
-418
-419
-418
-413
-398
-368
-322
-272
-212
-131
-73
-83
-145
-218
-319
-423
-502
-540
-553
-549
-538
-522
-503
-494
-489
-491
-492
-492
-497
-497
-500
-502
-502
-504
-510
-510
-510
-511
-513
-514
-512
-515
-517
-520
-515
-515
-517
-517
-520
-520
-522
-523
-527
-522
-527
-524
-525
-527
-535
-530
-531
-534
-533
-532
-528
-532
-532
-535
-538
-539
-546
-548
-544
-549
-547
-551
-553
-552
-552
-553
-554
-553
-557
-558
-558
-553
-555
-556
-551
-551
-550
-554
-556
-552
-553
-553
-552
-557
-556
-557
-556
-562
-559
-557
-554
-555
-551
-548
-550
-547
-548
-544
-544
-544
-540
-537
-540
-544
-543
-547
-553
-553
-554
-553
-556
-553
-550
-547
-546
-545
-541
-542
-541
-539
-541
-545
-545
-547
-547
-544
-545
-550
-548
-551
-550
-548
-548
-548
-549
-544
-544
-544
-544
-539
-533
-519
-509
-506
-519
-535
-547
-553
-559
-558
-556
-555
-557
-554
-551
-547
-544
-540
-536
-537
-535
-534
-538
-533
-537
-537
-534
-538
-537
-534
-533
-536
-536
-533
-536
-530
-533
-534
-532
-533
-535
-529
-531
-532
-531
-529
-530
-528
-524
-523
-522
-523
-522
-524
-520
-522
-519
-519
-522
-522
-524
-523
-525
-523
-528
-524
-520
-520
-519
-515
-515
-516
-515
-516
-520
-515
-515
-514
-511
-513
-516
-513
-512
-513
-514
-513
-512
-514
-514
-511
-513
-516
-512
-513
-512
-513
-511
-509
-508
-511
-508
-507
-506
-507
-507
-503
-500
-498
-496
-494
-494
-496
-497
-499
-498
-496
-493
-494
-493
-489
-489
-486
-487
-489
-489
-491
-492
-488
-491
-489
-490
-490
-492
-489
-488
-492
-488
-489
-486
-488
-486
-484
-484
-484
-477
-478
-475
-464
-452
-457
-471
-487
-491
-495
-495
-498
-492
-490
-489
-485
-479
-478
-475
-477
-472
-477
-473
-471
-471
-470
-468
-467
-469
-467
-471
-467
-468
-467
-471
-470
-468
-468
-467
-471
-464
-466
-460
-457
-458
-457
-456
-457
-461
-461
-454
-457
-449
-452
-456
-455
-460
-451
-456
-456
-456
-455
-456
-458
-454
-457
-456
-457
-454
-458
-461
-457
-457
-454
-458
-454
-452
-456
-452
-449
-450
-448
-449
-449
-452
-451
-449
-453
-450
-451
-451
-453
-455
-450
-452
-453
-451
-452
-450
-450
-446
-448
-448
-441
-442
-443
-439
-439
-436
-440
-441
-441
-445
-446
-443
-444
-444
-439
-435
-432
-435
-426
-422
-423
-427
-428
-427
-432
-434
-431
-431
-430
-430
-428
-429
-432
-435
-435
-433
-429
-426
-424
-423
-424
-418
-414
-408
-400
-388
-372
-377
-384
-401
-419
-428
-431
-437
-432
-433
-427
-425
-420
-418
-415
-413
-409
-409
-408
-407
-406
-405
-404
-403
-405
-406
-405
-405
-401
-400
-403
-402
-399
-399
-402
-403
-404
-406
-404
-405
-400
-401
-400
-401
-397
-398
-398
-394
-397
-397
-396
-396
-400
-395
-398
-396
-393
-399
-394
-392
-391
-393
-395
-393
-389
-391
-390
-387
-385
-384
-383
-383
-385
-385
-384
-385
-382
-378
-381
-380
-376
-376
-378
-379
-382
-384
-383
-379
-383
-386
-384
-381
-381
-380
-378
-378
-378
-377
-376
-382
-379
-375
-374
-370
-369
-368
-369
-371
-374
-373
-372
-374
-374
-374
-373
-372
-370
-369
-368
-369
-364
-365
-361
-364
-370
-368
-365
-366
-364
-363
-365
-366
-366
-367
-368
-367
-369
-367
-368
-366
-362
-359
-348
-339
-324
-298
-277
-276
-301
-311
-326
-342
-356
-370
-374
-364
-362
-359
-355
-358
-355
-355
-356
-354
-356
-356
-356
-351
-355
-355
-357
-354
-353
-354
-356
-352
-354
-355
-352
-354
-353
-352
-351
-353
-352
-352
-352
-354
-352
-352
-352
-353
-347
-346
-348
-348
-348
-350
-348
-348
-350
-351
-349
-345
-343
-344
-345
-342
-338
-338
-337
-338
-335
-333
-333
-332
-331
-330
-327
-333
-336
-333
-332
-333
-331
-329
-330
-331
-330
-331
-331
-331
-328
-328
-327
-327
-329
-327
-325
-324
-323
-322
-317
-317
-316
-314
-311
-311
-308
-303
-304
-302
-304
-300
-301
-306
-309
-308
-311
-311
-310
-308
-312
-310
-308
-307
-308
-306
-308
-310
-302
-308
-307
-304
-302
-303
-306
-306
-302
-305
-304
-306
-299
-301
-300
-297
-300
-293
-277
-258
-235
-201
-150
-117
-121
-159
-192
-233
-272
-294
-306
-312
-308
-308
-300
-292
-286
-291
-284
-288
-288
-288
-286
-290
-288
-289
-288
-292
-289
-291
-290
-292
-292
-292
-293
-292
-289
-291
-287
-288
-288
-288
-287
-285
-284
-283
-288
-287
-293
-283
-283
-282
-282
-280
-281
-277
-272
-274
-267
-265
-263
-262
-260
-256
-254
-255
-251
-252
-251
-248
-250
-249
-246
-251
-249
-249
-251
-243
-249
-246
-243
-241
-242
-248
-243
-247
-244
-245
-245
-246
-241
-241
-243
-241
-241
-244
-236
-235
-230
-226
-220
-216
-210
-205
-204
-204
-203
-196
-199
-198
-201
-212
-217
-221
-222
-225
-220
-221
-226
-226
-224
-223
-219
-224
-227
-224
-223
-220
-220
-222
-226
-227
-228
-227
-228
-222
-218
-220
-221
-220
-222
-219
-216
-198
-169
-129
-88
-39
28
62
38
-9
-70
-147
-208
-248
-268
-272
-268
-260
-248
-235
-231
-227
-224
-226
-226
-227
-228
-225
-228
-233
-231
-227
-227
-230
-223
-226
-227
-228
-226
-229
-231
-232
-233
-236
-233
-234
-234
-235
-235
-233
-240
-236
-231
-229
-232
-233
-231
-232
-228
-227
-219
-215
-208
-208
-202
-203
-196
-194
-192
-192
-192
-190
-193
-187
-191
-188
-186
-188
-188
-188
-185
-185
-183
-184
-186
-184
-188
-185
-191
-186
-188
-188
-187
-187
-189
-189
-186
-182
-183
-179
-175
-170
-162
-159
-152
-148
-142
-132
-137
-134
-131
-135
-136
-144
-155
-164
-166
-166
-172
-173
-171
-174
-174
-172
-170
-170
-171
-174
-176
-176
-175
-174
-180
-178
-180
-179
-179
-177
-174
-172
-172
-174
-175
-175
-168
-154
-128
-89
-37
19
93
165
179
133
73
-12
-113
-190
-228
-243
-242
-232
-217
-202
-195
-187
-184
-180
-182
-184
-187
-189
-188
-188
-192
-192
-194
-195
-190
-190
-192
-196
-195
-196
-198
-195
-199
-198
-199
-199
-202
-203
-204
-204
-200
-203
-205
-202
-200
-198
-196
-197
-192
-190
-184
-180
-175
-171
-161
-158
-156
-158
-157
-157
-151
-152
-155
-152
-155
-155
-155
-154
-159
-157
-163
-157
-156
-155
-160
-161
-158
-163
-161
-158
-163
-165
-158
-158
-159
-159
-161
-157
-153
-153
-146
-141
-135
-126
-123
-119
-112
-114
-111
-112
-110
-112
-112
-129
-139
-149
-152
-154
-161
-161
-161
-156
-158
-159
-158
-162
-164
-167
-167
-158
-160
-162
-165
-162
-163
-163
-165
-162
-162
-160
-159
-156
-153
-148
-136
-102
-50
6
78
164
243
262
217
141
41
-85
-174
-232
-256
-252
-237
-222
-206
-188
-180
-181
-183
-178
-179
-180
-181
-183
-184
-187
-187
-189
-189
-188
-189
-187
-193
-192
-195
-198
-200
-200
-201
-202
-195
-200
-198
-199
-198
-201
-203
-201
-199
-199
-195
-191
-192
-184
-179
-177
-173
-168
-156
-155
-151
-139
-135
-135
-131
-129
-128
-128
-129
-128
-128
-131
-128
-128
-128
-127
-124
-128
-125
-124
-125
-123
-122
-121
-122
-118
-117
-120
-118
-116
-117
-116
-119
-116
-118
-113
-111
-103
-100
-85
-79
-65
-59
-52
-48
-44
-39
-38
-32
-36
-41
-54
-72
-79
-88
-90
-92
-96
-100
-101
-97
-96
-93
-99
-100
-104
-104
-100
-97
-100
-101
-102
-98
-100
-96
-97
-96
-93
-94
-91
-85
-77
-68
-42
11
68
127
200
285
340
325
265
182
59
-69
-176
-227
-236
-218
-190
-163
-136
-118
-106
-104
-103
-104
-104
-111
-107
-106
-106
-108
-110
-114
-114
-115
-115
-115
-117
-113
-116
-114
-116
-114
-119
-116
-111
-112
-115
-116
-111
-107
-111
-108
-108
-109
-103
-97
-90
-88
-80
-73
-68
-58
-45
-42
-32
-32
-22
-23
-24
-21
-18
-20
-21
-17
-18
-24
-23
-23
-26
-22
-19
-24
-22
-25
-24
-25
-24
-24
-23
-22
-25
-21
-24
-22
-23
-25
-19
-17
-17
-9
1
10
19
28
41
49
58
67
69
70
70
73
70
67
54
35
20
9
2
2
-8
-11
-12
-12
-5
-7
-8
-14
-15
-12
-13
-6
-3
-8
-15
-18
-15
-10
-10
-10
-7
-2
1
6
10
15
38
74
132
197
270
351
434
460
417
340
222
94
-34
-162
-224
-205
-166
-121
-85
-47
-33
-20
-16
-20
-22
-20
-21
-29
-25
-23
-27
-32
-34
-34
-36
-37
-37
-38
-40
-37
-40
-40
-40
-39
-40
-42
-43
-41
-44
-39
-38
-41
-35
-34
-31
-28
-24
-13
-9
-3
2
12
21
30
38
45
50
55
57
56
57
62
61
61
60
56
56
55
57
53
51
51
53
53
47
53
52
48
53
50
49
48
53
51
50
51
55
59
72
79
90
98
114
131
143
153
153
157
160
162
161
158
148
126
110
90
88
80
74
70
68
72
72
76
72
70
64
66
61
65
65
63
58
56
57
59
60
62
63
63
62
67
70
79
93
126
174
243
318
399
485
559
560
498
404
276
148
20
-108
-215
-188
-141
-92
-46
-15
4
9
12
10
10
8
6
7
2
4
-1
-5
-8
-11
-9
-6
-11
-13
-15
-25
-28
-27
-21
-26
-28
-29
-29
-35
-31
-30
-29
-29
-24
-26
-23
-19
-11
-7
-3
2
15
27
41
53
62
65
68
76
79
76
77
77
73
75
72
68
65
63
59
61
61
61
56
62
59
62
61
60
58
52
49
52
53
52
56
55
58
63
66
76
85
98
109
123
135
141
146
144
151
156
153
149
137
114
95
81
76
65
61
52
48
48
48
53
52
46
44
40
40
44
41
47
41
43
41
38
43
40
41
46
47
46
52
62
75
99
150
219
298
383
482
575
617
576
485
357
229
101
-27
-155
-220
-172
-125
-77
-34
-15
-12
-8
-9
-7
-9
-6
-8
-9
-13
-20
-21
-25
-30
-32
-32
-36
-37
-37
-41
-44
-46
-48
-51
-54
-59
-54
-58
-63
-58
-57
-52
-51
-51
-49
-50
-45
-36
-32
-24
-12
0
9
21
33
45
52
57
65
65
64
66
67
67
67
63
61
63
59
57
59
54
54
54
54
53
51
47
50
49
49
46
46
47
45
48
45
43
46
49
57
67
77
83
92
107
124
133
141
143
151
150
150
158
155
143
125
102
88
79
73
65
56
49
53
56
61
55
52
50
47
41
44
45
38
33
35
35
32
34
39
41
39
43
52
55
62
78
116
178
258
344
445
553
632
633
565
452
324
196
68
-60
-188
-219
-167
-115
-67
-32
-13
-4
-2
0
0
-2
-1
-4
1
-2
-4
-9
-15
-13
-16
-15
-16
-20
-26
-24
-20
-23
-26
-26
-28
-29
-31
-22
-29
-31
-27
-19
-17
-16
-7
-1
4
9
18
27
43
57
68
77
88
99
100
102
106
106
103
104
102
102
101
101
103
98
97
98
95
92
95
98
94
96
94
96
97
97
98
100
96
98
96
100
100
104
106
115
126
137
149
165
180
193
201
207
211
210
215
218
213
201
185
168
150
136
130
119
116
111
109
117
119
121
116
110
105
104
111
109
107
101
100
100
102
105
107
111
116
115
117
124
129
147
180
243
323
407
504
612
686
689
606
495
367
239
111
-17
-145
-166
-108
-47
8
40
55
56
60
57
57
57
52
51
49
46
43
37
35
36
30
28
27
26
23
25
15
15
15
14
12
10
15
16
15
19
16
15
20
24
30
36
46
51
58
70
85
98
115
125
135
146
152
154
150
154
157
155
153
149
153
149
148
152
152
147
151
147
150
151
150
149
145
147
144
141
142
143
143
143
147
150
159
170
180
192
209
224
239
247
257
265
268
267
270
267
261
234
213
194
179
176
168
164
158
160
163
165
162
160
159
157
158
159
158
157
147
148
148
153
154
157
160
167
166
170
177
187
204
238
302
379
464
552
653
722
708
635
523
395
267
139
11
-117
-152
-86
-22
39
77
100
112
116
116
114
112
110
108
108
106
103
102
100
97
95
92
90
94
90
89
85
88
87
85
84
87
85
94
92
93
100
97
100
104
109
120
127
135
149
158
174
191
203
215
228
235
239
243
247
248
251
252
253
246
246
244
247
247
246
246
244
247
246
247
247
243
248
248
251
249
250
251
252
252
258
262
272
281
293
308
326
345
363
373
383
391
391
397
398
395
380
356
327
308
298
286
280
275
267
262
268
272
275
271
268
261
256
261
265
263
259
257
257
260
260
264
267
270
273
278
283
291
307
343
403
484
564
644
729
805
808
747
658
530
402
274
146
18
-80
-14
61
129
175
202
220
223
223
224
216
214
219
216
213
209
212
206
202
194
193
188
192
191
186
185
184
180
179
179
177
183
176
184
185
187
188
191
195
200
204
210
211
227
235
246
263
276
291
303
306
318
324
328
328
328
326
331
330
324
327
325
324
323
323
323
324
323
318
322
319
320
315
318
315
311
312
315
312
313
314
321
326
336
344
357
374
393
406
429
448
457
467
467
466
468
467
458
439
410
388
368
357
348
341
333
325
324
331
335
335
332
324
318
316
315
316
309
308
304
310
312
313
318
315
322
323
328
333
348
373
428
505
575
652
732
805
833
795
713
589
461
333
205
77
-51
-13
60
131
189
228
250
259
264
265
263
263
265
259
258
255
253
250
247
242
237
239
235
231
230
232
226
224
224
221
220
219
224
222
225
224
224
225
231
233
236
244
253
262
275
289
298
314
327
339
347
357
362
365
363
365
368
362
360
355
358
358
362
363
362
358
352
347
348
354
348
349
346
343
333
331
332
326
325
323
321
323
326
336
341
346
363
377
391
410
420
422
427
430
427
422
416
396
367
333
310
288
275
265
251
242
234
234
243
239
230
224
219
210
210
209
201
194
190
186
188
190
190
184
181
181
181
188
189
206
235
287
365
448
538
635
718
756
721
625
497
369
241
113
-15
-143
-174
-108
-43
6
32
42
46
48
43
38
37
35
29
30
23
22
12
5
2
-2
-14
-8
-16
-24
-31
-32
-35
-38
-41
-47
-52
-57
-58
-60
-59
-62
-56
-55
-52
-46
-43
-31
-29
-18
-3
10
15
34
50
60
67
75
80
81
82
83
81
83
75
73
72
68
72
68
66
69
62
60
59
56
53
50
51
50
48
49
47
47
45
49
53
58
66
73
86
100
118
135
148
162
170
173
176
183
186
183
175
153
126
110
93
82
73
66
65
61
63
63
67
67
58
60
55
58
57
55
52
44
42
42
43
49
48
50
56
55
62
70
85
120
171
257
348
447
553
644
677
633
539
411
283
155
27
-101
-229
-270
-202
-140
-87
-54
-33
-33
-31
-31
-34
-37
-37
-39
-40
-48
-50
-58
-59
-63
-66
-69
-77
-78
-81
-86
-87
-91
-97
-99
-99
-100
-105
-99
-104
-104
-104
-103
-101
-95
-91
-81
-71
-63
-51
-34
-24
-10
4
18
30
40
45
54
57
55
56
53
58
54
57
55
56
49
46
46
45
45
41
42
43
41
42
38
41
39
37
38
35
34
35
41
41
50
61
74
85
101
118
139
155
164
167
169
171
173
177
172
156
129
106
86
73
64
58
54
43
42
47
49
45
39
37
31
35
42
43
33
31
30
30
29
36
37
41
42
46
51
63
78
105
159
235
319
406
505
596
633
590
499
371
243
115
-13
-141
-269
-262
-194
-128
-74
-43
-28
-19
-15
-14
-20
-19
-17
-24
-27
-25
-31
-36
-39
-46
-45
-47
-51
-51
-55
-55
-61
-60
-66
-68
-68
-67
-67
-71
-68
-67
-63
-59
-59
-54
-48
-45
-37
-26
-13
-2
5
24
38
49
63
71
77
82
89
94
93
93
93
89
88
88
91
90
90
88
85
86
85
82
82
80
81
78
79
79
78
82
78
77
79
80
88
94
103
113
120
142
153
177
193
211
220
229
229
231
238
234
227
210
186
163
140
125
120
109
99
94
96
92
102
100
93
90
86
81
85
83
82
78
79
75
79
79
81
84
88
87
92
99
113
140
195
269
346
427
519
597
626
579
498
370
242
114
-14
-142
-270
-244
-170
-107
-46
-18
6
15
14
16
10
10
5
4
0
0
-3
-8
-10
-18
-22
-24
-30
-31
-32
-36
-41
-39
-43
-45
-44
-46
-40
-47
-45
-45
-48
-48
-43
-39
-37
-31
-24
-13
-3
12
22
40
52
60
70
78
82
87
87
90
85
80
81
82
78
77
80
77
78
74
71
69
66
62
64
64
59
56
60
56
52
51
49
50
51
49
49
57
69
78
92
105
121
137
150
162
167
167
170
176
173
165
150
125
95
73
60
44
40
32
25
16
16
20
17
11
8
2
-3
0
3
-1
-8
-14
-12
-7
-10
-13
-12
-13
-8
0
4
13
30
75
145
224
302
393
487
546
543
477
364
236
108
-20
-148
-276
-398
-317
-249
-188
-146
-128
-122
-124
-120
-124
-134
-137
-148
-162
-172
-183
-184
-192
-195
-202
-209
-212
-217
-222
-226
-229
-235
-233
-239
-245
-262
-266
-263
-261
-263
-265
-266
-271
-268
-266
-256
-244
-243
-239
-231
-222
-203
-185
-179
-169
-158
-148
-155
-169
-157
-158
-166
-165
-152
-153
-154
-156
-157
-164
-163
-165
-169
-171
-174
-176
-184
-185
-192
-188
-184
-188
-191
-191
-194
-203
-199
-194
-192
-177
-157
-137
-126
-126
-121
-101
-83
-83
-88
-80
-86
-85
-93
-124
-153
-162
-163
-182
-202
-216
-227
-223
-217
-211
-225
-239
-239
-232
-235
-238
-241
-241
-242
-260
-277
-277
-272
-252
-233
-246
-256
-251
-254
-247
-221
-183
-117
-30
70
189
310
400
398
318
203
75
-53
-181
-309
-437
-565
-575
-515
-458
-408
-388
-388
-388
-370
-361
-378
-400
-405
-393
-396
-404
-409
-408
-415
-415
-415
-429
-435
-441
-452
-470
-473
-471
-473
-469
-467
-481
-473
-460
-465
-478
-482
-477
-485
-477
-473
-467
-453
-429
-414
-416
-417
-409
-384
-345
-329
-323
-332
-333
-334
-341
-346
-345
-339
-335
-335
-328
-335
-336
-345
-358
-343
-333
-338
-340
-349
-352
-359
-368
-369
-364
-359
-356
-354
-361
-373
-371
-358
-350
-328
-297
-281
-279
-279
-270
-253
-246
-252
-258
-252
-256
-276
-297
-309
-335
-342
-346
-357
-366
-371
-368
-370
-377
-371
-373
-371
-379
-387
-387
-382
-381
-388
-392
-388
-378
-375
-385
-387
-385
-383
-377
-369
-357
-335
-299
-227
-120
-6
114
237
330
337
268
153
25
-103
-231
-359
-487
-615
-661
-599
-544
-504
-483
-468
-464
-463
-462
-462
-462
-465
-466
-466
-470
-474
-480
-488
-494
-497
-499
-495
-491
-499
-501
-503
-503
-506
-506
-511
-511
-513
-515
-515
-509
-512
-506
-502
-497
-492
-484
-479
-467
-454
-438
-418
-401
-386
-372
-360
-348
-337
-334
-332
-333
-331
-334
-331
-331
-339
-333
-332
-335
-334
-332
-332
-332
-327
-329
-332
-333
-337
-334
-335
-334
-335
-337
-334
-333
-334
-330
-325
-321
-314
-297
-281
-269
-252
-238
-232
-225
-219
-217
-214
-212
-209
-211
-231
-256
-278
-295
-302
-307
-319
-325
-327
-320
-317
-315
-316
-323
-327
-329
-324
-325
-327
-331
-334
-333
-331
-328
-325
-320
-316
-315
-312
-306
-293
-277
-239
-176
-92
8
121
248
346
371
314
212
84
-44
-172
-300
-428
-556
-603
-540
-474
-424
-392
-379
-372
-372
-372
-373
-374
-373
-384
-382
-379
-379
-385
-384
-391
-390
-393
-395
-394
-393
-394
-397
-396
-403
-405
-405
-402
-402
-401
-399
-395
-390
-390
-388
-386
-378
-368
-359
-348
-337
-323
-309
-290
-278
-261
-243
-237
-234
-227
-227
-223
-223
-225
-223
-222
-223
-218
-222
-216
-222
-224
-225
-227
-231
-231
-228
-224
-224
-224
-225
-226
-227
-224
-220
-221
-221
-220
-217
-207
-200
-190
-175
-163
-147
-129
-112
-103
-98
-90
-92
-89
-86
-89
-95
-110
-138
-157
-169
-176
-187
-195
-197
-197
-197
-194
-191
-195
-201
-206
-206
-203
-195
-195
-200
-203
-204
-201
-200
-194
-192
-190
-186
-175
-169
-161
-149
-123
-66
9
100
190
283
371
412
373
289
164
36
-92
-220
-348
-476
-501
-422
-344
-289
-254
-236
-227
-220
-221
-228
-233
-231
-229
-230
-234
-236
-236
-246
-249
-249
-253
-257
-253
-252
-256
-259
-256
-258
-259
-258
-259
-256
-256
-256
-254
-255
-251
-245
-243
-242
-232
-225
-218
-205
-192
-178
-164
-149
-134
-128
-117
-112
-109
-102
-103
-96
-99
-98
-99
-97
-102
-98
-101
-101
-101
-102
-103
-103
-103
-101
-104
-105
-106
-108
-110
-106
-105
-104
-105
-102
-103
-103
-95
-87
-79
-70
-53
-38
-20
-3
17
24
31
39
38
40
46
46
36
14
-11
-32
-51
-55
-64
-73
-83
-86
-83
-77
-74
-77
-81
-85
-90
-94
-91
-88
-89
-94
-96
-95
-90
-88
-85
-83
-79
-73
-70
-59
-49
-20
42
118
198
283
373
454
484
436
349
221
93
-35
-163
-291
-419
-383
-307
-236
-185
-153
-141
-131
-132
-131
-131
-134
-139
-140
-141
-148
-145
-147
-150
-153
-159
-163
-165
-166
-173
-169
-169
-173
-172
-176
-179
-174
-175
-174
-172
-170
-169
-168
-164
-161
-156
-150
-140
-128
-120
-110
-95
-84
-68
-54
-43
-40
-36
-35
-32
-34
-30
-26
-25
-32
-31
-32
-30
-32
-35
-35
-39
-37
-38
-33
-31
-34
-41
-40
-42
-38
-42
-38
-36
-36
-24
-13
-6
7
28
45
60
70
85
90
91
97
100
93
86
68
39
16
2
-6
-14
-24
-32
-39
-41
-39
-37
-43
-45
-52
-53
-54
-52
-52
-57
-60
-60
-63
-66
-61
-59
-58
-53
-51
-46
-38
-31
-8
32
100
186
275
373
468
533
526
452
339
211
83
-45
-173
-301
-429
-350
-281
-224
-175
-146
-135
-134
-133
-133
-135
-135
-142
-147
-144
-147
-152
-153
-158
-160
-165
-172
-179
-179
-181
-185
-189
-191
-191
-195
-194
-194
-194
-195
-191
-188
-187
-191
-186
-179
-178
-169
-161
-154
-143
-128
-115
-100
-83
-69
-64
-56
-48
-43
-51
-51
-49
-47
-46
-50
-53
-57
-57
-55
-51
-53
-57
-58
-65
-69
-66
-62
-69
-72
-72
-74
-72
-71
-70
-68
-60
-51
-40
-27
-17
0
19
29
39
48
47
48
56
62
60
38
9
-12
-32
-43
-52
-65
-73
-76
-73
-71
-67
-70
-77
-87
-92
-90
-89
-91
-88
-97
-99
-96
-95
-97
-95
-93
-92
-89
-85
-77
-72
-54
-14
52
138
229
328
435
519
530
470
357
229
101
-27
-155
-283
-411
-404
-330
-273
-227
-198
-184
-180
-183
-186
-190
-192
-201
-205
-208
-207
-211
-218
-217
-223
-228
-233
-235
-239
-243
-248
-250
-253
-253
-251
-255
-258
-258
-252
-256
-254
-256
-259
-257
-245
-240
-228
-218
-203
-191
-174
-165
-153
-136
-123
-114
-106
-99
-93
-94
-99
-97
-98
-97
-102
-106
-106
-102
-103
-107
-106
-107
-109
-110
-116
-118
-116
-113
-116
-114
-117
-114
-116
-115
-120
-118
-113
-110
-104
-94
-83
-73
-54
-45
-29
-17
-6
0
2
-1
-3
0
-4
-13
-37
-62
-81
-92
-102
-113
-117
-125
-126
-120
-117
-121
-127
-133
-139
-142
-137
-133
-140
-141
-139
-138
-136
-136
-136
-134
-135
-129
-127
-117
-101
-74
-15
67
160
260
368
468
525
496
412
286
158
30
-98
-226
-354
-468
-392
-319
-268
-235
-216
-212
-209
-207
-206
-209
-213
-213
-212
-218
-219
-224
-223
-227
-226
-231
-233
-236
-235
-238
-244
-245
-247
-250
-247
-254
-252
-254
-248
-246
-247
-245
-242
-235
-229
-222
-215
-206
-196
-184
-167
-145
-131
-115
-103
-93
-87
-87
-86
-81
-84
-84
-84
-86
-88
-91
-85
-81
-83
-89
-85
-87
-87
-83
-86
-79
-84
-89
-86
-88
-87
-87
-87
-83
-82
-72
-61
-54
-39
-27
-8
6
20
31
34
37
41
48
45
39
18
-4
-27
-36
-52
-59
-67
-77
-77
-76
-74
-71
-76
-74
-83
-86
-83
-83
-84
-81
-88
-91
-89
-88
-86
-86
-79
-78
-74
-69
-62
-51
-20
26
99
190
285
381
477
523
486
403
276
148
20
-108
-236
-364
-411
-338
-263
-211
-175
-162
-154
-153
-147
-145
-149
-150
-155
-159
-165
-166
-168
-166
-174
-176
-175
-175
-178
-183
-186
-187
-186
-188
-191
-190
-188
-188
-186
-188
-190
-186
-189
-178
-178
-172
-164
-153
-143
-133
-119
-103
-89
-74
-56
-51
-40
-35
-31
-32
-31
-26
-34
-35
-32
-32
-32
-38
-37
-36
-38
-40
-35
-37
-37
-38
-42
-41
-39
-39
-40
-42
-41
-40
-41
-37
-29
-19
-10
7
25
40
53
67
84
89
93
96
99
95
91
72
52
32
14
0
-12
-19
-24
-33
-32
-32
-32
-31
-37
-44
-46
-41
-41
-39
-44
-49
-51
-53
-48
-44
-43
-41
-35
-38
-32
-25
-12
2
42
107
191
276
370
463
525
514
449
340
212
84
-44
-172
-300
-408
-333
-264
-198
-156
-134
-118
-113
-114
-113
-116
-117
-115
-121
-121
-126
-129
-137
-139
-141
-144
-146
-146
-151
-150
-151
-154
-155
-159
-164
-162
-164
-158
-160
-159
-159
-152
-154
-150
-140
-138
-128
-119
-110
-98
-88
-72
-58
-45
-35
-22
-16
-10
-7
-1
-1
-1
-7
-3
-6
-4
-5
-5
-8
-10
-13
-11
-16
-18
-16
-15
-16
-15
-12
-16
-17
-17
-17
-19
-14
-14
-13
-5
5
14
29
38
58
73
87
105
116
122
123
125
126
123
116
98
77
52
33
26
17
10
1
-2
0
1
3
-1
-5
-4
-9
-14
-14
-10
-12
-11
-16
-13
-13
-12
-8
-6
1
0
7
13
24
52
97
168
255
337
426
508
546
511
425
297
169
41
-87
-215
-343
-318
-245
-177
-123
-88
-71
-61
-62
-62
-64
-67
-66
-68
-72
-76
-77
-78
-82
-88
-88
-91
-96
-98
-101
-104
-105
-104
-105
-109
-107
-104
-110
-107
-110
-103
-100
-94
-95
-90
-86
-81
-72
-57
-43
-30
-18
-3
10
23
33
40
47
50
52
50
56
56
54
52
50
47
45
45
46
47
48
44
40
43
42
44
40
36
38
37
41
37
38
35
36
41
42
47
58
67
82
95
114
131
143
156
161
170
171
174
176
170
164
146
122
97
77
64
56
46
41
35
32
42
38
37
35
26
23
20
22
26
18
22
23
24
25
27
27
25
29
31
35
46
55
84
128
203
278
363
448
531
571
541
466
347
219
91
-37
-165
-293
-324
-247
-179
-121
-84
-53
-47
-43
-43
-49
-50
-51
-52
-61
-63
-69
-70
-68
-78
-76
-83
-87
-88
-92
-93
-101
-103
-102
-104
-105
-108
-112
-114
-114
-109
-104
-107
-109
-108
-101
-88
-87
-81
-74
-56
-46
-30
-16
-3
12
22
27
31
36
35
33
34
28
29
29
31
31
26
22
24
21
19
19
15
12
8
12
12
9
8
5
0
0
3
5
10
16
17
26
37
52
66
79
97
113
118
129
134
140
140
133
131
119
91
69
47
37
26
16
7
-3
-2
0
-2
-1
-5
-9
-15
-20
-24
-25
-24
-31
-26
-28
-25
-24
-32
-30
-26
-20
-16
-7
6
27
69
137
219
306
407
499
558
543
472
349
221
93
-35
-163
-291
-392
-314
-244
-179
-147
-123
-112
-111
-114
-116
-117
-121
-128
-132
-130
-133
-139
-140
-144
-149
-154
-157
-164
-166
-169
-171
-177
-180
-179
-181
-185
-188
-192
-193
-192
-191
-188
-182
-184
-179
-177
-165
-153
-141
-129
-117
-103
-88
-73
-60
-51
-43
-41
-40
-38
-42
-45
-46
-43
-47
-46
-48
-47
-45
-46
-50
-54
-57
-60
-60
-61
-63
-66
-64
-66
-74
-76
-77
-72
-72
-71
-59
-53
-43
-30
-16
-3
15
31
38
45
47
44
50
48
46
25
7
-23
-44
-54
-58
-71
-79
-80
-84
-87
-86
-90
-94
-98
-101
-106
-106
-106
-108
-115
-120
-117
-119
-111
-114
-114
-108
-99
-94
-89
-82
-60
-13
58
144
236
339
441
507
500
432
318
190
62
-66
-194
-322
-450
-419
-338
-275
-228
-208
-200
-200
-204
-205
-205
-206
-208
-217
-214
-221
-226
-232
-233
-240
-247
-247
-249
-254
-255
-262
-265
-262
-266
-267
-270
-273
-273
-276
-276
-282
-276
-268
-266
-261
-256
-246
-236
-226
-219
-204
-187
-170
-155
-142
-134
-125
-119
-110
-105
-106
-109
-114
-116
-115
-116
-121
-122
-123
-121
-116
-122
-125
-124
-125
-128
-128
-132
-129
-129
-131
-136
-133
-137
-138
-132
-136
-128
-119
-103
-90
-75
-59
-45
-36
-24
-19
-12
-8
0
1
-5
-15
-34
-63
-84
-90
-106
-114
-121
-126
-127
-130
-123
-125
-134
-138
-142
-146
-146
-147
-147
-147
-149
-152
-149
-148
-148
-145
-144
-139
-130
-127
-121
-94
-44
28
115
210
314
416
488
487
419
299
171
43
-85
-213
-341
-469
-431
-350
-284
-240
-215
-206
-208
-206
-205
-208
-210
-212
-216
-214
-222
-216
-224
-224
-227
-232
-235
-235
-243
-241
-247
-247
-247
-247
-255
-248
-251
-255
-254
-253
-249
-246
-243
-236
-231
-226
-217
-209
-195
-183
-165
-152
-134
-125
-110
-99
-91
-88
-88
-85
-86
-84
-81
-84
-83
-88
-83
-89
-86
-86
-90
-92
-92
-92
-94
-92
-96
-94
-92
-95
-97
-101
-102
-103
-99
-96
-103
-93
-87
-78
-70
-57
-40
-26
-8
8
18
24
28
35
37
38
33
22
0
-20
-42
-58
-67
-81
-87
-96
-101
-101
-94
-91
-92
-103
-109
-111
-109
-109
-117
-117
-117
-117
-114
-111
-108
-106
-104
-103
-102
-96
-85
-71
-38
19
97
178
266
359
441
463
417
323
195
67
-61
-189
-317
-445
-429
-347
-277
-223
-194
-178
-164
-165
-170
-170
-171
-175
-178
-183
-182
-187
-187
-192
-199
-201
-201
-205
-204
-209
-213
-214
-217
-221
-222
-223
-224
-225
-224
-226
-225
-227
-226
-223
-214
-207
-203
-193
-179
-171
-157
-140
-127
-116
-100
-90
-83
-79
-72
-69
-68
-69
-72
-71
-71
-68
-71
-74
-76
-78
-79
-81
-81
-80
-84
-85
-82
-84
-88
-88
-90
-93
-93
-88
-91
-87
-83
-76
-66
-52
-38
-28
-7
12
27
38
43
43
44
46
47
40
24
0
-23
-40
-53
-62
-66
-80
-85
-84
-81
-83
-85
-91
-101
-102
-103
-100
-104
-108
-115
-111
-109
-109
-106
-100
-100
-98
-99
-96
-87
-75
-52
-5
63
139
226
312
398
445
422
339
211
83
-45
-173
-301
-429
-468
-387
-306
-246
-209
-188
-177
-174
-176
-176
-177
-182
-185
-187
-188
-193
-201
-197
-204
-208
-209
-214
-215
-218
-220
-226
-226
-230
-230
-231
-234
-234
-233
-235
-230
-233
-223
-219
-218
-215
-206
-199
-188
-178
-169
-155
-144
-126
-112
-100
-94
-90
-86
-81
-82
-81
-78
-83
-87
-86
-84
-93
-93
-94
-99
-96
-99
-101
-104
-109
-103
-108
-110
-109
-112
-110
-117
-114
-116
-114
-110
-105
-96
-83
-72
-60
-41
-29
-11
2
5
6
13
12
14
13
3
-22
-47
-73
-89
-98
-108
-116
-124
-133
-131
-131
-131
-134
-139
-149
-153
-150
-149
-148
-159
-157
-160
-153
-152
-147
-148
-146
-146
-146
-139
-128
-112
-77
-15
64
154
244
347
411
423
365
265
137
9
-119
-247
-375
-503
-491
-408
-337
-289
-260
-244
-243
-240
-246
-247
-250
-252
-254
-258
-260
-265
-273
-277
-284
-286
-283
-289
-293
-299
-300
-303
-305
-309
-312
-316
-323
-321
-327
-331
-326
-323
-323
-318
-315
-313
-303
-296
-288
-276
-265
-253
-234
-222
-205
-200
-191
-184
-182
-178
-180
-177
-178
-177
-173
-181
-182
-185
-184
-185
-189
-190
-189
-195
-197
-192
-196
-197
-200
-206
-207
-204
-203
-204
-208
-207
-204
-203
-198
-182
-173
-158
-146
-127
-116
-102
-94
-89
-85
-85
-84
-80
-90
-109
-137
-160
-175
-186
-195
-210
-216
-224
-225
-222
-221
-222
-230
-239
-245
-249
-243
-247
-252
-255
-256
-256
-260
-255
-252
-251
-248
-245
-244
-237
-221
-196
-147
-80
9
103
208
306
365
354
283
161
33
-95
-223
-351
-479
-607
-563
-493
-440
-387
-362
-354
-350
-355
-359
-360
-363
-364
-369
-372
-375
-378
-382
-388
-385
-393
-403
-408
-405
-413
-416
-419
-424
-426
-428
-431
-432
-433
-431
-433
-435
-430
-430
-428
-421
-418
-409
-395
-385
-373
-356
-338
-320
-307
-296
-290
-282
-276
-270
-262
-264
-261
-265
-266
-265
-267
-263
-268
-273
-269
-269
-272
-271
-269
-270
-276
-277
-276
-278
-278
-278
-283
-285
-285
-283
-284
-281
-277
-272
-264
-252
-239
-229
-208
-195
-182
-168
-164
-162
-162
-160
-155
-158
-162
-180
-208
-229
-247
-259
-268
-276
-283
-284
-283
-283
-279
-281
-288
-291
-295
-293
-296
-298
-303
-307
-303
-303
-302
-301
-297
-295
-296
-290
-290
-280
-264
-229
-178
-97
-1
98
205
304
347
316
231
103
-25
-153
-281
-409
-537
-653
-574
-506
-441
-394
-375
-366
-368
-369
-369
-371
-373
-373
-376
-383
-382
-388
-391
-393
-398
-397
-403
-400
-405
-408
-413
-417
-422
-422
-422
-426
-433
-430
-430
-425
-425
-421
-418
-417
-411
-405
-404
-396
-383
-367
-349
-336
-319
-303
-290
-278
-270
-271
-265
-263
-256
-256
-254
-255
-253
-258
-258
-250
-250
-251
-251
-254
-254
-254
-251
-250
-249
-248
-246
-245
-242
-239
-242
-240
-237
-235
-218
-209
-197
-186
-168
-151
-136
-112
-90
-81
-74
-69
-64
-56
-52
-58
-72
-96
-116
-132
-139
-144
-144
-148
-162
-161
-156
-155
-163
-162
-162
-158
-160
-163
-168
-172
-171
-173
-165
-164
-153
-151
-148
-141
-137
-134
-127
-110
-81
-24
48
134
224
323
414
468
442
355
227
99
-29
-157
-285
-413
-492
-412
-339
-285
-245
-231
-221
-218
-219
-215
-213
-219
-227
-231
-227
-228
-234
-238
-239
-241
-246
-248
-253
-253
-256
-258
-260
-266
-271
-270
-268
-272
-273
-267
-269
-268
-265
-256
-257
-253
-247
-241
-230
-215
-203
-186
-163
-146
-131
-115
-105
-100
-102
-99
-95
-95
-91
-93
-95
-96
-94
-95
-99
-100
-103
-95
-94
-98
-100
-104
-106
-107
-107
-108
-109
-108
-109
-109
-106
-100
-105
-98
-92
-82
-72
-53
-36
-22
-7
7
17
24
30
31
32
31
29
13
-5
-28
-52
-70
-82
-90
-96
-99
-100
-96
-94
-96
-97
-107
-108
-111
-105
-108
-110
-109
-113
-112
-113
-114
-109
-104
-101
-97
-95
-85
-75
-56
-16
55
139
225
317
407
467
455
385
257
129
1
-127
-255
-383
-475
-388
-310
-253
-221
-201
-178
-175
-174
-174
-175
-184
-190
-190
-194
-198
-211
-217
-222
-225
-223
-226
-225
-224
-223
-229
-233
-236
-243
-249
-249
-255
-250
-250
-248
-255
-259
-260
-254
-252
-238
-231
-220
-215
-200
-189
-173
-155
-141
