-47
-24
6
50
101
139
151
137
89
22
-30
-55
-68
-76
-80
-81
-84
-84
-84
-89
-91
-88
-91
-90
-95
-93
-94
-101
-99
-99
-100
-104
-105
-104
-107
-110
-112
-109
-113
-113
-117
-115
-120
-118
-117
-118
-118
-115
-112
-110
-109
-108
-103
-103
-99
-92
-89
-86
-84
-84
-76
-74
-71
-70
-70
-69
-63
-66
-64
-67
-67
-63
-65
-66
-68
-71
-72
-74
-74
-72
-76
-73
-74
-77
-74
-68
-69
-70
-71
-71
-69
-67
-63
-69
-69
-72
-72
-70
-72
-71
-69
-71
-71
-76
-78
-73
-70
-73
-76
-73
-74
-74
-72
-73
-74
-72
-72
-68
-69
-68
-68
-64
-61
-53
-46
-40
-16
13
51
99
150
181
196
168
107
32
-22
-50
-61
-68
-71
-73
-78
-77
-77
-76
-79
-78
-79
-83
-80
-84
-86
-87
-89
-87
-89
-91
-95
-96
-96
-98
-102
-101
-103
-106
-108
-108
-110
-109
-107
-113
-113
-114
-109
-105
-106
-103
-99
-90
-92
-88
-85
-76
-71
-68
-66
-64
-59
-62
-57
-55
-58
-53
-56
-58
-56
-50
-57
-53
-55
-60
-60
-62
-68
-64
-64
-65
-66
-66
-61
-62
-60
-58
-61
-62
-56
-59
-55
-59
-57
-61
-60
-62
-62
-65
-64
-62
-67
-70
-65
-65
-68
-67
-67
-69
-71
-66
-67
-71
-69
-67
-65
-64
-64
-63
-62
-58
-52
-42
-37
-21
0
31
66
116
167
201
207
179
111
36
-20
-53
-65
-65
-70
-73
-76
-78
-80
-81
-80
-76
-80
-85
-83
-85
-87
-89
-88
-91
-94
-94
-93
-98
-95
-97
-103
-107
-105
-109
-109
-113
-109
-115
-116
-114
-115
-114
-112
-112
-107
-109
-103
-100
-96
-93
-85
-81
-79
-78
-74
-73
-64
-64
-64
-64
-64
-66
-67
-66
-66
-64
-63
-66
-68
-74
-73
-77
-79
-78
-78
-77
-79
-75
-79
-73
-72
-73
-72
-71
-70
-66
-64
-68
-70
-75
-71
-73
-74
-72
-70
-74
-76
-78
-73
-72
-75
-75
-72
-74
-75
-73
-76
-73
-71
-73
-72
-69
-69
-66
-66
-61
-55
-49
-43
-37
-21
-2
23
51
80
99
97
70
20
-26
-48
-60
-63
-63
-59
-59
-60
-62
-62
-63
-64
-63
-66
-65
-69
-67
-65
-68
-65
-67
-71
-69
-72
-72
-74
-73
-73
-75
-77
-79
-76
-79
-79
-79
-79
-76
-76
-76
-73
-76
-72
-66
-62
-64
-57
-56
-50
-48
-44
-45
-40
-40
-38
-40
-41
-41
-41
-39
-39
-36
-39
-39
-40
-44
-46
-48
-53
-55
-54
-53
-50
-51
-50
-51
-51
-49
-46
-51
-53
-49
-47
-41
-40
-41
-44
-46
-48
-47
-48
-49
-48
-49
-50
-52
-47
-50
-53
-50
-54
-52
-51
-51
-52
-48
-50
-48
-50
-52
-47
-49
-45
-39
-35
-34
-36
-30
-20
-9
11
39
65
81
82
55
11
-21
-44
-50
-49
-51
-53
-51
-55
-55
-55
-56
-57
-62
-61
-62
-64
-69
-65
-68
-70
-70
-70
-73
-72
-76
-74
-82
-81
-82
-85
-92
-90
-94
-95
-95
-97
-97
-95
-92
-99
-92
-94
-92
-88
-85
-85
-84
-76
-76
-76
-71
-68
-64
-64
-64
-64
-59
-61
-62
-61
-61
-64
-61
-67
-68
-72
-73
-78
-75
-78
-77
-84
-77
-79
-77
-75
-75
-71
-72
-74
-71
-71
-65
-64
-72
-72
-72
-71
-70
-74
-72
-73
-73
-72
-73
-72
-72
-73
-74
-78
-77
-77
-80
-79
-78
-76
-77
-76
-77
-70
-71
-69
-64
-58
-55
-42
-22
6
52
100
141
167
164
130
70
8
-32
-51
-59
-64
-66
-64
-67
-72
-71
-73
-74
-76
-76
-77
-77
-77
-79
-79
-86
-85
-84
-83
-83
-87
-85
-88
-87
-88
-92
-90
-93
-92
-97
-98
-94
-99
-96
-94
-97
-95
-91
-90
-88
-84
-76
-74
-70
-65
-64
-62
-56
-53
-50
-53
-52
-47
-47
-43
-46
-45
-40
-40
-45
-46
-50
-50
-54
-53
-54
-59
-58
-60
-59
-56
-51
-51
-54
-53
-53
-50
-51
-51
-48
-49
-53
-56
-52
-57
-58
-53
-55
-54
-54
-54
-52
-55
-56
-63
-61
-60
-59
-60
-64
-62
-64
-62
-61
-60
-56
-58
-55
-50
-46
-36
-23
-4
23
63
107
159
190
197
164
101
31
-19
-43
-55
-59
-64
-64
-68
-70
-72
-74
-78
-78
-81
-81
-83
-84
-86
-88
-85
-87
-91
-92
-93
-95
-95
-98
-101
-97
-100
-99
-96
-104
-103
-101
-107
-106
-104
-106
-101
-103
-102
-99
-94
-89
-87
-82
-80
-74
-70
-72
-64
-61
-60
-58
-52
-50
-54
-51
-51
-49
-48
-50
-47
-55
-49
-52
-54
-60
-58
-59
-59
-61
-58
-60
-56
-57
-54
-55
-56
-51
-53
-54
-53
-53
-59
-60
-60
-58
-61
-61
-63
-62
-61
-63
-62
-60
-62
-64
-66
-64
-64
-63
-64
-62
-62
-66
-64
-66
-63
-63
-61
-64
-51
-41
-28
-10
18
58
105
158
196
211
192
127
49
-11
-43
-55
-58
-63
-65
-69
-71
-71
-74
-77
-77
-76
-77
-81
-82
-84
-81
-87
-88
-87
-90
-93
-97
-96
-98
-99
-97
-104
-106
-108
-109
-111
-107
-111
-112
-113
-108
-114
-112
-114
-111
-109
-103
-100
-97
-96
-92
-86
-87
-87
-80
-79
-77
-78
-75
-74
-72
-74
-73
-77
-73
-73
-74
-75
-76
-80
-81
-76
-80
-80
-79
-78
-78
-76
-75
-72
-74
-72
-70
-71
-69
-70
-73
-76
-82
-81
-76
-76
-79
-77
-81
-78
-79
-80
-78
-80
-81
-84
-81
-77
-77
-72
-77
-73
-73
-77
-76
-70
-72
-70
-68
-59
-58
-55
-42
-27
-3
18
49
76
87
77
32
-11
-51
-67
-70
-70
-69
-72
-67
-72
-69
-67
-68
-71
-72
-71
-70
-73
-74
-74
-79
-77
-77
-80
-76
-85
-81
-85
-83
-84
-84
-84
-86
-86
-89
-85
-89
-88
-89
-84
-84
-83
-76
-75
-73
-72
-63
-62
-62
-59
-60
-56
-53
-54
-51
-50
-51
-53
-54
-54
-52
-48
-53
-51
-49
-50
-51
-55
-58
-57
-55
-53
-55
-55
-53
-52
-51
-52
-49
-52
-49
-51
-51
-49
-51
-52
-55
-56
-57
-61
-59
-55
-57
-59
-60
-57
-59
-59
-59
-61
-61
-58
-57
-58
-60
-53
-51
-52
-52
-48
-46
-45
-48
-47
-41
-36
-41
-30
-19
-2
23
54
79
92
78
45
-4
-36
-51
-58
-57
-57
-59
-61
-64
-65
-62
-64
-67
-64
-66
-67
-69
-68
-70
-76
-77
-74
-74
-84
-84
-86
-84
-88
-92
-98
-97
-99
-101
-97
-103
-104
-103
-110
-106
-109
-107
-103
-102
-97
-93
-89
-86
-81
-77
-75
-74
-70
-68
-66
-64
-68
-65
-64
-64
-62
-60
-62
-64
-65
-68
-68
-74
-76
-77
-77
-78
-72
-73
-70
-68
-69
-64
-65
-61
-60
-56
-56
-60
-62
-65
-67
-69
-66
-66
-67
-69
-69
-71
-71
-68
-68
-72
-69
-68
-72
-71
-68
-74
-69
-68
-69
-67
-65
-66
-64
-62
-57
-53
-47
-42
-30
-6
22
65
114
156
174
171
127
63
4
-37
-51
-57
-60
-64
-65
-68
-69
-72
-74
-74
-74
-80
-77
-79
-81
-81
-81
-81
-80
-80
-86
-88
-89
-93
-90
-95
-91
-96
-98
-97
-100
-100
-104
-101
-102
-98
-103
-104
-100
-96
-95
-89
-84
-84
-80
-72
-73
-63
-60
-54
-52
-56
-52
-52
-52
-52
-52
-53
-51
-52
-54
-54
-56
-61
-64
-64
-64
-68
-68
-63
-61
-65
-64
-61
-60
-58
-56
-53
-56
-59
-58
-56
-59
-64
-64
-64
-63
-63
-64
-64
-62
-63
-66
-63
-61
-63
-67
-66
-68
-68
-69
-70
-68
-65
-65
-62
-64
-63
-63
-54
-47
-37
-23
-2
28
63
115
163
193
198
170
104
33
-17
-47
-58
-60
-63
-69
-70
-73
-74
-76
-79
-80
-78
-81
-82
-83
-87
-85
-88
-88
-86
-88
-87
-89
-92
-92
-91
-98
-93
-93
-97
-100
-100
-101
-101
-101
-101
-102
-101
-102
-96
-93
-91
-88
-82
-77
-76
-71
-64
-66
-60
-56
-54
-53
-49
-48
-49
-49
-51
-50
-48
-47
-46
-48
-48
-50
-53
-57
-56
-54
-56
-55
-54
-53
-51
-52
-51
-48
-45
-46
-49
-50
-49
-54
-57
-56
-55
-55
-55
-57
-54
-56
-56
-52
-57
-58
-56
-58
-58
-61
-60
-64
-62
-64
-63
-64
-64
-62
-60
-60
-58
-56
-50
-40
-32
-14
8
37
77
129
173
203
206
177
105
34
-18
-46
-59
-68
-66
-72
-69
-76
-78
-82
-87
-86
-88
-90
-91
-91
-96
-96
-96
-99
-98
-107
-103
-107
-109
-112
-114
-113
-114
-115
-115
-119
-119
-121
-120
-120
-121
-117
-120
-119
-121
-120
-115
-112
-113
-111
-103
-98
-97
-94
-95
-90
-87
-88
-85
-84
-84
-84
-83
-79
-77
-80
-78
-74
-77
-83
-84
-84
-84
-83
-83
-83
-81
-82
-80
-82
-84
-84
-80
-77
-81
-79
-79
-83
-84
-87
-87
-92
-93
-88
-88
-90
-88
-86
-83
-84
-86
-88
-85
-84
-87
-86
-88
-88
-87
-85
-82
-80
-86
-87
-86
-82
-77
-70
-68
-63
-52
-36
-21
6
32
57
71
58
19
-26
-58
-71
-74
-68
-71
-73
-73
-70
-75
-75
-75
-76
-77
-80
-79
-82
-82
-82
-79
-81
-84
-82
-83
-85
-85
-85
-81
-84
-80
-86
-86
-83
-81
-80
-83
-78
-76
-78
-79
-77
-72
-74
-68
-66
-65
-61
-59
-60
-55
-55
-56
-51
-55
-51
-52
-55
-49
-51
-49
-48
-47
-47
-48
-49
-54
-50
-53
-52
-52
-51
-46
-47
-47
-47
-46
-50
-46
-45
-47
-51
-43
-43
-47
-50
-51
-55
-54
-54
-53
-55
-56
-58
-58
-59
-58
-58
-61
-59
-57
-58
-59
-59
-55
-55
-61
-59
-59
-60
-57
-60
-59
-58
-56
-48
-50
-45
-34
-19
6
42
84
117
126
115
68
12
-33
-62
-68
-70
-72
-74
-75
-75
-77
-79
-79
-85
-87
-88
-91
-91
-98
-96
-98
-102
-105
-106
-109
-108
-112
-111
-113
-115
-120
-123
-125
-127
-126
-128
-125
-129
-132
-129
-128
-126
-124
-120
-121
-119
-115
-110
-111
-106
-99
-98
-96
-94
-89
-89
-86
-86
-84
-84
-84
-83
-83
-85
-84
-84
-87
-88
-90
-91
-90
-86
-88
-86
-86
-80
-79
-79
-77
-73
-73
-74
-73
-74
-78
-74
-82
-83
-83
-80
-80
-83
-83
-81
-82
-80
-84
-83
-85
-85
-82
-84
-86
-85
-85
-85
-81
-80
-78
-79
-76
-76
-75
-70
-64
-61
-55
-39
-18
14
60
106
147
171
168
124
58
-3
-46
-65
-71
-73
-79
-84
-78
-80
-87
-86
-85
-87
-84
-84
-88
-87
-89
-87
-89
-92
-93
-92
-95
-96
-94
-99
-103
-107
-103
-106
-108
-107
-110
-113
-110
-110
-109
-111
-107
-106
-107
-99
-104
-95
-91
-83
-80
-74
-69
-68
-62
-60
-57
-57
-56
-54
-55
-54
-58
-56
-56
-56
-59
-56
-57
-62
-65
-65
-64
-65
-66
-63
-59
-61
-62
-56
-55
-57
-51
-51
-52
-50
-51
-55
-60
-63
-62
-64
-61
-60
-64
-62
-68
-64
-65
-67
-66
-67
-65
-66
-69
-69
-69
-69
-69
-67
-68
-67
-63
-59
-58
-51
-45
-36
-16
8
45
91
139
180
199
187
136
60
-7
-45
-62
-63
-69
-71
-77
-77
-81
-80
-79
-86
-86
-83
-84
-85
-85
-85
-90
-86
-93
-96
-92
-100
-101
-97
-102
-103
-105
-107
-109
-108
-113
-114
-114
-116
-115
-114
-114
-110
-108
-111
-107
-101
-98
-94
-88
-85
-78
-77
-71
-67
-62
-61
-60
-60
-56
-59
-58
-56
-57
-61
-57
-60
-62
-62
-67
-67
-71
-69
-70
-66
-67
-64
-62
-62
-61
-58
-59
-63
-61
-57
-58
-58
-64
-67
-68
-66
-66
-66
-67
-68
-74
-72
-68
-74
-74
-75
-78
-77
-78
-77
-80
-77
-79
-75
-73
-73
-75
-74
-71
-64
-54
-43
-28
-3
26
69
119
165
198
201
159
92
13
-34
-57
-67
-73
-76
-82
-81
-83
-83
-89
-88
-90
-91
-92
-88
-92
-93
-93
-93
-93
-97
-93
-98
-102
-101
-99
-101
-102
-99
-109
-107
-112
-111
-111
-111
-115
-113
-113
-115
-110
-110
-109
-105
-98
-98
-95
-90
-91
-82
-80
-78
-76
-72
-70
-71
-72
-70
-72
-65
-64
-67
-70
-68
-75
-76
-76
-81
-80
-80
-79
-82
-81
-80
-80
-78
-77
-77
-76
-77
-75
-77
-75
-80
-85
-84
-83
-84
-83
-80
-80
-84
-83
-84
-82
-82
-80
-84
-84
-83
-89
-88
-88
-85
-84
-82
-82
-85
-84
-80
-80
-75
-64
-62
-55
-47
-27
-7
23
50
79
90
73
36
-15
-54
-73
-77
-77
-71
-75
-79
-79
-79
-80
-80
-82
-83
-82
-80
-80
-79
-81
-86
-86
-85
-88
-89
-89
-91
-92
-86
-87
-89
-86
-92
-95
-92
-93
-93
-93
-92
-89
-90
-91
-86
-84
-83
-82
-77
-78
-72
-70
-69
-66
-65
-64
-64
-59
-60
-60
-61
-63
-61
-60
-57
-56
-54
-54
-57
-60
-64
-63
-54
-62
-59
-59
-57
-60
-59
-56
-56
-57
-54
-54
-53
-54
-59
-62
-62
-64
-62
-65
-66
-66
-64
-63
-63
-59
-61
-59
-59
-58
-55
-57
-58
-56
-57
-57
-56
-60
-55
-55
-55
-53
-53
-48
-47
-42
-42
-38
-26
-13
9
41
67
82
87
61
17
-23
-42
-51
-52
-53
-51
-57
-57
-58
-62
-63
-63
-67
-69
-71
-71
-74
-77
-74
-79
-77
-80
-82
-88
-89
-88
-90
-94
-97
-98
-98
-103
-99
-98
-97
-105
-102
-105
-105
-104
-101
-97
-100
-97
-93
-93
-87
-87
-79
-80
-79
-75
-71
-69
-69
-68
-69
-67
-66
-69
-67
-64
-64
-68
-71
-69
-71
-73
-74
-72
-75
-71
-70
-72
-73
-72
-66
-66
-69
-67
-68
-70
-70
-73
-76
-74
-77
-79
-77
-83
-77
-74
-75
-79
-77
-81
-80
-77
-81
-77
-77
-75
-75
-77
-78
-76
-72
-76
-76
-72
-68
-64
-59
-54
-39
-17
17
58
110
147
169
157
110
43
-10
-48
-61
-67
-70
-73
-71
-75
-77
-77
-79
-78
-79
-77
-77
-81
-83
-84
-84
-90
-90
-92
-95
-95
-95
-94
-97
-102
-103
-104
-105
-106
-108
-108
-107
-107
-111
-108
-104
-104
-102
-101
-98
-96
-91
-86
-79
-76
-75
-68
-70
-65
-61
-61
-66
-60
-63
-63
-62
-59
-58
-58
-60
-59
-61
-64
-68
-68
-66
-70
-67
-64
-63
-58
-60
-58
-55
-55
-54
-54
-53
-60
-58
-62
-63
-69
-70
-68
-69
-67
-68
-71
-68
-72
-71
-72
-68
-70
-72
-75
-74
-75
-74
-72
-68
-67
-67
-68
-64
-67
-63
-60
-51
-40
-23
-5
24
62
111
159
183
185
157
88
15
-31
-60
-72
-70
-77
-79
-79
-82
-82
-84
-83
-83
-88
-86
-86
-88
-87
-91
-92
-94
-96
-97
-98
-96
-99
-101
-102
-103
-103
-106
-107
-106
-110
-112
-111
-108
-110
-110
-108
-107
-107
-103
-96
-93
-88
-85
-77
-76
-70
-65
-58
-57
-55
-56
-56
-53
-50
-55
-54
-51
-51
-55
-53
-52
-56
-57
-58
-61
-62
-61
-64
-62
-60
-59
-55
-55
-51
-54
-52
-54
-54
-53
-55
-55
-55
-61
-62
-60
-64
-63
-61
-62
-61
-65
-60
-63
-70
-66
-68
-75
-71
-71
-70
-72
-72
-71
-72
-70
-67
-65
-63
-53
-44
-33
-17
3
34
76
124
168
198
200
165
96
20
-31
-55
-64
-66
-71
-78
-78
-80
-83
-85
-81
-87
-92
-88
-89
-91
-94
-89
-86
-93
-94
-95
-95
-95
-101
-101
-106
-104
-108
-109
-111
-111
-114
-115
-114
-114
-118
-112
-115
-113
-113
-109
-106
-102
-101
-95
-89
-86
-81
-75
-72
-69
-63
-67
-66
-60
-62
-65
-60
-59
-62
-60
-61
-64
-64
-71
-76
-76
-75
-75
-76
-78
-75
-74
-75
-74
-71
-74
-72
-73
-72
-72
-75
-73
-77
-80
-82
-81
-82
-79
-84
-87
-89
-90
-84
-88
-91
-92
-90
-91
-94
-95
-92
-93
-95
-91
-93
-92
-92
-94
-88
-89
-79
-65
-58
-45
-21
7
39
74
112
133
131
95
38
-24
-66
-85
-86
-91
-95
-93
-93
-95
-94
-100
-102
-101
-100
-99
-101
-100
-100
-103
-104
-108
-105
-108
-105
-109
-103
-108
-106
-106
-106
-111
-109
-109
-113
-110
-112
-113
-113
-111
-109
-110
-107
-102
-99
-96
-91
-91
-83
-83
-74
-75
-72
-71
-64
-66
-66
-65
-64
-62
-63
-63
-64
-65
-64
-67
-68
-70
-71
-75
-72
-71
-72
-72
-74
-70
-73
-73
-69
-67
-69
-68
-65
-66
-63
-66
-71
-71
-71
-72
-69
-67
-71
-68
-71
-69
-68
-68
-70
-70
-69
-70
-70
-71
-74
-70
-73
-75
-70
-69
-68
-68
-67
-62
-61
-54
-51
-50
-39
-23
0
23
53
80
94
92
53
4
-32
-49
-58
-52
-52
-53
-58
-58
-59
-61
-61
-61
-61
-64
-65
-66
-69
-71
-71
-71
-71
-67
-74
-76
-75
-73
-75
-75
-73
-78
-76
-80
-83
-83
-80
-79
-81
-82
-81
-80
-78
-78
-75
-73
-66
-68
-68
-63
-59
-61
-61
-60
-55
-58
-57
-56
-57
-53
-56
-56
-54
-54
-51
-56
-58
-60
-58
-61
-61
-65
-64
-59
-61
-61
-58
-59
-60
-61
-57
-57
-59
-60
-61
-67
-71
-71
-66
-67
-70
-69
-71
-69
-66
-70
-71
-70
-69
-71
-73
-74
-72
-77
-73
-70
-72
-72
-72
-71
-70
-70
-65
-58
-53
-47
-31
-4
31
78
128
164
171
153
101
33
-18
-49
-58
-64
-71
-74
-74
-75
-79
-80
-82
-84
-83
-84
-90
-93
-89
-90
-91
-95
-93
-96
-95
-98
-99
-102
-99
-98
-105
-107
-108
-104
-101
-104
-105
-103
-107
-106
-101
-99
-99
-96
-94
-88
-83
-82
-77
-78
-71
-64
-61
-59
-56
-55
-54
-54
-52
-52
-53
-50
-51
-55
-52
-51
-51
-54
-55
-57
-59
-56
-56
-59
-53
-57
-53
-50
-53
-53
-51
-54
-53
-51
-52
-58
-57
-59
-59
-62
-62
-61
-62
-62
-63
-62
-64
-65
-64
-61
-60
-61
-60
-58
-61
-61
-62
-61
-61
-60
-57
-60
-52
-44
-36
-32
-13
13
44
94
144
179
197
185
127
52
-5
-38
-54
-59
-66
-67
-68
-72
-70
-73
-75
-77
-79
-79
-80
-83
-85
-88
-89
-92
-93
-93
-94
-99
-100
-96
-103
-99
-103
-103
-101
-106
-105
-112
-109
-111
-108
-106
-107
-100
-104
-103
-96
-92
-89
-84
-77
-72
-72
-69
-66
-62
-59
-61
-58
-61
-55
-59
-59
-56
-56
-58
-55
-53
-59
-64
-66
-66
-66
-62
-62
-66
-66
-62
-59
-58
-56
-57
-58
-66
-61
-59
-56
-60
-63
-66
-68
-64
-63
-66
-65
-67
-64
-64
-66
-67
-65
-70
-72
-67
-70
-71
-68
-69
-68
-64
-64
-64
-65
-63
-64
-57
-53
-46
-34
-16
7
38
82
132
176
199
198
158
86
10
-33
-57
-67
-73
-75
-76
-74
-73
-77
-80
-77
-79
-84
-84
-85
-84
-88
-90
-91
-93
-95
-97
-96
-102
-100
-106
-101
-106
-106
-107
-108
-112
-109
-112
-110
-110
-112
-112
-112
-106
-106
-100
-92
-91
-88
-76
-76
-74
-70
-66
-59
-59
-56
-54
-52
-55
-51
-49
-50
-49
-49
-52
-52
-55
-54
-56
-60
-60
-64
-60
-60
-62
-60
-56
-53
-50
-51
-51
-52
-48
-49
-48
-55
-55
-58
-58
-58
-61
-60
-62
-60
-61
-63
-63
-61
-61
-67
-64
-64
-70
-68
-65
-66
-68
-62
-64
-65
-59
-58
-60
-54
-53
-49
-43
-26
-13
12
46
86
135
188
215
209
172
99
21
-29
-54
-64
-65
-73
-76
-78
-82
-77
-82
-77
-82
-83
-82
-84
-84
-87
-89
-90
-92
-93
-95
-96
-97
-95
-101
-103
-102
-105
-111
-110
-111
-110
-111
-108
-111
-116
-116
-113
-111
-108
-107
-107
-102
-97
-91
-88
-81
-76
-71
-67
-64
-65
-67
-62
-58
-60
-58
-60
-58
-59
-63
-64
-64
-64
-65
-71
-76
-77
-72
-73
-74
-75
-72
-72
-73
-73
-73
-71
-68
-66
-61
-67
-70
-71
-74
-74
-75
-81
-80
-79
-80
-81
-82
-83
-86
-84
-87
-87
-92
-86
-88
-88
-89
-89
-87
-89
-88
-84
-88
-81
-78
-79
-68
-59
-43
-27
1
31
71
112
135
138
103
44
-20
-64
-85
-88
-94
-91
-94
-94
-97
-95
-97
-101
-104
-99
-101
-100
-102
-102
-101
-101
-105
-106
-105
-104
-111
-109
-113
-110
-114
-111
-114
-112
-116
-121
-119
-118
-121
-116
-118
-116
-112
-112
-108
-105
-103
-97
-94
-87
-87
-79
-78
-75
-69
-68
-67
-67
-65
-66
-66
