-141
-139
-140
-137
-142
-141
-138
-138
-133
-128
-128
-125
-122
-112
-103
-84
-58
-31
-2
40
90
147
220
302
381
452
502
494
400
272
144
16
-112
-240
-368
-496
-624
-712
-756
-792
-802
-789
-766
-739
-695
-643
-590
-530
-477
-416
-365
-323
-284
-251
-217
-190
-175
-158
-146
-129
-115
-98
-79
-58
-40
-16
0
19
42
63
82
103
117
130
143
152
162
168
182
193
197
199
201
205
209
200
180
149
119
88
59
36
19
2
-15
-31
-40
-46
-52
-50
-52
-56
-63
-59
-52
-41
-22
-2
18
28
34
31
17
11
3
-12
-32
-64
-97
-119
-126
-136
-139
-144
-143
-139
-139
-139
-139
-140
-147
-148
-154
-160
-167
-173
-180
-184
-185
-183
-176
-166
-156
-149
-143
-137
-123
-102
-73
-36
16
71
124
184
246
313
378
430
448
411
299
171
43
-85
-213
-341
-469
-597
-725
-761
-755
-743
-727
-693
-653
-603
-555
-504
-447
-391
-330
-271
-226
-189
-156
-126
-101
-89
-71
-64
-50
-37
-23
-10
12
32
48
72
98
124
146
167
178
189
205
219
232
238
246
245
254
261
268
272
274
274
272
269
268
266
260
247
233
215
191
177
157
138
122
109
91
77
70
67
66
65
73
83
93
102
107
113
102
87
72
59
45
27
3
-15
-33
-48
-64
-71
-75
-84
-87
-82
-82
-84
-80
-86
-79
-81
-83
-81
-87
-88
-87
-90
-91
-90
-88
-88
-84
-83
-72
-54
-29
2
44
91
155
215
280
357
447
525
599
650
650
579
451
323
195
67
-61
-189
-317
-445
-573
-690
-718
-720
-697
-657
-620
-580
-533
-477
-412
-336
-268
-212
-172
-134
-94
-64
-47
-32
-27
-17
-12
-2
14
27
47
62
84
99
118
136
153
177
196
213
233
249
265
279
296
306
316
323
327
335
338
341
344
337
330
320
305
291
270
252
229
204
178
151
140
125
110
98
87
80
76
78
81
95
107
116
118
114
100
78
63
46
27
-9
-37
-69
-95
-109
-110
-113
-120
-128
-137
-140
-136
-141
-144
-145
-146
-146
-146
-142
-139
-143
-140
-143
-141
-140
-139
-136
-137
-136
-133
-117
-85
-49
-9
42
94
153
225
312
398
477
524
515
423
295
167
39
-89
-217
-345
-473
-601
-727
-758
-782
-792
-781
-757
-728
-692
-656
-620
-581
-536
-487
-444
-417
-385
-354
-330
-319
-317
-313
-300
-285
-269
-255
-236
-219
-195
-177
-152
-129
-108
-90
-66
-49
-23
-1
14
29
37
52
60
70
80
92
97
100
105
104
104
95
96
81
60
39
18
2
-22
-44
-67
-86
-104
-118
-132
-136
-136
-142
-144
-137
-125
-113
-102
-94
-92
-99
-114
-126
-132
-145
-162
-184
-207
-230
-240
-245
-248
-249
-255
-257
-265
-264
-261
-255
-254
-247
-238
-234
-236
-231
-227
-224
-212
-209
-211
-211
-205
-198
-189
-174
-152
-119
-75
-36
19
83
153
234
326
413
487
530
519
429
301
173
45
-83
-211
-339
-467
-595
-723
-763
-784
-789
-777
-757
-737
-707
-670
-625
-585
-534
-487
-445
-419
-380
-340
-305
-278
-260
-246
-228
-208
-186
-169
-146
-125
-106
-81
-58
-39
-15
6
21
33
45
60
77
90
102
110
118
125
133
136
142
145
146
143
137
125
112
99
86
76
55
28
-3
-23
-45
-56
-63
-69
-74
-76
-75
-69
-48
-30
-17
-7
-3
-9
-17
-24
-35
-46
-67
-94
-117
-135
-139
-142
-148
-153
-160
-157
-154
-150
-141
-146
-146
-147
-145
-138
-133
-136
-133
-133
-131
-125
-115
-112
-111
-115
-110
-99
-77
-53
-24
10
58
111
179
252
335
428
508
569
587
528
400
272
144
16
-112
-240
-368
-496
-624
-735
-767
-781
-774
-754
-720
-681
-629
-581
-516
-451
-393
-339
-292
-251
-207
-169
-152
-140
-130
-125
-109
-95
-83
-74
-66
-56
-45
-31
-21
-5
-2
7
22
37
57
65
78
91
102
118
125
137
146
153
160
163
158
154
148
141
130
109
93
77
56
37
19
4
-16
-29
-44
-53
-57
-58
-48
-41
-32
-25
-26
-24
-33
-47
-55
-73
-101
-130
-159
-176
-186
-191
-203
-222
-240
-252
-256
-252
-261
-265
-261
-256
-250
-244
-242
-244
-246
-247
-250
-246
-238
-240
-240
-243
-241
-236
-226
-212
-189
-169
-148
-113
-67
-6
65
133
192
221
187
69
-59
-187
-315
-443
-571
-699
-814
-850
-868
-896
-914
-916
-904
-868
-822
-760
-690
-618
-556
-489
-430
-370
-307
-259
-215
-188
-175
-170
-167
-153
-119
-93
-84
-89
-89
-72
-32
16
56
67
51
33
33
54
69
85
93
101
114
125
138
147
159
165
165
163
166
166
159
148
136
121
110
102
87
72
46
11
-26
-54
-78
-96
-117
-119
-111
-96
-82
-72
-61
-48
-46
-51
-64
-73
-79
-89
-112
-138
-163
-180
-192
-200
-208
-213
-220
-225
-233
-240
-244
-247
-251
-263
-273
-283
-303
-318
-339
-360
-377
-377
-370
-358
-344
-330
-314
-289
-259
-222
-174
-116
-56
5
62
119
173
226
266
281
245
130
2
-126
-254
-382
-510
-638
-766
-854
-869
-877
-869
-848
-811
-761
-703
-641
-578
-516
-462
-396
-336
-283
-247
-218
-184
-149
-125
-117
-102
-93
-77
-57
-35
-12
12
33
51
70
86
102
117
133
150
163
179
191
202
214
219
226
226
225
220
213
203
196
183
170
157
137
117
98
73
57
39
17
0
-21
-36
-46
-53
-62
-68
-75
-75
-64
-55
-50
-48
-55
-58
-71
-78
-91
-100
-116
-146
-172
-192
-207
-216
-221
-228
-237
-239
-239
-241
-240
-243
-243
-253
-255
-256
-251
-259
-267
-272
-273
-277
-277
-280
-280
-279
-276
-271
-254
-225
-182
-146
-108
-64
-16
27
85
145
196
230
223
139
11
-117
-245
-373
-501
-629
-757
-866
-872
-867
-855
-835
-801
-765
-729
-673
-609
-550
-501
-453
-413
-369
-330
-294
-258
-229
-215
-198
-172
-146
