-43
-43
-50
-46
-38
-42
-43
-46
-38
-34
-30
-39
-50
-59
-54
-54
-55
-57
-56
-50
-39
-37
-39
-53
-64
-57
-51
-48
-46
-54
-59
-55
-45
-35
-36
-34
-35
-29
-25
-33
-31
-22
-21
-35
-47
-52
-52
-54
-57
-61
-61
-56
-50
-45
-43
-46
-41
-43
-52
-64
-69
-58
-54
-64
-65
-68
-59
-53
-47
-56
-64
-59
-53
-55
-59
-61
-59
-48
-44
-50
-56
-40
-20
-7
-4
3
11
26
31
29
18
9
6
-4
-20
-43
-74
-101
-103
-96
-87
-84
-77
-72
-68
-65
-58
-63
-66
-63
-62
-60
-59
-64
-69
-73
-68
-66
-63
-60
-58
-56
-59
-55
-62
-63
-54
-63
-65
-64
-62
-63
-58
-61
-66
-63
-51
-40
-51
-77
-77
-69
-64
-65
-64
-63
-53
-51
-46
-49
-52
-52
-54
-53
-53
-51
-49
-48
-47
-49
-41
-29
-37
-53
-53
-53
-53
-51
-42
-34
-32
-45
-55
-60
-53
-54
-53
-55
-53
-53
-58
-53
-54
-49
-47
-46
-40
-35
-32
-36
-40
-46
-41
-36
-37
-32
-31
-40
-41
-39
-44
-51
-44
-41
-47
-55
-64
-54
-51
-54
-51
-52
-52
-47
-44
-56
-69
-71
-62
-61
-67
-61
-66
-69
-64
-61
-53
-48
-55
-58
-65
-66
-61
-58
-55
-48
-26
-6
5
4
4
11
28
27
6
-3
-7
-12
-30
-60
-87
-98
-101
-98
-92
-81
-79
-78
-70
-68
-68
-63
-58
-61
-62
-72
-73
-75
-76
-74
-76
-76
-75
-70
-72
-78
-79
-76
-68
-66
-63
-58
-68
-83
-87
-79
-76
-74
-76
-73
-68
-66
-65
-73
-80
-79
-78
-70
-65
-68
-74
-79
-79
-73
-67
-62
-65
-63
-62
-56
-45
-42
-55
-60
-64
-61
-62
-61
-62
-62
-62
-64
-60
-55
-54
-64
-72
-62
-64
-70
-69
-64
-63
-66
-72
-68
-61
-60
-58
-57
-59
-54
-50
-47
-43
-43
-39
-45
-46
-48
-50
-49
-44
-42
-43
-48
-53
-62
-68
-65
-60
-64
-65
-61
-57
-60
-63
-66
-64
-71
-64
-60
-57
-55
-48
-60
-69
-67
-68
-61
-54
-57
-68
-71
-62
-58
-46
-48
-42
-30
-10
3
13
24
38
65
78
68
60
58
43
21
2
-19
-35
-56
-64
-58
-41
-37
-35
-42
-49
-43
-41
-56
-77
-88
-94
-91
-82
-78
-75
-75
-75
-74
-69
-74
-81
-84
-82
-81
-84
-88
-90
-86
-79
-79
-84
-92
-101
-103
-106
-105
-100
-102
-105
-106
-100
-91
-91
-93
-96
-92
-91
-93
-93
-87
-84
-76
-74
-75
-82
-78
-71
-67
-70
-72
-73
-76
-76
-75
-75
-76
-74
-70
-72
-74
-72
-69
-70
-67
-75
-80
-77
-74
-76
-66
-67
-71
-61
-46
-47
-61
-69
-67
-59
-50
-37
-27
-40
-57
-63
-56
-52
-58
-55
-57
-56
-59
-63
-60
-62
-64
-63
-62
-63
-69
-83
-81
-77
-80
-78
-75
-70
-74
-77
-75
-70
-70
-74
-80
-85
-88
-82
-82
-76
-73
-82
-78
-75
-66
-58
-43
-29
-18
-15
-1
5
8
2
-5
-12
-30
-48
-61
-75
-88
-106
-116
-114
-109
-101
-88
-78
-74
-69
-77
-87
-87
-86
-87
-94
-92
-78
-79
-78
-77
-75
-81
-82
-81
-80
-80
-81
-81
-79
-82
-85
-87
-87
-89
-83
-78
-82
-85
-74
-80
-89
-90
-84
-79
-75
-80
-84
-83
-79
-73
-71
-77
-74
-69
-63
-52
-48
-60
-74
-71
-69
-68
-69
-67
-63
-62
-61
-56
-57
-58
-55
-63
-67
-68
-70
-68
-68
-65
-68
-69
-67
-67
-66
-60
-60
-63
-60
-55
-53
-56
-54
-49
-52
-48
-43
-37
-45
-48
-43
-47
-45
-50
-57
-56
-56
-55
-58
-60
-62
-60
-60
-62
-59
-59
-54
-62
-77
-82
-84
-80
-86
-81
-77
-82
-86
-88
-84
-78
-75
-72
-77
-84
-81
-83
-83
-78
-71
-69
-63
-54
-46
-37
-29
-17
3
10
3
-16
-35
-41
-49
-63
-76
-98
-113
-115
-113
-96
-92
-98
-96
-89
-79
-77
-79
-82
-77
-77
-76
-79
-79
-77
-76
-71
-76
-86
-96
-102
-96
-89
-85
-85
-82
-84
-86
-89
-84
-79
-82
-83
-81
-78
-74
-78
-87
-92
-95
-92
-88
-85
-82
-81
-85
-81
-81
-87
-82
-73
-69
-74
-75
-71
-73
-80
-78
-74
-71
-68
-71
-74
-76
-76
-66
-60
-69
-81
-80
-72
-64
-73
-76
-74
-70
-71
-83
-86
-83
-79
-77
-72
-67
-69
-77
-75
-64
-63
-62
-60
-61
-60
-59
-55
-55
-55
-60
-66
-55
-56
-63
-73
-74
-66
-56
-61
-68
-74
-80
-84
-82
-82
-74
-67
-66
-74
-80
-85
-83
-81
-76
-74
-78
-86
-90
-86
-79
-78
-80
-76
-71
-74
-79
-76
-67
-51
-34
-24
-22
-14
-11
-12
-14
-17
-28
-41
-50
-67
-79
-90
-102
-113
-114
-107
-94
-94
-85
-72
-73
-83
-94
-93
-92
-86
-85
-74
-74
-75
-77
-80
-75
-77
-73
-80
-80
-78
-73
-74
-87
-93
-91
-87
-79
-74
-71
-72
-83
-82
-82
-82
-70
-71
-82
-80
-71
-68
-67
-77
-84
-86
-78
-74
-71
-67
-66
-70
-75
-73
-68
-59
-57
-57
-52
-57
-57
-61
-55
-54
-58
-65
-68
-68
-64
-72
-78
-76
-65
-68
-70
-70
-74
-68
-63
-63
-54
-48
-57
-64
-63
-55
-58
-64
-62
-53
-49
-49
-43
-48
-45
-48
-52
-55
-55
-51
-50
-52
-51
-50
-55
-58
-72
-75
-71
-60
-58
-63
-64
-67
-69
-70
-69
-65
-64
-71
-70
-72
-74
-70
-80
-77
-70
-68
-68
-68
-68
-64
-64
-64
-60
-46
-25
-14
-3
-2
-1
6
15
1
-12
-17
-20
-45
-69
-89
-108
-119
-115
-105
-91
-84
-82
-82
-80
-75
-69
-73
-82
-84
-75
-74
-79
-85
-82
-72
-71
-75
-78
-74
-74
-74
-75
-80
-87
-86
-78
-72
-69
-70
-76
-76
-76
-78
-82
-85
-81
-75
-75
-78
-74
-76
-87
-81
-74
-65
-60
-75
-76
-70
-72
-73
-64
-60
-59
-62
-70
-65
-68
-60
-50
-48
-47
-58
-63
-62
-61
-67
-69
-64
-72
-79
-76
-66
-59
-60
-67
-69
-61
-61
-69
-76
-71
-66
-64
-61
-57
-52
-58
-56
-53
-47
-47
-50
-48
-45
-44
-47
-48
-49
-48
-45
-47
-47
-49
-54
-64
-69
-65
-65
-59
-57
-64
-66
-63
-67
-76
-68
-63
-58
-61
-62
-68
-70
-72
-64
-56
-59
-71
-70
-69
-69
-73
-69
-61
-57
-47
-37
-17
-7
8
10
15
23
23
0
-15
-20
-25
-37
-53
-77
-95
-104
-101
-90
-86
-84
-83
-71
-64
-65
-71
-78
-78
-76
-71
-78
-81
-80
-78
-70
-60
-54
-62
-70
-83
-82
-76
-72
-78
-82
-83
-75
-66
-64
-68
-73
-74
-75
-81
-76
-73
-70
-62
-65
-64
-71
-81
-84
-80
-73
-66
-60
-58
-65
-72
-74
-65
-55
-54
-54
-56
-52
-60
-64
-62
-46
-41
-49
-65
-71
-64
-64
-64
-63
-64
-69
-74
-66
-63
-59
-60
-60
-63
-71
-70
-66
-59
-58
-57
-53
-53
-52
-55
-59
-57
-49
-46
-40
-47
-49
-47
-46
-48
-48
-56
-60
-57
-55
-57
-55
-56
-51
-49
-58
-60
-56
-59
-71
-83
-79
-70
-70
-69
-68
-66
-65
-71
-68
-66
-61
-62
-63
-65
-63
-67
-57
-56
-67
-74
-70
-52
-32
-24
-17
-9
-2
2
19
19
10
3
-7
-17
-37
-60
-85
-99
-103
-101
-90
-89
-86
-83
-84
-80
-79
-77
-76
-70
-76
-78
-75
-71
-63
-55
-60
-68
-86
-85
-83
-74
-78
-75
-74
-80
-75
-71
-70
-78
-76
-70
-69
-71
-70
-76
-80
-79
-77
-74
-71
-69
-62
-69
-67
-68
-69
-62
-58
-70
-70
-70
-66
-63
-56
-52
-52
-52
-60
-60
-56
-56
-48
-41
-45
-62
-73
-73
-65
-58
-53
-52
-57
-59
-63
-56
-57
-55
-53
-52
-55
-56
-48
-53
-51
-65
-75
-64
-57
-59
-58
-55
-50
-53
-65
-66
-64
-65
-58
-53
-49
-47
-55
-59
-61
-53
-56
-55
-58
-60
-60
-62
-69
-66
-64
-63
-62
-58
-63
-66
-66
-68
-64
-56
-50
-46
-51
-61
-62
-64
-58
-38
-19
-7
-3
-1
11
24
31
12
-3
-13
-18
-27
-43
-58
-79
-88
-89
-85
-85
-77
-74
-77
-75
-70
-76
-79
-81
-74
-69
-73
-75
-72
-74
-71
-68
-69
-63
-60
-64
-71
-70
-61
-59
-62
-77
-79
-82
-80
-74
-71
-72
-76
-76
-72
-69
-69
-72
-66
-72
-69
-67
-58
-58
-57
-57
-64
-68
-68
-57
-51
-43
-43
-44
-41
-42
-40
-38
-44
-41
-29
-34
-49
-51
-47
-46
-43
-44
-52
-57
-54
-52
-47
-49
-53
-59
-58
-53
-47
-51
-61
-58
-46
-48
-48
-57
-63
-59
-52
-50
-58
-55
-48
-47
-46
-53
-56
-64
-71
-66
-66
-63
-68
-74
-78
-72
-66
-67
-68
-63
-61
-62
-68
-73
-69
-66
-65
-76
-86
-75
-68
-68
-77
-73
-71
-73
-66
-55
-55
-57
-59
-66
-64
-58
-55
-49
-50
-56
-55
-36
-23
-14
-9
-2
3
12
27
36
18
0
-15
-37
-58
-69
-81
-95
-103
-106
-95
-91
-74
-66
-60
-60
-68
-73
-75
-66
-64
-67
-71
-68
-63
-69
-72
-70
-66
-62
-64
-69
-71
-70
-72
-71
-67
-67
-72
-76
-77
-73
-69
-72
-76
-76
-75
-75
-74
-72
-68
-72
-75
-80
-73
-73
-72
-70
-62
-54
-56
-59
-59
-56
-54
-56
-62
-65
-61
-60
-59
-61
-55
-52
-50
-48
-45
-51
-62
-58
-55
-65
-65
-61
-62
-67
-77
-72
-69
-72
-64
-67
-68
-60
-55
-56
-50
-33
-29
-44
-63
-69
-64
-51
-44
-39
-40
-46
-53
-52
-49
-44
-41
-51
-55
-56
-63
-61
-63
-59
-55
-55
-64
-70
-67
-62
-66
-63
-65
-69
-73
-69
-69
-66
-68
-62
-57
-60
-60
-58
-61
-62
-66
-68
-66
-60
-52
-50
-46
-36
-30
-15
-6
-3
-2
6
1
-12
-23
-30
-37
-52
-69
-88
-101
-105
-103
-98
-91
-85
-74
-76
-70
-72
-76
-80
-79
-82
-86
-84
-81
-76
-78
-77
-84
-91
-95
-95
-91
-88
-85
-84
-83
-78
-72
-75
-76
-77
-75
-75
-71
-72
-69
-72
-70
-69
-69
-71
-67
-70
-72
-67
-68
-71
-68
-68
-64
-64
-63
-61
-59
-56
-59
-56
-56
-58
-56
-56
-57
-53
-54
-54
-61
-61
-59
-60
-60
-60
-63
-58
-61
-61
-58
-58
-61
-62
-60
-59
-57
-52
-55
-54
-57
-54
-45
-45
-45
-38
-43
-38
-36
-35
-37
-39
-39
-36
-40
-40
-45
-42
-46
-48
-48
-52
-52
-48
-50
-52
-55
-55
-56
-56
-55
-60
-56
-58
-59
-60
-56
-59
-57
-59
-60
-62
-62
-61
-60
-58
-62
-62
-61
-59
-59
-55
-54
-40
-24
-14
-4
-1
5
12
12
3
-16
-28
-36
-49
-68
-84
-92
-96
-98
-91
-86
-85
-79
-70
-71
-67
-68
-65
-69
-66
-66
-65
-68
-64
-68
-69
-72
-63
-64
-64
-67
-67
-69
-69
-68
-72
-72
-69
-68
-66
-64
-64
-66
-64
-68
-67
-66
-66
-65
-65
-66
-66
-63
-62
-65
-63
-65
-62
-59
-59
-58
-59
-56
-55
-56
-55
-52
-55
-52
-53
-51
-56
-53
-54
-54
-53
-57
-55
-57
-63
-57
-56
-56
-57
-61
-60
-56
-59
-57
-56
-54
-53
-50
-54
-52
-51
-46
-45
-46
-42
-42
-38
-38
-35
-38
-36
-37
-40
-43
-45
-42
-45
-46
-48
-51
-53
-49
-51
-54
-53
-57
-53
-56
-57
-59
-61
-61
-60
-61
-60
-59
-60
-60
-58
-59
-59
-65
-64
-57
-57
-63
-58
-57
-60
-57
-52
-42
-28
-16
-6
-4
4
13
13
5
-10
-27
-37
-46
-59
-71
-85
-94
-99
-91
-84
-81
-78
-70
-67
-61
-64
-67
-64
-62
-67
-66
-67
-67
-63
-63
-60
-61
-58
-53
-57
-62
-61
-62
-58
-62
-68
-72
-68
-70
-66
-64
-61
-60
-56
-60
-58
-63
-62
-62
-59
-60
-57
-57
-56
-59
-56
-58
-52
-54
-55
-51
-52
-47
-47
-44
-39
-39
-42
-45
-48
-49
-47
-46
-48
-47
-50
-51
-50
-48
-45
-46
-50
-50
-53
-55
-54
-52
-49
-48
-48
-48
-46
-46
-44
-50
-49
-42
-39
-39
-40
-36
-33
-31
-31
-28
-34
-33
-34
-36
-35
-34
-37
-40
-45
-41
-46
-45
-47
-46
-49
-48
-53
-48
-51
-55
-57
-57
-57
-53
-54
-51
-52
-53
-57
-52
-53
-52
-54
-53
-54
-52
-53
-52
-53
-52
-45
-36
-27
-14
-2
4
10
12
21
25
10
-9
-25
-30
-45
-57
-71
-84
-90
-91
-83
-77
-76
-70
-65
-64
-63
-60
-63
-60
-57
-58
-60
-58
-58
-62
-56
-60
-61
-60
-60
-63
-58
-63
-58
-60
-63
-60
-59
-64
-58
-56
-56
-58
-60
-61
-59
-62
-59
-60
-59
-58
-57
-59
-54
-54
-56
-58
-58
-54
-57
-55
-49
-49
-48
-50
-43
-45
-43
-40
-45
-46
-45
-45
-43
-45
-47
-50
-45
-50
-51
-50
-50
-48
-52
-48
-46
-52
-55
-49
-51
-51
-50
-47
-49
-47
-47
-47
-49
-45
-39
-38
-37
-33
-35
-32
-32
-30
-32
-37
-34
-40
-38
-39
-41
-42
-40
-42
-40
-47
-45
-45
-47
-46
-52
-47
-51
-50
-50
-54
-53
-54
-50
-49
-50
-51
-51
-48
-49
-52
-48
-48
-51
-50
-48
-45
-50
-51
-48
-49
-46
-32
-20
-9
3
12
17
21
29
20
2
-10
-16
-30
-44
-56
-74
-85
-88
-86
-77
-73
-65
-62
-57
-54
-57
-58
-54
-57
-57
-58
-56
-59
-56
-58
-54
-56
-56
-57
-57
-57
-60
-61
-54
-60
-57
-57
-61
-58
-58
-57
-55
-56
-58
-55
-57
-58
-59
-59
-56
-54
-54
-57
-53
-53
-51
-54
-50
-52
-49
-49
-47
-43
-43
-43
-42
-45
-40
-43
-42
-42
-42
-45
-46
-47
-50
-47
-48
-49
-50
-52
-52
-53
-48
-47
-52
-51
-50
-50
-51
-52
-50
-48
-49
-50
-47
-46
-45
-42
-42
-37
-36
-34
-32
-34
-33
-35
-38
-37
-35
-42
-42
-41
-42
-46
-46
-47
-49
-46
-51
-50
-50
-52
-54
-56
-59
-59
-59
-57
-57
-53
-55
-55
-57
-56
-58
-54
-56
-58
-63
-60
-57
-63
-55
-59
-57
-55
-52
-48
-32
-19
-5
4
8
9
18
18
3
-11
-26
-34
-52
-67
-82
-93
-96
-94
-90
-83
-74
-70
-68
-63
-63
-60
-63
-61
-64
-62
-57
