-78
-83
-90
-96
-100
-106
-118
-117
-116
-117
-118
-119
-123
-123
-122
-117
-122
-128
-127
-120
-126
-128
-128
-127
-120
-100
-74
-41
-6
20
51
82
111
143
163
167
139
76
50
31
-34
-111
-191
-266
-293
-284
-274
-271
-261
-246
-234
-224
-213
-207
-198
-195
-182
-180
-174
-176
-175
-174
-178
-177
-175
-178
-181
-178
-177
-179
-177
-176
-174
-172
-173
-175
-171
-167
-164
-164
-159
-156
-156
-152
-150
-146
-144
-140
-141
-134
-127
-123
-122
-123
-118
-117
-120
-119
-126
-124
-128
-128
-131
-135
-139
-136
-141
-142
-138
-139
-144
-144
-146
-145
-142
-141
-136
-130
-119
-117
-121
-112
-109
-99
-94
-86
-89
-89
-91
-91
-82
-87
-96
-102
-106
-116
-119
-127
-127
-137
-144
-148
-149
-152
-157
-155
-155
-148
-154
-157
-148
-156
-154
-150
-153
-151
-153
-158
-155
-142
-113
-76
-42
-11
18
51
88
122
145
166
165
110
41
29
-20
-117
-196
-279
-337
-330
-323
-314
-303
-292
-277
-265
-254
-245
-239
-226
-222
-216
-205
-206
-210
-207
-205
-207
-209
-208
-208
-213
-206
-203
-204
-204
-202
-199
-198
-192
-189
-186
-179
-179
-177
-173
-167
-164
-163
-156
-157
-149
-141
-137
-137
-131
-130
-129
-123
-122
-125
-125
-128
-130
-132
-137
-140
-141
-148
-146
-149
-150
-155
-158
-158
-160
-160
-158
-154
-153
-153
-150
-142
-138
-134
-129
-126
-115
-115
-108
-103
-98
-96
-92
-94
-91
-94
-100
-106
-110
-123
-132
-137
-144
-148
-153
-159
-160
-159
-156
-154
-158
-164
-160
-157
-158
-160
-157
-158
-159
-159
-156
-160
-155
-140
-111
-73
-37
-4
30
71
112
141
162
175
162
108
76
64
1
-84
-191
-294
-348
-336
-325
-316
-298
-286
-279
-271
-263
-252
-243
-231
-223
-217
-212
-206
-207
-208
-210
-212
-211
-205
-206
-209
-205
-209
-200
-196
-196
-193
-194
-188
-187
-177
-173
-175
-172
-167
-167
-164
-155
-152
-152
-147
-151
-141
-133
-126
-123
-119
-116
-114
-111
-108
-112
-115
-117
-111
-112
-121
-121
-122
-126
-123
-126
-128
-124
-120
-128
-128
-122
-112
-117
-117
-107
-101
-98
-93
-86
-80
-79
-68
-66
-64
-65
-67
-60
-66
-69
-73
-77
-85
-95
-93
-96
-101
-109
-114
-117
-115
-118
-107
-112
-113
-114
-111
-108
-111
-111
-117
-112
-109
-109
-113
-111
-109
-91
-66
-28
-1
34
70
109
140
167
189
199
189
154
125
118
65
-18
-103
-207
-268
-260
-256
-245
-233
-221
-213
-204
-193
-188
-177
-167
-162
-153
-147
-145
-145
-143
-147
-145
-145
-142
-139
-138
-140
-138
-134
-134
-128
-127
-123
-125
-120
-117
-112
-111
-107
-102
-99
-94
-89
-88
-87
-83
-78
-73
-68
-63
-58
-52
-54
-51
-50
-53
-52
-45
-50
-59
-73
-75
-71
-79
-77
-79
-81
-81
-80
-78
-81
-81
-76
-77
-70
-66
-61
-60
-57
-49
-46
-45
-38
-34
-29
-28
-26
-28
-27
-29
-32
-39
-46
-53
-58
-57
-68
-74
-75
-79
-80
-77
-77
-82
-82
-81
-84
-80
-79
-80
-80
-76
-77
-75
-78
-81
-74
-60
-38
-3
25
51
78
116
147
174
192
199
192
146
113
102
47
-35
-107
-193
-234
-218
-218
-207
-197
-184
-182
-170
-155
-151
-143
-135
-126
-117
-119
-118
-117
-119
-117
-115
-119
-119
-119
-115
-119
-119
-117
-112
-112
-106
-105
-104
-100
-104
-97
-88
-94
-91
-88
-81
-84
-77
-75
-72
-67
-64
-58
-55
-53
-50
-45
-45
-46
-47
-51
-47
-51
-57
-58
-58
-61
-63
-68
-66
-65
-65
-67
-69
-66
-67
-63
-58
-56
-49
-47
-41
-42
-32
-31
-24
-23
-21
-24
-20
-14
-12
-21
-27
-32
-36
-43
-46
-57
-59
-63
-69
-75
-74
-76
-73
-75
-73
-75
-72
-69
-73
-73
-72
-74
-73
-74
-75
-78
-71
-55
-34
-3
34
63
91
122
158
182
200
211
197
141
101
84
29
-48
-116
-192
-235
-221
-211
-205
-191
-177
-169
-157
-148
-140
-136
-128
-119
-114
-115
-114
-113
-111
-112
-113
-112
-111
-112
-115
-111
-111
-106
-108
-104
-100
-99
-99
-94
-91
-91
-91
-87
-82
-79
-80
-74
-68
-65
-61
-63
-58
-50
-48
-45
-45
-45
-48
-46
-52
-52
-55
-57
-60
-64
-70
-68
-70
-72
-75
-75
-73
-73
-77
-68
-66
-62
-58
-51
-44
-45
-41
-37
-35
-25
-23
-15
-20
-15
-13
-13
-17
-24
-27
-32
-39
-45
-46
-56
-62
-65
-66
-67
-67
-69
-66
-65
-66
-66
-73
-68
-66
-64
-59
-64
-61
-64
-64
-54
-34
-5
29
60
90
121
155
186
205
221
223
199
139
121
97
23
-61
-143
-213
-232
-213
-204
-191
-178
-166
-152
-142
-134
-127
-115
-105
-103
-97
-94
-94
-93
-95
-93
-94
-95
-94
-91
-88
-92
-92
-88
-88
-85
-81
-81
-78
-79
-76
-73
-70
-69
-63
-63
-59
-55
-52
-51
-43
-38
-36
-32
-25
-25
-27
-22
-25
-21
-26
-25
-27
-30
-33
-32
-36
-35
-40
-38
-40
-37
-41
-39
-41
-39
-35
-32
-26
-18
-16
-10
-10
-9
0
4
7
9
10
11
17
14
12
2
0
-1
-6
-15
-19
-25
-29
-30
-35
-36
-33
-32
-38
-40
-36
-34
-38
-34
-33
-37
-37
-34
-35
-35
-35
-27
-18
4
34
65
90
120
150
181
205
221
230
225
191
132
113
75
0
-67
-143
-184
-182
-167
-151
-140
-126
-112
-96
-93
-87
-78
-69
-64
-62
-58
-57
-60
-57
-54
-50
-52
-58
-54
-52
-51
-49
-49
-46
-41
-42
-41
-34
-32
-28
-28
-27
-23
-23
-19
-11
-7
-7
-2
1
5
11
20
17
19
23
24
26
22
19
20
22
18
16
13
13
7
6
4
3
5
4
0
0
0
3
6
9
15
18
20
23
26
36
37
43
49
52
52
56
56
58
56
49
47
47
37
29
27
23
17
13
10
8
7
5
8
10
7
10
4
7
7
6
8
5
7
7
8
11
27
42
74
103
132
156
186
211
232
240
250
245
223
190
186
146
65
-15
-101
-148
-135
-121
-111
-101
-86
-85
-72
-62
-57
-48
-37
-33
-29
-26
-25
-26
-26
-29
-30
-27
-28
-28
-29
-27
-24
-26
-23
-24
-21
-16
-20
-16
-12
-11
-8
-6
-4
-2
3
4
8
10
18
19
20
26
35
32
37
38
41
39
38
36
35
32
27
25
28
26
22
19
21
22
20
17
15
18
19
20
26
29
35
34
40
44
45
49
55
55
58
58
66
63
55
54
51
43
34
33
28
25
17
18
14
12
13
14
13
15
13
13
16
10
11
17
17
18
15
11
19
24
35
66
94
118
140
169
201
217
228
239
242
228
204
195
182
118
47
-50
-128
-128
-120
-110
-103
-94
-91
-84
-71
-66
-56
-54
-54
-39
-40
-39
-36
-33
-35
-32
-36
-35
-35
-36
-33
-32
-37
-39
-29
-29
-31
-22
-20
-20
-19
-16
-7
-6
-3
2
1
5
10
14
16
21
31
33
32
32
38
35
33
33
33
28
21
21
19
25
14
18
13
11
15
11
13
13
15
17
25
23
23
29
36
40
37
42
48
50
48
48
53
57
51
46
47
39
33
28
24
18
14
8
10
3
4
0
4
2
2
4
6
2
4
5
3
3
1
-3
1
11
29
55
86
112
136
161
191
212
225
231
233
221
184
183
157
81
11
-82
-141
-136
-130
-119
-112
-101
-91
-88
-77
-70
-69
-60
-56
-49
-46
-48
-49
-49
-48
-46
-52
-49
-47
-50
-50
-47
-49
-50
-49
-45
-46
-44
-44
-38
-38
-35
-30
-27
-24
-23
-19
-17
-13
-10
-5
-2
3
3
9
10
10
14
11
10
7
6
6
3
1
-6
-2
-6
-8
-11
-11
-12
-14
-13
-13
-11
-6
-2
0
4
6
8
9
15
23
24
25
29
28
30
27
26
24
23
15
4
0
-2
-9
-17
-22
-22
-26
-29
-24
-22
-29
-30
-29
-28
-36
-30
-32
-32
-34
-32
-34
-39
-33
-21
4
35
58
84
105
142
170
192
203
213
207
178
140
134
95
13
-60
-141
-182
-178
-167
-159
-148
-139
-133
-118
-111
-104
-103
-93
-87
-86
-80
-79
-80
-82
-82
-79
-85
-82
-79
-80
-82
-80
-82
-80
-76
-77
-78
-73
-72
-71
-66
-60
-60
-53
-53
-46
-44
-42
-35
-34
-29
-25
-23
-19
-18
-16
-20
-20
-18
-22
-30
-28
-34
-36
-39
-40
-41
-43
-47
-47
-48
-49
-47
-46
-48
-44
-41
-39
-32
-28
-28
-28
-23
-12
-15
-12
-11
-11
-4
-7
-6
-12
-17
-14
-24
-31
-39
-42
-48
-52
-54
-57
-63
-61
-62
-63
-65
-63
-63
-63
-68
-67
-64
-64
-67
-68
-68
-67
-62
-50
-27
6
34
64
89
122
148
176
192
196
188
138
92
80
27
-55
-132
-212
-245
-237
-222
-204
-195
-175
-166
-159
-146
-142
-137
-128
-125
-118
-119
-122
-119
-116
-117
-122
-118
-119
-122
-116
-115
-118
-120
-114
-121
-117
-117
-115
-114
-112
-113
-110
-109
-105
-101
-92
-89
-87
-83
-86
-77
-72
-67
-65
-64
-64
-57
-61
-62
-59
-62
-62
-71
-72
-75
-76
-85
-81
-79
-82
-84
-84
-88
-85
-80
-75
-69
-69
-66
-64
-64
-60
-53
-45
-45
-43
-38
-36
-32
-38
-42
-44
-47
-59
-70
-72
-80
-82
-89
-95
-100
-103
-103
-104
-105
-107
-105
-107
-108
-107
-106
-108
-107
-109
-106
-111
-112
-107
-90
-60
-26
3
35
68
105
136
161
178
182
166
122
93
82
5
-83
-185
-272
-290
-290
-275
-263
-254
-241
-232
-224
-217
-205
-199
-189
-179
-170
-176
-174
-178
-176
-173
-179
-178
-176
-177
-181
-172
-176
-172
-173
-170
-164
-165
-164
-162
-158
-151
-153
-152
-143
-133
-129
-123
-118
-114
-108
-100
-104
-105
-98
-96
-97
-89
-87
-96
-99
-106
-107
-110
-114
-115
-117
-119
-120
-124
-123
-126
-130
-123
-122
-119
-115
-115
-104
-105
-99
-101
-94
-88
-86
-80
-84
-80
-75
-77
-85
-84
-90
-99
-109
-116
-116
-126
-128
-130
-135
-143
-139
-137
-138
-139
-136
-133
-140
-140
-143
-143
-143
-140
-144
-145
-140
-120
-93
-50
-24
12
50
92
128
153
177
184
166
118
99
76
-1
-96
-219
-318
-338
-326
-317
-303
-286
-277
-274
-255
-251
-247
-233
-222
-212
-217
-212
-212
-212
-217
-213
-214
-214
-209
-209
-213
-209
-205
-205
-207
-204
-206
-203
-199
-195
-198
-192
-189
-185
-183
-184
-176
-168
-164
-161
-152
-149
-140
-136
-136
-128
-125
-126
-126
-123
-124
-128
-128
-133
-135
-137
-141
-146
-144
-148
-147
-150
-154
-147
-146
-140
-137
-135
-131
-130
-122
-116
-109
-104
-98
-100
-100
-94
-93
-94
-98
-100
-106
-114
-120
-129
-139
-142
-149
-149
-156
-157
-158
-156
-158
-158
-160
-157
-158
-156
-161
-161
-162
-159
-162
-164
-153
-142
-109
-72
-39
-6
21
67
111
144
170
185
169
117
80
67
0
-95
-200
-305
-347
-341
-333
-323
-308
-300
-290
-282
-267
-259
-252
-243
-232
-228
-225
-226
-224
-224
-228
-224
-227
-222
-220
-223
-219
-215
-213
-216
-212
-214
-205
-205
-199
-194
-189
-187
-186
-179
-175
-167
-162
-155
-152
-144
-139
-131
-128
-126
-129
-122
-117
-119
-122
-126
-125
-129
-136
-142
-143
-148
-151
-151
-153
-156
-156
-159
-161
-154
-147
-145
-139
-137
-133
-129
-128
-118
-114
-108
-101
-103
-104
-101
-93
-99
-100
-104
-107
-118
-126
-129
-136
-140
-148
-154
-156
-158
-163
-165
-161
-164
-162
-163
-163
-160
-164
-163
-163
-161
-162
-163
-159
-144
-119
-75
-40
-5
28
68
110
150
176
198
188
130
65
52
-6
-103
-197
-299
-352
-351
-340
-328
-319
-303
-292
-278
-264
-256
-246
-233
-225
-215
-212
-212
-210
-214
-212
-210
-212
-210
-209
-210
-208
-208
-210
-204
-205
-203
-201
-200
-200
-199
-199
-193
-191
-190
-188
-182
-177
-172
-169
-164
-154
-152
-147
-141
-133
-127
-123
-124
-124
-123
-126
-131
-130
-132
-132
-138
-139
-141
-141
-143
-147
-147
-150
-148
-146
-138
-134
-136
-126
-121
-121
-116
-108
-102
-98
-87
-86
-93
-90
-82
-83
-86
-90
-96
-100
-108
-114
-125
-130
-137
-141
-143
-142
-144
-144
-145
-146
-145
-146
-146
-147
-146
-143
-144
-144
-144
-144
-140
-130
-106
-65
-32
0
33
68
112
150
182
202
201
145
68
48
0
-99
-178
-269
-324
-317
-306
-288
-274
-256
-243
-229
-221
-210
-207
-194
-186
-179
-171
-173
-173
-168
-166
-166
-164
-167
-165
-163
-161
-164
-160
-157
-152
-151
-151
-144
-142
-141
-139
-135
-137
-129
-124
-120
-116
-113
-106
-102
-97
-90
-86
-80
-76
-76
-75
-76
-74
-77
-80
-80
-82
-86
-89
-93
-95
-96
-98
-99
-101
-100
-98
-94
-86
-83
-82
-75
-69
-69
-60
-57
-48
-44
-39
-46
-41
-38
-35
-37
-45
-51
-51
-61
-73
-78
-79
-85
-87
-94
-96
-100
-93
-95
-92
-96
-92
-97
-95
-97
-93
-98
-96
-95
-100
-99
-81
-64
-29
6
36
75
106
147
182
208
236
238
205
123
83
56
-23
-117
-210
-285
-287
-277
-261
-243
-225
-210
-202
-189
-180
-172
-162
-151
-148
-145
-143
-141
-142
-141
-137
-139
-138
-140
-141
-137
-137
-135
-136
-140
-133
-128
-128
-127
-129
-123
-123
-119
-115
-105
-106
-107
-100
-101
-97
-90
-82
-80
-71
-68
-62
-61
-60
-56
-59
-55
-62
-61
-66
-68
-70
-73
-72
-75
-76
-79
-77
-79
-79
-74
-66
-68
-61
-60
-55
-50
-43
-32
-31
-23
-26
-25
-19
-18
-25
-28
-34
-36
-43
-52
-57
-65
-74
-78
-82
-83
-85
-83
-83
-88
-89
-88
-84
-84
-82
-86
-89
-86
-87
-87
-86
-78
-64
-32
5
39
70
108
145
185
215
240
255
246
199
154
145
89
-13
-106
-215
-272
-268
-258
-251
-240
-225
-210
-199
-187
-179
-173
-158
-150
-147
-144
-143
-141
-140
-145
-143
-146
-143
-145
-137
-138
-134
-132
-132
-126
-122
-127
-122
-118
-110
-108
-101
-100
-94
-90
-84
-82
-79
-71
-67
-63
-55
-55
-48
-45
-42
-39
-39
-39
-43
-47
-47
-52
-58
-60
-62
-64
-68
-73
-73
-76
-73
-68
-64
-57
-54
-57
-52
-50
-43
-38
-32
-23
-20
-22
-16
-11
-7
-16
-19
-24
-28
-36
-48
-52
-54
-61
-67
-77
-75
-79
-79
-82
-78
-82
-81
-82
-77
-86
-79
-80
-81
-76
-80
-82
-76
-64
-38
3
35
72
104
147
191
221
247
267
257
219
174
166
115
22
-76
-196
-268
-270
-264
-252
-245
-232
-223
-212
-195
-187
-173
-160
-156
-150
-146
-143
-144
-148
-143
-145
-143
-145
-140
-145
-146
-142
-139
-139
-138
-136
-134
-130
-127
-127
-125
-122
-120
-117
-112
-106
-108
-100
-94
-92
-90
-88
-80
-70
-72
-67
-58
-57
-53
-53
-55
-58
-63
-69
-71
-74
-81
-81
-83
-86
-86
-88
-87
-85
-87
-77
-77
-69
-66
-63
-59
-50
-45
-39
-34
-30
-28
-35
-28
-22
-22
-31
-35
-39
-46
-57
-63
-65
-74
-82
-86
-91
-92
-94
-94
-95
-99
-99
-96
-99
-96
-100
-95
-95
-99
-96
-98
-93
-86
-67
-37
3
35
67
105
147
185
218
247
258
234
171
137
122
47
-53
-156
-245
-279
-274
-272
-261
-251
-237
-225
-212
-198
-190
-177
-170
-164
-158
-152
-155
-152
-154
-154
-158
-151
-151
-161
-153
-154
-151
-149
-146
-142
-145
-145
-136
-133
-127
-125
-118
-116
-113
-105
-103
-97
-96
-88
-83
-76
-71
-67
-60
-62
-56
-56
-60
-62
-63
-63
-64
-73
-74
-78
-81
-87
-88
-88
-88
-91
-88
-86
-80
-77
-73
-70
-66
-63
-55
-53
-42
-36
-37
-42
-42
-32
-31
-33
-41
-47
-52
-61
-71
-78
-84
-90
-92
-95
-102
-101
-104
-103
-108
-105
-105
-108
-110
-109
-108
-108
-104
-105
-108
-108
-93
-75
-41
2
31
68
108
151
191
221
249
252
209
127
99
59
-38
-130
-233
-301
-309
-295
-277
-265
-246
-233
-223
-209
-201
-192
-183
-170
-167
-169
-162
-159
-165
-162
-161
-159
-162
-163
-162
-163
-160
-161
-162
-160
-159
-156
-151
-151
-151
-149
-148
-143
-141
-136
-137
-133
-131
-131
-122
-121
-112
-108
-106
-96
-97
-93
-95
-94
-95
-94
-96
-100
-98
-107
-109
-110
-113
-114
-117
-119
-119
-117
-112
-108
-105
-100
-98
-93
-90
-82
-75
-64
-61
-65
-69
-64
-61
-58
-62
-69
-77
-82
-94
-100
-107
-117
-122
-125
-128
-134
-131
-134
-135
-132
-134
-138
-137
-134
-136
-134
-131
-136
-137
-141
-128
-120
-90
-52
-18
15
55
96
139
179
212
231
218
150
82
58
-8
-108
-199
-293
-329
-323
-313
-297
-280
-264
-253
-243
-234
-227
-217
-213
-204
-200
-195
-195
-190
-189
-188
-186
-190
-190
-184
-184
-183
-176
-184
-180
-178
-174
-174
-168
-168
-165
-159
-155
-147
-144
-136
-132
-131
-124
-122
-116
-111
-105
-97
-98
-96
-97
-102
-96
-96
-104
-109
-108
-114
-114
-118
-119
-128
-123
-124
-130
-133
-125
-119
-119
-114
-109
-104
-104
-96
-92
-83
-79
-76
-80
-77
-70
-67
-73
-78
-80
-89
-95
-104
-112
-119
-125
-125
-133
-134
-135
-135
-137
-138
-139
-140
-140
-139
-141
-140
-139
-141
-141
-143
-141
-129
-112
-81
-36
-4
39
83
127
165
205
238
254
231
155
91
72
6
-105
-200
-300
-350
-348
-336
-322
-309
-301
-284
-275
-264
-250
-243
-232
-226
-218
-210
-216
-215
-212
-215
-215
-212
-212
-213
-210
-210
-211
-212
-206
-205
-204
-199
-197
-195
-195
-188
-182
-180
-175
-172
-174
-164
-157
-156
-153
-144
-137
-126
-124
-124
-118
-116
-116
-115
-118
-118
-120
-127
-127
-130
-134
-135
-136
-140
-144
-139
-140
-141
-135
-127
-121
-116
-112
-109
-108
-99
-89
-80
-74
-73
-76
-72
-65
-66
-72
-81
-80
-84
-97
-109
-112
-124
-130
-133
-136
-134
-137
-138
-138
-139
-137
-142
-138
-138
-140
-139
-140
-139
-132
-138
-141
-128
-115
-82
-36
1
33
75
121
166
201
234
257
250
210
151
136
96
0
-104
-226
-313
-330
-322
-320
-311
-291
-281
-270
-257
-248
-237
-224
-221
-208
-204
-197
-199
-198
-198
-198
-202
-203
-197
-197
-197
-193
-188
-187
-181
-183
-179
-173
-169
-166
-158
-150
-148
-142
-134
-130
-127
-118
-116
-105
-101
-94
-86
-83
-79
-70
-70
-72
-67
-70
-74
-72
-79
-82
-86
-87
-92
-97
-94
-98
-99
-98
-98
-95
-95
-86
-82
-80
-70
-67
-64
-57
-51
-43
-41
-36
-40
-37
-30
-23
-28
-37
-39
-44
-54
-64
-67
-74
-82
-89
-90
-96
-94
-93
-93
-96
-99
-94
-96
-96
-97
-97
-100
-99
-97
-100
-96
-87
-71
-38
3
36
75
111
153
195
223
250
265
246
186
152
134
68
-35
-139
-246
-292
-287
-284
-275
-264
-252
-234
-220
-205
-193
-185
-174
-167
-157
-152
-152
-152
-152
-155
-156
-153
-152
-146
-150
-146
-150
-143
-144
-141
-141
-140
-137
-134
-129
-127
-119
-118
-115
-112
-108
-102
-97
-95
-88
-83
-72
-69
-65
-59
-58
-59
-59
-58
-61
-64
-64
-67
-70
-75
-74
-81
-82
-84
-87
-89
-86
-86
-81
-74
-68
-68
-62
-57
-60
-49
-43
-33
-28
-26
-28
-27
-23
-23
-27
-30
-32
-40
-47
-57
-62
-68
-77
-75
-79
-83
-86
-80
-84
-83
-86
-84
-85
-85
-87
-87
-84
-82
-80
-84
-81
-73
-58
-36
3
34
71
106
144
188
221
249
263
256
200
139
121
69
-25
-112
-208
-267
-269
-264
-249
-232
-216
-204
-193
-175
-171
-163
-154
-144
-138
-133
-131
-133
-132
-126
-128
-128
-130
-128
-126
-129
-124
-125
-122
-116
-118
-115
-109
-107
-104
-97
-95
-92
-87
-78
-77
-75
-68
-62
-59
-51
-51
-40
-39
-37
-37
-37
-39
-38
-43
-43
-46
-52
-56
-58
-60
-64
-71
-68
-71
-70
-72
-62
-58
-57
-50
-50
-45
-39
-30
-30
-21
-15
-18
-23
-19
-13
-11
-15
-15
-24
-28
-41
-49
-52
-59
-63
-65
-71
-77
-71
-78
-81
-81
-77
-81
-78
-77
-78
-78
-78
-77
-77
-78
-74
-63
-46
-7
29
59
95
131
170
210
234
258
263
225
142
108
74
-16
-110
-202
-272
-277
-260
-244
-227
-212
-193
-182
-169
-163
-156
-146
-141
-135
-133
-127
-128
-128
-123
-128
-122
-119
-123
-122
-122
-122
-124
-124
-120
-121
-119
-115
-112
-108
-108
-107
-105
-99
-94
-96
-91
-87
-81
-85
-76
-72
-71
-60
-59
-55
-55
-52
-56
-60
-58
-62
-64
-67
-67
-69
-75
-76
-77
-82
-80
-80
-80
-74
-69
-68
-57
-56
-54
-47
-40
-34
-27
-25
-32
-29
-26
-22
-26
-27
-37
-39
-45
-57
-64
-67
-76
-80
-81
-83
-88
-92
-86
-90
-88
-88
-89
-90
-87
-87
-86
-85
-91
-89
-91
-80
-63
-36
1
36
69
105
147
183
214
247
267
264
207
124
96
18
-96
-179
-260
-289
-276
-263
-246
-232
-218
-203
-190
-181
-171
-165
-156
-146
-136
-138
-138
-138
-138
-134
-132
-133
-137
-130
-130
-129
-128
-124
-121
-119
-121
-117
-110
-102
-101
-101
-93
-89
-83
-77
-75
-69
-64
-61
-54
-50
-40
-34
-32
-29
-30
-32
-36
-34
-34
-35
-41
-40
-49
-51
-55
-59
-57
-57
-59
-59
-58
-52
-52
-44
-39
-37
-37
-31
-22
-16
-4
1
1
-1
0
1
9
7
0
-5
-6
-14
-24
-27
-35
-48
-46
-50
-52
-54
-55
-52
-53
-54
-56
-52
-55
-52
-55
-56
-51
-51
-48
-51
-48
-40
-16
16
55
86
117
160
201
239
268
290
299
285
224
178
160
100
1
-92
-193
-232
-223
-218
-208
-191
-179
-164
-153
-144
-129
-119
-110
-101
-97
-95
-96
-93
-92
-93
-94
-91
-97
-98
-92
-93
-89
-90
-87
-87
-84
-82
-76
-70
-70
-64
-58
-56
-54
-49
-45
-37
-34
-25
-23
-17
-8
-10
0
3
7
8
8
0
3
1
-2
-4
-9
-7
-6
-10
-10
-10
-13
-14
-9
-4
-3
0
1
7
9
17
25
29
34
42
44
43
48
52
55
55
48
43
37
35
23
16
13
7
3
0
0
1
0
-3
2
-3
-3
-4
0
-4
0
1
1
3
3
1
12
28
57
91
118
155
185
222
256
282
298
304
292
253
222
210
146
58
-27
-116
-153
-144
-138
-125
-118
-101
-91
-79
-70
-59
-53
-45
-35
-35
-32
-30
-32
-34
-30
-28
-30
-29
-29
-25
-26
-25
-24
-17
-17
-11
-10
-8
-1
1
6
10
19
20
27
28
34
38
44
49
56
56
63
68
67
68
69
65
61
60
57
52
49
46
46
47
43
42
40
41
40
40
46
50
55
57
56
63
65
69
78
81
82
81
81
87
93
91
90
82
81
73
63
58
51
48
44
43
39
36
35
39
36
38
37
38
37
35
37
38
36
35
41
37
49
63
85
119
147
174
205
239
271
292
308
313
301
252
221
201
141
56
-18
-94
-118
-109
-95
-82
-64
-53
-41
-31
-25
-21
-14
-6
-2
0
2
1
1
0
2
0
0
3
1
0
0
1
0
-3
0
3
5
5
11
8
11
13
18
24
25
28
30
36
38
42
45
52
55
59
64
62
64
59
62
58
55
52
49
47
44
43
44
41
41
40
41
44
47
53
52
57
61
62
64
72
77
82
85
78
81
85
89
87
80
77
76
68
58
56
52
46
40
39
39
38
39
35
32
36
31
34
34
31
36
33
37
35
31
33
44
56
81
110
135
162
194
227
252
274
285
298
277
229
196
179
118
40
-32
-105
-128
-115
-99
-84
-70
-61
-48
-40
-39
-28
-22
-16
-9
-7
-4
0
-1
-2
-3
-2
-6
-6
-1
-5
-2
0
0
-2
5
2
6
5
12
13
20
24
24
27
30
36
40
48
49
54
51
50
56
63
63
64
61
64
59
54
51
55
47
43
41
34
33
33
33
35
34
40
42
47
47
50
55
55
57
61
66
71
72
66
69
72
73
68
64
63
56
51
43
44
35
33
31
27
27
24
19
18
20
19
20
15
18
15
16
15
18
15
13
15
23
32
53
81
106
134
163
196
227
251
273
280
274
232
178
157
114
29
-44
-120
-162
-150
-133
-111
-97
-82
-72
-62
-57
-52
-46
-40
-34
-30
-26
-28
-23
-25
-28
-23
-25
-26
-22
-26
-27
-22
-20
-27
-24
-23
-22
-23
-20
-20
-18
-16
-14
-13
-9
-10
-6
-2
0
4
6
13
11
19
19
28
25
28
24
22
23
23
22
17
15
12
13
9
8
7
3
4
5
13
14
16
20
23
25
30
33
38
48
48
50
44
49
52
53
48
44
42
36
27
20
15
6
3
1
-2
-7
-7
-7
-8
-7
-8
-7
-6
-9
-7
-9
-10
-8
-5
-8
-8
-4
9
31
70
91
120
150
191
222
247
266
273
263
218
164
150
108
19
-61
-137
-182
-173
-170
-156
-146
-132
-122
-109
-99
-93
-85
-74
-68
-61
-60
-62
-60
-64
-61
-60
-63
-60
-60
-62
-60
-62
-58
-55
-54
-51
-50
-44
-43
-37
-37
-35
-30
-28
-23
-20
-16
-13
-4
-1
4
8
9
8
19
17
15
14
10
8
4
1
-3
-5
-10
-9
-13
-15
-12
-17
-16
-16
-12
-9
-8
0
1
3
3
11
16
23
27
29
24
30
33
34
30
26
24
21
11
1
-4
-11
-15
-18
-24
-22
-23
-26
-28
-26
-29
-26
-28
-28
-30
-29
-27
-30
-32
-31
-32
-24
-11
19
53
80
114
151
188
217
244
258
263
253
200
165
153
82
-6
-98
-181
-215
-206
-198
-191
-178
-169
-157
-144
-133
-122
-114
-109
-96
-93
-92
-91
-90
-91
-95
-94
-96
-96
-92
-94
-96
-96
-92
-92
-94
-92
-89
-85
-85
-81
-80
-77
-72
-68
-67
-62
-59
-56
-49
-44
-36
-36
-32
-29
-26
-26
-25
-29
-29
-34
-31
-33
-32
-41
-40
-45
-48
-47
-49
-51
-48
-48
-47
-43
-35
-30
-28
-26
-21
-19
-14
-4
-1
3
-1
2
5
6
7
0
-3
-9
-16
-27
-31
-37
-49
-50
-48
-54
-57
-55
-59
-61
-61
-59
-59
-58
-57
-60
-58
-59
-59
-63
-64
-57
-44
-21
12
44
74
108
147
181
211
236
247
236
179
132
123
65
-24
-106
-192
-241
-236
-227
-215
-197
-183
-169
-157
-144
-138
-132
-121
-113
-111
-110
-107
-109
-108
-106
-108
-108
-104
-101
-104
-104
-103
-104
-102
-100
-98
-94
-92
-89
-88
-80
-79
-75
-72
-69
-64
-59
-56
-50
-46
-45
-36
-34
-31
-32
-29
-31
-35
-36
-37
-44
-46
-47
-53
-50
-58
-62
-62
-64
-67
-64
-63
-58
-56
-50
-44
-44
-44
-35
-34
-27
-20
-16
-21
-24
-22
-15
-14
-18
-25
-28
-39
-46
-53
-57
-62
-67
-68
-71
-72
-72
-73
-74
-75
-73
-76
-75
-75
-78
-79
-80
-77
-78
-80
-77
-64
-44
-11
19
50
88
131
165
201
231
242
227
166
106
86
22
-70
-160
-251
-292
-279
-259
-241
-221
-204
-195
-179
-175
-167
-159
-150
-150
-143
-137
-138
-136
-137
-137
-138
-139
-136
-136
-133
-137
-134
-132
-131
-130
-130
-129
-130
-128
-122
-122
-117
-114
-111
-110
-105
-102
-96
-97
-91
-82
-77
-73
-74
-66
-62
-62
-64
-61
-63
-66
-65
-68
-73
-77
-81
-84
-86
-87
-86
-87
-83
-84
-82
-74
-72
-69
-64
-59
-53
-48
-39
-35
-35
-40
-40
-31
-32
-37
-38
-46
-49
-62
-65
-70
-79
-85
-91
-95
-94
-95
-96
-99
-98
-100
-104
-104
-102
-102
-97
-98
-102
-100
-96
-99
-91
-80
-65
-31
5
34
70
107
149
184
210
235
233
187
107
81
46
-45
-134
-226
-298
-301
-282
-259
-238
-220
-209
-193
-182
-177
-168
-162
-151
-145
-140
-138
-135
-135
-135
-132
-132
-131
-130
-129
-128
-124
-125
-123
-125
-123
-119
-118
-114
-111
-105
-101
-97
-93
-86
-90
-86
-78
-76
-76
-65
-65
-56
-53
-52
-50
-52
-52
-55
-56
-65
-68
-71
-75
-79
-80
-82
-83
-86
-87
-83
-83
-76
-71
-68
-64
-61
-61
-51
-48
-40
-35
-36
-41
-35
-32
-28
-28
-32
-39
-44
-50
-59
-67
-73
-81
-79
-87
-88
-90
-90
-90
-91
-91
-92
-94
-94
-95
-93
-95
-94
-94
-96
-96
-84
-72
-47
-8
24
59
97
143
181
210
240
247
203
118
83
38
-53
-147
-239
-309
-313
-287
-266
-244
-223
-206
-197
-183
-179
-171
-165
-154
-151
-148
-141
-141
-142
-141
-139
-141
-139
-139
-135
-137
-138
-137
-140
-144
-138
-134
-136
-129
-133
-129
-127
-123
-123
-121
-119
-112
-107
-108
-99
-94
-92
-81
-76
-76
-71
-76
-73
-77
-78
-82
-88
-86
-87
-89
-99
-94
-101
-103
-100
-102
-102
-93
-89
-86
-80
-78
-74
-67
-61
-60
-50
-47
-49
-48
-44
-38
-37
-39
-51
-54
-59
-70
-79
-84
-92
-97
-97
-102
-104
-107
-106
-107
-104
-107
-103
-104
-103
-106
-105
-103
-107
-104
-104
-100
-88
-62
-27
7
42
81
124
167
203
240
259
240
157
94
68
-14
-119
-215
-292
-318
-306
-296
-282
-264
-248
-231
-214
-203
-200
-189
-178
-171
-162
-159
-159
-157
-158
-157
-155
-154
-155
-156
-158
-153
-153
-150
-148
-146
-141
-136
-134
-130
-125
-120
-120
-116
-114
-106
-103
-98
-92
-87
-80
-73
-71
-68
-61
-63
-59
-64
-64
-66
-70
-74
-75
-83
-88
-93
-93
-94
-96
-99
-97
-98
-96
-92
-85
-78
-75
-75
-70
-72
-61
-55
-48
-42
-44
-43
-40
-35
-34
-36
-41
-44
-54
-58
-73
-76
-87
-91
-90
-98
-100
-97
-101
-104
-103
-94
-101
-106
-104
-105
-98
-101
-99
-101
-103
-97
-87
-58
-14
23
46
95
142
176
207
238
263
253
186
120
102
49
-54
-146
-248
-298
-295
-296
-287
-266
-243
-225
-217
-225
-227
-224
-212
-200
-189
-186
-182
-174
-164
-167
-167
-174
-180
-180
-175
-168
-164
-165
-156
-156
-164
-167
-165
-156
-150
-150
-148
-142
-140
-130
-127
-121
-116
-113
-108
-100
-91
-89
-85
-79
-76
-76
-74
-77
-76
-80
-78
-83
-93
-98
-100
-97
-102
-103
-100
-102
-100
-99
-90
-90
-87
-83
-72
-74
-63
-58
-49
-46
-42
-41
-47
-40
-39
-33
-36
-44
-48
-48
-60
-72
-79
-90
-94
-98
-97
-102
-100
-104
-106
-102
-105
-102
-101
-104
-110
-104
-105
-106
-104
-107
-110
-100
-82
-56
-12
22
57
99
149
192
231
259
271
244
158
107
85
7
-97
-192
-279
-306
-290
-284
-275
-254
-239
-228
-211
-199
-191
-181
-171
-158
-152
-147
-151
-147
-146
-144
-143
-143
-142
-140
-141
-141
-146
-143
-143
-135
-131
-129
-124
-120
-116
-116
-113
-107
-99
-99
-96
-88
-88
-80
-74
-72
-63
-56
-53
-52
-52
-55
-52
-56
-56
-61
-63
-64
-72
-79
-80
-80
-82
-88
-87
-86
-88
-90
-81
-76
-76
-66
-61
-64
-56
-47
-43
-36
-31
-26
-32
-35
-31
-22
-27
-32
-36
-44
-53
-59
-68
-73
-79
-83
-90
-95
-92
-95
-88
-93
-96
-96
-92
-93
-96
-91
-91
-94
-96
-93
-98
-89
-68
-40
0
37
74
120
165
206
246
273
282
243
153
110
69
-23
-119
-216
-286
-296
-282
-267
-246
-229
-220
-210
-198
-193
-185
-180
-171
-170
-157
-160
-155
-155
-155
-156
-159
-160
-160
-158
-157
-158
-155
-155
-155
-148
-148
-151
-149
-140
-138
-139
-138
-128
-127
-128
-121
-120
-115
-110
-97
-90
-92
-88
-84
-78
-73
-75
-75
-74
-80
-85
-85
-90
-93
-97
-95
-101
-100
-103
-101
-99
-86
-84
-86
-94
-87
-79
-76
-68
-64
-56
-48
-48
-48
-45
-41
-43
-41
-50
-54
-61
-65
-81
-88
-94
-100
-107
-107
-113
-113
-117
-114
-111
-109
-108
-115
-107
-92
-76
-90
-114
-130
-135
-129
-119
-106
-72
-20
20
68
113
161
199
237
274
283
230
129
86
43
-57
-157
-250
-311
-325
-316
-294
-284
-271
-253
-237
-230
-221
-217
-208
-192
-190
-185
-183
-184
-185
-182
-180
-186
-192
-191
-185
-185
-187
-184
-184
-182
-180
-178
-176
-175
-171
-162
-158
-155
-152
-146
-145
-135
-134
-131
-125
-117
-112
-108
-99
-95
-98
-96
-97
-99
-104
-106
-110
-116
-125
-125
-131
-129
-134
-136
-136
-137
-135
-133
-127
-121
-118
-111
-110
-107
-101
-95
-83
-80
-79
-80
-78
-77
-74
-78
-84
-88
-96
-105
-118
-125
-137
-142
-147
-144
-152
-151
-153
-150
-154
-155
-154
-159
-156
-152
-157
-153
-154
-152
-151
-144
-128
-108
-59
-12
34
77
126
180
228
262
289
267
175
101
75
-12
-133
-231
-317
-353
-349
-342
-332
-320
-309
-292
-276
-267
-265
-253
-245
-234
-226
-224
-224
-226
-227
-225
-219
-218
-225
-228
-225
-223
-220
-221
-225
-224
-218
-219
-217
-208
-208
-208
-205
-196
-191
-182
-180
-178
-172
-161
-157
-146
-146
-132
-128
-128
-127
-122
-124
-130
-128
-130
-132
-140
-143
-140
-144
-152
-152
-154
-152
-156
-153
-148
-143
-131
-130
-123
-122
-116
-107
-99
-93
-82
-81
-88
-82
-78
-70
-82
-80
-88
-94
-107
-117
-125
-136
-142
-143
-147
-156
-153
-150
-147
-153
-144
-145
-153
-151
-150
-146
-143
-142
-147
-149
-152
-146
-121
-75
-27
8
55
104
161
210
252
286
289
229
136
98
44
-63
-168
-268
-334
-340
-326
-314
-305
-288
-278
-264
-248
-241
-233
-220
-208
-202
-190
-193
-206
-221
-219
-208
-212
-213
-216
-212
-206
-205
-203
-199
-203
-203
-195
-187
-181
-178
-184
-180
-168
-167
-164
-161
-151
-145
-135
-132
-127
-115
-105
-97
-97
-99
-104
-116
-119
-112
-118
-119
-124
-127
-128
-136
-139
-149
-149
-146
-147
-143
-138
-135
-130
-125
-117
-120
-116
-105
-94
-83
-82
-85
-92
-84
-80
-75
-80
-84
-90
-96
-109
-115
-123
-129
-136
-143
-152
-153
-153
-155
-156
-152
-158
-154
-161
-157
-163
-161
-160
-161
-159
-159
-162
-154
-140
-108
-59
-20
32
77
127
174
216
254
279
256
157
72
43
-35
-152
-252
-343
-382
-375
-362
-342
-330
-315
-302
-294
-280
-274
-270
-260
-248
-237
-230
-230
-231
-238
-246
-237
-229
-234
-241
-230
-223
-221
-232
-245
-241
-236
-237
-237
-236
-233
-231
-221
-217
-212
-212
-208
-202
-197
-192
-186
-175
-167
-167
-159
-154
-150
-143
-145
-151
-150
-153
-157
-154
-161
-164
-167
-168
-169
-176
-174
-170
-172
-164
-155
-151
-148
-140
-135
-131
-126
-110
-99
-102
-102
-106
-96
-91
-89
-94
-99
-104
-117
-133
-146
-148
-156
-159
-158
-165
-168
-166
-172
-173
-170
-171
-171
-166
-164
-163
-163
-165
-162
-162
-166
-164
-148
-122
-73
-19
11
55
96
155
196
243
281
276
206
113
71
10
-95
-196
-293
-342
-341
-330
-317
-298
-284
-269
-260
-248
-246
-237
-226
-220
-220
-208
-205
-200
-195
-194
-202
-208
-208
-205
-203
-203
-199
-194
-196
-191
-187
-185
-182
-177
-173
-167
-162
-153
-158
-149
-141
-138
-134
-124
-120
-111
-111
-101
-96
-95
-92
-92
-93
-101
-100
-105
-105
-112
-113
-121
-127
-123
-128
-130
-134
-126
-122
-115
-116
-107
-103
-97
-91
-85
-78
-73
-65
-67
-69
-64
-62
-56
-58
-61
-70
-76
-88
-99
-106
-114
-125
-129
-134
-132
-134
-134
-134
-133
-135
-134
-138
-137
-136
-133
-132
-130
-129
-136
-132
-111
-87
-48
-4
29
75
126
179
224
262
296
293
215
117
83
13
-100
-204
-304
-352
-340
-325
-306
-288
-269
-255
-247
-234
-224
-220
-214
-206
-196
-193
-194
-192
-191
-191
-191
-190
-190
-191
-191
-188
-188
-189
-188
-186
-185
-176
-180
-178
-176
-175
-169
-168
-166
-159
-153
-152
-146
-139
-132
-123
-118
-111
-106
-104
-103
-100
-104
-100
-105
-107
-112
-114
-118
-124
-124
-124
-126
-132
-137
-131
-127
-119
-112
-112
-105
-101
-96
-89
-76
-71
-62
-60
-63
-60
-52
-55
-58
-64
-70
-77
-88
-96
-107
-113
-123
-131
-128
-134
-135
-136
-130
-135
-134
-140
-139
-141
-139
-135
-139
-140
-136
-136
-134
-122
-104
-58
-6
34
77
127
174
220
260
294
306
239
125
80
32
-74
-179
-270
-332
-342
-330
-318
-307
-284
-274
-260
-250
-238
-234
-220
-211
-204
-199
-199
-198
-201
-201
-200
-196
-200
-201
-199
-196
-200
-198
-195
-191
-185
-184
-182
-175
-178
-168
-163
-160
-156
-149
-142
-139
-134
-127
-124
-115
-110
-108
-104
-93
-95
-92
-90
-94
-102
-103
-108
-112
-112
-121
-122
-124
-124
-131
-131
-129
-127
-126
-122
-114
-110
-109
-106
-100
-94
-84
-76
-64
-61
-62
-68
-57
-56
-50
-57
-65
-68
-76
-88
-96
-108
-115
-121
-121
-128
-136
-136
-135
-136
-136
-135
-140
-135
-135
-136
-137
-134
-126
-129
-134
-127
-107
-83
-40
8
44
88
137
188
233
274
304
301
239
148
106
55
-52
-156
-259
-320
-327
-321
-313
-299
-286
-282
-264
-250
-243
-230
-224
-211
-203
-203
-198
-196
-196
-197
-198
-195
-193
-191
-191
-193
-190
-193
-188
-182
-181
-185
-188
-183
-175
-170
-176
-178
-174
-170
-163
-161
-155
-150
-142
-132
-126
-122
-114
-105
-107
-102
-101
-106
-105
-105
-105
-110
-115
-116
-119
-124
-126
-126
-125
-125
-126
-126
-124
-112
-109
-102
-98
-91
-91
-88
-77
-63
-54
-53
-57
-54
-47
-45
-45
-49
-56
-62
-72
-80
-89
-96
-104
-112
-114
-117
-117
-117
-116
-118
-121
-121
-116
-119
-119
-116
-118
-114
-113
-115
-113
-101
-86
-54
-9
46
93
142
189
235
273
303
311
264
175
126
82
-6
-114
-206
-276
-295
-287
-277
-260
-244
-226
-212
-200
-194
-183
-173
-169
-161
-152
-150
-153
-148
-146
-144
-142
-142
-145
-136
-137
-135
-133
-128
-126
-123
-119
-116
-111
-106
-101
-93
-90
-88
-80
-77
-70
-63
-59
-51
-48
-38
-30
-25
-22
-23
-26
-27
-28
-36
-33
-35
-36
-43
-48
-49
-48
-51
-54
-54
-52
-48
-44
-39
-34
-26
-21
-16
-12
-10
2
13
14
12
14
18
27
22
22
19
14
12
4
-4
-12
-19
-22
-26
-31
-27
-32
-29
-32
-29
-29
-23
-28
-31
-28
-27
-25
-25
-26
-22
-18
-4
25
69
98
138
175
218
264
299
327
343
329
259
190
161
94
-4
-91
-174
-218
-207
-190
-169
-152
-132
-116
-106
-93
-86
-77
-65
-64
-54
-50
-51
-48
-47
-45
-41
-43
-42
-43
-43
-41
-40
-38
-35
-34
-28
-28
-26
-22
-22
-21
-12
-12
-5
-5
-4
3
6
17
14
28
30
40
46
47
45
46
48
48
43
42
45
41
35
30
29
26
26
27
26
24
35
37
44
50
56
55
62
64
70
78
85
88
84
87
93
100
90
88
81
78
71
62
56
54
47
45
40
37
41
41
40
39
38
40
42
44
43
43
43
42
42
46
45
55
75
107
141
171
212
246
282
316
342
362
365
335
258
216
189
115
22
-56
-111
-119
-106
-88
-71
-57
-45
-34
-21
-11
-4
1
7
12
21
20
19
17
23
20
24
23
19
21
24
22
28
33
31
34
38
41
42
43
47
51
53
62
64
64
67
69
71
72
76
83
88
88
90
84
86
84
79
76
69
66
61
56
52
48
44
41
38
36
31
26
24
24
26
23
25
27
28
29
29
30
34
34
30
23
23
22
25
17
8
2
-3
-17
-28
-33
-45
-46
-56
-62
-66
-68
-63
-68
-71
-75
-72
-75
-71
-72
-67
-71
-72
-66
-66
-53
-32
-7
30
66
101
145
185
224
264
293
311
283
200
129
97
19
-87
-173
-246
-275
-262
-246
-224
-204
-184
-169
-154
-144
-137
-126
-117
-110
-106
-108
-102
-100
-100
-101
-100
-100
-104
-103
-99
-101
-100
-99
-98
-96
-99
-93
-91
-87
-83
-80
-77
-71
-68
-63
-55
-55
-47
-46
-36
-34
-24
-17
-15
-8
-12
-9
-11
-13
-16
-19
-16
-18
-18
-25
-24
-27
-29
-34
-31
-31
-31
-27
-18
-10
-7
1
1
5
14
21
27
32
35
33
35
41
44
45
43
42
35
31
20
13
9
3
3
1
0
-1
0
-2
-2
1
2
2
4
2
4
7
5
10
12
12
22
36
61
95
127
156
191
226
262
294
327
342
333
277
206
177
134
43
-47
-127
-172
-164
-139
-112
-93
-77
-56
-46
-33
-15
-13
-1
-2
11
17
17
15
19
22
24
25
29
28
27
32
34
33
35
38
41
44
47
48
53
60
64
65
70
74
81
83
85
93
91
104
107
109
113
115
112
113
116
113
109
104
104
103
99
97
98
95
91
89
88
90
87
90
92
99
102
107
113
119
118
121
129
131
132
131
131
135
136
135
137
130
127
121
115
110
110
104
98
101
98
94
96
95
95
93
91
87
88
87
86
88
90
85
88
88
96
105
123
147
176
203
231
263
292
317
330
336
330
287
230
208
160
76
0
-79
-110
-93
-67
-49
-32
-20
-7
6
12
21
23
30
35
39
41
43
45
43
39
42
44
45
47
45
47
45
49
48
45
50
51
52
56
54
54
57
62
60
61
64
67
71
70
77
81
84
86
90
88
89
90
87
88
83
77
75
76
71
69
64
63
61
63
57
59
60
60
66
68
73
74
77
77
86
89
94
98
99
94
96
94
100
97
88
86
79
69
62
60
54
48
46
40
42
38
35
38
40
39
35
40
39
33
33
34
33
35
31
34
43
56
84
114
139
171
207
238
269
294
307
303
265
195
161
120
38
-44
-131
-183
-179
-159
-138
-119
-104
-91
-76
-66
-58
-51
-46
-45
-40
-34
-34
-32
-34
-31
-34
-37
-33
-34
-34
-33
-32
-30
-33
-27
-29
-26
-23
-23
-21
-18
-11
-10
-6
0
3
3
9
12
16
18
22
21
20
24
21
20
16
12
9
7
1
0
-6
-7
-12
-13
-21
-20
-19
-24
-23
-16
-12
-10
-3
-4
3
8
9
15
21
25
28
22
24
31
25
30
25
18
9
2
-5
-17
-24
-32
-34
-41
-42
-42
-41
-50
-50
-50
-48
-46
-44
-47
-47
-46
-48
-50
-51
-51
-39
-30
-10
25
58
84
124
163
199
232
256
264
238
165
109
82
8
-98
-190
-251
-275
-268
-252
-227
-212
-196
-183
-168
-159
-149
-141
-134
-124
-122
-116
-121
-119
-116
-123
-118
-118
-125
-123
-121
-122
-123
-123
-123
-119
-114
-114
-116
-110
-104
-107
-105
-99
-100
-95
-91
-89
-85
-83
-73
-68
-65
-61
-60
-58
-54
-59
-57
-62
-61
-68
-67
-73
-77
-78
-83
-84
-82
-86
-88
-87
-89
-89
-85
-79
-73
-69
-62
-59
-55
-50
-37
-38
-29
-28
-31
-27
-24
-21
-24
-30
-32
-38
-46
-56
-60
-68
-80
-83
-85
-89
-91
-86
-91
-93
-92
-91
-92
-91
-89
-90
-90
-89
-89
-87
-86
-78
-63
-38
-8
27
58
100
138
175
215
241
254
230
152
91
64
-7
-109
-207
-287
-309
-300
-279
-258
-240
-226
-212
-196
-186
-181
-172
-158
-154
-149
-144
-146
-142
-141
-142
-143
-140
-139
-136
-137
-134
-131
-134
-129
-128
-129
-125
-122
-113
-115
-104
-101
-98
-93
-87
-81
-78
-72
-66
-61
-63
-55
-48
-50
