2
-5
-1
-10
-8
-16
-14
-12
-28
-42
-53
-42
-44
-58
-66
-63
-54
-51
-59
-56
-47
-43
-29
-20
-12
4
8
5
17
13
6
16
9
13
5
-5
-7
-23
-33
-39
-49
-47
-68
-60
-63
-67
-68
-71
-69
-61
-55
-63
-61
-70
-83
-71
-58
-57
-54
-56
-35
-3
48
90
123
137
170
203
234
281
292
241
113
-4
-14
-74
-143
-195
-236
-241
-226
-219
-201
-186
-178
-165
-155
-159
-146
-129
-125
-106
-99
-109
-130
-146
-135
-128
-124
-114
-110
-117
-109
-120
-112
-99
-102
-102
-98
-91
-78
-78
-82
-67
-58
-56
-52
-37
-37
-35
-19
-19
-11
-15
-18
-15
-5
-15
-28
-14
-19
-22
-32
-54
-61
-60
-66
-66
-62
-68
-81
-73
-88
-96
-96
-88
-76
-68
-64
-70
-64
-46
-40
-22
-15
-17
-22
-28
-30
-34
-30
-33
-44
-41
-42
-56
-71
-79
-81
-86
-89
-100
-112
-106
-105
-101
-110
-115
-116
-116
-127
-123
-117
-113
-115
-113
-97
-79
-38
9
47
75
89
118
159
201
242
224
121
3
-33
-83
-159
-211
-256
-288
-269
-260
-253
-239
-233
-223
-220
-210
-202
-192
-185
-184
-172
-169
-172
-166
-168
-160
-162
-160
-161
-163
-158
-154
-149
-145
-142
-133
-136
-144
-144
-136
-129
-122
-116
-113
-105
-106
-104
-101
-95
-95
-92
-81
-98
-89
-98
-101
-108
-117
-128
-138
-138
-145
-149
-148
-152
-171
-191
-187
-183
-184
-190
-181
-167
-159
-162
-160
-163
-166
-148
-135
-129
-136
-145
-146
-146
-153
-169
-165
-180
-195
-207
-220
-218
-239
-255
-258
-256
-255
-266
-276
-275
-268
-264
-269
-276
-279
-284
-284
-282
-277
-274
-266
-239
-212
-164
-141
-110
-88
-55
-23
13
89
108
26
-102
-217
-249
-307
-363
-412
-444
-449
-438
-433
-436
-433
-415
-407
-402
-391
-386
-383
-369
-352
-350
-368
-374
-375
-373
-365
-353
-348
-348
-359
-360
-352
-342
-334
-332
-327
-330
-324
-315
-309
-307
-306
-300
-294
-284
-284
-283
-275
-269
-267
-279
-282
-278
-284
-294
-314
-309
-305
-304
-319
-322
-332
-337
-339
-347
-352
-349
-350
-353
-353
-351
-342
-338
-334
-328
-325
-327
-327
-310
-309
-296
-289
-293
-303
-298
-292
-294
-297
-310
-308
-316
-324
-333
-335
-344
-363
-364
-355
-351
-345
-339
-363
-397
-400
-397
-389
-389
-391
-386
-386
-381
-372
-366
-359
-314
-265
-224
-194
-168
-134
-86
-32
22
19
-96
-224
-273
-318
-383
-428
-462
-495
-499
-501
-511
-519
-526
-532
-539
-546
-549
-557
-562
-568
-569
-572
-577
-579
-581
-580
-580
-582
-581
-584
-582
-579
-579
-577
-578
-577
-577
-578
-580
-580
-579
-577
-578
-578
-575
-574
-575
-575
-574
-570
-573
-574
-573
-566
-572
-571
-574
-574
-571
-574
-575
-575
-577
-572
-574
-573
-574
-575
-575
-573
-571
-571
-570
-568
-565
-566
-564
-562
-564
-557
-558
-555
-557
-558
-554
-553
-551
-548
-552
-556
-555
-554
-554
-559
-558
-559
-558
-559
-560
-560
-556
-551
-561
-561
-558
-560
-552
-556
-555
-551
-552
-551
-547
-544
-537
-510
-492
-480
-471
-448
-425
-405
-342
-332
-413
-502
-522
-535
-552
-568
-570
-564
-565
-556
-556
-554
-551
-546
-544
-537
-534
-531
-518
-511
-509
-512
-513
-502
-502
-498
-496
-490
-483
-481
-482
-474
-465
-459
-455
-444
-445
-447
-434
-424
-412
-423
-430
-417
-405
-400
-397
-392
-385
-380
-373
-369
-359
-357
-359
-366
-368
-368
-368
-372
-373
-373
-381
-386
-389
-394
-399
-394
-395
-398
-389
-388
-384
-389
-377
-354
-353
-372
-367
-357
-351
-341
-328
-307
-321
-324
-300
-302
-317
-333
-337
-325
-332
-352
-351
-348
-354
-344
-337
-334
-337
-330
-320
-307
-318
-342
-336
-320
-310
-316
-322
-327
-322
-318
-305
-284
-251
-199
-138
-89
-59
-57
-33
13
85
119
53
-75
-192
-198
-255
-319
-366
-412
-417
-400
-382
-391
-404
-402
-391
-366
-353
-340
-319
-315
-330
-331
-315
-313
-308
-304
-302
-301
-296
-293
-296
-290
-291
-284
-285
-288
-285
-280
-274
-276
-272
-267
-264
-256
-254
-250
-247
-244
-248
-252
-250
-231
-241
-283
-329
-331
-343
-351
-358
-360
-373
-388
-390
-390
-389
-378
-360
-383
-405
-408
-411
-392
-394
-409
-390
-371
-363
-358
-349
-338
-322
-316
-298
-286
-279
-288
-283
-282
-281
-281
-285
-289
-293
-303
-310
-313
-322
-335
-346
-349
-350
-347
-348
-372
-386
-398
-409
-405
-423
-445
-437
-435
-432
-426
-419
-406
-382
-337
-311
-278
-257
-221
-180
-130
-69
-69
-160
-284
-355
-401
-457
-480
-496
-501
-499
-493
-491
-485
-481
-483
-477
-472
-448
-447
-465
-469
-460
-451
-452
-452
-446
-440
-438
-436
-430
-431
-428
-421
-423
-429
-420
-416
-414
-410
-403
-398
-396
-384
-377
-384
-392
-380
-373
-372
-377
-369
-360
-358
-363
-357
-337
-352
-377
-389
-378
-372
-384
-398
-395
-393
-397
-395
-393
-392
-390
-395
-393
-390
-391
-383
-378
-369
-359
-350
-360
-355
-347
-340
-333
-329
-335
-338
-334
-333
-334
-338
-343
-342
-353
-352
-361
-373
-380
-382
-384
-383
-365
-361
-365
-386
-396
-401
-391
-384
-377
-376
-380
-374
-373
-360
-357
-338
-291
-254
-229
-215
-183
-146
-99
-49
-61
-154
-272
-315
-364
-406
-433
-455
-462
-454
-442
-438
-428
-424
-417
-412
-400
-388
-382
-380
-374
-363
-368
-370
-373
-363
-364
-358
-357
-359
-352
-346
-347
-343
-343
-343
-344
-341
-339
-337
-337
-338
-338
-341
-333
-331
-327
-328
-331
-334
-335
-333
-336
-341
-352
-354
-360
-364
-378
-397
-410
-418
-426
-438
-447
-450
-459
-464
-468
-469
-478
-480
-478
-470
-470
-480
-481
-480
-476
-455
-452
-478
-487
-470
-467
-463
-456
-450
-449
-443
-446
-433
-423
-453
-469
-457
-447
-455
-456
-453
-454
-449
-446
-446
-450
-464
-471
-460
-462
-467
-465
-463
-466
-461
-459
-449
-430
-397
-381
-382
-387
-382
-375
-340
-284
-260
-315
-432
-497
-510
-529
-539
-544
-541
-542
-533
-532
-528
-525
-523
-523
-523
-520
-520
-518
-512
-515
-513
-512
-516
-513
-512
-510
-505
-506
-509
-508
-505
-500
-495
-497
-493
-490
-484
-487
-486
-479
-476
-468
-467
-464
-456
-456
-451
-446
-439
-427
-422
-426
-426
-435
-440
-442
-437
-434
-435
-438
-437
-429
-424
-427
-425
-430
-421
-427
-423
-423
-424
-430
-426
-418
-415
-405
-408
-403
-395
-397
-400
-389
-380
-382
-385
-380
-378
-378
-378
-378
-378
-372
-375
-376
-379
-381
-377
-381
-377
-371
-375
-372
-364
-363
-349
-357
-351
-347
-344
-336
-334
-338
-346
-344
-328
-311
-279
-242
-204
-177
-151
-119
-79
-30
40
94
40
-88
-182
-206
-253
-304
-348
-384
-382
-373
-370
-368
-356
-357
-347
-331
-324
-320
-314
-310
-294
-285
-282
-286
-283
-276
-275
-273
-269
-263
-264
-264
-254
-249
-244
-241
-230
-229
-227
-226
-218
-201
-190
-180
-174
-159
-148
-152
-157
-164
-192
-192
-174
-160
-149
-150
-148
-144
-135
-127
-111
-131
-167
-177
-169
-165
-162
-157
-136
-118
-137
-167
-170
-157
-144
-126
-118
-107
-102
-103
-100
-84
-68
-54
-39
-33
-40
-38
-29
-25
-34
-32
-32
-36
-45
-53
-49
-60
-76
-80
-73
-74
-91
-106
-109
-108
-110
-106
-84
-74
-82
-97
-119
-91
-53
-40
-32
-11
34
88
119
148
180
216
243
291
326
273
145
43
23
-37
-100
-145
-182
-183
-170
-162
-157
-141
-142
-150
-140
-132
-115
-104
-96
-92
-95
-92
-96
-102
-110
-125
-89
-75
-86
-76
-61
-74
-107
-123
-126
-147
-146
-167
-75
-51
-53
-29
-47
-84
-57
-11
-3
-17
-12
-26
-20
9
9
28
-7
-11
14
7
-10
-21
-24
-58
-66
-20
-29
-66
-77
-85
-28
-38
-38
-23
-31
-14
24
-10
-25
41
10
39
62
49
20
136
117
55
76
142
189
185
126
43
93
187
163
128
111
96
60
64
60
49
61
71
84
75
48
63
80
0
-22
36
153
154
93
198
212
136
167
294
421
401
408
441
471
440
312
193
134
37
-42
-101
-91
-80
-44
20
29
9
3
99
103
78
68
84
91
85
115
167
146
159
149
118
119
149
181
165
170
148
96
109
235
252
195
167
142
227
242
232
228
262
247
214
229
271
292
296
295
303
271
259
267
281
274
279
289
251
192
266
277
280
316
291
254
265
282
250
247
254
250
233
209
220
254
279
313
335
315
339
331
298
306
336
349
364
344
333
324
296
279
305
307
293
281
245
232
225
246
289
286
323
301
266
266
269
262
265
299
296
285
304
320
322
365
377
424
448
467
507
555
575
566
545
417
315
298
215
184
223
209
212
236
243
236
249
266
274
306
298
303
300
277
303
338
349
355
347
345
337
315
315
350
356
358
340
353
325
340
419
399
383
380
377
385
390
388
412
424
409
429
411
407
422
443
436
422
440
418
413
453
432
388
370
415
398
391
447
434
423
394
375
411
413
407
416
413
404
396
426
448
432
427
414
433
471
492
491
463
508
504
507
494
491
475
448
438
448
432
438
458
428
435
465
520
495
481
462
453
469
494
502
470
474
534
531
516
505
528
525
538
583
619
639
639
640
654
667
666
660
632
592
575
558
493
456
452
456
417
387
495
516
506
510
517
519
520
517
536
540
538
511
526
563
562
526
512
550
581
567
557
540
552
580
563
535
577
564
545
562
545
550
572
574
569
576
579
581
581
579
577
570
588
584
583
569
543
586
595
571
562
542
564
574
560
561
559
561
555
545
549
551
551
556
558
563
564
576
570
561
553
550
558
556
568
565
570
568
556
564
567
562
562
556
550
540
525
533
541
529
534
543
521
537
536
534
532
519
514
499
499
536
536
524
513
526
531
553
565
568
582
595
597
596
601
597
594
580
543
545
514
464
433
427
438
451
452
439
433
441
454
473
459
481
483
484
490
492
493
482
477
475
498
496
499
494
493
505
500
503
500
506
504
505
497
483
483
480
506
505
495
505
523
522
516
517
519
517
514
507
487
507
529
521
517
502
492
497
490
487
486
481
496
490
489
490
487
481
475
478
478
495
490
490
487
481
478
488
481
462
480
512
508
503
498
495
498
497
491
487
490
486
478
471
472
465
453
455
468
461
448
464
465
460
453
445
457
456
448
449
458
450
457
465
470
487
488
489
510
520
519
521
520
519
518
498
477
476
429
386
367
349
366
385
384
374
381
406
404
400
397
400
401
391
402
410
409
405
406
396
397
414
409
405
402
396
405
407
400
386
384
394
398
395
383
402
410
409
400
396
405
404
409
408
402
391
414
416
410
411
398
396
411
409
406
406
399
396
392
387
392
389
385
381
379
376
373
386
390
386
387
373
383
400
400
393
394
396
394
397
397
396
400
396
400
391
379
368
373
366
357
360
350
339
363
366
358
356
341
348
357
352
350
341
349
354
350
351
345
357
361
375
395
410
415
422
425
430
434
433
424
384
371
364
315
282
260
246
249
264
276
275
282
281
278
