-92
-89
-92
-93
-91
-91
-89
-86
-90
-95
-99
-101
-103
-102
-107
-104
-109
-109
-113
-111
-112
-111
-119
-119
-118
-115
-118
-116
-116
-121
-123
-123
-120
-119
-116
-115
-117
-115
-115
-107
-105
-106
-102
-97
-95
-92
-89
-90
-90
-96
-98
-98
-99
-103
-109
-110
-114
-117
-114
-118
-124
-128
-129
-126
-130
-126
-128
-128
-130
-128
-129
-126
-127
-131
-132
-132
-133
-128
-131
-133
-134
-140
-148
-145
-142
-137
-134
-134
-134
-147
-176
-214
-245
-265
-262
-250
-232
-213
-185
-163
-144
-132
-130
-140
-146
-144
-139
-128
-131
-128
-124
-125
-122
-120
-124
-122
-118
-118
-117
-118
-116
-114
-113
-111
-115
-115
-112
-114
-110
-105
-103
-103
-103
-108
-106
-105
-103
-101
-101
-99
-101
-99
-101
-97
-98
-95
-94
-97
-93
-94
-98
-94
-93
-95
-93
-93
-95
-89
-94
-97
-99
-102
-102
-105
-108
-105
-111
-114
-113
-108
-112
-112
-110
-115
-112
-113
-114
-114
-114
-113
-114
-112
-110
-113
-112
-109
-109
-103
-101
-98
-97
-88
-86
-83
-82
-80
-87
-84
-84
-90
-89
-90
-93
-98
-100
-106
-109
-106
-108
-116
-119
-123
-121
-119
-117
-122
-126
-127
-125
-127
-122
-119
-120
-120
-119
-119
-121
-119
-118
-124
-128
-134
-134
-136
-136
-130
-127
-121
-128
-140
-176
-215
-247
-254
-249
-231
-213
-194
-169
-143
-123
-113
-120
-123
-135
-134
-126
-120
-117
-110
-112
-112
-114
-112
-109
-107
-106
-106
-107
-112
-108
-109
-104
-105
-106
-105
-104
-103
-100
-102
-101
-101
-98
-97
-94
-93
-91
-95
-95
-93
-90
-90
-89
-88
-89
-92
-89
-91
-92
-90
-91
-87
-88
-85
-84
-87
-87
-87
-90
-93
-93
-96
-97
-101
-107
-102
-102
-106
-105
-107
-110
-111
-113
-112
-112
-113
-113
-116
-114
-114
-116
-110
-114
-111
-110
-110
-104
-102
-100
-99
-96
-96
-90
-85
-80
-80
-80
-82
-82
-82
-86
-86
-91
-97
-98
-104
-105
-103
-110
-112
-118
-121
-119
-124
-121
-123
-124
-125
-124
-120
-119
-117
-118
-120
-123
-119
-122
-118
-123
-130
-127
-134
-134
-136
-141
-135
-133
-127
-127
-137
-164
-203
-243
-258
-255
-242
-222
-205
-184
-159
-131
-120
-123
-134
-135
-136
-128
-125
-121
-117
-116
-117
-113
-115
-113
-115
-111
-111
-112
-112
-109
-104
-104
-104
-109
-105
-104
-100
-96
-96
-101
-99
-96
-92
-92
-92
-89
-88
-89
-87
-84
-83
-83
-88
-88
-90
-82
-81
-81
-83
-84
-82
-84
-82
-85
-81
-83
-85
-88
-88
-92
-92
-98
-100
-101
-102
-105
-100
-102
-106
-105
-103
-98
-104
-104
-105
-107
-103
-103
-100
-100
-102
-100
-100
-100
-99
-96
-99
-96
-91
-91
-87
-85
-83
-82
-76
-77
-76
-74
-83
-83
-82
-86
-93
-93
-97
-98
-102
-103
-105
-110
-110
-112
-116
-118
-115
-117
-118
-115
-113
-116
-109
-114
-112
-111
-111
-115
-119
-119
-117
-119
-120
-131
-130
-128
-125
-120
-114
-115
-131
-161
-203
-238
-252
-254
-241
-228
-211
-191
-168
-143
-129
-127
-128
-128
-128
-123
-116
-114
-114
-109
-107
-112
-110
-111
-109
-107
-107
-104
-105
-103
-100
-104
-105
-103
-101
-100
-101
-101
-96
-96
-89
-91
-93
-91
-92
-90
-91
-88
-86
-86
-89
-87
-85
-82
-79
-87
-82
-84
-84
-80
-83
-85
-84
-85
-82
-82
-85
-87
-86
-88
-90
-93
-96
-95
-98
-101
-99
-102
-102
-102
-105
-109
-110
-107
-104
-105
-103
-106
-103
-104
-103
-100
-98
-101
-96
-96
-92
-95
-89
-84
-81
-77
-76
-74
-70
-72
-73
-73
-75
-74
-81
-81
-84
-90
-95
-96
-95
-99
-101
-104
-105
-107
-107
-104
-107
-113
-109
-110
-113
-110
-114
-109
-107
-111
-108
-111
-107
-111
-110
-114
-121
-119
-122
-120
-114
-112
-107
-110
-115
-149
-187
-224
-239
-237
-222
-202
-185
-164
-140
-118
-109
-110
-112
-117
-116
-110
-105
-105
-102
-100
-98
-98
-100
-97
-96
-92
-91
-90
-89
-94
-89
-86
-91
-90
-88
-86
-85
-83
-83
-77
-79
-81
-77
-77
-74
-73
-73
-74
-76
-70
-72
-72
-69
-70
-71
-70
-71
-69
-66
-67
-66
-65
-66
-66
-66
-66
-70
-75
-69
-76
-74
-77
-74
-84
-86
-87
-87
-83
-83
-88
-92
-91
-91
-92
-90
-91
-86
-91
-91
-91
-89
-85
-84
-85
-85
-84
-80
-76
-73
-70
-72
-69
-61
-61
-58
-56
-56
-60
-64
-62
-66
-68
-76
-76
-85
-88
-86
-86
-91
-95
-98
-101
-101
-96
-99
-96
-97
-99
-99
-100
-95
-94
-98
-97
-96
-99
-102
-100
-100
-102
-108
-115
-112
-112
-107
-106
-104
-103
-105
-129
-166
-205
-233
-232
-223
-210
-187
-167
-142
-119
-103
-98
-105
-107
-111
-107
-100
-97
-90
-89
-88
-89
-88
-86
-85
-86
-82
-83
-84
-83
-83
-84
-83
-79
-76
-78
-78
-73
-72
-78
-74
-74
-73
-68
-68
-62
-64
-62
-63
-66
-62
-62
-62
-62
-60
-63
-60
-53
-54
-55
-57
-57
-53
-60
-57
-53
-54
-60
-64
-59
-62
-64
-71
-70
-73
-77
-75
-75
-77
-77
-81
-81
-79
-80
-77
-75
-80
-81
-79
-83
-77
-76
-75
-74
-77
-72
-70
-66
-64
-64
-64
-58
-52
-49
-45
-44
-43
-41
-48
-48
-48
-52
-51
-57
-62
-67
-64
-65
-72
-72
-76
-79
-80
-83
-84
-86
-86
-85
-82
-82
-87
-82
-82
-87
-84
-81
-80
-81
-84
-84
-90
-96
-99
-102
-102
-98
-93
-87
-90
-102
-141
-182
-212
-218
-209
-189
-170
-151
-127
-100
-83
-77
-86
-93
-97
-94
-91
-81
-77
-77
-77
-76
-72
-73
-67
-68
-70
-72
-74
-69
-70
-70
-68
-70
-68
-62
-63
-61
-59
-59
-58
-57
-55
-57
-49
-51
-48
-49
-50
-46
-47
-49
-48
-44
-50
-47
-49
-44
-48
-43
-47
-46
-43
-47
-40
-48
-46
-48
-47
-50
-58
-58
-60
-59
-64
-63
-64
-67
-70
-71
-72
-68
-68
-70
-71
-72
-76
-76
-72
-71
-68
-70
-70
-72
-72
-66
-69
-64
-66
-63
-60
-52
-50
-50
-50
-51
-50
-47
-50
-51
-54
-51
-60
-67
-70
-70
-75
-72
-75
-82
-85
-85
-85
-87
-89
-86
-88
-80
-84
-88
-86
-87
-84
-86
-81
-87
-87
-84
-84
-91
-93
-96
-96
-100
-97
-92
-86
-80
-82
-110
-147
-181
-210
-220
-212
-196
-182
-160
-138
-112
-93
-84
-89
-92
-93
-87
-83
-78
-79
-79
-77
-75
-74
-72
-75
-71
-71
-67
-63
-70
-70
-68
-70
-70
-67
-68
-64
-64
-64
-64
-59
-59
-56
-55
-53
-54
-56
-52
-49
-49
-46
-46
-48
-47
-42
-46
-46
-46
-48
-45
-40
-40
-43
-41
-43
-47
-45
-44
-49
-49
-52
-53
-57
-56
-58
-61
-63
-62
-68
-68
-70
-67
-68
-67
-64
-72
-64
-63
-65
-65
-68
-63
-65
-63
-60
-63
-56
-59
-55
-49
-45
-48
-43
-39
-32
-36
-34
-36
-39
-43
-40
-45
-48
-52
-54
-61
-60
-63
-63
-64
-68
-74
-76
-72
-70
-73
-74
-76
-79
-77
-74
-76
-70
-72
-74
-76
-74
-71
-76
-76
-82
-90
-92
-91
-88
-82
-81
-80
-84
-104
-145
-184
-212
-216
-211
-196
-174
-156
-129
-107
-89
-82
-85
-90
-90
-87
-83
-76
-77
-73
-73
-76
-71
-70
-73
-67
-69
-66
-70
-69
-68
-67
-66
-67
-63
-63
-61
-60
-58
-57
-61
-56
-55
-55
-54
-50
-48
-50
-49
-47
-49
-46
-44
-46
-44
-44
-46
-45
-44
-40
-42
-46
-45
-43
-43
-44
-45
-50
-47
-51
-53
-55
-59
-59
-63
-68
-67
-68
-66
-66
-68
-71
-72
-69
-72
-69
-70
-71
-71
-68
-70
-69
-66
-67
-68
-68
-64
-59
-58
-56
-55
-51
-47
-47
-43
-39
-36
-41
-40
-42
-42
-40
-44
-47
-53
-59
-61
-63
-63
-64
-72
-74
-77
-78
-79
-73
-78
-81
-80
-78
-80
-79
-72
-81
-77
-81
-73
-71
-76
-79
-81
-86
-91
-92
-92
-87
-88
-85
-77
-81
-97
-128
-171
-205
-211
-204
-187
-170
-148
-123
-98
-80
-75
-81
-87
-89
-92
-84
-75
-72
-72
-71
-72
-70
-71
-73
-70
-65
-66
-66
-68
-68
-63
-63
-63
-66
-63
-61
-58
-60
-57
-59
-52
-50
-56
-49
-51
-53
-52
-51
-49
-51
-48
-49
-49
-49
-47
-48
-46
-44
-47
-42
-38
-42
-41
-41
-45
-48
-54
-54
-56
-56
-60
-59
-61
-62
-67
-69
-71
-68
-75
-70
-74
-74
-73
-73
-72
-75
-71
-74
-71
-69
-70
-70
-69
-69
-62
-66
-60
-63
-62
-54
-52
-50
-48
-45
-46
-49
-43
-45
-45
-42
-51
-48
-53
-61
-64
-66
-66
-73
-76
-80
-78
-81
-79
-83
-80
-85
-84
-82
-83
-83
-83
-86
-86
-83
-82
-81
-85
-86
-91
-92
-94
-99
-101
-98
-93
-90
-76
-73
-87
-125
-174
-212
-231
-233
-220
-210
-194
-173
-143
-111
-97
-98
-94
-98
-94
-86
-80
-80
-79
-79
-77
-75
-70
-75
-76
-72
-71
-70
-71
-71
-72
-70
-72
-71
-69
-66
-69
-67
-64
-64
-62
-61
-60
-63
-66
-62
-61
-60
-58
-57
-58
-64
-60
-56
-55
-56
-56
-60
-60
-56
-57
-52
-55
-53
-57
-55
-55
-57
-58
-63
-64
-67
-70
-70
-72
-68
-75
-72
-72
-72
-75
-75
-74
-77
-74
-76
-75
-75
-71
-75
-75
-73
-69
-71
-69
-72
-68
-66
-62
-59
-58
-56
-54
-50
-46
-43
-43
-49
-50
-54
-55
-59
-57
-62
-65
-71
-73
-76
-75
-79
-83
-87
-85
-86
-86
-87
-87
-88
-90
-84
-87
-84
-85
-86
-85
-84
-87
-85
-84
-88
-94
-91
-96
-95
-94
-91
-87
-87
-97
-126
-164
-195
-214
-212
-201
-182
-165
-144
-121
-101
-89
-88
-92
-95
-96
-93
-84
-80
-79
-79
-78
-78
-79
-76
-75
-77
-80
-77
-77
-78
-72
-73
-72
-72
-71
-71
-69
-71
-67
-64
-66
-64
-64
-63
-61
-60
-57
-55
-60
-59
-60
-55
-53
-55
-56
-56
-54
