-50
-45
-47
-47
-42
-41
-40
-34
-33
-30
-25
-22
-22
-23
-16
-19
-14
-12
-16
-21
-20
-23
-25
-28
-31
-35
-42
-44
-47
-53
-56
-56
-60
-59
-58
-60
-62
-62
-65
-61
-61
-61
-59
-55
-62
-63
-59
-62
-60
-67
-71
-78
-83
-86
-87
-90
-85
-85
-101
-118
-139
-159
-166
-153
-135
-105
-76
-48
-25
-7
1
-13
-32
-49
-61
-63
-58
-57
-60
-60
-58
-54
-56
-53
-51
-57
-55
-52
-53
-55
-54
-52
-55
-51
-51
-54
-51
-47
-50
-49
-49
-49
-46
-48
-50
-46
-47
-46
-46
-49
-47
-51
-49
-45
-45
-44
-44
-47
-44
-44
-44
-43
-42
-43
-44
-46
-49
-45
-51
-48
-47
-49
-47
-54
-53
-54
-53
-50
-51
-50
-53
-53
-58
-52
-56
-56
-54
-55
-55
-57
-55
-58
-57
-57
-54
-50
-48
-43
-42
-42
-42
-39
-30
-31
-27
-22
-23
-20
-21
-19
-23
-26
-22
-24
-31
-35
-38
-42
-41
-45
-50
-52
-55
-60
-64
-64
-65
-63
-61
-61
-64
-63
-65
-64
-60
-60
-65
-66
-61
-62
-62
-73
-72
-76
-82
-82
-88
-89
-87
-92
-104
-123
-143
-158
-165
-151
-128
-98
-64
-32
-7
11
18
2
-25
-47
-60
-60
-56
-56
-56
-58
-60
-57
-58
-54
-51
-50
-50
-49
-54
-52
-54
-52
-50
-45
-49
-45
-47
-51
-48
-47
-41
-38
-43
-40
-40
-42
-39
-40
-37
-39
-36
-36
-37
-35
-36
-37
-41
-34
-34
-37
-35
-34
-36
-35
-35
-31
-28
-30
-32
-35
-37
-43
-42
-40
-35
-39
-39
-43
-44
-43
-44
-46
-45
-39
-44
-49
-44
-46
-46
-42
-43
-41
-44
-41
-44
-40
-40
-37
-35
-35
-32
-30
-25
-22
-18
-18
-17
-12
-12
-12
-13
-20
-18
-20
-22
-25
-30
-37
-39
-43
-48
-56
-54
-56
-56
-58
-58
-59
-59
-62
-63
-58
-57
-55
-61
-59
-58
-58
-58
-61
-62
-67
-77
-82
-88
-90
-87
-87
-88
-97
-116
-138
-152
-162
-151
-130
-100
-72
-45
-20
7
25
21
1
-26
-49
-61
-59
-58
-64
-60
-60
-58
-58
-55
-56
-55
-56
-54
-55
-57
-52
-53
-51
-55
-52
-49
-52
-50
-48
-47
-43
-42
-48
-46
-48
-45
-43
-41
-41
-45
-42
-41
-45
-43
-41
-42
-39
-42
-45
-44
-43
-42
-38
-39
-38
-41
-39
-38
-42
-40
-41
-41
-43
-40
-45
-40
-43
-42
-43
-46
-48
-49
-47
-48
-50
-50
-46
-47
-48
-44
-42
-43
-41
-44
-43
-42
-38
-39
-38
-39
-37
-40
-32
-29
-27
-24
-17
-16
-14
-11
-12
-13
-12
-12
-13
-17
-23
-28
-32
-33
-35
-39
-42
-44
-51
-54
-53
-53
-52
-53
-53
-56
-57
-56
-53
-53
-55
-51
-54
-48
-50
-53
-57
-59
-66
-67
-74
-78
-78
-80
-82
-82
-93
-116
-135
-148
-154
-141
-116
-85
-53
-16
6
32
42
31
3
-23
-47
-55
-52
-50
-48
-50
-53
-53
-53
-55
-54
-49
-47
-49
-49
-47
-47
-45
-45
-44
-43
-36
-42
-40
-42
-44
-45
-43
-40
-38
-41
-40
-41
-38
-36
-38
-39
-38
-37
-37
-37
-37
-37
-34
-32
-34
-34
-34
-33
-37
-32
-32
-31
-36
-33
-36
-41
-36
-39
-37
-36
-38
-36
-36
-38
-41
-45
-46
-41
-41
-42
-44
-43
-44
-45
-45
-43
-41
-44
-45
-44
-45
-43
-37
-36
-36
-31
-28
-26
-28
-21
-18
-14
-8
-4
-9
-9
-10
-14
-16
-19
-22
-31
-38
-41
-40
-43
-46
-52
-57
-52
-59
-61
-57
-61
-60
-59
-59
-58
-57
-58
-59
-60
-59
-57
-54
-56
-61
-67
-74
-84
-89
-86
-89
-90
-89
-93
-111
-131
-148
-163
-156
-138
-111
-85
-58
-35
-10
1
-2
-17
-40
-57
-58
-59
-57
-57
-54
-59
-53
-51
-50
-51
-52
-53
-49
-48
-47
-46
-46
-46
-48
-49
-48
-46
-43
-40
-39
-41
-41
-41
-43
-39
-35
-38
-36
-37
-34
-37
-37
-37
-36
-34
-33
-32
-36
-40
-39
-33
-30
-27
-30
-31
-36
-34
-36
-35
-33
-36
-37
-33
-39
-43
-39
-43
-44
-36
-40
-39
-41
-40
-45
-45
-46
-46
-41
-41
-41
-42
-40
-41
-37
-40
-40
-41
-36
-38
-35
-35
-28
-28
-24
-17
-14
-16
-12
-7
-11
-11
-8
-12
-9
-11
-16
-19
-24
-32
-30
-35
-35
-42
-48
-46
-49
-54
-51
-54
-54
-54
-54
-58
-60
-59
-55
-55
-54
-54
-53
-57
-60
-59
-63
-67
-72
-80
-83
-84
-88
-84
-85
-97
-117
-138
-156
-167
-156
-137
-111
-79
-51
-26
-5
-2
-10
-29
-50
-58
-61
-52
-55
-56
-58
-58
-56
-53
-51
-50
-50
-54
-56
-56
-53
-53
-54
-50
-52
-50
-51
-52
-49
-50
-47
-44
-47
-48
-47
-45
-45
-45
-46
-43
-41
-44
-45
-47
-46
-45
-44
-43
-43
-46
-42
-44
-43
-41
-43
-44
-42
-42
-44
-43
-45
-45
-46
-44
-47
-47
-55
-54
-54
-55
-56
-55
-51
-53
-54
-57
-56
-56
-57
-55
-48
-52
-50
-54
-53
-53
-51
-48
-49
-45
-39
-37
-38
-37
-33
-27
-22
-23
-20
-20
-23
-24
-23
-22
-26
-29
-30
-38
-44
-47
-45
-52
-52
-57
-55
-56
-61
-63
-61
-62
-62
-64
-61
-62
-63
-66
-65
-63
-64
-60
-64
-68
-72
-80
-88
-87
-87
-88
-88
-92
-94
-103
-125
-143
-155
-164
-153
-131
-101
-73
-45
-16
5
15
3
-20
-45
-60
-67
-62
-63
-60
-59
-60
-61
-60
-59
-60
-57
-53
-52
-53
-52
-56
-55
-55
-54
-52
-49
-48
-48
-50
-46
-50
-50
-48
-45
-42
-43
-42
-44
-46
-44
-45
-43
-37
-40
-42
-44
-44
-43
-42
-38
-38
-39
-36
-38
-40
-40
-38
-38
-38
-36
-33
-39
-38
-48
-45
-47
-47
-46
-45
-47
-51
-51
-53
-52
-46
-48
-51
-46
-55
-50
-54
-52
-49
-50
-51
-50
-50
-47
-44
-43
-42
-40
-32
-32
-29
-27
-25
-20
-20
-18
-22
-22
-26
-25
-27
-33
-34
-39
-43
-45
-44
-50
-54
-58
-63
-63
-63
-65
-64
-66
-66
-64
-66
-64
-61
-63
-63
-66
-68
-67
-70
-70
-71
-76
-84
-83
-90
-97
-89
-88
-95
-114
-132
-156
-168
-164
-148
-122
-89
-56
-26
0
11
11
-3
-29
-53
-61
-61
-60
-61
-65
-67
-69
-63
-62
-62
-62
-60
-59
-57
-61
-59
-60
-60
-59
-56
-60
-63
-60
-53
-52
-55
-55
-55
-54
-54
-55
-52
-52
-53
-51
-46
-49
-47
-53
-51
-49
-49
-49
-48
-52
-50
-49
-47
-45
-48
-45
-44
-47
-46
-47
-47
-46
-47
-50
-55
-51
-54
-56
-53
-58
-56
-57
-60
-55
-55
-57
-55
-59
-56
-57
-54
-55
-57
-58
-60
-55
-56
-53
-45
-42
-44
-42
-39
-33
-32
-28
-26
-23
-24
-22
-24
-28
-22
-26
-28
-36
-38
-43
-45
-47
-52
-51
-55
-60
-62
-60
-62
-61
-63
-66
-68
-63
-63
-61
-64
-63
-65
-62
-63
-59
-66
-65
-75
-83
-90
-89
-88
-90
-98
-100
-117
-138
-154
-160
-153
-138
-113
-85
-55
-22
3
26
23
5
-21
-46
-60
-59
-61
-59
-63
-61
-63
-63
-62
-61
-60
-59
-59
-56
-56
-55
-58
-61
-61
-55
-52
-57
-52
-53
-52
-51
-51
-52
-50
-46
-46
-46
-47
-48
-46
-52
-47
-46
-48
-47
-49
-46
-47
-42
-44
-43
-44
-47
-45
-45
-49
-50
-47
-44
-46
-46
-49
-48
-51
-52
-51
-51
-53
-52
-53
-54
-55
-54
-53
-56
-55
-54
-57
-54
-56
-55
-56
-55
-55
-55
-55
-56
-54
-51
-53
-45
-42
-40
-40
-32
-34
-26
-23
-25
-26
-25
-29
-29
-32
-35
-40
-42
-45
-48
-53
-56
-61
-67
-70
-69
-67
-72
-72
-72
-75
-74
-72
-70
-74
-70
-71
-73
-71
-73
-74
-76
-78
-82
-85
-93
-99
-103
-102
-103
-105
-110
-120
-139
-158
-172
-174
-159
-132
-96
-70
-38
-14
13
15
0
-23
-50
-67
-72
-72
-72
-76
-76
-74
-75
-71
-71
-69
-67
-67
-64
-65
-64
-68
-63
-68
-64
-63
-62
-68
-60
-60
-60
-61
-60
-64
-61
-61
-56
-57
-55
-56
-58
-56
-55
-55
-53
-54
-56
-58
-55
-59
-54
-52
-50
-47
-45
-49
-53
-51
-53
-51
-54
-54
-56
-53
-53
-57
-56
-56
-58
-59
-58
-60
-64
-64
-60
-61
-62
-57
-59
-58
-56
-58
-62
-60
-61
-59
-57
-54
-49
-50
-50
-47
-45
-45
-39
-33
-34
-29
-29
-30
-29
-28
-27
-28
-30
-31
-34
-42
-43
-49
-50
-53
-58
-55
-61
-67
-68
-68
-64
-70
-68
-67
-72
-67
-68
-67
-69
-67
-68
-65
-67
-72
-74
-78
-82
-90
-92
-96
-99
-103
-103
-100
-107
-126
-142
-158
-177
-178
-165
-143
-117
-84
-62
-39
-25
-21
-35
-54
-71
-77
-77
-74
-72
-71
-72
-75
-71
-72
-70
-69
-69
-69
-72
-69
-69
-67
-72
-66
-69
-68
-65
-64
-66
-64
-62
-60
-60
-61
-59
-59
-60
-60
-59
-60
-58
-57
-58
-55
-57
-59
-56
-54
-56
-53
-55
-58
-58
-59
-59
-57
-58
-59
-56
-56
-58
-59
-58
-59
-58
-62
-60
-63
-68
-64
-61
-67
-66
-63
-63
-66
-67
-68
-70
-67
-71
-64
-67
-66
-68
-68
-66
-64
-67
-61
-57
-55
-53
-53
-53
-43
-43
-41
-38
-36
-34
-34
-35
-35
-40
-40
-38
-48
-50
-56
-58
-59
-62
-66
-73
-74
-73
-77
-76
-78
-80
-81
-81
-81
-78
-83
-79
-81
-80
-80
-79
-78
-80
-84
-88
-96
-101
-103
-103
-108
-105
-111
-118
-133
-155
-168
-170
-167
-143
-116
-92
-64
-38
-17
0
-7
-26
-47
-64
-77
-76
-74
-75
-73
-72
-70
-74
-72
-70
-70
-68
-69
-67
-69
-67
-68
-69
-66
-67
-67
-63
-64
-62
-63
-64
-61
-61
-60
-59
-59
-55
-57
-57
-58
-55
-56
-59
-56
-53
-55
-56
-55
-56
-55
-57
-51
-51
-52
-52
-52
-52
-51
-52
-53
-48
-49
-48
-56
-50
-51
-51
-48
-56
-55
-54
-57
-58
-55
-54
-56
-56
-57
-55
-52
-55
-57
-55
-57
-55
-52
-50
-52
-49
-48
-40
-40
-37
-36
-34
-32
-30
-28
-25
-23
-27
-27
-28
-31
-32
-39
-41
-46
-49
-48
-52
-57
-60
-63
-66
-68
-64
-66
-67
-70
-70
-74
-70
-67
-68
-67
-66
-68
-70
-72
-72
-73
-78
-84
-89
-96
-98
-101
-101
-105
-109
-125
-142
-161
-170
-163
-139
-114
-81
-50
-22
0
16
7
-16
-43
-59
-69
-71
-67
-68
-72
-73
-75
-74
-72
-68
-66
-68
-65
-68
-69
-65
-64
-63
-63
-61
-63
-63
-64
-63
-57
-56
-61
-59
-61
-58
-58
-60
-57
-58
-56
-57
-55
-60
-56
-55
-57
-53
-50
-50
-54
-52
-54
-56
-54
-53
-53
-49
-51
-54
-57
-53
-54
-55
-59
-55
-58
-59
-59
-60
-59
-62
-59
-57
-59
-60
-62
-59
-62
-58
-59
-58
-63
-62
-60
-62
-64
-57
-58
-53
-50
-48
-47
-43
-38
-36
-32
-27
-28
-27
-27
