-42
-43
-47
-48
-51
-47
-45
-45
-49
-50
-50
-48
-50
-52
-48
-53
-48
-38
-33
-23
-6
15
40
62
77
90
100
107
105
95
85
66
55
50
45
49
53
49
34
24
10
-1
-15
-29
-35
-38
-42
-39
-43
-53
-56
-63
-60
-59
-60
-66
-71
-75
-74
-77
-72
-74
-72
-70
-64
-60
-48
-33
-4
49
130
220
299
372
416
425
388
321
243
115
-13
-141
-269
-397
-450
-370
-282
-212
-166
-141
-128
-124
-129
-128
-131
-137
-144
-144
-144
-147
-146
-145
-147
-156
-162
-161
-164
-167
-170
-172
-177
-172
-175
-178
-181
-180
-183
-178
-183
-182
-176
-170
-161
-155
-155
-149
-138
-125
-115
-104
-86
-71
-64
-45
-31
-26
-26
-17
-19
-20
-21
-24
-24
-24
-29
-32
-32
-33
-36
-39
-43
-43
-43
-46
-46
-48
-51
-49
-52
-51
-52
-53
-53
-53
-52
-49
-47
-40
-37
-29
-18
2
17
42
55
78
91
103
109
111
99
83
68
56
45
47
54
56
47
39
23
10
-3
-21
-31
-40
-37
-38
-38
-45
-52
-63
-64
-64
-62
-66
-68
-76
-80
-78
-78
-76
-74
-71
-70
-66
-58
-46
-24
6
72
155
241
321
387
420
408
352
282
177
49
-79
-207
-335
-463
-432
-344
-260
-199
-160
-145
-133
-129
-129
-129
-134
-141
-141
-140
-143
-144
-144
-145
-152
-151
-155
-158
-158
-167
-166
-167
-169
-169
-170
-170
-170
-170
-171
-168
-159
-156
-156
-151
-146
-143
-137
-127
-113
-109
-96
-79
-63
-49
-41
-29
-20
-18
-12
-11
-15
-17
-13
-19
-24
-25
-26
-25
-26
-28
-32
-33
-32
-32
-33
-34
-37
-37
-41
-38
-40
-45
-44
-43
-44
-41
-43
-40
-38
-34
-27
-20
-13
7
29
60
76
90
103
117
120
119
111
98
78
63
51
51
57
57
49
39
28
11
4
-9
-17
-28
-33
-32
-28
-38
-44
-53
-57
-59
-54
-57
-63
-67
-66
-66
-66
-63
-63
-58
-55
-52
-44
-43
-22
20
86
172
249
325
384
409
388
321
248
142
14
-114
-242
-370
-478
-404
-308
-226
-171
-138
-122
-113
-116
-115
-115
-116
-120
-120
-126
-128
-127
-133
-138
-142
-141
-145
-148
-150
-153
-157
-159
-161
-161
-161
-161
-161
-163
-163
-155
-153
-151
-149
-144
-139
-135
-125
-119
-109
-97
-84
-72
-64
-52
-37
-29
-24
-16
-16
-15
-14
-16
-20
-25
-22
-27
-30
-30
-33
-36
-39
-39
-40
-43
-41
-40
-48
-47
-44
-46
-51
-53
-53
-53
-49
-49
-50
-49
-46
-39
-30
-18
-2
24
50
68
85
104
111
120
115
104
90
74
60
49
50
51
52
48
38
21
7
-1
-14
-31
-39
-39
-37
-38
-46
-54
-62
-66
-66
-64
-64
-66
-72
-78
-80
-78
-73
-72
-71
-68
-67
-63
-52
-37
2
60
146
225
301
360
398
385
327
249
144
16
-112
-240
-368
-496
-436
-347
-256
-201
-162
-142
-139
-134
-136
-138
-139
-149
-146
-150
-154
-157
-162
-163
-167
-173
-172
-173
-176
-182
-182
-183
-182
-186
-188
-188
-191
-193
-191
-187
-186
-177
-178
-174
-176
-168
-161
-144
-136
-128
-113
-101
-89
-81
-64
-53
-45
-39
-40
-40
-38
-42
-42
-48
-48
-49
-51
-57
-56
-59
-60
-60
-68
-66
-71
-75
-77
-78
-79
-80
-75
-79
-79
-80
-84
-86
-85
-80
-80
-81
-72
-61
-48
-21
0
19
39
57
62
65
63
51
40
19
2
-3
2
13
12
0
-16
-36
-43
-49
-57
-75
-90
-89
-82
-82
-87
-99
-107
-110
-107
-108
-111
-119
-124
-131
-130
-127
-125
-120
-115
-117
-120
-117
-104
-74
-25
42
127
216
300
368
397
380
328
264
141
13
-115
-243
-371
-499
-456
-378
-304
-242
-202
-199
-202
-197
-192
-190
-196
-199
-202
-206
-214
-221
-221
-222
-221
-226
-229
-237
-244
-253
-254
-255
-249
-248
-255
-257
-260
-258
-256
-256
-253
-254
-244
-243
-238
-236
-230
-220
-210
-194
-185
-170
-154
-139
-130
-118
-106
-101
-100
-100
-98
-95
-94
-96
-96
-104
-107
-112
-112
-113
-114
-113
-113
-116
-114
-118
-119
-123
-127
-125
-123
-123
-125
-126
-126
-126
-124
-120
-117
-113
-99
-86
-63
-40
-24
-8
6
17
22
22
18
14
0
-15
-23
-28
-18
-23
-32
-44
-57
-68
-81
-92
-103
-104
-104
-102
-105
-111
-122
-128
-131
-129
-122
-126
-130
-134
-136
-138
-137
-131
-125
-120
-118
-113
-103
-94
-66
-15
62
155
248
330
386
403
365
316
252
124
-4
-132
-260
-388
-516
-439
-356
-281
-219
-200
-189
-183
-183
-186
-184
-186
-187
-191
-195
-197
-197
-202
-205
-205
-209
-214
-218
-221
-219
-224
-221
-223
-228
-229
-230
-229
-226
-224
-223
-223
-218
-211
-207
-197
-193
-183
-178
-163
-151
-136
-121
-106
-95
-83
-73
-63
-54
-54
-54
-55
-57
-57
-59
-62
-65
-68
-70
-68
-66
-65
-68
-69
-69
-70
-69
-73
-73
-73
-73
-77
-77
-79
-77
-76
-76
-73
-70
-70
-64
-61
-54
-39
-18
4
26
39
55
66
74
79
79
65
54
36
26
21
22
23
24
19
5
-2
-21
-31
-42
-52
-52
-55
-56
-60
-67
-78
-84
-85
-83
-83
-83
-88
-92
-94
-96
-93
-87
-81
-84
-77
-74
-64
-51
-22
34
118
210
293
353
404
398
353
294
208
80
-48
-176
-304
-432
-452
-363
-279
-218
-176
-155
-148
-143
-144
-143
-147
-149
-148
-151
-156
-157
-165
-168
-172
-173
-176
-177
-179
-182
-183
-184
-186
-186
-187
-186
-187
-188
-187
-187
-191
-185
-179
-178
-173
-165
-159
-151
-140
-130
-117
-103
-89
-74
-63
-52
-43
-34
-31
-28
-27
-29
-28
-35
-34
-35
-38
-44
-45
-45
-42
-42
-46
-47
-46
-48
-50
-52
-53
-58
-59
-54
-56
-58
-54
-53
-55
-50
-48
-42
-37
-28
-9
10
36
59
75
87
100
111
108
97
82
64
55
44
41
43
50
46
35
21
9
-1
-15
-20
-31
-36
-38
-34
-40
-48
-56
-60
-67
-64
-67
-66
-72
-81
-83
-81
-84
-77
-71
-70
-72
-67
-61
-38
1
57
143
228
310
377
425
420
373
309
213
85
-43
-171
-299
-427
-440
-356
-282
-220
-184
-157
-147
-147
-153
-153
-154
-160
-161
-166
-169
-171
-177
-185
-185
-185
-189
-189
-196
-199
-197
-203
-204
-206
-212
-212
-211
-209
-215
-212
-214
-209
-205
-202
-195
-191
-188
-175
-168
-155
-143
-128
-118
-103
-87
-77
-67
-57
-48
-54
-53
-52
-59
-59
-61
-62
-63
-64
-65
-68
-70
-70
-73
-71
-74
-77
-74
-76
-77
-76
-77
-80
-78
-78
-76
-75
-78
-77
-70
-62
-58
-42
-21
0
21
38
54
67
78
83
79
67
53
39
32
27
28
35
36
31
19
5
-8
-16
-28
-34
-41
-42
-40
-40
-47
-50
-56
-63
-58
-54
-58
-66
-70
-72
-71
-73
-64
-64
-57
-53
-53
-47
-35
-16
14
79
157
243
318
378
414
401
358
309
231
103
-25
-153
-281
-409
-399
-315
-242
-179
-137
-121
-112
-109
-108
-107
-109
-111
-113
-114
-118
-120
-126
-125
-127
-129
-132
-132
-138
-144
-147
-146
-150
-152
-150
-151
-149
-151
-146
-149
-148
-144
-146
-140
-133
-130
-122
-113
-104
-93
-83
-69
-54
-37
-25
-13
-3
2
7
8
12
10
11
9
7
6
3
2
1
1
0
-3
0
-4
-1
-6
-4
-9
-11
-10
-10
-13
-11
-12
-11
-10
-9
-9
-9
-5
1
7
15
31
51
68
91
112
126
142
149
153
146
129
117
106
91
86
87
89
88
84
71
60
48
38
26
17
10
7
10
7
1
-4
-13
-15
-18
-18
-16
-25
-29
-32
-34
-32
-27
-30
-27
-27
-20
-15
-8
14
51
114
195
275
340
390
413
392
348
299
213
85
-43
-171
-299
-427
-367
-289
-214
-158
-117
-102
-93
-90
-93
-94
-95
-99
-100
-104
-108
-112
-112
-117
-117
-121
-123
-129
-128
-129
-129
-133
-139
-138
-139
-142
-141
-140
-137
-138
-139
-135
-126
-124
-116
-115
-109
-97
-92
-81
-72
-58
-41
-30
-16
-6
2
7
10
11
14
15
14
10
7
5
2
0
2
-1
-4
-3
-1
-4
-3
-5
-11
-12
-12
-12
-10
-14
-11
-12
-15
-15
-13
-14
-11
-6
0
3
16
30
56
76
93
108
123
135
139
142
131
118
102
86
74
73
74
77
74
69
52
41
26
12
4
-1
-5
-7
-4
-10
-16
-21
-33
-34
-34
-32
-35
-38
-38
-39
-39
-37
-31
-24
-22
-14
-8
-2
16
45
86
147
217
287
344
385
380
336
288
221
93
-35
-163
-291
-419
-409
-329
-249
-184
-134
-110
-92
-91
-93
-92
-95
-102
-102
-102
-107
-113
-115
-116
-119
-126
-130
-131
-134
-138
-137
-140
-145
-146
-145
-149
-147
-149
-152
-149
-145
-141
-139
-138
-136
-133
-128
-116
-109
-102
-91
-76
-63
-54
-38
-19
-6
0
-2
-18
-28
-30
-31
-30
-32
-36
-41
-44
-39
-33
-30
-35
-45
-51
-49
-46
-50
-49
-46
-48
-52
-59
-61
-59
-58
-59
-57
-52
-45
-34
-26
-20
-10
13
35
51
74
89
97
102
102
93
72
53
35
21
17
31
44
46
36
12
-9
-28
-37
-38
-43
-51
-52
-49
-47
-60
-63
-72
-77
-68
-68
-78
-84
-91
-95
-97
-94
-96
-94
-93
-97
-100
-92
-71
-35
33
115
195
265
315
341
327
276
210
114
-14
-142
-270
-398
-526
-489
-396
-307
-238
-206
-194
-179
-177
-171
-174
-177
-183
-184
-194
-197
-199
-201
-199
-205
-215
-221
-222
-221
-214
-221
-221
-231
-232
-227
-219
-214
-216
-221
-233
-246
-244
-233
-226
-219
-219
-209
-197
-180
-172
-172
-167
-150
-136
-116
-94
-86
-91
-100
-96
-97
-94
-94
-98
-101
-104
-105
-98
-100
-103
-109
-112
-110
-113
-113
-120
-125
-133
-139
-138
-132
-128
-128
-128
-130
-136
-137
-132
-124
-115
-104
-78
-57
-42
-30
-5
23
28
19
7
2
-3
-12
-27
-44
-55
-56
-64
-62
-63
-66
-76
-84
-92
-104
-117
-121
-123
-113
-113
-120
-139
-161
-168
-163
-163
-163
-163
-161
-151
-144
-146
-144
-147
-149
-155
-155
-148
-125
-79
-7
86
175
253
306
324
293
220
143
40
-88
-216
-344
-472
-568
-487
-407
-336
-277
-229
-214
-211
-214
-214
-208
-195
-187
-181
-192
-210
-233
-249
-249
-238
-233
-236
-241
-251
-256
-249
-240
-238
-238
-241
-250
-251
-249
-254
-249
-247
-241
-233
-210
-201
-207
-229
-231
-210
-192
-178
-165
-141
-123
-114
-115
-118
-123
-121
-110
-96
-96
-102
-108
-105
-114
-118
-131
-141
-141
-142
-135
-128
-126
-136
-135
-134
-133
-139
-147
-149
-154
-149
-145
-145
-138
-133
-124
-125
-120
-114
-104
-95
-70
-41
-17
5
14
22
21
14
0
-16
-29
-35
-37
-37
-34
-42
-48
-63
-76
-85
-100
-104
-112
-115
-116
-119
-120
-132
-140
-142
-142
-141
-142
-145
-144
-143
-142
-141
-141
-144
-145
-144
-134
-121
-111
-86
-31
44
124
190
246
286
284
246
187
119
-9
-137
-265
-393
-521
-520
-429
-338
-275
-232
-212
-198
-194
-191
-188
-175
-173
-179
-200
-212
-213
-216
-215
-216
-206
-204
-204
-209
-215
-222
-224
-225
-231
-223
-219
-219
-214
-219
-229
-237
-233
-225
-216
-213
-205
-196
-191
-180
-167
-157
-139
-131
-114
-101
-92
-85
-77
-70
-75
-81
-76
-69
-69
-70
-70
-75
-73
-77
-78
-79
-86
-92
-94
-99
-94
-91
-91
-90
-88
-89
-88
-90
-94
-93
-93
-93
-94
-97
-92
-80
-71
-60
-55
-45
-18
7
25
41
52
55
54
47
32
16
2
-7
-7
-8
-13
-22
-29
-40
-47
-60
-70
-79
-86
-82
-75
-75
-88
-96
-100
-96
-90
-86
-94
-93
-91
-92
-92
-90
-88
-84
-87
-81
-78
-75
-59
-34
10
86
170
246
313
361
380
332
267
190
63
-65
-193
-321
-449
-526
-445
-355
-280
-232
-209
-198
-193
-193
-197
-202
-197
-199
-197
-199
-209
-212
-210
-209
-215
-217
-223
-221
-224
-227
-222
-220
-221
-227
-229
-228
-227
-226
-225
-225
-220
-222
-223
-221
-209
-201
-188
-179
-159
-155
-147
-126
-106
-87
-70
-57
-52
-52
-45
-40
-38
-38
-38
-43
-49
-52
-62
-67
-69
-68
-67
-63
-56
-56
-53
-55
-56
-58
-54
-49
-47
-49
-45
-42
-43
-38
-37
-34
-32
-30
-18
-4
14
40
67
83
100
111
120
116
107
96
83
63
54
45
45
43
42
29
13
-2
-12
-28
-38
-46
-50
-48
-48
-49
-55
-63
-69
-71
-75
-70
-72
-79
-83
-88
-84
-80
-77
-69
-67
-60
-54
-44
-33
-16
14
77
167
255
339
405
436
408
339
254
126
-2
-130
-258
-386
-421
-344
-263
-190
-135
-101
-81
-70
-66
-58
-57
-63
-68
-71
-80
-83
-90
-94
-96
-100
-109
-115
-122
-130
-135
-133
-139
-142
-154
-161
-165
-166
-173
-174
-174
-173
-176
-170
-170
-168
-164
-156
-154
-141
-128
-111
-103
-87
-78
-67
-58
-44
-39
-33
-30
-34
-38
-34
-37
-43
-43
-44
-44
-48
-53
-49
-48
-54
-54
-54
-58
-58
-58
-61
-60
-55
-59
-62
-61
-58
-60
-55
-54
-55
-49
-36
-23
-1
23
43
65
76
87
91
92
86
76
62
49
30
24
27
29
30
18
2
-8
-22
-27
-36
-47
-51
-55
-54
-63
-67
-74
-80
-79
-76
-74
-79
-84
-95
-93
-89
-88
-86
-88
-87
-85
-80
-71
-63
-46
-6
63
153
243
326
391
423
406
353
287
177
49
-79
-207
-335
-463
-441
-356
-274
-210
-177
-164
-157
-155
-158
-160
-157
-160
-164
-167
