-91
-88
-89
-85
-87
-81
-78
-76
-66
-68
-70
-71
-71
-70
-66
-66
-63
-63
-58
-58
-56
-60
-64
-62
-69
-76
-84
-98
-107
-115
-113
-104
-109
-113
-115
-112
-106
-102
-97
-99
-93
-94
-92
-87
-83
-85
-86
-83
-81
-79
-76
-76
-70
-70
-68
-60
-60
-59
-48
-43
-40
-39
-34
-34
-32
-32
-26
-24
-21
-14
-14
-11
-8
-4
-3
0
0
0
1
0
0
-2
-3
-14
-18
-24
-30
-37
-38
-43
-48
-53
-54
-56
-60
-65
-69
-68
-70
-72
-66
-69
-72
-72
-73
-73
-80
-80
-80
-78
-77
-69
-66
-62
-55
-54
-56
-59
-67
-71
-76
-78
-73
-71
-72
-75
-78
-81
-88
-85
-86
-82
-84
-84
-86
-84
-82
-81
-81
-80
-79
-72
-67
-64
-64
-57
-60
-59
-63
-66
-72
-73
-65
-59
-52
-54
-57
-58
-58
-59
-64
-74
-89
-102
-111
-102
-101
-99
-103
-103
-101
-97
-87
-82
-77
-70
-73
-74
-72
-68
-70
-71
-70
-70
-65
-61
-56
-50
-50
-48
-46
-44
-42
-36
-35
-35
-25
-25
-15
-12
-5
-4
0
2
3
12
12
15
21
25
20
23
20
18
18
14
10
6
5
0
-4
-7
-15
-16
-18
-26
-31
-36
-41
-43
-54
-52
-55
-52
-56
-56
-56
-55
-54
-53
-54
-55
-54
-57
-56
-49
-48
-44
-40
-40
-41
-50
-49
-49
-50
-54
-55
-53
-55
-59
-57
-58
-63
-64
-68
-64
-62
-59
-59
-70
-69
-72
-64
-64
-62
-62
-66
-60
-55
-52
-51
-51
-56
-63
-71
-73
-73
-67
-56
-53
-55
-54
-60
-64
-66
-73
-86
-94
-102
-105
-102
-94
-93
-98
-98
-94
-86
-75
-72
-65
-67
-67
-64
-61
-57
-57
-57
-62
-66
-58
-61
-57
-57
-53
-51
-46
-38
-36
-36
-34
-30
-27
-24
-23
-16
-16
-12
-7
0
0
9
11
11
17
18
23
18
18
17
13
13
13
8
1
-3
-11
-15
-13
-21
-20
-27
-31
-39
-44
-48
-53
-52
-59
-56
-60
-63
-61
-62
-57
-59
-56
-59
-60
-60
-62
-55
-48
-49
-51
-57
-54
-58
-56
-54
-62
-62
-64
-65
-66
-68
-75
-73
-74
-78
-73
-73
-74
-77
-75
-75
-77
-70
-68
-69
-68
-64
-65
-61
-59
-55
-60
-56
-61
-61
-62
-62
-61
-54
-46
-43
-46
-48
-44
-49
-51
-53
-64
-71
-77
-80
-83
-80
-81
-85
-93
-93
-87
-81
-74
-70
-70
-72
-77
-75
-76
-68
-62
-57
-57
-60
-60
-54
-53
-49
-44
-42
-38
-31
-34
-32
-25
-21
-21
-21
-10
-5
-3
0
0
2
8
10
11
9
15
21
23
18
25
29
26
18
17
11
3
1
-3
-5
-8
-12
-19
-26
-25
-33
-38
-43
-44
-44
-43
-45
-45
-52
-55
-53
-56
-58
-52
-47
-49
-51
-51
-50
-43
-38
-32
-31
-35
-40
-31
-36
-43
-46
-51
-55
-57
-59
-60
-60
-58
-62
-62
-61
-63
-59
-59
-63
-63
-61
-56
-52
-51
-49
-51
-48
-48
-47
-50
-47
-49
-47
-51
-47
-49
-43
-38
-35
-36
-36
-34
-29
-28
-39
-45
-64
-74
-83
-78
-77
-73
-75
-78
-85
-84
-78
-76
-73
-64
-56
-57
-60
-59
-59
-58
-56
-56
-55
-48
-46
-44
-44
-38
-38
-37
-32
-27
-22
-18
-19
-14
-9
-4
-3
2
5
9
14
16
19
24
26
28
36
32
33
37
38
35
33
33
31
22
23
19
11
5
3
0
-6
-10
-11
-15
-20
-21
-30
-36
-37
-40
-45
-49
-48
-50
-46
-41
-36
-40
-40
-38
-36
-37
-31
-29
-24
-27
-29
-27
-27
-28
-29
-34
-46
-47
-48
-52
-54
-48
-47
-49
-52
-54
-56
-60
-55
-49
-52
-50
-45
-48
-44
-46
-44
-38
-36
-37
-34
-38
-43
-49
-51
-56
-52
-44
-36
-31
-31
-36
-34
-38
-46
-51
-58
-71
-82
-87
-83
-79
-75
-75
-80
-75
-68
-60
-49
-46
-42
-40
-46
-47
-47
-49
-41
-40
-42
-37
-32
-28
-26
-26
-27
-28
-26
-13
-10
-12
-11
-8
-6
-1
3
5
12
16
21
25
25
29
35
41
39
39
38
37
41
36
37
33
31
25
23
21
14
4
-2
-7
-14
-16
-25
-29
-30
-27
-26
-26
-34
-33
-38
-39
-39
-36
-41
-38
-42
-44
-47
-39
-34
-34
-30
-27
-28
-28
-30
-35
-41
-42
-46
-44
-50
-49
-52
-53
-57
-56
-57
-60
-58
-56
-61
-58
-59
-59
-61
-60
-58
-55
-55
-45
-46
-46
-44
-48
-53
-58
-62
-66
-67
-66
-58
-50
-51
-51
-51
-54
-52
-55
-60
-75
-87
-97
-98
-88
-87
-91
-95
-98
-98
-84
-77
-71
-69
-71
-69
-70
-69
-67
-59
-56
-56
-49
-48
-46
-49
-51
-52
-50
-43
-41
-34
-31
-28
-21
-18
-13
-10
-6
-7
-2
1
6
8
8
13
19
20
23
22
23
28
25
17
11
7
2
6
-1
-2
-6
-13
-17
-25
-24
-30
-32
-33
-39
-35
-39
-40
-41
-46
-48
-55
-56
-55
-52
-51
-50
-50
-48
-43
-43
-39
-39
-37
-42
-42
-45
-45
-48
-50
-48
-51
-53
-53
-54
-58
-62
-67
-72
-68
-66
-56
-56
-61
-63
-61
-64
-63
-61
-56
-54
-43
-40
-43
-41
-42
-42
-42
-44
-40
-39
-28
-23
-26
-26
-29
-28
-36
-44
-54
-64
-68
-78
-79
-75
-68
-69
-82
-87
-88
-84
-80
-75
-72
-78
-76
-78
-81
-75
-71
-66
-63
-63
-54
-58
-55
-52
-51
-51
-47
-46
-47
-40
-38
-35
-33
-29
-24
-24
-20
-12
-11
-3
0
3
5
6
9
4
7
5
7
9
4
4
1
-1
-5
-7
-13
-18
-28
-31
-43
-45
-48
-53
-57
-58
-63
-64
-67
-69
-67
-70
-70
-70
-76
-78
-78
-75
-77
-77
-74
-74
-68
-68
-64
-66
-67
-72
-70
-70
-76
-79
-83
-84
-87
-93
-93
-98
-99
-96
-93
-95
-99
-98
-96
-101
-100
-103
-103
-103
-101
-99
-92
-93
-90
-90
-91
-93
-96
-99
-102
-107
-107
-103
-94
-90
-90
-90
-91
-95
-96
-102
-115
-125
-134
-140
-135
-128
-128
-135
-140
-142
-143
-136
-124
-119
-119
-116
-117
-119
-122
-118
-116
-116
-115
-110
-112
-108
-109
-104
-98
-98
-97
-95
-89
-85
-85
-84
-79
-79
-73
-71
-65
-62
-62
-57
-48
-46
-42
-43
-35
-35
-29
-37
-40
-41
-44
-43
-46
-52
-55
-58
-69
-73
-78
-82
-87
-91
-98
-98
-103
-108
-114
-118
-119
-120
-124
-123
-125
-125
-119
-119
-117
-113
-115
-109
-107
-109
-110
-107
-104
-107
-115
-114
-117
-120
-117
-124
-125
-125
-123
-125
-126
-128
-131
-135
-135
-137
-135
-135
-135
-132
-136
-136
-131
-132
-126
-127
-114
-111
-107
-110
-118
-125
-129
-130
-136
-139
-138
-130
-122
-119
-118
-118
-120
-125
-130
-141
-154
-168
-170
-169
-164
-157
-159
-152
-156
-153
-147
-143
-136
-131
-124
-122
-127
-127
-124
-123
-123
-119
-120
-120
-121
-113
-115
-109
-109
-101
-102
-99
-96
-96
-91
-87
-77
-74
-71
-69
-65
-57
-54
-53
-45
-40
-37
-37
-34
-41
-38
-36
-32
-37
-39
-46
-54
-63
-66
-70
-76
-83
-87
-93
-100
-103
-108
-109
-113
-113
-121
-120
-120
-118
-122
-120
-116
-125
-127
-131
-124
-126
-127
-123
-119
-118
-115
-115
-114
-112
-113
-119
-118
-126
-133
-134
-135
-138
-143
-146
-142
-142
-145
-143
-138
-142
-147
-146
-145
-154
-153
-150
-151
-149
-142
-141
-135
-132
-126
-131
-132
-140
-143
-149
-152
-149
-143
-141
-137
-136
-133
-133
-138
-143
-153
-159
-172
-174
-174
-169
-164
-165
-171
-175
-170
-166
-160
-152
-149
-147
-150
-150
-151
-146
-143
-143
