313.51
313.95
313.87
313.81
313.83
313.67
313.71
313.72
313.47
313.53
313.56
313.32
313.35
313.41
313.33
313.37
313.39
313.31
313.3
313.32
313.36
313.43
313.47
313.43
313.37
313.34
313.32
313.3
313.26
313.11
312.98
313.03
313.16
313.2
313.21
313.22
313.2
313.2
313.29
313.36
313.42
313.61
313.83
313.89
313.83
313.81
313.85
313.97
314.17
314.33
314.39
314.5
314.74
314.95
315.06
315.05
315.02
315.02
315.03
315.08
315.2
315.29
315.36
315.45
315.55
315.68
315.81
315.86
315.87
315.88
315.87
315.9
315.92
315.9
315.9
315.98
316.1
316.18
316.2
316.23
316.28
316.36
316.48
316.58
316.61
316.61
316.63
316.72
316.89
317.05
317.14
317.17
317.25
317.41
317.59
317.67
317.64
317.59
317.59
317.64
317.67
317.69
317.77
317.83
317.8
317.75
317.75
317.75
317.82
317.92
317.94
317.98
318.08
318.15
318.23
318.29
318.3
318.29
318.3
318.25
318.12
318.04
318.03
318.08
318.18
318.22
318.23
318.34
318.45
318.46
318.45
318.48
318.5
318.49
318.5
318.54
318.58
318.61
318.64
318.67
318.7
318.83
319.04
319.16
319.17
319.16
319.17
319.22
319.35
319.47
319.49
319.52
319.66
319.86
320.01
320.07
320.11
320.17
320.26
320.32
320.27
320.19
320.26
320.4
320.49
320.65
320.82
320.82
320.73
320.74
320.89
321.06
321.1
321.02
320.98
321
320.99
320.91
320.82
320.77
320.81
320.84
320.83
320.88
320.96
320.97
320.96
320.97
320.96
320.95
320.93
320.89
320.9
320.94
320.97
321
321.06
321.05
321.06
321.12
321.17
321.15
321.15
321.17
321.17
321.18
321.17
321.08
320.95
320.78
320.66
320.64
320.62
320.49
320.42
320.54
320.64
320.61
320.64
320.66
320.58
320.51
320.5
320.52
320.54
320.51
320.54
320.46
320.19
320.04
320.06
320.04
319.92
319.79
319.77
319.75
319.69
319.67
319.62
319.53
319.46
319.34
319.1
318.93
318.9
318.88
318.81
318.74
318.69
318.65
318.61
318.62
318.65
318.65
318.65
318.63
318.55
318.44
318.36
318.34
318.4
318.47
318.48
318.42
318.36
318.34
318.31
318.29
318.29
318.25
318.2
318.18
318.2
318.29
318.37
318.41
318.51
318.57
318.45
318.33
318.37
318.42
318.43
318.49
318.6
318.72
318.79
318.79
318.77
318.75
318.78
318.91
319.08
319.17
319.24
319.39
319.51
319.51
319.5
319.51
319.51
319.51
319.66
320.01
320.36
320.47
320.47
320.59
320.7
320.75
320.94
321.14
321.2
321.29
321.42
321.53
321.71
321.87
321.92
322
322.13
322.21
322.29
322.38
322.45
322.52
322.63
322.81
322.97
323.01
323.14
323.47
323.66
323.71
323.81
323.84
323.9
324.03
324.07
324.16
324.27
324.35
324.44
324.51
324.66
324.87
324.78
324.54
324.5
324.6
324.6
324.6
324.91
325.28
325.31
325.14
325.11
325.43
325.9
325.98
325.95
326.25
326.51
326.55
326.64
326.68
326.75
326.98
327.05
327.04
327.18
327.15
327.1
327.25
327.28
327.37
327.55
327.39
327.29
327.48
327.52
327.52
327.57
327.55
327.54
327.34
327.17
327.29
327.34
327.27
327.29
327.3
327.32
327.31
327.23
327.22
327.27
327.25
327.23
327.36
327.52
327.55
327.42
327.32
327.41
327.56
327.61
327.59
327.58
327.62
327.49
327.41
327.43
327.26
327.49
327.93
327.72
327.56
327.62
327.4
327.52
327.72
327.61
327.67
327.4
326.94
327.13
327.24
326.99
327.05
327.1
326.87
326.82
326.91
326.93
326.97
327.04
327.03
326.91
326.77
326.73
326.77
326.72
326.6
326.6
326.57
326.48
326.59
326.68
326.53
326.46
326.52
326.48
326.32
326.16
326.16
326.4
326.63
326.44
326.29
326.76
327.18
326.97
326.8
326.98
327
326.96
327.08
327.13
327.1
327.14
327.21
327.31
327.37
327.36
327.43
327.35
327.11
327.2
327.38
327.32
327.32
327.35
327.32
327.34
327.32
327.34
327.34
327.3
327.45
327.68
327.74
327.8
327.89
327.98
328
327.99
328.05
328.13
328.12
328.11
328.15
328.18
328.25
328.42
328.63
328.73
328.75
328.76
328.75
328.8
328.88
329.01
329.07
328.89
328.84
328.94
328.95
329.1
329.16
329.04
329.05
329.04
329.23
329.6
329.55
329.4
329.52
329.66
329.63
329.63
329.84
329.93
329.85
329.94
330
330.03
330.13
330.05
330.08
330.27
330.3
330.46
330.8
330.98
331.03
331.01
331.01
331.09
331.1
331.08
331.12
331.13
331.16
331.26
331.35
331.5
331.61
331.64
331.82
331.87
331.73
331.93
332.24
332.11
331.98
332.17
332.22
332.15
332.36
332.43
332.34
332.45
332.41
332.34
332.55
332.45
332.23
332.61
333
332.84
332.67
332.66
332.72
332.85
332.67
332.38
332.63
332.88
332.68
332.88
333.18
332.75
332.49
332.64
332.55
332.55
332.57
332.31
332.3
332.57
332.63
332.49
332.49
332.54
332.35
332.2
332.29
332.23
332.1
332.15
332.17
332.1
332.11
332.02
331.83
331.9
332.08
332.22
332.18
331.73
331.65
331.91
331.58
331.49
331.9
331.88
331.9
332.23
332.27
331.91
331.59
331.68
331.92
332.03
332.14
332.23
332.08
331.94
332.09
332.2
332.07
332.09
332.27
332.28
332.28
332.32
332.17
331.99
331.95
331.87
331.85
331.95
332.08
332.23
332.23
332.08
332.08
332.13
332.04
332.02
332.09
332.08
332.01
331.86
331.75
331.8
331.8
331.72
331.69
331.63
331.69
331.89
331.91
331.93
332.04
332.07
332.09
332.12
332.14
332.12
332.13
332.25
332.21
332.12
332.37
332.59
332.51
332.49
332.49
332.39
332.47
332.58
332.47
332.39
332.45
332.4
332.26
332.16
332.09
332.08
332.14
332.16
332.16
332.16
332.16
332.16
332.16
332.15
332.17
332.15
332.1
332.03
331.9
331.78
331.68
331.56
331.48
331.44
331.52
331.71
331.64
331.49
331.62
331.71
331.57
331.5
331.5
331.41
331.39
331.38
331.13
330.96
330.98
330.89
330.78
330.69
330.69
330.79
330.66
330.5
330.56
330.52
330.46
330.49
330.43
330.38
330.4
330.39
330.39
330.33
330.13
330.08
330.36
330.55
330.62
330.8
330.77
330.58
330.71
330.75
330.29
330.06
330.24
330.23
330.36
330.67
330.6
330.49
330.35
330.11
330.26
330.47
330.5
330.51
330.09
329.71
329.88
329.99
329.9
329.86
329.63
329.52
329.69
329.68
329.45
329.31
329.29
329.27
329.25
329.29
329.39
329.4
329.22
329.02
328.93
328.89
328.97
329.12
329.18
329.26
329.37
329.3
329.15
329.08
329.06
329.02
329
329.01
329.06
329.02
328.82
328.64
328.6
328.61
328.66
328.62
328.49
328.41
328.4
328.37
328.29
328.2
328.12
328
327.9
327.87
327.81
327.63
327.47
327.48
327.46
327.31
327.17
327.13
327.11
327.08
327.02
326.92
326.77
326.66
326.71
326.81
326.72
326.5
326.38
326.37
326.38
326.35
326.25
326.19
326.27
326.29
326.14
326.03
326.1
326.15
326.12
326.12
326.18
326.26
326.31
326.36
326.52
326.68
326.68
326.69
326.76
326.72
326.63
326.65
326.73
326.77
326.88
327.03
327.15
327.29
327.36
327.33
327.37
327.38
327.39
327.56
327.67
327.71
327.89
328
328.02
328.09
328.19
328.26
328.25
328.24
328.35
328.43
328.43
328.43
328.43
328.43
328.42
328.46
328.52
328.58
328.67
328.78
328.81
328.8
328.83
328.88
328.86
328.86
328.93
329
329.05
329.08
329.09
329.17
329.3
329.41
329.5
329.57
329.62
329.69
329.69
329.65
329.75
329.89
329.91
329.89
329.92
329.93
329.85
329.74
329.75
329.8
329.78
329.75
329.62
329.45
329.36
329.35
329.41
329.44
329.34
329.23
329.21
329.22
329.14
329.05
329.01
328.92
328.85
328.96
329.08
329.07
329.02
328.94
328.9
328.94
328.87
328.79
328.82
328.83
328.79
328.79
328.73
328.6
328.53
328.54
328.54
328.51
328.51
328.58
328.55
328.43
328.41
328.45
328.39
328.33
328.3
328.24
328.17
328.16
328.15
328.04
327.86
327.78
327.78
327.76
327.73
327.72
327.65
327.59
327.58
327.55
327.54
327.53
327.49
327.43
327.38
327.34
327.33
327.28
327.24
327.28
327.32
327.33
327.39
327.48
327.5
327.48
327.46
327.46
327.51
327.59
327.65
327.77
327.91
327.94
327.99
328.17
328.33
328.4
328.44
328.42
328.44
328.42
328.25
328.19
328.29
328.27
328.18
328.26
328.4
328.46
328.43
328.45
328.66
328.88
328.81
328.73
328.89
328.99
328.98
329.01
328.95
328.92
329.01
328.91
328.74
328.77
328.78
328.81
328.87
328.9
328.87
328.83
328.97
329.14
329.05
329.04
329.25
329.33
329.31
329.41
329.52
329.53
329.56
329.6
329.66
329.81
329.79
329.7
329.83
329.88
329.82
329.9
329.78
329.64
329.95
330.09
329.92
330.01
330.08
330
330.05
330.11
330.13
330.11
330.12
330.15
330.07
330.21
330.46
330.05
329.61
329.9
330.14
329.95
329.82
329.74
329.73
329.77
329.61
329.46
329.52
329.56
329.52
329.47
329.37
329.31
329.32
329.32
329.31
329.32
329.32
329.3
329.22
329.11
329.1
329.06
328.8
328.63
328.65
328.66
328.68
328.55
328.42
328.66
328.84
328.62
328.48
328.62
328.6
328.65
328.96
328.8
328.43
328.69
328.96
328.82
328.84
328.97
328.94
328.98
329.03
329.02
329.05
329.12
329.15
329.16
329.31
329.47
329.43
329.45
329.37
329.05
329.09
329.43
329.53
329.48
329.49
329.54
329.54
329.59
329.84
329.66
329.25
329.77
330.31
329.61
329.25
329.97
330.19
329.94
329.97
329.66
329.42
329.35
329.06
329.23
329.35
329.25
329.55
329.26
328.7
329.05
329.26
329
328.97
328.9
328.79
328.71
328.47
328.41
328.51
328.54
328.61
328.47
328.26
328.48
328.65
328.55
328.48
328.4
328.47
328.62
328.58
328.55
328.63
328.64
328.61
328.57
328.47
328.52
328.72
328.58
328.24
328.1
328.02
328.08
328.21
328.04
327.84
327.84
327.84
327.86
327.81
327.79
327.91
327.75
327.69
327.94
327.85
327.85
328.16
327.97
327.7
327.83
327.88
327.9
328.01
327.97
327.93
328.02
328.08
328.08
328.14
328.11
327.98
328
328.2
328.44
328.57
328.53
328.4
328.38
328.5
328.49
328.46
328.62
328.71
328.68
328.69
328.8
328.98
329.03
329.01
329.19
329.4
329.38
329.29
329.38
329.44
329.37
329.48
329.57
329.52
329.59
329.57
329.57
329.57
329.31
329.45
329.77
329.64
329.84
330.09
329.92
329.98
330.07
330.01
330
329.86
329.73
329.77
329.89
330
329.98
329.99
329.98
329.75
329.69
329.91
329.93
329.8
329.81
329.86
329.82
329.79
329.91
330.03
329.99
330.01
330.08
330.02
329.98
330.05
330.06
330.14
330.26
330.09
329.89
329.96
330.02
329.95
329.93
329.87
329.77
329.74
329.75
329.73
329.72
329.74
329.79
329.7
329.52
329.57
329.72
329.68
329.58
329.52
329.36
329.15
329.01
328.75
328.53
328.73
328.71
328.41
328.43
328.41
328.33
328.38
328.25
328.15
327.96
327.53
327.49
327.49
327.13
326.87
326.57
326.26
326.31
326.38
326.24
326.01
325.81
325.77
325.71
325.6
325.54
325.31
325.22
325.32
325.04
324.96
325.37
325.42
325.24
325.2
325.07
325.03
325.06
325.04
325.06
324.86
324.56
324.46
324.42
324.38
324.35
324.34
324.39
324.39
324.38
324.42
324.37
324.37
324.47
324.37
324.34
324.45
324.11
323.84
324.1
324.09
323.82
323.93
324.07
323.86
323.72
323.93
324.09
324.1
324.19
324.18
324.02
323.91
323.85
323.94
324.12
324.15
324.08
324.15
324.22
324.11
324.19
324.43
324.22
324.03
324.39
324.73
324.74
324.77
324.96
324.98
325
325.29
325.06
324.67
325.13
325.58
325.64
325.88
325.96
325.95
326.06
325.88
325.81
326.28
326.55
326.52
326.78
326.79
326.57
326.98
327.3
327.12
327.3
327.65
327.7
327.66
327.75
327.9
327.89
327.93
328.04
327.94
328.05
328.38
328.38
328.35
328.5
328.52
328.58
328.78
328.8
328.7
328.75
328.85
328.87
328.98
329.12
329.17
329.22
329.15
328.99
329.04
329.2
329.27
329.16
328.88
328.84
329.18
329.37
329.33
329.39
329.53
329.59
329.53
329.48
329.43
329.48
329.74
329.77
329.69
329.91
329.71
329.2
329.49
329.94
329.61
329.37
329.48
329.46
329.58
329.76
329.8
329.83
329.81
329.82
329.72
329.62
329.76
329.75
329.64
329.71
329.77
329.7
329.36
329.06
329.29
329.56
329.29
329.05
329.27
329.35
329.2
329.19
329.06
328.76
328.69
328.78
328.54
328.08
328.16
328.48
328.11
327.64
327.87
328.12
327.79
327.56
327.65
327.64
327.57
327.37
326.88
326.72
326.96
326.85
326.63
326.76
326.64
326.26
326.24
326.13
325.85
325.97
325.84
325.42
325.53
325.79
325.74
325.47
325.16
325.11
325.1
324.94
324.91
324.95
324.85
324.75
324.85
324.82
324.69
324.87
324.83
324.51
324.59
324.69
324.56
324.59
324.57
324.42
324.46
324.52
324.31
324.13
324.24
324.28
324.16
324.11
324.01
323.89
323.9
323.88
323.75
323.61
323.47
323.37
323.34
323.27
323.19
323.2
323.17
323.06
323.06
323.09
323.02
322.99
322.99
322.99
322.98
322.89
322.85
322.88
322.85
322.89
322.95
322.96
323.03
322.98
322.85
322.84
322.68
322.42
322.39
322.55
322.64
322.54
322.39
322.51
322.78
322.68
322.35
322.42
322.51
322.17
322.01
322.24
322.32
322.15
321.99
322.08
322.24
322.09
321.86
321.99
322.12
321.94
321.82
321.88
321.81
321.7
321.69
321.7
321.67
321.66
321.71
321.78
321.79
321.78
321.74
321.74
321.77
321.75
321.65
321.57
321.69
321.87
321.85
321.78
321.81
321.8
321.7
321.64
321.63
321.65
321.68
321.74
321.75
321.76
321.83
321.7
321.52
321.66
321.72
321.6
321.62
321.71
321.72
321.64
321.58
321.6
321.53
321.49
321.49
321.47
321.48
321.52
321.64
321.78
321.78
321.75
321.78
321.77
321.76
321.78
321.77
321.75
321.92
322.12
322.13
322.13
322.07
321.99
322.01
321.99
322.05
322.16
322.01
321.92
322.09
322.17
322.24
322.39
322.33
322.27
322.34
322.33
322.27
322.27
322.33
322.41
322.43
322.39
322.4
322.48
322.43
322.44
322.63
322.54
322.39
322.5
322.45
322.33
322.55
322.76
322.78
322.95
323.19
323.11
323.05
323.18
323.08
322.94
323.06
323.11
323.21
323.39
323.23
323.07
323.21
323.3
323.42
323.61
323.57
323.43
323.52
323.71
323.71
323.73
323.82
323.74
323.72
323.77
323.54
323.44
323.62
323.64
323.77
324
323.89
323.82
324.11
324.31
324.2
