342.98
343.37
343.4
343.3
343.18
343.03
342.89
342.75
342.68
342.6
342.46
342.42
342.29
342.04
342.04
342.12
341.88
341.74
341.81
341.78
341.88
342.03
341.89
341.81
341.93
341.94
341.89
341.87
341.9
341.94
341.91
341.86
341.84
341.87
341.96
342.05
342.05
342.08
342.15
342.18
342.23
342.26
342.18
342.04
341.86
341.64
341.49
341.4
341.32
341.34
341.46
341.57
341.5
341.26
341.16
341.23
341.2
341.24
341.48
341.56
341.49
341.62
341.79
341.71
341.5
341.39
341.37
341.47
341.76
341.93
341.98
342.09
342.09
341.9
341.81
341.88
341.83
341.78
342.11
342.28
342.17
342.43
342.75
342.75
342.68
342.59
342.48
342.46
342.59
342.72
342.73
342.82
342.86
342.93
343.19
343.19
343.15
343.61
343.99
343.91
343.87
344.07
344.2
344.23
344.37
344.5
344.47
344.48
344.56
344.63
344.76
344.93
345.04
345.15
345.24
345.32
345.49
345.56
345.46
345.66
346.01
346.02
345.97
346.17
346.32
346.35
346.43
346.47
346.46
346.47
346.36
346.3
346.46
346.51
346.57
346.8
346.96
347
346.93
346.76
346.65
346.6
346.89
347.23
347.2
347.19
347.11
346.85
346.86
346.94
346.76
346.66
346.81
346.87
346.9
347.1
347.02
346.68
346.62
346.66
346.57
346.58
346.68
346.73
346.67
346.58
346.38
346.11
346.13
346.24
346.18
346.18
346.03
345.67
345.5
345.41
345.27
345.16
345.01
344.86
344.86
344.9
344.91
344.87
344.86
344.89
344.86
344.79
344.79
344.7
344.39
344.16
344
343.81
343.81
343.86
343.7
343.52
343.38
343.18
342.89
342.69
342.71
342.63
342.4
342.35
342.2
342.06
342.22
342.06
341.81
341.94
341.73
341.32
341.32
341.37
341.3
341.19
341.05
341.04
341.08
341.04
340.99
340.94
340.94
340.96
340.93
340.83
340.75
340.76
340.74
340.69
340.77
340.84
340.77
340.6
340.54
340.76
340.8
340.67
340.89
341.01
340.95
341.01
340.82
340.63
340.76
340.78
340.72
340.88
341.34
341.66
341.58
341.56
341.62
341.56
341.6
341.63
341.62
341.78
341.71
341.43
341.47
341.55
341.52
341.75
341.81
341.67
341.96
342.23
342.22
342.31
342.31
342.27
342.48
342.59
342.62
342.78
343.01
343.19
343.1
343.04
343.38
343.6
343.54
343.52
343.49
343.53
343.73
343.82
343.82
343.88
344.01
344.19
344.31
344.38
344.54
344.66
344.65
344.7
344.83
344.93
344.97
345.02
345.15
345.31
345.43
345.59
345.81
345.97
346.14
346.38
346.59
346.75
346.86
346.89
346.92
346.97
347
347.03
347.05
347.11
347.22
347.34
347.38
347.38
347.47
347.61
347.71
347.78
347.69
347.56
347.72
347.86
347.67
347.7
347.96
347.83
347.65
347.81
347.8
347.8
347.99
347.89
347.71
347.78
347.71
347.55
347.61
347.72
347.76
347.84
347.91
347.84
347.83
348.01
348.22
348.21
348.1
348.05
347.9
347.82
347.99
347.99
347.73
347.6
347.57
347.54
347.59
347.63
347.58
347.52
347.51
347.47
347.48
347.54
347.16
346.7
347.12
347.55
347.04
346.62
346.65
346.57
346.73
346.99
346.74
346.51
346.54
346.51
346.67
346.88
346.85
346.84
346.81
346.72
346.81
346.84
346.54
346.29
346.32
346.37
346.32
346.29
346.28
346.25
346.22
346.22
346.21
346.15
346.13
346.12
346.07
346.1
346.12
346.1
346.13
346.02
345.88
345.91
345.93
345.88
345.85
345.83
345.8
345.67
345.51
345.55
345.63
345.54
345.41
345.33
345.17
345.16
345.27
345.04
344.78
344.92
344.98
344.76
344.63
344.61
344.59
344.58
344.36
344.05
344
343.93
343.69
343.59
343.67
343.65
343.43
343.41
343.56
343.45
343.23
343.12
343.13
343.29
343.23
343
343.1
343.27
343.28
343.28
343.24
343.19
343.2
343.16
343.13
343.16
343.13
343.21
343.37
343.33
343.35
343.5
343.42
343.28
343.28
343.29
343.29
343.28
343.14
343.07
343.21
343.26
343.26
343.39
343.41
343.46
343.57
343.54
343.71
343.9
343.77
343.9
344.1
343.91
343.94
344.05
344.03
344.17
344.1
343.93
344.13
344.11
343.87
343.98
343.99
343.93
344.15
343.98
343.83
344.29
344.25
343.73
343.76
343.93
344
344.21
344.26
344.38
344.73
344.49
344.05
344.55
345.02
344.71
344.58
344.72
344.74
344.72
344.69
344.93
345.25
345.13
344.97
344.97
344.95
345.22
345.56
345.47
345.3
345.3
345.28
345.29
345.43
345.59
345.66
345.63
345.61
345.66
345.72
345.76
345.78
345.71
345.64
345.63
345.65
345.75
345.89
345.92
345.9
345.93
345.96
345.95
345.95
345.96
345.91
345.8
345.83
345.9
345.83
345.78
345.83
345.89
345.91
345.87
345.95
346.13
346.1
346.04
346.14
346.14
346.21
346.43
346.39
346.29
346.43
346.44
346.34
346.35
346.18
345.96
346.03
346.16
346.22
346.26
346.22
346.23
346.23
346.05
346.01
346.15
346.09
345.96
346.02
346.15
346.05
345.75
345.64
345.68
345.65
345.61
345.43
345.24
345.38
345.54
345.55
345.49
345.34
345.24
345.33
345.47
345.54
345.48
345.36
345.4
345.54
345.48
345.36
345.4
345.42
345.46
345.58
345.59
345.53
345.5
345.53
345.53
345.56
345.93
346.15
345.84
345.84
346.22
346.3
346.1
346
346.22
346.32
346.06
345.99
346.1
345.91
345.8
346.03
346.19
346.18
346.2
346.22
346.28
346.43
346.4
346.2
346.16
346.26
346.32
346.35
346.27
346.12
346.26
346.43
346.33
346.35
346.47
346.32
346.18
346.26
346.31
346.26
346.27
346.32
346.18
345.96
345.96
346.02
346
346.02
345.98
345.91
345.96
346.02
346.08
346.17
346.04
345.84
345.89
345.93
345.91
346.03
346.1
346.05
346
345.85
345.76
345.84
345.93
345.91
345.87
345.92
345.85
345.83
346.11
346.02
345.72
346
346.25
346.18
346.16
346.13
346.2
346.14
345.9
346.12
346.41
346.16
346.09
346.34
346.33
346.22
346.2
346.26
346.49
346.61
346.52
346.43
346.37
346.46
346.56
346.43
346.33
346.42
346.45
346.4
346.39
346.4
346.44
346.53
346.53
346.44
346.45
346.5
346.5
346.5
346.5
346.49
346.5
346.5
346.49
346.49
346.5
346.5
346.5
346.5
346.5
346.54
346.57
346.57
346.64
346.77
346.86
346.94
347.04
347.14
347.17
347.16
347.18
347.18
347.14
347.02
346.83
346.72
346.63
346.61
346.65
346.59
346.58
346.65
346.74
346.92
347.05
347.05
347.07
347.13
347.17
347.19
347.32
347.51
347.52
347.52
347.55
347.42
347.38
347.37
347.26
347.41
347.66
347.63
347.59
347.62
347.58
347.54
347.59
347.64
347.56
347.43
347.46
347.45
347.34
347.31
347.3
347.33
347.42
347.52
347.64
347.81
347.99
348
347.88
347.87
348.01
348.14
348.15
348.1
348.26
348.53
348.6
348.44
348.46
348.72
348.76
348.76
348.86
348.75
348.78
349.03
349.11
349.14
349.24
349.37
349.51
349.47
349.36
349.42
349.56
349.61
349.66
349.82
349.88
349.89
349.95
349.93
349.84
349.88
349.92
349.73
349.55
349.61
349.73
349.85
349.94
349.99
350.04
350.01
350.04
350.22
350.29
350.27
350.31
350.34
350.31
350.25
350.26
350.36
350.46
350.48
350.45
350.55
350.6
350.47
350.68
350.99
350.84
350.74
350.91
351
350.95
350.76
350.63
350.62
350.63
350.94
351.22
351.03
351.03
351.3
351.22
351.13
351.21
351.18
351.18
351.33
351.44
351.4
351.27
351.15
351.21
351.36
351.36
351.32
351.31
351.25
351.22
351.24
351.3
351.39
351.43
351.51
351.61
351.68
351.75
351.81
351.83
351.86
351.97
352.09
352.19
352.28
352.33
352.32
352.37
352.54
352.69
352.68
352.67
352.81
352.86
352.81
352.89
353.01
353.02
353.03
353.06
353.02
352.96
353.01
353.13
353.25
353.33
353.34
353.27
353.27
353.28
353.2
353.13
353.22
353.35
353.44
353.55
353.64
353.66
353.69
353.76
353.82
353.86
353.84
353.84
353.96
354.13
354.26
354.37
354.43
354.45
354.45
354.45
354.46
354.52
354.6
354.71
354.85
354.96
355.06
355.19
355.26
355.3
355.4
355.43
355.39
355.37
355.31
355.27
355.38
355.48
355.47
355.53
355.52
355.4
355.45
355.42
355.35
355.46
355.15
354.84
355.27
355.52
355.41
355.53
355.53
355.5
355.58
355.44
355.38
355.45
355.29
355.15
355.25
355.27
355.27
355.33
355.39
355.48
355.52
355.46
355.47
355.56
355.59
355.58
355.49
355.49
355.66
355.72
355.66
355.65
355.58
355.57
355.62
355.49
355.59
356.02
356.11
355.83
355.68
355.97
356.32
356.28
356.16
355.98
355.8
356.07
356.42
356.47
356.56
356.69
356.78
356.88
356.91
356.92
356.92
356.87
356.84
356.87
356.93
356.94
356.81
356.67
356.67
356.72
356.71
356.63
356.56
356.59
356.63
356.64
356.62
356.64
356.63
356.58
356.56
356.55
356.58
356.64
356.57
356.59
356.72
356.57
356.37
356.37
356.3
356.27
356.33
356.21
356.07
355.99
355.78
355.6
355.59
355.53
355.42
355.42
355.44
355.47
355.55
355.48
355.43
355.56
355.48
355.44
355.57
355.4
355.32
355.45
355.38
355.38
355.27
354.92
354.99
355.12
354.93
354.87
354.86
354.73
354.68
354.61
354.38
354.23
354.24
354.3
354.33
354.27
354.19
354.17
354.18
354.29
354.37
354.36
354.31
354.27
354.35
354.21
353.99
354.15
354.21
354.06
354.02
354.1
354.48
354.84
354.73
354.62
354.73
354.9
354.99
354.95
354.88
354.85
354.86
354.92
354.99
354.96
354.96
355.14
355.34
355.27
355.03
354.95
355.02
355.06
355.24
355.34
355.21
355.23
355.24
355.15
355.2
355.19
355.15
355.27
355.35
355.39
355.26
354.98
355.1
355.4
355.41
355.42
355.47
355.44
355.48
355.62
355.77
355.78
355.79
355.97
356.15
356.19
356.16
356.15
356.23
356.27
356.21
356.1
356.09
356.2
356.29
356.22
356.05
355.92
355.88
355.84
355.76
355.75
355.79
355.81
355.83
355.84
355.81
355.79
355.79
355.79
355.79
355.79
355.79
355.78
355.77
355.75
355.76
355.8
355.81
355.82
355.86
355.82
355.85
355.95
355.82
355.67
355.68
355.51
355.27
355.25
355.33
355.34
355.23
355.14
355.09
354.95
354.94
355.01
354.68
354.32
354.33
354.32
354.18
354.06
353.89
353.71
353.48
353.28
353.14
353
352.9
352.77
352.61
352.46
352.15
351.83
351.73
351.74
351.68
351.49
351.32
351.25
351.19
351.08
350.89
350.73
350.66
350.59
350.47
350.32
350.14
349.95
349.79
349.67
349.64
349.67
349.54
349.35
349.28
349.2
349
348.89
348.93
348.98
348.93
348.88
348.79
348.72
348.83
348.75
348.53
348.63
348.73
348.56
348.49
348.62
348.74
348.75
348.71
348.73
348.75
348.82
348.92
348.84
348.77
348.87
349.05
349.29
349.31
349.12
349.11
349.11
349.02
349.09
349.06
348.89
348.83
348.75
348.72
348.84
348.89
348.98
349.05
348.89
348.87
349.01
348.87
348.73
348.79
348.68
348.55
348.62
348.76
348.75
348.65
348.64
348.52
348.42
348.63
348.63
348.45
348.55
348.55
348.5
348.65
348.71
348.67
348.73
348.79
348.85
348.96
349.01
349.03
349.07
349.1
349.18
349.2
349.16
349.24
349.41
349.6
349.6
349.37
349.26
349.4
349.52
349.55
349.6
349.66
349.69
349.7
349.75
349.89
350.08
350.27
350.46
350.64
350.79
350.87
350.91
350.93
350.89
350.93
350.99
350.99
351.28
351.61
351.45
351.29
351.3
351.37
351.84
352.11
351.96
352.02
351.97
351.87
352.26
352.5
352.45
352.56
352.63
352.61
352.63
352.6
352.68
352.83
352.89
352.86
352.86
352.97
353.03
353.01
353.06
353.16
353.19
353.19
353.22
353.33
353.45
353.54
353.6
353.64
353.56
353.41
353.48
353.68
353.72
353.82
353.94
353.82
353.77
353.8
353.7
353.82
353.93
353.71
353.79
353.96
353.87
354.14
354.41
354.49
354.79
354.99
355.16
355.37
355.29
355.24
355.22
355.01
355.03
355.22
355.18
355.16
355.33
355.4
355.46
355.63
355.67
355.7
355.87
355.98
356.04
356.12
356.16
356.18
356.17
356.25
356.43
356.49
356.45
356.46
356.41
356.45
356.73
356.91
356.94
357.14
357.4
357.5
357.52
357.52
357.56
357.67
357.82
357.88
357.84
357.83
357.89
357.92
357.88
357.84
357.83
357.84
357.88
357.87
357.85
357.86
357.86
357.85
357.72
357.53
357.43
357.31
357.13
356.92
356.77
356.62
356.43
356.28
356.03
355.78
355.65
355.38
355.34
355.41
354.96
354.59
354.56
354.32
354.21
354.1
353.72
353.49
353.23
353.01
353.1
352.82
352.45
352.57
352.49
352.2
352.06
351.78
351.52
351.35
351.11
350.97
350.92
350.79
350.63
350.41
350.06
349.71
349.56
349.54
349.31
349.01
348.92
348.83
348.82
348.92
348.64
348.36
348.45
348.41
348.24
348.12
347.77
347.43
347.35
347.26
347.29
347.42
347.19
346.91
346.83
346.73
346.63
346.56
346.55
346.47
346.26
346.27
346.35
346.23
346.23
346.38
346.4
346.39
346.46
346.51
346.61
346.82
346.88
346.84
346.83
346.85
346.88
346.84
346.96
347.29
347.37
347.38
347.68
347.75
347.54
347.65
347.87
347.81
347.81
348.06
348.26
348.34
348.48
348.57
348.57
348.72
348.9
348.95
349.14
349.34
349.3
349.36
349.64
349.84
349.96
350.06
350.11
350.19
350.19
350.18
350.36
350.53
350.58
350.68
350.74
350.78
350.83
350.76
350.87
351.22
351.45
351.5
351.48
351.5
351.64
351.75
351.8
351.83
351.73
351.59
351.54
351.56
351.61
351.65
351.68
351.73
351.77
351.79
351.79
351.85
351.99
352.07
352.04
351.97
351.95
352.05
352.11
352.11
352.07
351.7
351.39
351.71
351.98
351.81
351.71
351.85
351.9
351.73
351.62
351.76
351.79
351.64
351.59
351.66
351.68
351.58
351.46
351.51
351.65
351.65
351.58
351.65
351.72
351.67
351.67
351.68
351.65
351.71
351.64
351.49
351.53
351.52
351.47
351.48
351.41
351.41
351.46
351.36
351.25
351.26
351.37
351.41
351.32
351.28
351.24
351.21
351.22
351.12
350.99
350.93
350.82
350.68
350.55
350.45
350.37
350.24
350.18
350.2
350.04
349.83
349.82
349.72
349.51
349.51
349.53
349.44
349.37
349.21
349
348.91
348.89
348.88
348.8
348.66
348.64
348.63
348.62
348.57
348.37
348.36
348.43
348.23
348.17
348.32
348.37
348.31
348.14
348.01
347.92
347.78
347.86
347.95
347.75
347.71
347.87
347.65
347.29
347.23
347.24
347.2
347.31
347.41
347.3
347.14
347.06
347.01
346.94
346.75
346.69
346.87
346.74
346.62
346.83
346.94
346.98
