365.39
365.6
365.88
365.93
365.87
366
366.15
366.19
366.2
366.21
366.21
366.19
366.17
366.13
366.09
366.09
366.08
366.04
365.96
365.86
365.78
365.65
365.45
365.27
365.16
365.15
365.14
364.99
364.87
364.8
364.52
364.22
364.01
363.77
363.64
363.58
363.49
363.46
363.42
363.32
363.29
363.24
363.07
362.85
362.71
362.67
362.61
362.53
362.43
362.36
362.35
362.27
362.1
361.94
361.77
361.78
361.82
361.53
361.3
361.24
361.1
360.9
360.67
360.63
360.69
360.39
360.11
360.09
359.96
359.79
359.66
359.37
359.09
358.95
358.78
358.56
358.47
358.35
358.06
357.89
357.82
357.75
357.73
357.56
357.25
357.03
356.91
356.87
356.79
356.57
356.45
356.46
356.38
356.2
356.07
355.97
355.75
355.49
355.45
355.57
355.6
355.6
355.59
355.5
355.61
355.68
355.23
354.97
355.29
355.38
355.27
355.31
355.31
355.29
355.32
355.21
355.1
355.07
355.08
355.09
355.03
354.91
354.79
354.73
354.72
354.65
354.61
354.61
354.52
354.46
354.38
354.31
354.46
354.62
354.6
354.58
354.58
354.63
354.68
354.73
354.89
354.86
354.83
354.98
354.97
355.05
355.13
354.92
355.01
355.27
355.38
355.85
356.34
356.42
356.5
356.68
356.82
356.97
357.13
357.19
357.25
357.38
357.4
357.43
357.5
357.52
357.62
357.54
357.27
357.37
357.58
357.5
357.44
357.5
357.57
357.62
357.65
357.73
357.87
357.96
358.01
358.01
358
358.01
358.01
358
358.11
358.23
358.3
358.48
358.61
358.61
358.67
358.89
359.21
359.4
359.45
359.62
359.86
359.95
360.05
360.2
360.3
360.45
360.62
360.7
360.95
361.31
361.42
361.51
361.8
362.08
362.26
362.4
362.48
362.62
362.81
362.87
362.97
363.09
363.1
363.34
363.64
363.68
363.8
364.1
364.2
364.21
364.41
364.57
364.47
364.52
364.73
364.64
364.5
364.47
364.29
364.22
364.14
363.65
363.3
363.29
363.15
362.99
363.04
363.12
363.16
363.3
363.54
363.68
363.77
364.04
364.35
364.55
364.72
364.9
365.14
365.27
365.35
365.63
365.86
366.01
366.18
365.98
365.79
365.96
366.03
366.11
366.13
365.88
365.9
366.07
366.06
366.06
365.86
365.61
365.65
365.65
365.62
365.78
365.99
366.12
366.11
366.09
366.18
366.28
366.29
366.12
366.04
366.32
366.54
366.58
366.65
366.65
366.68
366.85
367
367.05
367.12
367.26
367.27
367.24
367.32
367.18
366.94
367.03
367.03
366.81
366.81
366.79
366.74
367.13
367.4
367.26
367.3
367.36
367.25
367.21
367.16
367.13
367.15
367.13
367.16
367.23
367.32
367.49
367.42
367.28
367.5
367.55
367.29
367.4
367.67
367.68
367.63
367.69
367.88
368.05
368.05
368.05
368.15
368.2
368.27
368.51
368.71
368.73
368.7
368.72
368.86
369.05
369.13
369.15
369.15
369.08
369
368.97
368.97
369.08
369.27
369.29
369.16
369.18
369.26
369.15
369.03
369.01
368.96
368.95
368.9
368.76
368.71
368.76
368.75
368.71
368.67
368.58
368.42
368.32
368.33
368.39
368.39
368.26
368.16
368.05
367.74
367.6
367.7
367.64
367.46
367.25
367.08
366.99
366.86
366.8
366.94
366.83
366.54
366.58
366.52
366.26
366.23
365.93
365.52
365.61
365.48
365.31
365.51
365.26
364.96
365.15
365.06
364.7
364.58
364.54
364.35
364.28
364.37
364.15
363.88
363.81
363.59
363.46
363.48
363.33
363.12
363.02
363.01
362.97
362.83
362.79
362.75
362.64
362.63
362.61
362.56
362.5
362.43
362.42
362.33
362.2
362.11
361.96
361.94
361.91
361.68
361.63
361.61
361.37
361.42
361.53
361.37
361.26
361.31
361.34
361.08
360.69
360.69
360.78
360.65
360.68
360.7
360.56
360.67
360.82
360.72
360.59
360.47
360.51
360.49
360.28
360.29
360.19
360.03
360.34
360.34
359.89
359.83
359.93
359.95
359.91
359.64
359.51
359.61
359.45
359.24
359.3
359.11
358.7
358.67
358.73
358.67
358.78
358.89
358.83
358.81
358.9
359.01
359.12
359.12
359.16
359.22
359
358.95
359.22
359.29
359.4
359.68
359.64
359.5
359.58
359.67
359.84
360.04
360.06
360.12
360.33
360.52
360.53
360.55
360.76
361.01
361.14
361.12
361.09
361.26
361.41
361.33
361.3
361.39
361.35
361.29
361.36
361.5
361.67
361.73
361.76
361.95
362.14
362.18
362.2
362.32
362.51
362.79
363.01
362.97
363.03
363.44
363.67
363.65
363.78
363.94
364.02
364.13
364.29
364.49
364.73
364.85
364.88
364.96
365.05
365.19
365.31
365.29
365.39
365.63
365.59
365.51
365.65
365.71
365.73
365.93
366.05
366
366.36
366.88
366.69
366.44
366.82
367.14
367.19
367.28
367.4
367.49
367.4
367.25
367.24
367.35
367.36
367.27
367.47
367.8
367.8
367.76
367.8
367.67
367.53
367.53
367.54
367.49
367.44
367.43
367.42
367.42
367.4
367.34
367.26
367.2
367.19
367.14
367.06
367.06
367.08
367.03
366.98
367.02
367.11
367.16
367.17
367.08
366.85
366.84
367.04
367.03
366.91
366.84
366.71
366.58
366.51
366.46
366.42
366.42
366.36
366.3
366.36
366.34
366.28
366.39
366.21
365.87
365.96
366.06
365.91
365.81
365.63
365.42
365.34
365.35
365.37
365.32
365.24
365.2
365.13
365.06
365.03
364.95
364.76
364.6
364.55
364.49
364.36
364.35
364.39
364.26
364.02
363.81
363.64
363.58
363.54
363.39
363.28
363.25
363.15
362.99
362.87
362.8
362.8
362.8
362.72
362.63
362.56
362.5
362.49
362.45
362.37
362.34
362.26
362.1
361.99
361.93
361.9
361.88
361.88
361.91
361.93
361.93
361.93
361.88
361.8
361.8
361.91
361.99
362.01
362.03
362.05
362.08
362.1
362.06
362.04
362.06
362.06
362.06
362.06
362.06
362.06
362.05
362.02
362
361.98
361.95
361.86
361.87
362.05
362.21
362.16
361.99
361.88
361.86
361.82
361.75
361.69
361.59
361.47
361.39
361.38
361.29
361.11
360.9
360.64
360.5
360.41
360.05
359.66
359.58
359.53
359.37
359.18
358.89
358.79
358.92
358.75
358.49
358.46
358.38
358.32
358.28
358.09
358.08
358.18
358.15
358.14
358.09
357.96
357.94
357.96
357.94
357.8
357.56
357.6
357.67
357.41
357.2
357.14
357.05
356.99
357.04
357.13
357.08
357.08
357.15
356.99
356.8
356.79
356.77
356.74
356.69
356.59
356.51
356.52
356.52
356.41
356.36
356.41
356.4
356.36
356.36
356.38
356.45
356.56
356.7
356.85
356.93
357.01
357.12
357.25
357.45
357.57
357.57
357.72
357.9
357.91
357.96
358.04
358.06
358.12
358.24
358.25
358.22
358.31
358.5
358.68
358.74
358.72
358.8
358.81
358.72
358.83
358.97
359.01
359.1
359.08
359.12
359.24
359.29
359.58
359.96
360.04
360.26
360.36
360.18
360.49
360.83
360.78
360.88
361
361.03
361.17
361.24
361.31
361.43
361.33
361.21
361.24
361.27
361.24
361.21
361.29
361.35
361.23
361.12
361.07
360.95
360.88
360.88
360.79
360.71
360.72
360.57
360.33
360.28
360.24
360.04
359.89
359.84
359.77
359.69
359.64
359.58
359.52
359.47
359.43
359.39
359.37
359.33
359.28
359.23
359.17
359.13
359.09
359.04
358.81
358.51
358.53
358.59
358.5
358.53
358.49
358.33
358.37
358.41
358.25
358.1
358.05
358.05
358.05
358.09
358.12
358.14
358.21
358.33
358.4
358.4
358.53
358.65
358.49
358.49
358.54
358.4
358.72
359.11
358.83
358.59
358.65
358.6
358.51
358.47
358.41
358.39
358.57
358.8
358.88
358.94
359.06
359.13
359.27
359.47
359.48
359.42
359.48
359.38
359.23
359.36
359.41
359.28
359.47
359.69
359.8
360.01
359.87
359.65
359.94
360.11
360.04
360.15
360.18
360.19
360.32
360.35
360.31
360.3
360.38
360.48
360.52
360.52
360.53
360.58
360.62
360.56
360.54
360.61
360.69
360.78
360.73
360.62
360.73
360.82
360.77
360.76
360.76
360.76
360.78
360.75
360.69
360.66
360.61
360.61
360.68
360.68
360.65
360.7
360.77
360.79
360.85
360.91
360.89
360.86
360.89
360.96
360.98
360.95
360.94
360.96
360.94
360.86
360.79
360.75
360.73
360.73
360.73
360.72
360.71
360.72
360.75
360.8
360.84
360.8
360.64
360.5
360.46
360.41
360.35
360.39
360.38
360.3
360.27
360.21
360.14
360.21
360.31
360.28
360.26
360.38
360.45
360.41
360.4
360.17
360.18
360.69
360.62
360.25
360.53
360.61
360.43
360.55
360.59
360.66
360.62
360.33
360.23
360.28
360.52
360.82
360.78
360.72
360.84
361
361.18
361.25
361.22
361.24
361.25
361.19
361.15
361.21
361.31
361.35
361.35
361.31
361.29
361.39
361.47
361.47
361.55
361.64
361.64
361.63
361.66
361.67
361.68
361.72
361.77
361.81
361.84
361.86
361.81
361.71
361.66
361.69
361.68
361.62
361.61
361.62
361.57
361.52
361.59
361.71
361.72
361.63
361.68
361.79
361.76
361.68
361.64
361.56
361.55
361.59
361.52
361.42
361.44
361.47
361.42
361.39
361.41
361.41
361.38
361.31
361.29
361.3
361.23
361.08
360.95
360.89
360.83
360.76
360.72
360.73
360.74
360.82
360.83
360.67
360.62
360.6
360.54
360.55
360.18
359.79
360.09
360.29
360.07
360.14
360.28
360.23
360.21
360.21
360.15
360.06
359.91
359.81
359.73
359.61
359.54
359.56
359.57
359.58
359.56
359.55
359.55
359.53
359.43
359.27
359.16
359.09
358.97
358.9
358.9
358.82
358.73
358.71
358.66
358.61
358.57
358.47
358.35
358.28
358.2
358.06
357.89
357.74
357.56
357.45
357.45
357.41
357.3
357.22
357.17
357.13
357.11
357.04
356.86
356.69
356.66
356.67
356.54
356.36
356.11
355.88
355.72
355.46
355.49
355.82
355.6
355.2
355.28
355.28
355.16
355.21
355.14
355
355.1
355.21
355.16
355.17
355.19
355.15
355.18
355.1
354.7
354.46
354.68
354.74
354.65
354.84
354.83
354.59
354.68
354.66
354.44
354.64
354.78
354.42
354.38
354.72
354.77
354.72
354.75
354.72
354.77
354.8
354.78
354.84
354.7
354.5
354.56
354.61
354.58
354.59
354.56
354.53
354.48
354.42
354.44
354.6
354.81
354.9
354.89
354.92
355.09
355.22
355.1
355.09
355.37
355.29
354.96
354.99
355.21
355.42
355.55
355.58
355.76
355.77
355.61
355.72
355.67
355.52
355.78
355.9
355.84
356.18
356.48
356.42
356.41
356.49
356.57
356.66
356.72
356.87
356.96
356.95
357.17
357.3
357.14
357.31
357.58
357.51
357.63
357.88
357.97
358.19
358.18
358.01
358.37
358.62
358.63
359.16
359.41
359.05
358.94
359.03
359.3
359.8
360.01
360.05
360.15
360.14
360.17
360.37
360.42
360.32
360.52
360.84
360.76
360.7
361.13
361.53
361.65
361.86
362.08
362.12
362.2
362.35
362.44
362.53
362.75
362.99
363.2
363.51
363.76
363.93
364.39
364.73
364.66
364.71
364.77
364.8
365.1
365.22
365.27
365.47
365.42
365.54
365.86
365.99
366.17
366.12
366.01
366.35
366.41
366.22
366.33
366.37
366.44
366.61
366.66
366.75
366.73
366.66
366.9
367.13
367.14
367.17
367.19
367.21
367.31
367.37
367.39
367.38
367.34
367.38
367.48
367.53
367.57
367.63
367.65
367.6
367.5
367.43
367.37
367.2
366.97
366.79
366.78
366.9
366.98
366.99
366.91
366.83
366.85
366.8
366.74
366.77
366.68
366.56
366.51
366.45
366.42
366.37
366.35
366.39
366.35
366.39
366.43
366.4
366.53
366.46
366.18
366.27
366.36
366.21
366.14
366.04
365.94
365.91
365.78
365.66
365.56
365.42
365.16
364.9
364.88
364.84
364.66
364.58
364.5
364.36
364.06
363.72
363.75
363.83
363.65
363.54
363.56
363.59
363.59
363.48
363.63
363.9
363.65
363.35
363.52
363.6
363.57
363.72
363.63
363.56
363.75
363.5
363.21
363.42
363.42
363.21
363.07
362.87
362.9
363.02
362.91
362.79
362.68
362.56
362.52
362.41
362.21
362.06
361.9
361.76
361.7
361.59
361.42
361.43
361.45
361.24
361.19
361.28
361.22
361.19
361.22
361.16
361.12
361.13
361.07
361.03
361
360.88
360.76
360.87
361.07
361.06
360.98
361
360.86
360.73
360.93
361.19
361.25
361.28
361.32
361.29
361.39
361.66
361.75
361.66
361.66
361.68
361.7
361.75
361.67
361.6
361.75
361.89
361.84
361.76
361.7
361.62
361.65
361.79
361.84
361.86
361.95
361.92
361.95
362.13
361.97
361.78
362.17
362.54
362.52
362.58
362.75
362.8
362.81
362.81
362.86
362.98
363.19
363.39
363.52
363.65
363.78
363.88
363.93
363.97
364.03
364.15
364.27
364.35
364.43
364.53
364.63
364.74
364.82
364.86
364.92
365.02
365.18
365.33
365.41
365.49
365.6
365.71
365.87
366.02
366.07
366.15
366.35
366.56
366.67
366.71
366.74
366.81
366.93
367.03
367.1
367.16
367.23
367.29
367.35
367.48
367.59
367.65
367.85
368.06
367.96
367.92
368.09
368.11
368.26
368.49
368.46
368.85
369.33
368.98
368.7
368.97
369.16
369.33
369.43
369.39
369.49
369.58
369.55
369.57
369.64
369.77
369.95
370.06
370.06
370.02
370.06
370.18
370.23
370.26
370.45
370.71
370.78
370.8
370.99
371.2
371.32
371.4
371.47
371.59
371.76
371.81
371.88
372.01
372
372.11
372.45
372.57
372.49
372.61
372.77
372.79
372.98
373.32
373.49
373.59
373.56
373.32
373.5
373.93
373.83
373.51
373.63
373.87
373.87
374.08
374.49
374.25
373.84
374.07
374.21
373.96
373.81
373.78
373.87
373.98
373.78
373.45
373.55
373.9
373.87
373.55
373.29
373.15
373.1
373.06
373.02
373
372.93
372.85
372.81
372.8
372.81
372.79
372.77
372.81
372.8
372.66
372.42
372.17
372.23
372.43
372.19
372.1
372.37
372.17
372.04
372.1
371.57
371.62
372.09
371.63
371.37
371.59
371.1
370.57
370.77
370.9
370.43
370.21
370.55
370.4
369.93
369.89
369.82
369.58
369.42
369.19
369.06
369
368.77
368.52
368.35
368.19
368.05
367.86
367.72
367.72
367.55
367.32
367.28
367.04
366.74
366.63
366.32
366.3
366.68
366.47
366.07
366.1
366.1
365.97
365.84
365.81
365.74
365.6
365.74
365.58
364.91
364.68
364.63
364.39
364.36
364.32
364.31
364.43
364.26
364.24
364.38
364.02
363.66
363.67
363.76
363.72
363.45
363.25
363.09
363.01
363.16
363.18
363.26
363.31
362.94
362.92
363.14
362.96
362.77
362.85
363.1
363.13
362.73
362.59
362.72
362.72
362.78
362.8
362.75
362.94
363.01
362.96
363.19
363.19
362.98
363
362.98
362.88
362.84
362.71
362.58
362.61
362.75
