177.29
176.61
176.82
176.98
176.89
176.93
176.88
176.75
176.59
176.45
176.5
176.54
176.46
176.42
176.4
176.26
176.14
176.1
176
175.86
175.82
175.79
175.72
175.62
175.54
175.54
175.43
175.29
175.29
175.24
175.11
175.09
175.09
175.08
175.08
175.02
174.99
175.01
174.91
174.76
174.79
174.89
174.76
174.58
174.56
174.51
174.45
174.49
174.43
174.33
174.42
174.53
174.52
174.57
174.66
174.69
174.73
174.85
175.04
175.16
175.15
175.13
175.19
175.28
175.23
175.15
175.33
175.49
175.44
175.53
175.73
175.77
175.72
175.68
175.74
175.82
175.83
175.84
175.88
175.97
176.09
176.15
176.19
176.26
176.29
176.35
176.54
176.74
176.74
176.78
177.05
177.21
177.21
177.3
177.39
177.43
177.53
177.62
177.74
177.85
177.84
177.85
177.87
177.82
177.85
177.88
177.86
177.89
177.97
178.04
178.07
178.05
178.1
178.16
178.14
178.19
178.24
178.2
178.24
178.2
178.1
178.22
178.32
178.24
178.21
178.21
178.22
178.3
178.32
178.3
178.3
178.2
178.13
178.24
178.31
178.27
178.29
178.26
178.17
178.22
178.24
178.18
178.35
178.52
178.39
178.38
178.49
178.37
178.36
178.53
178.55
178.5
178.5
178.51
178.54
178.55
178.54
178.55
178.55
178.54
178.55
178.57
178.61
178.64
178.67
178.68
178.67
178.6
178.5
178.49
178.53
178.49
178.34
178.23
178.29
178.36
178.33
178.31
178.29
178.25
178.28
178.33
178.33
178.38
178.45
178.43
178.44
178.47
178.45
178.47
178.46
178.43
178.66
178.95
178.95
178.91
178.99
179.05
179.04
179.01
179.05
179.04
178.97
179.17
179.35
179.25
179.27
179.34
179.27
179.28
179.3
179.27
179.29
179.29
179.27
179.31
179.39
179.46
179.51
179.47
179.36
179.36
179.46
179.5
179.49
179.45
179.41
179.42
179.42
179.43
179.47
179.48
179.47
179.48
179.58
179.65
179.6
179.76
180
179.97
179.93
179.99
179.97
179.96
179.98
179.97
179.97
179.97
179.98
179.97
179.97
179.98
179.96
179.98
180.07
180.04
179.98
179.96
179.91
179.87
179.87
179.87
179.77
179.64
179.56
179.43
179.35
179.4
179.37
179.25
179.16
179.18
179.23
179.13
179.04
179.08
178.92
178.72
178.7
178.62
178.51
178.52
178.53
178.5
178.5
178.53
178.5
178.49
178.52
178.51
178.51
178.52
178.48
178.41
178.39
178.43
178.41
178.4
178.62
178.82
178.8
178.8
178.85
178.86
178.86
178.86
178.86
178.85
178.84
178.84
178.78
178.68
178.72
178.82
178.78
178.7
178.8
178.93
178.95
178.95
178.93
178.93
178.94
178.94
178.96
179.03
179.05
179.02
178.97
178.89
178.93
179.1
179.1
179.04
179.06
178.92
178.76
178.78
178.72
178.67
178.7
178.66
178.7
178.68
178.59
178.78
178.93
178.87
178.92
178.92
178.87
178.98
179.1
179.17
179.18
179.16
179.17
179.22
179.28
179.33
179.34
179.33
179.34
179.33
179.3
179.2
179.13
179.13
178.96
178.74
178.8
178.86
178.7
178.64
178.71
178.64
178.5
178.44
178.45
178.48
178.43
178.22
178.12
178.19
178.18
178.05
177.95
177.92
177.74
177.5
177.4
177.35
177.31
177.32
177.33
177.32
177.32
177.25
177.19
177.22
177.23
177.18
177.15
177.16
177.16
177.16
177.18
177.18
177.16
177.19
177.24
177.22
177.2
177.35
177.51
177.55
177.58
177.59
177.61
177.71
177.83
177.97
178.13
178.19
178.27
178.47
178.55
178.57
178.82
179.02
179.02
179.13
179.23
179.23
179.38
179.55
179.64
179.75
179.74
179.74
179.82
179.81
179.8
179.82
179.76
179.75
179.79
179.79
179.79
179.76
179.84
179.96
179.92
179.9
179.92
179.83
179.83
179.89
179.86
179.87
179.9
179.87
179.9
179.93
179.92
179.89
179.85
179.92
180.01
180
180.1
180.19
180.1
179.98
179.9
179.94
180.04
179.87
179.67
179.63
179.58
179.57
179.47
179.24
179.19
179.18
179.1
178.99
178.84
178.75
178.57
178.25
178.18
178.21
178.16
178.1
177.93
177.74
177.59
177.41
177.41
177.38
177.16
177.06
177.04
176.9
176.78
176.77
176.76
176.71
176.63
176.52
176.49
176.55
176.46
176.34
176.38
176.32
176.25
176.28
176.17
176.01
176.1
176.2
176.13
176.04
176.05
176.04
175.88
175.72
175.58
175.45
175.41
175.39
175.32
175.29
175.23
175.16
175.19
175.17
175.09
175.05
174.96
174.85
174.83
174.79
174.74
174.71
174.6
174.5
174.41
174.35
174.47
174.54
174.39
174.34
174.34
174.31
174.31
174.29
174.27
174.33
174.31
174.26
174.28
174.29
174.33
174.39
174.36
174.38
174.44
174.45
174.5
174.54
174.5
174.58
174.68
174.63
174.57
174.58
174.58
174.59
174.61
174.5
174.28
174.18
174.19
174.18
174.19
174.18
174.11
174.14
174.19
174.03
173.87
173.83
173.78
173.78
173.8
173.71
173.62
173.62
173.6
173.58
173.61
173.68
173.74
173.75
173.73
173.82
173.91
173.76
173.67
173.75
173.65
173.62
173.71
173.6
173.8
174.16
173.99
173.82
173.99
174
174.02
174.15
174.18
174.19
174.15
174.09
174.09
174.06
174.04
174.01
173.94
173.91
173.86
173.77
173.81
173.96
173.99
173.88
173.84
173.86
173.84
173.83
173.73
173.53
173.5
173.62
173.64
173.56
173.51
173.53
173.53
173.45
173.39
173.31
173.21
173.3
173.36
173.21
173.11
173.13
173.18
173.2
173.15
172.99
172.8
172.73
172.69
172.6
172.58
172.56
172.53
172.55
172.53
172.48
172.47
172.42
172.34
172.3
172.23
172.13
172.04
171.96
171.89
171.86
171.84
171.7
171.5
171.28
171.06
170.95
170.94
170.9
170.79
170.67
170.57
170.54
170.52
170.49
170.44
170.38
170.36
170.32
170.3
170.31
170.31
170.31
170.29
170.27
170.23
170.11
170.03
170.06
170.07
170.04
170.05
170.05
170.03
170.01
169.99
169.97
169.99
170.02
169.99
170
170.1
170.19
170.22
170.21
170.24
170.41
170.54
170.46
170.41
170.5
170.54
170.54
170.59
170.6
170.58
170.67
170.74
170.72
170.69
170.65
170.6
170.59
170.64
170.73
170.8
170.89
171.02
171.11
171.25
171.47
171.65
171.76
171.87
171.94
172
172.1
172.12
172.13
172.31
172.5
172.56
172.6
172.62
172.55
172.65
172.96
173.15
173.24
173.39
173.51
173.59
173.64
173.66
173.75
173.85
173.9
173.95
173.97
173.97
174
174.03
174.13
174.23
174.22
174.18
174.21
174.24
174.24
174.24
174.19
174.14
174.14
174.16
174.19
174.17
174.18
174.18
174.06
173.98
174.02
174.03
174.01
174
173.96
173.95
173.96
173.95
173.96
173.96
173.95
173.96
173.96
173.96
173.96
173.96
173.96
173.96
173.95
173.96
173.95
173.95
173.96
173.94
173.93
173.94
173.86
173.78
173.79
173.8
173.79
173.78
173.75
173.76
173.78
173.74
173.73
173.67
173.5
173.4
173.39
173.29
173.17
173.13
173.08
172.99
172.97
173.12
173.22
173.17
173.17
173.19
173.17
173.16
173.14
173.15
173.15
173.14
173.15
173.13
173.11
173.11
173.06
173.1
173.19
173.11
173.04
173.15
173.13
173.03
173.13
173.15
173.03
173.01
173.01
173.03
173.07
173.02
172.99
172.97
172.95
172.98
172.92
172.87
172.98
172.99
172.94
172.97
173
173
172.96
172.91
172.92
172.93
172.92
172.92
172.93
172.93
172.85
172.8
172.85
172.87
172.89
172.88
172.78
172.72
172.74
172.76
172.72
172.74
172.79
172.64
172.46
172.46
172.47
172.46
172.43
172.39
172.38
172.32
172.27
172.24
172.17
172.15
172.08
171.95
171.87
171.8
171.66
171.49
171.45
171.45
171.29
171.19
171.16
170.98
170.86
170.76
170.68
170.8
170.73
170.46
170.34
170.27
170.11
169.99
169.9
169.66
169.48
169.5
169.22
168.87
168.95
168.87
168.54
168.42
168.32
168.23
168.19
168.08
167.95
167.78
167.65
167.59
167.63
167.66
167.42
167.22
167.32
167.37
167.33
167.33
167.26
167.18
167.26
167.42
167.48
167.51
167.6
167.65
167.7
167.72
167.77
167.86
167.87
167.95
168.04
167.95
167.86
167.91
167.97
167.91
167.97
168.11
168.01
167.9
168.06
168.14
168.1
168.13
168.12
168.09
168.12
168.13
168.13
168.17
168.15
168.09
168.15
168.22
168.13
168.09
168.11
168.08
168.16
168.25
168.21
168.21
168.22
168.22
168.29
168.36
168.37
168.44
168.53
168.49
168.47
168.5
168.54
168.62
168.58
168.44
168.61
168.78
168.67
168.68
168.75
168.69
168.75
168.79
168.73
168.8
168.89
168.87
168.83
168.89
168.97
169.05
169.1
169.02
169.02
169.07
168.99
169.11
169.33
169.26
169.19
169.27
169.33
169.3
169.2
169.17
169.31
169.43
169.49
169.52
169.52
169.58
169.66
169.65
169.66
169.71
169.81
169.85
169.79
169.8
169.9
169.99
170.04
170.01
170.04
170.12
170.07
170.09
170.3
170.38
170.4
170.53
170.61
170.61
170.61
170.7
170.85
170.97
171.03
171.05
171.2
171.43
171.42
171.42
171.61
171.65
171.73
171.96
172.06
172.15
172.32
172.52
172.69
172.68
172.64
172.7
172.72
172.78
172.95
173.1
173.27
173.62
173.88
173.93
173.9
173.88
174.13
174.47
174.5
174.49
174.57
174.54
174.57
174.66
174.68
174.7
174.82
174.91
174.87
175.03
175.41
175.51
175.46
175.57
175.65
175.58
175.53
175.72
175.87
175.79
175.88
176.11
176.08
176.07
176.15
176.15
176.14
176.06
175.98
175.98
175.82
175.62
175.56
175.54
175.52
175.5
175.47
175.45
175.42
175.33
175.13
174.97
174.91
174.97
175.02
174.94
174.94
174.96
174.71
174.53
174.52
174.45
174.5
174.58
174.44
174.34
174.37
174.39
174.36
174.33
174.35
174.37
174.28
174.2
174.19
174.11
173.97
173.85
173.8
173.8
173.71
173.57
173.47
173.29
173.24
173.31
173.22
173.19
173.14
172.89
173.08
173.45
173.17
172.86
172.89
172.86
172.85
172.86
172.85
172.98
173.04
173.02
173.19
173.32
173.34
173.36
173.3
173.27
173.28
173.24
173.29
173.41
173.56
173.72
173.85
174
174.14
174.22
174.26
174.33
174.47
174.56
174.56
174.59
174.73
174.92
175.08
175.17
175.21
175.27
175.34
175.39
175.44
175.53
175.63
175.67
175.77
175.95
176.02
176.03
176.05
175.91
175.8
175.95
176.03
175.96
175.98
176.01
176
176.03
176.09
176.1
176.03
175.93
175.82
175.67
175.54
175.43
175.28
175.17
175.11
174.97
174.82
174.72
174.62
174.52
174.44
174.36
174.3
174.23
174.13
174.05
174
173.92
173.86
173.78
173.68
173.61
173.54
173.44
173.4
173.41
173.3
173.17
173.23
173.29
173.29
173.35
173.41
173.44
173.43
173.36
173.35
173.39
173.4
173.5
173.69
173.81
173.79
173.78
173.81
173.78
173.79
173.93
174.02
173.97
173.84
173.77
173.86
173.94
173.97
174.01
173.84
173.66
173.75
173.78
173.72
173.71
173.73
173.73
173.59
173.43
173.44
173.43
173.44
173.53
173.46
173.39
173.5
173.51
173.46
173.47
173.48
173.43
173.42
173.42
173.42
173.41
173.38
173.35
173.41
173.5
173.53
173.52
173.52
173.54
173.55
173.5
173.45
173.47
173.49
173.49
173.48
173.47
173.44
173.43
173.46
173.49
173.51
173.53
173.47
173.46
173.53
173.56
173.53
173.51
173.56
173.68
173.74
173.71
173.63
173.54
173.58
173.59
173.42
173.33
173.43
173.53
173.49
173.45
173.5
173.49
173.41
173.44
173.5
173.49
173.51
173.51
173.48
173.43
173.41
173.42
173.25
173.06
173.11
173.02
172.79
172.74
172.68
172.59
172.56
172.46
172.39
172.42
172.38
172.26
172.12
171.98
171.92
171.84
171.7
171.6
171.53
171.35
171.16
171.1
171.04
170.98
171
170.99
170.95
170.97
170.95
170.88
170.85
170.86
170.89
170.93
170.93
170.92
170.97
171.01
171.06
171.16
171.22
171.23
171.26
171.3
171.34
171.37
171.43
171.49
171.5
171.49
171.49
171.5
171.5
171.52
171.58
171.69
171.75
171.77
171.77
171.77
171.78
171.77
171.81
171.97
171.99
171.92
172.12
172.29
172.25
172.39
172.54
172.4
172.37
172.52
172.66
172.81
172.87
172.82
172.87
172.97
173.1
173.25
173.33
173.4
173.55
173.66
173.72
173.77
173.85
173.92
173.96
174.01
174.15
174.25
174.27
174.38
174.56
174.64
174.72
174.82
174.86
174.92
175
175.06
175.11
175.14
175.13
175.15
175.22
175.31
175.4
175.48
175.58
175.67
175.74
175.79
175.83
175.9
176.02
176.14
176.21
176.25
176.27
176.34
176.5
176.63
176.67
176.7
176.76
176.86
177.01
177.11
177.11
177.12
177.13
177.16
177.22
177.28
177.37
177.51
177.64
177.72
177.78
177.77
177.79
177.88
177.88
177.86
177.95
178.02
178.05
178.12
178.15
178.16
178.15
178.14
178.2
178.27
178.27
178.24
178.23
178.23
178.26
178.3
178.26
178.21
178.19
178.21
178.26
178.28
178.2
178.13
178.17
178.19
178.16
178.09
178.01
177.94
177.88
177.82
177.79
177.78
177.73
177.65
177.58
177.49
177.46
177.48
177.47
177.46
177.4
177.25
177.23
177.23
177.06
176.89
176.82
176.74
176.65
176.56
176.54
176.54
176.41
176.28
176.17
175.96
175.78
175.74
175.71
175.56
175.29
175.08
174.93
174.78
174.7
174.68
174.6
174.47
174.35
174.28
174.26
174.27
174.19
173.96
173.82
173.76
173.63
173.55
173.45
173.36
173.45
173.27
172.83
172.68
172.74
172.79
172.76
172.72
172.59
172.47
172.55
172.34
172.06
172.29
172.22
171.96
172.06
171.95
171.98
172.22
171.95
171.7
171.76
171.68
171.66
171.7
171.64
171.52
171.39
171.36
171.36
171.38
171.47
171.3
171.03
171.17
171.61
171.75
171.39
171.09
171.11
171.16
171.22
171.25
171.25
171.3
171.23
171.26
171.42
171.37
171.28
171.32
171.4
171.54
171.61
171.59
171.58
171.57
171.57
171.55
171.49
171.46
171.35
171.2
171.19
171.2
171.2
171.14
170.99
170.93
170.94
170.92
170.88
170.79
170.68
170.61
170.59
170.54
170.42
170.29
170.21
170.18
170.16
170.1
169.96
169.8
169.69
169.6
169.53
169.46
169.37
169.31
169.22
169.05
169.01
169.05
168.94
168.74
168.56
168.47
168.44
168.32
168.22
168.2
168.18
168.19
168.24
168.23
168.11
168.05
168.1
168.03
167.95
167.98
167.88
167.74
167.76
167.7
167.56
167.51
167.42
167.37
167.39
167.32
167.32
167.4
167.37
167.36
167.44
167.39
167.22
167.42
167.77
167.74
167.74
167.97
168.1
168.17
168.24
168.36
168.53
168.75
168.91
168.79
168.7
168.95
169.11
169.05
169.1
169.21
169.17
169.1
169.27
