42.389
42.663
42.665
42.591
42.513
42.415
42.288
42.162
42.123
42.058
41.973
41.979
41.86
41.639
41.683
41.766
41.548
41.429
41.497
41.459
41.554
41.697
41.561
41.487
41.591
41.597
41.564
41.571
41.574
41.591
41.588
41.549
41.553
41.576
41.545
41.554
41.605
41.552
41.475
41.457
41.423
41.394
41.388
41.377
41.345
41.241
41.137
41.04
40.823
40.602
40.484
40.331
40.108
39.81
39.497
39.286
39.097
38.969
38.812
38.425
38.211
38.154
37.768
37.436
37.361
37.238
37.149
36.997
36.677
36.438
36.25
36.022
35.846
35.71
35.659
35.688
35.653
35.656
35.641
35.416
35.186
34.931
34.732
34.863
34.859
34.638
34.619
34.553
34.393
34.358
34.34
34.351
34.358
34.318
34.4
34.468
34.362
34.238
34.109
34.091
34.194
34.014
33.857
34.057
34.047
33.857
33.834
33.803
33.806
33.791
33.634
33.461
33.245
33.089
33.125
33.152
33.158
33.197
33.122
33.113
33.203
33.04
32.934
33.214
33.417
33.401
33.437
33.504
33.529
33.614
33.755
33.844
33.904
33.977
34.186
34.535
34.784
35.001
35.229
35.42
35.683
35.871
36.102
36.448
36.553
36.703
37.205
37.568
37.545
37.596
37.868
37.947
37.973
38.157
38.29
38.608
39.101
39.342
39.482
39.701
39.753
39.734
39.964
40.142
40.092
40.3
40.69
40.864
41.021
41.317
41.478
41.401
41.472
41.81
42.011
42.058
42.169
42.259
42.342
42.468
42.459
42.403
42.521
42.625
42.608
42.58
42.603
42.678
42.633
42.726
42.921
42.543
42.122
42.051
41.811
41.782
41.898
41.731
41.62
41.372
41.032
41.034
41.054
40.924
40.832
40.747
40.645
40.618
40.561
40.323
40.212
40.264
40.055
39.778
39.782
39.819
39.736
39.737
39.753
39.63
39.571
39.595
39.531
39.517
39.563
39.557
39.536
39.46
39.399
39.412
39.375
39.374
39.444
39.21
38.653
38.423
38.537
38.317
38.013
37.994
37.825
37.617
37.632
37.611
37.547
37.488
37.434
37.453
37.449
37.331
37.109
37.003
37.054
36.91
36.795
36.945
36.996
37.067
37.109
36.937
37.176
37.561
37.509
37.634
37.933
37.946
38.009
38.093
38.038
38.263
38.54
38.606
38.838
38.823
38.58
38.842
38.922
38.718
39.112
39.411
39.269
39.507
39.813
39.841
40.152
40.585
40.678
40.747
40.918
40.968
41.042
41.178
41.21
41.221
41.26
41.329
41.475
41.581
41.584
41.606
41.701
41.775
41.768
41.79
41.828
41.751
41.688
41.737
41.744
41.676
41.716
41.998
42.29
42.303
42.22
42.229
42.201
42.16
42.182
42.158
42.104
42.083
42.011
41.911
41.894
41.869
41.81
41.889
42
41.997
42.094
42.22
42.136
42.098
42.196
42.127
41.937
41.851
41.82
41.629
41.318
41.183
41.108
40.853
40.706
40.841
40.928
40.81
40.684
40.635
40.455
40.188
40.06
39.729
39.216
39.145
39.209
38.955
38.773
38.675
38.419
38.311
38.366
38.156
37.814
37.658
37.545
37.43
37.346
37.207
37.156
37.126
36.958
36.943
36.978
36.932
37.289
37.588
37.265
37.207
37.63
37.818
37.858
37.906
37.767
37.674
37.848
38.01
38.007
38.013
38.107
38.253
38.393
38.446
38.438
38.418
38.378
38.365
38.408
38.429
38.39
38.365
38.391
38.426
38.428
38.391
38.352
38.345
38.364
38.397
38.422
38.427
38.444
38.481
38.508
38.507
38.507
38.544
38.581
38.573
38.557
38.583
38.621
38.641
38.664
38.628
38.548
38.662
38.84
38.674
38.458
38.547
38.54
38.397
38.417
38.348
38.19
38.227
38.247
38.116
38.066
38.112
38.102
38.071
38.088
38.107
38.053
37.856
37.663
37.632
37.633
37.676
37.756
37.675
37.551
37.439
37.325
37.38
37.237
36.994
37.226
37.108
36.362
36.107
36.198
36.093
36.072
36.094
36.03
36.019
36.066
36.092
36.045
35.938
35.857
35.843
35.862
35.847
35.828
35.95
36.044
36.049
36.244
36.371
36.423
36.603
36.573
36.55
36.671
36.722
36.74
36.505
36.523
36.816
36.414
36.056
36.266
36.166
35.994
36.124
36.187
36.187
36.28
36.483
36.725
36.877
36.94
36.962
37.045
37.2
37.223
37.302
37.607
37.742
37.858
38.186
38.348
38.51
38.842
39.06
39.267
39.596
39.887
40.076
40.32
40.56
40.745
41.267
41.819
41.813
41.707
41.916
42.219
42.296
42.287
42.71
43.232
43.368
43.501
43.682
43.773
44.064
44.334
44.199
44.131
44.457
44.673
44.665
44.779
44.919
44.944
44.959
44.98
45.011
45.056
45.057
45.035
45.021
44.991
44.96
44.948
44.883
44.747
44.642
44.593
44.562
44.55
44.533
44.539
44.552
44.487
44.409
44.288
44.174
44.282
44.393
44.366
44.375
44.348
44.349
44.337
44.091
43.945
44.045
44.02
43.902
43.975
44.01
43.718
43.536
43.581
43.505
43.603
43.707
43.49
43.48
43.481
43.324
43.351
43.064
42.708
42.848
42.788
42.467
42.271
42.007
41.772
41.6
41.451
41.451
41.374
41.172
41.109
41.133
41.064
40.845
40.626
40.489
40.328
40.22
40.076
39.938
40.042
39.965
39.689
39.679
39.595
39.399
39.445
39.436
39.454
39.853
40.18
40.262
40.335
40.314
40.544
40.965
40.905
40.809
40.96
41.021
41.369
41.678
41.557
41.772
41.962
41.635
41.81
42.363
42.222
41.996
42.539
42.941
42.652
42.713
43.266
43.428
43.16
42.845
42.616
42.531
42.752
43.044
42.678
42.131
42.488
42.869
42.351
42.031
42.18
42.04
41.943
41.918
41.673
41.692
41.843
41.676
41.495
41.46
41.444
41.437
41.418
41.447
41.432
41.206
40.998
40.958
40.936
40.92
40.863
40.718
40.608
40.559
40.509
40.462
40.423
40.341
40.228
40.192
40.189
40.102
40.047
40.081
40.087
40.137
40.259
40.283
40.228
40.175
40.151
40.15
40.091
40.099
40.09
39.89
39.919
40.1
39.94
39.776
39.814
39.834
39.855
39.817
39.841
40.036
39.93
39.696
40.015
40.341
40.166
40.085
40.294
40.598
40.869
40.97
41.084
41.187
41.226
41.31
41.215
41.061
41.131
41.203
41.196
41.234
41.277
41.277
41.266
41.262
41.178
41.066
41.047
41.019
40.971
40.978
40.981
40.973
40.979
40.977
40.976
40.979
40.976
40.976
40.98
40.976
40.978
40.98
40.915
40.857
40.865
40.788
40.664
40.616
40.518
40.387
40.368
40.384
40.371
40.37
40.399
40.436
40.459
40.527
40.684
40.784
40.767
40.788
40.754
40.63
40.677
40.721
40.545
40.45
40.483
40.439
40.393
40.398
40.326
40.184
40.095
40.023
39.92
39.839
39.761
39.724
39.717
39.642
39.534
39.35
39.097
38.934
38.86
38.806
38.673
38.452
38.254
38.013
37.842
37.912
37.946
37.851
37.824
37.827
37.792
37.749
37.686
37.521
37.277
37.18
37.22
37.157
37.03
36.965
36.906
36.858
36.877
36.902
36.893
36.846
36.801
36.912
37.003
36.952
37.107
37.266
37.143
37.144
37.243
37.203
37.224
37.291
37.268
37.245
37.295
37.356
37.316
37.219
37.12
36.909
36.715
36.717
36.697
36.62
36.598
36.485
36.459
36.566
36.422
36.262
36.244
35.887
35.457
35.488
35.497
35.251
35.319
35.441
35.106
34.876
34.942
34.868
34.792
34.887
34.945
34.888
34.814
34.745
34.666
34.56
34.386
34.316
34.342
34.108
33.843
33.851
33.824
33.697
33.587
33.486
33.367
33.225
33.191
32.928
32.378
32.216
32.182
31.891
31.742
31.624
31.427
31.361
31.277
31.143
31.014
30.748
30.403
30.137
30.034
30.007
29.854
29.696
29.66
29.594
29.525
29.543
29.557
29.525
29.508
29.527
29.495
29.401
29.363
29.404
29.449
29.488
29.541
29.581
29.616
29.683
29.77
29.884
30.049
30.221
30.347
30.418
30.471
30.548
30.592
30.596
30.684
30.835
30.929
30.992
31.092
31.241
31.441
31.63
31.719
31.754
31.791
31.776
31.744
31.798
31.919
32.055
32.156
32.186
32.238
32.336
32.405
32.483
32.558
32.567
32.591
32.671
32.79
32.951
33.09
33.157
33.17
33.141
33.112
33.123
33.141
33.141
33.15
33.146
33.054
32.895
32.769
32.672
32.56
32.451
32.343
32.248
32.215
32.172
32.046
31.922
31.88
31.884
31.813
31.612
31.396
31.262
31.15
30.998
30.888
30.828
30.718
30.671
30.707
30.655
30.662
30.796
30.867
30.901
30.909
30.874
30.94
31.004
30.964
31.055
31.183
31.166
31.279
31.446
31.489
31.731
32.07
32.228
32.47
32.75
32.816
32.914
33.059
32.999
32.982
33.188
33.369
33.444
33.635
34.065
34.443
34.622
34.749
34.828
34.884
34.843
34.844
35.21
35.552
35.695
35.976
36.094
36.02
36.283
36.61
36.574
36.56
36.828
37.077
37.169
37.242
37.354
37.49
37.631
37.74
37.841
38.002
38.165
38.218
38.257
38.385
38.453
38.339
38.228
38.263
38.309
38.311
38.369
38.435
38.462
38.487
38.436
38.361
38.383
38.367
38.388
38.478
38.246
37.983
38.023
37.857
37.631
37.665
37.536
37.358
37.332
37.201
37.139
37.189
37.113
37.021
36.824
36.457
36.298
36.283
36.124
35.993
35.937
35.832
35.794
35.78
35.584
35.374
35.182
34.774
34.507
34.546
34.415
34.197
34.1
33.963
33.791
33.522
33.198
32.947
32.633
32.377
32.296
32.175
32.072
32.097
32.014
31.739
31.55
31.515
31.463
31.383
31.23
31.051
31.044
31.063
30.961
30.907
30.924
30.954
30.973
30.941
31.011
31.161
31.221
31.326
31.379
31.328
31.44
31.49
31.387
31.418
31.472
31.565
31.781
31.885
31.882
31.935
32.043
32.141
32.215
32.347
32.429
32.42
32.548
32.713
32.747
32.836
32.995
33.137
33.338
33.564
33.717
33.793
33.856
33.95
34.057
34.2
34.31
34.343
34.425
34.492
34.537
34.783
35.048
35.231
35.582
35.841
35.826
35.842
35.867
35.904
36.046
36.089
36.2
36.462
36.548
36.615
36.763
36.808
36.9
37.038
37.104
37.19
37.321
37.563
37.873
38.058
38.236
38.503
38.691
38.777
38.85
38.92
38.979
39.013
39.03
39.045
39.051
39.06
39.078
39.08
39.075
39.082
39.077
39.074
39.086
39.083
39.112
39.108
39.035
39.178
39.373
39.268
39.292
39.398
39.184
39.211
39.432
39.426
39.652
39.864
39.697
39.628
39.642
39.638
39.742
39.69
39.503
39.532
39.568
39.314
39.1
39.057
38.981
38.951
38.896
38.753
38.629
38.423
38.226
38.14
38.06
37.974
37.87
37.806
37.718
37.473
37.25
37.143
37.121
37.082
36.929
36.846
36.827
36.775
36.713
36.519
36.356
36.324
36.267
36.28
36.197
35.978
36.072
36.291
36.244
36.173
36.216
36.218
36.176
36.121
36.02
35.954
35.986
35.984
35.949
35.976
36.008
36.081
36.107
36.067
36.343
36.671
36.538
36.406
36.459
36.338
36.262
36.358
36.398
36.357
36.328
36.425
36.493
36.473
36.644
36.805
36.72
36.576
36.431
36.263
36.033
35.898
35.921
35.789
35.653
35.642
35.467
35.333
35.305
35.138
35.033
34.964
34.797
34.697
34.456
34.089
33.936
33.762
33.595
33.602
33.385
33.087
33.038
32.97
32.835
32.675
32.355
32.119
32.06
31.884
31.655
31.529
31.43
31.336
31.218
31.091
31.016
30.925
30.789
30.609
30.368
30.129
29.908
29.715
29.609
29.52
29.357
29.176
29.056
28.986
28.868
28.658
28.428
28.227
28.034
27.871
27.79
27.767
27.723
27.675
27.66
27.644
27.678
27.757
27.743
27.676
27.657
27.589
27.478
27.448
27.443
27.347
27.239
27.225
27.151
26.991
27.031
27.125
26.972
26.818
26.738
26.59
26.494
26.378
26.209
26.182
26.111
25.95
25.984
26.053
25.994
25.984
26.02
26.033
26.02
26.008
26.089
26.236
26.352
26.395
26.405
26.47
26.558
26.621
26.729
26.864
26.942
26.985
27.055
27.171
27.293
27.394
27.537
27.702
27.804
27.922
28.079
28.196
28.314
28.478
28.728
29.037
29.21
29.217
29.221
29.255
29.294
29.39
29.533
29.566
29.505
29.663
30.06
30.381
30.592
30.779
30.799
30.745
30.952
31.171
31.191
31.476
31.703
31.552
31.798
32.26
32.455
32.736
32.89
32.846
32.95
33.051
33.116
33.22
33.278
33.298
33.338
33.389
33.401
33.478
33.591
33.635
33.697
33.661
33.554
33.518
33.349
33.178
33.092
32.752
32.371
32.253
32.151
32.032
32.036
31.996
31.844
31.751
31.728
31.714
31.747
31.78
31.747
31.716
31.712
31.715
31.744
31.747
31.708
31.742
31.809
31.825
31.935
32.096
32.128
32.182
32.357
32.473
32.573
32.705
32.619
32.534
32.767
32.845
32.7
32.774
32.873
32.901
32.947
32.891
32.893
32.94
32.994
33.091
32.899
32.711
32.841
32.88
32.859
32.774
32.648
32.9
33.113
33.068
33.279
33.467
33.35
33.359
33.509
33.502
33.505
33.543
33.285
33.09
33.241
33.26
33.233
33.355
33.435
33.715
33.979
33.804
33.724
33.779
33.56
33.417
33.446
33.475
33.513
33.295
33.035
33.187
33.312
33.099
32.989
32.952
32.709
32.53
32.469
32.311
32.241
32.279
32.203
32.376
32.867
32.861
32.628
32.95
33.207
33.158
33.291
33.353
33.334
33.45
33.428
33.306
33.281
33.304
33.322
33.3
33.337
33.353
33.201
33.163
33.253
33.268
33.279
33.242
33.268
33.439
33.467
33.457
33.511
33.4
33.267
33.21
33.12
33.071
33.042
33.022
33.033
33.04
33.185
33.339
33.304
33.359
33.547
33.676
33.814
33.934
33.979
34.008
33.997
33.967
33.979
33.987
34.023
34.149
34.252
34.236
34.189
34.219
34.225
34.032
33.832
33.82
33.778
33.661
33.581
33.451
33.364
33.359
33.216
33.044
33.039
33.05
32.992
32.941
32.892
32.849
32.815
32.806
32.806
32.69
32.522
32.461
32.426
32.42
32.444
32.356
32.323
32.32
32.202
32.4
32.679
32.405
32.135
32.299
32.416
32.35
32.286
32.258
32.277
32.247
32.061
31.922
31.917
31.891
31.855
31.76
31.711
31.879
31.848
31.676
31.869
31.943
31.709
31.756
31.871
31.825
31.858
31.785
31.678
31.768
31.765
31.642
31.629
31.632
31.648
31.762
31.748
31.577
31.537
31.597
31.513
31.346
31.404
31.558
31.336
31.094
31.174
31.014
30.702
30.679
30.636
30.49
30.42
30.345
30.281
30.24
30.212
30.189
30.005
29.844
29.96
29.949
29.811
29.924
29.986
30.005
30.1
29.853
29.601
29.672
29.652
29.626
29.7
29.744
29.828
29.801
29.837
30.162
30.352
30.44
30.655
30.647
30.601
30.827
30.908
30.86
31.027
31.151
31.12
31.12
31.138
31.221
31.299
31.283
31.389
31.597
31.741
31.843
31.899
31.921
31.935
32.018
32.229
32.471
32.676
32.826
32.982
33.203
33.438
33.623
33.752
33.99
34.266
34.42
34.647
