262.71
262.64
262.76
262.68
262.52
262.59
262.76
262.99
263.17
263.15
263.05
263.03
263.14
263.34
263.52
263.57
263.59
263.64
263.75
263.88
263.96
263.93
263.94
264.05
264.21
264.34
264.4
264.41
264.4
264.41
264.45
264.51
264.58
264.67
264.72
264.76
264.81
264.84
264.86
264.89
264.9
264.89
264.86
264.86
264.92
264.96
264.92
264.87
264.79
264.62
264.44
264.36
264.39
264.43
264.39
264.34
264.34
264.37
264.36
264.33
264.32
264.34
264.36
264.43
264.55
264.57
264.46
264.35
264.34
264.31
264.25
264.28
264.36
264.37
264.41
264.48
264.42
264.3
264.26
264.26
264.23
264.19
264.19
264.21
264.2
264.23
264.25
264.16
264.08
264.07
264.02
263.94
263.89
263.86
263.8
263.63
263.49
263.51
263.56
263.58
263.54
263.42
263.24
263.09
263.02
262.99
262.95
262.88
262.79
262.59
262.38
262.32
262.34
262.28
262.23
262.21
262.16
262.08
261.97
261.84
261.75
261.65
261.54
261.47
261.41
261.32
261.13
260.89
260.76
260.73
260.74
260.72
260.61
260.46
260.28
260.1
260
259.9
259.73
259.61
259.55
259.46
259.36
259.35
259.34
259.3
259.26
259.18
259.13
259.12
258.97
258.86
258.83
258.62
258.64
258.61
258.4
258.76
258.66
257.9
258.19
258.56
258.23
258.37
258.27
257.63
257.68
257.99
257.64
257.26
257.47
257.62
257.53
257.71
257.81
257.69
257.79
257.68
257.57
257.81
257.38
257.02
257.78
258.08
257.73
257.78
257.72
257.75
258.07
258.01
257.94
258.1
258.07
258
258.1
258.21
258.27
258.37
258.48
258.52
258.51
258.53
258.51
258.48
258.67
258.95
259.03
259.03
259.05
258.99
258.97
258.99
258.93
258.94
259.09
259.14
259.18
259.27
259.27
259.36
259.34
258.88
258.78
259.22
259.13
258.68
258.78
258.99
258.71
258.45
258.48
258.53
258.65
258.7
258.54
258.59
258.7
258.44
258.24
258.33
258.36
258.38
258.5
258.67
258.81
258.78
258.8
258.95
258.87
258.79
259.13
259.38
259.34
259.42
259.58
259.58
259.53
259.64
259.6
259.53
260.02
260.32
260.11
260.02
259.62
259.26
259.71
259.99
259.85
259.98
260.15
260.24
260.35
260.38
260.47
260.61
260.66
260.73
260.82
260.92
261.1
261.21
261.22
261.24
261.28
261.41
261.59
261.62
261.54
261.52
261.55
261.67
261.84
261.91
261.94
261.98
262.03
262.13
262.22
262.24
262.2
262.17
262.22
262.37
262.54
262.59
262.57
262.59
262.59
262.58
262.69
262.82
262.81
262.74
262.77
262.9
262.93
262.91
262.94
262.84
262.74
262.91
263.01
263.01
263.17
263.21
263.16
263.3
263.4
263.42
263.48
263.35
263.2
263.37
263.54
263.37
263.21
263.37
263.55
263.41
263.39
263.68
263.73
263.48
263.49
263.69
263.8
263.84
263.81
263.75
263.78
263.83
263.86
263.96
264.04
263.98
263.98
264.07
264.1
264.18
264.24
264.13
264.04
264.05
263.97
263.88
263.94
263.99
263.96
263.98
264.06
264.07
263.99
263.88
263.76
263.66
263.66
263.75
263.81
263.83
263.83
263.77
263.73
263.82
263.9
263.84
263.83
263.96
264
264
264.12
264.15
264.05
264.07
264.13
264.07
264.02
264.02
264.03
264.14
264.29
264.33
264.29
264.25
264.2
264.2
264.21
264.18
264.11
264.02
263.98
263.95
263.93
263.93
263.93
263.9
263.89
263.88
263.89
263.93
263.98
263.98
263.98
263.98
263.91
263.78
263.71
263.7
263.66
263.61
263.58
263.57
263.58
263.56
263.46
263.32
263.19
263.1
263.07
263.04
263
262.99
262.97
262.91
262.93
263
262.92
262.73
262.62
262.6
262.52
262.44
262.44
262.46
262.43
262.31
262.15
262.14
262.22
262.24
262.28
262.22
262.01
261.91
261.89
261.88
261.96
261.96
261.9
261.89
261.81
261.67
261.59
261.48
261.35
261.3
261.31
261.3
261.3
261.28
261.18
261.04
260.92
260.88
260.93
260.99
260.99
261.06
261.13
261.14
261.23
261.33
261.27
261.17
261.17
261.25
261.29
261.28
261.22
261.18
261.23
261.27
261.18
261.1
261.09
261.03
260.98
261.09
261.25
261.32
261.32
261.27
261.23
261.15
261.03
260.97
260.98
260.96
260.93
260.92
260.89
260.8
260.73
260.65
260.5
260.46
260.52
260.43
260.27
260.2
260.21
260.23
260.16
260
259.88
259.87
259.86
259.67
259.41
259.31
259.27
259.22
259.27
259.3
259.12
258.87
258.71
258.58
258.46
258.32
258.17
258.12
258.19
258.28
258.32
258.27
258.21
258.2
258.23
258.22
258.15
258.17
258.23
258.12
257.96
257.87
257.79
257.81
257.85
257.83
257.87
257.94
257.95
257.97
258.06
258.21
258.28
258.3
258.39
258.46
258.47
258.5
258.62
258.78
258.79
258.75
258.89
259.12
259.27
259.31
259.33
259.45
259.66
259.81
259.86
259.9
259.97
260.06
260.2
260.4
260.65
260.92
261.1
261.14
261.19
261.32
261.44
261.45
261.41
261.37
261.36
261.39
261.44
261.46
261.53
261.68
261.8
261.87
261.97
262.03
262.05
262.12
262.19
262.27
262.37
262.4
262.41
262.5
262.58
262.59
262.62
262.68
262.72
262.73
262.72
262.71
262.71
262.71
262.71
262.71
262.71
262.78
262.89
262.94
262.94
262.99
263.02
262.98
262.95
262.94
262.96
263.02
263.07
263.11
263.14
263.11
263.1
263.15
263.1
263.04
263.1
263.21
263.31
263.43
263.51
263.5
263.5
263.47
263.34
263.29
263.32
263.28
263.39
263.55
263.45
263.38
263.45
263.5
263.53
263.54
263.52
263.46
263.4
263.45
263.46
263.33
263.3
263.35
263.26
263.17
263.17
263.15
263.12
263.08
263.01
263.05
263.2
263.21
263.12
263.04
262.97
263.02
263.12
263.02
262.87
262.93
263.09
263.11
263.08
263.04
262.87
262.68
262.69
262.78
262.78
262.8
262.86
262.93
263.02
263.06
262.92
262.72
262.64
262.65
262.61
262.54
262.56
262.63
262.7
262.78
262.86
262.87
262.8
262.82
262.96
263.06
263.15
263.26
263.32
263.33
263.39
263.42
263.43
263.48
263.52
263.53
263.54
263.62
263.72
263.79
263.84
263.94
264.07
264.17
264.16
264.12
264.21
264.39
264.57
264.64
264.58
264.56
264.6
264.7
264.92
265.05
264.99
264.99
265.08
265.1
265.11
265.18
265.32
265.39
265.27
265.13
265.07
265.01
264.99
265
265
265.03
265.02
264.97
264.93
264.87
264.81
264.82
264.81
264.77
264.77
264.8
264.78
264.69
264.59
264.5
264.4
264.3
264.26
264.23
264.13
264
263.89
263.84
263.82
263.81
263.82
263.82
263.66
263.38
263.21
263.13
263.04
262.94
262.83
262.74
262.68
262.6
262.52
262.48
262.42
262.35
262.32
262.29
262.24
262.12
261.93
261.82
261.83
261.84
261.76
261.61
261.52
261.51
261.46
261.37
261.34
261.29
261.19
261.11
261.05
261
260.97
260.85
260.7
260.67
260.68
260.56
260.38
260.29
260.27
260.16
259.99
259.92
259.93
259.87
259.7
259.55
259.46
259.41
259.38
259.34
259.21
259.05
258.93
258.83
258.78
258.78
258.71
258.53
258.32
258.16
258.02
257.91
257.87
257.82
257.72
257.62
257.48
257.4
257.4
257.37
257.27
257.2
257.18
257.16
257.09
257
256.87
256.76
256.78
256.82
256.65
256.49
256.52
256.59
256.62
256.63
256.55
256.56
256.75
256.87
256.86
256.91
256.96
256.93
256.96
257.1
257.23
257.4
257.66
257.82
257.85
257.9
258.05
258.29
258.47
258.49
258.49
258.62
258.77
258.86
258.84
258.82
258.94
259.15
259.32
259.39
259.39
259.42
259.55
259.66
259.69
259.74
259.78
259.8
259.81
259.79
259.77
259.78
259.75
259.7
259.63
259.55
259.54
259.52
259.45
259.43
259.4
259.31
259.24
259.24
259.24
259.22
259.22
259.24
259.2
259.15
259.15
259.11
258.92
258.72
258.67
258.73
258.76
258.64
258.51
258.46
258.37
258.24
258.16
258.12
258.1
258.14
258.22
258.3
258.37
258.37
258.33
258.27
258.22
258.21
258.16
258.07
258.06
258.11
258.08
258.08
258.19
258.22
258.15
258.14
258.1
258.01
257.99
257.97
257.93
257.95
257.98
258.02
258.06
258.07
258.13
258.29
258.38
258.4
258.42
258.43
258.42
258.45
258.47
258.43
258.38
258.38
258.38
258.4
258.42
258.43
258.42
258.43
258.43
258.42
258.43
258.47
258.52
258.57
258.64
258.66
258.67
258.71
258.75
258.85
259.06
259.2
259.28
259.35
259.41
259.48
259.48
259.43
259.54
259.69
259.75
259.83
259.95
260.02
260.05
260.06
260.1
260.15
260.15
260.14
260.15
260.17
260.19
260.2
260.19
260.19
260.19
260.19
260.19
260.19
260.19
260.19
260.19
260.2
260.19
260.15
260.15
260.15
260.12
260.11
260.11
260.09
259.98
259.86
259.82
259.84
259.86
259.88
259.9
259.95
259.99
259.97
259.9
259.86
259.8
259.65
259.5
259.42
259.36
259.33
259.32
259.32
259.36
259.42
259.41
259.38
259.38
259.4
259.4
259.4
259.4
259.38
259.36
259.34
259.32
259.34
259.36
259.36
259.36
259.41
259.45
259.45
259.43
259.43
259.47
259.53
259.67
259.81
259.85
259.78
259.68
259.59
259.59
259.65
259.71
259.79
259.83
259.84
259.86
259.76
259.54
259.43
259.43
259.4
259.48
259.7
259.88
259.94
259.98
259.96
259.87
259.84
259.92
259.92
259.87
259.9
259.9
259.77
259.64
259.67
259.8
259.9
259.95
260.03
260.1
260.16
260.17
260.18
260.32
260.49
260.49
260.41
260.38
260.48
260.73
260.92
260.91
260.88
261.01
261.17
261.22
261.22
261.31
261.39
261.45
261.58
261.71
261.8
261.99
262.21
262.37
262.53
262.61
262.69
262.85
262.97
263.09
263.25
263.25
263.22
263.33
263.45
263.67
263.96
264.13
264.24
264.35
264.47
264.51
264.5
264.62
264.78
264.85
265
265.28
265.35
265.29
265.51
265.73
265.73
265.75
265.75
265.6
265.52
265.63
265.7
265.61
265.55
265.56
265.58
265.58
265.51
265.42
265.19
264.96
264.92
264.81
264.58
264.43
264.35
264.29
264.13
263.96
263.92
263.88
263.78
263.79
263.82
263.77
263.64
263.49
263.33
263.2
263.11
263.04
262.96
262.87
262.79
262.75
262.72
262.58
262.4
262.32
262.27
262.2
262.12
262
261.85
261.75
261.69
261.54
261.3
261.11
261.03
260.99
261
261
260.95
260.91
260.9
260.91
260.88
260.84
260.82
260.79
260.73
260.64
260.55
260.48
260.45
260.46
260.46
260.43
260.41
260.41
260.41
260.41
260.41
260.41
260.41
260.41
260.41
260.43
260.46
260.46
260.41
260.37
260.39
260.49
260.61
260.69
260.66
260.52
260.51
260.73
260.92
260.99
261.12
261.26
261.29
261.28
261.3
261.4
261.6
261.84
262
262.05
262.05
262.03
262.03
262.19
262.41
262.6
262.75
262.87
263
263.11
263.18
263.27
263.41
263.57
263.67
263.66
263.83
264.16
264.16
264.01
264.19
264.48
264.51
264.54
264.69
264.8
264.78
264.76
264.72
264.69
264.72
264.74
264.72
264.68
264.61
264.53
264.47
264.44
264.43
264.43
264.49
264.52
264.52
264.54
264.38
264.11
264.13
264.21
264.03
263.93
264.02
263.91
263.73
263.71
263.65
263.53
263.51
263.51
263.44
263.38
263.41
263.38
263.32
263.27
263.09
262.86
262.75
262.66
262.6
262.52
262.35
262.24
262.23
262.23
262.21
262.08
261.98
262.03
261.99
261.81
261.73
261.77
261.78
261.74
261.67
261.65
261.68
261.67
261.66
261.65
261.59
261.51
261.52
261.57
261.64
261.79
261.91
261.93
261.93
261.94
261.93
261.94
261.93
261.93
261.98
262.06
262.11
262.17
262.24
262.31
262.37
262.43
262.49
262.52
262.44
262.32
262.26
262.26
262.3
262.33
262.3
262.25
262.22
262.26
262.3
262.18
262.08
262.13
262.17
262.15
262.12
262.08
262.02
261.97
261.96
261.93
261.89
261.93
261.98
262.03
262.13
262.18
262.19
262.19
262.18
262.29
262.42
262.38
262.33
262.42
262.53
262.58
262.52
262.46
262.52
262.62
262.68
262.73
262.73
262.66
262.58
262.57
262.61
262.69
262.79
262.85
262.87
262.91
262.96
263.02
263.04
263.04
263.04
263.04
263.02
263.05
263.08
263.07
263.07
263.06
263.05
263.06
263.07
263.09
263.13
263.14
263.08
263.05
263.04
263.05
263.09
263.13
263.13
263.12
263.13
263.17
263.21
263.22
263.15
263.03
262.95
262.91
262.92
262.95
262.89
262.84
262.86
262.87
262.86
262.87
262.87
262.86
262.87
262.89
262.91
262.87
262.82
262.82
262.82
262.87
262.94
262.91
262.92
263
262.96
262.82
262.77
262.78
262.77
262.77
262.85
262.91
262.85
262.82
262.86
262.88
262.79
262.67
262.62
262.59
262.59
262.61
262.58
262.51
262.5
262.43
262.28
262.19
262.15
262.1
262.04
261.97
261.81
261.68
261.6
261.52
261.45
261.43
261.4
261.38
261.38
261.34
261.25
261.2
261.2
261.13
261.05
261.08
261.1
261.05
261.01
260.97
260.92
260.87
260.84
260.87
260.93
260.93
260.92
260.97
261.08
261.15
261.15
261.16
261.17
261.23
261.36
261.49
261.53
261.55
261.63
261.75
261.82
261.88
262.04
262.19
262.32
262.51
262.63
262.61
262.64
262.75
262.9
263.04
263.16
263.24
263.25
263.29
263.34
263.34
263.35
263.45
263.57
263.6
263.59
263.64
263.8
263.99
264.05
263.95
263.88
263.92
263.96
264.07
264.18
264.01
263.87
264.01
264.07
264.01
263.92
263.86
264.06
264.21
264.14
264.19
264.28
264.27
264.29
264.3
264.3
264.4
264.54
264.6
264.66
264.72
264.75
264.79
264.84
264.91
265.09
265.24
265.18
265.11
265.18
265.19
265.19
265.29
265.42
265.49
265.61
265.77
265.78
265.67
265.62
265.62
265.6
265.57
265.5
265.44
265.43
265.38
265.24
265.17
265.09
264.88
264.73
264.69
264.63
264.62
264.58
264.29
263.98
263.79
263.63
263.51
263.38
263.2
263.08
263.04
263
262.93
262.85
262.76
262.68
262.6
262.46
262.23
262.02
261.89
261.83
261.83
261.8
261.67
261.47
261.23
261.01
260.91
260.83
260.67
260.51
260.35
260.24
260.15
260.01
259.91
259.88
259.79
259.66
259.6
259.55
259.45
259.43
259.44
259.47
259.6
259.72
259.72
259.71
259.71
259.67
259.75
259.91
259.89
259.77
259.71
259.64
259.49
259.39
259.49
259.68
259.76
259.76
259.77
259.76
259.79
259.83
259.71
259.5
259.47
259.54
259.52
259.45
259.39
259.37
259.42
259.45
259.39
259.4
259.49
259.54
259.53
259.53
259.63
259.71
259.68
259.7
259.81
259.88
259.89
259.9
259.9
259.89
259.86
259.88
259.98
260.06
260.07
260.09
260.14
260.19
