152.29
151.87
152.01
151.92
151.61
151.7
151.82
151.7
151.7
151.75
151.75
152.04
152.23
152.1
152.24
152.5
152.67
152.97
153.09
153.22
153.64
153.81
153.75
153.81
153.94
154.09
154.25
154.54
154.83
154.88
155.01
155.22
155.4
155.74
156.08
156.33
156.48
156.52
156.77
157.02
157.02
157.31
157.74
157.83
157.9
158.09
158.18
158.28
158.65
158.94
158.95
159.28
159.74
159.63
159.46
159.71
159.91
160.06
160.26
160.36
160.64
160.99
161.1
161.3
161.61
161.78
161.88
162.09
162.44
162.75
162.92
163.17
163.49
163.85
164.14
164.19
164.37
164.77
164.99
165.14
165.44
165.61
165.7
165.91
166.13
166.26
166.42
166.65
166.77
166.85
167.07
167.23
167.41
167.7
167.88
168.18
168.64
168.88
168.9
168.92
169.11
169.22
169.19
169.47
169.78
169.81
170
170.05
169.92
170.16
170.39
170.36
170.42
170.5
170.59
170.63
170.52
170.49
170.51
170.49
170.52
170.47
170.44
170.45
170.37
170.45
170.59
170.33
170.09
170.13
170.13
170.1
170.09
170.01
169.96
169.94
169.89
169.85
169.79
169.78
169.83
169.69
169.52
169.7
169.84
169.52
169.34
169.38
169.28
169.39
169.6
169.49
169.32
169.18
169.05
168.92
168.67
168.57
168.58
168.21
167.85
167.85
167.81
167.49
167.09
167.09
167.27
167.06
166.82
166.69
166.46
166.5
166.57
166.3
166.2
166.19
165.81
165.5
165.48
165.42
165.33
165.27
165.18
165.16
165.16
165.04
164.93
164.87
164.8
164.77
164.78
164.76
164.74
164.74
164.87
164.94
164.75
164.76
164.98
164.97
165.01
165.14
165.13
165.15
165.1
164.97
164.92
164.86
164.84
164.84
164.68
164.51
164.45
164.43
164.36
164.19
164.04
164.04
164.07
163.92
163.83
163.83
163.66
163.44
163.4
163.39
163.41
163.41
163.24
163.03
163.09
163.22
163.13
163.08
163.11
163.03
163.01
163.04
162.94
162.78
162.75
162.8
162.55
162.29
162.33
162.21
162.05
162.08
162
161.89
161.85
161.81
161.84
161.7
161.5
161.46
161.38
161.26
161.14
160.95
160.83
160.78
160.77
160.81
160.82
160.79
160.86
160.93
160.91
160.88
160.94
160.98
160.97
161.03
161.08
161.14
161.26
161.26
161.33
161.57
161.64
161.62
161.73
161.78
161.8
162.02
162.17
161.96
161.95
162.26
162.25
162.2
162.45
162.46
162.48
162.69
162.75
163.06
163.48
163.35
163.38
163.86
163.91
163.79
164.05
164.17
164.12
164.26
164.27
164.28
164.54
164.56
164.5
164.69
164.78
164.88
165.13
165.28
165.35
165.36
165.34
165.44
165.5
165.5
165.68
165.82
165.83
165.85
165.83
165.74
165.74
165.74
165.61
165.5
165.51
165.51
165.52
165.54
165.53
165.53
165.43
165.3
165.36
165.39
165.27
165.33
165.38
165.25
165.31
165.46
165.36
165.25
165.24
165.24
165.22
165.18
165.15
165.1
165.06
164.88
164.62
164.89
165.15
164.81
164.76
164.75
164.33
164.45
164.49
164.02
163.92
163.66
163.19
163.19
163.03
162.71
162.57
162.33
162.16
161.93
161.46
161.2
161.11
160.91
160.7
160.43
160.26
160.25
159.9
159.54
159.57
159.48
159.21
159.06
158.92
158.76
158.57
158.37
158.25
158.08
157.79
157.58
157.47
157.35
157.27
157.23
157.03
156.84
156.8
156.74
156.6
156.46
156.42
156.43
156.3
156.19
156.2
156.22
156.19
156.21
156.29
156.4
156.56
156.67
156.65
156.7
156.78
156.71
156.77
156.96
156.96
156.94
157.01
157.05
157.08
157.08
157.05
157.1
157.13
157.12
157.17
157.17
157.13
157.25
157.33
157.33
157.54
157.72
157.7
157.85
158.06
158.13
158.31
158.46
158.55
159.06
159.62
159.35
159.13
159.81
160.23
160.17
160.4
160.49
160.5
160.74
160.83
160.89
161.03
161.14
161.37
161.39
161.35
161.6
161.73
161.59
161.47
161.48
161.63
161.77
161.93
162.08
162
162.07
162.34
162.29
162.26
162.52
162.57
162.57
162.83
163.03
163.17
163.34
163.33
163.3
163.4
163.43
163.44
163.46
163.45
163.45
163.45
163.45
163.5
163.55
163.57
163.58
163.58
163.58
163.58
163.59
163.59
163.6
163.61
163.55
163.51
163.51
163.53
163.52
163.5
163.54
163.52
163.36
163.3
163.35
163.24
163.03
162.85
162.63
162.47
162.51
162.51
162.24
161.98
161.97
162.01
161.95
161.79
161.62
161.42
161.18
161.06
160.87
160.54
160.36
160.29
160.14
160.02
159.96
159.93
159.94
159.86
159.71
159.7
159.7
159.56
159.4
159.35
159.3
159.14
158.89
158.69
158.51
158.3
158.12
158.05
158.07
158.03
157.9
157.81
157.77
157.65
157.49
157.53
157.41
157.06
157.02
157.07
156.99
156.97
156.75
156.53
156.74
156.78
156.54
156.61
156.61
156.32
156.34
156.49
156.28
156.15
156.3
156.23
156.13
156.18
155.94
155.74
155.86
155.87
155.78
155.77
155.81
155.83
155.83
155.92
155.82
155.44
155.38
155.58
155.62
155.58
155.46
155.37
155.36
155.27
155.33
155.36
155.25
155.51
155.81
155.78
155.8
156
156.13
156.06
156.08
156.3
156.4
156.49
156.56
156.46
156.49
156.61
156.62
156.7
156.7
156.62
156.74
156.82
156.74
156.81
156.91
156.94
157.03
157.09
157.16
157.24
157.22
157.39
157.69
157.82
157.97
158.15
158.22
158.21
158.17
158.23
158.31
158.18
158.05
158.18
158.34
158.46
158.65
158.77
158.8
158.87
158.91
158.89
158.95
158.94
158.89
158.93
158.96
158.99
159.09
159.18
159.3
159.4
159.49
159.64
159.64
159.66
159.87
160.05
160.21
160.36
160.48
160.87
161.33
161.4
161.34
161.58
161.79
161.75
161.89
162.05
162.14
162.43
162.55
162.48
162.61
162.69
162.63
162.7
162.82
162.88
162.92
163
163.06
163.12
163.28
163.41
163.36
163.43
163.67
163.71
163.67
163.7
163.67
163.64
163.74
163.9
163.93
163.83
164.04
164.32
164.32
164.38
164.46
164.51
164.66
164.64
164.56
164.74
164.79
164.71
164.83
164.9
164.85
164.93
164.97
164.89
164.96
165.1
165.11
165.09
165.1
165.12
165.17
165.19
165.11
165.12
165.17
165.09
165.11
165.16
165.09
165.14
165.2
165.24
165.39
165.45
165.46
165.59
165.7
165.77
165.85
165.85
165.83
165.84
165.86
165.83
165.85
165.85
165.65
165.5
165.52
165.54
165.53
165.51
165.49
165.39
165.2
165.22
165.35
165.25
165.15
165.27
165.32
165.15
165
165.05
165.07
164.92
164.88
165
164.95
164.8
164.81
164.84
164.79
164.71
164.72
164.74
164.62
164.53
164.42
164.24
164.18
164.07
163.97
164
163.95
163.84
163.69
163.67
163.78
163.5
163.32
163.43
163.05
162.76
162.96
162.78
162.42
162.46
162.5
162.39
162.35
162.29
162.28
162.33
161.95
161.62
161.73
161.44
161.15
161.36
161.27
161.02
161.08
161.07
160.94
160.91
160.96
161.05
161.08
160.91
160.78
160.93
161.05
160.97
160.98
161.01
160.97
161.01
160.99
160.96
161.05
160.92
160.73
160.9
160.9
160.57
160.63
160.85
160.68
160.53
160.62
160.62
160.62
160.7
160.66
160.73
160.88
160.76
160.65
160.79
160.82
160.76
160.84
160.87
160.84
160.91
161.01
161.08
161.12
161.31
161.61
161.7
161.68
161.75
161.89
161.95
161.95
162.11
162.3
162.31
162.29
162.35
162.43
162.5
162.59
162.56
162.52
162.73
162.91
162.98
163.21
163.26
163.05
163.04
163.06
163.11
163.29
163.23
163.06
163.07
163
162.97
163.01
162.87
162.74
162.69
162.64
162.67
162.67
162.41
162.24
162.39
162.44
162.32
162.35
162.32
162.14
162.02
161.9
161.73
161.68
161.64
161.29
161.02
160.99
160.6
160.24
160.26
160.03
160
160.29
159.86
159.28
159.12
158.78
158.69
158.86
158.64
158.35
158.14
157.83
157.66
157.57
157.38
157.2
157.04
156.92
156.81
156.71
156.62
156.59
156.59
156.49
156.39
156.27
156.08
156.12
156.03
155.89
156.26
156.3
156.16
156.57
156.26
155.84
156.45
156.57
156.44
156.72
156.53
156.5
156.83
156.83
156.93
156.87
156.66
156.81
156.84
156.68
156.75
156.82
156.92
157.1
157.16
157.29
157.45
157.45
157.44
157.46
157.45
157.49
157.45
157.43
157.65
157.79
157.68
157.64
157.69
157.67
157.69
157.71
157.68
157.68
157.67
157.65
157.77
157.8
157.58
157.44
157.51
157.54
157.55
157.55
157.47
157.43
157.43
157.34
157.19
157.06
157.04
157.12
157.22
157.24
157.24
157.2
157.05
156.93
156.96
156.98
156.91
156.92
156.95
156.79
156.58
156.48
156.36
156.2
156.16
156.14
155.91
155.62
155.5
155.41
155.24
155.07
154.91
154.72
154.6
154.54
154.51
154.4
154.27
154.31
154.37
154.31
154.31
154.24
154.09
154.11
154.18
154.17
154.24
154.24
154.13
154.19
154.26
154.13
154.04
154.07
154.15
154.24
154.29
154.3
154.32
154.49
154.72
154.68
154.64
154.74
154.77
154.96
155.23
155.3
155.42
155.57
155.58
155.76
155.99
155.94
155.91
156.02
156.03
156.06
156.15
156.15
156.14
156.22
156.27
156.29
156.42
156.61
156.82
156.97
156.95
157.08
157.39
157.35
157.23
157.35
157.38
157.37
157.4
157.37
157.53
157.67
157.59
157.66
157.73
157.67
157.73
157.75
157.63
157.57
157.54
157.55
157.54
157.56
157.65
157.56
157.44
157.6
157.56
157.33
157.45
157.55
157.48
157.56
157.57
157.58
157.63
157.53
157.54
157.55
157.5
157.58
157.37
157.11
157.19
157.12
156.99
157.06
157.06
157.1
157.18
157.11
157.04
157.04
157.01
156.93
156.86
156.87
156.84
156.82
156.85
156.74
156.55
156.56
156.73
156.58
156.27
156.52
156.72
156.26
156.45
156.97
156.56
156.38
156.74
156.68
156.6
156.65
156.59
156.62
156.64
156.61
156.6
156.57
156.59
156.63
156.62
156.62
156.63
156.63
156.65
156.64
156.59
156.6
156.66
156.7
156.74
156.76
156.75
156.81
156.96
157.03
156.99
156.95
156.98
157.02
157.01
156.99
156.98
156.95
156.95
156.97
156.96
156.95
156.98
157.02
157.02
157.02
157.09
157.19
157.24
157.3
157.43
157.52
157.54
157.58
157.62
157.65
157.59
157.54
157.6
157.6
157.62
157.66
157.37
157.12
157.14
157.13
157.43
157.81
157.54
157.2
157.3
157.35
157.26
157.26
157.25
157.31
157.45
157.56
157.67
157.75
157.8
157.84
157.83
157.87
157.92
157.93
157.93
157.91
157.9
157.92
157.94
158.02
158.01
157.88
157.94
158.08
157.92
157.83
157.91
157.81
157.94
158.14
157.79
157.6
157.69
157.59
157.85
158.14
158.07
158.18
158.1
157.93
158.3
158.6
158.63
158.77
158.89
159.03
159.06
159.02
159.35
159.66
159.64
159.69
159.74
159.77
159.99
160.18
160.41
160.62
160.59
160.64
160.66
160.55
160.74
160.91
160.8
160.83
160.92
160.96
161.19
161.39
161.5
161.69
161.6
161.54
161.89
162.13
162.17
162.29
162.45
162.69
162.93
163.01
163.11
163.26
163.37
163.51
163.68
163.78
163.85
163.94
164.06
164.14
164.22
164.47
164.83
164.91
164.85
164.93
164.97
165.04
165.36
165.59
165.67
165.75
165.79
165.96
166.2
166.34
166.48
166.58
166.63
166.75
166.9
166.98
167.04
167.14
167.3
167.46
167.59
167.72
167.8
167.9
168.13
168.31
168.21
168.18
168.46
168.7
168.75
168.69
168.62
168.67
168.76
168.74
168.65
168.62
168.67
168.63
168.51
168.49
168.55
168.6
168.65
168.63
168.57
168.66
168.87
168.94
168.96
169.04
169.08
169.15
169.18
169.07
169.24
169.5
169.4
169.29
169.4
169.5
169.55
169.61
169.78
169.88
169.77
169.71
169.85
170.05
170.12
170.08
170.14
170.23
170.26
170.25
170.23
170.26
170.2
169.98
169.92
169.89
169.73
169.7
169.74
169.69
169.64
169.6
169.51
169.44
169.48
169.48
169.43
169.47
169.41
169.3
169.32
169.24
169.11
169.15
169.16
169.09
169.05
169.04
169.05
169.03
168.99
169.01
169.07
169.07
169.06
169.1
169.1
169.07
169.12
169.15
169.16
169.24
169.28
169.36
169.52
169.55
169.64
169.85
169.97
170.01
169.99
169.94
170.02
170.12
170.13
170.17
170.19
170.25
170.4
170.46
170.52
170.56
170.57
170.81
171.16
171.29
171.26
171.11
170.91
170.9
171.15
171.37
171.45
171.52
171.49
171.42
171.46
171.43
171.39
171.51
171.55
171.53
171.56
171.42
171.29
171.35
171.34
171.21
171.21
171.25
171.15
171.01
170.92
170.81
170.68
170.58
170.52
170.4
170.27
170.25
170.21
170.03
169.95
170.03
169.95
169.82
169.84
169.79
169.65
169.7
169.8
169.6
169.4
169.59
169.7
169.4
169.16
169.14
169.02
168.98
169.02
168.88
168.82
168.86
168.81
168.83
168.9
168.94
169.04
169.03
168.97
169.04
169.07
169.14
169.23
169.21
169.2
169.2
169.23
169.3
169.23
169.18
169.2
169.18
169.24
169.3
169.32
169.41
169.39
169.29
169.32
169.23
169.13
169.12
168.9
168.63
168.53
168.44
168.32
168.09
167.94
167.95
167.79
167.74
167.8
167.41
167.13
167.21
166.97
166.66
166.62
166.39
166.09
166.02
165.92
165.68
165.54
165.4
165.08
164.84
164.71
164.62
164.53
164.27
164.15
164.03
163.68
163.5
163.33
163.08
163.17
163.19
162.94
162.89
162.78
162.4
162.14
161.95
161.71
161.53
161.37
161.32
161.38
161.3
161.09
161.03
161.07
160.94
160.8
160.76
160.71
160.68
160.62
160.56
160.58
160.49
160.45
160.63
160.74
160.74
160.67
160.62
160.75
160.84
160.9
161.12
161.25
161.29
161.36
161.37
161.56
161.88
162
162.07
162.16
162.2
162.41
162.68
162.81
162.96
163.19
163.37
163.49
163.62
163.82
163.95
164.05
164.21
164.43
164.52
164.61
164.94
165.1
165
165.18
165.47
165.52
165.52
165.58
165.72
165.94
166.04
166.02
166.09
166.17
166.16
166.22
166.26
166.25
166.28
166.18
166.06
166.14
166.18
166.18
166.13
166.07
166
165.76
165.82
166.14
165.87
165.51
165.58
165.43
165.24
165.33
165.38
165.27
165.18
165.17
164.97
164.77
165.03
165.02
164.6
164.61
164.65
164.35
164.16
163.94
163.82
163.82
163.67
163.66
163.58
163.26
163.12
163.09
163.02
163.01
162.79
162.52
162.47
162.38
162.21
162.15
162.15
162.02
161.81
161.75
161.79
161.71
161.56
161.58
161.71
161.58
161.38
161.44
161.46
161.25
161.14
161.25
161.25
161.18
161.23
161.26
161.12
161.03
161.22
161.32
161.2
161.38
161.62
161.58
161.72
161.86
161.85
161.89
161.94
162.08
162.33
162.37
162.4
162.82
163.2
163.3
163.65
