-69
-72
-74
-81
-82
-88
-91
-94
-89
-90
-93
-92
-88
-92
-88
-88
-89
-88
-86
-89
-89
-88
-89
-92
-89
-97
-111
-110
-117
-121
-118
-124
-131
-135
-152
-169
-183
-187
-177
-151
-117
-77
-37
-5
26
44
48
22
-13
-49
-73
-82
-82
-80
-81
-83
-84
-83
-86
-80
-87
-80
-82
-83
-84
-79
-80
-79
-76
-77
-76
-74
-76
-75
-78
-77
-76
-77
-73
-78
-75
-72
-71
-72
-71
-71
-70
-74
-73
-75
-76
-74
-73
-73
-72
-70
-68
-67
-64
-67
-68
-68
-63
-71
-70
-66
-69
-69
-70
-70
-66
-62
-66
-67
-68
-68
-73
-69
-72
-73
-67
-68
-71
-75
-71
-71
-70
-70
-69
-70
-69
-67
-74
-70
-72
-74
-74
-77
-80
-77
-72
-69
-68
-66
-63
-60
-57
-49
-48
-48
-45
-43
-38
-41
-43
-44
-42
-46
-50
-59
-64
-72
-78
-78
-79
-84
-83
-87
-88
-88
-88
-86
-89
-85
-88
-91
-87
-88
-89
-90
-88
-88
-87
-87
-86
-89
-94
-105
-110
-113
-117
-120
-123
-128
-130
-138
-156
-167
-175
-178
-159
-130
-96
-59
-20
5
32
32
11
-19
-55
-74
-83
-84
-85
-83
-83
-84
-84
-83
-82
-75
-81
-84
-80
-80
-77
-77
-78
-77
-79
-76
-78
-80
-77
-80
-81
-80
-81
-77
-73
-74
-72
-70
-72
-75
-77
-72
-73
-72
-74
-75
-76
-73
-72
-68
-71
-68
-72
-68
-66
-67
-68
-70
-69
-71
-71
-70
-68
-68
-60
-62
-60
-66
-67
-68
-69
-72
-73
-72
-71
-71
-66
-70
-68
-67
-64
-64
-67
-64
-68
-71
-68
-70
-68
-69
-68
-65
-65
-64
-63
-61
-60
-56
-57
-53
-53
-52
-50
-46
-41
-36
-38
-34
-32
-28
-31
-30
-35
-38
-44
-44
-51
-54
-54
-55
-60
-63
-62
-67
-71
-70
-69
-72
-72
-73
-70
-74
-70
-68
-70
-71
-64
-65
-65
-64
-67
-74
-76
-86
-92
-98
-98
-101
-101
-100
-102
-116
-136
-154
-170
-168
-153
-125
-93
-63
-31
-7
17
11
-9
-31
-51
-57
-67
-62
-65
-66
-67
-64
-64
-63
-63
-62
-62
-63
-57
-59
-56
-56
-62
-59
-60
-62
-60
-61
-60
-60
-56
-56
-59
-55
-56
-54
-57
-59
-58
-58
-59
-58
-60
-63
-58
-61
-62
-58
-54
-56
-51
-54
-59
-59
-60
-56
-58
-57
-53
-55
-56
-59
-56
-56
-59
-62
-61
-64
-64
-65
-66
-66
-64
-63
-64
-61
-62
-62
-61
-57
-56
-63
-69
-63
-64
-64
-60
-59
-61
-62
-59
-57
-58
-57
-59
-61
-60
-57
-58
-60
-54
-50
-47
-43
-40
-37
-37
-31
-35
-31
-35
-36
-35
-34
-40
-44
-50
-54
-58
-57
-59
-62
-64
-72
-74
-80
-82
-81
-80
-84
-80
-80
-76
-75
-72
-76
-73
-69
-74
-79
-74
-82
-83
-89
-94
-96
-98
-103
-103
-105
-104
-116
-136
-154
-167
-176
-165
-139
-106
-75
-35
0
27
45
41
17
-17
-49
-64
-69
-69
-70
-71
-73
-74
-71
-69
-73
-71
-68
-66
-65
-64
-71
-71
-68
-68
-64
-66
-60
-63
-60
-60
-62
-64
-62
-61
-61
-66
-60
-65
-61
-59
-59
-58
-58
-57
-56
-54
-54
-57
-57
-55
-57
-59
-52
-49
-50
-48
-48
-50
-48
-51
-48
-49
-51
-52
-55
-56
-55
-56
-54
-57
-49
-55
-56
-59
-53
-55
-60
-59
-58
-60
-57
-58
-62
-57
-57
-60
-57
-54
-52
-55
-54
-58
-59
-57
-59
-54
-54
-48
-44
-39
-37
-34
-30
-29
-30
-31
-27
-27
-29
-34
-33
-32
-36
-44
-49
-51
-52
-52
-58
-59
-66
-72
-70
-73
-72
-73
-74
-75
-74
-69
-70
-66
-69
-72
-75
-77
-74
-76
-73
-74
-78
-79
-85
-90
-96
-97
-99
-99
-98
-113
-131
-160
-171
-161
-139
-107
-70
-34
-3
25
46
49
26
-8
-41
-62
-64
-68
-65
-70
-69
-70
-72
-70
-65
-70
-73
-75
-74
-69
-71
-73
-72
-74
-69
-71
-70
-68
-67
-67
-73
-70
-68
-67
-72
-72
-69
-67
-64
-66
-65
-64
-64
-67
-66
-67
-65
-69
-68
-65
-66
-60
-59
-60
-59
-55
-54
-57
-58
-60
-60
-59
-60
-62
-62
-58
-60
-63
-59
-62
-62
-63
-64
-63
-68
-64
-65
-69
-65
-66
-67
-64
-66
-62
-62
-61
-64
-67
-66
-66
-66
-64
-64
-64
-62
-60
-57
-53
-49
-44
-44
-41
-39
-36
-36
-32
-29
-36
-34
-32
-37
-34
-36
-41
-46
-50
-54
-60
-60
-61
-68
-74
-72
-72
-73
-75
-73
-75
-71
-76
-74
-73
-73
-71
-74
-71
-73
-70
-66
-68
-75
-77
-83
-89
-96
-98
-101
-100
-103
-116
-135
-149
-159
-157
-140
-110
-75
-37
-2
27
52
59
41
2
-33
-54
-63
-62
-68
-67
-64
-67
-69
-68
-70
-69
-68
-70
-70
-69
-70
-67
-65
-64
-66
-66
-67
-71
-69
-68
-67
-63
-62
-66
-64
-59
-60
-60
-59
-61
-62
-64
-67
-64
-66
-63
-59
-61
-61
-60
-62
-59
-57
-56
-58
-58
-56
-54
-57
-55
-56
-60
-55
-58
-52
-53
-52
-55
-57
-57
-60
-63
-64
-64
-64
-62
-64
-61
-60
-60
-61
-58
-60
-61
-61
-66
-69
-65
-67
-64
-63
-62
-61
-60
-60
-61
-60
-54
-54
-53
-53
-52
-48
-44
-41
-35
-31
-31
-30
-29
-33
-36
-37
-37
-42
-51
-55
-59
-63
-60
-69
-71
-76
-75
-74
-79
-78
-85
-79
-85
-86
-82
-82
-82
-82
-80
-79
-76
-76
-77
-79
-82
-91
-98
-103
-108
-110
-110
-109
-111
-115
-119
-137
-156
-170
-180
-165
-139
-105
-72
-44
-18
6
14
2
-24
-45
-67
-75
-71
-69
-72
-75
-75
-75
-74
-71
-68
-65
-64
-68
-71
-69
-70
-65
-71
-67
-71
-71
-70
-71
-72
-68
-67
-66
-64
-63
-62
-64
-62
-64
-68
-68
-62
-66
-63
-68
-66
-63
-66
-63
-64
-59
-62
-62
-63
-64
-64
-64
-63
-62
-61
-60
-55
-57
-59
-57
-57
-56
-60
-59
-62
-65
-64
-63
-62
-60
-57
-62
-62
-62
-64
-60
-63
-64
-60
-64
-62
-62
-61
-59
-59
-54
-55
-59
-56
-56
-59
-60
-58
-57
-54
-54
-49
-45
-44
-40
-36
-39
-39
-36
-36
-35
-40
-43
-38
-41
-48
-48
-50
-54
-54
-59
-60
-65
-69
-72
-75
-78
-75
-77
-80
-81
-81
-79
-74
-76
-73
-75
-72
-76
-76
-76
-80
-79
-79
-81
-90
-100
-99
-102
-99
-95
-99
-100
-113
-135
-158
-179
-180
-166
-139
-108
-70
-41
-18
-1
0
-14
-38
-56
-72
-73
-72
-73
-72
-71
-71
-64
-67
-64
-63
-66
-64
-68
-68
-70
-70
-68
-74
-72
-70
-67
-68
-67
-68
-69
-66
-69
-70
-71
-73
-71
-74
-74
-72
-70
-72
-70
-70
-72
-74
-73
-74
-77
-72
-73
-76
-74
-77
-74
-70
-68
-68
-66
-70
-70
-72
-71
-72
-74
-71
-71
-74
-73
-74
-72
-75
-71
-72
-72
-74
-78
-76
-77
-74
-75
-73
-72
-70
-74
-72
-72
-69
-72
-70
-73
-73
-75
-73
-71
-70
-69
-64
-61
-61
-55
-56
-49
-48
-49
-48
-44
-44
-41
-45
-42
-42
-45
-45
-49
-55
-62
-68
-68
-72
-75
-79
-81
-84
-89
-86
-88
-88
-88
-87
-87
-85
-84
-87
-85
-80
-83
-82
-81
-81
-80
-82
-93
-96
-101
-104
-108
-109
-107
-111
-123
-134
-156
-169
-172
-156
-128
-96
-57
-22
6
31
38
27
2
-31
-63
-75
-73
-73
-76
-77
-76
-81
-78
-77
-77
-80
-80
-77
-76
-79
-77
-75
-76
-74
-74
-75
-78
-77
-78
-75
-78
-80
-74
-75
-72
-69
-74
-67
-72
-69
-71
-72
-72
-75
-77
-72
-73
-72
-75
-68
-71
-70
-65
-63
-64
-66
-62
-65
-66
-67
-64
-65
-68
-64
-68
-67
-64
-69
-70
-70
-69
-71
-72
-75
-76
-70
-73
-72
-71
-70
-68
-69
-72
-69
-71
-68
-70
-74
-75
-73
-74
-72
-74
-70
-65
-62
-64
-62
-56
-55
-52
-54
-47
-49
-44
-40
-44
-46
-43
-47
-47
-46
-48
-54
-58
-68
-72
-76
-76
-76
-83
-84
-86
-85
-87
-85
-91
-88
-90
-89
-90
-88
-88
-86
-88
-86
-87
-85
-87
-90
-93
-100
-103
-111
-112
-115
-116
-116
-121
-133
-154
-168
-178
-169
-144
-114
-78
-44
-13
13
32
29
2
-30
-59
-77
-76
-75
-76
-83
-81
-87
-89
-88
-86
-87
-87
-85
-82
-82
-81
-82
-83
-84
-84
-82
-83
-82
-79
-84
-84
-81
-76
-79
-76
-80
-80
-75
-81
-79
-81
-80
-81
-80
-79
-79
-81
-79
-79
-78
-73
-76
-72
-75
-76
-76
-78
-75
-72
-75
-72
-73
-72
-72
-71
-69
-72
-72
-71
-77
-76
-75
-78
-78
-76
-75
-70
-70
-71
-72
-68
-68
-70
-75
-72
-73
-75
-74
-73
-72
-70
-74
-71
-72
-66
-67
-64
-64
-63
-56
-59
-55
-54
-46
-44
-43
-37
-39
-38
-46
-44
-46
-51
-55
-56
-65
-68
-71
-71
-73
-76
-78
-83
-82
-82
-86
-89
-89
-88
-90
-86
-89
-92
-88
-85
-85
-82
-82
-84
-84
-89
-94
-96
-107
-112
-114
-111
-117
-114
-118
-131
-151
-165
-179
-177
-160
-131
-94
-60
-20
9
34
48
31
0
-40
-68
-78
-81
-78
-82
-85
-87
-86
-86
-90
-88
-85
-83
-80
-79
-85
-81
-84
-86
-85
-84
-83
-86
-84
-84
-83
-81
-82
-81
-81
-82
-80
-82
-81
-79
-86
-83
-84
-81
-80
-78
-77
-78
-77
-77
-76
-76
-78
-78
-78
-80
-76
-76
-72
-74
-73
-73
-70
-70
-72
-73
-73
-74
-77
-78
-77
-79
-77
-78
-78
-79
-78
-77
-76
-75
-75
-76
-79
-79
-79
-77
-77
-78
-77
-74
-76
-72
-72
-72
-76
-77
-75
-73
-68
-67
-64
-61
-54
-56
-47
-45
-43
-41
-41
-46
-50
-53
-51
-52
-58
-62
-64
-68
-68
-72
-73
-78
-83
-89
-92
-93
-94
-94
-93
-95
-92
-95
-92
-92
-90
-89
-87
-89
-90
-91
-95
-97
-103
-108
-118
-120
-120
-120
-121
-123
-133
-146
-164
-180
-186
-181
-155
-119
-80
-43
-11
17
27
17
-11
-49
-76
-86
-86
-82
-82
-85
-84
-86
-85
-82
-83
-83
-80
-80
-77
-86
-87
-83
-85
-85
-83
-80
-84
-82
-78
-78
-78
-79
-77
-82
-82
-80
-82
-83
-82
-79
-77
-79
-73
-75
-80
-83
-82
-80
-83
-81
-82
-78
-76
-76
-72
-75
-73
-77
-73
-75
-72
-72
-76
-75
-78
-78
-79
-80
-79
-81
-81
-81
-77
-75
-80
-80
-82
-84
-79
-82
-87
-84
-81
-79
-81
-79
-80
-79
-80
-76
-78
-80
-80
-78
-80
-78
-75
-75
-69
-69
-66
-61
-55
-57
-50
-50
-52
-52
-53
-56
-54
-51
-57
-66
-66
-71
-78
-80
-78
-84
-90
-94
-96
-96
-94
-98
-96
-94
-95
-94
-93
-92
-93
-96
-97
-92
-97
-97
-99
-100
-100
-105
-108
-115
-122
-123
-124
-125
-128
-140
-158
-177
-195
-198
-183
-149
-118
-80
-50
-29
-10
-12
-35
-60
-80
-93
-89
-89
-88
-89
-86
-87
-88
-84
-83
-86
-87
-89
-90
-86
-85
-86
-85
-85
-83
-84
-88
-81
-82
-86
-88
-82
-86
-86
-84
-84
-84
-83
-85
-82
-81
-80
-83
-83
-79
-87
-86
-88
-86
-88
-84
-85
-84
-79
-76
-78
-77
-76
-75
-78
-80
-81
-87
-80
-80
-80
-80
-81
-83
-81
-83
-81
-85
-85
-86
-85
-87
-85
-87
-86
-82
-81
-83
-78
-80
-76
-80
-80
-80
-80
-79
-80
-80
-79
-76
-77
-76
-76
-73
-70
-65
-66
-60
-58
-56
-54
-51
-48
-48
-47
-47
-47
-51
-54
-58
-59
-64
-73
-77
-77
-76
-85
-88
-87
-92
-92
-91
-91
-93
-93
-97
-98
-97
-98
-95
-96
-93
-94
-90
-91
-93
-95
-100
-108
-113
-121
-120
-125
-125
-129
-130
-144
-160
-179
-183
-184
-161
-131
-98
-62
-28
-4
19
20
0
-28
-61
-79
-86
-85
-86
-91
-88
-89
-92
-93
-94
-89
-91
-90
-87
-87
-87
-85
-87
-89
-85
-92
-91
-88
-91
-90
-90
-90
-87
-90
-87
-89
-82
-86
-85
-84
-89
-90
-88
-90
-91
-88
-86
-86
-87
-85
-86
-84
-84
-87
-83
-86
-87
-82
-86
-83
-84
-85
-81
-77
-81
-80
-78
-81
-87
-87
-85
-86
-88
-88
-85
-88
-88
-86
-90
-81
-82
-81
-82
-86
-80
-86
-89
-89
-88
-87
-87
-89
-88
-86
-87
-84
-84
-81
-80
-79
-77
-75
-71
-67
-64
-60
-57
-59
-57
-59
-60
-63
-65
-69
-70
-77
-81
-85
-90
-90
-91
-97
-96
-101
-105
-101
-104
-108
-106
-111
-108
-105
-107
-107
-105
-105
-104
-100
-101
-102
-103
-106
-111
-117
-124
-126
-134
-131
-135
-131
-134
-147
-165
-184
-192
-194
-177
-146
-111
-73
-34
-1
25
37
23
-11
-47
-77
-89
-91
-94
-98
-97
-100
-99
-98
-97
-98
-96
-91
-90
-90
-91
-89
-95
-95
-94
-93
-90
-89
-90
-92
-90
-92
-87
-88
-84
-83
-89
-88
-86
-89
-83
-82
-83
-83
-85
-86
-88
-83
-79
-81
-79
-83
-85
-84
-78
-80
-80
-78
-76
-78
-75
-76
-78
-79
-78
-76
-79
-80
-83
-81
-82
-82
-84
-84
-79
-79
-78
-79
-78
-81
-81
-80
-80
-83
-80
-80
-82
-77
-80
-77
-76
-75
-76
-75
-75
-78
-75
-75
-72
-72
-70
-64
-58
-57
-49
-51
-46
-43
-44
-45
-51
-52
-59
-54
-56
-62
-66
-72
-71
-71
-72
-77
-82
-88
-96
-96
-95
-96
-96
-96
-95
-92
-91
-93
-88
-93
-92
-92
-98
-97
-93
-99
-104
-108
-115
-115
-120
-122
-122
-122
-124
-135
-152
-169
-189
-193
-185
-160
-126
-93
-58
-35
-19
-10
-27
-50
-72
-88
-92
-91
-87
-90
-91
-85
-86
-86
-86
-85
-84
-86
-84
-88
-90
-89
-88
-84
-89
-87
-87
-83
-86
-86
-83
-82
-87
-87
-89
-88
-88
-87
-88
-82
-82
-84
-82
-84
-86
-85
-88
-90
-89
-89
-91
-90
-90
-90
-85
-82
-79
-77
-79
-79
-80
-80
-81
-86
-82
-88
-86
-85
-87
-85
-85
-83
-83
-84
-87
-87
-89
-92
-88
-92
-93
-88
-85
-86
-86
-85
-86
-88
-85
-87
-86
-88
-85
-86
-86
-88
-85
-84
-78
-75
-73
-71
-70
-65
-63
-61
-57
-56
-55
-53
-55
-56
-53
-55
-56
-56
-65
-72
-74
-78
-82
-82
-90
-91
-92
-92
-91
-92
-92
-92
-93
-93
-94
-96
-97
-95
-96
-93
-93
-90
-92
-92
-93
-95
-106
-113
-114
-121
-124
-126
-121
-133
-146
-163
-180
-183
-174
-151
-118
-81
-44
-14
9
30
23
-2
-36
-66
-81
-82
-85
-82
-84
-88
-88
-86
-88
-91
-95
-89
-89
-89
-88
-88
-83
-85
-86
-87
-88
-87
-88
-89
-89
-90
-91
-90
-86
-87
-85
-84
-84
-86
-86
-85
-85
-86
-88
-89
-89
-86
-85
-87
-84
-85
-83
-80
-80
-81
-84
-81
-80
-86
-77
-80
-80
-79
-77
-82
-82
-80
-81
-78
-80
-85
-82
-87
-84
-90
-87
-86
-82
-85
-80
-79
-83
-85
-83
-83
-83
-79
-84
-81
-83
-84
-84
-81
-74
-74
-75
-75
-72
-68
-71
-68
-64
-59
-57
-53
-51
-47
-46
-46
-47
-52
-53
-53
-57
-65
-71
-73
-78
-79
-81
-84
-85
-89
-97
-95
-96
-101
-101
-98
-104
-100
-100
-98
-99
-94
-94
-93
-92
-92
-96
-97
-100
-109
-115
-123
-125
-127
-124
-125
-126
-135
-151
-173
-182
-183
-172
-149
-108
-74
-33
0
25
44
35
6
-34
-65
-81
-89
-89
-92
-91
-94
-97
-95
-89
-92
-91
-90
-88
-86
-86
-87
-88
-91
-91
-91
-88
-87
-89
-89
-84
-84
-87
-81
-84
-84
-80
-83
-88
-88
-85
-86
-87
-85
-86
-86
-84
-81
-82
-79
-76
-79
-78
-77
-75
-78
-78
-73
-74
-77
-73
-75
-73
-73
-71
-70
-74
-77
-78
-78
-81
-81
-79
-79
-80
-77
-73
-82
-82
-76
-79
-80
-77
-81
-83
-80
-79
-83
-81
-79
-77
-77
-81
-75
-75
-78
-76
-78
-73
-70
-69
-62
-61
-53
-53
-51
-45
-47
-48
-49
-46
-48
-54
-54
-59
-59
-63
-71
-75
-72
-74
-79
-86
-91
-90
-93
-95
-98
-99
-98
-100
-99
-92
-93
-92
-91
-90
-90
-91
-92
-93
-96
-102
-108
-117
-115
-121
-121
-124
-121
-125
-137
-151
-172
-189
-186
-173
-141
-110
-75
-46
-18
3
7
-15
-42
-67
-85
-87
-88
-88
-90
-91
-87
-91
-83
-83
-84
-84
-85
-85
-85
-85
-83
-88
-85
-84
-86
-87
-80
-79
-82
-79
-79
-85
-82
-80
-84
-85
-87
-80
-81
-81
-81
-83
-82
-81
-81
-81
-81
-80
-80
-80
-84
-82
-82
-75
-76
-76
-73
-76
-75
-69
-77
-79
-79
-79
-82
-83
-82
-85
-84
-83
-85
-83
-80
-82
-78
-80
-83
-86
-82
-86
-82
-76
-74
-78
-77
-77
-74
-76
-77
-73
-73
-79
-74
-77
-76
-72
-69
-69
-63
-63
-58
-56
-52
-53
-56
-49
-49
-48
-46
-48
-53
-53
-52
-50
-64
-63
-68
-74
-77
-76
-83
-87
-91
-88
-90
-89
-86
-89
-90
-85
-89
-90
-87
-91
-92
-90
-92
-92
-90
-92
-93
-96
-104
-105
-112
-112
-115
-119
-120
-130
-148
-166
-174
-177
-160
-131
-99
-71
-30
-3
18
25
16
-16
-49
-72
-79
-79
-77
-79
-78
-81
-83
-84
-87
-84
-84
-84
-82
-82
-82
-85
-84
-84
-83
-83
-80
-81
-81
-82
-85
-85
-86
-84
-83
-82
-81
-80
-78
-79
-80
-77
-79
-84
-82
-81
-82
-84
-82
-78
-79
-76
-75
-72
-72
-70
-74
-71
-69
-71
-73
-70
-72
-69
-75
-72
-74
-73
-72
-74
-71
-79
-78
-79
-76
-77
-80
-78
-81
-76
-75
-74
-78
-72
-80
-73
-78
-76
-83
-81
-82
-78
-81
-80
-76
-73
-72
-69
-69
-63
-60
-63
-61
-56
-57
-53
-49
-49
-47
-48
-51
-48
-54
-54
-65
-68
-73
-80
-79
-84
-86
-89
-96
-90
-89
-92
-94
-91
-94
-95
-98
-98
-96
-94
-94
-95
-93
-93
-92
-92
-94
-100
-104
-112
-116
-118
-118
-118
-124
-121
-138
-152
-173
-181
-179
-159
-128
-96
-63
-32
-5
16
25
8
-21
-55
-75
-84
-86
-87
-88
-91
-93
-88
-90
-93
-89
-91
-88
-90
-87
-87
-88
-87
-87
-87
-86
-88
-89
-88
-86
-88
-89
-86
-83
-83
-85
-83
-85
-89
-83
-86
-86
-88
-90
-89
-88
-87
-86
-85
-84
-79
-84
-82
-83
-80
-81
-79
-78
-80
-79
-79
-77
-77
-75
-76
-75
-76
-72
-75
-77
-80
-80
-76
-81
-81
-80
-80
-76
-76
-76
-76
-75
-74
-80
-79
-79
-78
-86
-80
-79
-80
-81
-76
-73
-72
-74
-70
-73
-71
-69
-65
-69
-62
-58
-52
-51
-45
-43
-43
-45
-48
-51
-51
-51
-56
-63
-67
-73
-77
-80
-82
-83
-85
-88
-87
-91
-91
-95
-94
-91
-92
-94
-91
-90
-89
-90
-87
-87
-87
-89
-91
-88
-96
-102
-109
-110
-113
-121
-119
-122
-124
-124
-144
-161
-176
-183
-177
-153
-123
-84
-52
-17
10
32
32
9
-24
-57
-79
-81
-83
-85
-87
-88
-93
-92
-89
-90
-88
-87
-88
-83
-85
-82
-87
-89
-89
-92
-90
-92
-89
-88
-89
-89
-81
-83
-85
-84
-85
-82
-87
-86
-85
-87
-87
-88
-85
-83
-86
-82
-85
-85
-83
-84
-85
-87
-85
-83
-81
-80
-81
-79
-75
-79
-76
-74
-79
-77
-76
-79
-83
-85
-84
-86
-83
-85
-84
-81
-82
-83
-83
-77
-80
-83
-84
-84
-85
-87
-87
-85
-82
-81
-84
-84
-81
-82
-83
-83
-83
-83
-80
-77
-75
-73
-65
-62
-59
-54
-54
-52
-50
-48
-54
-57
-57
-61
-61
-67
-66
-71
-74
-78
-77
-86
-86
-92
-92
-95
-98
-98
-98
-102
-101
-96
-95
-92
-93
-93
-92
-96
-90
-94
-100
-97
-102
-107
-114
-120
-118
-119
-122
-122
-123
-137
-156
-176
-185
-184
-168
-142
-103
-63
-29
4
31
39
25
-10
-48
-74
-85
-86
-88
-88
-90
-92
-90
-88
-87
-88
-87
-84
-90
-88
-89
-91
-88
-91
-91
-90
-86
-85
-84
-83
-82
-82
-85
-83
-84
-85
-87
-90
-91
-87
-87
-85
-82
-81
-84
-81
-83
-89
-86
-87
-84
-85
-84
-83
-83
-80
-77
-76
-73
-74
-75
-78
-77
-77
-80
-78
-78
-81
-78
-78
-76
-77
-83
-81
-82
-78
-83
-82
-81
-82
-82
-79
-81
-80
-81
-80
-80
-79
-77
-80
-81
-81
-82
-80
-79
-82
-81
-77
-75
-67
-68
-60
-61
-55
-54
-49
-53
-52
-48
-50
-51
-53
-54
-55
-57
-63
-65
-75
-75
-82
-87
-89
-93
-95
-100
-100
-98
-96
-96
-100
-97
-98
-100
-99
-103
-99
-100
-98
-98
-99
-98
-102
-105
-111
-117
-124
-125
-122
-128
-129
-132
-146
-167
-184
-192
-178
-151
-114
-78
-39
-6
20
32
26
-3
-45
-71
-89
-89
-88
-91
-94
-94
-93
-98
-99
-93
-95
-98
-97
-97
-96
-98
-94
-94
-94
-93
-94
-93
-91
-92
-92
-89
-92
-92
-90
-92
-93
-89
-88
-89
-88
-86
-92
-92
-91
-91
-92
-88
-91
-91
-91
-93
-89
-87
-83
-85
-81
-83
-84
-85
-85
-85
-86
-83
-84
-86
-87
-81
-80
-78
-83
-81
-86
-86
-86
-87
-86
-80
-88
-85
-85
-84
-84
-84
-82
-82
-82
-82
-86
-85
-85
-85
-84
-83
-79
-81
-75
-74
-71
-73
-64
-63
-64
-62
-57
-53
-50
-46
-48
-51
-47
-50
-52
-55
-56
-64
-71
-75
-76
-84
-85
-88
-89
-93
-90
-98
-95
-96
-96
-101
-96
-100
-99
-100
-102
-101
-96
-95
-95
-95
-94
-102
-104
-110
-117
-123
-130
-128
-127
-130
-134
-145
-166
-179
-187
-184
-165
-130
-98
-62
-20
6
28
40
22
-14
-49
-77
-86
-88
-91
-90
-85
-92
-94
-96
-94
-93
-91
-90
-92
-90
-91
-91
-88
-90
-87
-91
-95
-88
-92
-94
-91
-91
-93
-88
-91
-88
-91
-87
-87
-92
-93
-94
-93
-95
-96
-94
-94
-92
-85
-90
-91
-86
-89
-85
-85
-86
-87
-86
-85
-87
-87
-80
-81
-81
-80
-81
-83
-82
-86
-89
-88
-87
-88
-93
-87
-93
-88
-89
-86
-88
-86
-87
-87
-87
-89
-92
-89
-88
-88
-88
-88
-87
-87
-85
-83
-84
-78
-79
-80
-79
-73
-73
-68
-62
-58
-57
-52
-51
-52
-52
-55
-54
-58
-63
-67
-69
-74
-79
-81
-84
-85
-89
-97
-99
-99
-100
-101
-102
-106
-105
-105
-104
-104
-102
-100
-101
-97
-93
-95
-97
-95
-102
-106
-115
-123
-130
-130
-130
-134
-132
-138
-152
-170
-189
-194
-184
-164
-128
-94
-58
-16
10
36
42
17
-19
-60
-84
-92
-90
-93
-91
-96
-96
-95
-95
-93
-93
-90
-92
-88
-88
-87
-87
-93
-92
-92
-91
-95
-89
-89
-86
-87
-90
-89
-86
-84
-84
-85
-88
-94
-87
-89
-88
-88
-88
-87
-86
-85
-85
-87
-85
-85
-81
-81
-81
-83
-81
-79
-77
-79
-81
-78
-81
-82
-81
-79
-84
-84
-83
-83
-84
-84
-83
-81
-79
-80
-83
-81
-76
-79
-81
-80
-81
-86
-86
-82
-82
-86
-80
-80
-80
-81
-80
-79
-80
-79
-81
-78
-75
-74
-73
-67
-60
-59
-55
-48
-49
-47
-46
-56
-62
-60
-62
-66
-64
-69
-75
-78
-80
-86
-87
-91
-94
-99
-100
-103
-104
-103
-104
-101
-101
-99
-96
-100
-100
-97
-101
-100
-99
-106
-112
-115
-125
-132
-133
-136
-137
-142
-143
-154
-177
-195
-203
-204
-183
-152
-113
-72
-34
0
22
37
23
-17
-53
-85
-103
-103
-104
-106
-106
-107
-108
-106
-104
-100
-101
-103
-100
-99
-102
-103
-104
-106
-104
-104
-102
-100
-101
-98
-97
-99
-99
-100
-97
-99
-103
-102
-100
-100
-96
-98
-95
-99
-97
-97
-96
-96
-97
-99
-98
-98
-99
-98
-100
-93
-93
-90
-88
-86
-87
-88
-90
-92
-94
-97
-94
-95
-93
-91
-93
-91
-95
-91
-95
-96
-92
-100
-90
-90
-90
-91
-91
-90
-88
-91
-91
-86
-87
-86
-89
-90
-88
-90
-89
-92
-91
-87
-85
-82
-75
-68
-69
-62
-58
-55
-54
-51
-54
-54
-54
-57
-60
-64
-62
-69
-73
-77
-82
-84
-87
-92
-97
-98
-100
-99
-101
-104
-98
-98
-99
-96
-97
-95
-98
-101
-101
-102
-100
-99
-99
-109
-112
-123
-125
-127
-131
-131
-136
-143
-155
-177
-190
-199
-195
-175
-141
-102
-63
-25
9
29
42
24
-16
-61
-87
-97
-103
-99
-101
-99
-98
-98
-99
-100
-99
-100
-102
-102
-101
-102
-102
-104
-100
-103
-98
-97
-97
-96
-96
-99
-99
-96
-93
-97
-100
-95
-98
-98
-94
-96
-95
-94
-94
-94
-94
-93
-97
-96
-94
-95
-94
-94
-94
-89
-92
-89
-84
-86
-86
-90
-91
-88
-94
-90
-92
-91
-91
-91
-88
-90
-92
-93
-96
-92
-92
-94
-92
-97
-94
-92
-89
-91
-87
-91
-93
-96
-89
-91
-92
-95
-91
-90
-92
-92
-93
-90
-88
-86
-79
-79
-77
-75
-72
-73
-69
-66
-63
-64
-60
-64
-65
-65
-67
-70
-73
-81
-86
-89
-91
-95
-99
-103
-105
-103
-107
-108
-103
-105
-108
-106
-106
-106
-110
-106
-108
-106
-108
-104
-102
-100
-99
-107
-110
-116
-123
-133
-136
-138
-138
-141
-146
-154
-173
-186
-196
-192
-174
-145
-110
-71
-37
-12
10
17
0
-32
-66
-87
-94
-96
-96
-99
-101
-101
-102
-103
-102
-102
-100
-99
-98
-101
-97
-94
-98
-99
-95
-97
-94
-97
-98
-101
-95
-96
-96
-92
-89
-89
-91
-92
-93
-91
-92
-91
-92
-92
-93
-90
-91
-90
-89
-90
-89
-83
-84
-82
-80
-87
-85
-84
-83
-85
-84
-81
-83
-82
-80
-83
-85
-84
-82
-83
-88
-92
-93
-92
-90
-94
-92
-88
-93
-84
-85
-88
-89
-86
-89
-90
-91
-93
-89
-90
-92
-90
-86
-84
-84
-84
-84
-84
-85
-81
-77
-77
-75
-67
-64
-64
-57
-57
-55
-54
-52
-58
-58
-61
-64
-71
-75
-77
-83
-86
-86
-90
-92
-92
-94
-100
-99
-102
-105
-106
-107
-109
-104
-106
-107
-104
-104
-101
-98
-96
-99
-100
-104
-111
-118
-127
-134
-131
-133
-136
-135
-144
-158
-173
-191
-197
-191
-173
-140
-104
-64
-29
3
25
34
9
-26
-66
-88
-97
-99
-100
-104
-102
-107
-106
-107
-102
-106
-101
-102
-101
-100
-101
-104
-104
-104
-101
-105
-104
-103
-105
-105
-104
-101
-103
-99
-100
-98
-99
-99
-98
-102
-100
-99
-104
-100
-99
-97
-97
-97
-97
-97
-97
-95
-99
-97
-97
-95
-94
-93
-94
-93
-90
-92
-91
-88
-92
-89
-92
-92
-95
-98
-96
-98
-96
-95
-95
-97
-93
-93
-92
-96
-94
-99
-98
-97
-99
-102
-96
-101
-100
-97
-97
-101
-97
-96
-99
-97
-97
-93
-94
-91
-90
-86
-81
-77
-74
-69
-65
-62
-64
-63
-67
-72
-73
-73
-79
-84
-86
-87
-88
-90
-93
-99
-103
-106
-110
-108
-108
-112
-107
-111
-107
-109
-104
-105
-102
-102
-101
-104
-104
-105
-106
-112
-118
-130
-137
-137
-136
-139
-139
-143
-159
-175
-189
-201
-203
-187
-160
-126
-87
-50
-14
10
23
8
-24
-59
-91
-106
-106
-103
-106
-103
-106
-108
-102
-98
-97
-99
-104
-100
-99
-103
-99
-99
-102
-101
-102
-102
-96
-95
-96
-95
-95
-101
-97
-95
-94
-99
-96
-98
-96
-97
-95
-95
-93
-93
-94
-95
-95
-96
-96
-93
-96
-92
-93
-92
-93
-87
-88
-86
-87
-88
-88
-88
-89
-91
-92
-96
-94
-95
-97
-97
-95
-94
-98
-95
-99
-92
-96
-99
-101
-100
-101
-102
-99
-98
-100
-99
-98
-100
-100
-99
-95
-104
-101
-104
-101
-99
-97
-94
-89
-84
-83
-80
-75
-74
-73
-77
-71
-69
-73
-74
-75
-76
-78
-76
-78
-81
-87
-92
-93
-96
-102
-109
-111
-113
-115
-116
-119
-118
-113
-114
-115
-115
-114
-112
-116
-112
-116
-114
-113
-116
-117
-121
-121
-128
-132
-139
-139
-145
-144
-143
-159
-172
-189
-203
-211
-197
-180
-147
-110
-68
-34
-2
21
20
-2
-36
-70
-98
-107
-107
-108
-108
-108
-109
-108
-107
-111
-109
-113
-112
-112
-108
-111
-112
-109
-111
-108
-104
-105
-107
-107
-105
-104
-106
-105
-108
-111
-104
-106
-104
-104
-101
-100
-104
-102
-100
-103
-102
-102
-103
-104
-102
-100
-98
-94
-90
-89
-91
-88
-90
-92
-88
-90
-90
-93
-92
-90
-91
-87
-86
-88
-88
-94
-93
-91
-95
-101
-100
-95
-96
-96
-96
-95
-96
-94
-94
-95
-92
-92
-95
-97
-95
-96
-98
-95
-97
-92
-88
-86
-82
-78
-75
-74
-73
-69
-68
-66
-64
-62
-64
-62
-62
-65
-67
-67
-73
-78
-85
-87
-92
-92
-96
-100
-107
-108
-108
-108
-107
-106
-106
-105
-107
-111
-112
-109
-109
-111
-108
-106
-109
-109
-109
-111
-118
-121
-130
-138
-141
-141
-143
-148
-156
-175
-193
-206
-206
-190
-166
-126
-89
-52
-13
10
26
21
-8
-48
-79
-99
-105
-103
-104
-102
-109
-108
-110
-108
-108
-111
-108
-107
-108
-111
-104
-107
-106
-102
-104
-106
-100
-105
-106
-109
-107
-106
-106
-105
-103
-104
-102
-104
-105
-108
-108
-110
-111
-107
-108
-106
-107
-106
-103
-104
-102
-102
-100
-100
-96
-103
-102
-104
-103
-99
-101
-103
-99
-102
-101
-100
-101
-100
-104
-105
-105
-106
-110
-106
-107
-105
-108
-103
-101
-97
-98
-100
-98
-101
-104
-105
-102
-103
-101
-100
-101
-105
-105
-101
-100
-96
-97
-95
-94
-97
-96
-89
-86
-82
-77
-79
-72
-69
-68
-68
-64
-71
-70
-74
-76
-85
-90
-93
-96
-96
-101
-105
-108
-108
-111
-109
-110
-113
-116
-113
-116
-115
-114
-114
-112
-109
-108
-110
-108
-108
-110
-116
-123
-128
-134
-142
-145
-140
-142
-145
-155
-172
-193
-200
-210
-193
-170
-135
-99
-63
-37
-12
-3
-15
-40
-69
-92
-100
-99
-97
-102
-103
-105
-107
-105
-103
-99
-97
-97
-97
-99
-101
-100
-96
-100
-104
-102
-102
-99
-101
-102
-98
-95
-99
-96
-94
-94
-99
-100
-98
-102
-101
-99
-98
-100
-97
-94
-94
-94
-93
-94
-95
-92
-93
-96
-93
-93
-92
-96
-90
-90
-88
-91
-91
-89
-88
-91
-91
-94
-96
-98
-98
-96
-97
-98
-94
-96
-94
-93
-95
-95
-96
-98
-95
-100
-96
-98
-96
-94
-95
-94
-98
-94
-94
-94
-95
-95
-96
-92
-89
-94
-88
-80
-78
-75
-66
-67
-66
-66
-66
-67
-71
-74
-76
-75
-82
-82
-86
-90
-93
-95
-96
-100
-106
-112
-111
-115
-114
-115
-114
-116
-111
-110
-111
-107
-107
-108
-110
-109
-108
-109
-109
-117
-123
-125
-130
-140
-136
-137
-136
-140
-149
-163
-191
-203
-205
-199
-176
-138
-102
-66
-31
3
22
21
1
-36
-69
-97
-106
-108
-106
-108
-112
-109
-113
-112
-108
-108
-109
-108
-108
-109
-108
-109
-107
-110
-108
-107
-106
-106
-106
-103
-102
-104
-104
-105
-106
-106
-103
-104
-106
-105
-100
-99
-102
-102
-102
-98
-102
-99
-102
-99
-101
-103
-101
-101
-94
-96
-96
-89
-95
-88
-89
-89
-90
-91
-94
-93
-92
-93
-91
-92
-94
-91
-92
-90
-94
-90
-90
-88
-93
-96
-95
-90
-94
-93
-94
-90
-91
-85
-87
-89
-89
-88
-90
-92
-93
-88
-90
-83
-86
-80
-78
-72
-68
-67
-65
-59
-56
-59
-59
-61
-63
-62
-68
-68
-69
-76
-82
-84
-86
-92
-93
-103
-104
-105
-104
-107
-104
-107
-104
-109
-106
-104
-99
-102
-101
-106
-104
-104
-109
-107
-111
-107
-117
-118
-128
-130
-135
-130
-137
-137
-145
-164
-186
-199
-203
-196
-173
-136
-101
-66
-27
3
25
35
18
-22
-60
-87
-99
-97
-95
-102
-100
-105
-104
-105
-100
-103
-101
-102
-101
-105
-104
-104
-105
-103
-101
-100
-98
-100
-99
-99
-97
-101
-101
-105
-103
-101
-105
-104
-100
-102
-98
-94
-99
-98
-95
-94
-97
-97
-100
-97
-99
-96
-96
-96
-94
-91
-91
-92
-88
-89
-91
-93
-91
-92
-93
-95
-95
-95
-90
-94
-94
-89
-97
-97
-90
-95
-97
-99
-97
-95
-93
-92
-93
-88
-92
-91
-88
-89
-88
-89
-93
-96
-99
-98
-95
-94
-93
-95
-91
-84
-84
-80
-72
-74
-70
-66
-61
-62
-62
-63
-63
-63
-62
-64
-64
-69
-72
-80
-79
-88
-94
-93
-99
-106
-102
-103
-106
-105
-106
-107
-104
-105
-104
-106
-107
-108
-107
-105
-107
-103
-106
-104
-105
-113
-118
-125
-131
-136
-137
-141
-143
-151
-168
-185
-196
-205
-192
-165
-131
-91
-52
-15
12
34
37
13
-26
-64
-86
-96
-101
-90
-98
-95
-99
-98
-96
-93
-97
-99
-96
-92
-96
-98
-97
-96
-92
-93
-95
-94
-95
-95
-96
-94
-95
-94
-95
-87
-87
-87
-87
-86
-88
-89
-85
-90
-91
-92
-93
-94
-93
-93
-92
-93
-89
-86
-85
-87
-89
-88
-91
-89
-89
-90
-92
-91
-87
-89
-89
-87
-85
-88
-88
-88
-92
-97
-92
-92
-95
-93
-95
-94
-92
-90
-91
-93
-89
-89
-89
-93
-93
-93
-94
-96
-95
-93
-94
-93
-87
-89
-84
-84
-84
-80
-75
-75
-68
-63
-64
-61
-56
-54
-52
-58
-56
-61
-64
-66
-74
-78
-80
-84
-88
-92
-98
-101
-101
-100
-102
-104
-106
-104
-106
-107
-105
-105
-106
-107
-106
-98
-102
-97
-99
-102
-110
-120
-129
-136
-136
-140
-141
-146
-154
-173
-186
-198
-202
-193
-158
-126
-86
-48
-15
11
35
32
9
-29
-67
-88
-95
-97
-96
-102
-106
-104
-105
-100
-105
-103
-101
-103
-96
-97
-97
-96
-97
-95
-99
-96
-104
-102
-101
-98
-97
-97
-97
-95
-93
-95
-91
-92
-94
-96
-96
-94
-96
-95
-96
-96
-96
-95
-90
-94
-93
-92
-92
-92
-89
-94
-94
-92
-92
-89
-89
-87
-87
-88
-83
-87
-86
-88
-92
-95
-97
-93
-95
-95
-90
-88
-93
-90
-90
-87
-84
-86
-86
-89
-90
-90
-90
-88
-87
-89
-86
-84
-81
-85
-83
-83
-82
-80
-79
-80
-73
-73
-70
-64
-60
-53
-49
-48
-46
-51
-50
-57
-61
-60
-62
-63
-73
-77
-81
-83
-85
-83
-87
-90
-94
-96
-97
-101
-105
-103
-101
-101
-99
-102
-97
-96
-95
-94
-94
-96
-93
-100
-107
-111
-121
-126
-131
-134
-134
-133
-139
-150
-170
-181
-194
-189
-175
-142
-107
-72
-34
-10
13
20
3
-29
-60
-82
-96
-91
-92
-95
-95
-93
-94
-93
-92
-86
-90
-90
-85
-88
-86
-89
-91
-94
-94
-93
-94
-90
-92
-88
-89
-88
-87
-88
-90
-85
-89
-86
-91
-92
-91
-91
-92
-90
-92
-86
-88
-87
-85
-84
-84
-86
-89
-88
-90
-87
-88
-85
-87
-84
-80
-80
-79
-81
-80
-86
-83
-87
-85
-87
-86
-88
-93
-85
-83
-83
-84
-81
-84
-85
-85
-85
-86
-84
-83
-86
-83
-83
-83
-85
-84
-85
-81
-85
-84
-82
-84
-80
-79
-80
-76
-71
-67
-63
-61
-56
-55
-50
-50
-54
-54
-56
-60
-65
-67
-67
-72
-70
-81
-84
-82
-87
-92
-95
-98
-102
-99
-102
-104
-107
-104
-104
-98
-97
-95
-99
-94
-96
-99
-101
-101
-100
-105
-107
-115
-121
-126
-131
-128
-133
-135
-143
-162
-181
-194
-195
-179
-151
-119
-73
-39
-5
26
44
45
14
-26
-62
-83
-91
-90
-94
-95
-93
-92
-92
-88
-92
-89
-93
-89
-94
-89
-90
-91
-94
-92
-90
-90
-86
-83
-86
-86
-84
-85
-84
-85
-84
-86
-88
-85
-86
-86
-85
-82
-84
-83
-80
-85
-87
-90
-85
-88
-84
-84
-84
-81
-79
-80
-74
-78
-76
-79
-74
-74
-76
-77
-78
-79
-79
-76
-76
-78
-75
-76
-73
-74
-77
-78
-78
-78
-80
-78
-77
-75
-72
-75
-71
-73
-71
-76
-77
-73
-75
-79
-78
-80
-80
-78
-73
-73
-69
-64
-62
-60
-56
-53
-50
-50
-45
-46
-46
-48
-48
-48
-51
-53
-56
-59
-67
-72
-75
-77
-82
-88
-92
-95
-95
-93
-93
-91
-95
-93
-92
-96
-91
-94
-98
-96
-93
-92
-93
-96
-95
-101
-107
-112
-120
-120
-127
-130
-130
-138
-151
-170
-186
-192
-186
-164
-129
-88
-50
-15
15
38
54
35
-4
-46
-73
-87
-87
-90
-88
-86
-93
-89
-92
-92
-91
-92
-94
-85
-90
-88
-89
-86
-88
-86
-82
-83
-82
-89
-87
-86
-89
-87
-86
-86
-84
-86
-84
-81
-83
-82
-86
-85
-88
-85
-88
-87
-85
-86
-83
-82
-79
-80
-81
-77
-76
-75
-73
-78
-78
-78
-77
-79
-77
-73
-75
-74
-73
-78
-75
-71
-75
-76
-85
-79
-79
-82
-75
-81
-74
-74
-74
-78
-76
-76
-75
-77
-76
-79
-76
-76
-78
-76
-75
-74
-72
-73
-71
-64
-68
-63
-61
-64
-60
-50
-46
-45
-41
-43
-38
-40
-46
-46
-48
-55
-59
-68
-72
-71
-77
-75
-78
-81
-83
-82
-84
-86
-84
-87
-89
-85
-86
-92
-90
-91
-90
-87
-83
-79
-80
-81
-85
-93
-103
-110
-116
-119
-116
-119
-119
-128
-143
-157
-177
-176
-175
-151
-124
-85
-53
-20
10
27
26
2
-30
-57
-71
-79
-78
-81
-84
-82
-78
-81
-80
-80
-76
-77
-76
-75
-76
-76
-76
-79
-80
-81
-80
-81
-81
-80
-81
-77
-75
-79
-77
-75
-75
-79
-76
-79
-80
-81
-76
-80
-81
-79
-77
-76
-76
-74
-76
-71
-70
-72
-77
-78
-75
-76
-75
-70
-72
-73
-71
-70
-72
-71
-73
-72
-72
-79
-79
-76
-76
-79
-80
-70
-74
-72
-74
-72
-77
-77
-75
-77
-80
-75
-75
-78
-75
-80
-75
-74
-72
-74
-72
-77
-77
-77
-79
-76
-73
-66
-63
-62
-56
-49
-50
-46
-45
-47
-46
-53
-56
-58
-57
-56
-60
-67
-71
-72
-75
-77
-80
-89
-92
-94
-97
-98
-99
-96
-98
-95
-96
-95
-92
-91
-91
-89
-92
-93
-95
-96
-94
-99
-104
-110
-117
-116
-116
-118
-116
-119
-128
-152
-176
-187
-180
-155
-122
-88
-51
-15
16
36
36
20
-15
-50
-76
-82
-83
-87
-88
-88
-91
-88
-90
-87
-83
-83
-83
-82
-82
-86
-91
-88
-83
-85
-84
-82
-80
-76
-78
-79
-78
-76
-80
-81
-78
-78
-77
-81
-77
-74
-77
-78
-76
-76
-76
-75
-78
-75
-78
-76
-75
-73
-70
-72
-66
-63
-67
-66
-64
-67
-66
-66
-69
-74
-68
-71
-71
-72
-70
-73
-64
-69
-72
-70
-72
-73
-74
-75
-70
-74
-74
-76
-73
-73
-68
-72
-70
-72
-70
-70
-74
-74
-75
-76
-71
-68
-64
-62
-58
-54
-53
-50
-47
-43
-43
-43
-44
-44
-46
-47
-52
-49
-48
-51
-55
-66
-68
-69
-73
-79
-83
-85
-89
-89
-90
-89
-90
-89
-91
-88
-90
-89
-90
-92
-91
-91
-91
-89
-92
-91
-95
-99
-104
-112
-114
-116
-120
-120
-126
-138
-155
-176
-186
-181
-162
-130
-95
-58
-16
13
36
42
33
1
-38
-72
-81
-83
-82
-82
-83
-86
-88
-86
-88
-89
-89
-89
-89
-85
-88
-89
-92
-90
-87
-86
-87
-85
-88
-89
-87
-89
-88
-86
-86
-86
-84
-84
-80
-81
-80
-79
-78
-82
-83
-86
-82
-81
-84
-83
-81
-78
-77
-77
-75
-76
-73
-75
-77
-76
-76
-75
-78
-77
-79
-76
-73
-75
-76
-76
-78
-80
-76
-78
-84
-84
-83
-82
-80
-78
-78
-75
-77
-77
-77
-79
-80
-81
-84
-79
-79
-83
-81
-77
-79
-76
-68
-70
-71
-71
-69
-68
-63
-59
-57
-55
-49
-49
-48
-46
-46
-52
-54
-52
-57
-63
-66
-76
-79
-81
-83
-85
-91
-96
-94
-92
-92
-96
-100
-99
-98
-95
-93
-95
-93
-95
-96
-94
-90
-91
-88
-90
-100
-105
-114
-117
-125
-123
-126
-128
-136
-150
-173
-182
-185
-172
-144
-102
-67
-26
2
32
48
41
8
-26
-61
-77
-80
-79
-85
-87
-84
-90
-89
-88
-90
-91
-89
-89
-86
-86
-87
-88
-88
-84
-89
-84
-85
-88
-85
-83
-85
-87
-87
-80
-84
-86
-81
-83
-83
-80
-79
-84
-82
-82
-82
-82
-83
-83
-80
-79
-80
-76
-78
-79
-73
-80
-78
-76
-74
-77
-76
-74
-72
-72
-70
-75
-74
-74
-78
-80
-81
-80
-81
-78
-81
-80
-78
-80
-78
-80
-81
-79
-82
-81
-85
-81
-83
-87
-85
-83
-86
-84
-84
-84
-83
-82
-82
-81
-78
-76
-73
-65
-64
-60
-57
-53
-48
-51
-50
-52
-56
-56
-58
-68
-70
-78
-79
-81
-86
-84
-87
-93
-94
-96
-94
-98
-105
-103
-104
-104
-101
-104
-100
-99
-101
-98
-98
-96
-96
-103
-106
-111
-116
-124
-128
-132
-133
-134
-136
-143
-152
-178
-194
-198
-194
-172
-137
-99
-59
-24
10
33
36
19
-18
-58
-87
-96
-98
-99
-101
-104
-102
-104
-101
-98
-100
-95
-96
-95
-97
-96
-98
-101
-100
-100
-100
-101
-95
-94
-94
-95
-96
-94
-96
-95
-96
-95
-95
-96
-95
-93
-93
-93
-93
-90
-89
-89
-86
-85
-90
-88
-89
-87
-86
-86
-82
-86
-83
-82
-82
-79
-79
-81
-84
-82
-84
-85
-84
-80
-87
-85
-86
-83
-82
-85
-81
-84
-83
-84
-81
-84
-88
-89
-84
-84
-84
-83
-83
-80
-83
-83
-85
-86
-86
-85
-82
-87
-87
-92
-95
-99
-101
-102
-101
-101
-105
-108
-117
-136
-164
-189
-216
-230
-236
-248
-256
-259
-246
-217
-194
-180
-195
-222
-251
-279
-285
-276
-255
-237
-215
-192
-166
-135
-98
-71
-48
-29
-17
-15
-13
-12
-13
-16
-14
-18
-18
-15
-19
-14
-15
-17
-16
-18
-13
-9
-13
-11
-7
-7
-4
-3
-2
-1
-1
-1
-6
-4
-4
-10
-9
-10
-7
-10
-12
-12
-13
-19
-23
-23
-32
-36
-44
-44
-50
-50
-57
-60
-60
-64
-72
-76
-80
-79
-84
-88
-87
-88
-89
-90
-87
-84
-87
-86
-82
-87
-84
-84
-86
-89
-86
-84
-85
-87
-89
-84
-83
-80
-78
-82
-80
-80
-80
-84
-83
-86
-87
-81
-84
-86
-85
-85
-83
-83
-86
-87
-88
-88
-87
-90
-91
-91
-91
-91
-90
-95
-86
-87
-87
-87
-89
-92
-90
-91
-95
-90
-91
-88
-88
-84
-81
-79
-77
-72
-72
-68
-67
-64
-61
-62
-58
-58
-57
-58
-63
-66
-65
-68
-75
-78
-84
-88
-91
-95
-98
-99
-101
-97
-99
-94
-95
-101
-96
-96
-98
-97
-96
-100
-100
-99
-98
-101
-102
-105
-111
-121
-124
-127
-132
-130
-133
-138
-157
-172
-187
-191
-178
-154
-123
-87
-52
-25
-9
3
-15
-35
-63
-83
-87
-87
-88
-86
-85
-85
-91
-88
-88
-89
-89
-88
-87
-87
-87
-85
-89
-87
-83
-87
-85
-84
-83
-90
-91
-90
-93
-93
-94
-89
-87
-87
-90
-88
-85
-93
-92
-92
-92
-96
-92
-91
-90
-92
-89
-88
-88
-88
-83
-83
-85
-84
-88
-83
-86
-85
-85
-81
-82
-78
-78
-81
-81
-78
-76
-84
-82
-83
-88
-82
-84
-84
-80
-84
-83
-83
-82
-80
-80
-84
-85
-83
-85
-85
-88
-91
-85
-84
-82
-84
-83
-84
-84
-82
-81
-80
-78
-74
-72
-68
-65
-64
-59
-55
-49
-54
-55
-55
-59
-59
-67
-69
-74
-80
-78
-81
-81
-84
-90
-93
-94
-97
-98
-104
-101
-101
-103
-103
-102
-100
-95
-96
-96
-94
-94
-99
-98
-98
-106
-113
-117
-121
-126
-130
-126
-128
-128
-138
-153
-170
-184
-190
-178
-151
-118
-86
-51
-17
6
23
18
-10
-43
-73
-84
-90
-90
-91
-94
-99
-97
-100
-97
-93
-97
-97
-96
-97
-96
-94
-97
-96
-97
-98
-94
-96
-95
-94
-93
-91
-90
-91
-91
-91
-93
-94
-95
-94
-94
-94
-94
-92
-90
-89
-90
-94
-88
-89
-88
-88
-90
-88
-87
-86
-88
-85
-83
-80
-84
-76
-81
-78
-78
-80
-83
-85
-85
-83
-91
-84
-81
-83
-82
-85
-84
-83
-84
-85
-85
-83
-88
-87
-82
-84
-81
-79
-74
-79
-79
-81
-78
-80
-80
-76
-79
-74
-72
-73
-68
-64
-58
-60
-55
-52
-48
-50
-49
-55
-58
-57
-58
-62
-64
-66
-73
-79
-78
-80
-85
-87
-93
-96
-94
-98
-98
-99
-96
-98
-95
-95
-92
-93
-93
-93
-91
-95
-92
-95
-96
-100
-105
-111
-114
-116
-116
-120
-122
-126
-137
-157
-174
-185
-185
-171
-145
-106
-73
-32
-3
19
33
22
-5
-39
-74
-85
-88
-89
-92
-92
-95
-95
-91
-90
-93
-91
-91
-92
-91
-92
-98
-94
-91
-95
-91
-88
-89
-89
-89
-87
-88
-86
-91
-88
-89
-90
-92
-90
-88
-88
-88
-86
-84
-85
-85
-90
-85
-86
-87
-88
-89
-87
-84
-83
-78
-76
-80
-78
-79
-80
-80
-81
-81
-84
-84
-82
-85
-87
-82
-84
-84
-89
-82
-82
-83
-82
-88
-89
-88
-89
-83
-88
-86
-82
-82
-84
-82
-84
-86
-79
-87
-88
-86
-84
-84
-83
-79
-76
-77
-74
-72
-67
-67
-62
-59
-55
-57
-57
-53
-56
-57
-59
-64
-64
-63
-70
-79
-84
-84
-84
-87
-91
-99
-102
-104
-103
-102
-98
-101
-101
-98
-98
-100
-98
-101
-101
-101
-101
-100
-101
-98
-100
-107
-116
-124
-125
-129
-130
-132
-136
-142
-155
-169
-181
-190
-188
-164
-135
-100
-70
-38
-17
-5
-11
-32
-62
-79
-91
-88
-86
-87
-86
-87
-90
-87
-90
-90
-87
-90
-88
-91
-86
-90
-89
-86
-86
-86
-86
-88
-84
-86
-86
-84
-87
-87
-84
-84
-83
-84
-81
-83
-79
-79
-85
-85
-87
-87
-85
-88
-90
-84
-86
-85
-83
-82
-79
-79
-82
-81
-81
-81
-86
-81
-80
-82
-81
-82
-82
-84
-82
-85
-86
-84
-83
-88
-89
-89
-92
-87
-87
-85
-84
-83
-85
-83
-84
-88
-85
-84
-85
-87
-83
-86
-82
-83
-82
-82
-81
-79
-77
-73
-76
-69
-70
-64
-64
-61
-59
-58
-55
-56
-59
-56
-58
-59
-59
-65
-72
-81
-82
-83
-87
-90
-90
-94
-95
-99
-98
-97
-97
-98
-103
-103
-100
-102
-100
-97
-101
-98
-98
-95
-97
-102
-103
-110
-116
-120
-127
-128
-129
-126
-130
-141
-150
-171
-186
-189
-184
-156
-128
-96
-61
-30
-2
14
11
-7
-40
-69
-86
-91
-92
-90
-95
-96
-101
-102
-103
-98
-98
-96
-97
-91
-91
-93
-90
-92
-94
-93
-93
-95
-95
-93
-94
-93
-91
-90
-89
-88
-88
-89
-93
-94
-93
-93
-96
-93
-92
-94
-90
-87
-89
-90
-88
-87
-88
-88
-86
-90
-85
-86
-85
-82
-83
-84
-85
-83
-82
-84
-82
-85
-86
-91
-90
-89
-88
-89
-87
-87
-88
-87
-86
-89
-86
-88
-90
-91
-90
-91
-88
-90
-86
-87
-86
-83
-85
-82
-83
-81
-77
-76
-76
-75
-72
-68
-63
-59
-55
-57
-51
-52
-49
-52
-61
-61
-64
-66
-72
-78
-81
-81
-80
-84
-89
-92
-94
-95
-97
-99
-102
-99
-100
-100
-102
-99
-94
-96
-97
-97
-97
-97
-93
-100
-103
-109
-113
-121
-123
-124
-126
-127
-124
-133
-148
-165
-182
-194
-189
-171
-139
-104
-67
-29
0
23
29
13
-22
-58
-78
-91
-90
-96
-97
-98
-103
-98
-100
-96
-94
-97
-95
-94
-93
-94
-95
-100
-99
-96
-98
-96
-93
-93
-92
-92
-89
-92
-90
-91
-94
-92
-93
-90
-94
-90
-92
-91
-93
-88
-87
-88
-86
-89
-93
-89
-86
-88
-87
-89
-89
-85
-84
-82
-84
-84
-81
-84
-86
-85
-88
-89
-91
-91
-88
-84
-91
-88
-88
-89
-90
-88
-89
-90
-90
-89
-94
-89
-89
-89
-87
-91
-89
-87
-88
-89
-89
-89
-87
-92
-89
-86
-85
-81
-80
-72
-70
-68
-63
-58
-59
-58
-62
-61
-62
-64
-69
-70
-72
-75
-79
-81
-85
-87
-91
-94
-100
-103
-106
-106
-108
-109
-108
-109
-106
-105
-103
-102
-103
-103
-105
-105
-107
-112
-107
-111
-118
-121
-128
-130
-129
-130
-137
-136
-145
-163
-181
-195
-203
-200
-182
-143
-108
-67
-31
2
22
26
5
-30
-66
-89
-102
-103
-103
-106
-105
-108
-108
-109
-105
-107
-106
-106
-104
-108
-107
-107
-108
-107
-106
-103
-101
-101
-99
-101
-97
-98
-92
-97
-96
-101
-99
-101
-99
-98
-95
-92
-96
-93
-94
-93
-91
-95
-94
-95
-98
-92
-93
-93
-92
-88
-86
-82
-86
-87
-88
-85
-86
-86
-87
-90
-90
-85
-88
-85
-90
-87
-86
-87
-88
-90
-93
-93
-90
-94
-91
-92
-93
-92
-91
-90
-86
-82
-89
-87
-88
-89
-92
-90
-87
-89
-87
-84
-82
-80
-76
-70
-67
-65
-59
-58
-55
-59
-60
-59
-60
-61
-64
-65
-68
-72
-77
-79
-85
-91
-90
-98
-105
-105
-104
-105
-104
-109
-108
-111
-102
-106
-110
-104
-103
-107
-106
-106
-106
-105
-106
-107
-110
-117
-122
-133
-136
-131
-135
-142
-155
-168
-183
-192
-199
-192
-169
-135
-104
-71
-40
-9
14
15
-8
-41
-71
-93
-99
-100
-94
-98
-98
-102
-100
-101
-102
-102
-101
-101
-100
-102
-99
-101
-100
-100
-97
-99
-99
-98
-98
-100
-100
-100
-98
-98
-97
-98
-98
-100
-96
-98
-96
-96
-98
-96
-100
-96
-100
-98
-98
-100
-100
-96
-95
-93
-92
-89
-90
-86
-93
-92
-91
-91
-92
-92
-91
-89
-92
-92
-89
-86
-88
-89
-90
-91
-96
-96
-96
-95
-93
-95
-94
-84
-91
-90
-90
-91
-93
-93
-93
-95
-93
-92
-89
-94
-90
-91
-89
-87
-82
-84
-75
-77
-77
-73
-65
-65
-62
-57
-59
-59
-57
-63
-68
-66
-70
-78
-85
-88
-91
-90
-93
-96
-98
-102
-99
-102
-105
-105
-103
-103
-102
-107
-104
-104
-102
-103
-101
-98
-100
-100
-100
-105
-109
-118
-127
-131
-131
-130
-132
-139
-143
-157
-176
-185
-193
-185
-158
-123
-92
-55
-17
8
29
31
6
-32
-64
-83
-90
-88
-89
-96
-98
-99
-101
-100
-100
-99
-98
-98
-95
-93
-94
-91
-93
-94
-93
-95
-96
-98
-95
-91
-92
-95
-94
-94
-90
-85
-90
-89
-91
-93
-95
-95
-97
-95
-96
-93
-94
-88
-88
-87
-88
-90
-86
-84
-84
-89
-93
-87
-85
-87
-84
-81
-80
-82
-80
-82
-85
-82
-84
-90
-88
-89
-88
-89
-86
-91
-88
-86
-90
-88
-86
-87
-88
-89
-89
-87
-88
-91
-91
-95
-90
-90
-89
-89
-84
-83
-86
-77
-78
-75
-74
-70
-67
-61
-58
-54
-55
-53
-58
-58
-63
-64
-68
-69
-75
-86
-85
-88
-87
-91
-92
-93
-103
-97
-100
-103
-106
-107
-104
-107
-103
-102
-103
-101
-99
-101
-99
-100
-101
-109
-110
-119
-125
-129
-135
-137
-137
-136
-141
-155
-167
-183
-196
-194
-180
-155
-116
-76
-39
-4
23
39
27
0
-41
-75
-91
-95
-96
-98
-102
-103
-105
-100
-99
-98
-100
-96
-96
-96
-95
-100
-98
-100
-101
-98
-99
-98
-98
-94
-97
-98
-96
-95
-93
-93
-94
-98
-97
-100
-97
-97
-96
-98
-96
-94
-92
-90
-91
-91
-89
-92
-92
-89
-92
-94
-90
-90
-86
-83
-81
-85
-83
-81
-84
-83
-83
-87
-86
-87
-88
-89
-83
-83
-87
-85
-81
-83
-87
-79
-87
-87
-85
-84
-86
-83
-89
-84
-88
-87
-80
-85
-85
-83
-84
-86
-82
-83
-80
-78
-76
-70
-66
-61
-59
-52
-52
-53
-51
-52
-55
-58
-60
-62
-67
-68
-73
-78
-78
-82
-85
-92
-90
-94
-102
-104
-104
-106
-106
-106
-110
-105
-104
-103
-107
-101
-100
-102
-100
-100
-101
-106
-106
-116
-125
-127
-130
-132
-130
-133
-137
-148
-165
-186
-195
-198
-189
-159
-122
-84
-49
-10
21
38
39
12
-30
-66
-88
-95
-98
-98
-100
-101
-103
-103
-98
-95
-96
-97
-98
-99
-95
-94
-98
-95
-100
-96
-99
-98
-98
-95
-93
-91
-90
-92
-89
-93
-93
-91
-92
-93
-98
-99
-95
-92
-92
-92
-89
-90
-91
-88
-91
-91
-89
-93
-92
-91
-88
-84
-84
-85
-83
-83
-84
-80
-86
-86
-86
-84
-82
-84
-89
-90
-85
-87
-88
-89
-85
-91
-90
-89
-87
-88
-88
-90
-88
-88
-86
-89
-86
-85
-82
-84
-88
-85
-87
-91
-86
-87
-86
-81
-81
-79
-74
-72
-65
-64
-59
-55
-54
-53
-57
-60
-63
-63
-64
-68
-70
-75
-77
-76
-84
-88
-88
-98
-100
-105
-103
-106
-106
-106
-104
-103
-101
-99
-101
-99
-100
-100
-100
-103
-101
-105
-105
-108
-116
-118
-126
-129
-125
-127
-134
-145
-162
-179
-191
-193
-182
-160
-125
-82
-48
-10
15
30
33
12
-28
-63
-82
-85
-87
-86
-88
-86
-90
-87
-86
-83
-84
-88
-86
-87
-90
-90
-90
-91
-84
-84
-85
-86
-86
-83
-80
-84
-83
-84
-84
-85
-83
-84
-82
-87
-84
-85
-81
-80
-84
-79
-81
-85
-82
-78
-82
-82
-81
-79
-80
-80
-76
-75
-71
-71
-74
-78
-76
-77
-76
-75
-74
-73
-78
-71
-75
-77
-79
-77
-77
-82
-81
-78
-82
-83
-81
-84
-78
-77
-78
-78
-75
-81
-78
-78
-78
-81
-82
-77
-79
-76
-77
-76
-69
-66
-62
-62
-57
-54
-53
-49
-48
-43
-49
-46
-49
-51
-52
-52
-61
-63
-68
-76
-80
-85
-87
-92
-94
-93
-95
-94
-95
-97
-96
-97
-96
-101
-98
-97
-96
-94
-93
-91
-92
-93
-95
-99
-107
-110
-121
-121
-127
-128
-132
-135
-152
-169
-184
-189
-187
-168
-137
-99
-58
-20
9
35
45
26
-4
-44
-73
-89
-86
-88
-89
-89
-96
-95
-95
-95
-92
-93
-94
-92
-87
-88
-89
-91
-88
-88
-90
-92
-87
-90
-90
-93
-90
-92
-87
-84
-88
-85
-86
-86
-86
-87
-88
-89
-89
-84
-88
-90
-86
-84
-84
-82
-80
-80
-84
-80
-79
-81
-80
-78
-79
-75
-79
-75
-74
-74
-78
-75
-77
-76
-79
-80
-77
-81
-76
-80
-80
-79
-78
-75
-74
-79
-80
-74
-74
-78
-82
-79
-78
-75
-78
-74
-77
-74
-70
-74
-72
-69
-64
-68
-63
-63
-57
-56
-56
-50
-48
-42
-39
-43
-42
-48
-49
-55
-56
-62
-69
-74
-76
-82
-79
-82
-86
-90
-88
-91
-95
-92
-95
-96
-92
-95
-96
-91
-89
-87
-87
-86
-88
-86
-88
-91
-98
-111
-113
-116
-119
-122
-125
-126
-136
-152
-168
-179
-183
-171
-145
-111
-73
-35
0
28
45
41
13
-24
-61
-81
-86
-84
-86
-86
-87
-90
-91
-89
-89
-85
-87
-86
-83
-83
-87
-84
-89
-89
-88
-88
-90
-86
-88
-89
-85
-86
-80
-87
-83
-82
-83
-84
-85
-86
-86
-89
-90
-86
-84
-87
-85
-87
-83
-81
-81
-79
-84
-83
-82
-81
-80
-78
-79
-75
-78
-73
-74
-76
-75
-77
-79
-78
-81
-84
-84
-89
-80
-81
-79
-83
-85
-80
-79
-79
-76
-78
-79
-81
-85
-82
-79
-81
-79
-80
-80
-80
-80
-77
-78
-77
-79
-75
-75
-73
-70
-64
-59
-59
-54
-52
-52
-48
-53
-52
-53
-53
-55
-59
-67
-66
-73
-73
-76
-77
-87
-87
-92
-92
-94
-100
-96
-98
-98
-98
-96
-92
-93
-90
-89
-87
-87
-89
-89
-93
-96
-103
-112
-114
-120
-122
-121
-124
-122
-128
-140
-162
-179
-190
-189
-169
-141
-90
-57
-26
-2
9
1
-26
-50
-74
-85
-89
-87
-90
-88
-84
-85
-87
-83
-83
-85
-82
-79
-79
-80
-81
-83
-85
-86
-82
-84
-85
-81
-80
-80
-76
-79
-80
-80
-76
-79
-78
-78
-83
-80
-79
-77
-82
-76
-78
-78
-80
-77
-79
-79
-82
-80
-84
-77
-77
-76
-72
-73
-71
-73
-69
-75
-75
-76
-77
-75
-78
-76
-76
-79
-80
-78
-75
-72
-72
-72
-74
-77
-79
-76
-79
-82
-80
-76
-78
-80
-75
-78
-76
-79
-76
-81
-80
-77
-84
-80
-75
-73
-68
-69
-63
-60
-54
-58
-52
-48
-48
-47
-51
-51
-54
-55
-55
-60
-64
-70
-74
-75
-80
-79
-81
-89
-94
-93
-94
-98
-98
-96
-94
-93
-95
-92
-88
-88
-91
-94
-92
-90
-91
-89
-98
-100
-106
-110
-117
-118
-117
-122
-124
-129
-144
-164
-175
-187
-186
-162
-131
-96
-64
-28
0
23
33
19
-11
-49
-72
-90
-88
-90
-87
-90
-89
-89
-91
-91
-90
-94
-92
-98
-93
-92
-91
-92
-91
-88
-89
-87
-90
-85
-89
-90
-88
-90
-91
-89
-87
-90
-86
-84
-87
-89
-87
-89
-85
-87
-85
-88
-88
-84
-83
-85
-82
-81
-80
-77
-77
-79
-77
-73
-75
-74
-77
-80
-78
-77
-78
-78
-83
-78
-78
-81
-73
-78
-78
-79
-80
-81
-81
-85
-83
-79
-78
-77
-78
-75
-77
-77
-77
-76
-79
-79
-78
-77
-74
-75
-70
-67
-63
-61
-58
-54
-53
-50
-48
-44
-41
-43
-44
-47
-50
-46
-46
-50
-54
-63
-70
-73
-72
-77
-83
-84
-84
-84
-88
-88
-86
-86
-89
-85
-88
-88
-88
-88
-86
-87
-88
-88
-85
-88
-92
-97
-104
-109
-113
-114
-120
-120
-124
-131
-147
-163
-176
-181
-169
-149
-116
-78
-40
-7
19
36
35
11
-24
-52
-79
-84
-84
-83
-88
-84
-89
-94
-89
-90
-95
-94
-91
-93
-91
-89
-88
-86
-86
-87
-90
-88
-88
-89
-88
-88
-87
-90
-87
-83
-80
-83
-83
-83
-86
-85
-86
-90
-88
-85
-87
-85
-84
-85
-80
-82
-82
-78
-77
-79
-82
-77
-82
-80
-78
-81
-79
-80
-77
-76
-77
-78
-81
-82
-87
-84
-85
-85
-87
-85
-87
-83
-83
-87
-82
-83
-84
-85
-82
-83
-84
-85
-82
-86
-86
-87
-82
-80
-79
-78
-75
-77
-73
-70
-67
-68
-64
-58
-56
-54
-52
-49
-51
-52
-52
-52
-58
-58
-67
-71
-77
-82
-83
-87
-91
-90
-92
-94
-95
-93
-98
-101
-99
-101
-100
-100
-99
-100
-94
-93
-95
-94
-93
-96
-99
-101
-113
-117
-122
-131
-130
-132
-135
-136
-148
-170
-185
-186
-184
-165
-128
-89
-57
-19
12
33
41
28
-9
-48
-71
-82
-87
-87
-87
-89
-94
-93
-96
-94
-93
-91
-91
-90
-90
-91
-93
-89
-88
-87
-90
-90
-90
-95
-92
-86
-89
-89
-87
-88
-85
-84
-83
-87
-82
-89
-84
-85
-88
-87
-83
-83
-81
-81
-83
-82
-82
-82
-80
-84
-81
-82
-80
-77
-77
-76
-76
-74
-77
-76
-72
-73
-77
-77
-80
-80
-81
-77
-81
-80
-81
-78
-79
-80
-80
-79
-80
-78
-81
-80
-84
-84
-81
-83
-82
-82
-80
-82
-84
-82
-79
-79
-79
-79
-72
-72
-70
-60
-58
-57
-51
-47
-48
-45
-49
-50
-53
-55
-61
-63
-67
-76
-79
-82
-83
-86
-88
-91
-94
-99
-99
-99
-102
-100
-99
-98
-96
-98
-96
-96
-94
-93
-93
-90
-97
-99
-104
-106
-115
-122
-128
-127
-128
-126
-132
-141
-156
-177
-190
-191
-183
-158
-123
-85
-43
-10
19
40
39
15
-29
-63
-80
-91
-92
-93
-94
-98
-99
-100
-97
-94
-92
-93
-91
-92
-95
-96
-98
-96
-99
-96
-97
-97
-95
-93
-93
-92
-87
-87
-89
-89
-90
-91
-92
-95
-95
-95
-93
-93
-93
-89
-89
-89
-90
-89
-89
-91
-91
-94
-95
-90
-88
-87
-83
-84
-81
-80
-79
-84
-85
-84
-84
-87
-87
-88
-88
-92
-86
-86
-88
-87
-85
-87
-85
-84
-86
-89
-87
-86
-90
-89
-84
-87
-88
-84
-87
-84
-87
-87
-90
-90
-82
-86
-77
-75
-73
-70
-62
-61
-59
-53
-52
-52
-51
-55
-61
-65
-62
-64
-71
-70
-73
-80
-82
-84
-94
-96
-99
-103
-99
-99
-103
-104
-103
-99
-100
-95
-100
-96
-98
-97
-100
-102
-101
-98
-104
-108
-111
-119
-124
-126
-126
-130
-133
-144
-158
-177
-191
-198
-194
-173
-139
-99
-57
-21
5
28
41
25
-8
-52
-83
-98
-96
-92
-97
-96
-94
-101
-96
-92
-95
-93
-94
-91
-93
-94
-92
-96
-96
-90
-92
-88
-91
-91
-89
-86
-87
-94
-96
-96
-92
-93
-92
-93
-94
-88
-89
-89
-86
-86
-91
-89
-90
-90
-90
-90
-86
-89
-86
-85
-82
-82
-79
-84
-84
-82
-86
-85
-85
-85
-87
-89
-87
-81
-87
-86
-81
-89
-90
-86
-88
-92
-91
-90
-88
-88
-90
-89
-88
-87
-90
-90
-90
-93
-93
-92
-92
-94
-91
-90
-89
-86
-79
-79
-71
-71
-69
-69
-64
-62
-64
-60
-61
-62
-66
-60
-62
-64
-67
-71
-77
-82
-85
-93
-94
-100
-101
-108
-103
-104
-103
-107
-104
-104
-104
-104
-109
-106
-104
-109
-103
-104
-105
-108
-103
-105
-114
-122
-127
-132
-135
-141
-142
-151
-160
-180
-194
-203
-203
-184
-155
-119
-82
-38
-9
19
29
18
-8
-51
-84
-94
-100
-99
-96
-101
-104
-103
-102
-100
-102
-98
-102
-101
-97
-100
-99
-99
-98
-97
-97
-99
-102
-100
-102
-103
-99
-98
-99
-100
-97
-98
-98
-96
-93
-93
-95
-92
-91
-95
-94
-94
-95
-93
-88
-87
-86
-86
-86
-86
-85
-83
-83
-85
-85
-86
-89
-88
-86
-82
-83
-81
-83
-82
-84
-84
-84
-86
-92
-85
-83
-86
-86
-84
-84
-83
-80
-81
-82
-82
-86
-85
-84
-86
-83
-87
-84
-80
-81
-75
-81
-73
-76
-74
-69
-70
-69
-64
-62
-59
-54
-52
-51
-48
-52
-52
-56
-54
-59
-64
-70
-75
-79
-82
-79
-89
-88
-92
-98
-95
-96
-99
-99
-95
-100
-101
-101
-103
-100
-98
-97
-96
-97
-98
-94
-94
-101
-104
-116
-122
-126
-132
-131
-130
-138
-142
-154
-174
-186
-190
-181
-154
-120
-84
-48
-18
9
23
14
-9
-46
-75
-90
-92
-90
-94
-96
-100
-98
-99
-96
-96
-97
-95
-94
-94
-97
-95
-93
-89
-86
-90
-91
-94
-94
-96
-92
-89
-92
-90
-86
-89
-90
-87
-86
-86
-92
-93
-91
-90
-92
-93
-94
-90
-87
-89
-86
-85
-91
-87
-87
-90
-89
-86
-92
-89
-82
-83
-84
-82
-83
-84
-83
-82
-88
-86
-92
-95
-93
-94
-93
-91
-92
-87
-87
-85
-88
-84
-85
-83
-85
-89
-92
-90
-90
-89
-87
-82
-80
-83
-81
-85
-82
-82
-81
-79
-76
-74
-69
-64
-67
-57
-59
-53
-57
-54
-56
-60
-63
-62
-66
-68
-71
-76
-84
-83
-83
-87
-89
-93
-96
-99
-96
-102
-99
-100
-103
-96
-96
-89
-95
-95
-95
-90
-89
-90
-92
-95
-99
-103
-110
-117
-119
-122
-124
-121
-120
-126
-140
-157
-176
-188
-184
-166
-137
-104
-74
-51
-26
-10
-11
-30
-54
-73
-82
-87
-86
-84
-81
-83
-86
-85
-85
-85
-78
-80
-83
-78
-76
-82
-85
-84
-88
-91
-87
-85
-87
-85
-82
-83
-85
-79
-78
-81
-84
-83
-84
-87
-86
-85
-83
-83
-83
-84
-86
-82
-82
-81
-82
-82
-83
-82
-84
-78
-82
-79
-76
-72
-71
-73
-74
-76
-77
-78
-80
-82
-85
-84
-83
-84
-84
-81
-82
-86
-78
-83
-81
-81
-80
-83
-81
-80
-80
-82
-77
-82
-82
-79
-76
-78
-79
-80
-81
-81
-75
-75
-69
-67
-65
-65
-56
-54
-52
-50
-48
-47
-50
-54
-58
-59
-58
-58
-63
-67
-71
-74
-77
-81
-81
-88
-92
-96
-102
-99
-98
-99
-100
-97
-94
-96
-96
-94
-96
-98
-94
-97
-98
-100
-98
-99
-108
-111
-115
-117
-124
-123
-121
-126
-132
-151
-170
-184
-193
-184
-162
-131
-93
-57
-24
0
18
17
-7
-38
-72
-85
-91
-89
-91
-92
-95
-96
-97
-95
-96
-91
-97
-96
-93
-95
-93
-96
-96
-95
-92
-92
-91
-92
-92
-91
-91
-92
-92
-91
-92
-92
-93
-88
-89
-92
-89
-91
-88
-89
-92
-92
-90
-89
-91
-90
-90
-88
-88
-83
-82
-82
-77
-78
-80
-81
-81
-80
-82
-80
-83
-80
-79
-82
-83
-84
-79
-78
-83
-85
-81
-86
-87
-82
-84
-85
-82
-83
-79
-79
-75
-77
-79
-82
-83
-84
-83
-82
-81
-84
-81
-76
-74
-70
-71
-67
-61
-59
-59
-56
-56
-52
-52
-48
-54
-53
-54
-58
-57
-61
-68
-73
-72
-73
-79
-84
-87
-92
-96
-95
-96
-99
-94
-95
-95
-97
-99
-97
-95
-94
-93
-96
-95
-97
-97
-95
-100
-103
-108
-114
-120
-123
-124
-126
-128
-138
-153
-173
-190
-190
-177
-148
-117
-82
-46
-12
13
27
24
-2
-40
-66
-81
-90
-83
-88
-91
-92
-95
-91
-96
-96
-95
-94
-93
-89
-90
-94
-92
-89
-89
-92
-91
-91
-89
-91
-94
-95
-91
-95
-91
-94
-93
-92
-92
-90
-88
-92
-93
-90
-92
-93
-88
-92
-91
-91
-85
-88
-86
-86
-87
-82
-86
-87
-84
-85
-86
-83
-84
-84
-90
-84
-83
-82
-84
-86
-88
-88
-92
-89
-92
-93
-93
-91
-94
-92
-90
-88
-86
-86
-87
-89
-91
-93
-92
-96
-97
-93
-95
-95
-94
-89
-89
-84
-83
-82
-78
-78
-73
-74
-69
-64
-65
-62
-55
-54
-58
-61
-60
-60
-64
-68
-78
-84
-86
-88
-92
-91
-97
-102
-99
-99
-101
-102
-101
-102
-103
-100
-102
-104
-102
-100
-102
-96
-96
-96
-96
-99
-103
-111
-116
-123
-127
-132
-130
-135
-137
-145
-162
-178
-189
-190
-178
-152
-117
-79
-47
-14
11
29
29
0
-37
-68
-86
-90
-87
-90
-91
-94
-98
-96
-95
-98
-96
-99
-99
-95
-92
-88
-92
-90
-93
-92
-90
-95
-97
-93
-96
-92
-92
-92
-88
-90
-88
-84
-88
-90
-88
-92
-94
-92
-89
-91
-92
-90
-89
-88
-88
-88
-87
-86
-89
-88
-89
-89
-86
-88
-84
-82
-84
-82
-82
-81
-83
-83
-82
-85
-90
-89
-93
-88
-89
-89
-87
-88
-86
-84
-86
-87
-85
-86
-88
-88
-90
-91
-90
-90
-93
-86
-84
-85
-86
-84
-84
-84
-79
-77
-77
-76
-71
-68
-65
-64
-60
-58
-58
-54
-59
-60
-64
-68
-71
-76
-81
-88
-86
-92
-94
-94
-94
-102
-102
-103
-107
-111
-108
-108
-111
-110
-106
-105
-103
-100
-96
-101
-101
-100
-100
-100
-109
-118
-126
-131
-134
-136
-133
-137
-146
-161
-179
-194
-200
-190
-168
-132
-96
-58
-22
7
28
23
2
-36
-73
-92
-96
-99
-102
-99
-103
-103
-103
-103
-106
-96
-101
-101
-96
-101
-100
-106
-106
-104
-105
-101
-102
-101
-103
-100
-102
-97
-100
-99
-97
-97
-100
-102
-100
-102
-102
-101
-99
-98
-93
-95
-92
-95
-94
-95
-99
-94
-92
-93
-100
-96
-93
-92
-89
-89
-89
-90
-91
-93
-94
-90
-94
-97
-96
-95
-95
-93
-92
-85
-89
-91
-88
-89
-91
-92
-95
-94
-93
-94
-91
-90
-89
-91
-86
-85
-88
-90
-89
-89
-88
-84
-84
-82
-74
-71
-70
-63
-62
-61
-58
-57
-54
-58
-62
-63
-65
-66
-67
-68
-74
-79
-82
-85
-83
-87
-91
-100
-101
-106
-106
-107
-106
-104
-106
-106
-100
-101
-103
-100
-101
-98
-100
-104
-103
-106
-109
-116
-122
-128
-132
-131
-132
-133
-143
-158
-177
-193
-203
-203
-178
-146
-109
-68
-28
2
25
38
19
-15
-57
-88
