-58
-58
-57
-49
-46
-44
-43
-45
-45
-46
-40
-44
-49
-53
-62
-65
-71
-76
-78
-83
-85
-87
-86
-86
-86
-89
-91
-90
-94
-94
-90
-88
-88
-84
-87
-84
-83
-85
-85
-90
-99
-106
-114
-117
-120
-121
-119
-122
-131
-140
-160
-177
-183
-179
-156
-123
-84
-49
-26
-11
-7
-26
-51
-71
-82
-84
-79
-76
-79
-77
-79
-76
-76
-75
-75
-78
-72
-78
-75
-77
-75
-76
-76
-75
-71
-72
-74
-73
-71
-72
-68
-71
-67
-68
-69
-68
-65
-65
-69
-64
-70
-68
-68
-69
-67
-65
-61
-67
-67
-63
-64
-66
-64
-66
-67
-67
-64
-63
-62
-63
-68
-66
-64
-66
-69
-69
-66
-66
-71
-71
-65
-66
-62
-64
-67
-62
-66
-66
-66
-67
-64
-60
-61
-64
-64
-64
-59
-66
-64
-66
-66
-65
-62
-58
-58
-53
-54
-48
-47
-43
-41
-42
-36
-35
-35
-33
-35
-40
-39
-44
-45
-50
-57
-61
-69
-66
-71
-76
-78
-76
-78
-80
-81
-81
-84
-81
-82
-80
-80
-78
-78
-77
-76
-77
-79
-81
-84
-92
-93
-105
-108
-109
-109
-112
-113
-116
-127
-147
-165
-174
-181
-170
-139
-104
-71
-42
-18
0
0
-16
-43
-68
-76
-78
-76
-76
-76
-76
-77
-76
-77
-77
-81
-80
-81
-79
-77
-77
-78
-77
-78
-76
-75
-80
-81
-78
-81
-79
-77
-80
-77
-80
-75
-79
-80
-80
-82
-79
-79
-79
-79
-76
-75
-75
-77
-76
-79
-79
-80
-77
-77
-75
-78
-75
-73
-73
-70
-72
-73
-75
-75
-76
-78
-78
-74
-78
-79
-80
-75
-74
-79
-76
-80
-77
-75
-79
-78
-76
-71
-75
-74
-76
-76
-79
-78
-76
-76
-76
-71
-72
-69
-64
-68
-61
-64
-57
-59
-55
-51
-51
-44
-39
-41
-42
-37
-44
-50
-50
-59
-64
-69
-69
-73
-76
-74
-77
-85
-87
-89
-93
-95
-92
-94
-91
-89
-86
-87
-88
-86
-84
-89
-90
-91
-92
-92
-96
-99
-105
-108
-113
-114
-119
-120
-129
-133
-152
-167
-173
-178
-161
-132
-99
-64
-34
-7
12
15
0
-32
-64
-75
-79
-77
-80
-79
-84
-85
-84
-82
-86
-84
-82
-80
-80
-77
-82
-81
-77
-82
-80
-85
-82
-81
-81
-76
-77
-74
-75
-73
-77
-76
-76
-77
-75
-75
-76
-76
-79
-75
-75
-79
-72
-76
-77
-79
-78
-77
-72
-77
-75
-73
-74
-73
-71
-69
-73
-74
-74
-76
-79
-75
-76
-74
-73
-76
-76
-75
-75
-78
-77
-80
-75
-76
-76
-73
-74
-76
-80
-78
-78
-76
-81
-79
-76
-77
-76
-72
-73
-74
-74
-74
-75
-70
-68
-61
-64
-58
-55
-50
-46
-45
-41
-43
-48
-49
-51
-52
-58
-59
-64
-71
-72
-78
-79
-84
-88
-94
-94
-94
-96
-96
-98
-96
-94
-95
-91
-91
-94
-95
-95
-94
-94
-91
-91
-97
-98
-107
-115
-121
-124
-128
-131
-126
-136
-150
-166
-176
-183
-173
-152
-117
-86
-58
-28
-4
7
3
-25
-58
-75
-83
-84
-84
-88
-91
-95
-90
-91
-87
-85
-82
-87
-86
-81
-86
-87
-87
-91
-87
-83
-82
-83
-85
-81
-84
-80
-81
-82
-84
-83
-83
-82
-81
-77
-78
-77
-79
-81
-81
-78
-82
-81
-83
-78
-79
-78
-78
-80
-79
-80
-78
-77
-80
-78
-78
-75
-78
-76
-74
-79
-79
-80
-79
-83
-78
-83
-84
-78
-81
-78
-75
-75
-75
-76
-79
-78
-79
-78
-76
-76
-75
-69
-71
-74
-75
-72
-76
-78
-75
-73
-75
-70
-65
-60
-57
-54
-49
-50
-46
-43
-43
-43
-42
-47
-45
-45
-47
-52
-55
-64
-69
-72
-79
-79
-87
-86
-86
-87
-84
-84
-88
-87
-90
-89
-89
-91
-93
-88
-88
-87
-87
-85
-87
-89
-99
-102
-113
-114
-121
-123
-124
-122
-129
-144
-159
-176
-181
-179
-157
-128
-95
-66
-42
-19
-12
-22
-43
-67
-77
-83
-85
-80
-78
-80
-79
-80
-75
-74
-71
-75
-75
-76
-75
-76
-80
-77
-75
-75
-74
-70
-72
-71
-74
-77
-76
-73
-76
-74
-70
-73
-64
-69
-68
-68
-69
-70
-73
-72
-74
-76
-72
-71
-72
-72
-72
-75
-73
-74
-74
-78
-77
-74
-76
-69
-71
-71
-73
-75
-78
-77
-78
-80
-81
-84
-74
-77
-77
-73
-73
-76
-74
-77
-82
-81
-77
-78
-79
-77
-73
-76
-72
-71
-77
-74
-76
-77
-78
-70
-70
-69
-64
-63
-62
-58
-56
-52
-53
-51
-51
-49
-48
-46
-49
-48
-49
-56
-60
-67
-74
-75
-79
-79
-88
-91
-88
-89
-89
-94
-93
-96
-94
-95
-91
-93
-92
-88
-90
-87
-88
-92
-87
-94
-96
-100
-111
-117
-119
-121
-123
-125
-127
-138
-153
-172
-183
-185
-171
-139
-109
-73
-43
-17
1
4
-12
-41
-69
-85
-91
-91
-84
-85
-87
-90
-88
-85
-87
-86
-90
-88
-85
-90
-89
-85
-83
-89
-86
-84
-85
-85
-87
-83
-85
-81
-81
-82
-77
-77
-77
-79
-75
-78
-81
-80
-81
-80
-78
-78
-77
-77
-76
-74
-76
-77
-78
-81
-78
-75
-77
-69
-73
-71
-74
-74
-77
-77
-78
-77
-77
-80
-79
-85
-79
-79
-82
-82
-79
-84
-81
-84
-83
-82
-80
-80
-78
-77
-76
-80
-83
-80
-80
-80
-81
-77
-78
-76
-75
-72
-69
-64
-64
-63
-62
-57
-54
-50
-45
-44
-46
-45
-49
-50
-51
-56
-58
-63
-67
-69
-72
-74
-79
-82
-85
-87
-90
-90
-92
-92
-92
-94
-92
-92
-89
-89
-88
-87
-85
-88
-92
-89
-90
-93
-99
-107
-111
-112
-119
-117
-121
-128
-133
-149
-164
-182
-182
-167
-137
-97
-68
-38
-12
9
18
1
-30
-55
-84
-89
-88
-82
-88
-88
-90
-88
-90
-91
-88
-90
-89
-86
-86
-86
-87
-87
-85
-92
-87
-91
-88
-88
-84
-83
-82
-81
-79
-79
-76
-79
-80
-83
-85
-85
-83
-83
-78
-78
-79
-78
-78
-82
-79
-83
-86
-84
-84
-82
-83
-78
-79
-78
-76
-79
-79
-80
-83
-79
-82
-83
-80
-81
-82
-77
-77
-80
-83
-81
-85
-83
-83
-80
-80
-81
-82
-80
-80
-82
-80
-82
-82
-84
-83
-80
-78
-81
-78
-78
-77
-75
-75
-75
-69
-66
-64
-59
-59
-50
-49
-47
-45
-45
-50
-49
-53
-59
-58
-60
-66
-69
-72
-77
-80
-87
-87
-93
-93
-93
-93
-92
-93
-93
-88
-87
-86
-85
-84
-88
-89
-92
-92
-88
-89
-91
-100
-102
-110
-112
-119
-121
-123
-128
-143
-156
-169
-178
-169
-148
-116
-84
-54
-28
-5
5
-6
-32
-58
-75
-79
-75
-76
-80
-77
-81
-81
-85
-81
-74
-78
-76
-72
-72
-76
-75
-78
-78
-74
-77
-80
-76
-76
-74
-70
-70
-70
-68
-71
-70
-69
-70
-72
-67
-64
-62
-66
-69
-67
-69
-71
-72
-72
-71
-69
-70
-70
-64
-67
-71
-63
-63
-65
-66
-65
-71
-68
-68
-65
-66
-64
-68
-67
-68
-72
-71
-70
-72
-70
-68
-68
-65
-66
-66
-62
-63
-62
-66
-65
-62
-67
-67
-66
-62
-61
-60
-60
-62
-59
-60
-59
-61
-55
-53
-46
-47
-41
-38
-40
-37
-39
-36
-42
-41
-43
-44
-44
-49
-55
-57
-64
-69
-69
-73
-78
-83
-83
-81
-81
-81
-80
-84
-83
-80
-82
-84
-81
-81
-78
-81
-80
-77
-80
-84
-92
-101
-106
-109
-115
-112
-110
-116
-126
-144
-160
-181
-179
-165
-138
-109
-77
-53
-32
-22
-25
-44
-58
-63
-72
-70
-73
-71
-73
-70
-69
-65
-62
-60
-63
-64
-64
-65
-63
-65
-65
-68
-67
-66
-64
-64
-63
-60
-61
-63
-63
-64
-66
-60
-61
-61
-60
-60
-63
-62
-60
-63
-66
-63
-61
-68
-64
-63
-60
-58
-59
-61
-63
-59
-59
-64
-60
-63
-60
-60
-59
-60
-59
-56
-60
-63
-59
-67
-69
-68
-63
-67
-68
-64
-63
-64
-63
-62
-67
-66
-63
-67
-62
-62
-61
-61
-57
-60
-62
-64
-63
-63
-61
-60
-59
-58
-52
-50
-45
-40
-40
-42
-37
-35
-33
-34
-36
-37
-33
-37
-38
-40
-51
-54
-59
-63
-68
-70
-75
-76
-78
-76
-78
-82
-76
-80
-80
-81
-80
-80
-81
-79
-77
-76
-74
-76
-77
-82
-91
-100
-103
-112
-112
-116
-114
-113
-120
-133
-152
-169
-176
-167
-144
-113
-81
-47
-17
4
16
4
-25
-54
-70
-83
-79
-78
-79
-77
-81
-80
-76
-79
-76
-75
-79
-79
-83
-81
-77
-80
-79
-76
-76
-73
-74
-78
-79
-78
-78
-76
-75
-75
-74
-75
-74
-72
-73
-75
-76
-78
-74
-76
-72
-74
-75
-72
-75
-73
-73
-74
-73
-73
-73
-71
-73
-72
-69
-68
-66
-67
-68
-67
-72
-75
-73
-75
-74
-75
-75
-70
-70
-72
-72
-75
-73
-78
-74
-77
-75
-75
-76
-74
-70
-71
-71
-73
-69
-73
-70
-71
-74
-71
-67
-66
-58
-58
-55
-49
-51
-46
-42
-40
-43
-39
-40
-40
-39
-39
-41
-43
-50
-52
-59
-66
-70
-70
-76
-80
-81
-80
-86
-87
-84
-87
-88
-86
-88
-88
-87
-86
-85
-86
-80
-78
-81
-81
-87
-91
-94
-97
-106
-110
-112
-114
-114
-112
-120
-132
-155
-166
-177
-166
-143
-108
-72
-41
-10
13
25
12
-16
-47
-70
-77
-80
-76
-78
-77
-78
-82
-76
-79
-79
-80
-77
-81
-80
-78
-78
-76
-79
-77
-76
-76
-77
-76
-74
-73
-72
-73
-74
-70
-68
-69
-67
-70
-71
-68
-71
-75
-74
-73
-73
-71
-71
-66
-65
-70
-71
-73
-74
-70
-72
-70
-70
-67
-65
-64
-64
-66
-66
-72
-69
-71
-68
-68
-72
-69
-69
-69
-69
-66
-70
-71
-72
-69
-73
-70
-70
-71
-69
-68
-67
-69
-68
-72
-70
-72
-72
-72
-71
-69
-67
-64
-63
-61
-61
-59
-55
-53
-47
-46
-44
-41
-35
-37
-37
-40
-45
-45
-49
-54
-60
-67
-64
-70
-73
-74
-78
-80
-81
-82
-84
-88
-85
-86
-83
-87
-83
-78
-83
-78
-81
-82
-85
-83
-87
-88
-97
-102
-107
-112
-109
-110
-115
-116
-128
-140
-159
-171
-179
-168
-140
-105
-72
-38
-15
1
0
-18
-43
-62
-76
-78
-73
-72
-72
-71
-73
-70
-69
-70
-70
-72
-70
-70
-70
-68
-71
-70
-68
-71
-66
-71
-67
-67
-68
-71
-68
-67
-65
-68
-63
-63
-65
-65
-59
-62
-64
-62
-62
-63
-62
-62
-64
-63
-61
-62
-67
-66
-63
-62
-57
-58
-60
-59
-62
-62
-61
-67
-68
-68
-65
-64
-66
-66
-63
-67
-73
-65
-64
-68
-70
-69
-65
-68
-57
-62
-64
-60
-60
-59
-59
-61
-63
-62
-61
-60
-61
-55
-56
-53
-52
-48
-50
-50
-48
-47
-44
-42
-33
-29
-28
-26
-27
-32
-31
-35
-39
-42
-46
-49
-49
-55
-56
-59
-64
-70
-71
-78
-76
-79
-75
-74
-76
-74
-74
-73
-69
-69
-72
-73
-68
-71
-70
-66
-72
-79
-85
-93
-100
-101
-105
-104
-100
-111
-126
-144
-162
-170
-170
-151
-113
-85
-62
-35
-21
-18
-23
-39
-52
-60
-60
-56
-53
-56
-59
-60
-63
-59
-60
-60
-57
-56
-52
-55
-55
-57
-59
-57
-59
-58
-57
-56
-57
-51
-52
-48
-51
-53
-57
-51
-52
-55
-58
-55
-54
-53
-50
-51
-54
-55
-53
-56
-56
-56
-54
-56
-57
-55
-55
-51
-49
-53
-59
-60
-58
-61
-59
-61
-63
-62
-57
-61
-62
-59
-64
-63
-67
-63
-62
-64
-66
-64
-64
-62
-60
-61
-62
-64
-61
-62
-63
-62
-62
-59
-57
-56
-54
-54
-56
-57
-52
-53
-51
-51
-43
-37
-32
-31
-33
-29
-27
-35
-35
-33
-41
-40
-45
-50
-53
-56
-58
-63
-64
-72
-76
-78
-76
-78
-75
-74
-81
-78
-79
-78
-78
-78
-79
-79
-80
-75
-75
-75
-77
-80
-84
-95
-101
-106
-107
-113
-114
-119
-126
-140
-155
-169
-172
-164
-135
-104
-71
-40
-13
9
18
4
-21
-50
-64
-69
-69
-70
-67
-72
-71
-75
-73
-73
-68
-66
-66
-62
-64
-68
-68
-68
-70
-71
-67
-72
-72
-68
-68
-66
-63
-62
-63
-64
-64
-62
-64
-65
-62
-64
-62
-66
-58
-62
-62
-64
-68
-64
-65
-65
-62
-64
-63
-62
-62
-55
-56
-59
-60
-58
-57
-59
-59
-56
-58
-56
-59
-56
-57
-63
-56
-61
-64
-61
-61
-63
-63
-56
-60
-55
-61
-58
-61
-59
-61
-61
-59
-62
-58
-60
-57
-57
-58
-58
-55
-59
-56
-54
-54
-47
-43
-40
-35
-32
-27
-29
-28
-29
-29
-31
-32
-37
-41
-40
-49
-52
-57
-57
-62
-64
-69
-73
-74
-76
-79
-78
-78
-79
-78
-78
-73
-76
-80
-75
-77
-78
-76
-72
-74
-77
-82
-87
-93
-102
-104
-109
-110
-112
-117
-127
-141
-160
-167
-163
-144
-113
-78
-46
-16
11
25
24
2
-31
-58
-73
-71
-70
-72
-72
-82
-80
-76
-72
-69
-68
-68
-67
-66
-70
-68
-72
-73
-71
-73
-72
-66
-64
-68
-67
-68
-68
-70
-69
-69
-68
-63
-64
-63
-63
-60
-60
-61
-62
-63
-66
-64
-63
-65
-66
-61
-62
-62
-58
-62
-59
-59
-62
-63
-60
-62
-59
-54
-55
-54
-56
-56
-56
-58
-59
-59
-68
-62
-60
-59
-62
-56
-57
-56
-58
-60
-60
-62
-60
-59
-61
-60
-58
-54
-56
-58
-56
-61
-63
-62
-60
-56
-53
-47
-42
-44
-41
-33
-32
-32
-28
-29
-27
-29
-30
-35
-30
-35
-38
-46
-50
-53
-60
-60
-67
-71
-71
-72
-70
-72
-69
-68
-68
-71
-71
-71
-72
-71
-69
-66
-70
-65
-64
-66
-67
-78
-85
-93
-98
-99
-96
-100
-102
-114
-128
-151
-163
-164
-145
-116
-88
-52
-26
-4
9
15
0
-24
-47
-58
-60
-56
-55
-55
-55
-56
-53
-52
-53
-50
-47
-49
-48
-46
-48
-53
-54
-55
-52
-51
-49
-48
-49
-48
-50
-50
-46
-48
-46
-48
-48
-43
-41
-39
-44
-45
-45
-44
-44
-43
-43
-45
-48
-41
-43
-41
-41
-43
-45
-39
-43
-38
-39
-43
-44
-44
-42
-43
-47
-45
-48
-48
-50
-46
-51
-56
-48
-45
-49
-48
-46
-48
-49
-50
-47
-48
-48
-48
-46
-46
-46
-42
-40
-43
-47
-48
-47
-47
-43
-46
-41
-39
-34
-30
-30
-27
-22
-21
-18
-18
-16
-19
-18
-19
-22
-23
-26
-29
-34
-39
-42
-48
-50
-58
-60
-58
-60
-57
-59
-60
-65
-68
-65
-65
-65
-61
-60
-57
-53
-55
-55
-53
-53
-59
-70
-70
-80
-85
-90
-92
-84
-81
-84
-101
-121
-144
-162
-165
-142
-115
-83
-59
-37
-18
-8
-15
-28
-39
-53
-53
-46
-45
-46
-43
-45
-46
-42
-38
-41
-39
-44
-40
-42
-44
-46
-45
-39
-42
-41
-32
-40
-39
-40
-39
-41
-39
-38
-38
-35
-33
-35
-36
-32
-33
-35
-33
-39
-37
-34
-34
-35
-31
-31
-30
-32
-32
-34
-32
-34
-32
-36
-31
-32
-30
-34
-32
-37
-39
-41
-41
-45
-45
-45
-41
-40
-41
-42
-47
-43
-41
-41
-44
-43
-43
-45
-39
-38
-41
-43
-40
-41
-36
-37
-41
-40
-40
-39
-39
-33
-31
-29
-27
-28
-22
-20
-19
-19
-14
-13
-13
-12
-13
-18
-18
-17
-21
-24
-30
-35
-40
-46
-45
-48
-48
-48
-47
-51
-50
-50
-53
-54
-54
-52
-51
-53
-48
-50
-43
-42
-42
-45
-47
-52
-59
-61
-62
-70
-72
-68
-70
-65
-64
-74
-92
-116
-138
-148
-146
-128
-102
-81
-60
-42
-30
-22
-27
-32
-36
-33
-38
-32
-34
-31
-31
-32
-34
-32
-31
-31
-33
-32
-32
-32
-37
-35
-32
-28
-29
-26
-32
-33
-32
-34
-32
-35
-38
-32
-30
-28
-27
-26
-25
-33
-33
-35
-36
-32
-30
-35
-30
-31
-31
-30
-28
-31
-31
-32
-37
-40
-32
-35
-32
-37
-35
-40
-38
-37
-38
-38
-44
-43
-47
-42
-42
-43
-45
-48
-45
-42
-43
-43
-45
-40
-43
-45
-48
-42
-40
-42
-38
-44
-48
-46
-44
-42
-45
-43
-41
-37
-38
-40
-37
-36
-34
-35
-30
-24
-25
-22
-21
-17
-18
-17
-20
-23
-23
-31
-32
-40
-45
-45
-45
-48
-47
-50
-58
-57
-62
-61
-63
-64
-62
-60
-58
-56
-58
-59
-58
-61
-58
-60
-62
-62
-64
-67
-72
-80
-80
-79
-83
-79
-80
-89
-99
-125
-154
-168
-162
-143
-120
-93
-76
-56
-37
-35
-36
-46
-54
-58
-60
-53
-53
-54
-54
-53
-59
-57
-53
-58
-58
-56
-53
-56
-54
-57
-57
-54
-55
-59
-58
-60
-60
-56
-57
-53
-51
-50
-49
-53
-53
-54
-59
-60
-56
-58
-59
-56
-58
-55
-57
-55
-55
-60
-60
-58
-57
-57
-58
-59
-57
-55
-55
-54
-56
-58
-62
-63
-63
-61
-64
-64
-64
-63
-64
-66
-64
-67
-66
-71
-62
-64
-68
-67
-62
-64
-65
-67
-64
-67
-65
-68
-69
-68
-69
-67
-60
-63
-62
-64
-66
-66
-63
-59
-60
-56
-51
-53
-46
-44
-41
-38
-33
-34
-32
-39
-38
-42
-43
-46
-52
-61
-62
-67
-73
-75
-84
-87
-92
-90
-87
-87
-88
-83
-78
-83
-83
-85
-84
-81
-80
-80
-77
-76
-75
-75
-79
-87
-92
-103
-109
-115
-113
-114
-118
-117
-129
-150
-169
-182
-182
-170
-142
-109
-75
-43
-20
-4
-3
-17
-44
-72
-84
-84
-90
-90
-89
-87
-94
-91
-88
-88
-90
-84
-92
-90
-89
-92
-92
-88
-84
-90
-88
-90
-94
-92
-89
-87
-87
-87
-87
-87
-86
-81
-83
-80
-80
-81
-80
-78
-84
-88
-89
-88
-86
-83
-87
-85
-88
-85
-86
-86
-86
-87
-87
-85
-86
-86
-83
-82
-85
-88
-88
-94
-101
-101
-98
-102
-96
-92
-94
-92
-91
-89
-89
-79
-78
-83
-85
-82
-86
-90
-87
-86
-88
-89
-93
-96
-95
-85
-83
-86
-87
-82
-79
-78
-80
-82
-79
-77
-79
-69
-70
-64
-63
-60
-55
-54
-54
-57
-60
-64
-64
-70
-74
-80
-88
-89
-90
-96
-99
-101
-100
-105
-108
-109
-109
-106
-109
-107
-109
-106
-104
-105
-102
-107
-105
-106
-107
-109
-112
-117
-126
-133
-136
-141
-143
-149
-147
-160
-173
-186
-200
-206
-197
-167
-132
-94
-67
-41
-19
-12
-20
-46
-72
-91
-102
-97
-96
-101
-99
-103
-106
-103
-103
-104
-106
-102
-101
-101
-103
-102
-101
-103
-105
-101
-104
-104
-98
-101
-100
-97
-94
-101
-97
-98
-95
-98
-96
-97
-100
-97
-99
-96
-100
-96
-97
-99
-102
-104
-103
-105
-104
-100
-99
-100
-99
-97
-98
-96
-99
-98
-99
-99
-101
-99
-99
-98
-94
-100
-98
-95
-96
-99
-97
-99
-96
-97
-98
-95
-97
-94
-95
-95
-96
-97
-96
-99
-99
-101
-100
-98
-95
-96
-98
-96
-96
-100
-101
-102
-103
-103
-102
-99
-93
-92
-94
-93
-89
-87
-84
-83
-82
-74
-74
-72
-66
-62
-62
-64
-66
-72
-74
-76
-81
-90
-93
-96
-95
-99
-102
-107
-107
-109
-115
-116
-116
-118
-114
-111
-109
-111
-108
-107
-107
-108
-110
-103
-107
-107
-108
-108
-109
-117
-129
-133
-135
-136
-143
-143
-149
-163
-178
-191
-200
-192
-166
-132
-98
-67
-37
-21
-3
-5
-23
-61
-83
-97
-98
-99
-95
-99
-103
-103
-102
-104
-100
-98
-101
-96
-94
-98
-99
-98
-97
-98
-97
-102
-99
-101
-97
-96
-98
-93
-90
-92
-92
-93
-97
-97
-95
-94
-91
-88
-91
-89
-93
-94
-94
-92
-95
-94
-95
-98
-95
-95
-92
-93
-94
-93
-97
-94
-94
-90
-91
-90
-91
-95
-91
-91
-93
-93
-94
-96
-97
-97
-97
-99
-96
-93
-93
-98
-90
-91
-92
-92
-94
-95
-98
-92
-95
-90
-88
-92
-91
-91
-91
-95
-93
-92
-95
-96
-96
-93
-91
-87
-84
-90
-86
-81
-76
-75
-74
-66
-67
-63
-63
-63
-66
-62
-69
-70
-74
-79
-86
-91
-92
-100
-99
-103
-104
-107
-112
-114
-114
-118
-119
-118
-115
-114
-112
-112
-106
-113
-109
-114
-109
-111
-112
-116
-118
-120
-128
-135
-140
-145
-144
-148
-156
-162
-181
-198
-206
-208
-189
-157
-123
-88
-55
-30
-9
-3
-19
-51
-86
-102
-109
-104
-105
-104
-109
-109
-113
-111
-111
-104
-107
-107
-103
-104
-105
-103
-103
-105
-110
-109
-106
-107
-107
-108
-107
-101
-100
-100
-99
-105
-106
-106
-109
-105
-101
-102
-97
-101
-101
-101
-104
-101
-104
-108
-106
-108
-105
-103
-104
-102
-102
-102
-97
-98
-98
-97
-95
-99
-98
-99
-96
-98
-96
-96
-97
-95
-99
-100
-103
-98
-99
-99
-102
-91
-95
-92
-93
-93
-91
-92
-93
-91
-91
-95
-90
-91
-88
-89
-89
-91
-93
-90
-91
-94
-92
-91
-88
-85
-79
-79
-74
-66
-66
-68
-67
-62
-64
-64
-61
-62
-62
-66
-70
-78
-80
-87
-90
-97
-101
-103
-102
-104
-107
-110
-106
-107
-106
-110
-110
-109
-109
-104
-107
-107
-100
-99
-103
-100
-100
-103
-107
-112
-120
-127
-128
-133
-135
-139
-137
-146
-157
-176
-192
-201
-201
-183
-149
-115
-77
-48
-26
-7
-16
-39
-70
-92
-104
-100
-98
-106
-100
-103
-103
-104
-99
-100
-102
-104
-104
-105
-105
-99
-99
-99
-100
-98
-101
-101
-105
-101
-102
-104
-102
-98
-100
-98
-93
-91
-94
-96
-96
-98
-98
-101
-98
-99
-104
-98
-99
-103
-102
-99
-103
-102
-102
-100
-97
-97
-91
-92
-92
-94
-92
-91
-92
-95
-95
-94
-97
-98
-97
-95
-96
-94
-92
-95
-101
-97
-100
-103
-101
-93
-94
-88
-90
-91
-91
-90
-96
-93
-94
-91
-94
-90
-92
-89
-90
-92
-91
-88
-87
-88
-86
-86
-83
-79
-76
-72
-69
-62
-62
-55
-58
-58
-62
-65
-61
-63
-67
-68
-72
-72
-76
-83
-85
-94
-97
-96
-99
-99
-100
-97
-97
-92
-92
-93
-94
-94
-97
-96
-96
-94
-94
-94
-91
-96
-96
-101
-107
-114
-118
-124
-128
-127
-124
-127
-130
-143
-168
-182
-193
-188
-165
-137
-103
-79
-59
-41
-35
-46
-59
-77
-87
-88
-86
-86
-84
-86
-89
-88
-84
-88
-85
-84
-84
-82
-83
-86
-86
-85
-87
-89
-86
-86
-86
-87
-84
-84
-91
-92
-90
-89
-87
-84
-85
-84
-83
-82
-84
-86
-85
-85
-88
-90
-90
-88
-86
-86
-88
-90
-88
-89
-88
-90
-92
-90
-90
-91
-89
-89
-87
-90
-89
-90
-92
-95
-96
-99
-99
-100
-101
-94
-94
-94
-90
-92
-95
-94
-97
-93
-94
-94
-97
-88
-90
-95
-94
-96
-97
-95
-95
-96
-96
-97
-97
-93
-92
-93
-91
-88
-83
-82
-78
-75
-76
-71
-70
-66
-69
-64
-65
-69
-69
-73
-81
-84
-88
-92
-93
-95
-101
-104
-107
-108
-111
-112
-114
-113
-112
-114
-113
-114
-109
-108
-107
-105
-108
-109
-109
-108
-112
-111
-114
-120
-125
-131
-138
-134
-134
-138
-142
-152
-170
-186
-198
-198
-186
-157
-122
-86
-55
-30
-13
-10
-28
-58
-87
-101
-103
-99
-106
-107
-110
-111
-108
-108
-109
-110
-109
-109
-103
-101
-100
-104
-102
-107
-106
-108
-107
-107
-105
-106
-101
-102
-101
-97
-103
-103
-100
-103
-104
-95
-100
-96
-95
-95
-98
-96
-95
-95
-99
-96
-98
-99
-98
-95
-93
-92
-89
-93
-92
-90
-96
-92
-94
-93
-94
-92
-93
-91
-91
-90
-93
-92
-91
-93
-98
-92
-91
-95
-91
-86
-91
-90
-89
-91
-91
-92
-93
-93
-93
-92
-92
-92
-87
-87
-89
-90
-86
-89
-88
-86
-83
-80
-76
-69
-68
-63
-57
-56
-58
-56
-59
-65
-64
-65
-68
-72
-77
-78
-81
-86
-93
-98
-97
-102
-105
-108
-103
-107
-105
-104
-103
-103
-99
-102
-102
-100
-103
-102
-101
-100
-101
-96
-98
-106
-114
-118
-126
-134
-134
-132
-133
-136
-146
-165
-183
-194
-195
-176
-143
-107
-74
-45
-19
0
-2
-21
-53
-84
-100
-100
-99
-99
-96
-101
-100
-95
-98
-92
-89
-92
-91
-94
-93
-96
-98
-99
-96
-92
-93
-95
-93
-89
-93
-92
-90
-87
-89
-91
-90
-84
-91
-86
-89
-90
-91
-92
-94
-93
-94
-89
-93
-91
-87
-91
-91
-91
-89
-90
-91
-89
-92
-87
-84
-87
-87
-86
-83
-87
-87
-92
-91
-88
-90
-88
-86
-91
-90
-89
-87
-87
-87
-88
-89
-88
-89
-83
-86
-87
-80
-86
-84
-87
-84
-84
-84
-84
-87
-84
-82
-80
-78
-77
-77
-75
-74
-71
-64
-64
-61
-60
-57
-55
-54
-52
-56
-52
-55
-62
-69
-76
-80
-85
-85
-87
-84
-87
-90
-90
-94
-97
-97
-95
-99
-102
-98
-96
-91
-91
-90
-88
-91
-89
-94
-88
-93
-98
-104
-107
-115
-116
-114
-116
-120
-120
-123
-140
-164
-182
-195
-184
-161
-119
-84
-56
-38
-30
-36
-54
-70
-80
-80
-80
-70
-72
-74
-76
-77
-79
-76
-75
-75
-75
-74
-73
-73
-72
-75
-71
-72
-76
-74
-76
-76
-74
-70
-71
-71
-64
-66
-66
-66
-69
-65
-69
-69
-66
-68
-71
-66
-69
-66
-63
-66
-66
-67
-68
-70
-66
-72
-67
-70
-66
-66
-65
-66
-65
-71
-74
-72
-74
-72
-72
-72
-76
-75
-73
-71
-76
-77
-77
-77
-76
-77
-79
-75
-72
-74
-73
-71
-74
-74
-75
-75
-76
-79
-76
-76
-75
-73
-72
-72
-74
-74
-73
-70
-65
-61
-58
-58
-51
-50
-45
-43
-45
-47
-48
-51
-51
-57
-61
-66
-73
-74
-77
-75
-82
-84
-91
-91
-92
-95
-96
-94
-92
-92
-89
-91
-92
-91
-91
-93
-93
-94
-91
-90
-90
-94
-96
-105
-110
-118
-121
-122
-127
-126
-130
-136
-150
-171
-180
-182
-164
-134
-102
-68
-40
-15
1
0
-20
-51
-74
-82
-84
-85
-87
-90
-90
-91
-87
-89
-87
-85
-85
-83
-83
-86
-87
-92
-89
-89
-91
-89
-90
-86
-89
-86
-83
-84
-84
-84
-82
-85
-83
-78
-78
-77
-76
-76
-76
-77
-78
-77
-81
-82
-80
-81
-78
-81
-79
-75
-73
-72
-72
-77
-78
-78
-75
-73
-72
-73
-75
-74
-69
-73
-78
-79
-80
-86
-79
-78
-77
-77
-76
-76
-76
-75
-78
-80
-76
-77
-78
-80
-80
-75
-75
-71
-73
-74
-73
-75
-76
-75
-68
-70
-70
-64
-56
-54
-48
-45
-39
-40
-39
-43
-46
-47
-43
-48
-50
-54
-58
-64
-69
-73
-74
-77
-83
-89
-89
-92
-91
-87
-89
-88
-89
-87
-87
-86
-86
-89
-87
-87
-85
-83
-83
-82
-85
-91
-99
-109
-114
-113
-111
-117
-116
-123
-135
-150
-163
-175
-179
-155
-130
-95
-64
-29
-3
13
10
-13
-45
-65
-78
-84
-80
-81
-85
-87
-82
-84
-75
-75
-75
-76
-78
-79
-76
-76
-77
-78
-75
-71
-73
-73
-70
-68
-73
-73
-72
-71
-67
-68
-68
-67
-66
-62
-65
-64
-64
-66
-70
-69
-68
-68
-67
-66
-67
-64
-66
-70
-66
-68
-68
-70
-71
-63
-66
-62
-63
-67
-65
-70
-68
-75
-68
-68
-70
-68
-66
-68
-65
-68
-67
-72
-69
-68
-71
-68
-67
-69
-70
-64
-68
-68
-67
-69
-69
-66
-67
-72
-68
-68
-64
-62
-60
-58
-54
-53
-52
-54
-48
-43
-43
-39
-37
-41
-40
-40
-41
-44
-48
-55
-58
-63
-63
-67
-67
-68
-73
-73
-72
-76
-79
-85
-82
-82
-84
-76
-81
-78
-77
-76
-74
-71
-73
-73
-73
-79
-84
-91
-91
-98
-99
-102
-101
-102
-104
-107
-118
-138
-159
-176
-176
-160
-132
-102
-78
-52
-32
-15
-22
-34
-52
-68
-70
-65
-63
-65
-63
-63
-62
-63
-64
-62
-63
-63
-61
-61
-60
-63
-63
-62
-63
-64
-61
-61
-61
-62
-62
-57
-60
-60
-56
-55
-56
-56
-57
-58
-59
-56
-54
-60
-59
-57
-53
-54
-55
-56
-58
-59
-60
-56
-56
-57
-54
-54
-51
-54
-57
-52
-58
-57
-59
-64
-66
-63
-60
-64
-66
-64
-63
-67
-71
-65
-68
-63
-67
-64
-61
-64
-63
-62
-64
-62
-67
-64
-64
-67
-67
-61
-61
-63
-63
-64
-66
-62
-58
-60
-56
-57
-54
-51
-44
-38
-37
-37
-32
-32
-40
-36
-41
-42
-45
-48
-55
-55
-61
-64
-64
-71
-75
-75
-78
-80
-83
-82
-83
-83
-81
-80
-80
-82
-81
-83
-81
-81
-82
-83
-79
-79
-82
-88
-97
-103
-109
-112
-116
-118
-118
-121
-132
-150
-166
-176
-179
-158
-132
-103
-69
-38
-13
5
0
-20
-45
-64
-81
-79
-78
-83
-86
-84
-84
-83
-83
-76
-77
-76
-77
-78
-82
-79
-82
-85
-84
-85
-86
-80
-78
-79
-75
-76
-76
-78
-79
-77
-76
-78
-78
-79
-76
-75
-75
-73
-74
-77
-76
-79
-80
-75
-79
-79
-78
-74
-75
-71
-71
-73
-75
-75
-70
-72
-72
-74
-74
-72
-73
-73
-69
-73
-74
-76
-77
-80
-78
-75
-76
-77
-76
-73
-75
-73
-72
-76
-77
-75
-80
-76
-78
-74
-72
-73
-75
-74
-77
-74
-76
-72
-71
-69
-66
-61
-58
-56
-50
-50
-48
-47
-44
-43
-45
-48
-50
-52
-53
-56
-64
-70
-69
-71
-77
-81
-85
-85
-87
-86
-86
-84
-87
-87
-89
-86
-91
-86
-88
-85
-84
-85
-83
-84
-82
-83
-83
-94
-100
-107
-113
-117
-115
-117
-115
-124
-134
-152
-169
-179
-175
-154
-120
-89
-49
-18
11
26
20
-4
-44
-69
-79
-87
-79
-82
-83
-88
-85
-81
-81
-81
-74
-83
-79
-79
-81
-83
-84
-83
-80
-80
-78
-79
-77
-76
-77
-79
-77
-77
-78
-78
-76
-74
-68
-73
-72
-69
-72
-73
-70
-73
-73
-72
-70
-70
-69
-68
-70
-71
-70
-71
-71
-75
-67
-68
-67
-67
-68
-69
-66
-64
-70
-74
-76
-73
-74
-73
-73
-76
-69
-69
-71
-71
-72
-78
-78
-72
-72
-75
-71
-72
-73
-70
-72
-74
-72
-75
-72
-75
-70
-71
-71
-68
-65
-62
-61
-63
-60
-59
-55
-50
-49
-45
-43
-44
-42
-41
-44
-47
-52
-58
-62
-67
-66
-72
-76
-80
-81
-84
-89
-89
-88
-90
-93
-91
-88
-89
-89
-89
-82
-83
-83
-84
-85
-85
-87
-92
-90
-96
-99
-109
-115
-113
-116
-115
-119
-124
-141
-159
-178
-188
-186
-159
-126
-93
-67
-35
-16
-14
-20
-45
-67
-80
-80
-77
-72
-74
-73
-73
-74
-73
-72
-73
-72
-72
-68
-70
-71
-69
-66
-74
-72
-74
-77
-73
-74
-76
-68
-67
-65
-66
-62
-63
-66
-64
-68
-64
-66
-65
-63
-58
-57
-54
-55
-58
-59
-57
-61
-60
-61
-62
-58
-56
-57
-56
-56
-60
-60
-63
-62
-61
-64
-64
-65
-64
-60
-60
-63
-63
-65
-67
-65
-62
-63
-64
-64
-62
-63
-67
-63
-66
-63
-63
-66
-68
-64
-67
-64
-66
-65
-61
-58
-60
-62
-59
-60
-58
-53
-50
-43
-37
-37
-34
-34
-33
-36
-38
-36
-39
-45
-48
-51
-52
-58
-62
-60
-66
-74
-74
-76
-82
-82
-78
-80
-79
-76
-78
-77
-72
-77
-76
-77
-74
-79
-79
-80
-76
-77
-80
-88
-101
-105
-106
-110
-112
-112
-115
-127
-150
-166
-186
-184
-161
-135
-107
-80
-57
-37
-24
-34
-49
-62
-69
-70
-71
-68
-69
-70
-71
-75
-70
-69
-64
-64
-66
-63
-64
-65
-69
-73
-70
-70
-72
-71
-70
-68
-66
-67
-65
-66
-68
-64
-66
-63
-66
-67
-65
-63
-64
-61
-63
-64
-64
-67
-68
-72
-67
-68
-66
-63
-64
-67
-65
-66
-63
-69
-69
-70
-71
-73
-67
-69
-70
-68
-70
-69
-76
-78
-76
-76
-75
-78
-72
-73
-71
-72
-76
-75
-72
-76
-77
-78
-78
-75
-70
-72
-74
-71
-69
-69
-72
-73
-75
-71
-70
-73
-66
-64
-60
-55
-52
-52
-49
-47
-46
-45
-51
-48
-53
-50
-54
-56
-61
-62
-70
-77
-76
-80
-86
-88
-89
-83
-83
-85
-87
-84
-84
-84
-88
-88
-85
-86
-81
-80
-83
-82
-77
-82
-86
-94
-101
-112
-113
-112
-113
-116
-117
-128
-148
-162
-173
-177
-162
-134
-98
-65
-30
-7
19
29
7
-24
-56
-78
-79
-78
-80
-79
-80
-83
-80
-78
-76
-76
-73
-76
-79
-78
-81
-80
-79
-73
-76
-73
-74
-73
-74
-71
-75
-73
-72
-72
-71
-75
-72
-64
-66
-68
-69
-72
-71
-70
-74
-73
-71
-69
-71
-72
-72
-69
-72
-70
-68
-67
-69
-68
-64
-69
-65
-62
-63
-64
-66
-70
-71
-71
-72
-68
-69
-67
-66
-68
-69
-71
-68
-68
-70
-75
-71
-70
-69
-68
-68
-65
-67
-65
-67
-72
-69
-71
-69
-69
-66
-67
-64
-60
-56
-59
-57
-53
-52
-50
-45
-40
-41
-41
-37
-40
-41
-47
-48
-52
-64
-67
-73
-74
-76
-75
-81
-80
-84
-84
-83
-85
-88
-86
-86
-85
-82
-81
-78
-76
-75
-76
-76
-78
-78
-82
-87
-89
-96
-102
-107
-113
-112
-112
-111
-126
-140
-155
-173
-178
-167
-134
-103
-68
-35
-7
13
24
6
-18
-47
-68
-72
-79
-76
-74
-76
-74
-78
-73
-72
-77
-75
-71
-74
-74
-69
-71
-73
-70
-72
-74
-75
-72
-72
-72
-67
-69
-66
-65
-62
-64
-61
-67
-64
-60
-62
-60
-62
-61
-59
-58
-58
-59
-60
-62
-63
-60
-62
-62
-62
-58
-57
-53
-57
-57
-58
-56
-57
-58
-61
-58
-56
-58
-53
-53
-56
-57
-60
-58
-58
-59
-60
-57
-60
-57
-56
-54
-57
-55
-56
-57
-59
-57
-55
-56
-54
-55
-53
-52
-50
-51
-52
-49
-48
-44
-43
-38
-35
-31
-31
-21
-26
-21
-27
-25
-32
-30
-32
-39
-42
-45
-46
-49
-50
-52
-56
-66
-68
-68
-69
-71
-68
-69
-67
-70
-67
-63
-64
-64
-64
-64
-67
-64
-64
-64
-64
-70
-75
-81
-89
-93
-100
-101
-102
-100
-111
-128
-146
-158
-169
-158
-132
-98
-73
-45
-27
-10
-10
-21
-41
-51
-61
-60
-57
-57
-60
-63
-63
-58
-64
-57
-55
-57
-52
-55
-58
-58
-62
-60
-58
-61
-60
-59
-58
-56
-57
-56
-54
-57
-57
-56
-60
-54
-51
-51
-51
-48
-52
-53
-52
-54
-58
-59
-58
-59
-57
-54
-53
-51
-51
-48
-54
-52
-53
-55
-58
-55
-59
-58
-55
-55
-53
-56
-59
-60
-64
-64
-63
-64
-62
-60
-61
-62
-62
-61
-57
-53
-56
-61
-61
-60
-62
-61
-57
-60
-58
-58
-58
-57
-61
-61
-62
-53
-51
-50
-47
-42
-35
-36
-30
-27
-31
-29
-32
-33
-34
-38
-40
-41
-49
-53
-57
-61
-62
-69
-69
-73
-76
-80
-74
-79
-78
-75
-78
-76
-80
-79
-79
-77
-78
-79
-80
-75
-76
-78
-79
-84
-94
-102
-107
-109
-110
-115
-114
-118
-130
-153
-169
-178
-167
-143
-114
-84
-53
-24
-2
6
-9
-37
-58
-71
-75
-72
-71
-76
-73
-72
-71
-69
-70
-71
-71
-74
-74
-75
-74
-74
-73
-72
-71
-70
-72
-74
-75
-73
-74
-75
-78
-73
-68
-70
-71
-70
-68
-68
-71
-72
-74
-72
-74
-71
-72
-75
-72
-72
-69
-67
-69
-71
-72
-74
-71
-70
-69
-69
-69
-64
-61
-65
-66
-72
-66
-70
-76
-74
-76
-71
-74
-71
-72
-72
-69
-76
-74
-76
-76
-76
-76
-75
-77
-74
-71
-74
-77
-76
-72
-74
-72
-73
-72
-74
-69
-63
-61
-59
-57
-55
-57
-49
-46
-43
-43
-43
-42
-42
-43
-43
-47
-56
-59
-67
-74
-72
-77
-80
-82
-86
-90
-86
-87
-87
-94
-90
-93
-90
-93
-90
-86
-87
-84
-85
-83
-87
-91
-90
-94
-97
-102
-114
-110
-113
-118
-119
-118
-131
-145
-165
-179
-189
-178
-150
-115
-78
-44
-18
10
29
22
-8
-46
-75
-86
-84
-83
-83
-83
-87
-86
-82
-89
-88
-87
-87
-85
-86
-88
-84
-83
-82
-83
-80
-83
-84
-84
-82
-84
-84
-81
-78
-75
-74
-74
-75
-79
-78
-78
-81
-80
-79
-76
-77
-77
-76
-75
-79
-77
-77
-76
-74
-74
-75
-73
-71
-69
-69
-69
-68
-69
-68
-72
-70
-72
-70
-70
-72
-70
-74
-70
-69
-72
-75
-70
-75
-71
-72
-68
-67
-64
-67
-65
-64
-67
-68
-71
-70
-71
-71
-66
-66
-67
-66
-60
-62
-55
-55
-55
-53
-47
-41
-40
-32
-32
-28
-31
-31
-40
-36
-38
-44
-50
-53
-58
-61
-60
-64
-68
-71
-73
-75
-78
-78
-79
-80
-75
-76
-75
-77
-73
-75
-76
-74
-83
-78
-77
-77
-75
-80
-84
-95
-95
-103
-104
-107
-106
-112
-125
-143
-163
-176
-175
-158
-127
-92
-64
-38
-18
0
1
-22
-45
-63
-66
-68
-64
-64
-68
-73
-72
-69
-73
-69
-64
-60
-60
-63
-63
-64
-71
-71
-71
-69
-70
-64
-63
-62
-63
-62
-62
-63
-61
-64
-67
-62
-62
-60
-57
-60
-61
-61
-64
-62
-64
-64
-63
-64
-62
-64
-62
-61
-62
-62
-59
-62
-65
-64
-65
-61
-64
-61
-62
-61
-65
-65
-69
-65
-64
-71
-67
-66
-65
-63
-64
-64
-64
-68
-66
-67
-70
-69
-69
-65
-64
-61
-61
-63
-62
-64
-67
-62
-61
-60
-58
-58
-55
-48
-47
-38
-37
-37
-36
-36
-37
-36
-41
-37
-44
-42
-47
-53
-56
-61
-62
-68
-69
-75
-80
-83
-78
-76
-79
-78
-80
-78
-79
-79
-76
-83
-79
-76
-73
-72
-73
-72
-76
-74
-83
-91
-96
-104
-105
-106
-108
-102
-106
-123
-146
-169
-188
-180
-158
-127
-98
-73
-52
-27
-16
-31
-46
-58
-68
-70
-64
-63
-65
-64
-64
-63
-64
-62
-62
-63
-61
-61
-63
-65
-63
-63
-62
-58
-62
-62
-59
-62
-64
-64
-63
-62
-61
-59
-58
-60
-60
-59
-58
-57
-58
-60
-63
-58
-60
-63
-60
-60
-62
-60
-60
-64
-62
-63
-62
-62
-63
-64
-63
-64
-63
-62
-60
-59
-65
-64
-66
-68
-74
-69
-70
-64
-69
-66
-68
-68
-71
-70
-70
-72
-69
-69
-67
-66
-64
-63
-61
-66
-64
-64
-65
-72
-69
-67
-63
-59
-54
-58
-56
-54
-55
-49
-43
-39
-39
-42
-40
-38
-40
-43
-42
-47
-53
-57
-64
-69
-71
-72
-73
-79
-82
-81
-82
-86
-91
-90
-86
-88
-87
-86
-81
-83
-85
-84
-82
-83
-85
-86
-91
-95
-105
-111
-111
-112
-115
-118
-118
-130
-146
-165
-181
-187
-172
-144
-106
-73
-44
-15
7
21
5
-21
-56
-76
-84
-83
-81
-84
-82
-85
-86
-92
-88
-88
-88
-87
-87
-86
-86
-81
-84
-83
-83
-84
-87
-86
-87
-89
-85
-87
-82
-83
-79
-77
-79
-79
-83
-82
-79
-78
-79
-76
-77
-77
-77
-77
-83
-82
-85
-80
-82
-80
-79
-80
-76
-77
-73
-74
-71
-70
-70
-75
-75
-78
-79
-77
-77
-77
-75
-77
-80
-77
-78
-79
-75
-79
-78
-78
-75
-78
-77
-76
-76
-78
-75
-73
-79
-77
-76
-79
-79
-75
-76
-73
-69
-68
-71
-64
-63
-61
-60
-55
-50
-46
-42
-40
-44
-42
-47
-46
-52
-52
-55
-65
-67
-67
-71
-72
-78
-80
-89
-87
-89
-93
-88
-91
-89
-91
-86
-85
-87
-83
-87
-86
-92
-90
-89
-89
-87
-90
-93
-100
-108
-116
-118
-120
-126
-125
-132
-150
-162
-179
-182
-173
-145
-110
-76
-44
-20
3
17
8
-21
-47
-72
-81
-78
-80
-84
-87
-86
-84
-80
-79
-77
-75
-78
-76
-78
-79
-77
-78
-82
-81
-80
-81
-81
-75
-73
-72
-75
-70
-72
-73
-72
-75
-75
-74
-73
-74
-69
-73
-71
-69
-69
-76
-74
-74
-73
-72
-74
-71
-72
-73
-72
-69
-65
-70
-70
-69
-69
-73
-75
-71
-73
-72
-70
-71
-72
-76
-76
-77
-81
-75
-76
-79
-71
-72
-72
-70
-74
-72
-74
-77
-76
-75
-70
-68
-66
-70
-68
-68
-72
-71
-69
-69
-63
-62
-57
-53
-51
-46
-45
-43
-43
-45
-43
-43
-44
-45
-44
-48
-49
-57
-64
-65
-69
-67
-78
-80
-80
-80
-82
-86
-82
-83
-84
-86
-86
-83
-82
-84
-84
-85
-83
-80
-78
-76
-81
-82
-91
-100
-106
-108
-110
-112
-113
-109
-113
-132
-151
-178
-188
-181
-158
-132
-95
-72
-45
-29
-14
-22
-41
-63
-75
-74
-70
-74
-76
-73
-73
-74
-72
-66
-69
-67
-68
-66
-68
-64
-71
-67
-69
-68
-68
-69
-69
-67
-69
-68
-65
-66
-66
-59
-61
-61
-64
-64
-66
-63
-64
-67
-68
-69
-64
-63
-61
-61
-60
-61
-64
-64
-63
-64
-66
-62
-60
-64
-59
-57
-59
-60
-61
-64
-67
-67
-65
-64
-68
-70
-64
-70
-67
-64
-68
-68
-66
-69
-70
-65
-67
-63
-67
-61
-63
-64
-64
-63
-64
-65
-66
-63
-61
-62
-58
-53
-52
-47
-50
-45
-45
-42
-39
-40
-40
-38
-35
-36
-34
-44
-44
-48
-56
-60
-63
-64
-68
-73
-76
-75
-78
-81
-80
-86
-85
-83
-87
-84
-81
-81
-81
-80
-78
-80
-80
-84
-85
-87
-89
-96
-102
-105
-109
-111
-114
-111
-116
-131
-148
-172
-186
-180
-163
-135
-96
-65
-40
-18
-6
-9
-34
-51
-71
-76
-80
-78
-76
-76
-77
-78
-78
-78
-80
-79
-81
-81
-79
-80
-75
-78
-77
-77
-79
-82
-80
-78
-79
-76
-78
-76
-76
-75
-76
-76
-73
-75
-80
-78
-79
-78
-80
-79
-77
-81
-80
-80
-82
-83
-81
-81
-84
-84
-85
-80
-75
-75
-75
-74
-75
-72
-78
-77
-76
-78
-79
-81
-79
-79
-77
-81
-76
-80
-84
-82
-80
-81
-83
-78
-78
-79
-77
-79
-78
-79
-80
-78
-83
-80
-84
-83
-80
-76
-72
-73
-73
-68
-65
-64
-62
-61
-60
-57
-53
-48
-42
-48
-50
-52
-55
-57
-62
-63
-71
-78
-80
-81
-87
-90
-89
-93
-93
-98
-97
-97
-97
-98
-94
-94
-90
-90
-88
-88
-87
-90
-93
-90
-91
-97
-97
-105
-110
-114
-115
-120
-117
-123
-131
-142
-163
-177
-184
-177
-153
-118
-82
-49
-18
10
26
26
0
-33
-69
-83
-84
-84
-83
-84
-81
-87
-89
-88
-91
-86
-84
-85
-84
-84
-85
-86
-84
-83
-84
-87
-86
-86
-84
-83
-80
-78
-78
-80
-82
-83
-82
-82
-81
-79
-79
-80
-79
-76
-78
-75
-76
-76
-83
-78
-81
-80
-77
-76
-75
-77
-76
-76
-74
-75
-73
-77
-76
-78
-74
-73
-74
-76
-75
-74
-76
-74
-77
-79
-77
-76
-73
-76
-78
-74
-75
-76
-76
-78
-80
-80
-76
-77
-75
-72
-75
-75
-75
-69
-75
-73
-69
-68
-68
-64
-59
-57
-50
-43
-45
-41
-39
-45
-45
-46
-51
-53
-53
-61
-69
-64
-66
-73
-76
-83
-90
-88
-90
-92
-92
-92
-88
-87
-90
-86
-86
-87
-89
-89
-86
-86
-85
-85
-83
-86
-92
-99
-104
-108
-115
-121
-118
-118
-123
-134
-158
-173
-186
-182
-164
-132
-95
-68
-43
-17
0
-6
-24
-50
-71
-78
-77
-78
-77
-80
-79
-78
-81
-80
-76
-74
-76
-68
-75
-74
-77
-78
-78
-78
-79
-75
-76
-73
-75
-68
-73
-70
-71
-73
-72
-72
-73
-71
-66
-67
-65
-65
-70
-68
-74
-75
-77
-76
-75
-72
-73
-70
-69
-70
-68
-66
-71
-69
-72
-69
-72
-70
-67
-66
-66
-67
-70
-70
-73
-73
-71
-76
-72
-73
-74
-70
-65
-67
-66
-69
-74
-73
-70
-71
-61
-68
-61
-60
-59
-67
-64
-65
-64
-66
-65
-66
-62
-58
-54
-48
-46
-44
-40
-38
-37
-36
-38
-38
-38
-38
-38
-35
-39
-47
-54
-55
-60
-63
-69
-72
-74
-73
-77
-79
-78
-79
-79
-78
-78
-79
-78
-74
-78
-77
-74
-72
-69
-69
-73
-75
-80
-85
-97
-102
-103
-105
-103
-101
-104
-109
-133
-159
-180
-187
-173
-143
-114
-88
-65
-41
-26
-19
-34
-49
-66
-70
-71
-69
-64
-68
-64
-67
-66
-64
-64
-67
-70
-62
-67
-71
-67
-68
-66
-66
-63
-64
-64
-63
-67
-69
-67
-70
-64
-63
-64
-63
-67
-64
-66
-68
-66
-68
-70
-75
-69
-67
-68
-66
-67
-64
-67
-69
-74
-74
-72
-72
-69
-70
-71
-71
-70
-69
-71
-71
-73
-77
-74
-77
-76
-74
-72
-74
-68
-73
-72
-77
-76
-72
-80
-77
-75
-75
-75
-74
-72
-73
-73
-71
-72
-75
-74
-76
-77
-77
-72
-68
-62
-62
-67
-63
-59
-57
-52
-50
-46
-40
-41
-42
-46
-42
-45
-46
-49
-52
-63
-64
-72
-71
-75
-79
-81
-86
-84
-84
-88
-91
-88
-92
-92
-91
-91
-89
-87
-85
-86
-89
-88
-90
-91
-90
-92
-98
-105
-109
-118
-118
-119
-120
-124
-134
-151
-171
-184
-185
-168
-136
-101
-65
-38
-9
10
15
0
-32
-65
-83
-87
-83
-84
-80
-85
-86
-85
-87
-85
-86
-83
-84
-81
-83
-82
-83
-80
-83
-83
-85
-87
-83
-83
-83
-82
-84
-80
-74
-79
-77
-79
-83
-84
-83
-81
-79
-83
-80
-81
-76
-80
-83
-83
-80
-81
-86
-82
-78
-76
-79
-75
-77
-71
-68
-69
-75
-70
-74
-76
-74
-74
-75
-75
-74
-75
-78
-72
-77
-74
-76
-76
-77
-76
-76
-75
-74
-72
-73
-73
-74
-74
-75
-74
-73
-74
-75
-73
-71
-69
-68
-67
-65
-64
-62
-62
-57
-50
-48
-43
-39
-36
-39
-42
-43
-46
-49
-52
-60
-64
-68
-73
-77
-77
-81
-86
-89
-95
-96
-96
-95
-94
-97
-93
-94
-91
-87
-91
-94
-89
-94
-93
-95
-91
-95
-96
-103
-109
-113
-117
-118
-125
-126
-126
-135
-152
-167
-180
-185
-166
-133
-102
-66
-32
-2
18
28
13
-22
-54
-79
-84
-82
-79
-85
-88
-89
-88
-90
-91
-91
-89
-88
-83
-86
-86
-87
-86
-89
-86
-87
-87
-86
-82
-83
-82
-82
-79
-83
-78
-80
-83
-80
-81
-79
-76
-80
-76
-80
-76
-80
-78
-81
-84
-82
-82
-80
-77
-75
-74
-70
-73
-73
-72
-75
-72
-70
-70
-70
-71
-70
-70
-72
-74
-72
-71
-71
-76
-70
-70
-69
-68
-66
-69
-70
-71
-69
-71
-72
-68
-66
-69
-67
-65
-68
-67
-65
-66
-64
-62
-63
-64
-61
-61
-57
-54
-50
-45
-43
-35
-33
-32
-31
-29
-34
-33
-36
-38
-46
-43
-50
-54
-53
-58
-63
-64
-71
-72
-73
-76
-75
-76
-73
-71
-74
-76
-72
-72
-75
-71
-72
-69
-67
-71
-71
-74
-76
-85
-90
-94
-96
-101
-102
-102
-105
-108
-128
-143
-163
-170
-164
-136
-102
-68
-42
-17
4
0
-17
-41
-59
-65
-64
-62
-62
-60
-62
-67
-62
-57
-61
-60
-64
-61
-61
-64
-62
-62
-61
-60
-55
-58
-57
-64
-58
-58
-60
-60
-58
-56
-57
-55
-52
-51
-54
-52
-54
-52
-58
-57
-60
-58
-61
-60
-58
-57
-55
-53
-54
-52
-55
-56
-54
-58
-59
-58
-56
-60
-52
-58
-51
-58
-60
-61
-62
-63
-65
-63
-58
-56
-59
-54
-56
-59
-60
-62
-58
-59
-57
-58
-59
-55
-52
-54
-52
-54
-56
-55
-52
-54
-52
-49
-47
-46
-39
-34
-35
-31
-31
-33
-29
-27
-28
-32
-30
-31
-32
-42
-47
-49
-50
-58
-63
-69
-70
-72
-76
-72
-73
-75
-75
-76
-77
-76
-74
-74
-75
-72
-75
-71
-68
-72
-71
-71
-74
-81
-88
-96
-98
-99
-99
-99
-99
-104
-114
-139
-166
-181
-179
-158
-126
-97
-68
-45
-24
-21
-27
-45
-62
-69
-67
-64
-63
-65
-62
-57
-59
-58
-57
-55
-56
-58
-63
-60
-62
-55
-56
-55
-53
-54
-54
-52
-54
-59
-59
-59
-58
-54
-57
-52
-52
-47
-50
-51
-55
-57
-56
-57
-56
-54
-54
-53
-57
-55
-52
-56
-55
-55
-58
-56
-51
-53
-54
-53
-51
-54
-54
-57
-55
-58
-61
-60
-63
-60
-60
-55
-57
-60
-61
-59
-60
-61
-61
-64
-63
-62
-58
-62
-57
-61
-61
-59
-59
-61
-59
-59
-60
-57
-59
-56
-53
-52
-49
-45
-43
-44
-38
-34
-37
-31
-29
-26
-28
-31
-29
-34
-38
-44
-48
-52
-60
-62
-59
-64
-69
-73
-75
-75
-80
-81
-81
-79
-80
-82
-75
-77
-73
-74
-75
-74
-75
-75
-77
-79
-83
-92
-96
-102
-102
-105
-104
-109
-108
-121
-142
-156
-168
-172
-156
-123
-91
-54
-22
3
24
28
6
-24
-54
-72
-72
-73
-75
-74
-74
-78
-79
-76
-74
-77
-77
-73
-73
-73
-74
-72
-71
-73
-73
-72
-76
-78
-79
-74
-71
-75
-72
-71
-73
-68
-71
-70
-72
-73
-70
-72
-71
-70
-70
-70
-68
-69
-69
-72
-75
-75
-70
-71
-71
-70
-66
-68
-67
-68
-66
-68
-64
-66
-67
-65
-68
-64
-64
-66
-68
-62
-64
-64
-64
-66
-68
-65
-64
-64
-67
-60
-61
-62
-60
-56
-65
-66
-61
-61
-62
-62
-62
-59
-58
-58
-55
-55
-53
-50
-51
-42
-42
-38
-33
-25
-28
-28
-28
-34
-34
-40
-42
-44
-50
-53
-53
-54
-58
-62
-64
-70
-76
-76
-74
-77
-76
-79
-72
-69
-75
-71
-72
-72
-72
-75
-72
-68
-69
-72
-71
-78
-84
-91
-93
-101
-102
-105
-103
-111
-127
-143
-156
-163
-148
-121
-88
-50
-22
4
27
33
22
-6
-40
-61
-67
-64
-61
-64
-72
-72
-70
-69
-66
-69
-64
-60
-60
-62
-63
-67
-63
-64
-69
-64
-63
-64
-64
-62
-58
-57
-58
-54
-54
-59
-57
-55
-58
-58
-58
-56
-58
-56
-60
-58
-61
-62
-65
-64
-63
-62
-63
-63
-59
-60
-57
-58
-60
-57
-55
-53
-59
-56
-57
-57
-58
-56
-56
-59
-58
-64
-60
-56
-58
-58
-56
-55
-57
-59
-53
-56
-54
-54
-57
-58
-58
-58
-58
-56
-53
-56
-53
-55
-56
-51
-52
-51
-50
-46
-45
-39
-31
-28
-26
-24
-24
-25
-28
-30
-29
-31
-36
-41
-42
-50
-50
-54
-57
-62
-66
-67
-68
-73
-76
-71
-69
-69
-67
-67
-66
-70
-70
-69
-68
-66
-67
-64
-60
-63
-69
-75
-81
-89
-96
-99
-96
-100
-101
-104
-121
-145
-162
-168
-159
-135
-104
-76
-53
-25
-7
-9
-16
-37
-55
-61
-58
-54
-59
-57
-56
-59
-58
-56
-56
-52
-52
-53
-56
-55
-53
-52
-56
-60
-58
-54
-52
-51
-55
-52
-53
-54
-54
-52
-52
-50
-54
-50
-47
-46
-51
-48
-51
-48
-52
-52
-49
-51
-52
-52
-49
-50
-47
-45
-46
-47
-46
-46
-46
-49
-50
-52
-45
-45
-49
-48
-48
-52
-51
-53
-51
-52
-51
-50
-49
-49
-51
-48
-49
-51
-52
-54
-51
-49
-49
-50
-47
-47
-43
-45
-44
-48
-45
-47
-46
-39
-39
-42
-38
-34
-29
-29
-22
-19
-20
-21
-20
-27
-24
-30
-30
-33
-38
-42
-46
-48
-52
-59
-60
-66
-63
-63
-64
-64
-62
-64
-63
-63
-68
-69
-66
-63
-61
-64
-60
-62
-59
-63
-65
-72
-80
-86
-91
-96
-97
-94
-101
-110
-128
-141
-158
-165
-152
-128
-96
-63
-40
-16
-2
7
-10
-32
-48
-58
-57
-56
-58
-59
-58
-61
-57
-59
-56
-59
-59
-55
-60
-61
-63
-63
-62
-62
-58
-56
-59
-58
-59
-60
-57
-59
-58
-59
-61
-58
-57
-58
-56
-58
-55
-57
-57
-56
-59
-61
-65
-62
-60
-61
-60
-62
-58
-58
-59
-58
-59
-57
-57
-60
-58
-54
-57
-57
-57
-56
-59
-55
-60
-62
-63
-65
-59
-61
-60
-56
-59
-60
-64
-64
-68
-64
-61
-63
-64
-62
-61
-61
-58
-56
-58
-57
-61
-56
-58
-56
-50
-47
-49
-41
-39
-37
-34
-32
-29
-30
-28
-26
-30
-28
-29
-35
-38
-42
-49
-52
-58
-61
-64
-67
-71
-71
-68
-72
-74
-73
-73
-76
-76
-74
-74
-73
-72
-71
-66
-67
-68
-69
-74
-75
-83
-89
-94
-98
-98
-98
-99
-104
-113
-132
-151
-162
-159
-146
-115
-77
-46
-13
16
41
47
30
-3
-36
-63
-67
-68
-64
-65
-67
-65
-65
-62
-61
-61
-59
-61
-62
-62
-64
-64
-60
-58
-64
-58
-61
-61
-64
-60
-61
-62
-59
-61
-61
-55
-55
-56
-59
-57
-57
-59
-61
-61
-64
-62
-60
-63
-58
-53
-56
-57
-57
-60
-60
-62
-55
-55
-54
-54
-56
-54
-54
-48
-53
-56
-53
-59
-56
-61
-55
-63
-55
-55
-57
-56
-52
-57
-56
-57
-57
-57
-52
-54
-55
-52
-55
-55
-52
-53
-51
-55
-54
-59
-54
-51
-47
-47
-43
-38
-35
-36
-35
-31
-28
-25
-22
-25
-25
-28
-28
-29
-33
-40
-47
-51
-59
-63
-62
-66
-68
-75
-74
-69
-75
-75
-74
-77
-76
-78
-77
-73
-72
-70
-71
-70
-72
-72
-74
-81
-82
-89
-93
-102
-102
-101
-104
-105
-115
-134
-155
-169
-173
-167
-139
-103
-66
-31
-2
17
33
28
-3
-41
-63
-69
-68
-67
-70
-64
-70
-70
-69
-70
-68
-67
-70
-68
-68
-65
-62
-67
-64
-63
-64
-64
-67
-61
-62
-64
-63
-64
-61
-61
-59
-57
-58
-57
-56
-59
-60
-59
-58
-60
-61
-58
-60
-56
-58
-58
-60
-54
-56
-61
-58
-58
-62
-55
-51
-52
-52
-55
-53
-56
-57
-57
-55
-57
-58
-53
-56
-57
-57
-59
-61
-59
-57
-53
-50
-51
-50
-53
-54
-54
-52
-51
-53
-53
-55
-52
-51
-47
-48
-43
-43
-38
-41
-34
-36
-32
-28
-26
-24
-27
-20
-16
-24
-24
-22
-27
-29
-32
-41
-44
-50
-49
-51
-58
-61
-63
-63
-63
-64
-68
-69
-70
-71
-69
-64
-61
-62
-61
-59
-56
-58
-64
-67
-69
-72
-74
-82
-87
-92
-89
-92
-93
-95
-113
-136
-157
-168
-167
-142
-110
-79
-51
-26
-4
3
-4
-20
-42
-54
-60
-53
-51
-48
-47
-53
-52
-48
-54
-54
-50
-54
-55
-51
-49
-53
-53
-52
-54
-52
-52
-53
-56
-52
-52
-53
-51
-49
-48
-49
-46
-49
-52
-52
-50
-54
-53
-51
-50
-51
-52
-50
-52
-49
-50
-52
-52
-52
-53
-52
-51
-51
-51
-48
-51
-52
-53
-56
-55
-55
-55
-58
-58
-59
-59
-59
-60
-61
-61
-61
-60
-61
-63
-60
-56
-57
-56
-53
-54
-54
-56
-56
-56
-56
-58
-56
-52
-52
-51
-48
-48
-44
-45
-42
-40
-39
-33
-26
-24
-24
-24
-28
-31
-28
-30
-36
-42
-44
-50
-52
-55
-55
-56
-61
-69
-68
-72
-73
-76
-77
-75
-75
-72
-67
-68
-66
-67
-69
-66
-68
-70
-70
-70
-73
-80
-85
-94
-96
-99
-101
-105
-105
-117
-138
-155
-171
-167
-146
-116
-84
-55
-27
-2
12
6
-13
-42
-63
-70
-66
-64
-60
-64
-64
-69
-68
-65
-68
-65
-66
-69
-60
-66
-65
-67
-67
-64
-68
-67
-66
-67
-65
-62
-63
-60
-61
-56
-59
-62
-62
-63
-63
-60
-59
-62
-61
-60
-59
-61
-63
-64
-64
-65
-61
-65
-62
-60
-61
-60
-61
-58
-57
-58
-62
-57
-55
-58
-61
-61
-59
-61
-62
-60
-62
-60
-64
-66
-69
-67
-64
-62
-65
-61
-62
-63
-60
-62
-61
-62
-61
-60
-63
-58
-60
-61
-59
-59
-54
-56
-53
-51
-47
-47
-44
-39
-37
-34
-27
-26
-27
-29
-32
-36
-39
-47
-44
-49
-53
-54
-56
-57
-59
-67
-68
-75
-75
-78
-78
-77
-75
-76
-72
-74
-73
-73
-73
-74
-74
-75
-77
-72
-75
-78
-86
-93
-101
-100
-102
-105
-104
-114
-124
-143
-157
-169
-160
-134
-108
-66
-35
-5
20
38
34
11
-28
-58
-68
-70
-67
-64
-73
-77
-80
-78
-76
-78
-75
-74
-71
-73
-68
-73
-75
-77
-76
-74
-75
-70
-75
-71
-69
-68
-66
-68
-67
-66
-69
-68
-71
-69
-68
-68
-68
-67
-69
-67
-67
-66
-70
-69
-69
-73
-66
-68
-67
-68
-65
-62
-64
-62
-64
-62
-65
-63
-65
-64
-60
-59
-60
-60
-62
-64
-66
-65
-64
-66
-63
-64
-65
-62
-61
-58
-59
-61
-59
-63
-62
-61
-63
-62
-56
-59
-62
-55
-55
-55
-54
-53
-54
-48
-44
-42
-35
-28
-27
-26
-22
-22
-25
-26
-26
-32
-35
-37
-40
-49
-47
-52
-54
-59
-64
-69
-69
-69
-72
-72
-69
-70
-70
-70
-69
-68
-68
-67
-70
-68
-69
-67
-67
-69
-71
-81
-86
-91
-96
-94
-103
-102
