29
33
32
31
31
28
28
29
28
27
26
23
25
25
21
22
23
21
18
20
20
17
19
18
18
24
20
16
18
18
27
32
42
47
54
57
59
65
72
70
72
79
81
74
67
63
65
61
65
62
58
49
38
31
27
18
11
4
1
-3
-2
-2
-7
-8
-16
-25
-24
-15
14
49
71
77
78
107
159
215
248
261
279
284
251
194
140
100
59
15
-29
-64
-76
-80
-71
-60
-43
-35
-26
-21
-16
-18
-14
-8
-6
-1
0
3
3
9
9
15
15
20
25
26
26
27
30
29
34
36
37
39
37
37
36
33
35
33
33
29
27
19
15
11
10
5
8
6
4
5
5
11
8
11
13
9
13
8
9
5
7
6
6
5
5
3
-1
2
5
5
6
5
2
2
1
1
-2
1
0
2
-1
-3
0
-1
-5
-4
-8
-7
-8
-10
-9
-10
-9
-10
-11
-12
-13
-14
-11
-12
-12
-14
-16
-18
-17
-15
-16
-14
-11
-9
-3
0
6
14
18
29
35
39
36
37
42
44
43
36
32
28
26
27
22
21
14
6
-1
-8
-12
-25
-32
-38
-40
-41
-43
-41
-41
-50
-62
-60
-50
-19
17
41
42
45
67
117
177
210
223
240
251
231
179
120
76
37
-4
-54
-93
-110
-113
-107
-92
-79
-77
-63
-58
-55
-48
-45
-45
-44
-42
-38
-36
-29
-28
-18
-16
-20
-18
-16
-12
-8
-4
-1
-4
-3
-1
-3
0
3
0
3
2
0
1
-7
-11
-11
-16
-16
-25
-31
-31
-36
-35
-35
-32
-32
-29
-27
-29
-21
-27
-25
-33
-32
-32
-31
-32
-31
-33
-36
-36
-35
-34
-34
-32
-35
-36
-39
-37
-39
-36
-37
-36
-38
-37
-38
-39
-46
-44
-43
-43
-43
-41
-43
-43
-48
-51
-47
-47
-48
-48
-46
-50
-50
-54
-50
-51
-52
-52
-49
-50
-48
-47
-45
-37
-27
-22
-15
-8
-5
-2
4
8
5
12
13
13
5
4
4
1
-3
0
-6
-10
-17
-22
-29
-41
-50
-57
-59
-64
-63
-62
-62
-67
-74
-84
-87
-78
-45
-6
18
17
16
39
90
151
188
199
216
231
202
148
92
49
15
-25
-73
-114
-134
-138
-135
-117
-109
-98
-88
-81
-78
-77
-77
-68
-69
-61
-54
-50
-51
-51
-47
-42
-39
-39
-35
-32
-33
-26
-24
-24
-29
-20
-24
-24
-23
-22
-22
-26
-27
-30
-34
-33
-34
-40
-43
-46
-51
-58
-60
-60
-54
-55
-51
-43
-48
-48
-48
-48
-50
-53
-50
-51
-45
-50
-55
-56
-57
-54
-55
-54
-55
-53
-58
-61
-59
-59
-57
-55
-56
-58
-62
-61
-62
-63
-64
-62
-65
-63
-65
-70
-64
-63
-66
-67
-66
-70
-67
-74
-78
-78
-79
-75
-76
-74
-75
-76
-73
-72
-77
-72
-69
-64
-53
-48
-40
-42
-34
-27
-23
-19
-16
-8
-8
-11
-19
-20
-22
-25
-24
-29
-28
-35
-43
-54
-63
-70
-74
-81
-89
-89
-93
-94
-94
-97
-107
-110
-110
-100
-70
-34
-12
-8
-8
18
65
125
156
164
185
199
170
115
63
23
-16
-61
-108
-144
-162
-164
-155
-142
-126
-121
-111
-104
-104
-97
-95
-96
-90
-85
-81
-74
-73
-76
-73
-69
-60
-56
-54
-51
-48
-47
-47
-43
-40
-42
-35
-34
-33
-33
-37
-37
-41
-41
-35
-42
-45
-49
-61
-64
-67
-68
-70
-67
-67
-64
-65
-62
-61
-61
-60
-57
-63
-59
-59
-65
-62
-65
-65
-63
-68
-70
-68
-69
-72
-67
-69
-70
-71
-70
-68
-67
-68
-72
-68
-70
-73
-70
-73
-71
-72
-74
-74
-75
-75
-75
-82
-76
-78
-80
-81
-82
-82
-84
-79
-80
-76
-78
-81
-82
-83
-79
-77
-74
-68
-63
-56
-54
-50
-40
-34
-27
-23
-24
-22
-20
-24
-27
-30
-35
-30
-33
-31
-39
-50
-56
-65
-66
-74
-83
-89
-96
-97
-101
-99
-97
-103
-109
-117
-118
-103
-73
-37
-14
-12
-6
15
67
128
166
176
190
208
181
126
70
24
-14
-57
-104
-147
-168
-168
-163
-144
-130
-119
-115
-112
-108
-105
-99
-96
-91
-87
-86
-80
-81
-78
-75
-70
-61
-66
-59
-59
-52
-50
-47
-48
-45
-43
-43
-46
-43
-44
-44
-41
-44
-49
-50
-52
-55
-59
-65
-66
-73
-79
-78
-76
-71
-72
-68
-63
-63
-63
-63
-63
-62
-63
-63
-63
-64
-64
-65
-65
-63
-66
-68
-67
-68
-69
-64
-67
-66
-69
-64
-70
-67
-71
-71
-69
-71
-68
-64
-70
-72
-74
-72
-71
-67
-70
-68
-71
-73
-74
-78
-76
-74
-72
-74
-74
-76
-79
-80
-82
-76
-71
-72
-64
-58
-56
-46
-40
-35
-29
-17
-14
-12
-9
-9
-7
-10
-13
-15
-15
-21
-20
-20
-27
-32
-41
-48
-56
-64
-74
-76
-81
-80
-82
-82
-81
-86
-95
-102
-96
-75
-43
-6
6
1
15
50
110
160
181
194
210
211
163
108
60
23
-17
-64
-113
-142
-153
-146
-134
-123
-108
-101
-92
-86
-83
-76
-73
-71
-67
-64
-61
-56
-54
-48
-44
-39
-41
-34
-33
-34
-28
-26
-20
-18
-18
-17
-15
-17
-18
-19
-19
-19
-20
-23
-28
-30
-32
-35
-37
-37
-46
-47
-46
-47
-47
-44
-43
-43
-42
-40
-39
-36
-38
-42
-45
-46
-48
-48
-44
-43
-46
-44
-47
-43
-45
-45
-44
-45
-40
-45
-44
-49
-49
-52
-47
-45
-48
-48
-49
-51
-52
-54
-49
-51
-56
-54
-53
-57
-58
-56
-58
-57
-51
-58
-57
-59
-61
-62
-60
-58
-60
-56
-50
-43
-40
-32
-30
-20
-17
-5
-5
0
1
3
8
7
3
-2
-4
-6
-3
-5
-4
-13
-21
-28
-37
-40
-53
-60
-63
-64
-72
-71
-72
-70
-76
-84
-92
-88
-70
-34
0
12
11
23
58
117
169
186
202
223
220
177
114
62
25
-13
-60
-105
-131
-138
-140
-128
-114
-100
-90
-80
-78
-74
-72
-72
-66
-62
-58
-54
-49
-49
-46
