-58
-57
-54
-56
-51
-54
-51
-55
-52
-55
-58
-57
-57
-60
-56
-57
-56
-55
-54
-56
-52
-56
-51
-52
-52
-53
-49
-46
-46
-44
-48
-46
-45
-45
-49
-48
-44
-45
-43
-42
-41
-40
-41
-41
-41
-46
-42
-37
-40
-42
-49
-47
-48
-43
-50
-49
-51
-55
-56
-58
-60
-59
-61
-60
-60
-61
-62
-56
-60
-62
-59
-64
-60
-65
-63
-62
-59
-59
-60
-58
-56
-57
-53
-49
-48
-49
-45
-45
-42
-38
-32
-27
-26
-25
-25
-24
-29
-31
-33
-36
-39
-44
-51
-51
-51
-51
-54
-55
-64
-67
-71
-71
-70
-67
-71
-69
-61
-67
-64
-67
-66
-65
-70
-68
-64
-59
-64
-68
-73
-79
-79
-82
-80
-78
-75
-70
-80
-102
-140
-171
-190
-187
-173
-149
-126
-97
-70
-50
-36
-32
-44
-49
-53
-49
-45
-42
-43
-44
-48
-50
-51
-53
-49
-49
-48
-43
-45
-48
-45
-47
-43
-42
-46
-48
-48
-47
-44
-42
-41
-39
-40
-38
-38
-41
-41
-40
-37
-42
-34
-34
-34
-33
-33
-38
-38
-32
-29
-34
-35
-38
-30
-33
-32
-32
-35
-34
-36
-36
-36
-36
-42
-38
-45
-47
-49
-47
-51
-54
-53
-50
-53
-52
-51
-54
-53
-56
-55
-56
-50
-46
-45
-50
-53
-48
-48
-46
-50
-48
-45
-40
-41
-37
-34
-32
-28
-24
-25
-21
-21
-24
-28
-30
-30
-30
-33
-31
-39
-44
-47
-52
-53
-56
-60
-63
-61
-62
-62
-66
-67
-66
-62
-64
-66
-66
-67
-67
-66
-68
-61
-64
-61
-63
-68
-71
-72
-79
-80
-82
-81
-80
-74
-73
-86
-112
-148
-173
-187
-180
-158
-141
-115
-91
-64
-39
-19
-17
-31
-45
-53
-53
-56
-52
-53
-57
-57
-57
-56
-55
-53
-50
-48
-50
-55
-54
-56
-54
-51
-56
-56
-55
-57
-52
-48
-50
-48
-46
-53
-52
-54
-55
-50
-49
-48
-50
-40
-39
-40
-44
-40
-45
-47
-46
-46
-43
-44
-38
-41
-40
-41
-41
-40
-40
-43
-43
-39
-41
-46
-46
-46
-51
-50
-48
-54
-55
-50
-52
-53
-55
-59
-60
-59
-53
-50
-51
-54
-56
-56
-57
-57
-54
-60
-57
-56
-48
-45
-44
-42
-39
-39
-36
-36
-31
-26
-24
-25
-27
-24
-27
-26
-30
-36
-45
-50
-55
-52
-52
-56
-59
-60
-64
-63
-58
-63
-63
-67
-69
-66
-68
-69
-72
-66
-65
-62
-60
-57
-63
-64
-63
-70
-74
-79
-80
-81
-79
-80
-74
-75
-85
-108
-143
-169
-179
-172
-152
-124
-98
-76
-45
-17
2
7
-7
-31
-49
-60
-59
-55
-52
-49
-51
-54
-53
-49
-50
-51
-52
-51
-54
-55
-57
-56
-54
-53
-52
-47
-49
-53
-54
-48
-49
-48
-46
-44
-42
-42
-43
-38
-42
-41
-40
-45
-46
-41
-40
-46
-43
-38
-36
-30
-32
-32
-32
-35
-37
-35
-33
-36
-39
-43
-41
-38
-37
-39
-42
-47
-54
-48
-52
-56
-55
-58
-57
-58
-53
-50
-53
-51
-56
-57
-60
-53
-54
-52
-60
-59
-56
-51
-52
-52
-48
-45
-46
-45
-39
-35
-32
-29
-22
-22
-22
-23
-23
-31
-35
-36
-41
-43
-53
-51
-54
-59
-62
-64
-65
-71
-76
-76
-79
-78
-76
-78
-73
-72
-71
-69
-67
-68
-65
-71
-67
-71
-67
-70
-80
-85
-92
-91
-89
-86
-80
-85
-96
-114
-147
-175
-184
-179
-152
-126
-97
-68
-36
-8
-2
-9
-30
-49
-63
-64
-61
-55
-53
-51
-55
-60
-59
-59
-57
-58
-59
-57
-55
-53
-53
-55
-55
-53
-54
-55
-54
-57
-53
-54
-51
-50
-48
-47
-47
-42
-46
-42
-45
-46
-50
-46
-48
-45
-41
-38
-32
-36
-36
-38
-43
-42
-40
-42
-37
-35
-37
-36
-36
-42
-45
-39
-45
-44
-48
-51
-52
-54
-55
-48
-49
-50
-53
-53
-52
-49
-53
-51
-55
-55
-55
-50
-51
-50
-54
-55
-54
-48
-48
-46
-45
-43
-40
-39
-37
-31
-28
-23
-21
-20
-21
-28
-31
-32
-34
-35
-35
-41
-44
-47
-51
-53
-52
-58
-63
-66
-68
-66
-63
-70
-66
-64
-63
-63
-64
-64
-62
-64
-64
-64
-63
-57
-62
-64
-68
-77
-79
-81
-78
-80
-74
-71
-76
-99
-134
-167
-188
-187
-171
-147
-121
-104
-82
-56
-27
-24
-30
-40
-54
-55
-49
-43
-43
-51
-53
-55
-53
-48
-45
-47
-42
-43
-39
-41
-41
-48
-48
-45
-45
-46
-51
-47
-45
-41
-41
-41
-41
-39
-47
-42
-41
-42
-41
-38
-37
-41
-36
-36
-36
-34
-36
-37
-41
-36
-37
-41
-42
-37
-35
-36
-32
-40
-41
-43
-43
-47
-47
-52
-51
-50
-50
-49
-58
-55
-56
-54
-54
-58
-59
-61
-56
-60
-62
-60
-60
-56
-56
-53
-56
-58
-63
-59
-59
-53
-53
-50
-51
-42
-40
-41
-37
-35
-35
-33
-36
-32
-32
-37
-34
-37
-43
-46
-50
-52
-53
-59
-62
-64
-69
-73
-73
-69
-70
-73
-76
-74
-70
-75
-78
-77
-75
-78
-76
-71
-75
-71
-72
-72
-76
-82
-88
-92
-93
-88
-85
-76
-77
-82
-104
-135
-164
-185
-186
-174
-151
-121
-100
-70
-50
-25
-17
-25
-39
-54
-57
-57
-54
-54
-59
-56
-60
-56
-52
-51
-51
-54
-53
-54
-57
-59
-60
-54
-56
-51
-50
-48
-51
-49
-51
-48
-52
-53
-53
-48
-51
-45
-48
-46
-42
-45
-48
-45
-43
-47
-50
-47
-45
-44
-43
-44
-37
-37
-37
-35
-39
-41
-40
-39
-37
-39
-45
-44
-47
-46
-50
-50
-51
-53
-54
-57
-54
-54
-54
-56
-60
-56
-52
-52
-53
-55
-58
-55
-56
-55
-57
-58
-58
-57
-52
-50
-47
-43
-41
-44
-40
-35
-32
-31
-32
-27
-29
-26
-29
-29
-34
-40
-47
-51
-55
-54
-57
-59
-62
-65
-69
-68
-63
-71
-72
-75
-71
-72
-68
-64
-65
-64
-72
-68
-67
-67
-69
-67
-71
-74
-83
-86
-88
-86
-83
-80
-77
-87
-106
-133
-163
-177
-182
-167
-141
-112
-87
-63
-33
-12
0
-7
-30
-46
-54
-62
-63
-57
-56
-56
-57
-60
-61
-59
-63
-59
-56
-56
-60
-57
-57
-54
-56
-51
-55
-53
-50
-55
-55
-55
-55
-56
-53
-47
-45
-46
-47
-44
-43
-48
-46
-47
-48
-47
-43
-41
-40
-41
-37
-40
-39
-38
-39
-38
-40
-37
-40
-44
-43
-40
-44
-41
-44
-48
-51
-52
-56
-54
-57
-56
-57
-58
-53
-59
-55
-60
-62
-57
-59
-58
-59
-59
-56
-56
-55
-52
-51
-50
-49
-46
-46
-43
-41
-38
-36
-30
-24
-23
-16
-19
-18
-26
-25
-28
-29
-36
-37
-44
-45
-44
-44
-51
-51
-54
-61
-61
-63
-64
-61
-62
-67
-63
-60
-56
-58
-54
-56
-55
-58
-58
-58
-65
-61
-60
-64
-71
-75
-78
-77
-77
-71
-70
-86
-112
-146
-173
-178
-170
-146
-117
-95
-75
-44
-22
-9
-16
-27
-40
-47
-52
-44
-41
-40
-41
-52
-48
-52
-51
-50
-47
-46
-47
-47
-45
-45
-47
-44
-41
-41
-40
-40
-43
-45
-40
-40
-43
-41
-36
-38
-34
-35
-40
-41
-40
-39
-41
-37
-40
-39
-39
-38
-37
-38
-37
-36
-40
-36
-32
-36
-32
-32
-33
-38
-42
-47
-49
-47
-52
-51
-55
-54
-59
-58
-55
-59
-56
-49
-56
-56
-56
-57
-56
-60
-56
-57
-54
-48
-51
-54
-54
-55
-55
-54
-54
-52
-45
-42
-40
-34
-36
-31
-31
-26
-31
-30
-30
-31
-31
-32
-35
-40
-43
-47
-55
-56
-55
-58
-64
-64
-65
-65
-68
-68
-72
-73
-71
-72
-70
-70
-67
-70
-69
-69
-69
-70
-68
-63
-64
-72
-79
-83
-83
-81
-82
-80
-73
-72
-90
-124
-162
-186
-193
-182
-166
-146
-125
-102
-74
-50
-36
-38
-46
-49
-52
-48
-45
-47
-46
-49
-50
-48
-54
-52
-52
-51
-48
-49
-50
-50
-51
-53
-50
-49
-49
-46
-48
-49
-45
-44
-43
-49
-49
-50
-49
-50
-45
-46
-44
-42
-43
-40
-44
-43
-40
-39
-40
-43
-45
-43
-42
-39
-33
-38
-37
-43
-42
-45
-41
-41
-43
-48
-46
-46
-47
-44
-50
-48
-49
-52
-56
-55
-55
-55
-54
-54
-54
-53
-52
-52
-54
-56
-54
-55
-55
-52
-52
-50
-50
-48
-48
-44
-40
-40
-40
-36
-37
-32
-35
-29
-28
-25
-23
-24
-26
-29
-35
-38
-42
-49
-52
-55
-58
-57
-55
-56
-61
-67
-65
-69
-68
-68
-71
-72
-70
-67
-66
-70
-65
-62
-63
-62
-63
-65
-68
-73
-79
-82
-84
-83
-79
-78
-78
-84
-100
-123
-152
-173
-179
-167
-142
-114
-88
-63
-32
-9
-2
-7
-27
-45
-58
-62
-58
-54
-55
-53
-55
-54
-54
-51
-53
-51
-50
-54
-52
-56
-56
-56
-57
-55
-52
-52
-53
-52
-52
-54
-50
-53
-52
-54
-50
-47
-45
-47
-43
-45
-44
-43
-46
-48
-46
-44
-42
-41
-47
-40
-37
-37
-39
-40
-41
-41
-40
-44
-40
-38
-38
-39
-41
-43
-46
-49
-51
-54
-56
-61
-57
-53
-56
-56
-54
-55
-58
-58
-55
-59
-61
-58
-60
-56
-58
-57
-57
-52
-48
-44
-51
-49
-47
-43
-39
-36
-33
-29
-24
-26
-23
-19
-24
-27
-32
-35
-35
-44
-46
-50
-53
-53
-60
-63
-63
-70
-72
-71
-73
-73
-71
-71
-71
-69
-68
-65
-66
-65
-66
-63
-62
-64
-70
-75
-75
-79
-85
-79
-80
-79
-75
-76
-83
-100
-127
-158
-179
-184
-163
-140
-110
-79
-53
-27
-5
5
-4
-23
-43
-53
-57
-51
-53
-54
-50
-55
-52
-56
-55
-54
-55
-59
-55
-54
-52
-52
-52
-48
-55
-58
-60
-55
-57
-54
-49
-49
-49
-47
-46
-43
-40
-43
-46
-47
-48
-47
-48
-40
-42
-43
-38
-41
-41
-41
-39
-43
-44
-42
-41
-39
-37
-37
-35
-35
-35
-41
-42
-44
-47
-53
-49
-53
-52
-53
-50
-57
-53
-56
-56
-59
-56
-59
-58
-55
-53
-56
-58
-54
-54
-53
-57
-55
-54
-54
-53
-53
-47
-42
-37
-33
-29
-28
-26
-21
-23
-24
-26
-29
-30
-33
-37
-38
-41
-45
-53
-55
-57
-63
-68
-68
-72
-74
-69
-76
-75
-74
-71
-70
-67
-67
-71
-71
-67
-65
-69
-71
-73
-68
-71
-77
-77
-85
-88
-88
-88
-87
-83
-83
-96
-132
-162
-186
-189
-175
-154
-135
-110
-84
-55
-30
-21
-28
-41
-52
-61
-62
-59
-59
-55
-58
-56
-59
-60
-60
-57
-58
-52
-54
-54
-54
-57
-54
-56
-60
-63
-61
-54
-49
-53
-50
-49
-49
-46
-50
-49
-51
-48
-53
-49
-45
-42
-46
-42
-39
-44
-44
-44
-49
-45
-46
-46
-45
-42
-41
-41
-43
-44
-46
-45
-49
-49
-50
-55
-54
-56
-55
-53
-57
-60
-63
-60
-63
-62
-66
-62
-61
-58
-54
-59
-59
-57
-58
-60
-60
-62
-56
-59
-55
-53
-54
-49
-49
-44
-45
-41
-39
-33
-32
-29
-24
-29
-27
-27
-31
-28
-26
-30
-37
-44
-47
-53
-54
-55
-60
-64
-63
-63
-62
-64
-68
-64
-64
-64
-65
-66
-63
-64
-68
-64
-64
-60
-59
-58
-69
-72
-73
-82
-81
-79
-75
-74
-72
-71
-81
-104
-136
-172
-191
-186
-171
-153
-127
-100
-75
-51
-30
-25
-34
-44
-53
-51
-53
-52
-50
-47
-45
-49
-47
-47
-45
-47
-50
-48
-51
-52
-51
-54
-49
-51
-47
-48
-49
-50
-49
-49
-48
-48
-40
-43
-46
-43
-42
-44
-44
-42
-40
-43
-44
-45
-45
-44
-45
-45
-42
-38
-40
-39
-36
-37
-39
-40
-41
-42
-46
-47
-49
-54
-49
-52
-54
-56
-53
-55
-57
-58
-63
-60
-61
-60
-58
-56
-58
-63
-57
-57
-56
-58
-60
-60
-64
-64
-62
-62
-56
-53
-54
-48
-48
-46
-48
-43
-39
-34
-34
-31
-31
-27
-24
-27
-31
-31
-27
-37
-44
-46
-52
-59
-53
-55
-56
-59
-64
-69
-68
-71
-70
-70
-69
-73
-72
-73
-73
-68
-68
-68
-64
-60
-64
-73
-73
-72
-76
-82
-84
-84
-82
-82
-77
-79
-90
-111
-142
-166
-180
-173
-155
-125
-98
-72
-47
-24
-12
-15
-29
-45
-50
-60
-55
-54
-48
-51
-53
-59
-54
-54
-54
-61
-55
-58
-55
-52
-50
-49
-48
-46
-52
-47
-47
-54
-51
-46
-51
-44
-40
-43
-42
-40
-40
-39
-41
-37
-39
-40
-37
-39
-37
-36
-35
-30
-30
-28
-29
-29
-32
-33
-36
-30
-31
-33
-31
-30
-32
-33
-35
-35
-42
-41
-49
-49
-47
-49
-47
-47
-47
-41
-44
-48
-46
-48
-47
-49
-51
-50
-50
-53
-48
-44
-48
-45
-41
-43
-42
-40
-37
-40
-34
-29
-27
-20
-21
-19
-19
-23
-20
-22
-23
-28
-32
-39
-41
-44
-46
-44
-42
-50
-56
-58
-62
-62
-63
-66
-65
-64
-62
-66
-61
-58
-58
-59
-61
-63
-63
-58
-61
-63
-70
-72
-77
-81
-78
-77
-76
-73
-82
-103
-131
-160
-179
-176
-158
-138
-108
-78
-51
-29
-6
0
-6
-25
-39
-52
-53
-50
-50
-52
-53
-54
-56
-54
-51
-53
-52
-47
-50
-51
-49
-49
-51
-48
-51
-55
-51
-52
-52
-49
-49
-47
-44
-47
-46
-43
-41
-42
-42
-39
-43
-43
-47
-43
-42
-43
-39
-39
-36
-33
-38
-45
-42
-41
-36
-36
-42
-35
-36
-42
-41
-40
-44
-48
-51
-47
-52
-50
-55
-49
-48
-48
-49
-56
-58
-61
-56
-54
-56
-53
-52
-52
-50
-52
-50
-50
-52
-48
-48
-46
-45
-46
-42
-37
-30
-32
-31
-26
-24
-21
-18
-18
-21
-26
-27
-27
-28
-35
-39
-40
-47
-51
-51
-53
-57
-59
-62
-64
-71
-68
-64
-62
-64
-60
-62
-60
-62
-64
-64
-66
-67
-64
-61
-61
-63
-64
-69
-73
-79
-81
-74
-78
-75
-77
-87
-116
-151
-178
-186
-175
-156
-139
-108
-81
-57
-38
-21
-16
-29
-36
-50
-49
-45
-44
-44
-40
-46
-47
-48
-46
-45
-42
-40
-40
-41
-44
-45
-45
-45
-47
-46
-41
-38
-37
-34
-34
-36
-38
-39
-38
-43
-44
-37
-34
-35
-34
-34
-36
-35
-37
-34
-34
-32
-32
-37
-35
-39
-41
-38
-36
-33
-32
-27
-32
-38
-38
-43
-44
-48
-46
-48
-47
-46
-49
-48
-50
-48
-50
-54
-58
-57
-56
-60
-54
-53
-54
-52
-54
-53
-55
-61
-58
-56
-53
-49
-47
-39
-39
-36
-43
-38
-35
-36
-33
-27
-29
-26
-29
-30
-32
-31
-34
-33
-38
-40
-50
-55
-54
-56
-60
-64
-63
-64
-68
-67
-67
-67
-68
-69
-71
-74
-73
-71
-70
-68
-64
-64
-60
-60
-58
-60
-64
-71
-75
-83
-80
-86
-79
-74
-76
-84
-110
-145
-171
-182
-175
-150
-123
-98
-73
-50
-26
-8
-3
-14
-32
-47
-57
-58
-58
-55
-55
-56
-54
-51
-49
-47
-46
-51
-54
-56
-56
-53
-55
-47
-49
-45
-44
-48
-50
-51
-47
-49
-50
-49
-49
-41
-41
-42
-42
-40
-37
-41
-38
-37
-39
-38
-39
-39
-41
-40
-38
-32
-34
-31
-35
-35
-38
-39
-35
-33
-34
-36
-40
-40
-44
-41
-42
-42
-45
-46
-49
-49
-53
-55
-54
-51
-51
-48
-48
-47
-46
-46
-49
-49
-53
-50
-52
-51
-49
-48
-46
-39
-36
-35
-30
-31
-33
-32
-30
-26
-22
-18
-16
-15
-20
-18
-19
-22
-31
-32
-36
-43
-48
-47
-49
-56
-60
-64
-64
-61
-66
-68
-69
-67
-66
-65
-64
-68
-62
-60
-63
-61
-59
-61
-64
-63
-69
-77
-81
-83
-85
-80
-78
-72
-71
-86
-113
-147
-171
-177
-170
-140
-113
-85
-54
-24
0
5
-2
-26
-44
-54
-56
-57
-54
-50
-52
-52
-51
-48
-48
-46
-44
-50
-48
-54
-51
-50
-50
-48
-46
-47
-49
-48
-50
-51
-49
-48
-45
-43
-43
-43
-48
-44
-39
-38
-40
-41
-48
-45
-42
-39
-36
-39
-36
-34
-32
-31
-30
-32
-34
-32
-32
-31
-36
-34
-37
-37
-38
-43
-39
-44
-47
-50
-49
-54
-51
-59
-55
-55
-50
-49
-53
-51
-53
-55
-55
-56
-54
-57
-58
-59
-56
-60
-54
-48
-49
-51
-48
-45
-41
-39
-35
-31
-26
-27
-23
-16
-16
-23
-26
-31
-36
-40
-47
-46
-46
-49
-51
-58
-62
-64
-62
-67
-71
-75
-75
-72
-72
-70
-68
-66
-64
-64
-58
-65
-64
-68
-67
-64
-72
-74
-75
-81
-79
-81
-82
-77
-77
-89
-117
-151
-175
-184
-172
-150
-122
-97
-66
-34
-13
0
-5
-27
-46
-57
-58
-50
-46
-47
-47
-49
-47
-50
-52
-51
-48
-49
-48
-43
-43
-43
-42
-44
-47
-46
-45
-44
-44
-47
-48
-46
-37
-39
-40
-39
-39
-40
-38
-41
-40
-41
-38
-40
-39
-39
-37
-33
-35
-34
-31
-29
-32
-35
-34
-35
-38
-42
-38
-36
-39
-35
-36
-42
-41
-46
-50
-50
-54
-56
-53
-52
-48
-48
-43
-48
-54
-56
-52
-57
-58
-60
-55
-50
-51
-53
-51
-51
-51
-52
-54
-50
-48
-40
-35
-40
-37
-31
-25
-24
-17
-21
-25
-24
-24
-25
-31
-36
-37
-45
-48
-55
-60
-62
-62
-64
-66
-64
-68
-68
-64
-62
-62
-62
-63
-62
-66
-71
-66
-67
-63
-65
-69
-67
-64
-75
-82
-86
-86
-82
-82
-81
-73
-83
-105
-140
-166
-189
-191
-174
-147
-131
-108
-85
-58
-36
-22
-30
-40
-48
-59
-56
-50
-49
-53
-57
-57
-56
-54
-51
-49
-48
-45
-43
-41
-49
-48
-46
-51
-53
-56
-52
-51
-50
-46
-47
-46
-44
-42
-44
-43
-44
-44
-42
-44
-45
-43
-45
-41
-40
-39
-42
-46
-49
-50
-46
-41
-40
-41
-41
-41
-38
-38
-39
-45
-45
-47
-49
-49
-50
-51
-53
-56
-54
-55
-54
-57
-58
-56
-60
-61
-57
-58
-58
-58
-59
-51
-51
-54
-52
-51
-56
-54
-59
-54
-54
-50
-48
-42
-41
-34
-29
-34
-29
-24
-24
-23
-24
-24
-31
-29
-31
-36
-36
-40
-44
-46
-50
-57
-54
-61
-68
-66
-64
-63
-64
-63
-61
-62
-66
-69
-67
-63
-63
-63
-61
-63
-60
-62
-61
-62
-69
-76
-80
-81
-81
-77
-76
-74
-79
-102
-129
-158
-172
-168
-147
-122
-94
-64
-37
-16
0
5
-3
-28
-42
-46
-48
-43
-43
-48
-54
-52
-48
-47
-45
-46
-44
-45
-45
-45
-47
-44
-45
-44
-45
-47
-46
-44
-44
-44
-44
-43
-44
-44
-45
-43
-42
-39
-41
-36
-34
-37
-39
-36
-39
-42
-37
-36
-33
-25
-28
-29
-31
-34
-32
-30
-30
-35
-32
-36
-35
-38
-37
-36
-38
-36
-42
-47
-49
-50
-54
-54
-48
-51
-52
-53
-55
-54
-50
-51
-53
-53
-51
-63
-60
-57
-59
-57
-56
-54
-49
-45
-46
-40
-40
-39
-36
-32
-30
-26
-27
-27
-26
-32
-35
-32
-39
-46
-46
-55
-53
-53
-58
-56
-62
-66
-67
-66
-67
-69
-68
-67
-72
-72
-73
-77
-71
-68
-64
-62
-62
-66
-65
-71
-74
-80
-86
-91
-91
-90
-87
-82
-82
-100
-127
-161
-176
-178
-166
-136
-102
-71
-33
-7
15
19
0
-25
-46
-61
-63
-61
-58
-58
-57
-59
-58
-57
-61
-60
-60
-55
-56
-58
-62
-64
-65
-66
-63
-64
-60
-61
-60
-56
-60
-58
-57
-51
-53
-49
-47
-45
-48
-45
-43
-46
-48
-46
-49
-50
-48
-46
-43
-40
-40
-36
-38
-40
-38
-37
-37
-40
-43
-39
-38
-43
-41
-44
-45
-39
-41
-44
-47
-51
-55
-58
-52
-53
-49
-51
-54
-55
-53
-51
-49
-54
-61
-56
-56
-53
-53
-56
-51
-48
-46
-46
-45
-46
-42
-39
-38
-32
-28
-27
-26
-22
-18
-20
-18
-24
-27
-35
-40
-43
-47
-48
-50
-50
-54
-61
-59
-59
-62
-63
-66
-63
-62
-57
-56
-57
-57
-59
-55
-55
-56
-60
-57
-58
-57
-62
-65
-75
-78
-78
-74
-70
-63
-66
-76
-109
-143
-170
-184
-175
-155
-130
-106
-76
-52
-25
-12
-24
-32
-46
-51
-50
-46
-45
-44
-39
-44
-42
-44
-49
-51
-48
-46
-43
-46
-42
-45
-46
-48
-43
-46
-48
-50
-49
-49
-49
-48
-45
-43
-44
-45
-43
-40
-40
-44
-41
-45
-44
-45
-43
-40
-41
-43
-41
-43
-42
-47
-44
-42
-46
-42
-39
-43
-42
-44
-43
-44
-47
-43
-48
-49
-50
-52
-54
-57
-56
-56
-55
-50
-50
-50
-53
-52
-54
-53
-54
-52
-53
-54
-55
-55
-51
-48
-48
-47
-48
-49
-44
-43
-40
-38
-33
-35
-29
-27
-23
-23
-19
-21
-23
-28
-27
-32
-37
-44
-48
-50
-45
-47
-54
-52
-61
-65
-68
-67
-70
-67
-64
-63
-60
-61
-61
-63
-60
-54
-57
-53
-60
-58
-62
-60
-61
-68
-75
-74
-73
-75
-71
-70
-71
-79
-96
-127
-151
-169
-168
-152
-125
-97
-73
-45
-24
-7
0
-11
-25
-37
-43
-46
-48
-45
-42
-44
-45
-44
-45
-48
-45
-42
-39
-39
-39
-38
-39
-40
-39
-40
-33
-35
-39
-37
-35
-36
-33
-34
-32
-36
-36
-37
-34
-36
-36
-33
-30
-31
-32
-27
-27
-31
-30
-27
-28
-25
-29
-27
-30
-28
-23
-25
-24
-29
-29
-26
-28
-27
-31
-35
-39
-40
-42
-41
-42
-42
-42
-36
-37
-42
-43
-48
-52
-50
-48
-42
-43
-39
-40
-46
-45
-48
-46
-44
-48
-38
-40
-39
-37
-32
-27
-26
-21
-17
-17
-19
-17
-16
-17
-22
-19
-23
-22
-23
-28
-34
-41
-39
-40
-48
-50
-55
-54
-55
-57
-56
-54
-56
-57
-57
-59
-58
-59
-57
-57
-58
-60
-59
-57
-56
-60
-60
-69
-76
-74
-69
-74
-74
-70
-68
-85
-114
-144
-164
-167
-151
-125
-97
-69
-36
-10
9
14
5
-18
-30
-42
-46
-44
-46
-51
-52
-48
-51
-46
-43
-42
-43
-45
-43
-44
-51
-48
-50
-49
-45
-47
-45
-41
-41
-42
-41
-42
-40
-39
-41
-43
-40
-39
-40
-40
-38
-35
-34
-29
-31
-34
-36
-36
-33
-36
-32
-31
-31
-30
-24
-22
-22
-27
-30
-30
-28
-32
-34
-38
-40
-38
-39
-43
-47
-47
-48
-48
-47
-47
-53
-51
-52
-51
-50
-47
-43
-42
-41
-45
-47
-52
-50
-48
-47
-45
-41
-40
-41
-37
-33
-30
-28
-24
-21
-17
-17
-13
-12
-10
-15
-18
-18
-14
-16
-22
-27
-29
-33
-36
-40
-48
-51
-53
-58
-54
-52
-52
-55
-59
-60
-60
-60
-54
-53
-51
-51
-47
-44
-38
-47
-49
-62
-67
-72
-73
-77
-74
-73
-68
-73
-89
-111
-139
-160
-164
-146
-119
-86
-52
-22
6
25
32
15
-5
-26
-46
-49
-47
-48
-54
-51
-48
-49
-47
-42
-45
-48
-42
-42
-44
-46
-45
-44
-44
-46
-43
-42
-40
-40
-42
-48
-47
-44
-38
-38
-41
-39
-36
-36
-40
-30
-36
-32
-32
-35
-35
-34
-34
-31
-30
-30
-27
-26
-31
-26
-28
-28
-29
-32
-33
-36
-37
-30
-35
-36
-40
-36
-40
-47
-43
-42
-45
-45
-46
-43
-47
-45
-46
-42
-46
-46
-48
-48
-47
-46
-50
-49
-48
-45
-43
-41
-40
-34
-38
-32
-31
-22
-20
-18
-14
-15
-12
-11
-8
-13
-20
-20
-26
-30
-37
-42
-46
-44
-46
-51
-52
-53
-53
-55
-57
-58
-60
-62
-57
-59
-53
-56
-52
-57
-59
-59
-60
-59
-58
-61
-67
-74
-78
-81
-81
-79
-74
-74
-76
-91
-106
-140
-166
-172
-157
-126
-95
-61
-29
9
34
41
33
0
-26
-42
-51
-50
-52
-49
-50
-46
-48
-43
-42
-44
-45
-43
-50
-47
-44
-40
-39
-40
-46
-46
-42
-42
-46
-43
-44
-38
-36
-34
-35
-38
-35
-33
-32
-33
-34
-38
-35
-30
-32
-32
-28
-31
-29
-28
-24
-23
-20
-23
-25
-23
-27
-23
-23
-27
-25
-23
-27
-28
-27
-30
-36
-38
-40
-41
-40
-44
-38
-39
-43
-45
-39
-37
-43
-39
-43
-44
-44
-44
-44
-42
-40
-40
-38
-39
-36
-43
-42
-38
-33
-28
-20
-22
-16
-8
-6
-5
-4
-5
-5
-13
-14
-17
-19
-19
-25
-29
-29
-32
-35
-40
-42
-48
-50
-51
-52
-51
-47
-49
-47
-48
-50
-43
-46
-48
-51
-58
-52
-51
-51
-54
-53
-57
-61
-66
-72
-69
-72
-68
-66
-69
-76
-104
-139
-160
-170
-163
-141
-117
-86
-58
-24
0
12
4
-13
-35
-45
-46
-43
-39
-45
-38
-44
-41
-45
-45
-49
-49
-44
-40
-39
-42
-42
-44
-44
-47
-42
-44
-47
-47
-43
-44
-39
-39
-42
-39
-41
-40
-41
-35
-35
-41
-40
-33
-31
-28
-27
-27
-20
-20
-25
-32
-34
-37
-32
-32
-26
-27
-28
-26
-26
-22
-27
-27
-32
-36
-34
-35
-36
-37
-37
-36
-43
-39
-33
-32
-39
-44
-44
-48
-46
-44
-37
-36
-40
-39
-37
-40
-43
-43
-43
-43
-39
-35
-30
-30
-29
-26
-23
-12
-11
-11
-6
-9
-10
-15
-20
-19
-16
-22
-19
-25
-30
-29
-36
-38
-41
-42
-47
-49
-47
-47
-48
-46
-49
-50
-48
-49
-45
-51
-47
-47
-44
-42
-41
-39
-38
-43
-48
-55
-62
-64
-66
-64
-68
-66
-64
-77
-92
-118
-143
-157
-149
-129
-95
-63
-34
2
32
51
47
19
-12
-36
-52
-48
-42
-46
-49
-51
-54
-47
-50
-49
-47
-51
-50
-51
-50
-52
-53
-51
-52
-51
-47
-45
-44
-47
-46
-45
-47
-46
-47
-42
-42
-44
-44
-40
-41
-40
-43
-40
-37
-35
-40
-39
-38
-39
-38
-31
-27
-25
-25
-28
-31
-32
-28
-37
-36
-37
-40
-40
-36
-43
-43
-45
-43
-42
-50
-49
-50
-53
-56
-55
-57
-54
-54
-46
-52
-49
-53
-49
-58
-60
-58
-60
-60
-62
-59
-56
-50
-50
-52
-48
-45
-43
-44
-42
-36
-30
-29
-30
-27
-25
-32
-36
-42
-44
-47
-53
-54
-59
-63
-65
-67
-70
-74
-75
-80
-78
-77
-77
-76
-75
-73
-72
-72
-70
-67
-64
-61
-58
-60
-58
-63
-66
-74
-81
-84
-85
-86
-81
-83
-90
-113
-141
-168
-172
-161
-140
-105
-71
-40
-6
24
40
42
21
-8
-26
-35
-35
-32
-33
-29
-32
-33
-30
-27
-27
-30
-25
-25
-22
-22
-23
-22
-24
-21
-17
-18
-21
-24
-17
-13
-10
-10
-10
-8
-10
-7
-1
-3
4
5
7
5
4
4
5
7
12
11
15
21
23
26
28
25
25
27
27
27
19
17
21
31
43
41
49
50
48
46
43
31
30
28
25
17
10
3
-7
-11
-22
-24
-28
-29
-31
-36
-37
-43
-46
-48
-45
-44
-39
-36
-34
-41
-36
-32
-31
-30
-27
-25
-22
-22
-25
-28
-33
-33
-40
-41
-47
-57
-62
-67
-70
-76
-75
-79
-87
-94
-95
-99
-97
-96
-99
-96
-93
-95
-97
-98
-92
-94
-95
-86
-89
-90
-98
-102
-103
-105
-111
-114
-113
-114
-114
-119
-129
-144
-174
-192
-207
-199
-176
-149
-116
-85
-52
-27
-4
3
-14
-42
-73
-91
-99
-90
-87
-90
-89
-87
-85
-86
-84
-85
-91
-88
-85
-85
-82
-82
-81
-89
-91
-91
-89
-89
-84
-85
-89
-83
-83
-83
-84
-83
-78
-73
-73
-76
-82
-83
-83
-79
-79
-76
-70
-69
-72
-70
-67
-68
-66
-63
-65
-67
-67
-65
-63
-66
-68
-70
-71
-71
-70
-75
-80
-83
-79
-82
-82
-84
-81
-86
-84
-81
-85
-85
-89
-83
-82
-83
-87
-82
-82
-83
-83
-79
-82
-82
-82
-82
-89
-89
-82
-77
-67
-66
-62
-58
-49
-52
-48
-51
-59
-64
-68
-71
-78
-80
-85
-92
-95
-98
-103
-106
-103
-109
-115
-111
-110
-111
-106
-107
-105
-104
-105
-98
-99
-101
-103
-100
-105
-105
-103
-104
-103
-110
-113
-129
-132
-134
-138
-142
-139
-141
-154
-174
-201
-214
-215
-195
-165
-126
-88
-54
-25
-1
7
-3
-41
-71
-91
-108
-112
-111
-110
-110
-114
-114
-116
-114
-117
-112
-108
-114
-113
-113
-110
-107
-111
-115
-116
-116
-110
-112
-111
-113
-112
-111
-108
-107
-106
-109
-112
-110
-109
-108
-105
-101
-101
-96
-95
-94
-90
-91
-89
-90
-94
-93
-94
-92
-88
-84
-84
-83
-81
-85
-88
-86
-87
-87
-91
-90
-95
-88
-88
-88
-89
-84
-90
-87
-87
-88
-89
-92
-91
-91
-94
-96
-93
-92
-87
-89
-90
-88
-93
-95
-96
-95
-90
-87
-86
-81
-74
-65
-62
-60
-62
-65
-68
-69
-67
-66
-71
-75
-77
-78
-85
-86
-90
-94
-94
-99
-105
-108
-109
-111
-109
-109
-111
-108
-116
-116
-115
-111
-113
-115
-119
-112
-113
-113
-115
-115
-119
-121
-125
-135
-142
-144
-144
-142
-132
-136
-153
-173
-197
-215
-219
-208
-176
-145
-114
-84
-52
-22
-20
-50
-77
-92
-99
-103
-96
-96
-100
-99
-99
-102
-98
-95
-97
-95
-97
-90
-93
-96
-97
-101
-101
-101
-96
-97
-94
-97
-100
-93
-93
-90
-89
-86
-91
-93
-86
-87
-86
-86
-85
-82
-82
-86
-84
-82
-84
-86
-82
-80
-80
-79
-76
-77
-71
-70
-71
-70
-73
-71
-73
-73
-76
-73
-81
-75
-74
-81
-80
-77
-78
-80
-83
-88
-89
-83
-85
-82
-80
-82
-78
-83
-79
-79
-80
-79
-82
-82
-80
-77
-74
-70
-66
-64
-64
-60
-56
-53
-53
-50
-48
-50
-53
-54
-53
-53
-56
-63
-70
-71
-74
-72
-79
-85
-86
-88
-89
-89
-89
-87
-88
-86
-92
-92
-89
-90
-92
-90
-88
-84
-86
-82
-83
-88
-94
-101
-108
-110
-107
-107
-106
-106
-108
-120
-144
-173
-187
-195
-178
-151
-111
-76
-42
-3
25
27
-3
-37
-61
-77
-80
-80
-75
-81
-80
-82
-79
-77
-72
-74
-74
-74
-80
-79
-79
-78
-73
-78
-75
-72
-72
-72
-73
-71
-72
-68
-69
-72
-69
-71
-71
-70
-64
-61
-59
-59
-62
-61
-60
-63
-66
-64
-62
-61
-61
-63
-57
-52
-50
-48
-46
-49
-49
-52
-50
-55
-57
-61
-56
-60
-65
-61
-61
-68
-70
-70
-71
-73
-71
-70
-66
-64
-64
-69
-70
-62
-71
-73
-69
-71
-72
-73
-71
-69
-66
-64
-63
-58
-55
-50
-46
-46
-40
-34
-32
-33
-36
-33
-35
-35
-39
-47
-49
-58
-64
-66
-67
-66
-71
-71
-76
-75
-78
-75
-74
-79
-81
-81
-80
-75
-74
-72
-74
-73
-75
-71
-74
-71
-77
-84
-94
-98
-101
-99
-99
-98
-96
-105
-121
-146
-172
-183
-184
-161
-133
-99
-63
-26
8
32
40
14
-25
-46
-67
-73
-68
-64
-66
-66
-69
-62
-66
-61
-62
-61
-65
-63
-63
-63
-63
-62
-64
-63
-62
-60
-54
-56
-57
-60
-54
-48
-54
-55
-50
-53
-53
-52
-51
-49
-47
-49
-47
-45
-46
-49
-45
-41
-41
-38
-35
-36
-35
-34
-38
-37
-40
-38
-38
-38
-37
-41
-36
-37
-43
-40
-46
-43
-47
-46
-49
-48
-45
-50
-47
-47
-44
-47
-48
-45
-51
-52
-48
-53
-50
-49
-50
-47
-48
-42
-42
-43
-37
-35
-33
-28
-26
-21
-16
-16
-13
-9
-10
-14
-18
-22
-29
-29
-35
-39
-44
-46
-48
-46
-52
-52
-54
-59
-58
-59
-62
-65
-67
-61
-60
-58
-59
-55
-53
-53
-52
-50
-54
-56
-61
-68
-69
-77
-77
-78
-79
-80
-79
-81
-95
-117
-146
-169
-170
-150
-127
-93
-59
-30
3
31
39
20
-8
-36
-48
-58
-59
-55
-49
-50
-46
-47
-47
-46
-45
-47
-48
-49
-51
-47
-47
-46
-42
-44
-44
-45
-41
-38
-37
-38
-37
-36
-37
-35
-41
-40
-33
-33
-34
-38
-39
-35
-33
-33
-31
-30
-29
-27
-25
-32
-32
-36
-33
-31
-32
-31
-35
-33
-30
-30
-30
-30
-32
-32
-31
-31
-38
-42
-39
-39
-41
-45
-45
-41
-41
-45
-41
-40
-42
-45
-46
-48
-45
-47
-46
-45
-35
-37
-35
-35
-34
-36
-34
-35
-30
-26
-20
-23
-12
-8
-8
-4
-7
-8
-15
-13
-20
-23
-25
-29
-39
-40
-38
-40
-39
-42
-44
-49
-48
-50
-54
-51
-54
-45
-39
-43
-40
-43
-40
-40
-40
-45
-42
-46
-51
-53
-57
-57
-62
-63
-64
-62
-63
-67
-74
-95
-122
-142
-148
-128
-100
-67
-31
3
43
69
66
39
1
-23
-36
-43
-39
-38
-39
-42
-41
-39
-41
-42
-45
-50
-48
-48
-47
-47
-44
-43
-38
-42
-44
-43
-44
-44
-38
-37
-38
-35
-30
-31
-30
-29
-28
-27
-35
-35
-37
-31
-30
-25
-23
-22
-28
-24
-21
-24
-28
-24
-25
-24
-21
-22
-21
-17
-16
-17
-19
-18
-19
-25
-26
-33
-30
-36
-32
-36
-38
-35
-32
-32
-30
-27
-34
-38
-39
-37
-37
-31
-35
-30
-34
-30
-32
-32
-31
-29
-28
-28
-29
-28
-25
-16
-15
-9
0
-1
-4
-5
-7
-13
-15
-19
-24
-28
-32
-38
-35
-36
-38
-43
-47
-49
-51
-55
-53
-53
-52
-50
-51
-47
-45
-44
-49
-48
-51
-48
-48
-50
-52
-53
-59
-71
-70
-72
-71
-74
-73
-73
-82
-101
-125
-148
-157
-148
-120
-77
-44
-9
28
54
65
45
8
-24
-41
-52
-47
-46
-50
-52
-54
-50
-54
-48
-52
-50
-48
-49
-52
-45
-42
-44
-45
-43
-46
-47
-46
-48
-49
-49
-46
-45
-42
-42
-41
-44
-48
-45
-47
-44
-41
-38
-41
-41
-42
-36
-38
-36
-38
-39
-34
-35
-41
-35
-37
-35
-41
-34
-34
-34
-34
-31
-35
-30
-34
-40
-37
-41
-41
-47
-47
-50
-52
-50
-50
-48
-48
-53
-54
-53
-51
-52
-52
-51
-51
-52
-50
-48
-53
-47
-48
-42
-41
-32
-29
-30
-27
-20
-17
-15
-12
-13
-16
-26
-22
-19
-25
-30
-35
-41
-43
-42
-44
-48
-53
-59
-58
-62
-64
-65
-64
-64
-62
-61
-61
-62
-65
-62
-64
-60
-64
-60
-62
-63
-64
-68
-80
-87
-93
-90
-88
-84
-87
-96
-120
-151
-170
-179
-169
-139
-100
-62
-29
0
24
39
28
5
-28
-46
-52
-47
-46
-46
-43
-46
-51
-46
-45
-40
-42
-39
-40
-30
-35
-37
-40
-40
-35
-38
-35
-37
-36
-39
-37
-35
-30
-29
-25
-20
-16
-21
-19
-21
-19
-16
-13
-18
-19
-13
-6
-9
-10
-10
-1
-1
-4
-9
-4
-1
-3
0
2
3
0
-1
-3
-5
-3
-6
-10
-10
-16
-7
-9
-14
-11
-16
-16
-13
-14
-14
-13
-18
-15
-18
-13
-16
-18
-18
-19
-17
-18
-12
-14
-14
-16
-13
-10
-3
2
0
4
10
16
18
18
18
16
15
10
10
2
1
1
-3
-7
-14
-18
-17
-22
-26
-29
-32
-33
-37
-36
-36
-33
-36
-38
-35
-34
-33
-33
-30
-33
-30
-29
-29
-32
-38
-42
-46
-52
-51
-54
-54
-56
-55
-63
-81
-108
-132
-146
-148
-124
-94
-63
-29
3
35
55
54
25
-10
-30
-42
-48
-43
-36
-36
-36
-42
-44
-46
-46
-46
-36
-39
-37
-40
-37
-41
-37
-41
-35
-37
-38
-35
-37
-38
-38
-37
-38
-36
-34
-29
-34
-36
-39
-37
-37
-35
-34
-34
-35
-32
-27
-26
-29
-28
-28
-29
-28
-26
-26
-30
-29
-31
-28
-26
-30
-34
-37
-36
-38
-44
-44
-44
-42
-46
-42
-44
-47
-45
-46
-53
-52
-54
-56
-50
-50
-44
-44
-48
-47
-50
-48
-44
-48
-49
-49
-48
-44
-36
-31
-28
-26
-27
-27
-24
-19
-19
-18
-25
-31
-30
-29
-33
-41
-47
-48
-50
-48
-56
-63
-62
-67
-70
-68
-69
-71
-65
-63
-65
-72
-67
-65
-66
-64
-71
-71
-72
-70
-65
-70
-72
-75
-82
-89
-87
-87
-91
-87
-85
-88
-111
-139
-168
-184
-177
-155
-131
-107
-78
-48
-17
0
-7
-26
-47
-61
-66
-62
-56
-56
-54
-56
-67
-61
-63
-60
-59
-58
-60
-59
-61
-59
-62
-57
-62
-63
-60
-60
-55
-56
-54
-52
-51
-50
-50
-52
-56
-57
-54
-56
-55
-46
-49
-44
-44
-38
-45
-46
-48
-48
-49
-44
-45
-38
-38
-39
-38
-38
-41
-39
-43
-41
-41
-46
-54
-52
-53
-51
-49
-52
-50
-51
-48
-49
-54
-60
-60
-62
-60
-56
-55
-55
-52
-50
-50
-53
-54
-53
-54
-55
-52
-52
-46
-43
-39
-36
-33
-28
-32
-27
-28
-26
-24
-23
-31
-32
-34
-30
-37
-38
-45
-55
-54
-57
-60
-62
-64
-64
-66
-60
-62
-61
-63
-60
-62
-64
-64
-65
-63
-66
-61
-59
-62
-59
-62
-64
-72
-80
-82
-83
-79
-82
-78
-78
-85
-112
-138
-159
-172
-162
-139
-110
-77
-47
-14
10
13
-3
-33
-48
-58
-57
-49
-47
-52
-52
-54
-55
-53
-54
-52
-54
-51
-54
-55
-57
-58
-57
-55
-52
-51
-49
-51
-51
-48
-45
-44
-48
-50
-49
-43
-39
-44
-40
-45
-40
-39
-33
-38
-35
-36
-38
-40
-42
-41
-40
-34
-34
-33
-29
-30
-30
-33
-37
-37
-36
-39
-38
-43
-43
-45
-44
-51
-48
-44
-47
-52
-60
-58
-55
-53
-52
-53
-53
-53
-52
-50
-47
-49
-54
-51
-57
-56
-60
-56
-47
-46
-42
-41
-40
-41
-33
-30
-29
-30
-27
-26
-28
-28
-24
-28
-30
-29
-39
-40
-49
-54
-54
-52
-61
-66
-68
-71
-67
-64
-66
-64
-66
-70
-72
-67
-66
-64
-61
-59
-60
-59
-59
-61
-62
-72
-72
-78
-86
-83
-79
-80
-77
-72
-85
-110
-148
-176
-188
-177
-154
-125
-97
-60
-31
-4
2
-9
-30
-42
-56
-53
-52
-54
-55
-56
-58
-53
-50
-45
-47
-47
-53
-56
-57
-60
-61
-55
-55
-61
-57
-57
-54
-50
-50
-46
-50
-50
-51
-46
-46
-45
-48
-46
-46
-43
-44
-45
-42
-42
-48
-43
-42
-40
-42
-40
-41
-39
-35
-33
-32
-33
-30
-36
-37
-34
-35
-39
-43
-39
-42
-46
-48
-47
-47
-51
-45
-47
-47
-50
-51
-53
-47
-46
-43
-41
-46
-48
-41
-49
-44
-48
-49
-49
-53
-48
-41
-39
-35
-34
-28
-26
-24
-19
-16
-14
-13
-8
-11
-8
-10
-11
-15
-23
-26
-37
-45
-43
-42
-48
-49
-52
-54
-55
-63
-62
-64
-62
-59
-61
-61
-60
-59
-62
-63
-57
-56
-56
-52
-57
-62
-69
-72
-80
-83
-86
-77
-78
-72
-74
-85
-105
-133
-158
-173
-165
-145
-113
-80
-53
-20
12
32
34
10
-14
-37
-50
-49
-52
-49
-52
-52
-52
-49
-51
-44
-44
-45
-46
-48
-54
-57
-52
-52
-47
-47
-46
-46
-50
-52
-46
-44
-47
-47
-44
-49
-50
-42
-41
-39
-37
-42
-41
-44
-45
-45
-45
-41
-43
-39
-37
-37
-37
-36
-34
-35
-37
-32
-35
-38
-41
-41
-42
-40
-42
-44
-46
-46
-49
-51
-52
-50
-52
-51
-51
-52
-53
-55
-55
-47
-47
-50
-52
-52
-54
-57
-52
-50
-51
-50
-53
-55
-49
-40
-41
-37
-34
-37
-35
-31
-25
-26
-25
-23
-26
-31
-27
-33
-36
-46
-53
-56
-57
-54
-60
-59
-65
-73
-76
-73
-73
-78
-79
-82
-79
-76
-74
-74
-72
-69
-71
-68
-68
-68
-72
-74
-76
-82
-86
-93
-92
-87
-89
-86
-90
-100
-124
-158
-185
-190
-167
-139
-106
-81
-47
-9
20
33
18
-10
-33
-55
-59
-58
-58
-60
-60
-59
-53
-47
-49
-57
-58
-54
-53
-49
-52
-52
-59
-54
-52
-54
-51
-50
-52
-51
-51
-52
-52
-48
-54
-53
-48
-48
-44
-45
-43
-40
-36
-38
-38
-42
-47
-46
-42
-40
-36
-38
-33
-32
-32
-30
-29
-35
-36
-40
-38
-36
-38
-37
-39
-41
-39
-46
-48
-46
-43
-49
-54
-55
-54
-49
-48
-48
-49
-47
-49
-48
-53
-53
-53
-52
-54
-53
-55
-50
-46
-42
-40
-39
-35
-32
-29
-30
-30
-26
-27
-24
-23
-23
-26
-26
-29
-26
-34
-41
-49
-51
-57
-57
-64
-62
-63
-66
-70
-69
-71
-75
-69
-71
-70
-71
-75
-76
-74
-75
-68
-71
-73
-72
-72
-72
-77
-85
-85
-91
-95
-94
-92
-91
-95
-107
-133
-161
-187
-189
-175
-139
-104
-66
-33
0
22
30
9
-22
-49
-73
-73
-68
-66
-70
-68
-68
-67
-63
-69
-69
-68
-72
-75
-68
-69
-73
-72
-75
-72
-71
-67
-68
-67
-63
-64
-66
-68
-65
-63
-63
-64
-64
-58
-56
-56
-58
-54
-54
-52
-57
-57
-56
-54
-53
-55
-51
-51
-49
-50
-49
-43
-48
-50
-51
-51
-48
-47
-48
-49
-51
-50
-53
-51
-52
-62
-63
-63
-63
-61
-57
-61
-58
-62
-59
-61
-61
-61
-62
-60
-58
-57
-60
-59
-64
-58
-56
-53
-51
-45
-38
-38
-38
-37
-30
-30
-29
-23
-24
-28
-30
-32
-35
-38
-45
-47
-53
-64
-66
-64
-64
-70
-71
-71
-72
-72
-73
-75
-80
-82
-78
-76
-72
-72
-72
-72
-72
-67
-68
-71
-78
-85
-93
-96
-100
-105
-107
-104
-105
-105
-109
-124
-149
-178
-196
-194
-170
-132
-94
-58
-20
13
35
35
3
-32
-60
-72
-75
-70
-71
-74
-73
-76
-67
-67
-63
-65
-66
-67
-68
-69
-64
-64
-70
-70
-73
-70
-62
-61
-62
-65
-68
-69
-67
-64
-62
-63
-61
-59
-56
-54
-58
-59
-57
-62
-59
-56
-54
-51
-53
-57
-54
-56
-57
-51
-48
-53
-51
-47
-50
-51
-55
-57
-61
-57
-56
-59
-64
-68
-70
-64
-65
-70
-72
-74
-73
-71
-73
-70
-67
-68
-73
-75
-73
-71
-70
-72
-72
-71
-74
-76
-76
-71
-69
-63
-60
-58
-57
-52
-47
-43
-40
-40
-36
-40
-38
-41
-44
-41
-47
-56
-63
-67
-67
-73
-78
-78
-80
-83
-89
-85
-86
-92
-95
-95
-90
-92
-89
-90
-87
-86
-88
-86
-85
-81
-85
-87
-90
-101
-107
-112
-121
-120
-119
-114
-111
-116
-134
-164
-194
-209
-208
-183
-151
-112
-76
-41
-8
19
30
5
-34
-63
-82
-85
-83
-79
-80
-77
-80
-81
-82
-80
-84
-82
-88
-86
-84
-83
-85
-80
-82
-79
-75
-75
-76
-74
-74
-74
-76
-76
-71
-71
-71
-68
-69
-67
-62
-64
-69
-66
-65
-68
-67
-67
-68
-69
-67
-63
-64
-62
-63
-62
-65
-66
-64
-64
-61
-64
-66
-67
-72
-67
-64
-69
-72
-72
-76
-82
-85
-82
-80
-72
-74
-73
-75
-76
-75
-79
-78
-80
-81
-80
-79
-77
-71
-70
-69
-71
-64
-66
-64
-63
-55
-52
-47
-38
-34
-29
-25
-24
-27
-28
-36
-40
-42
-46
-50
-59
-61
-60
-66
-71
-72
-73
-79
-80
-80
-84
-83
-85
-86
-85
-88
-82
-83
-81
-81
-79
-78
-81
-82
-87
-89
-93
-99
-107
-114
-114
-114
-108
-112
-110
-127
-152
-179
-197
-206
-184
-151
-109
-70
-32
-2
20
21
-4
-43
-70
-80
-86
-83
-76
-80
-78
-75
-72
-73
-74
-70
-76
-80
-79
-84
-79
-80
-79
-79
-77
-79
-78
-79
-82
-80
-77
-74
-72
-71
-73
-70
-69
-69
-70
-71
-73
-70
-74
-76
-74
-76
-75
-78
-74
-73
-68
-64
-64
-66
-67
-66
-70
-68
-66
-64
-64
-70
-70
-77
-73
-77
-86
-86
-82
-86
-83
-81
-82
-83
-78
-78
-78
-76
-79
-76
-74
-73
-78
-84
-84
-84
-77
-74
-73
-72
-70
-69
-67
-69
-63
-60
-56
-48
-42
-38
-39
-34
-41
-42
-48
-45
-49
-54
-57
-64
-67
-70
-75
-74
-78
-85
-86
-85
-90
-85
-88
-92
-89
-94
-89
-89
-88
-89
-83
-84
-85
-86
-87
-90
-88
-91
-92
-95
-99
-106
-102
-102
-100
-104
-116
-144
-176
-190
-193
-178
-150
-119
-83
-50
-18
5
15
0
-34
-57
-71
-77
-74
-73
-72
-69
-75
-68
-69
-71
-68
-68
-69
-72
-70
-71
-71
-63
-63
-64
-66
-64
-67
-68
-74
-70
-67
-66
-65
-64
-64
-64
-62
-55
-56
-57
-63
-62
-64
-65
-62
-58
-52
-52
-50
-50
-51
-51
-55
-56
-54
-54
-55
-55
-60
-60
-56
-57
-56
-55
-59
-61
-66
-67
-71
-71
-69
-66
-64
-64
-69
-71
-66
-64
-68
-71
-70
-70
-70
-70
-71
-67
-64
-61
-64
-64
-61
-63
-66
-62
-63
-59
-56
-50
-40
-44
-43
-39
-38
-39
-42
-47
-47
-50
-55
-62
-64
-69
-73
-71
-78
-83
-85
-85
-87
-87
-87
-89
-93
-90
-86
-83
-82
-84
-85
-86
-83
-82
-87
-88
-88
-88
-89
-94
-98
-103
-105
-108
-103
-103
-104
-122
-149
-179
-199
-196
-174
-149
-121
-87
-58
-30
-7
-3
-18
-43
-66
-79
-85
-80
-75
-76
-77
-80
-77
-74
-73
-79
-79
-78
-77
-81
-73
-71
-69
-71
-68
-70
-72
-74
-77
-77
-72
-71
-68
-71
-68
-67
-64
-63
-68
-68
-68
-67
-66
-67
-68
-63
-58
-57
-57
-54
-54
-55
-53
-53
-54
-54
-58
-56
-50
-52
-54
-57
-53
-55
-55
-61
-60
-61
-66
-65
-69
-64
-64
-63
-66
-62
-63
-64
-63
-64
-64
-66
-68
-65
-61
-61
-59
-59
-61
-58
-58
-55
-53
-52
-51
-52
-48
-46
-36
-31
-30
-29
-31
-27
-26
-32
-35
-34
-41
-44
-50
-53
-56
-54
-56
-58
-66
-64
-67
-71
-73
-71
-71
-70
-71
-73
-69
-72
-72
-68
-68
-68
-67
-69
-73
-74
-76
-83
-86
-88
-88
-89
-83
-86
-85
-97
-116
-142
-169
-173
-171
-144
-113
-81
-49
-21
6
20
12
-10
-37
-53
-63
-67
-64
-60
-64
-71
-72
-72
-72
-69
-67
-67
-67
-67
-63
-66
-66
-63
-64
-63
-65
-67
-67
-64
-61
-60
-63
-62
-59
-59
-52
-52
-56
-58
-54
-55
-58
-57
-59
-56
-52
-51
-51
-49
-54
-55
-54
-46
-47
-47
-45
-44
-50
-49
-47
-46
-50
-50
-50
-56
-55
-61
-59
-59
-63
-63
-63
-63
-63
-63
-61
-63
-60
-62
-63
-62
-61
-63
-63
-59
-62
-60
-62
-63
-60
-62
-59
-53
-50
-52
-48
-44
-40
-36
-35
-35
-30
-30
-32
-38
-37
-42
-44
-46
-52
-54
-56
-56
-61
-64
-69
-77
-76
-76
-76
-77
-72
-71
-74
-79
-76
-70
-70
-75
-72
-69
-68
-74
-73
-74
-74
-79
-86
-93
-93
-95
-90
-85
-90
-99
-116
-145
-174
-191
-181
-157
-118
-85
-51
-18
9
23
16
-13
-36
-60
-64
-64
-64
-58
-60
-62
-61
-64
-62
-64
-63
-62
-63
-62
-60
-60
-58
-56
-59
-59
-61
-58
-54
-54
-50
-57
-54
-51
-53
-51
-51
-49
-49
-49
-47
-56
-57
-54
-49
-45
-42
-46
-44
-40
-43
-46
-45
-41
-43
-45
-43
-48
-47
-46
-40
-39
-37
-45
-46
-47
-48
-52
-56
-56
-53
-56
-53
-58
-58
-53
-51
-60
-57
-55
-62
-59
-56
-57
-58
-60
-56
-53
-55
-55
-57
-54
-50
-49
-50
-46
-42
-34
-27
-20
-16
-15
-17
-21
-22
-30
-31
-34
-36
-41
-48
-49
-53
-59
-61
-67
-68
-70
-71
-68
-70
-75
-73
-73
-73
-72
-70
-70
-68
-69
-68
-72
-71
-68
-70
-69
-79
-81
-89
-96
-97
-95
-95
-97
-103
-114
-136
-162
-184
-187
-175
-142
-107
-72
-38
0
25
35
18
-17
-48
-63
-72
-68
-63
-64
-64
-69
-69
-65
-71
-66
-67
-69
-72
-64
-67
-64
-62
-65
-60
-64
-67
-64
-62
-65
-64
-62
-63
-59
-56
-57
-56
-58
-57
-57
-55
-58
-59
-60
-61
-58
-52
-50
-50
-52
-55
-54
-53
-56
-56
-51
-55
-50
-51
-47
-46
-47
-47
-54
-54
-61
-62
-61
-63
-64
-60
-60
-57
-59
-57
-59
-57
-58
-62
-64
-67
-68
-66
-66
-67
-60
-62
-61
-59
-56
-54
-61
-60
-64
-61
-54
-49
-47
-39
-32
-29
-25
-22
-27
-25
-32
-32
-30
-35
-43
-49
-52
-60
-58
-61
-64
-68
-70
-73
-75
-77
-77
-79
-78
-75
-73
-73
-69
-65
-68
-69
-73
-74
-73
-71
-70
-70
-75
-78
-86
-95
-91
-99
-100
-100
-110
-128
-155
-175
-190
-196
-167
-136
-99
-59
-29
3
31
41
23
-9
-46
-64
-68
-69
-69
-63
-58
-62
-64
-66
-71
-76
-72
-67
-62
-59
-61
-64
-64
-62
-64
-67
-62
-62
-65
-68
-62
-62
-62
-55
-54
-54
-55
-57
-52
-55
-56
-56
-59
-58
-56
-54
-48
-55
-53
-56
-58
-55
-52
-50
-51
-50
-46
-48
-52
-48
-47
-53
-52
-49
-54
-58
-61
-64
-69
-68
-66
-68
-67
-57
-64
-67
-63
-62
-63
-63
-68
-74
-71
-69
-67
-67
-67
-68
-71
-74
-70
-70
-67
-64
-62
-56
-55
-49
-43
-38
-36
-38
-38
-36
-41
-43
-42
-47
-51
-52
-58
-64
-64
-67
-65
-68
-73
-82
-86
-86
-87
-84
-83
-86
-85
-84
-87
-86
-84
-80
-78
-84
-84
-87
-89
-85
-90
-97
-106
-108
-114
-115
-110
-110
-113
-121
-145
-177
-202
-201
-188
-160
-122
-85
-50
-18
11
22
10
-27
-62
-76
-87
-77
-75
-76
-71
-72
-75
-71
-70
-71
-71
-71
-72
-69
-74
-71
-67
-64
-66
-65
-65
-65
-67
-67
-70
-73
-68
-61
-59
-59
-60
-62
-63
-66
-62
-60
-59
-57
-57
-53
-48
-51
-51
-54
-58
-55
-57
-59
-56
-53
-57
-57
-57
-53
-51
-55
-53
-60
-66
-68
-67
-67
-66
-66
-69
-76
-70
-70
-70
-67
-67
-67
-66
-67
-66
-67
-68
-70
-70
-68
-66
-64
-60
-58
-58
-60
-62
-58
-58
-54
-45
-42
-37
-35
-37
-33
-35
-37
-37
-44
-51
-53
-49
-52
-61
-61
-63
-63
-66
-71
-75
-83
-85
-87
-86
-83
-87
-85
-81
-82
-78
-80
-79
-78
-79
-78
-79
-80
-79
-84
-88
-90
-89
-90
-98
-95
-89
-92
-91
-94
-113
-151
-179
-196
-192
-170
-147
-117
-88
-60
-38
-26
-29
-46
-59
-66
-66
-66
-60
-56
-55
-57
-64
-67
-68
-63
-62
-63
-62
-63
-64
-61
-62
-56
-62
-68
-64
-65
-61
-60
-63
-56
-53
-54
-56
-58
-60
-59
-55
-56
-62
-63
-58
-57
-53
-53
-51
-51
-48
-51
-52
-55
-56
-54
-53
-52
-54
-54
-55
-53
-54
-53
-57
-57
-64
-63
-70
-71
-70
-73
-69
-71
-69
-71
-66
-68
-75
-79
-80
-79
-77
-75
-77
-75
-76
-74
-70
-73
-72
-72
-72
-78
-69
-73
-69
-65
-61
-60
-52
-46
-48
-49
-50
-49
-49
-50
-55
-56
-59
-63
-66
-69
-71
-78
-80
-80
-84
-91
-93
-95
-92
-89
-86
-88
-89
-88
-92
-91
-91
-92
-93
-89
-89
-90
-89
-91
-97
-98
-101
-103
-103
-106
-105
-99
-97
-103
-125
-149
-178
-197
-192
-171
-142
-114
-81
-58
-42
-27
-30
-41
-59
-70
-71
-71
-68
-69
-69
-69
-71
-72
-72
-70
-72
-70
-68
-64
-66
-64
-65
-69
-66
-67
-66
-60
-65
-68
-67
-67
-63
-63
-59
-57
-61
-61
-61
-63
-60
-59
-56
-62
-63
-61
-58
-53
-52
-51
-54
-52
-50
-47
-50
-48
-49
-48
-48
-51
-58
-56
-56
-57
-59
-61
-61
-67
-68
-66
-64
-66
-68
-64
-67
-68
-64
-64
-70
-72
-67
-66
-64
-65
-66
-66
-68
-66
-63
-67
-64
-66
-62
-63
-61
-54
-48
-47
-41
-41
-36
-40
-39
-44
-46
-46
-46
-44
-44
-47
-55
-59
-70
-68
-71
-71
-80
-85
-87
-82
-80
-80
-77
-76
-84
-85
-85
-80
-80
-73
-79
-76
-82
-83
-81
-85
-87
-93
-98
-101
-100
-96
-95
-94
-96
-107
-133
-161
-182
-192
-185
-159
-130
-106
-79
-53
-31
-15
-19
-37
-60
-71
-76
-71
-66
-71
-73
-76
-77
-76
-76
-75
-74
-77
-75
-72
-71
-75
-74
-73
-75
-75
-74
-71
-72
-71
-74
-70
-72
-67
-68
-69
-73
-69
-72
-68
-67
-69
-66
-60
-59
-55
-54
-59
-62
-66
-65
-62
-61
-61
-57
-53
-57
-51
-51
-54
-56
-58
-62
-64
-65
-65
-68
-69
-69
-64
-70
-66
-67
-65
-64
-71
-74
-75
-75
-73
-75
-68
-68
-64
-64
-60
-64
-65
-67
-70
-68
-62
-62
-59
-56
-53
-46
-44
-37
-37
-38
-35
-35
-34
-41
-41
-43
-45
-47
-48
-56
-61
-64
-64
-71
-75
-79
-77
-75
-78
-77
-80
-80
-80
-74
-78
-79
-79
-77
-80
-82
-75
-85
-83
-77
-81
-86
-90
-94
-96
-100
-99
-100
-96
-108
-119
-148
-175
-196
-195
-178
-148
-117
-90
-54
-23
-3
3
-12
-42
-63
-72
-73
-73
-74
-69
-75
-77
-71
-71
-76
-75
-77
-75
-64
-68
-64
-68
-66
-67
-67
-71
-67
-62
-63
-63
-63
-61
-61
-58
-55
-55
-56
-54
-52
-58
-62
-61
-57
-55
-54
-50
-48
-48
-50
-50
-51
-50
-52
-48
-48
-49
-49
-51
-50
-52
-54
-56
-57
-60
-62
-62
-61
-67
-64
-60
-61
-61
-67
-68
-65
-66
-66
-64
-69
-66
-64
-65
-59
-61
-60
-58
-58
-55
-58
-59
-57
-51
-51
-47
-43
-37
-37
-28
-28
-21
-25
-26
-22
-22
-28
-30
-31
-31
-30
-35
-41
-45
-48
-49
-51
-58
-59
-63
-63
-61
-61
-60
-58
-54
-54
-52
-56
-52
-50
-50
-42
-42
-40
-40
-38
-37
-36
-41
-48
-50
-52
-48
-44
-39
-39
-51
-86
-117
-143
-155
-147
-131
-109
-83
-55
-26
1
14
16
6
-3
-16
-11
-11
-2
-5
-9
-14
-14
-8
-10
-13
-13
-11
-10
-12
-14
-12
-14
-16
-17
-18
-19
-20
-18
-17
-16
-11
-9
-9
-13
-12
-12
-13
-11
-13
-13
-13
-10
-11
-11
-9
-11
-10
-9
-7
-9
-10
-7
-3
-3
-3
-1
1
-6
-10
-10
-6
-13
-10
-8
-14
-14
-17
-18
-21
-19
-23
-26
-23
-23
-24
-26
-28
-26
-27
-22
-23
-19
-20
-23
-23
-26
-23
-23
-25
-23
-23
-21
-12
-5
-6
-8
-7
3
1
6
6
4
4
2
1
2
2
-5
-5
-8
-8
-14
-24
-33
-32
-33
-36
-33
-39
-39
-35
-36
-35
-35
-33
-33
-37
-35
-32
-33
-33
-35
-34
-35
-36
-39
-45
-51
-54
-57
-55
-55
-53
-52
-58
-78
-110
-136
-151
-144
-125
-93
-64
-39
-10
15
29
23
6
-15
-34
-34
-32
-30
-29
-31
-32
-32
-29
-32
-35
-32
-28
-25
-26
-24
-28
-27
-24
-23
-23
-18
-21
-28
-28
-25
-26
-29
-25
-23
-21
-20
-19
-22
-22
-18
-19
-19
-15
-15
-11
-16
-19
-18
-17
-21
-22
-19
-16
-16
-17
-15
-16
-14
-17
-16
-21
-24
-28
-33
-29
-29
-29
-30
-33
-27
-28
-31
-32
-31
-34
-34
-35
-35
-35
-41
-40
-37
-31
-35
-34
-34
-31
-33
-32
-32
-37
-32
-28
-28
-21
-21
-16
-15
-10
-8
-1
-1
-3
-6
-6
-8
-9
-13
-15
-16
-22
-25
-29
-34
-35
-44
-49
-52
-50
-48
-47
-50
-47
-49
-47
-50
-48
-49
-42
-41
-43
-47
-45
-46
-49
-53
-54
-53
-54
-63
-65
-66
-71
-65
-69
-80
-105
-135
-152
-157
-145
-121
-85
-59
-24
2
21
27
13
-6
-22
-30
-40
-38
-39
-40
-48
-46
-42
-42
-36
-38
-37
-40
-40
-38
-37
-35
-28
-35
-41
-36
-37
-32
-32
-32
-28
-28
-28
-32
-32
-28
-30
-29
-32
-30
-29
-26
-26
-26
-27
-26
-24
-23
-23
-23
-27
-23
-24
-20
-17
-21
-25
-24
-21
-21
-26
-23
-27
-33
-34
-35
-35
-36
-43
-38
-42
-42
-41
-38
-42
-40
-39
-40
-43
-42
-38
-42
-37
-35
-34
-34
-35
-41
-42
-38
-35
-36
-34
-32
-24
-22
-18
-15
-8
-11
-12
-13
-15
-14
-10
-10
-14
-20
-26
-31
-36
-41
-41
-41
-45
-51
-55
-55
-57
-58
-59
-55
-61
-60
-54
-57
-53
-57
-56
-55
-51
-55
-53
-50
-59
-62
-68
-76
-79
-80
-78
-77
-71
-74
-91
-121
-148
-169
-166
-157
-129
-97
-66
-31
-6
19
24
8
-21
-40
-52
-51
-52
-51
-52
-55
-54
-55
-56
-55
-51
-45
-50
-46
-45
-45
-47
-51
-46
-45
-49
-49
-53
-51
-47
-46
-43
-44
-49
-46
-43
-42
-48
-45
-44
-39
-39
-36
-33
-36
-38
-32
-33
-34
-36
-39
-37
-35
-38
-38
-38
-32
-29
-29
-33
-37
-40
-40
-47
-44
-42
-44
-43
-47
-48
-48
-46
-41
-45
-44
-48
-50
-45
-45
-47
-47
-48
-46
-45
-43
-48
-49
-52
-52
-51
-47
-47
-40
-39
-34
-27
-25
-21
-19
-17
-20
-20
-23
-20
-19
-29
-31
-31
-33
-34
-44
-46
-51
-57
-62
-62
-64
-68
-69
-70
-70
-65
-64
-64
-62
-61
-64
-64
-59
-62
-61
-62
-58
-64
-60
-67
-72
-81
-85
-88
-85
-88
-86
-90
-108
-132
-158
-173
-170
-156
-122
-90
-64
-30
-3
20
35
16
-16
-38
-53
-56
-53
-52
-54
-59
-56
-57
-60
-59
-55
-51
-48
-50
-54
-56
-51
-52
-56
-55
-50
-52
-50
-46
-47
-47
-45
-47
-46
-46
-50
-51
-52
-52
-50
-47
-43
-48
-44
-48
-45
-43
-41
-40
-41
-46
-48
-46
-45
-40
-44
-48
-45
-42
-42
-43
-44
-47
-50
-53
-60
-57
-58
-54
-55
-59
-57
-55
-57
-54
-57
-57
-55
-56
-59
-63
-58
-50
-51
-53
-54
-49
-52
-52
-52
-51
-50
-45
-41
-33
-30
-29
-26
-21
-17
-13
-18
-22
-26
-23
-28
-28
-29
-31
-35
-45
-46
-48
-51
-52
-56
-57
-66
-61
-62
-66
-64
-69
-67
-69
-67
-66
-64
-64
-61
-66
-65
-72
-70
-65
-67
-71
-74
-77
-88
-93
-89
-90
-94
-93
-109
-136
-160
-174
-175
-156
-126
-94
-62
-28
-2
23
33
22
-11
-40
-58
-62
-62
-62
-63
-63
-68
-68
-69
-66
-61
-60
-67
-59
-60
-61
-59
-61
-60
-61
-60
-58
-58
-59
-63
-57
-56
-49
-42
-45
-41
-40
-40
-44
-43
-40
-38
-37
-40
-41
-40
-36
-36
-39
-38
-35
-36
-30
-36
-37
-34
-32
-32
-31
-31
-33
-35
-35
-39
-44
-45
-50
-46
-47
-45
-46
-46
-41
-44
-46
-42
-43
-50
-55
-50
-52
-51
-49
-43
-41
-42
-42
-41
-40
-40
-37
-36
-34
-35
-36
-36
-35
-26
-24
-21
-13
-7
-11
-16
-16
-16
-11
-11
-19
-25
-28
-28
-34
-34
-36
-36
-39
-47
-53
-52
-54
-53
-54
-57
-49
-54
-53
-53
-53
-56
-54
-54
-57
-55
-54
-57
-56
-62
-67
-72
-74
-76
-75
-75
-70
-68
-72
-95
-131
-166
-181
-179
-156
-132
-109
-84
-57
-34
-19
-21
-36
-51
-58
-61
-58
-55
-51
-49
-51
-51
-53
-52
-57
-53
-52
-49
-45
-50
-51
-49
-47
-51
-51
-51
-51
-50
-50
-48
-46
-48
-48
-48
-51
-47
-46
-51
-55
-54
-51
-47
-43
-48
-47
-47
-47
-42
-37
-33
-37
-39
-41
-43
-43
-46
-43
-41
-40
-40
-43
-46
-49
-50
-49
-50
-49
-52
-49
-52
-52
-54
-52
-53
-56
-55
-56
-50
-51
-56
-54
-54
-52
-52
-50
-47
-50
-52
-51
-50
-49
-45
-41
-39
-41
-35
-28
-29
-18
-13
-13
-16
-19
-24
-28
-28
-29
-35
-35
-34
-42
-46
-47
-48
-55
-58
-60
-61
-57
-59
-60
-59
-58
-60
-57
-60
-63
-58
-58
-60
-61
-58
-56
-63
-61
-63
-71
-73
-76
-79
-78
-73
-77
-81
-94
-122
-149
-168
-168
-150
-126
-100
-70
-42
-20
0
10
-6
-24
-43
-50
-51
-49
-42
-46
-49
-53
-52
-50
-46
-46
-48
-51
-50
-48
-48
-49
-41
-42
-45
-43
-50
-45
-45
-44
-40
-41
-43
-41
-41
-37
-37
-42
-47
-45
-42
-40
-36
-34
-35
-32
-34
-32
-34
-28
-30
-33
-28
-32
-29
-26
-22
-25
-28
-25
-23
-24
-28
-31
-33
-38
-42
-42
-43
-40
-39
-36
-38
-44
-48
-41
-44
-48
-44
-49
-52
-50
-51
-46
-45
-46
-47
-44
-45
-49
-47
-46
-44
-34
-36
-35
-31
-29
-26
-21
-19
-27
-27
-24
-24
-27
-26
-32
-34
-39
-39
-45
-44
-49
-54
-56
-53
-52
-54
-64
-71
-72
-70
-63
-58
-55
-53
-53
-60
-62
-64
-61
-57
-54
-54
-51
-60
-68
-73
-77
-74
-72
-70
-68
-72
-85
-109
-131
-154
-165
-154
-128
-100
-71
-42
-12
11
22
12
-11
-29
-36
-37
-38
-37
-35
-36
-43
-47
-46
-47
-41
-40
-42
-44
-45
-43
-44
-41
-42
-44
-50
-49
-49
-45
-45
-37
-32
-40
-45
-42
-41
-43
-41
-37
-40
-42
-44
-39
-40
-40
-38
-38
-37
-37
-34
-39
-33
-36
-34
-34
-36
-37
-37
-35
-33
-31
-36
-38
-38
-36
-40
-44
-46
-51
-58
-58
-57
-56
-57
-58
-57
-59
-60
-62
-61
-63
-59
-60
-63
-60
-54
-55
-64
-66
-64
-61
-59
-57
-58
-54
-53
-44
-41
-38
-28
-28
-22
-23
-22
-18
-16
-15
-18
-22
-20
-25
-28
-30
-31
-31
-34
-36
-41
-43
-45
-50
-47
-43
-49
-53
-52
-50
-49
-50
-52
-53
-54
-55
-58
-64
-69
-68
-68
-70
-77
-80
-85
-90
-88
-87
-84
-88
-96
-125
-154
-185
-192
-181
-165
-144
-118
-96
-75
-49
-38
-33
-43
-59
-68
-69
-64
-55
-56
-59
-67
-67
-68
-70
-68
-68
-69
-63
-63
-62
-68
-70
-70
-72
-72
-71
-70
-72
-71
-68
-66
-68
-62
-62
-59
-59
-63
-67
-64
-66
-67
-66
-67
-66
-63
-63
-62
-61
-60
-66
-69
-67
-69
-67
-68
-66
-64
-67
-66
-69
-73
-71
-69
-75
-74
-79
-81
-79
-80
-78
-85
-82
-83
-84
-86
-84
-88
-84
-84
-93
-100
-108
-116
-122
-124
-124
-124
-128
-132
-134
-129
-128
-133
-131
-125
-120
-119
-113
-113
-111
-107
-108
-106
-112
-117
-120
-115
-118
-115
-122
-126
-133
-133
-137
-139
-142
-147
-148
-145
-151
-150
-150
-151
-152
-150
-147
-145
-145
-145
-148
-147
-148
-146
-148
-148
-152
-154
-158
-166
-168
-165
-165
-166
-165
-172
-195
-223
-245
-258
-255
-237
-209
-188
-161
-135
-117
-97
-96
-103
-123
-133
-143
-142
-139
-137
-139
-139
-139
-137
-137
-136
-138
-142
-140
-134
-137
-136
-137
-137
-136
-136
-135
-137
-130
-136
-136
-133
-130
-131
-127
-125
-124
-123
-131
-128
-124
-128
-128
-131
-131
-126
-123
-123
-125
-121
-125
-126
-124
-127
-125
-126
-120
-121
-120
-121
-125
-122
-125
-128
-133
-136
-138
-140
-138
-140
-140
-138
-138
-140
-139
-134
-138
-142
-144
-147
-141
-138
-137
-139
-137
-136
-136
-137
-128
-126
-130
-129
-128
-124
-123
-118
-114
-111
-106
-103
-103
-101
-102
-104
-107
-105
-110
-113
-113
-121
-122
-126
-127
-127
-128
-138
-143
-145
-141
-141
-141
-142
-140
-138
-140
-138
-137
-138
-140
-144
-142
-139
-141
-141
-140
-145
-144
-149
-155
-159
-158
-157
-160
-159
-159
-174
-201
-223
-244
-244
-232
-204
-178
-151
-122
-101
-82
-74
-80
-98
-119
-131
-135
-132
-128
-125
-125
-127
-127
-128
-125
-126
-125
-128
-123
-127
-126
-122
-123
-125
-123
-131
-128
-128
-128
-128
-121
-123
-122
-122
-117
-117
-116
-112
-114
-118
-117
-117
-116
-116
-112
-110
-110
-110
-104
-104
-108
-107
-108
-110
-108
-108
-110
-112
-106
-102
-102
-104
-111
-113
-113
-112
-111
-113
-116
-115
-114
-113
-115
-114
-113
-114
-115
-118
-117
-116
-115
-116
-115
-117
-116
-112
-111
-109
-110
-109
-111
-107
-109
-105
-104
-96
-95
-92
-93
-88
-84
-80
-79
-81
-79
-84
-84
-87
-93
-101
-101
-104
-107
-109
-111
-116
-113
-121
-124
-125
-129
-127
-129
-128
-126
-126
-123
-124
-120
-122
-120
-120
-124
-121
-125
-124
-133
-133
-142
-144
-145
-138
-138
-136
-136
-149
-166
-198
-223
-233
-225
-204
-176
-141
-115
-87
-60
-41
-43
-63
-82
-98
-111
-117
-108
-109
-108
-108
-110
-108
-107
-107
-112
-109
-110
-112
-110
-109
-110
-109
-106
-104
-105
-103
-104
-106
-104
-101
-102
-101
-100
-98
-96
-95
-96
-93
-96
-95
-96
-97
-95
-97
-96
-97
-99
-96
-98
-95
-95
-93
-95
-96
-92
-95
-91
-90
-97
-96
-97
-95
-96
-99
-99
-93
-98
-105
-106
-104
-105
-103
-104
-105
-106
-105
-108
-104
-104
-105
-106
-104
-103
-105
-104
-106
-109
-104
-105
-103
-100
-100
-98
-96
-93
-87
-85
-81
-77
-74
-74
-71
-72
-76
-75
-79
-79
-88
-95
-97
-103
-105
-110
-111
-105
-113
-112
-115
-113
-116
-118
-118
-115
-118
-119
-115
-115
-115
-115
-111
-111
-112
-111
-112
-116
