-17
-35
-45
5
119
269
265
99
-91
-71
-37
-33
-29
-25
-23
-41
-27
-33
-35
-27
-25
-25
-23
-15
-9
-9
-7
1
1
9
15
25
29
35
41
45
47
45
43
31
27
9
1
15
-21
-19
-19
-17
-21
-21
-21
-25
-19
-27
-27
-39
-23
-17
-21
-17
-17
-15
-19
-17
-15
-15
-9
-17
-17
-21
-13
-21
-19
-17
-17
-19
-15
-19
-9
-13
-7
-11
-23
-17
-11
-13
-7
-3
-3
9
17
27
-1
7
-5
-3
-13
-19
-21
-23
-21
-29
-27
-13
-29
-53
-11
99
237
287
173
-59
-65
-27
-23
-31
-25
-27
-29
-27
-27
-25
-19
-19
-17
-13
-13
-11
-7
7
1
-1
5
15
27
37
41
41
45
51
51
63
45
21
25
11
3
-5
-11
-17
-19
-13
-17
-17
-19
-23
-19
-25
-11
-21
-21
-19
-17
-13
-11
-17
-13
-9
-15
-13
-9
-13
-15
-13
-13
-9
-13
-9
-11
-15
-5
-3
-19
-15
-21
-21
-17
-13
-19
-13
-11
-13
-5
17
-5
-3
17
21
7
3
-5
-7
-23
-15
-13
-35
-15
-3
-25
-27
-39
-41
23
147
279
257
93
-67
-47
-29
-31
-29
-29
-29
-31
-23
-19
-25
-19
-9
-3
-13
-19
-11
-3
-1
3
7
15
19
27
37
43
41
39
51
59
45
45
25
13
9
1
-5
-11
-17
-9
-9
-37
-13
-21
-17
-21
-19
-23
-17
-15
-19
-23
-11
-7
-11
-13
-11
-9
-7
-9
-11
-11
-15
-17
-7
-9
-11
-9
-7
-17
-17
-21
-11
-13
-17
-11
-7
-7
-11
-13
-9
-9
-3
7
3
17
21
13
17
5
9
-1
-23
-21
-13
-15
-27
-19
-23
-15
-35
-41
25
135
271
269
107
-73
-51
-19
-21
-25
-27
-17
-13
-13
-13
-13
-15
-15
-9
5
-17
-7
-5
5
9
17
19
25
31
37
45
55
53
45
47
49
43
35
27
17
7
5
1
-15
-9
-11
-21
-17
-3
-11
-15
-17
-11
-13
-11
-11
-23
-13
-9
-11
-7
-3
-9
-3
-3
-11
-21
-15
-7
-9
-7
-11
-11
-13
-5
-9
-23
-11
-25
-21
-11
-9
-15
-15
-15
-9
-7
-13
-5
1
19
13
29
-3
-1
-5
-21
-33
-43
-35
-21
5
-21
-25
-31
-55
-35
53
189
281
197
-17
-79
-37
-23
-25
-29
-21
-27
-23
-21
-23
-33
-25
-17
-13
-15
-11
-7
1
1
13
7
17
17
31
35
41
45
51
47
39
37
39
15
3
5
3
-17
-15
-13
-11
-17
-19
-21
-19
-21
-21
-21
-23
-21
-15
-17
-19
-17
-13
-5
-15
-23
-17
-19
-15
-19
-17
-17
-19
-15
-25
-25
-27
-17
-21
-27
-25
-15
-15
-19
-21
-21
-17
-13
-23
-15
-13
-9
13
15
1
-3
-7
-11
-21
-33
-29
-21
-27
-35
-43
-37
-33
-61
-29
77
217
279
181
-49
-93
-43
-31
-45
-51
-43
-45
-33
-31
-31
-31
-29
-25
-25
-27
-7
-31
-19
-7
-11
3
7
13
23
29
35
41
41
41
41
25
21
15
-1
1
-21
-25
-25
-27
-27
-29
-29
-35
-33
-35
-33
-33
-29
-37
-31
-27
-33
-29
-21
-27
-21
-17
-25
-21
-27
-25
-29
-27
-31
-19
-23
-29
-23
-23
-19
-25
-17
-17
-15
-17
1
7
-11
-1
-15
-9
-21
-13
-35
-39
-35
-35
-35
-31
-31
-53
-53
29
157
285
237
29
-117
-73
-37
-33
-35
-47
-41
-43
-31
-27
-29
-29
-19
-35
-27
-23
-11
-27
-21
-1
-1
7
17
21
29
35
35
39
37
33
27
27
3
1
-11
-15
-21
-19
-27
-31
-31
-35
-35
-41
-41
-21
-27
-33
-25
-29
-29
-27
-19
-31
-27
-21
-21
-23
-15
-19
-29
-27
-23
-25
-25
-25
-15
-23
-29
-25
-29
-23
-23
-23
-17
-9
-3
-13
9
11
-1
-3
-9
-5
-27
-29
-23
-33
-29
-27
-33
-27
-31
-57
-11
91
229
283
173
-49
-73
-31
-35
-31
-37
-39
-33
-31
-33
-31
-25
-27
-23
-17
-17
-19
-11
-9
-3
5
7
11
21
29
31
49
37
37
43
33
35
23
7
1
-1
-7
-17
-19
-23
-29
-31
-31
-31
-27
-29
-31
-31
-27
-19
-19
-23
-19
-31
-27
-25
-29
-35
-23
-17
-19
-21
-17
-19
-27
-15
-23
-31
-33
-29
-23
-23
-23
-17
-9
-17
-17
-5
33
9
7
-13
-15
-17
-35
-39
-33
-21
-29
-27
-27
-11
-27
-65
-19
99
227
249
119
-67
-53
-27
-27
-49
-41
-29
-25
-29
-37
-37
-31
-17
-29
-29
-15
-3
-15
-21
-11
-3
11
5
17
27
33
35
31
41
39
51
21
23
11
-13
-9
-15
-7
-23
-41
-25
-25
-19
-35
-55
-35
-33
-37
-33
-27
-39
-29
-9
-25
-39
-21
-19
-43
-27
-31
-19
-23
-19
-29
-19
-35
-27
-35
-43
-23
-33
-21
-13
-3
-3
-19
9
19
-9
-11
-17
-19
-15
-33
-39
-31
-33
-45
-21
-43
-45
-51
-13
85
239
265
137
-101
-85
-35
-25
-43
-31
-17
-27
-33
-31
-33
-27
-15
-17
-33
-21
-17
9
-5
-3
-1
5
13
37
19
9
27
35
53
31
33
41
29
23
17
-5
-31
-35
-29
-25
-25
-27
-13
-23
-35
-37
-27
-37
-35
-25
-29
-29
-17
-23
-15
-25
-21
-7
-21
-15
-15
-7
-19
-15
-17
-17
-41
-27
-13
-7
-23
-25
-9
-5
-3
15
37
7
-3
-5
-15
-27
-19
-25
-21
-21
-23
-27
-31
-25
-35
-41
43
147
261
225
29
-101
-59
-37
-33
-41
-29
-31
-27
-29
-31
-27
-15
-29
-29
-21
-17
-23
-1
-5
-11
-11
7
5
15
33
33
41
41
45
43
33
19
19
-5
-13
-15
-15
-23
-25
-31
-29
-31
-33
-25
-29
-39
-35
-33
-27
-29
-29
-31
-33
-23
-23
-21
-21
-23
-11
-21
-27
-31
-37
-25
-19
-27
-19
-15
-11
9
-17
-9
-1
-7
-5
-7
-11
-19
-27
-23
-27
-31
-39
-33
-29
-31
-43
-19
63
195
279
179
-45
-97
-51
-31
-33
-31
-29
-23
-19
-25
-27
-27
-29
-31
-19
-17
-13
-11
-7
-1
3
9
13
31
17
29
37
39
43
41
43
35
23
11
1
-11
-13
-15
-17
-23
-21
-21
-23
-11
-27
-33
-35
-25
-25
-21
-17
-19
-1
-23
-31
-29
-21
-9
-21
-19
-17
-17
-15
-9
-25
-25
-23
-19
-23
-19
-15
-15
-9
-9
-1
5
7
15
-5
-7
-9
-5
-19
-25
-19
-21
-27
-25
-33
-31
-39
-47
19
131
271
275
111
-79
-49
-37
-35
-29
-27
-25
-27
-23
-25
-23
-17
-7
-13
-7
-13
-13
-9
-7
-3
1
19
23
23
35
35
33
45
49
41
43
23
23
15
9
1
-9
1
-15
-19
-23
-23
-23
-19
-17
-21
-17
-17
-17
-11
-11
-37
-11
-29
-15
-19
-15
-15
-13
-15
-11
-11
-13
-11
-21
-17
-21
-7
-9
-29
-21
-15
-15
-5
-3
1
7
19
21
-3
-3
-7
-7
-7
-25
-19
-17
-19
-23
-21
-21
-21
-45
-39
43
181
289
227
21
-89
-45
-25
-29
-31
-27
-23
-17
-25
-27
-3
-21
-23
-13
-13
-9
-7
-1
-1
7
7
13
23
31
37
33
49
47
39
37
37
27
17
13
3
-1
-9
-19
-17
-15
-17
-19
-13
-25
-13
-17
-25
-23
-17
-13
-19
-23
-11
-9
-13
-15
-17
-15
-5
-15
-11
-19
-11
-11
-19
-17
-13
-15
-9
-5
-19
-21
-15
-15
-9
-17
-15
-3
7
5
1
13
11
9
7
-5
-7
-19
-25
-23
-21
-21
-17
-21
-15
-27
-51
-3
101
245
267
141
-53
-61
-37
-21
-27
-27
-29
-19
-27
-25
-21
-23
-13
-23
-21
-7
1
-11
-5
3
15
11
9
29
29
39
39
45
47
49
41
31
23
13
7
5
-9
-17
-17
-17
-13
-19
-29
-23
-17
-9
-21
-23
-21
-15
-21
-27
-19
-15
-5
-13
-15
-5
-17
-11
-7
-21
-17
-11
-17
-21
-15
-17
-5
-11
-23
-17
-19
-15
-17
-11
-17
-13
-9
-21
-13
-3
1
-1
13
21
1
5
1
-3
-5
-15
-13
-33
-25
-17
-21
-27
-23
-27
-43
9
133
263
261
91
-91
-59
-29
-35
-31
-25
-27
-23
-17
-11
-27
-33
-35
-25
-17
-15
-7
-5
-5
3
5
13
17
31
27
35
31
37
47
29
37
21
19
13
9
-9
-17
-13
-27
-27
-3
-25
-21
-29
-29
-21
-29
-21
-15
-11
-21
-21
-15
-25
-13
-15
-23
-15
-7
-15
-5
-9
-21
-17
-21
-23
-15
-15
-15
-19
-19
-19
-13
-15
-17
-13
-19
-15
-19
-15
-15
-17
-9
-1
-7
-7
15
11
7
3
-1
3
-7
-21
-27
-27
-21
-27
-27
-19
-35
-55
-47
41
169
279
221
19
-87
-29
-31
-31
-27
-31
-31
-29
-31
-23
-19
-31
-21
-11
-15
-19
-11
-5
-3
-5
3
11
19
33
37
27
31
35
33
41
19
17
9
-3
-3
-5
-13
-19
-13
-29
-25
-27
-23
-23
-21
-27
-13
-21
-23
-21
-11
-13
-23
-21
-21
-23
-7
-11
-27
-17
-17
-13
-19
-21
-15
-19
-13
-23
-23
-27
-21
-19
-23
-27
-21
-17
-17
-27
-7
-21
-31
-31
-5
-7
-21
-3
13
17
-9
-15
-13
-13
-19
-27
-31
-17
-43
-35
-37
-33
-59
-53
15
141
259
229
33
-81
-47
-23
-35
-33
-41
-33
-43
-37
-33
-29
-31
-27
-21
-11
-23
-25
-21
-23
-15
-3
3
9
17
23
29
27
31
19
33
25
21
17
5
-3
-11
-19
-27
-21
-21
-37
-35
-27
-29
-27
-27
-27
-31
-23
-29
-25
-25
-33
-17
-23
-27
-27
-21
-17
-29
-25
-21
-21
-19
-25
-17
-21
-29
-23
-29
-25
-25
-25
-23
-25
-19
-9
-29
-35
-25
-23
-19
-19
-11
-9
1
11
1
-1
5
-13
-23
-29
-27
-31
-33
-37
-35
-33
-25
-35
-67
-11
107
245
239
103
-75
-71
-39
-31
-33
-37
-31
-31
-39
-31
-25
-17
-31
-17
-23
-29
-17
-15
-9
-1
-3
7
5
11
27
29
37
33
37
43
29
23
21
9
1
-5
-13
-23
-25
-19
-25
-21
-25
-23
-27
-21
-23
-25
-23
-29
-19
-17
-23
-17
-11
-15
-9
-23
-15
-25
-23
-19
-13
-21
-23
-19
-17
-21
-25
-15
-25
-13
-27
-19
-11
-17
-11
-7
-3
19
1
-3
-1
-5
-11
-25
-21
-25
-29
-25
-29
-23
-31
-43
-35
31
143
273
201
-5
-111
-57
-25
-23
-27
-25
-29
-25
-27
-23
-17
-23
-13
-11
-9
-11
-1
1
-7
13
11
19
23
21
37
43
39
49
37
41
39
33
11
11
3
-3
-3
-21
-15
-23
-15
-3
-21
-21
-17
-9
-11
-11
-25
-19
-13
-17
-11
-13
-9
-9
-15
-5
-15
-13
-13
-13
-13
-11
-7
-9
-13
-27
-13
-15
-11
-13
-11
-9
-17
-7
-1
1
5
17
17
9
5
-1
-5
-11
-19
-11
-23
-25
-19
-13
-21
-25
-39
-23
57
185
275
221
19
-81
-39
-19
-33
-31
-29
-19
-23
-21
-19
-17
-11
-15
-7
-19
-15
-5
-5
15
7
13
15
29
31
31
45
43
43
43
51
37
31
27
15
-7
-7
-11
-19
-7
-15
-13
-21
-17
-17
-23
-19
-19
-17
-13
-15
-17
-13
-9
-13
-9
-7
-13
-13
-7
-11
-7
-7
-9
-5
-15
-15
-7
-23
-7
-15
-11
-21
-9
-13
-11
-1
1
1
15
23
17
7
3
3
-5
-23
-21
-17
-13
-19
-19
-19
-17
-25
-47
39
127
259
249
87
-73
-47
-19
-29
-19
-27
-31
-25
-15
-29
-21
-19
-25
-13
-11
-13
5
-7
1
5
13
17
19
31
37
43
45
49
51
57
49
33
25
15
15
-3
-9
3
-17
-23
-17
-23
-17
-15
-17
-19
-25
-19
-17
-15
-15
-15
-13
-23
-19
-15
-9
-7
-11
-1
-15
-17
-13
-19
-9
-9
-23
-19
-15
-9
-9
-11
-11
-11
-7
-7
-1
21
25
3
7
5
-5
-17
-25
-11
-27
-23
-31
-19
-27
-27
-49
-27
47
163
275
199
17
-77
-35
-23
-25
-25
-31
-17
-33
-35
-23
-23
-21
-15
-19
-17
-5
-19
-13
1
3
13
15
13
27
31
35
47
37
53
37
39
31
13
7
-3
-11
-11
-17
-25
-25
-23
-21
-7
-31
-25
-23
-29
-23
-23
-13
-21
-13
-15
-21
-15
-15
-17
-13
-13
-19
-19
-15
-21
-19
-9
-19
-15
-19
-21
-19
-25
-17
-25
-17
-15
-5
-1
-7
19
23
9
-7
-5
-11
-15
-25
-25
-29
-29
-27
-27
-25
-25
-61
-43
29
155
269
205
1
-85
-41
-27
-31
-31
-39
-31
-33
-33
-27
-23
-21
-27
-17
-25
-17
-15
-13
-7
11
3
9
25
27
29
33
57
43
33
35
29
23
11
11
-15
-23
-21
-21
-23
-25
-27
-21
-13
-17
-33
-29
-37
-37
-29
-21
-23
-17
-9
-21
-21
-19
-15
-19
-15
-23
-23
-23
-19
-9
-17
-21
-21
-25
-13
-25
-19
-11
-15
-11
-7
11
11
1
1
-11
-7
-17
-23
-31
-25
-29
-27
-29
-25
-33
-59
-37
27
159
271
223
17
-97
-51
-29
-29
-33
-31
-35
-33
-37
-29
-27
-21
-21
-23
-9
-15
-17
-9
-7
-5
15
5
11
23
29
37
37
41
37
35
33
27
3
1
-7
-15
-15
-21
-23
-21
-23
-19
-29
-27
-23
-31
-25
-23
-23
-19
-21
-17
-19
-27
-17
-11
-21
-19
-15
-15
-13
-13
-19
-23
-21
-19
-19
-23
-17
-19
-19
-23
-11
-11
-19
-25
-21
-15
-13
-3
-11
11
7
11
-1
1
-5
-9
-15
-29
-31
-27
-27
-29
-27
-27
-37
-57
-17
77
231
271
155
-51
-67
-39
-31
-37
-29
-31
-41
-35
-33
-23
-29
-25
-19
-17
-21
-21
-15
-13
-7
-1
7
13
19
33
31
35
35
33
37
33
31
21
13
11
-15
-17
-15
-21
-19
-27
-29
-29
-25
-25
-33
-29
-17
-25
-25
-21
-25
-15
-21
-21
-19
-15
-13
-11
-15
-21
-11
-15
-23
-17
-17
-19
-19
-17
-19
-23
-17
-19
-21
-13
-15
-17
-19
-17
-23
-15
-7
-7
-5
9
15
7
3
-9
-9
-17
-25
-25
-27
-29
-25
-25
-31
-25
-47
-51
37
151
267
227
49
-85
-59
-37
-31
-35
-33
-27
-35
-27
-31
-25
-23
-25
-25
-25
-11
-7
-13
-5
-5
1
9
9
23
29
35
33
35
39
33
35
21
17
5
1
-13
-15
-13
-21
-23
-25
-25
-25
-23
-33
-27
-19
-23
-21
-21
-15
-21
-19
-17
-23
-11
-17
-17
-13
-15
-13
-11
-23
-7
-23
-21
-19
-17
-19
-13
-23
-17
-17
-19
-11
-23
-25
-23
-11
-19
-15
-21
-11
-13
-7
-7
-1
11
7
1
-1
-9
-11
-11
-33
-25
-31
-29
-25
-33
-27
-39
-59
-1
111
251
239
87
-87
-53
-37
-39
-33
-29
-29
-29
-33
-25
-25
-13
-29
-25
-17
-17
-13
-13
-9
3
3
7
15
25
27
25
33
45
41
41
41
31
29
11
1
-5
-13
-7
-17
-15
-21
-21
-27
-15
-35
-21
-27
-21
-15
-25
-29
-19
-17
-5
-19
-15
-17
-11
-11
-15
-13
-17
-19
-13
-17
-15
-9
-19
-23
-21
-21
-21
-25
-17
-15
-17
-19
-13
-9
-23
-27
-17
-13
-9
-9
5
17
7
1
-5
-7
-17
-25
-29
-29
-33
-29
-23
-23
-29
-55
-29
63
201
279
189
-27
-69
-31
-9
-29
-33
-45
-37
-27
-23
-27
-23
-23
-19
-19
-15
-15
-13
-7
1
11
7
15
35
25
29
29
41
33
41
39
31
27
17
11
-1
-9
-9
-23
-15
-19
-19
-21
-33
-27
-21
-31
-25
-21
-19
-11
-15
-27
-23
-23
-17
-13
-15
-13
-9
-11
-13
-11
-13
-25
-19
-21
-17
-15
-15
-15
-17
-9
-1
-25
-17
-7
1
-9
7
17
7
-1
1
3
-5
-17
-21
-23
-29
-27
-29
-37
-23
-39
-33
29
139
265
251
93
-71
-47
-11
-35
-41
-35
-37
-29
-23
-21
-23
-19
-13
-13
-15
-15
-7
-1
-1
-1
5
29
21
25
33
39
37
41
49
51
49
37
41
15
13
-9
-19
-13
-15
-19
-19
-15
-21
-17
-21
-17
-19
-3
-13
-31
-17
-23
-21
-17
-13
-15
-15
-15
-19
-1
-15
-15
-17
-13
-21
-15
-19
-19
-19
-15
-3
-19
-21
-21
-17
-17
-19
-9
3
-1
15
19
7
3
-3
-5
-13
-25
-19
-17
-41
-39
-31
-29
-33
-55
-21
73
203
271
149
-47
-71
-33
-31
-37
-33
-37
-35
-29
-25
-27
-23
-17
-31
-25
-21
-21
-13
-13
-3
3
7
11
27
35
27
23
31
37
39
43
31
17
9
5
-9
-13
-21
-21
-23
-25
-25
-25
-23
-25
-27
-19
-19
-27
-19
-29
-23
-15
-15
-21
-21
-19
-15
-13
-9
-15
-15
-17
-13
-7
-13
-13
-27
-29
-19
-19
-17
-13
-15
-15
-11
-15
-11
9
-13
-1
11
7
3
1
-5
-11
-15
-15
-17
-35
-33
-27
-31
-27
-51
-31
49
169
281
193
-23
-101
-49
-25
-23
-35
-29
-29
-21
-21
-21
-23
-19
-13
-13
-13
-3
-11
1
5
15
15
17
37
35
41
51
51
51
53
53
49
43
43
21
3
-3
-9
-7
-11
-9
-11
-11
-9
-11
-11
-13
-5
-5
-13
-15
-13
-5
3
-7
-3
-1
-7
-13
-13
-7
-3
-5
-5
9
-3
-11
-11
-15
-15
-7
-11
-9
-1
9
3
3
13
25
23
5
7
9
1
-13
-17
-15
-15
-19
-21
-15
-23
-33
-45
11
119
257
263
121
-75
-61
-19
-27
-23
-23
-23
-29
-21
-17
-9
-13
-21
-13
-9
-7
-3
3
1
9
7
15
23
29
33
41
51
49
47
49
51
35
27
15
5
-3
-7
-11
-17
-19
-11
-21
-27
-23
-21
-17
-17
-15
-11
-19
-17
-19
-19
-15
-17
-11
-13
-7
-13
-9
-17
-9
-9
-17
-17
-17
-19
-13
-13
-23
-19
-17
-11
-15
-21
-15
-15
-9
-15
-5
-9
3
19
17
3
5
-1
-3
-19
-27
-23
-27
-31
-23
-29
-31
-41
-47
13
101
233
265
139
-69
-85
-39
-31
-35
-37
-41
-33
-31
-33
-29
-21
-29
-31
-23
-19
-15
-13
-11
3
-5
3
5
23
27
25
33
41
47
41
39
33
25
17
3
-3
-7
-21
-31
-21
-11
-25
-37
-35
-27
-33
-27
-31
-31
-31
-19
-23
-27
-23
-25
-23
-21
-23
-9
-21
-19
-19
-15
-21
-25
-23
-13
-25
-25
-25
-15
-21
-15
-15
-25
-21
-17
-11
-1
11
9
-3
-7
-5
-13
-25
-29
-31
-31
-27
-37
-33
-29
-49
-55
-3
93
227
261
119
-79
-75
-51
-39
-39
-43
-37
-37
-29
-37
-31
-33
-27
-23
-27
-27
-23
-13
-13
-5
-1
5
9
11
21
31
31
37
33
39
37
33
13
7
-5
-11
-15
-25
-25
-33
-31
-31
-33
-31
-35
-33
-29
-25
-39
-35
-31
-25
-33
-23
-23
-23
-15
-27
-25
-23
-23
-25
-21
-27
-17
-23
-23
-19
-33
-27
-25
-23
-27
-17
-21
-29
-29
-17
-25
-29
-25
-23
-21
-7
-9
-3
7
5
-7
-5
-15
-9
-31
-25
-31
-37
-17
-53
-35
-29
-45
-65
9
131
257
255
99
-97
-81
-47
-43
-37
-41
-35
-21
-47
-45
-33
-29
-47
-27
-29
-23
-23
-17
-11
-5
-9
1
5
11
19
27
31
33
45
39
27
27
17
9
-5
-15
-13
-31
-29
-31
-27
-31
-35
-37
-31
-23
-35
-39
-27
-29
-35
-29
-29
-23
-17
-23
-31
-17
-23
-25
-21
-21
-11
-33
-25
-21
-27
-23
-23
-25
-25
-29
-25
-27
-25
-25
-25
-19
-13
-29
-25
-31
-25
-15
-9
5
-19
13
5
-7
-5
-7
-11
-21
-23
-27
-41
-41
-33
-31
-33
-27
-53
-43
45
183
275
201
-13
-81
-47
-33
-37
-41
-31
-35
-39
-35
-31
-33
-27
-27
-13
-21
-25
-19
-15
-11
7
1
3
11
17
27
35
39
47
37
33
23
21
17
5
3
-17
-7
-19
-41
-31
-23
-21
-29
-21
-23
-31
-31
-31
-21
-29
-25
-25
-21
-21
-21
-9
-23
-9
-21
-21
-15
-7
-21
-21
-13
-13
-23
-21
-17
-13
-5
-13
-25
-29
-15
-21
-19
-15
-21
-19
-13
-17
-19
-17
-15
-11
5
-5
-5
19
21
7
-5
-13
-7
-13
-25
-29
-23
-23
-21
-27
-31
-29
-51
-35
47
173
271
211
17
-61
-39
-29
-39
-35
-35
-31
-29
-25
-27
-27
-25
-15
-25
-19
-19
-15
-7
-1
-3
11
7
21
31
27
37
45
43
39
39
29
29
21
1
-1
-11
-19
-17
-23
-29
-17
-33
-29
-25
-19
-17
-27
-21
-23
-23
-23
-21
-13
-13
-21
-9
-15
-23
-15
-13
-21
-19
-19
-15
-9
-17
-19
-23
-21
-19
-19
-19
-25
-29
-17
-21
-21
-21
-19
-11
-13
-27
-25
-19
-15
-21
-11
-11
-5
-3
17
9
-3
-7
1
-9
-27
-27
-21
-37
-31
-17
-37
-27
-41
-53
9
101
243
251
111
-75
-61
-31
-29
-29
-37
-31
-39
-31
-31
-33
-25
-33
-25
-19
-25
-17
-13
-15
-3
-1
5
9
35
19
27
37
37
39
41
37
31
27
13
1
-11
-9
-25
-17
-29
-19
-29
-29
-31
-25
-31
-29
-27
-13
-29
-23
-19
-15
-17
-15
-25
-27
-17
-5
-19
-27
-13
-11
-25
-19
-21
-17
-25
-19
-21
-21
-13
-25
-27
-25
-15
-17
-31
-21
-17
-15
-15
-11
-19
-17
-15
-7
9
11
-3
-3
-7
-13
-21
-23
-33
-31
-27
-31
-27
-25
-37
-49
-19
89
219
255
125
-63
-79
-35
-25
-23
-43
-33
-37
-29
-33
-33
-31
-29
-25
-9
-21
-17
-11
-5
-7
-5
9
17
27
17
27
39
43
37
35
39
31
37
9
-1
-11
-11
-17
-17
-31
-19
-19
-27
-27
-23
-25
-23
-19
-21
-19
-25
-21
-21
-21
-9
-17
-15
-19
-21
-9
-17
-21
-19
-19
-13
-5
-27
-23
-27
-19
-21
-19
-23
-15
-9
-25
-21
-21
-19
-21
-25
-17
-17
-1
-21
-25
-5
-1
-5
5
9
9
-1
5
-13
-19
-31
-25
-21
-29
-33
-29
-29
-21
-51
-51
39
165
281
225
25
-81
-45
-15
-37
-43
-33
-25
-37
-27
-37
-27
-21
-31
-25
-19
-7
-11
-9
-5
-1
1
13
11
21
31
37
43
39
53
37
41
37
21
9
1
-3
-5
-13
-17
-21
-17
-15
-21
-19
-13
-23
-23
-17
-11
-17
-9
-13
-9
-13
-13
-15
-11
-7
-9
-5
-5
-11
-15
-5
-5
-21
-23
-9
-23
-11
-13
-15
-11
-15
-13
-5
-19
-11
-15
-17
-13
-7
-9
-15
-9
-7
-1
5
-1
9
19
7
17
-1
-7
-7
-15
-19
-11
-29
-29
-27
-21
-21
-35
-39
29
137
275
233
47
-69
-43
-29
-25
-29
-27
-25
-29
-27
-21
-23
-29
-19
-19
-17
-13
-11
-3
-7
7
7
19
21
25
33
37
49
49
39
51
45
31
27
17
7
-3
-3
-9
-11
-23
-23
-25
-19
-27
-25
-23
-21
-19
-17
-11
-17
-15
-19
-17
-21
-15
-13
-11
-13
-11
-13
-3
-17
-21
-27
-17
-19
-15
-17
-19
-17
-17
-25
-21
-15
-21
-17
-11
-17
-21
-19
-5
-3
-5
5
11
3
1
-11
-3
-17
-27
-27
-31
-25
-27
-29
-31
-31
-51
-35
45
169
279
203
-9
-105
-49
-29
-31
-31
-29
-37
-31
-37
-33
-29
-27
-19
-17
-9
-3
-11
-19
-3
5
11
11
13
33
31
35
39
41
47
43
33
31
23
5
-1
-13
-15
-17
-17
-17
-25
-23
-23
-19
-19
-21
-21
-19
-11
-19
-17
-9
-17
-15
-13
-19
-11
-11
-13
-3
-9
-23
-17
-21
-9
-11
-15
-19
-7
-23
-21
-19
-9
-21
-19
-17
-17
-3
-13
-19
-25
-13
-15
-7
1
-13
5
13
9
3
-3
-7
-13
-27
-15
-37
-33
-27
-25
-29
-25
-53
-35
49
183
273
203
-1
-75
-39
-25
-37
-39
-31
-29
-29
-31
-29
-23
-25
-19
-29
-19
-15
3
-17
-11
11
3
7
13
23
27
41
41
35
37
47
35
23
15
11
3
-5
-15
-19
-21
-15
-23
-25
-23
-23
-29
-23
-21
-21
-19
-9
-23
-23
-19
-15
-19
-19
-11
-15
-13
-13
-15
-15
-19
-13
-21
-19
-15
-23
-15
-21
-21
-19
-17
-19
-19
-19
-23
-17
-23
-21
-11
-21
-17
-9
-5
-13
9
13
3
-7
-9
-7
-21
-25
-27
-27
-37
-41
-33
-31
-33
-61
-33
61
193
269
185
-29
-81
-33
-35
-41
-43
-37
-39
-37
-29
-33
-23
-33
-27
-27
-33
-27
-19
-19
-1
-5
-15
1
1
13
17
27
29
29
39
33
25
25
13
7
3
-15
-19
-25
-27
-29
-39
-33
-29
-33
-37
-35
-25
-25
-29
-27
-31
-27
-27
-25
-21
-29
-19
-19
-19
-25
-27
-15
-25
-21
-19
-17
-29
-29
-27
-29
-21
-25
-35
-21
-21
-25
-23
-23
-17
-25
-11
-15
-13
9
5
-3
5
-13
-13
-17
-31
-33
-33
-39
-33
-33
-33
-39
-57
-15
95
249
257
121
-83
-77
-37
-29
-43
-39
-37
-33
-25
-33
-31
-29
-25
-23
-19
-15
-15
-13
-15
1
-3
3
9
13
21
29
37
35
37
47
35
39
21
9
7
1
-1
-17
-15
-21
-15
-11
-35
-31
-25
-19
-29
-19
-23
-17
-17
-19
-21
-15
-15
-9
-17
-19
-3
-11
-15
-13
-19
-15
-15
-21
-11
-15
-19
-15
-13
-13
-21
-17
-15
-15
-15
-21
-15
-23
-15
-11
-17
-15
-5
-3
-5
15
19
7
3
3
-5
-13
-21
-27
-31
-27
-25
-27
-27
-27
-41
-25
67
199
277
185
-23
-73
-37
-19
-21
-33
-41
-31
-29
-31
-27
-19
-27
-15
-23
-15
-13
-15
-19
-1
5
3
11
17
27
39
39
33
43
41
37
39
25
25
7
1
1
-11
-19
-23
-21
-21
-23
-21
-23
-19
-19
-23
-21
-13
-21
-19
-17
-19
-11
-7
-13
-5
-9
-21
-11
-5
-21
-15
-5
-17
-13
-17
-23
-19
-15
-7
-13
-5
-15
-27
-23
-21
-19
-19
-15
-13
-13
-3
-19
-9
-7
-13
-3
21
13
1
1
-3
-3
-7
-25
-35
-23
-33
-35
-27
-29
-29
-51
-37
41
169
275
219
19
-79
-43
-29
-23
-37
-33
-33
-29
-31
-29
-25
-15
-19
-21
-25
-23
-17
-9
-7
5
11
11
19
9
17
31
41
39
39
43
41
31
19
13
1
-9
-21
-23
-23
-27
-25
-25
-13
-23
-29
-27
-35
-35
-25
-23
-23
-21
-25
-19
-3
-19
-27
-25
-21
-23
-21
-21
-19
-23
-15
-11
-25
-31
-23
-21
-19
-23
-15
-21
-29
-29
-21
-19
-23
-23
-15
-3
-7
-3
11
9
-5
-15
-3
-19
-29
-29
-27
-29
-27
-25
-27
-25
-47
-61
-23
77
209
275
163
-49
-87
-45
-29
-25
-35
-35
-29
-37
-35
-23
-25
-27
-27
-9
-21
-3
-15
-21
-13
-5
-1
5
13
23
27
39
39
31
43
39
33
31
21
15
-5
1
-11
-13
-23
-29
-21
-17
-25
-23
-19
-17
-19
-23
-25
-19
-15
-19
-19
-13
-11
-19
-15
-13
-15
-13
-15
-7
-19
-19
-21
-13
-25
-17
-15
-11
-13
-23
-19
-21
-27
-25
-23
-21
-17
-15
-19
-15
-9
-7
-9
3
23
1
-1
-11
-11
-13
-23
-35
-35
-35
-31
-29
-19
-45
-45
-61
-23
73
207
263
145
-65
-97
-35
-33
-41
-45
-35
-39
-37
-29
-23
-29
-23
-39
-25
-25
-13
-17
-23
-15
-7
-1
7
15
25
35
37
41
65
37
29
29
27
19
3
-3
-5
-17
-19
-19
-25
-13
-27
-33
-25
-17
-25
-33
-29
-19
-15
-25
-21
-21
-19
-21
-17
-11
-13
-25
-19
-11
-11
-21
-23
-23
-19
-25
-15
-15
-31
-21
-23
-15
-13
-23
-17
-19
-13
-5
-9
-9
13
9
-1
1
-9
-13
-21
-21
-23
-29
-27
-27
-31
-33
-33
-53
-19
65
199
277
197
-3
-77
-43
-27
-37
-43
-31
-33
-35
-33
-23
-27
-23
-27
-17
-23
-19
-11
-11
-5
1
3
7
21
17
23
35
39
45
47
51
39
27
21
27
-1
-7
-11
-11
-11
-19
-25
-5
-19
-31
-27
-23
-15
-23
-25
-21
-13
-21
-19
-15
-9
-13
-21
-13
-13
-11
-15
-9
-19
-17
-11
-9
-13
-19
-13
-15
-23
-21
-25
-19
-13
-17
-13
-5
-3
-9
-5
11
7
-3
-1
-3
-3
-23
-29
-21
-29
-35
-33
-31
-29
-29
-59
-15
63
199
263
161
-65
-105
-49
-35
-27
-39
-33
-39
-29
-19
-33
-37
-23
-29
-19
-15
-19
-11
-15
-1
-1
5
11
15
27
31
37
35
53
41
33
35
27
13
3
-7
-13
-21
-11
-25
-25
-17
-19
-33
-33
-25
-15
-31
-27
-27
-21
-23
-19
-17
-17
-19
-19
-25
-13
-25
-15
-23
-19
-23
-13
-9
-37
-27
-21
-21
-23
-21
-23
-17
-15
-21
-21
-23
-21
-21
-5
-3
-7
-3
13
-1
-9
-9
-3
-17
-25
-29
-27
-23
-29
-37
-27
-31
-45
-51
19
145
261
251
95
-89
-65
-37
-25
-39
-39
-39
-33
-29
-33
-23
-35
-23
-21
-13
-17
-21
-15
-1
-9
-13
1
13
13
25
27
31
33
41
27
33
29
21
3
-3
1
-21
-15
-35
-31
-23
-43
-33
-29
-31
-29
-27
-25
-33
-23
-33
-33
-31
-27
-23
-21
-21
-23
-29
-25
-15
-21
-33
-27
-19
-31
-27
-19
-29
-25
-23
-17
-29
-31
-25
-25
-29
-29
-23
-19
-15
-5
-7
-11
13
-1
-5
-9
-17
-11
-27
-27
-37
-33
-31
-33
-33
-37
-47
-59
-9
103
253
247
95
-77
-57
-37
-41
-39
-37
-41
-39
-37
-33
-35
-31
-25
-23
-29
-21
-25
-19
-17
-15
-7
3
7
17
21
21
37
27
39
39
23
19
21
-1
-9
-21
-19
-21
-21
-41
-33
-37
-33
-33
-23
-33
-31
-45
-37
-37
-33
-27
-27
-27
-21
-23
-37
-27
-25
-25
-23
-23
-19
-21
-31
-27
-31
-27
-23
-33
-31
-23
-17
-23
-27
-29
-29
-27
-19
-19
-13
-13
13
13
-5
-19
-13
-9
-27
-29
-33
-39
-29
-25
-33
-41
-43
-61
-37
57
199
269
181
-15
-87
-55
-35
-33
-37
-47
-31
-37
-25
-37
-33
-29
-25
-33
-25
-21
-19
-15
-13
-9
1
15
7
17
27
27
35
29
29
31
21
21
13
3
-1
-15
-11
-21
-23
-33
-31
-23
-27
-21
-31
-23
-23
-15
-23
-21
-27
-23
-17
-17
-23
-15
-19
-9
-17
-13
-5
-21
-19
-19
-17
-17
-17
-17
-21
-17
-13
-13
-13
-7
-25
-25
-15
-19
-17
-17
-17
-9
-5
-3
-3
15
17
5
5
-3
-21
-17
-23
-29
-23
-33
-29
-29
-29
-27
-57
-27
77
223
245
99
-101
-85
-33
-29
-45
-41
-37
-35
-25
-31
-31
-31
-21
-25
-21
-23
-23
-7
-11
-3
-1
7
13
19
31
33
35
43
37
35
35
29
21
11
1
-11
-13
-19
-27
-23
-27
-23
-19
-23
-29
-25
-29
-27
-23
-19
-13
-17
-25
-23
-19
-17
-17
-15
-19
-23
-5
-27
-23
-17
-19
-21
-19
-13
-29
-21
-25
-23
-21
-19
-25
-19
-19
-21
-11
-17
-1
7
3
1
1
-11
-17
-33
-33
-25
-29
-31
-35
-33
-31
-51
-45
23
157
273
221
11
-97
-45
-31
-33
-35
-35
-43
-39
-31
-31
-27
-21
-23
-21
-27
-25
-15
-15
-9
-3
5
5
11
19
27
29
31
41
39
33
29
23
17
-3
-1
-15
-19
-21
-21
-29
-27
-21
-31
-27
-27
-31
-25
-23
-21
-23
-35
-21
-27
-19
-23
-17
-11
-29
-19
-19
-23
-11
-13
-19
-17
-17
-15
-23
-23
-19
-11
-27
-25
-19
-19
-17
-23
-25
-15
-9
-17
-9
3
11
1
-9
5
-7
-19
-17
-31
-27
-33
-31
-31
-27
-21
-47
-61
11
115
261
253
93
-85
-61
-23
-45
-45
-33
-35
-39
-33
-33
-31
-25
-29
-9
-19
-25
-17
-13
-3
-3
3
11
9
15
23
27
31
47
33
37
31
29
17
5
1
-11
-13
-15
-23
-27
-27
-25
-19
-17
-35
-31
-29
-25
-21
-27
-19
-15
-19
-29
-27
-23
-21
-21
-15
-13
-11
-15
-11
-29
-23
-19
-25
-19
-13
-23
-25
-17
-15
-19
-19
-17
-13
-9
-23
-21
-25
-17
-13
-5
-5
1
13
13
7
-1
-11
-23
-25
-15
-29
-25
-31
-27
-29
-31
-41
-51
15
119
261
243
69
-77
-43
-31
-27
-33
-27
-23
-37
-41
-33
-35
-29
-23
-21
-19
-25
-15
7
-7
-9
5
3
5
9
21
31
33
37
39
37
37
41
23
9
-1
-9
-17
-19
-19
-23
-25
-23
-23
-19
-21
-19
-27
-23
-25
-21
-21
-19
-11
-19
-17
-5
-23
-25
-13
-19
-15
-13
-11
-15
-19
-21
-15
