73
161
229
101
-69
-45
-35
-27
-35
-37
-35
-35
-33
-27
-31
-25
-23
-21
-23
-19
-15
-15
3
-3
3
13
25
31
37
45
45
47
39
35
21
5
7
-13
-25
-27
-41
-33
-35
-39
-35
-29
-33
-35
-27
-23
-25
-23
-21
-19
-23
-21
-23
-27
-23
-23
-23
-27
-25
-21
-17
-13
-13
-17
1
-5
-3
-9
-13
-19
-29
-33
-33
-35
-35
-35
-35
-33
-29
-27
-25
-23
55
127
251
197
-39
-49
-33
-33
-33
-31
-27
-29
-31
-29
-29
-27
-23
-23
-21
-17
-13
-5
-7
7
7
15
29
41
47
49
53
51
47
39
31
13
1
-7
-17
-23
-27
-27
-33
-29
-29
-33
-29
-25
-23
-19
-21
-17
-15
-17
-11
-13
-13
-7
-9
-11
-15
-13
-13
-11
-3
-3
7
9
11
5
3
-1
-7
-13
-23
-25
-23
-27
-25
-25
-25
-19
-19
-17
-13
17
77
195
253
113
-43
-31
-21
-25
-23
-23
-21
-21
-23
-17
-17
-21
-17
-11
-5
-5
-7
7
5
9
21
29
35
51
49
63
63
61
49
39
21
9
-3
-15
-19
-19
-27
-23
-25
-27
-25
-25
-23
-29
-23
-19
-19
-15
-15
-11
-13
-13
-13
-13
-17
-15
-15
-17
-19
-15
-21
-17
-11
-15
-13
-7
-5
7
9
3
3
-3
-7
-15
-19
-27
-25
-29
-25
-29
-25
-21
-21
-23
-19
-13
67
133
223
189
9
-47
-31
-19
-15
-9
-17
-15
-15
-13
-11
-13
-11
-9
-5
-1
1
1
5
11
13
23
35
41
49
57
61
63
59
55
37
21
7
-7
-15
-21
-29
-25
-31
-31
-33
-33
-37
-29
-29
-21
-29
-21
-23
-13
-17
-23
-27
-27
-17
-11
-17
-29
-25
-23
-25
-21
-19
-27
-27
-23
-23
-17
-7
-5
-1
5
-5
-7
-9
-13
-19
-21
-29
-29
-29
-29
-17
-35
-39
-31
-17
-19
-15
65
123
227
179
-25
-51
-39
-33
-33
-31
-29
-29
-29
-29
-23
-25
-29
-23
-23
-19
-15
-7
-9
-3
1
13
21
29
39
39
47
49
49
39
27
15
3
-13
-19
-29
-35
-31
-35
-39
-37
-37
-37
-39
-29
-29
-27
-25
-25
-29
-23
-21
-27
-19
-19
-21
-21
-23
-21
-27
-19
-25
-19
-15
-9
-7
1
1
-1
-9
-5
-15
-21
-25
-33
-25
-29
-37
-35
-31
-31
-29
-29
-23
-13
65
149
259
185
-43
-55
-41
-37
-33
-37
-39
-29
-35
-29
-27
-27
-31
-21
-17
-13
-17
-7
-7
1
13
15
21
35
43
53
53
57
51
39
27
11
-3
-13
-19
-23
-27
-27
-25
-29
-33
-35
-29
-29
-25
-23
-17
-11
-13
-19
-21
-17
-15
-13
-11
-19
-15
-13
-13
-19
-11
-9
-3
5
13
11
3
-1
-1
-5
-11
-19
-23
-23
-23
-27
-27
-23
-21
-17
-17
-13
3
81
165
265
169
-27
-43
-29
-29
-21
-23
-23
-23
-13
-19
-19
-19
-19
-19
-9
-9
-5
3
1
5
15
17
33
39
55
53
57
65
61
51
41
13
1
-7
-21
-25
-27
-31
-33
-33
-25
-41
-37
-31
-31
-29
-27
-23
-31
-27
-25
-25
-27
-23
-23
-25
-25
-25
-27
-29
-25
-25
-23
-21
-19
-13
-9
-3
1
7
1
-3
-7
-13
-17
-25
-31
-29
-29
-23
-19
-31
-25
-25
-17
-15
13
91
183
243
117
-43
-29
-23
-21
-21
-23
-25
-17
-15
-13
-15
-13
-11
-5
-15
-9
-3
-3
3
5
13
23
33
43
49
51
59
67
57
49
33
23
5
-5
-17
-29
-23
-31
-33
-35
-31
-35
-31
-31
-25
-33
-29
-31
-27
-27
-25
-27
-21
-19
-23
-21
-23
-23
-23
-27
-23
-23
-25
-25
-23
-21
-15
-9
-3
5
7
1
-5
-7
-11
-17
-25
-23
-21
-33
-35
-23
-17
-35
-31
-25
-13
13
85
169
263
145
-57
-41
-35
-31
-25
-25
-21
-25
-27
-19
-25
-21
-15
-19
-13
-11
3
-7
-3
5
15
19
37
43
51
55
63
59
55
47
31
7
1
-7
-11
-15
-21
-27
-37
-33
-29
-27
-25
-23
-23
-19
-23
-17
-21
-17
-13
-19
-21
-19
-15
-17
-17
-23
-17
-15
-19
-13
-7
5
9
5
9
-1
-3
-7
-19
-25
-25
-25
-25
-25
-25
-21
-21
-21
-17
-19
17
97
197
267
139
-55
-37
-31
-27
-25
-25
-23
-15
-27
-23
-21
-21
-15
-15
-11
-11
-7
-1
5
9
17
25
37
47
57
63
67
65
63
51
33
25
11
1
-9
-17
-25
-23
-23
-27
-17
-25
-31
-19
-25
-29
-27
-19
-13
-13
-13
-15
-13
-11
-17
-13
-15
-13
-13
-11
-5
-1
3
15
11
5
3
-3
-7
-13
-21
-23
-21
-21
-27
-23
-19
-17
-21
-21
-15
37
109
227
231
57
-47
-29
-19
-17
-15
-19
-23
-21
-21
-9
-11
-15
-7
-11
-9
-9
-1
-3
9
13
27
29
37
53
61
63
65
63
63
45
27
5
-5
-9
-21
-15
-31
-31
-33
-29
-31
-31
-31
-31
-27
-25
-19
-25
-19
-21
-21
-23
-19
-21
-23
-23
-25
-25
-25
-23
-19
-13
-9
-1
3
-1
-5
-5
-11
-15
-25
-29
-29
-25
-29
-27
-29
-27
-29
-25
-19
-17
67
131
237
191
-5
-43
-23
-25
-17
-17
-27
-15
-17
-15
-17
-13
-11
-9
-9
-9
-7
-3
-1
5
9
17
29
35
41
49
53
55
53
45
39
21
7
-7
-21
-29
-33
-33
-35
-37
-37
-37
-37
-35
-33
-29
-29
-27
-27
-25
-23
-23
-23
-23
-23
-23
-27
-25
-25
-21
-23
-21
-21
-19
-5
-3
-3
-11
-15
-17
-25
-29
-33
-39
-39
-35
-39
-33
-37
-35
-33
-29
-25
59
125
247
203
-17
-61
-41
-31
-33
-35
-33
-31
-31
-31
-27
-27
-25
-21
-19
-19
-15
-7
-11
1
7
15
25
35
43
53
53
51
49
39
31
13
1
-11
-17
-25
-33
-33
-39
-33
-37
-35
-33
-35
-31
-27
-25
-23
-25
-21
-19
-21
-19
-21
-19
-23
-21
-17
-15
-13
-5
3
3
1
-1
-9
-11
-17
-25
-31
-33
-29
-31
-31
-29
-33
-27
-25
-23
-23
35
101
219
231
53
-57
-33
-29
-27
-29
-27
-27
-27
-25
-25
-15
-23
-17
-15
-15
-13
-9
-5
1
9
17
27
39
45
51
57
59
53
39
21
11
-7
-19
-21
-27
-31
-31
-35
-37
-29
-31
-35
-35
-25
-27
-29
-21
-23
-21
-21
-19
-19
-19
-21
-21
-23
-21
-21
-25
-19
-17
-7
-7
3
1
-5
-7
-13
-13
-17
-25
-31
-33
-29
-27
-29
-31
-23
-21
-25
-19
-13
67
127
233
193
-9
-41
-25
-21
-19
-21
-19
-17
-21
-19
-17
-15
-15
-11
-9
-7
-5
-1
3
7
13
21
29
43
49
55
61
61
61
45
37
15
3
-11
-17
-25
-25
-31
-35
-37
-37
-37
-35
-31
-31
-31
-29
-25
-25
-25
-23
-23
-21
-25
-21
-27
-23
-25
-23
-25
-19
-29
-27
-33
-25
-17
-9
-9
-3
-1
-5
-9
-13
-17
-23
-29
-33
-35
-35
-35
-37
-33
-31
-27
-23
-23
13
87
181
243
101
-61
-43
-33
-29
-31
-29
-29
-27
-25
-25
-25
-21
-21
-21
-17
-19
-13
-9
-5
1
13
13
23
31
41
49
55
57
47
41
27
17
-1
-13
-23
-29
-27
-33
-35
-35
-31
-37
-35
-29
-31
-29
-25
-21
-23
-23
-23
-19
-21
-19
-23
-21
-21
-21
-19
-23
-25
-23
-25
-15
-13
-5
-1
3
-3
-5
-9
-11
-17
-23
-31
-29
-33
-33
-33
-31
-29
-23
-25
-25
-19
67
145
261
219
-17
-51
-27
-31
-29
-27
-27
-29
-29
-27
-21
-25
-21
-19
-15
-11
-9
-7
-1
3
9
19
27
41
47
53
59
59
59
51
39
23
11
-5
-11
-21
-21
-21
-25
-33
-31
-33
-33
-27
-27
-27
-21
-23
-19
-17
-19
-17
-15
-15
-17
-19
-17
-17
-15
-17
-19
-17
-19
-21
-11
-11
-3
1
5
3
1
-5
-7
-15
-21
-27
-27
-27
-27
-25
-25
-27
-23
-21
-17
-13
59
119
231
205
25
-47
-23
-21
-27
-21
-19
-25
-19
-19
-19
-11
-9
-7
-1
-7
-1
3
5
9
13
27
35
43
47
59
67
73
67
61
53
37
19
3
-11
-15
-25
-19
-29
-29
-29
-29
-29
-31
-27
-21
-23
-27
-21
-21
-19
-17
-19
-21
-25
-19
-21
-17
-23
-21
-21
-21
-19
-15
-23
-19
-23
-19
-11
-7
-5
-1
7
9
3
7
-3
-15
-19
-21
-21
-29
-21
-23
-25
-21
-19
-19
-17
-9
13
91
175
257
157
-23
-31
-19
-21
-21
-15
-17
-15
-15
-13
-13
-13
-11
-9
-9
-5
-3
-1
3
3
11
21
27
39
45
49
57
51
53
51
33
25
5
-7
-15
-25
-29
-27
-39
-37
-39
-37
-35
-33
-35
-29
-29
-27
-29
-29
-23
-27
-29
-21
-23
-31
-29
-25
-29
-29
-29
-29
-23
-33
-27
-19
-23
-17
-9
-1
-5
-1
-13
-11
-17
-23
-31
-29
-35
-33
-31
-31
-37
-31
-29
-27
-19
45
101
205
203
27
-63
-39
-29
-31
-31
-27
-31
-33
-29
-25
-37
-25
-25
-25
-15
-13
-11
1
-5
-3
5
15
29
41
43
47
55
55
51
45
29
11
3
-11
-15
-21
-27
-31
-31
-29
-33
-27
-29
-27
-29
-29
-25
-19
-23
-19
-19
-17
-21
-19
-21
-25
-23
-23
-11
-17
-31
-25
-19
-15
-7
-5
-1
-3
-5
-11
-13
-19
-29
-29
-33
-27
-35
-29
-31
-27
-27
-23
-19
-1
79
175
263
141
-53
-39
-25
-23
-29
-25
-27
-31
-23
-19
-29
-25
-23
-19
-15
-15
-9
-7
-5
3
11
17
29
37
47
51
57
63
53
47
33
19
7
-5
-11
-21
-25
-29
-25
-23
-37
-31
-33
-27
-25
-29
-25
-21
-17
-17
-21
-17
-19
-21
-19
-15
-19
-17
-21
-17
-19
-17
-11
-11
-3
3
5
1
-5
-7
-11
-21
-27
-27
-27
-33
-31
-27
-37
-31
-25
-25
-15
-3
83
157
251
165
-37
-41
-27
-21
-23
-19
-23
-21
-19
-15
-17
-15
-15
-11
-11
-9
-3
-3
3
7
13
17
27
37
43
51
55
57
51
45
33
19
11
-3
-17
-25
-31
-33
-37
-35
-31
-45
-39
-29
-25
-35
-29
-27
-27
-29
-23
-21
-25
-23
-23
-27
-25
-25
-23
-25
-27
-23
-23
-21
-17
-11
-3
5
3
-3
-11
-11
-17
-23
-39
-35
-29
-29
-35
-35
-29
-29
-29
-21
-19
43
111
211
193
19
-55
-29
-25
-23
-23
-23
-23
-19
-17
-17
-19
-15
-15
-11
-9
-3
1
-5
1
7
15
29
39
39
47
55
51
53
43
41
21
9
-7
-13
-25
-27
-33
-37
-37
-39
-39
-35
-35
-33
-33
-31
-27
-29
-23
-25
-29
-33
-27
-33
-35
-29
-27
-31
-35
-25
-33
-29
-31
-21
-19
-13
-7
-11
-7
-17
-19
-21
-31
-35
-37
-37
-37
-39
-39
-37
-33
-35
-31
-29
15
79
179
215
71
-67
-47
-39
-33
-45
-43
-37
-33
-33
-41
-35
-29
-21
-31
-33
-21
-21
-17
-7
1
7
13
23
31
41
45
47
43
39
27
7
-3
-13
-19
-27
-31
-35
-35
-37
-35
-35
-35
-35
-31
-29
-27
-27
-31
-25
-31
-29
-21
-25
-27
-27
-23
-27
-33
-29
-25
-23
-17
-9
-3
-5
-9
-13
-17
-25
-33
-39
-35
-37
-37
-39
-35
-33
-35
-33
-31
-21
5
85
197
241
93
-67
-47
-43
-39
-33
-39
-41
-37
-35
-31
-27
-29
-25
-23
-23
-19
-13
-11
-3
3
9
19
29
37
47
51
55
53
45
37
15
13
-13
-13
-27
-23
-35
-31
-33
-35
-33
-33
-33
-25
-25
-25
-19
-19
-17
-17
-17
-17
-17
-21
-19
-19
-15
-13
-11
-7
-1
1
-1
-7
-9
-13
-15
-19
-27
-31
-33
-29
-25
-43
-27
-37
-29
-27
-29
-21
59
129
243
209
-7
-45
-33
-27
-27
-27
-27
-25
-25
-23
-23
-19
-19
-19
-9
-15
-5
-1
3
1
13
13
29
35
41
53
55
53
47
39
21
3
-11
-19
-23
-27
-31
-31
-35
-35
-37
-33
-35
-29
-25
-23
-11
-33
-25
-25
-21
-19
-19
-19
-21
-19
-21
-21
-21
-15
-9
-5
3
5
-5
-1
-7
-11
-19
-25
-27
-33
-35
-33
-31
-27
-29
-27
-23
-21
-17
23
93
187
239
103
-43
-33
-21
-19
-21
-19
-21
-19
-19
-21
-5
-11
-15
-17
-5
-7
-5
1
7
11
15
25
29
41
51
57
55
61
55
43
31
17
3
-9
-19
-23
-29
-33
-31
-31
-33
-35
-33
-25
-27
-23
-21
-17
-31
-27
-25
-23
-19
-23
-27
-23
-23
-31
-27
-21
-23
-13
-11
-9
-3
-3
3
-11
-17
-23
-25
-35
-33
-33
-31
-33
-31
-31
-27
-25
-25
-19
43
103
209
197
29
-49
-35
-25
-29
-31
-29
-29
-23
-27
-27
-25
-23
-21
-21
-17
-17
-15
-5
-3
-1
5
13
21
31
39
43
43
47
39
31
15
1
-9
-23
-25
-27
-41
-43
-39
-41
-39
-39
-39
-35
-35
-31
-31
-29
-27
-29
-27
-25
-35
-35
-33
-31
-25
-29
-35
-23
-23
-19
-5
-7
-9
-13
-17
-19
-25
-33
-35
-37
-35
-39
-37
-39
-39
-37
-33
-29
-23
43
95
209
215
7
-63
-45
-37
-33
-39
-29
-35
-33
-35
-31
-31
-31
-27
-21
-23
-15
-13
-9
1
5
11
21
27
37
45
51
51
55
43
35
11
-1
-9
-17
-23
-31
-27
-27
-35
-39
-39
-31
-33
-33
-31
-25
-21
-19
-23
-17
-15
-21
-25
-21
-25
-23
-19
-15
-11
-1
-7
-3
1
-3
-9
-11
-15
-19
-29
-29
-33
-31
-29
-27
-29
-29
-25
-21
-21
15
89
197
255
129
-59
-39
-31
-27
-27
-25
-25
-19
-23
-23
-23
-17
-19
-13
-11
-7
-5
-1
5
15
21
33
39
45
55
57
57
53
51
37
25
11
1
-3
-21
-23
-25
-21
-25
-25
-31
-29
-23
-25
-21
-23
-13
-15
-19
-13
-9
-11
-9
-9
-13
-13
-9
-5
-1
5
11
13
7
-1
-3
-7
-15
-23
-23
-25
-21
-21
-21
-25
-29
-17
-17
-19
37
103
209
233
67
-45
-25
-19
-19
-17
-19
-15
-17
-13
-13
-13
-7
-5
-5
-3
-5
7
7
13
21
23
35
49
47
55
63
71
71
49
41
35
9
1
-7
-13
-21
-25
-23
-25
-27
-27
-27
-21
-21
-21
-17
-15
-19
-13
-15
-11
-11
-11
-11
-11
-17
-19
-15
-17
-15
-9
-7
1
9
5
3
-1
-3
-5
-13
-19
-25
-23
-23
-27
-21
-25
-21
-21
-21
-17
-1
79
155
257
177
-11
-39
-25
-19
-19
-17
-15
-17
-19
-17
-13
-11
-11
-9
-3
-3
1
1
3
9
13
27
37
39
53
53
53
61
53
47
37
25
11
-15
-17
-23
-29
-29
-31
-35
-33
-35
-27
-31
-27
-23
-23
-21
-21
-25
-23
-23
-23
-17
-27
-25
-31
-31
-27
-31
-33
-21
-25
-21
-13
-3
-7
-7
-19
-19
-23
-31
-35
-37
-37
-37
-37
-35
-33
-33
-29
-27
-23
33
101
209
201
21
-65
-47
-33
-33
-33
-31
-33
-29
-31
-31
-29
-25
-27
-23
-21
-17
-15
-11
-9
-3
3
15
23
29
37
47
47
49
43
39
25
5
-3
-13
-19
-23
-33
-37
-33
-39
-33
-31
-31
-27
-29
-29
-23
-23
-25
-23
-19
-17
-25
-21
-19
-27
-23
-25
-21
-17
-15
-1
3
-1
-1
-11
-7
-17
-19
-31
-31
-31
-31
-35
-35
-31
-29
-25
-25
-23
-9
71
159
259
159
-51
-43
-33
-29
-31
-31
-31
-25
-25
-21
-25
-25
-19
-19
-17
-19
-7
1
-1
3
9
15
27
37
47
51
55
55
47
41
25
15
3
-15
-19
-21
-25
-29
-33
-27
-31
-29
-29
-25
-21
-19
-23
-15
-15
-9
-21
-17
-15
-13
-13
-17
-11
-11
-7
-1
5
-1
3
-3
-7
-13
-19
-27
-31
-31
-31
-29
-31
-31
-25
-27
-25
-23
13
77
179
255
141
-51
-43
-31
-27
-31
-27
-25
-27
-27
-23
-21
-19
-21
-17
-9
-11
-5
-7
3
13
15
27
35
45
57
59
61
55
55
43
27
13
3
-7
-17
-19
-23
-25
-29
-31
-25
-29
-25
-21
-19
-23
-17
-13
-15
-17
-17
-15
-19
-17
-13
-15
-17
-11
-13
-3
5
7
3
-3
-3
-15
-17
-27
-29
-29
-27
-31
-35
-29
-29
-33
-19
-23
-23
53
127
227
185
-25
-41
-23
-27
-27
-19
-23
-23
-25
-25
-13
-15
-15
-9
-13
-7
-5
-5
-1
9
5
19
35
43
45
55
59
61
57
51
31
21
9
-7
-15
-27
-29
-35
-31
-39
-39
-35
-37
-31
-29
-25
-27
-31
-25
-29
-33
-25
-21
-33
-29
-31
-33
-37
-37
-27
-31
-19
-13
-11
-15
-19
-25
-27
-25
-37
-49
-43
-43
-47
-43
-45
-43
-37
-37
-35
-21
45
105
223
163
-37
-61
-55
-43
-33
-45
-37
-41
-35
-41
-33
-37
-31
-29
-29
-23
-25
-15
-15
-7
-1
7
7
33
27
35
37
29
45
31
21
3
-11
-25
-33
-29
-39
-39
-39
-43
-45
-43
-41
-35
-39
-39
-29
-27
-31
-35
-35
-33
-35
-31
-29
-35
-33
-31
-27
-15
-11
-13
-17
-13
-21
-27
-37
-39
-39
-41
-41
-39
-39
-51
-39
-35
-35
-31
-17
49
117
223
151
-73
-67
-53
-45
-41
-47
-45
-41
-41
-29
-37
-37
-37
-31
-37
-29
-23
-17
-15
-19
1
5
15
37
27
33
45
37
39
29
17
-3
-15
-25
-29
-33
-41
-45
-41
-43
-41
-41
-39
-37
-39
-35
-39
-33
-33
-31
-33
-31
-31
-33
-31
-25
-25
-21
-17
-5
-13
-7
-17
-21
-25
-31
-37
-41
-41
-39
-43
-41
-41
-33
-35
-31
-29
-17
57
133
245
189
-43
-57
-47
-35
-39
-37
-39
-41
-31
-33
-31
-33
-23
-29
-29
-23
-21
-13
-7
-9
-1
13
21
37
39
45
49
49
47
35
27
7
-5
-19
-31
-35
-33
-33
-43
-43
-41
-41
-37
-31
-37
-41
-33
-33
-27
-31
-27
-27
-29
-29
-27
-25
-21
-17
-11
-5
-11
-11
-17
-19
-21
-23
-31
-37
-41
-39
-39
-37
-37
-39
-35
-37
-31
-29
41
105
207
205
61
-59
-43
-35
-31
-31
-31
-29
-29
-29
-25
-27
-23
-21
-17
-13
-13
-11
-3
-1
-1
7
17
29
37
45
53
55
53
51
43
25
5
-11
-17
-27
-35
-37
-41
-39
-43
-43
-45
-43
-41
-39
-33
-37
-35
-31
-37
-37
-35
-37
-33
-35
-35
-33
-29
-23
-15
-7
-7
-11
-15
-17
-25
-25
-35
-39
-35
-41
-39
-35
-41
-37
-37
-33
-23
-15
59
117
223
195
13
-59
-43
-33
-35
-37
-33
-35
-27
-31
-29
-29
-25
-21
-25
-21
-13
-15
-11
-3
1
11
21
29
37
47
53
55
51
49
41
27
5
-5
-15
-21
-17
-29
-37
-39
-35
-37
-35
-27
-29
-17
-33
-27
-31
-17
-29
-25
-25
-23
-25
-25
-19
-21
-15
-5
-3
1
-3
-5
-7
-13
-17
-21
-29
-31
-33
-33
-29
-33
-33
-25
-19
-39
-19
13
101
213
253
97
-65
-45
-33
-39
-35
-27
-29
-37
-25
-15
-35
-27
-9
-41
-25
-11
-13
-7
-13
-1
19
17
27
45
55
57
65
55
51
35
31
7
-9
-11
-21
-25
-29
-29
-27
-27
-23
-35
-31
-19
-35
-25
-21
-21
-23
-19
-15
-13
-17
-21
-5
-17
-11
-1
5
7
3
-3
-15
-11
-13
-25
-33
-27
-29
-23
-21
-35
-21
-29
-17
-21
-11
65
127
251
243
37
-51
-31
-19
-21
-19
-33
-31
-21
-27
-21
-23
-17
-15
-1
-11
-13
-9
1
7
15
23
33
45
49
55
65
67
53
51
33
31
9
-5
-21
-23
-27
-31
-29
-33
-29
-31
-33
-29
-17
-27
-29
-35
-21
-23
-21
-21
-19
-21
-19
-15
-21
-27
-11
-7
-1
17
-7
-11
-11
-21
-21
-29
-29
-31
-33
-25
-33
-35
-35
-23
-25
-31
-7
83
163
265
171
-29
-39
-17
-31
-25
-23
-33
-33
-27
-25
-19
-25
-11
-9
-21
-9
-5
-11
1
5
13
31
33
41
53
59
55
65
67
47
31
23
5
-9
-13
-21
-29
-25
-29
-39
-39
-37
-31
-33
-27
-29
-25
-27
-25
-23
-25
-21
-25
-23
-29
-27
-27
-27
-25
-23
-19
-15
-9
1
-1
-5
-11
-15
-15
-23
-29
-35
-35
-37
-29
-33
-29
-31
-29
-25
-19
5
99
195
249
113
-49
-31
-27
-17
-25
-27
-29
-23
-23
-15
-21
-13
-15
-21
-15
-13
-9
-7
-1
5
17
21
31
39
43
55
57
51
51
37
23
3
-11
-19
-25
-33
-37
-39
-39
-43
-45
-37
-47
-39
-35
-29
-33
-35
-31
-35
-33
-33
-25
-29
-33
-35
-39
-37
-29
-23
-23
-17
-11
1
-17
-19
-31
-21
-27
-33
-33
-43
-49
-41
-45
-43
-41
-35
-35
-31
-11
65
159
241
139
-57
-45
-43
-41
-37
-35
-39
-31
-35
-35
-33
-31
-31
-23
-19
-23
-19
-13
-7
-5
7
13
23
27
39
45
47
49
43
39
23
11
-5
-19
-27
-33
-31
-35
-41
-31
-31
-35
-37
-35
-29
-35
-27
-29
-25
-25
-17
-37
-29
-27
-27
-23
-15
-13
-25
-17
-9
-3
-5
-3
-15
-15
-17
-43
-39
-23
-49
-45
-35
-37
-37
-33
-35
-5
-27
61
147
247
183
-45
-35
-45
-47
-43
-35
-27
-41
-33
-31
-25
-21
-25
-35
-25
-19
-15
-15
-5
11
1
21
29
35
43
51
57
65
43
37
23
11
7
-7
-11
-43
-35
-33
-29
-35
-37
-31
-43
-23
-31
-35
-25
-23
-27
-27
-25
-25
-23
-21
-9
-15
-17
-15
-9
-5
-3
-9
-13
-17
-23
-33
-37
-37
-37
-41
-43
-39
-35
-35
-31
-25
-3
75
189
267
143
-47
-45
-39
-35
-27
-35
-35
-35
-19
-35
-23
-27
-25
-23
-19
-19
-17
-9
-3
3
13
23
23
35
47
53
57
61
53
43
31
9
-7
-7
-37
-33
-35
-39
-37
-39
-37
-37
-33
-35
-27
-27
-33
-35
-23
-33
-29
-23
-29
-25
-27
-21
-17
-13
-7
1
-1
-11
-15
-17
-23
-29
-37
-37
-35
-35
-43
-41
-35
-35
-31
-31
-25
27
101
213
225
71
-41
-39
-37
-33
-29
-29
-29
-27
-27
-23
-23
-17
-21
-17
-17
-11
-5
-1
1
7
21
29
31
39
51
53
53
49
45
25
17
3
-11
-13
-33
-35
-43
-45
-45
-41
-43
-41
-37
-25
-43
-35
-39
-39
-33
-33
-33
-33
-35
-33
-31
-31
-23
-21
-15
-11
-7
-11
-21
-31
-31
-37
-47
-45
-49
-41
-47
-45
-43
-37
-39
-35
-39
25
89
199
213
29
-61
-45
-37
-47
-41
-41
-43
-37
-33
-37
-25
-39
-35
-31
-29
-27
-17
-15
-7
-3
7
13
21
33
41
43
47
43
39
21
11
-3
-17
-25
-31
-35
-39
-35
-35
-45
-47
-39
-33
-35
-29
-29
-29
-37
-37
-29
-25
-27
-29
-25
-17
-27
-13
-3
-9
-1
-13
-17
-15
-29
-33
-37
-37
-39
-41
-39
-35
-41
-37
-27
-31
-31
37
111
243
219
-25
-49
-39
-31
-29
-31
-33
-29
-27
-31
-27
-21
-23
-17
-13
-19
-13
-11
-3
5
1
23
29
37
51
53
57
57
55
49
35
17
7
-5
-17
-17
-25
-27
-31
-27
-27
-27
-27
-21
-21
-23
-17
-15
-13
-13
-13
-17
-9
-9
-11
-5
5
9
9
1
-3
-7
-11
-15
-23
-29
-29
-33
-31
-31
-27
-25
-27
-27
-17
-7
65
163
265
181
-47
-39
-33
-27
-15
-27
-31
-21
-21
-19
-19
-21
-11
-9
-1
-9
-13
-7
7
9
17
27
37
45
53
61
65
59
55
49
33
19
9
-3
-11
-17
-23
-25
-21
-25
-29
-21
-23
-25
-19
-15
-17
-15
-15
-13
-17
-17
-13
-9
-11
-5
-3
5
9
5
3
1
-1
-11
-13
-25
-25
-27
-25
-25
-23
-21
-21
-21
-21
-17
27
77
189
229
97
-49
-33
-25
-13
-25
-27
-19
-19
-19
-17
-21
-15
-11
-7
-7
-3
-1
3
7
13
21
33
41
51
51
61
63
65
55
39
29
11
5
-11
-19
-21
-27
-27
-29
-29
-31
-29
-29
-27
-27
-25
-23
-15
-15
-19
-33
-23
-23
-21
-15
-21
-23
-21
-27
-15
-1
1
3
-1
-19
-21
-9
-9
-19
-27
-29
-29
-35
-29
-29
-25
-29
-23
-21
-33
63
127
241
179
-13
-35
-29
-23
-19
-23
-23
-19
-19
-19
-11
-19
-15
-9
-15
-9
-5
-1
5
5
7
21
21
39
53
59
53
57
45
55
21
11
3
-9
-23
-31
-25
-27
-33
-35
-29
-37
-23
-27
-25
-25
-23
-25
-23
-19
-17
-17
-21
-19
-23
-19
-17
-19
-19
-17
-21
-11
-17
-7
9
-3
-7
-13
-19
-21
-33
-47
-33
-27
-27
-33
-37
-35
-31
-29
-33
-21
53
107
219
197
-15
-59
-55
-39
-35
-37
-29
-29
-35
-31
-33
-27
-21
-23
-37
-19
-17
-13
-9
1
7
17
31
37
47
53
55
57
51
39
25
7
-3
-13
-21
-27
-29
-27
-31
-33
-37
-31
-31
-31
-33
-35
-23
-25
-25
-23
-23
-27
-21
-25
-27
-27
-25
-25
-23
-15
-7
-3
-15
-3
-13
-9
-17
-19
-27
-31
-35
-43
-41
-39
-35
-39
-31
-29
-27
-33
47
105
235
225
-11
-65
-47
-37
-37
-31
-33
-29
-33
-33
-25
-23
-23
-27
-9
-11
-13
-9
-3
5
7
25
27
43
55
55
61
67
61
49
31
17
-1
-11
-25
-21
-25
-33
-25
-31
-29
-29
-33
-27
-31
-27
-25
-19
-19
-19
-23
-21
-21
-21
-15
-17
-19
-23
-19
-23
-19
-7
-15
5
3
5
-3
-11
-9
-15
-25
-23
-27
-27
-29
-31
-27
-25
-19
-23
-21
-23
43
97
219
235
69
-61
-43
-29
-27
-25
-19
-23
-21
-21
-19
-17
-23
-11
-15
-9
-13
-7
-5
7
7
13
27
39
47
57
65
71
67
63
41
29
11
-3
-15
-17
-27
-25
-39
-29
-43
-27
-25
-31
-35
-31
-29
-33
-27
-23
-17
-23
-25
-27
-27
-21
-13
-19
-19
-27
-27
-25
-23
-21
-15
-15
-11
-1
3
3
-3
-11
-15
-17
-15
-23
-31
-33
-27
-29
-25
-31
-25
-23
-21
-21
27
93
189
251
121
-43
-39
-35
-25
-25
-21
-23
-25
-21
-19
-21
-21
-13
-17
-15
-13
-11
-11
-11
7
7
13
25
37
43
49
57
59
57
41
23
9
-5
-21
-33
-43
-51
-45
-51
-51
-41
-49
-47
-41
-37
-45
-35
-37
-43
-39
-35
-39
-33
-37
-35
-31
-43
-45
-33
-39
-33
-39
-31
-39
-33
-27
-15
-19
-11
-31
-25
-25
-41
-45
-57
-55
-55
-53
-57
-47
-53
-53
-49
-47
-43
45
109
235
201
-15
-81
-63
-55
-51
-47
-55
-51
-55
-45
-49
-43
-43
-49
-37
-33
-43
-27
-19
-19
-23
-9
9
13
25
41
47
37
49
37
31
17
-1
-9
-37
-45
-47
-49
-51
-51
-49
-51
-47
-59
-55
-47
-51
-49
-51
-47
-35
-41
-51
-45
-41
-37
-43
-39
-41
-35
-33
-23
-11
-17
-13
-19
-25
-25
-29
-35
-43
-45
-47
-47
-47
-41
-47
-53
-47
-45
-39
-21
71
165
263
177
-51
-63
-49
-47
-43
-45
-43
-41
-43
-41
-37
-37
-37
-37
-27
-25
-23
-21
-13
-9
-3
7
17
31
41
51
57
57
53
47
33
19
3
-11
-25
-29
-37
-39
-39
-37
-39
-41
-39
-39
-39
-41
-35
-33
-33
-27
-29
-27
-29
-25
-25
-25
-27
-25
-27
-29
-25
-15
-11
1
3
3
-7
-15
-7
-19
-17
-31
-43
-33
-35
-37
-31
-25
-33
-25
-15
-23
49
133
249
227
41
-61
-35
-25
-25
-21
-31
-31
-27
-21
-21
-19
-15
-19
-9
-17
-13
-5
-1
3
9
19
29
35
51
61
67
71
71
69
55
37
19
5
-7
-13
-19
-23
-27
-27
-31
-27
-27
-27
-29
-25
-23
-25
-23
-21
-17
-19
-17
-19
-17
-23
-21
-19
-19
-19
-23
-19
-17
-15
-9
1
5
5
-1
-5
-3
-13
-17
-27
-29
-31
-29
-31
-33
-27
-25
-19
-17
-13
19
113
211
269
119
-41
-29
-17
-17
-15
-19
-19
-17
-15
-15
-11
-15
-11
-9
-7
-9
-5
-3
1
5
11
21
27
41
51
55
65
69
73
65
53
31
11
-1
-9
-19
-27
-33
-35
-37
-33
-35
-33
-31
-29
-33
-31
-25
-19
-29
-27
-27
-29
-25
-21
-23
-25
-29
-27
-25
-27
-29
-25
-23
-15
-9
-11
-3
-7
-5
-19
-15
-13
-31
-35
-31
-39
-41
-37
-33
-33
-31
-25
-33
-21
35
113
219
205
41
-61
-39
-33
-31
-29
-27
-33
-29
-29
-25
-21
-21
-21
-19
-15
-13
-9
-7
-1
1
11
17
31
43
49
53
57
59
57
49
31
17
5
-7
-15
-17
-25
-33
-37
-39
-37
-33
-27
-35
-31
-27
-25
-23
-21
-25
-23
-19
-15
-17
-21
-15
-13
-23
-15
-21
-15
-5
5
-1
15
-1
-11
-13
-25
-27
-29
-23
-33
-29
-23
-37
-31
-23
-37
-29
-19
25
109
217
257
89
-67
-41
-27
-23
-31
-29
-25
-31
-31
-25
-23
-27
-25
-9
-19
-5
-5
-3
3
9
23
23
41
47
51
67
67
61
61
47
31
23
11
1
-25
-27
-19
-27
-23
-27
-29
-25
-23
-23
-23
-19
-17
-11
-17
-11
-9
-13
-9
-11
-11
-13
-9
-9
-1
5
13
13
5
5
-1
-5
-7
-17
-19
-21
-23
-23
-21
-25
-23
-19
-15
-13
-9
57
129
243
245
63
-49
-27
-21
-17
-19
-21
-19
-19
-15
-17
-13
-13
-13
-5
-3
-7
-1
1
5
15
19
33
45
51
57
63
65
63
57
43
25
9
-1
-9
-15
-21
-25
-23
-27
-29
-27
-27
-25
-25
-19
-21
-21
-13
-15
-11
-15
-15
-15
-17
-17
-15
-13
-13
-9
-5
5
11
9
5
-3
-7
-7
-17
-21
-23
-29
-27
-19
-27
-23
-19
-17
-17
-13
31
111
213
249
93
-45
-23
-19
-19
-15
-15
-15
-13
-9
-11
-15
-7
-9
-5
-3
3
1
3
11
15
19
27
41
53
61
65
67
73
67
51
39
23
5
1
-17
-21
-23
-25
-31
-27
-27
-25
-27
-21
-23
-21
-21
-19
-21
-15
-19
-19
-15
-21
-19
-17
-17
-21
-17
-11
-9
-1
3
5
-1
-5
-11
-13
-21
-25
-31
-35
-31
-29
-29
-31
-27
-25
-27
-19
7
91
183
255
131
-45
-43
-33
-27
-27
-25
-25
-23
-23
-27
-21
-21
-19
-15
-15
-19
-11
-7
-3
1
9
19
25
35
37
51
61
43
51
47
17
5
-5
-7
-21
-33
-17
-41
-47
-45
-37
-37
-35
-33
-23
-25
-25
-27
-27
-35
-27
-23
-19
-29
-25
-25
-23
-19
-9
-5
-11
-1
-9
-11
-17
-19
-29
-33
-35
-33
-39
-35
-35
-31
-31
-33
-29
-27
17
89
195
249
97
-63
-39
-35
-37
-33
-33
-21
-39
-31
-29
-33
-33
-25
-21
-21
-21
-13
-9
-1
3
13
17
29
41
47
53
55
53
45
37
19
9
-5
-15
-21
-25
-31
-31
-33
-33
-31
-33
-33
-31
-23
-35
-29
-25
-25
-25
-25
-23
-21
-21
-13
-11
-13
-7
-9
-11
-21
-17
-17
-27
-37
-37
-39
-35
-35
-39
-37
-33
-29
-31
-27
7
87
201
261
115
-55
-41
-33
-33
-33
-35
-33
-31
-27
-29
-31
-33
-35
-23
-25
-21
-15
-11
-7
-1
5
19
17
27
43
43
47
45
45
35
19
7
-5
-17
-23
-29
-29
-33
-37
-37
-37
-35
-33
-31
-29
-27
-19
-21
-27
-23
-27
-21
-17
-7
-5
-1
-9
1
-5
-7
-13
-23
-27
-35
-23
-35
-37
-35
-41
-37
-21
-37
-33
-19
19
79
205
243
59
-55
-39
-21
-29
-35
-25
-31
-27
-27
-25
-23
-21
-21
-19
-19
-15
-9
-7
1
5
7
17
43
37
31
41
53
49
63
41
23
13
-5
-7
-33
-31
-35
-31
-41
-39
-37
-33
-33
-29
-33
-29
-27
-25
-27
-25
-25
-25
-19
-19
3
-13
-3
-5
-5
-11
-17
-11
-25
-41
-35
-45
-35
-43
-39
-37
-35
-33
-29
-29
-13
71
193
249
91
-45
-31
-27
-25
-27
-33
-31
-31
-27
-27
-25
-15
-17
-19
-23
-15
-17
-7
1
-3
15
15
27
25
29
41
45
51
39
23
3
-15
-13
-25
-41
-35
-35
-45
-41
-43
-43
-41
-37
-31
-33
-31
-31
-31
-31
-29
-29
-27
-23
-19
-19
-11
-7
-9
-13
-17
-19
-23
-37
-37
-37
-35
-49
-43
-45
-47
-41
-31
-47
-33
-23
51
143
247
119
-57
-51
-33
-39
-43
-35
-41
-41
-43
-37
-37
-35
-31
-29
-29
-23
-21
-13
-9
-3
9
-9
15
23
31
35
49
43
15
15
11
-11
-19
-25
-35
-37
-31
-25
-53
-49
-47
-37
-25
-19
-31
-43
-33
-35
-31
-27
-23
-19
-13
-9
-5
-3
-7
-13
-17
-21
-21
-35
-37
-37
-37
-43
-43
-43
-31
-35
-33
-29
-37
13
91
213
243
41
-63
-45
-29
-39
-45
-33
-29
-43
-37
-31
-31
-31
-27
-27
-15
-15
-19
-9
-5
-3
7
17
27
37
39
45
45
45
31
23
15
5
-9
-29
-29
-31
-31
-31
-31
-33
-29
-27
-23
-13
-25
-23
-17
-27
-27
-13
-19
-13
-13
-1
9
3
1
-7
-15
-13
-19
-27
-31
-33
-35
-35
-33
-33
-31
-29
-23
-23
-15
65
165
259
167
-33
-41
-15
-29
-11
-23
-29
-29
-17
-31
-23
-21
-19
-19
-13
-9
-3
-3
5
9
17
23
33
43
45
55
53
53
49
37
23
9
3
-5
-25
-29
-25
-25
-27
-43
-33
-29
-29
-27
-21
-23
-21
-19
-13
-1
-15
-19
-5
7
-15
-19
-1
11
7
-3
-5
-9
-13
-21
-29
-25
-29
-27
-27
-29
-25
-23
-15
-13
-17
69
161
265
193
-23
-27
-23
-21
-25
-21
-23
-19
-19
-19
-13
-13
-11
-9
-7
-1
-7
7
9
9
17
31
37
39
45
55
63
61
53
47
31
15
7
1
-13
-27
-31
-25
-23
-31
-33
-29
-21
-19
-19
-25
-19
-17
-29
-19
-21
-19
-21
-17
-15
-23
-13
-9
-11
7
1
1
-3
-7
-11
-13
-25
-29
-31
-27
-25
-29
-19
-27
-19
-21
-25
-7
55
149
265
205
-13
-33
-23
-21
-9
-41
-31
-19
-27
-23
-23
-19
-19
-17
-15
-13
-11
-5
-5
5
7
19
23
31
41
45
55
53
45
31
23
13
1
-15
-5
-23
-41
-39
-39
-35
-33
-17
-33
-37
-31
-23
-25
-29
-19
-23
-19
-23
-27
-27
-23
-21
-21
-21
-11
-9
-5
-1
-1
-9
-11
-17
-23
-27
-33
-37
-39
-37
-27
-45
-37
-33
-27
-37
-7
73
185
257
115
-57
-45
-33
-35
-31
-29
-31
-31
-23
-31
-27
-23
-23
-23
-23
-17
-19
-9
5
1
9
19
31
31
37
51
45
59
41
29
13
11
-9
-19
-25
-25
-25
-35
-27
-35
-27
-35
-27
-27
-21
-19
-19
-17
-17
-17
-13
-15
-15
-9
-9
-7
-3
9
7
1
-3
1
-1
-15
-15
-23
-25
-29
-31
-31
-21
-29
-29
-25
-21
-19
13
89
207
257
109
-47
-31
-25
-23
-21
-21
-23
-23
-13
-19
-19
-19
-25
-15
-11
1
-3
-9
-1
11
21
21
39
47
45
49
57
67
43
31
23
13
7
-7
-17
-17
-25
-23
-27
-27
-23
-23
-21
-17
-19
-13
-15
-11
-7
-7
-15
-17
-11
-13
-13
-11
-7
-1
5
7
9
5
-1
-7
-7
-21
-23
-23
-31
-25
-25
-21
-35
-27
-19
-17
-15
55
127
241
227
31
-43
-25
-17
-11
-23
-17
-21
-21
-19
-21
-9
-11
-11
-3
-11
-9
-3
1
7
21
13
25
41
49
47
51
63
61
51
47
19
7
1
-9
-15
-19
-29
-29
-31
-29
-25
-31
-19
-23
-23
-25
-21
-19
-17
-15
-25
-11
-21
-23
-25
-21
-13
-11
-3
7
7
1
-9
-9
-15
-17
-27
-29
-31
-31
-13
-41
-43
-27
-23
-27
-31
-1
81
189
269
117
-47
-35
-33
-29
-27
-25
-25
-25
-19
-21
-27
-21
-21
-15
-13
-11
-7
-3
-1
3
9
19
27
41
41
51
45
45
39
29
19
7
-11
-19
-23
-37
-39
-31
-39
-49
-47
-41
-41
-37
-35
-35
-29
-33
-31
-29
-27
-35
-33
-37
-37
-21
-29
-29
-27
-7
-13
-5
-23
-21
-33
-33
-31
-47
-47
-47
-41
-43
-39
-47
-45
-37
-37
-21
59
157
245
131
-59
-47
-47
-41
-37
-43
-43
-43
-25
-43
-43
-37
-31
-33
-33
-29
-29
-25
-11
-13
-3
7
19
25
31
37
39
41
31
35
23
-7
-15
-5
-39
-31
-43
-37
-33
-53
-49
-43
-43
-37
-33
-31
-29
-29
-29
-25
-29
-29
-29
-29
-25
-23
-17
-9
-11
-9
-11
-25
-25
-23
-29
-39
-57
-41
-55
-45
-55
-51
-45
-39
-39
-37
23
85
227
227
1
-59
-47
-39
-53
-43
-49
-41
-43
-33
-29
-29
