-57
-63
-57
-53
-41
-39
-31
-25
-15
-13
7
7
7
9
-3
-9
-17
-29
-39
-39
-43
-35
-41
-43
-45
-47
-51
-57
-11
59
199
257
109
-91
-61
-51
-43
-45
-39
-39
-41
-35
-37
-23
-25
-21
-13
-13
-7
-3
-1
5
15
23
31
29
33
29
29
23
15
5
-1
-13
-17
-19
-25
-27
-23
-21
-17
-17
-7
3
9
25
37
43
43
37
31
25
19
11
-7
-11
-15
-23
-27
-29
-31
-29
-31
-31
41
125
243
199
-29
-61
-39
-31
-35
-47
-47
-39
-39
-37
-35
-29
-29
-27
-27
-27
-19
-13
-11
-1
9
13
19
23
27
29
25
19
15
3
-7
-13
-19
-25
-27
-19
-21
-21
-19
-13
-13
-5
-3
3
9
13
21
19
13
11
9
5
1
-5
-17
-25
-23
-23
-27
-25
-25
-27
-23
-27
11
79
187
235
81
-59
-43
-31
-31
-35
-29
-25
-23
-21
-17
-15
-13
-11
-5
-3
3
3
7
11
17
19
27
33
31
31
27
21
17
17
5
-1
-5
-11
-15
-17
-17
-11
-11
-3
1
5
9
11
19
25
37
35
31
25
13
9
-1
-7
-25
-25
-27
-33
-33
-37
-33
-31
-33
-37
7
83
189
247
79
-71
-47
-31
-27
-33
-31
-31
-29
-29
-25
-29
-27
-29
-29
-19
-21
-17
-13
-9
-5
7
11
9
17
23
21
19
15
5
-7
-17
-25
-29
-31
-27
-27
-29
-29
-27
-23
-15
-11
1
11
21
21
17
13
7
5
1
-13
-25
-29
-29
-27
-25
-25
-21
-19
-21
-19
51
135
257
239
-7
-41
-19
-13
-15
-11
-9
-9
-5
-7
-1
1
-1
1
5
5
9
15
15
17
25
31
33
35
37
37
37
29
25
17
13
7
5
5
1
1
-3
-5
-1
3
5
7
9
11
21
31
31
23
17
9
7
-1
-9
-27
-33
-31
-37
-31
-37
-37
-33
-33
-31
-1
83
201
239
51
-63
-41
-35
-39
-39
-37
-43
-41
-45
-41
-41
-37
-35
-35
-33
-27
-27
-21
-11
-5
5
13
17
19
21
23
19
11
5
-5
-13
-21
-21
-23
-27
-27
-27
-27
-29
-23
-23
-23
-17
-9
-3
11
5
3
-3
-11
-13
-25
-29
-39
-37
-37
-43
-45
-43
-35
-37
-33
-37
11
87
197
241
59
-63
-35
-29
-27
-23
-33
-27
-25
-23
-23
-21
-19
-15
-23
-13
-11
-7
-3
-1
3
9
11
13
15
13
15
11
5
-3
-9
-13
-13
-11
-13
-13
-11
-13
-5
-5
-3
1
5
13
17
21
17
11
7
3
-1
-7
-19
-33
-39
-45
-39
-37
-45
-41
-41
-47
-49
-39
41
153
257
137
-83
-69
-53
-47
-45
-45
-43
-45
-43
-43
-39
-37
-31
-27
-29
-25
-21
-21
-13
-3
3
9
15
17
21
23
17
9
3
-7
-19
-25
-33
-39
-41
-41
-43
-41
-37
-35
-31
-29
-25
-17
-5
5
1
-1
-7
-17
-17
-21
-31
-39
-45
-43
-47
-39
-39
-37
-31
-27
-29
55
161
271
161
-49
-39
-21
-21
-25
-23
-27
-23
-25
-23
-13
-17
-13
-15
-13
-11
-5
-3
3
7
13
19
17
25
29
27
27
25
17
11
3
-5
-9
-9
-9
-9
-7
-7
-7
-9
-5
-3
-5
1
3
5
13
13
9
9
1
-9
-11
-19
-31
-41
-37
-37
-39
-37
-37
-39
-37
-37
-23
49
161
233
89
-71
-59
-47
-49
-49
-45
-51
-55
-47
-45
-47
-41
-39
-33
-39
-33
-29
-29
-17
-13
-5
3
5
9
11
11
3
-5
-11
-15
-23
-31
-31
-39
-39
-37
-37
-33
-33
-35
-27
-27
-19
-11
-5
7
7
1
3
-7
-15
-19
-23
-33
-37
-43
-41
-43
-43
-41
-35
-29
-29
-33
43
125
247
221
-35
-49
-29
-23
-21
-27
-23
-23
-19
-17
-15
-15
-15
-15
-13
-9
-7
-3
1
5
11
13
19
25
25
25
21
15
9
3
-1
-7
-5
-9
-15
-15
-15
-13
-11
-11
-11
-13
-3
-1
3
7
15
13
11
9
-5
-9
-15
-25
-35
-33
-39
-35
-39
-41
-41
-43
-37
-27
49
145
249
155
-59
-63
-49
-47
-47
-49
-45
-47
-43
-41
-41
-39
-33
-29
-27
-27
-19
-15
-11
-3
5
5
11
13
21
23
17
13
7
-1
-11
-23
-25
-27
-33
-35
-31
-33
-29
-27
-19
-21
-23
-23
-7
-1
13
7
-1
1
-7
-13
-21
-27
-37
-41
-43
-41
-43
-43
-37
-29
-31
-29
-9
69
185
237
63
-47
-37
-29
-25
-31
-33
-31
-31
-23
-25
-25
-21
-27
-19
-15
-9
-5
-3
5
7
7
13
17
19
21
15
9
1
-13
-15
-17
-21
-19
-23
-23
-25
-23
-21
-21
-13
-19
-15
-17
-17
-11
-9
3
3
-1
3
-7
-13
-23
-23
-31
-35
-63
-47
-49
-49
-41
-41
-41
-35
-35
39
145
259
159
-73
-65
-51
-47
-39
-45
-47
-41
-45
-37
-37
-37
-33
-31
-33
-27
-27
-19
-17
-9
1
3
9
13
13
13
7
-1
-5
-11
-19
-25
-29
-31
-35
-29
-29
-29
-33
-27
-21
-11
-9
-11
-3
7
1
-3
-1
-3
-5
-7
-21
-29
-31
-37
-35
-33
-23
-25
-31
-25
-27
-17
61
165
271
191
-47
-39
-29
-21
-33
-27
-23
-25
-25
-21
-17
-19
-21
-17
-13
-5
1
-7
3
11
15
25
29
31
25
29
25
19
13
3
-1
-5
-7
-7
-9
-9
-9
-9
-3
-3
3
1
1
11
11
17
31
29
21
23
13
3
-1
1
-19
-25
-21
-23
-29
-27
-23
-19
-15
-15
-19
59
161
271
153
-43
-31
-25
-23
-25
-29
-31
-31
-31
-25
-19
-23
-27
-19
-15
-13
-7
1
13
17
21
27
23
23
29
23
23
21
11
7
-11
-19
-19
-19
-21
-29
-27
-25
-27
-27
-25
-13
3
-17
-15
-7
1
7
3
9
3
-5
-15
-15
-33
-31
-31
-31
-27
-33
-37
-29
-31
-29
-21
59
147
253
175
-43
-45
-33
-29
-29
-27
-31
-31
-25
-25
-27
-27
-15
-19
-15
-19
-15
-11
-3
1
13
21
21
21
27
19
17
17
9
1
-3
-9
-21
-25
-23
-19
-19
-13
-15
-13
-9
-15
-3
-3
-3
13
17
23
23
15
11
3
5
9
-11
-17
-25
-27
-23
-23
-19
-17
-17
-17
-21
25
95
195
231
85
-51
-33
-29
-27
-29
-29
-25
-25
-23
-25
-21
-21
-17
-15
-13
-5
-1
-7
1
5
9
19
23
29
23
17
23
17
3
-7
-7
-9
-17
-21
-21
-25
-29
-23
-25
-19
-15
-5
-19
-29
-27
-23
-9
1
9
21
-3
-21
-13
-17
-13
-17
-37
-39
-33
-33
-31
-31
-31
-23
-23
-23
41
115
239
201
-11
-43
-33
-29
-37
-41
-35
-33
-29
-25
-25
-29
-31
-27
-23
-19
-17
-7
-1
5
-7
7
9
19
9
21
15
3
1
-3
7
-35
-11
-21
-53
-49
-35
-33
-29
-19
-13
-35
-31
-25
-17
-25
-25
-15
-3
-1
7
23
-3
-17
-13
-7
-21
-31
-23
-41
-31
-29
-21
-23
-27
-17
-9
-29
59
183
285
161
-47
-41
-27
-29
-29
-31
-25
-17
-29
-19
-23
-17
-13
-19
1
-5
3
-7
-3
11
17
15
21
23
27
27
21
19
15
-1
-5
-13
-15
-19
-19
-19
-19
-23
-13
-11
-11
-5
-7
-3
-1
-1
9
19
25
25
21
11
9
-1
1
-17
-15
-15
-17
-23
-19
-19
-15
-13
-11
-11
63
155
275
225
13
-21
-1
-5
7
-35
-31
-29
-27
-31
-27
-17
-23
-21
-19
-25
-9
-13
-7
-3
9
11
17
21
27
29
25
27
23
5
3
-7
-7
-21
-21
-23
-27
-23
-21
-21
-17
-17
-7
-15
-15
-17
-13
-5
-3
5
3
7
-1
-3
-19
-23
-39
-39
-43
-33
-43
-35
-35
-37
-33
-17
-21
51
153
279
195
-39
-43
-31
-25
-27
-47
-41
-41
-43
-35
-37
-35
-27
-29
-33
-27
-21
-13
-15
-11
-1
9
7
-3
7
17
1
5
7
-3
-11
-15
-21
-33
-39
-33
-23
-25
-37
-29
-17
-21
-35
-27
-29
-15
-17
-13
-7
5
7
7
5
1
-3
-9
-19
-33
-31
-29
-27
-27
-35
-31
-25
-27
-35
15
93
241
263
25
-55
-39
-31
-29
-29
-29
-31
-29
-31
-29
-27
-21
-15
-17
-15
-13
-7
-5
1
5
13
15
23
29
19
3
5
-5
5
-7
-21
-33
-37
-31
-27
-27
-21
-19
-17
-15
-15
-13
-7
-1
5
7
19
15
9
9
7
-1
-3
-17
-21
-35
-35
-31
-35
-33
-27
-27
-25
-27
-23
47
161
261
161
-51
-47
-27
-27
-23
-39
-33
-33
-25
-27
-27
-25
7
-1
-5
-13
-25
-7
1
-3
37
51
39
-13
47
47
11
1
-13
9
1
-9
-25
-33
-29
-17
-19
-47
-23
3
-35
-5
13
-7
-9
21
9
-9
3
7
17
1
49
-1
-31
-25
-21
-27
-31
11
-41
-47
-39
-27
-29
-17
63
149
283
147
-59
-25
-31
-21
-53
-45
-53
-35
-43
-37
-31
-17
-3
-33
-47
-51
-31
-17
-9
-1
-9
1
19
21
9
-5
-5
-1
1
9
-37
-45
-41
-33
-41
-39
-15
-61
-43
-57
-53
-31
-31
-29
-19
-31
-21
-43
-19
-11
-15
-23
-21
-31
-37
-53
-57
-67
-57
-55
-33
-73
-55
-51
-59
-59
27
109
243
165
-67
-79
-59
-45
-43
-37
-35
-61
-53
-35
-43
-37
-33
-31
-33
-37
-25
-27
-19
-1
-1
3
3
3
1
3
-1
-5
-9
-17
-27
-35
-33
-49
-47
-37
-45
-41
-37
-41
-31
-31
-29
-25
-13
-7
-9
5
9
7
9
7
-7
-13
5
-21
-45
-43
-43
-33
-29
-23
-11
-45
-43
-37
33
101
233
241
-1
-73
-51
-51
-19
-49
-49
-49
-39
-39
-35
-37
-25
-25
-27
-13
-9
-21
-13
3
9
-1
9
17
11
11
21
-7
-1
11
-35
-49
-35
-33
-29
-19
-31
-27
-41
-17
7
-11
-17
-3
-17
7
35
13
7
9
-3
-17
-21
-13
15
-41
-59
-45
-51
-23
-31
-39
-35
-37
5
59
203
265
101
-57
-35
-31
-39
-43
-43
-29
-29
-15
-45
-27
-29
-21
-25
-15
-11
-5
1
7
3
13
15
25
25
29
51
37
-5
7
-11
-17
-17
-23
-21
-25
-25
-15
-21
-23
-11
-19
-11
-9
-7
-5
-1
7
19
7
13
13
3
-1
-9
-23
-35
-35
-25
-47
-29
-35
-43
-19
-33
-15
47
137
263
185
-27
-33
-25
-27
-27
-35
-41
-25
-15
-23
-19
-13
-11
-13
-25
3
17
13
27
23
35
41
51
59
65
57
53
37
31
29
15
-1
-5
-1
3
-5
-7
-19
-17
-9
-3
-3
-3
3
15
27
25
33
27
29
15
19
9
-1
-13
-25
-13
-19
-19
-23
-19
-19
-21
-29
-37
37
127
239
205
-45
-33
-31
-35
-23
-25
-21
-23
-39
-17
-17
-21
-23
-25
-5
-15
-7
-9
11
-3
5
15
33
21
3
9
17
-9
-11
-9
-19
-29
-37
-29
-51
-33
-31
-29
-21
-33
-29
-27
-9
-17
-1
11
11
11
5
9
-9
-1
-5
-23
-29
-19
-29
-31
-41
-37
-39
-23
-17
-27
-17
53
99
219
211
3
-51
-33
-33
-31
-25
-11
-23
-29
-11
-27
-11
1
-5
-9
5
7
11
-3
27
33
31
19
35
33
59
29
15
5
7
-19
-41
-5
-25
-11
-43
-27
-27
-17
-27
-11
-15
-9
-11
-3
1
19
15
13
19
15
3
-7
-13
-21
-43
-15
-31
-29
-27
-35
-25
-25
-39
-11
43
183
257
189
-45
-21
-37
-41
-35
-29
-27
-31
-59
-29
-41
-27
-43
-29
-31
-23
-61
3
-23
-9
7
5
15
35
17
27
21
5
9
7
-5
-21
-25
-41
-35
-39
-11
-41
-51
-19
-15
-39
-7
-15
15
13
-11
25
25
29
23
21
39
15
9
13
13
-27
-1
-9
-29
-15
-13
-37
-27
-9
-13
-11
73
153
261
247
-11
-63
-37
-49
-25
-37
-13
-31
-29
-29
-43
-17
-7
-31
-31
3
-3
-5
5
19
19
29
21
41
33
29
31
31
11
5
-13
-19
-17
-41
-37
1
-9
-19
-35
-27
-11
-19
-29
-29
-9
7
-5
-9
5
9
13
-7
17
3
-5
-3
-7
-19
-55
-39
-1
-15
-33
-43
-17
-19
-15
-23
59
119
279
281
-3
-43
-29
-25
-45
-23
-13
-29
-25
-19
-23
-15
-21
-17
-7
-15
-13
-11
-19
11
31
29
29
35
29
23
21
9
-1
3
-17
-15
-23
-35
-43
-39
-27
-37
-27
-33
-31
-27
-19
-15
-3
9
11
31
23
11
13
9
15
9
5
-5
-13
-15
-17
-11
-5
-15
-21
-15
-25
-11
61
127
255
223
-13
-43
-41
-29
-27
-29
-35
-37
-33
-21
-29
-29
-29
-19
-21
-9
-19
-7
-3
9
15
15
37
33
35
41
29
35
7
1
-1
-19
-21
-15
-23
-27
-27
-29
-19
-19
-17
-23
-15
-9
-5
13
3
17
23
25
5
9
1
3
-3
-23
-23
-15
-33
-29
-31
-33
-23
-27
-25
-21
53
135
263
217
-15
-55
-39
-41
-37
-31
-37
-37
-31
-37
-35
-25
-29
-25
-23
-23
-11
-11
-9
1
13
17
19
25
33
33
25
19
1
-7
-11
-31
-25
-35
-39
-39
-45
-43
-33
-49
-45
-33
-31
-31
-15
-21
-21
-9
5
5
-9
5
5
-25
-21
-29
-37
-33
-37
-29
-41
-47
-37
-45
-47
-31
-35
49
161
269
189
-73
-61
-51
-45
-41
-43
-43
-39
-37
-33
-33
-29
-27
-27
-23
-17
-13
-5
5
13
19
27
33
37
35
35
27
23
-3
-19
-25
-31
-19
-15
-29
-47
-29
-41
-41
-39
-33
-25
-19
-13
-11
-5
5
13
21
17
3
9
-7
-25
-17
-29
-25
-29
-25
-27
-25
-55
-47
-37
-25
13
67
175
253
101
-55
-45
-35
-29
-39
-57
-67
-53
-39
-33
-47
-37
-31
-39
-27
-15
-9
-35
-21
3
-5
19
25
43
39
29
27
27
1
-17
-21
-15
-15
-29
-53
-37
-43
-37
-59
-41
-15
-21
-23
-15
-17
-17
-3
-23
13
9
-5
13
-11
-9
-5
-17
-27
-21
-33
-25
-33
-33
-19
-35
-37
-39
11
75
221
255
85
-61
-29
-43
-31
-47
-33
-47
-37
-45
-35
-35
-35
-25
-35
-23
-23
-23
-13
-9
1
9
7
21
19
17
21
17
5
-9
-21
-21
-33
-39
-41
-45
-39
-39
-39
-41
-31
-39
-29
-27
-29
-33
-15
-19
-19
-19
-5
-3
1
-1
-13
-19
-17
-21
-35
-39
-39
-41
-43
-45
-39
-47
-39
-33
-21
53
159
287
225
-39
-65
-55
-41
-47
-37
-41
-43
-47
-37
-41
-43
-37
-37
-21
-25
-29
-15
-9
-7
23
17
7
25
21
25
23
15
-1
-11
-19
-39
-29
-35
-39
-39
-35
-39
-39
-37
-47
-27
-25
-13
-19
-11
-11
-5
-3
9
3
3
-3
-9
-7
-17
-31
-35
-33
-43
-35
-39
-47
-41
-39
-35
-35
-1
71
199
249
101
-61
-61
-43
-45
-39
-45
-49
-41
-41
-43
-37
-37
-35
-27
-27
-19
-27
-11
-5
-3
13
13
29
31
23
27
21
17
7
-9
-13
-29
-37
-31
-29
-37
-29
-33
-41
-33
-25
-23
-25
-25
-17
-19
-11
-7
-7
-1
15
9
9
5
-5
-1
-11
-15
-31
-29
-27
-29
-27
-35
-31
-31
-27
-23
-7
71
173
273
181
-23
-45
-37
-29
-39
-33
-35
-39
-31
-31
-33
-27
-25
-21
-27
-23
-13
-9
-3
9
13
23
29
33
31
35
27
27
17
-5
-9
-27
-27
-31
-33
-27
-27
-33
-33
-33
-29
-23
-21
-21
-21
-21
-23
-23
-17
-13
-17
1
3
-1
7
-5
-17
-13
-15
-29
-37
-35
-45
-45
-43
-37
-35
-31
-39
-41
5
67
195
235
121
-53
-57
-47
-37
-47
-43
-41
-37
-35
-33
-31
-41
-35
-23
-25
-17
-15
-13
-9
7
5
13
23
31
33
27
27
23
9
-1
-11
-21
-23
-23
-25
-35
-31
-31
-33
-23
-21
-23
-19
-15
-7
-11
-13
-11
-11
-5
1
11
19
15
15
13
9
7
-1
-9
-11
-19
-21
-23
-15
-19
-21
-15
-19
-21
33
103
251
269
61
-51
-33
-31
-27
-19
-21
-23
-27
-19
-29
-11
-15
-11
-11
-9
1
1
-1
27
25
33
45
49
47
49
37
33
25
17
9
-1
-7
-15
-17
-17
-15
-19
-19
-15
-7
-9
-13
-3
1
-9
3
7
-3
23
13
31
13
25
15
9
1
-9
-27
-19
-19
-29
-13
-19
-33
-15
-25
-19
-17
63
151
271
235
5
-41
-39
-35
-27
-19
-21
-23
-23
-31
-19
-15
-11
-19
-9
-19
-3
-9
3
15
25
37
49
51
49
49
75
31
21
21
9
1
-7
-11
-15
-17
-15
-13
-17
-19
-19
-21
-9
-7
-9
-7
-9
-5
-1
-1
13
19
15
25
7
-3
-1
-11
-17
-19
-29
-21
-31
-27
-25
-23
-23
-29
-31
37
103
239
241
51
-51
-37
-35
-19
-23
-37
-41
-35
-19
-29
-31
-17
-19
-37
-25
-17
-9
-9
7
33
33
21
29
39
41
39
29
29
17
9
-7
-13
-19
-23
-29
-27
-25
-27
-23
-25
-21
-15
-11
23
-11
-25
1
15
7
9
35
29
3
15
-17
-13
3
35
-25
19
-25
-45
-45
-33
-21
-23
-15
-7
79
199
301
195
-35
-49
-37
-29
-37
-37
-37
-39
-31
-29
-13
-19
-21
-41
-29
-23
-9
-1
-5
13
19
35
45
27
31
35
39
33
15
5
-3
-29
-27
-21
-29
-31
-33
-21
-23
-11
-39
-31
-19
-11
-9
-9
7
-3
7
9
5
17
-3
11
1
-35
-41
-31
-31
-21
-21
-23
-37
-31
-31
-31
-25
51
133
265
229
29
-41
-35
-35
-25
-23
-31
-31
-19
-23
-25
-17
-15
-17
-15
-13
-5
5
1
17
23
35
43
39
49
75
31
25
29
3
-5
-19
-19
-23
-17
-19
-13
-23
-21
-21
-21
-15
-19
-11
5
-1
-1
13
5
7
3
7
3
1
-1
-5
-35
-27
-37
-23
-23
-41
-51
-37
-31
-27
-27
53
175
271
187
-23
-59
-43
-41
-35
-39
-51
-45
