601
271
51
-61
-105
-101
-51
-57
-113
-93
-91
-81
-59
-81
-85
-77
-79
-71
-83
-77
-59
-29
-83
-95
-59
-69
-57
-37
-35
-23
-19
1
-3
-17
-19
-19
-29
-23
-19
-19
-21
-21
-15
-5
21
-5
-17
1
7
-21
-13
-11
-13
-19
-15
-13
-25
-19
19
23
11
33
37
33
37
25
9
-17
-37
-37
-33
-47
-41
-35
-25
-59
-117
-87
171
515
647
423
125
-5
-79
-83
-97
-87
-79
-73
-81
-77
-67
-77
-71
-63
-73
-81
-85
-53
-79
-87
-65
-45
-65
-67
-43
-31
-29
-33
-3
-11
-17
-13
-5
-5
-7
-1
-9
-9
-17
-17
-15
1
-1
-7
15
1
-7
-13
-9
-15
-13
-15
-5
-1
-5
-19
-29
-25
3
15
5
31
43
43
35
23
11
-15
-35
-35
-33
-39
-33
-33
-25
-47
-141
-105
129
491
643
481
141
-7
-65
-79
-77
-83
-79
-73
-71
-77
-71
-71
-71
-71
-67
-67
-67
-61
-41
-65
-71
-75
-73
-61
-49
-45
-41
-35
-25
-17
-7
-3
1
-5
-3
-9
-9
5
-3
3
9
9
-7
1
11
9
11
11
21
3
-1
3
-3
-3
-5
7
23
23
9
33
53
43
51
25
9
-19
-33
-27
-23
-27
-21
-23
-13
-45
-133
-91
159
519
657
397
79
-33
-77
-79
-77
-77
-71
-73
-69
-71
-71
-71
-43
-53
-85
-71
-65
-65
-79
-59
-59
-23
-63
-77
-63
-51
-51
-39
-27
-19
-17
-19
-25
-17
-11
-17
-21
-11
-11
-17
-3
-1
-5
1
3
1
-3
-1
-1
-9
7
-1
-1
-11
-15
-21
-15
-11
-25
-17
3
13
13
41
49
45
33
23
11
-19
-37
-33
-47
-51
-47
-23
-25
-59
-155
-133
97
445
627
499
151
-23
-85
-91
-93
-95
-89
-91
-89
-87
-71
-89
-95
-93
-61
-65
-93
-81
-83
-71
-71
-67
-85
-63
-53
-65
-37
-29
-49
-5
15
-25
-31
-25
-41
-29
-25
-31
-25
-17
-21
-21
-19
-17
-13
-15
-15
-13
-13
-11
-19
-17
-15
-19
-21
-21
-23
-25
-27
-27
-25
-27
-27
-11
-1
1
7
39
43
29
19
9
-23
-43
-47
-45
-45
-45
-43
-41
-23
-95
-157
-63
239
529
615
343
71
-43
-87
-95
-93
-91
-85
-83
-87
-81
-83
-83
-79
-79
-79
-77
-73
-79
-79
-75
-73
-71
-65
-59
-55
-53
-45
-41
-29
-23
-19
-19
-19
-23
-23
-21
-25
-23
-23
-19
-15
-13
-11
-9
-9
-9
-11
-11
-9
-9
-9
-11
-13
-15
-17
-17
-17
-17
-17
-19
-17
-15
-19
-25
-23
-25
-7
5
11
41
45
39
27
17
-5
-27
-33
-31
-29
-29
-25
-19
-19
-101
-127
-9
333
585
597
277
49
-45
-73
-75
-77
-75
-73
-67
-69
-71
-67
-67
-63
-63
-61
-61
-63
-59
-55
-55
-55
-53
-49
-51
-43
-35
-31
-25
-21
-15
-5
-1
-5
-5
-7
-7
-11
-11
-7
-5
-1
3
9
7
5
5
13
9
5
9
7
3
3
-1
1
-3
-7
-7
-7
-9
-13
-15
-15
-11
5
19
17
35
43
41
23
11
3
-15
-27
-27
-27
-23
-19
-17
-27
-121
-125
55
419
611
569
209
13
-59
-75
-79
-75
-73
-69
-71
-71
-73
-69
-67
-67
-65
-67
-67
-67
-61
-67
-63
-61
-59
-55
-47
-41
-39
-35
-29
-23
-21
-13
-9
-13
-13
-19
-23
-21
-15
-15
-13
-9
-3
-3
-13
-15
-5
3
-1
-1
1
1
7
-1
-5
-9
-7
-5
-3
-7
-9
-11
-11
-11
-11
-11
-15
-13
-19
-3
15
17
17
53
47
43
17
17
1
-23
-37
-37
-35
-35
-25
-27
-23
-115
-129
45
401
601
587
273
39
-53
-81
-81
-79
-71
-67
-71
-71
-79
-71
-67
-67
-65
-61
-61
-63
-61
-59
-59
-53
-55
-51
-39
-29
-23
-17
-13
-7
-1
1
-1
-3
1
-5
-11
-23
-21
-15
-9
-9
-7
1
1
-13
-11
-5
-3
-5
-5
-3
-3
-7
-7
-11
-17
-17
-9
-17
-21
-21
-19
-19
-23
-23
-19
-25
-19
5
17
3
31
53
41
29
15
-3
-21
-37
-39
-31
-29
-21
-23
-19
-91
-143
-45
283
565
625
343
63
-41
-71
-83
-79
-75
-75
-71
-69
-69
-71
-71
-69
-59
-73
-73
-65
-59
-61
-65
-65
-53
-53
-41
-33
-39
-23
-27
-9
-13
-9
3
-1
-3
-5
-5
-5
-3
1
1
1
5
-5
-5
5
9
5
-5
-3
-5
-7
-5
-11
-13
-21
-21
-21
-25
-25
-19
-15
-25
-25
7
7
7
41
57
51
19
19
-1
-23
-29
-23
-7
7
-17
-23
-21
-117
-103
115
493
653
507
147
-5
-65
-79
-81
-83
-83
-83
-83
-87
-85
-81
-83
-79
-81
-81
-79
-81
-79
-81
-81
-75
-67
-53
-49
-53
-59
-49
-41
-35
-21
-17
-23
-25
-23
-21
-23
-27
-27
-31
-23
-19
-15
-7
-9
-9
-9
-13
-19
-21
-15
-19
-21
-25
-27
-29
-29
-31
-31
-31
-33
-37
-41
-41
-43
-23
-7
-7
-1
33
23
27
7
-7
-27
-51
-57
-57
-61
-59
-55
-49
-49
-143
-149
25
377
589
567
241
-3
-91
-109
-107
-101
-97
-89
-87
-97
-99
-95
-93
-91
-85
-87
-89
-85
-83
-85
-79
-67
-77
-79
-69
-61
-51
-43
-37
-37
-31
-27
-25
-19
-19
-33
-33
-33
-33
-33
-31
-19
-17
-23
-25
-19
-19
-15
-21
-21
-21
-19
-23
-19
-31
-33
-33
-29
-31
-33
-35
-35
-37
-39
-37
-31
-13
-11
-5
27
33
27
17
9
-17
-41
-55
-55
-51
-49
-49
-43
-23
-91
-167
-67
289
573
603
259
15
-69
-95
-95
-91
-91
-89
-91
-81
-85
-85
-83
-77
-79
-77
-77
-75
-77
-77
-73
-69
-67
-65
-59
-49
-45
-41
-39
-31
-25
-23
-21
-15
-15
-21
-21
-23
-17
-19
-17
-13
-7
-9
-9
-9
-11
-13
-9
-7
-9
-11
-9
-11
-15
-19
-21
-19
-23
-27
-27
-23
-7
3
3
19
35
33
21
11
-9
-31
-39
-41
-37
-31
-33
-29
-19
-79
-147
-67
293
583
653
309
39
-57
-81
-79
-75
-75
-71
-67
-73
-73
-71
-69
-69
-69
-69
-71
-69
-67
-65
-65
-63
-57
-47
-49
-49
-37
-39
-37
-33
-27
-21
-11
-11
-19
-27
-25
-23
-19
-15
-13
-9
-11
-11
-7
-7
-7
-7
-5
-17
-17
-15
-17
-17
-21
-21
-19
-21
-25
-29
-27
-9
9
5
17
57
51
39
27
11
-21
-45
-49
-45
-41
-37
-35
-27
-79
-171
-111
203
547
669
561
179
-11
-81
-95
-95
-93
-93
-91
-91
-87
-87
-87
-91
-91
-87
-83
-83
-85
-87
-87
-87
-85
-77
-77
-75
-67
-59
-51
-39
-29
-23
-13
-17
-17
-15
-19
-19
-15
-19
-23
-23
-21
-19
-11
-11
-13
-15
-13
-19
-19
-15
-13
-21
-19
-27
-29
-31
-31
-23
-23
-31
-23
-5
-1
-3
29
41
41
25
21
5
-23
-37
-47
-45
-45
-35
-37
-25
-61
-157
-147
197
533
655
457
131
-7
-67
-89
-97
-89
-87
-87
-85
-87
-77
-77
-83
-79
-75
-73
-71
-69
-75
-77
-73
-67
-63
-53
-61
-55
-47
-39
-29
-19
-9
-3
1
3
3
-3
-5
-11
-5
-5
-3
-1
-3
-1
-1
-1
-5
-7
-7
-9
-13
-19
-17
-15
-15
-23
-19
-15
-21
-19
11
9
13
19
41
37
31
27
5
-21
-39
-47
-43
-45
-47
-45
-33
-89
-173
-97
247
549
621
337
57
-51
-99
-105
-107
-103
-99
-99
-99
-95
-95
-99
-93
-91
-91
-91
-83
-81
-83
-79
-75
-71
-67
-59
-53
-47
-41
-31
-21
-11
-9
-5
-3
-5
-11
-13
-13
-9
-13
-11
-9
-7
-7
-3
-5
-5
-5
-5
-11
-13
-11
-17
-19
-17
-19
-23
-13
-1
3
13
43
31
19
1
1
-21
-47
-49
-35
-25
-31
-31
-19
-31
-131
-127
59
431
623
537
205
11
-77
-99
-101
-95
-91
-87
-89
-83
-83
-81
-77
-69
-73
-69
-63
-61
-63
-65
-63
-59
-55
-47
-33
-39
-41
-31
-19
-9
-5
3
-3
-9
-11
-11
-13
-13
-15
-15
-15
-9
-9
-11
-9
-7
-9
-7
-13
-13
-19
-15
-17
-7
-1
3
3
35
43
41
29
21
3
-29
-41
-39
-39
-35
-35
-33
-25
-59
-139
-85
223
525
597
337
63
-33
-75
-77
-85
-79
-75
-71
-69
-63
-63
-65
-61
-59
-59
-55
-57
-57
-57
-59
-55
-55
-49
-43
-41
-41
-39
-29
-27
-27
-19
-17
-19
-17
-15
-15
-11
-13
-7
-11
-13
-11
-5
-1
-3
-3
3
-3
-3
3
19
17
9
21
47
45
41
31
25
