-101
21
219
289
125
-5
-77
-87
-77
-49
-31
-31
-33
-33
-33
-29
-27
-27
-25
-25
-25
-23
-23
-19
-17
-9
-5
-3
-3
3
3
13
19
27
41
41
43
43
45
45
41
29
21
7
-1
-9
-17
-15
-15
-17
-13
-17
-17
-17
-19
-15
-15
-11
-11
-9
-17
-11
-11
-13
-9
-11
-9
-15
-11
-15
-15
-17
-15
-19
-5
-11
1
7
7
9
9
1
-3
-9
-25
-27
-31
-31
-41
-29
-49
-95
-63
81
275
237
61
-47
-83
-81
-61
-37
-39
-39
-35
-33
-33
-37
-33
-33
-39
-33
-23
-31
-23
-19
-21
-17
-17
-15
-11
-1
9
15
21
27
31
35
37
37
39
29
17
5
-5
-15
-19
-25
-25
-23
-29
-25
-29
-29
-31
-31
-27
-27
-29
-27
-33
-27
-27
-25
-17
-19
-19
-23
-27
-23
-21
-13
-13
-23
-23
-25
-23
-19
-13
-19
-19
-19
-21
-21
-19
-13
-9
-9
-7
3
9
13
7
-1
-9
-13
-23
-31
-39
-39
-39
-35
-47
-119
-111
21
233
299
69
-57
-95
-65
-41
-43
-43
-43
-45
-39
-41
-37
-33
-27
-31
-25
-31
-29
-27
-25
-27
-25
-15
-9
-13
-9
-1
7
19
21
31
35
39
41
47
43
39
27
11
1
-11
-15
-15
-19
-17
-15
-21
-19
-21
-17
-21
-17
-17
-17
-21
-17
-19
-21
-21
-23
-17
-21
-21
-17
-21
-25
-21
-19
-17
-21
-23
-21
-23
-23
-17
-13
-3
-5
-5
9
5
11
5
3
-5
-13
-25
-35
-41
-39
-39
-37
-43
-109
-115
13
209
271
75
-49
-95
-85
-65
-43
-45
-43
-41
-39
-35
-33
-37
-33
-39
-33
-33
-29
-29
-27
-25
-19
-21
-17
-13
-7
3
5
15
19
23
29
37
39
45
39
33
21
5
-3
-13
-17
-21
-25
-23
-21
-29
-27
-27
-21
-27
-29
-23
-23
-27
-27
-25
-27
-23
-25
-21
-23
-27
-25
-21
-25
-17
-21
-21
-25
-25
-23
-23
-25
-23
-23
-19
-11
-15
-9
-9
5
13
7
1
5
-9
-15
-27
-35
-37
-39
-37
-29
-59
-119
-91
53
255
223
13
-75
-87
-61
-47
-43
-41
-41
-41
-39
-43
-41
-39
-37
-35
-35
-33
-31
-31
-29
-27
-25
-17
-15
-9
-7
-3
1
9
17
29
31
35
41
37
33
27
19
9
-5
-13
-19
-29
-27
-27
-27
-25
-25
-27
-27
-29
-29
-29
-29
-21
-29
-27
-27
-29
-25
-23
-27
-23
-29
-27
-25
-27
-27
-25
-29
-29
-31
-31
-29
-25
-19
-13
-13
-7
-7
3
5
5
1
-5
-13
-19
-31
-37
-39
-41
-41
-35
-75
-117
-87
63
241
185
-9
-83
-91
-59
-43
-43
-43
-49
-41
-41
-39
-35
-37
-35
-31
-39
-33
-31
-31
-25
-23
-17
-17
-17
-17
-7
1
9
11
13
27
27
37
43
43
43
37
21
13
-1
-7
-15
-17
-19
-19
-21
-21
-21
-21
-21
-19
-17
-19
-21
-21
-21
-21
-19
-19
-17
-21
-19
-19
-21
-27
-27
-21
-13
-11
-15
-15
-19
-17
-17
-13
-7
-1
-5
3
5
13
17
17
11
5
-1
-11
-21
-31
-29
-27
-25
-27
-77
-103
-39
119
259
101
-43
-83
-63
-33
-31
-31
-29
-25
-25
-23
-23
-23
-19
-15
-17
-13
-9
-7
-7
-1
-3
-1
5
7
19
21
25
33
35
41
49
53
65
63
53
47
27
27
15
7
5
-3
-7
-3
-5
-3
-11
-7
-1
-7
-7
-9
-7
-9
-7
-13
-5
-9
-5
-13
-13
-7
-9
-17
-7
-15
-13
-13
-15
-9
-1
3
9
21
15
11
7
-1
-7
-15
-21
-25
-25
-25
-23
-31
-79
-83
37
195
255
115
-19
-75
-85
-71
-35
-29
-27
-29
-33
-29
-27
-25
-21
-25
-23
-17
-17
-13
-11
-9
-1
1
3
7
9
15
23
29
37
41
47
51
53
53
51
41
29
15
5
-5
-13
-13
-15
-13
-9
-13
-15
-11
-15
-13
-13
-13
-11
-13
-13
-11
-15
-13
-11
-13
-9
-13
-13
-13
-19
-23
-13
-9
-1
5
11
11
9
9
-1
-7
-21
-29
-31
-29
-31
-23
-43
-101
-79
55
221
245
61
-71
-91
-77
-55
-37
-33
-35
-39
-35
-33
-33
-29
-31
-29
-23
-25
-23
-23
-19
-11
-13
-9
-5
-5
1
7
17
23
29
31
37
37
39
41
41
35
21
9
1
-11
-13
-15
-19
-17
-19
-23
-17
-23
-21
-19
-17
-15
-15
-17
-13
-17
-15
-13
-11
-9
-13
-11
-11
-13
-9
-1
3
5
7
27
23
25
25
21
5
-5
-17
-25
-27
-27
-27
-23
-75
-113
-41
139
309
133
-29
-81
-53
-31
-35
-35
-35
-37
-33
-31
-33
-27
-27
-25
-27
-23
-21
-17
-17
-11
-13
-9
-5
-3
3
9
17
25
29
33
43
41
43
45
43
37
25
15
5
-5
-5
-5
-5
-3
-7
-7
-7
-11
-9
-5
-9
-5
-7
-9
-7
-11
-7
-9
-3
3
7
9
13
25
29
29
31
31
23
7
-7
-17
-15
-13
-17
-11
-15
-83
-123
-39
151
265
109
-19
-67
-53
-33
-25
-19
-21
-19
-15
-13
-13
-11
-13
-9
-9
-7
-5
-3
-5
-3
1
7
13
15
23
25
31
39
45
49
55
57
61
55
53
45
27
21
9
7
5
3
-3
1
-1
1
1
-3
1
1
3
1
-1
-5
-1
1
3
1
3
9
11
11
15
29
41
39
39
41
23
17
5
-7
-13
-17
-15
-13
-11
-35
-101
-93
35
183
191
43
-59
-73
-55
-29
-13
-17
-19
-17
-17
-17
-17
-13
-9
-7
-9
-7
-9
-1
-1
5
9
13
13
21
21
33
41
43
53
55
57
61
59
55
43
27
19
9
3
-5
-9
-5
-5
-11
-9
-11
-7
-9
-11
-7
-13
-11
-5
-5
-9
-9
-11
-9
-3
1
5
5
23
29
25
27
19
9
5
-15
-29
-29
-33
-29
-27
-29
-71
-115
-57
95
211
145
21
-67
-85
-85
-59
-35
-41
-37
-37
-33
-35
-33
-33
-33
-31
-29
-29
-27
-19
-25
-19
-19
-13
-9
-1
1
7
17
21
29
27
31
37
39
29
21
3
-5
-15
-23
-27
-27
-29
-31
-29
-27
-35
-39
-31
-27
-27
-29
-29
-27
-33
-31
-29
-19
-11
-19
-13
5
9
15
11
7
3
-11
-31
-39
-45
-49
-47
-47
-41
-81
-141
-89
63
223
155
15
-79
-97
-95
-77
-51
-49
-49
-49
-41
-47
-43
-37
-41
-35
-39
-33
-29
-27
-25
-17
-19
-13
-7
3
11
13
21
29
35
37
41
41
45
35
29
17
1
-9
-9
-17
-19
-23
-21
-17
-23
-23
-23
-21
-21
-21
-21
-21
-23
-23
-23
-17
-11
-9
-9
-3
11
9
17
15
15
5
-11
-23
-35
-37
-35
-37
-31
-37
-105
-141
-61
119
267
149
-1
-77
-83
-69
-49
-41
-37
-37
-39
-39
-37
-39
-39
-35
-31
-33
-29
-31
-27
-27
-23
-17
-15
-9
-3
1
5
19
19
27
29
35
41
37
33
23
5
-3
-13
-17
-19
-25
-21
-23
-25
-27
-29
-25
-21
-31
-23
-25
-31
-29
-25
-27
-27
-23
-17
-15
-17
-11
-1
7
9
7
7
3
-11
-21
-39
-47
-41
-39
-39
-39
-85
-139
-89
77
271
189
29
-79
-117
-105
-77
-53
-47
-51
-51
-47
-51
-47
-47
-45
-41
-39
-39
-33
-39
-35
-31
-29
-17
-17
-15
-7
-3
5
17
19
25
27
37
31
25
15
1
-9
-13
-29
-37
-35
-41
-37
-41
-37
-39
-39
-43
-39
-41
-41
-39
-39
-35
-35
-33
-35
-35
-37
-31
-33
-29
-29
-25
-19
-19
-13
-1
-3
3
3
-3
-9
-29
-39
-51
-47
-49
-47
-43
-79
-135
-93
67
263
215
21
-89
-113
-97
-71
-51
-49
-47
-47
-47
-45
-47
-47
-43
-41
-35
-37
-37
-33
-35
-29
-25
-19
-17
-9
-5
3
5
15
23
29
33
37
35
31
17
5
-3
-15
-17
-23
-27
-25
-29
-29
-29
-29
-23
-27
-25
-21
-29
-27
-27
-25
-23
-23
-25
-23
-27
-25
-23
-21
-21
-25
-23
-23
-27
-29
-25
-23
-21
-21
-15
-11
-13
-11
-1
15
15
17
11
7
-9
-19
-27
-31
-33
-31
-33
-29
-81
-123
-59
123
293
215
17
-69
-93
-71
-45
-39
-35
-35
-37
-33
-35
-31
-31
-27
-27
-23
-25
-21
-25
-19
-15
-9
-5
-3
1
9
15
23
31
39
47
47
51
53
47
37
27
11
7
-5
-9
-9
-17
-17
-15
-13
-15
-13
-13
-13
-17
-15
-15
-7
-9
-11
-13
-11
-15
-11
-13
-11
-9
-11
-11
-9
-11
-15
-15
-11
-5
-9
-9
-9
-13
-11
-7
-7
-5
-9
-9
-5
-9
-7
-5
-5
3
5
5
15
15
31
29
31
29
19
11
3
-9
-17
-17
-19
-9
-9
-65
-99
-33
141
293
175
-1
-65
-61
-37
-29
-23
-19
-19
-17
-15
-15
-15
-17
-15
-11
-11
-5
-9
-9
-3
-1
-1
5
9
17
21
27
33
37
45
53
61
67
65
61
57
43
31
21
11
7
1
-5
-3
-9
-5
-3
-1
-3
-7
-5
-3
-7
-7
-3
-3
1
-5
-3
-3
-3
-3
-5
-3
-1
-3
-5
-5
-7
-5
-5
-3
-3
-3
-5
-5
-7
-7
-7
-3
-1
-1
9
9
5
15
25
35
33
35
31
19
9
-3
-9
-15
-13
-15
-19
-11
-59
-93
-49
101
257
173
19
-61
-71
-55
-37
-19
-17
-21
-21
-17
-19
-17
-15
-15
-11
-13
-9
-11
-13
-9
-5
-3
5
5
5
13
21
29
37
43
49
53
57
63
51
47
35
23
15
1
-5
-7
-11
-13
-9
-9
-11
-15
-13
-17
-17
-15
-17
-17
-15
-15
-19
-17
-15
-19
-17
-19
-17
-15
-17
-17
-19
-21
-13
-15
-15
-17
-19
-21
-21
-17
-19
-15
-5
-5
1
3
19
15
15
13
11
-3
-15
-25
-35
-35
-35
-37
-27
-55
-111
-85
53
239
243
83
-29
-83
-91
-79
-53
-37
-35
-39
-35
-35
-31
-29
-33
-31
-25
-23
-21
-23
-21
-17
-17
-11
-7
-1
5
11
17
27
25
37
43
49
57
53
47
39
27
17
9
-1
-5
-11
-11
-13
-11
-15
-17
-15
-3
-1
-5
-13
-15
-13
-17
-5
-1
-11
-9
-5
-5
-7
-7
-9
-7
-9
-13
-11
-17
-15
-13
-15
-13
-19
-15
-15
-17
-13
-7
-7
-1
1
11
21
19
25
19
7
-1
-11
-21
-27
-31
-25
-23
-31
-95
-101
17
213
297
101
-31
-83
-55
-41
-27
-27
-27
-27
-23
-21
-15
-13
-15
-13
-13
-11
-13
-5
1
5
1
7
3
9
17
27
31
35
45
49
53
61
67
71
71
63
53
41
29
15
11
9
9
7
3
3
-1
5
7
9
7
5
3
7
5
1
3
9
9
5
7
5
3
1
5
3
5
1
5
3
1
1
3
1
7
9
13
19
23
25
39
37
39
29
25
19
3
-5
-13
-13
-9
-11
-13
-63
-97
-27
127
269
155
7
-63
-67
-53
-33
-19
-23
-19
-19
-19
-21
-21
-13
-13
-15
-9
-11
-9
-5
-5
1
3
5
11
11
15
25
29
39
47
51
59
59
63
57
49
37
25
13
11
-1
-3
-3
-9
-9
-7
-11
-5
-9
-11
-7
-11
-11
-11
-9
-7
-7
-9
-5
-7
-9
-9
-9
-7
-11
-11
-11
-11
-13
-11
-15
-11
-13
-11
-11
-11
-3
3
3
11
23
19
19
9
5
-3
-17
-21
-29
-31
-31
-37
-31
-67
-105
-69
69
231
205
63
-53
-83
-85
-71
-49
-39
-39
-45
-43
-39
-37
-35
-37
-37
-33
-35
-29
-27
-25
-23
-21
-21
-19
-13
-11
-3
3
11
19
23
27
29
33
35
33
23
9
-1
-11
-21
-27
-33
-29
-29
-29
-35
-31
-39
-35
-33
-31
-31
-31
-31
-27
-31
-35
-31
-29
-29
-29
-27
-27
-33
-33
-33
-33
-29
-33
-31
-27
-25
-19
-13
-1
-1
-5
-7
-17
-25
-35
-45
-47
-45
-43
-43
-49
-109
-117
-3
179
279
117
-7
-87
-105
-97
-69
-49
-45
-45
-45
-45
-47
-41
-41
-39
-37
-37
-37
-33
-35
-29
-29
-23
-19
-19
-13
-9
-1
3
13
23
29
31
35
35
29
21
13
1
-7
-15
-21
-25
-29
-29
-29
-25
-23
-25
-29
-27
-27
-29
-27
-25
-23
-23
-23
-21
-23
-25
-23
-21
-19
-23
-19
-21
-25
-29
-23
-15
-11
-7
-5
1
13
7
9
7
-3
-9
-21
-31
-41
-35
-35
-27
-39
-103
-101
35
215
283
77
-43
-89
-75
-53
-41
-43
-41
-39
-39
-31
-35
-33
-29
-33
-31
-29
-25
-27
-23
-23
-17
-19
-11
-11
1
7
15
17
25
27
35
41
45
47
39
35
23
7
-7
-9
-17
-19
-25
-21
-19
-23
-23
-21
-21
-21
-23
-25
-21
-23
-21
-21
-19
-21
-17
-21
-19
-25
-23
-23
-17
-7
-9
-3
1
15
15
19
11
9
-3
-19
-27
-37
-37
-37
-37
-29
-57
-109
-95
41
223
223
37
-65
-89
-71
-49
-43
-43
-43
-41
-37
-37
-37
-37
-39
-35
-29
-33
-29
-27
-27
-23
-27
-21
-15
-11
-7
-1
1
11
15
27
29
37
41
37
33
21
7
-7
-13
-23
-21
-31
-31
-31
-33
-35
-29
-29
-29
-31
-35
-35
-35
-33
-31
-29
-33
-33
-33
-29
-35
-35
-31
-31
-27
-33
-33
-29
-31
-33
-33
-33
-29
-33
-31
-33
-33
-27
-17
-17
-13
-11
7
5
1
-1
-7
-13
-21
-33
-43
-43
-49
-43
-41
-85
-117
-57
97
237
127
-27
-93
-89
-69
-51
-47
-49
-49
-45
-39
-43
-37
-41
-37
-37
-33
-33
-33
-29
-23
-21
-23
-19
-17
-9
-7
3
7
15
19
29
31
37
41
39
35
19
11
-1
-13
-23
-25
-27
-25
-23
-25
-25
-29
-27
-29
-25
-25
-23
-25
-23
-27
-27
-27
-23
-23
-25
-23
-23
-29
-25
-25
-25
-21
-25
-23
-25
-27
-27
-21
-23
-21
-25
-21
-11
-9
-9
-9
11
13
11
5
5
-9
-17
-27
-35
-33
-29
-35
-29
-49
-101
-97
19
187
227
53
-43
-87
-73
-51
-39
-31
-33
-33
-29
-33
-31
-27
-27
-25
-23
-23
-21
-21
-17
-17
-11
-9
-9
-3
5
5
11
21
29
37
41
49
51
51
43
41
33
23
11
-1
-5
-13
-13
-11
-13
-13
-11
-13
-13
-15
-15
-15
-11
-9
-11
-11
-11
-13
-13
-9
-11
-9
-13
-9
-9
-13
-15
-11
-7
-7
-11
-9
-11
-13
-11
-7
-1
5
9
9
25
21
23
11
13
5
-3
-17
-19
-25
-23
-25
-19
-35
-89
-79
37
187
217
71
-29
-71
-65
-51
-23
-25
-25
-25
-23
-17
-15
-19
-15
-21
-15
-15
-15
-9
-7
-11
-3
-3
3
5
9
17
19
31
35
41
45
53
55
57
53
43
33
19
9
3
-3
-7
-7
-13
-9
-15
-17
-13
-7
-9
-11
-11
-13
-13
-15
-11
-11
-7
-15
-9
-11
-21
-13
-19
-15
-5
-7
-15
-15
-27
-23
-11
-17
-15
-5
-7
-1
3
15
5
3
-5
-11
-27
-33
-39
-43
-35
-33
-25
-85
-101
17
197
279
113
-9
-81
-93
-85
-55
-41
-39
-37
-41
-33
-39
-37
-31
-37
-31
-29
-29
-23
-21
-21
-19
-19
-13
-11
-7
3
9
17
23
29
29
37
35
43
39
33
19
5
-5
-13
-17
-21
-23
-25
-21
-29
-25
-27
-23
-27
-25
-23
-19
-23
-23
-21
-23
-17
-17
-19
-21
-25
-23
-15
-17
-15
-19
-21
-19
-21
-21
-19
-13
-13
-3
7
11
5
3
-3
-5
-9
-25
-31
-27
-29
-25
-25
-83
-103
-11
171
305
165
3
-81
-87
-67
-47
-29
-29
-33
-31
-31
-27
-23
-23
-25
-19
-23
-19
-21
-17
-11
-9
-9
-3
-3
-1
7
19
27
33
41
43
45
47
55
47
43
25
21
7
-5
-7
-11
-13
-9
-11
-15
-11
-15
-15
-15
-15
-11
-11
-9
-9
-13
-13
-7
-9
-5
-9
-5
-3
-9
-11
-7
-7
-7
-9
-7
-7
-9
-11
-11
-9
-5
3
5
7
5
11
25
25
27
15
11
3
-9
-17
-19
-19
-15
-13
-37
-101
-81
71
281
271
63
-47
-77
-55
-35
-27
-25
-27
-23
-25
-25
-21
-27
-21
-23
-19
-15
-17
-17
-11
-11
-7
-7
-5
3
7
13
17
23
31
43
45
53
49
53
49
39
27
13
3
-3
-9
-13
-13
-19
-15
-15
-13
-13
-17
-17
-15
-17
-17
-15
-17
-13
-15
-15
-15
-19
-21
-17
-17
-11
-17
-17
-13
-17
-17
-19
-19
-15
-9
-5
-3
-5
-1
13
15
19
9
3
-1
-17
-21
-29
-33
-29
-31
-25
-49
-113
-87
69
267
265
41
-55
-81
-57
-41
-39
-39
-33
-35
-37
-33
-35
-33
-31
-29
-27
-27
-29
-23
-25
-21
-17
-19
-9
-7
-1
-1
3
15
23
33
41
39
41
47
41
35
23
13
-1
-7
-13
-17
-23
-25
-21
-21
-21
-19
-21
-25
-25
-25
-23
-23
-19
-21
-19
-21
-21
-23
-23
-21
-23
-21
-21
-17
-23
-23
-25
-21
-19
-19
-21
-13
-13
-13
-7
-1
11
15
13
3
-1
-7
-9
-25
-27
-33
-29
-33
-31
-59
-109
-75
89
267
155
-13
-83
-75
-49
-41
-35
-35
-35
-33
-37
-29
-31
-27
-25
-23
-25
-23
-29
-21
-19
-17
-11
-13
-7
-3
-1
5
13
23
31
35
39
45
47
45
41
31
21
9
-1
-9
-17
-21
-21
-17
-17
-17
-19
-17
-19
-21
-19
-19
-17
-19
-19
-21
-21
-21
-19
-21
-19
-19
-19
-15
-21
-21
-21
-17
-17
-21
-17
-15
-15
-9
-3
1
17
15
17
11
3
-7
-21
-29
-29
-31
-35
-33
-31
-79
-107
-49
97
229
125
-11
-81
-85
-65
-47
-35
-37
-37
-39
-39
-35
-33
-29
-29
-27
-29
-25
-27
-21
-21
-19
-13
-11
-7
-5
-3
1
13
21
31
33
37
43
41
41
37
25
17
5
-5
-9
-23
-21
-21
-21
-21
-23
-25
-21
-25
-25
-25
-25
-17
-19
-21
-21
-25
-23
-17
-21
-19
-21
-19
-21
-23
-21
-25
-23
-15
-11
-15
-5
-1
11
11
15
15
3
-5
-19
-35
-41
-37
-37
-37
-37
-65
-111
-83
49
203
149
19
-75
-89
-81
-63
-47
-47
-45
-41
-41
-43
-41
-43
-39
-35
-35
-33
-29
-31
-27
-31
-23
-21
-15
-11
-7
-3
3
9
17
27
29
31
29
27
19
5
-3
-11
-23
-23
-29
-35
-33
-35
-37
-37
-35
-37
-39
-39
-39
-39
-37
-35
-35
-35
-35
-35
-33
-35
-37
-37
-33
-27
-29
-23
-15
-11
-1
-1
3
-1
-9
-19
-31
-49
-51
-55
-53
-49
-43
-63
-121
-113
5
177
223
69
-61
-103
-107
-91
-63
-55
-53
-51
-49
-49
-45
-49
-45
-41
-41
-39
-35
-33
-31
-33
-25
-21
-15
-9
-3
1
9
13
23
27
29
37
37
31
23
9
-3
-13
-21
-19
-23
-29
-27
-31
-31
-31
-31
-25
-25
-27
-25
-29
-29
-27
-25
-21
-21
-25
-23
-29
-23
-25
-25
-15
-15
-9
-5
-9
9
13
15
17
7
1
-15
-29
-37
-37
-35
-37
-29
-43
-103
-115
7
185
261
67
-49
-93
-73
-59
-43
-43
-41
-37
-35
-35
-31
-37
-33
-31
-29
-23
-25
-21
-23
-21
-17
-11
-9
-1
1
11
17
19
29
35
43
47
45
41
37
21
15
3
-9
-11
-15
-17
-19
-21
-19
-15
-17
-13
-17
-17
-17
-19
-15
-17
-17
-13
-15
-17
-15
-19
-15
-11
-3
1
5
7
21
21
21
21
15
11
-3
-15
-25
-29
-29
-29
-27
-27
-87
-113
-25
145
251
113
-21
-77
-71
-55
-37
-37
-31
-31
-31
-25
-25
-27
-23
-25
-23
-19
-21
-15
-17
-13
-5
-7
-5
1
7
15
21
29
33
37
43
51
55
53
49
35
23
7
1
-5
-9
-11
-11
-13
-13
-15
-13
-11
-11
-15
-15
-15
-13
-17
-15
-15
-15
-11
-17
-13
-13
-13
-13
-7
-3
-1
3
5
23
19
21
21
17
9
-7
-21
-27
-31
-31
-29
-29
-23
-69
-109
-51
97
239
159
25
-59
-81
-75
-57
-41
-33
-29
-33
-29
-27
-29
-25
-27
-27
-27
-21
-17
-15
-17
-9
-11
-5
1
9
15
17
27
31
35
41
49
51
55
45
35
25
13
7
-1
-9
-9
-9
-9
-7
-17
-15
-15
-11
-9
-9
-13
-11
-15
-11
-13
-9
-5
-9
-9
-7
-11
-11
-11
-9
1
3
3
5
11
25
27
25
25
21
9
-5
-19
-23
-27
-23
-21
-21
-25
-81
-109
-29
133
251
141
9
-63
-69
-61
-43
-31
-29
-27
-25
-25
-25
-27
-27
-25
-21
-21
-21
-19
-15
-19
-11
-9
-1
1
3
7
13
19
25
33
41
45
47
45
41
31
19
11
-3
-9
-15
-17
-21
-21
-21
-21
-21
-19
-21
-21
-21
-23
-21
-21
-17
-15
-17
-17
-17
-19
-15
-19
-17
-11
-9
-9
-7
-1
7
21
19
25
21
17
7
-9
-19
-29
-27
-27
-27
-27
-31
-89
-111
-9
161
261
111
-9
-73
-75
-63
-39
-29
-27
-31
-29
-29
-27
-27
-23
-23
-19
-21
-17
-15
-17
-13
-5
-3
1
5
9
15
19
27
35
41
45
49
51
53
45
35
25
13
5
-3
-7
-11
-15
-17
-13
-13
-11
-15
-13
-11
-17
-17
-13
-11
-9
-9
-13
-7
-11
-7
-9
-11
-7
-7
-11
-9
-11
-7
-11
-9
-1
3
1
5
9
27
29
29
31
19
13
1
-15
-21
-23
-23
-21
-23
-25
-77
-107
-33
137
287
145
-13
-75
-63
-47
-33
-29
-29
-27
-29
-23
-23
-25
-27
-19
-19
-13
-15
-17
-13
-13
-11
-7
-3
1
7
11
21
21
29
39
45
51
55
51
51
37
25
13
3
-3
-7
-9
-15
-15
-17
-15
-15
-13
-13
-13
-17
-17
-17
-15
-17
-13
-13
-17
-13
-15
-13
-13
-13
-13
-11
-11
-13
-17
-15
-15
-15
-13
-15
-17
-13
-19
-15
-15
-13
-3
-5
-1
1
11
25
25
27
23
13
5
-5
-21
-25
-29
-23
-23
-19
-51
-105
-77
63
241
195
21
-67
-75
-53
-37
-35
-29
-27
-25
-27
-25
-19
-25
-25
-23
-17
-15
-15
-13
-9
-13
-5
-3
5
9
13
19
25
27
33
41
49
57
57
53
43
33
23
13
1
-1
-9
-11
-15
-19
-15
-13
-13
-11
-15
-17
-11
-15
-13
-15
-13
-13
-13
-15
-13
-17
-11
-11
-13
-13
-13
-13
-15
-15
-19
-15
-15
-11
-15
-15
-11
-17
-13
-9
-1
3
1
5
23
21
21
21
19
13
-3
-17
-23
-29
-27
-27
-23
-29
-85
-95
21
187
221
59
-45
-75
-65
-49
-33
-33
-31
-29
-31
-27
-25
-25
-21
-25
-23
-21
-17
-17
-15
-13
-9
-11
-7
-1
3
11
21
23
31
33
39
45
45
51
43
35
21
7
-3
-9
-15
-13
-17
-21
-17
-23
-25
-25
-19
-17
-15
-19
-21
-25
-21
-19
-15
-15
-21
-19
-19
-21
-21
-21
-21
-19
-21
-19
-19
-17
-17
-11
-9
3
15
13
21
9
7
-1
-13
-27
-37
-37
-35
-41
-41
-39
-91
-105
-23
127
233
119
-3
-81
-91
-89
-57
-47
-43
-45
-47
-43
-43
-41
-39
-35
-37
-41
-35
-39
-29
-21
-19
-23
-19
-17
-7
-3
3
11
17
23
25
27
31
31
23
19
3
-11
-19
-31
-31
-31
-37
-35
-39
-35
-35
-37
-37
-37
-35
-35
-35
-39
-35
-39
-37
-37
-31
-31
-31
-33
-33
-35
-31
-29
-25
-17
-11
1
1
-1
-3
-3
-11
-27
-39
-47
-49
-53
-53
-49
-45
-89
-127
-71
77
247
187
43
-67
-99
-99
-83
-57
-53
-59
-51
-49
-45
-45
-43
-41
-43
-45
-39
-35
-35
-31
-29
-23
-27
-23
-15
-9
-3
5
11
19
21
25
29
31
29
21
11
-1
-15
-21
-23
-27
-29
-31
-31
-27
-33
-35
-31
-27
-29
-27
-31
-31
-35
-33
-29
-25
-27
-27
-27
-29
-27
-31
-27
-21
-17
-19
-13
-1
7
3
9
3
-1
-17
-31
-43
-43
-43
-47
-47
-39
-107
-131
-37
145
285
119
-37
-99
-81
-61
-49
-55
-51
-47
-45
-43
-47
-47
-43
-41
-37
-37
-39
-29
-31
-27
-27
-25
-23
-17
-11
-1
3
9
19
25
31
35
41
43
39
27
19
1
-5
-15
-21
-19
-21
-23
-29
-31
-29
-27
-25
-21
-23
-23
-21
-29
-29
-23
-23
-17
-19
-21
-19
-23
-19
-19
-11
-7
-5
-1
15
13
11
13
13
9
-11
-21
-29
-39
-39
-41
-41
-33
-87
-127
-63
107
271
165
-13
-79
-71
-57
-45
-47
-45
-45
-41
-39
-39
-39
-37
-31
-35
-35
-31
-27
-25
-25
-23
-23
-23
-11
-9
-5
3
13
21
25
31
37
39
41
41
31
19
1
-7
-17
-21
-21
-23
-23
-23
-25
-23
-27
-23
-21
-23
-25
-23
-29
-25
-23
-21
-17
-23
-19
-23
-23
-21
-23
-23
-17
-19
-21
-17
-13
-11
-7
-1
13
19
15
21
13
7
-5
-17
-27
-31
-31
-29
-29
-27
-75
-113
-51
117
273
145
-25
-83
-69
-47
-33
-33
-33
-31
-35
-31
-27
-23
-23
-23
-25
-23
-23
-19
-15
-13
-7
-7
-3
1
3
9
15
23
33
37
43
49
51
53
53
47
39
25
13
5
-7
-5
-9
-9
-9
-7
-9
-7
-9
-9
-9
-3
-7
-9
-9
-7
-11
-9
-9
-9
-5
-7
-5
-7
-7
-5
-5
-3
-1
1
5
7
7
15
29
35
37
35
27
19
1
-5
-15
-15
-17
-15
-15
-17
-63
-93
-21
143
253
99
-19
-67
-57
-37
-19
-17
-15
-15
-15
-13
-13
-13
-9
-5
-7
-5
-5
-1
-1
5
7
11
17
19
25
29
31
41
49
53
61
61
63
59
53
43
31
19
17
7
3
-1
-5
-1
-1
-1
-3
-1
-1
3
-3
-3
-1
1
1
-3
1
3
-1
-1
1
-3
1
1
1
1
3
7
9
13
17
27
35
39
35
35
21
15
3
-13
-19
-13
-15
-17
-13
-45
-85
-53
79
223
161
35
-43
-63
-51
-33
-17
-19
-21
-21
-17
-15
-11
-11
-11
-11
-13
-13
-11
-3
1
1
3
9
11
13
19
27
35
41
45
51
51
53
55
53
51
39
27
15
3
-3
-5
-5
-5
-7
-11
-9
-17
-11
-13
-9
-13
-11
-13
-9
-11
-13
-11
-9
-9
-15
-11
-11
-9
-7
-1
5
13
21
23
25
23
23
9
-7
-25
-31
-25
-29
-35
-31
-29
-91
-107
11
191
285
129
-1
-81
-99
-89
-53
-37
-33
-37
-35
-33
-33
-25
-31
-31
-27
-23
-23
-23
-21
-17
-13
-11
-5
-7
1
7
13
21
29
31
41
43
47
47
35
27
17
7
-5
-17
-21
-19
-23
-25
-25
-25
-21
-21
-23
-23
-21
-17
-19
-19
-19
-19
-15
-15
-15
-17
-17
-17
-15
-15
-13
-9
-3
11
17
17
21
13
3
1
-17
-25
-37
-33
-35
-37
-31
-65
-117
-67
105
297
201
25
-81
-101
-87
-65
-43
-41
-39
-43
-41
-35
-31
-29
-31
-29
-29
-27
-27
-23
-23
-17
-11
-9
-9
-3
1
11
17
25
29
31
41
43
43
41
35
25
11
-1
-3
-13
-13
-17
-15
-15
-17
-17
-15
-19
-17
-13
-17
-11
-13
-13
-13
-15
-13
-7
-13
-9
-7
-1
3
3
15
25
23
25
25
15
7
-11
-17
-27
-27
-25
-27
-23
-33
-103
-109
15
203
307
105
-25
-85
-71
-47
-33
-35
-31
-29
-31
-27
-31
-29
-27
-21
-21
-19
-19
-15
-21
-15
-11
-7
-5
-3
7
13
17
23
33
41
49
47
49
49
43
33
21
9
3
-5
-11
-11
-19
-17
-15
-13
-13
-15
-19
-11
-13
-13
-11
-15
-11
-15
-11
-13
-17
-15
-13
-13
-11
-7
-3
1
5
9
19
23
25
23
17
9
-11
-17
-27
-27
-25
-27
-23
-37
-105
-103
25
213
271
55
-51
-79
-57
-39
-33
-31
-31
-31
-31
-29
-31
-33
-25
-25
-19
-21
-21
-17
-17
-13
-9
-7
-3
1
3
13
15
27
35
41
45
49
49
47
39
27
15
5
-1
-9
-15
-17
-19
-19
-17
-19
-17
-17
-15
-17
-21
-19
-17
-21
-17
-17
-21
-17
-23
-19
-21
-21
-19
-23
-23
-17
-21
-19
-17
-17
-17
-15
-7
-11
-9
-1
15
19
21
19
13
5
-11
-23
-33
-31
-29
-33
-35
-33
-89
-111
-21
139
245
93
-39
-87
-81
-61
-45
-41
-35
-37
-33
-35
-35
-33
-31
-31
-25
-27
-25
-19
-25
-19
-19
-13
-11
-7
-3
3
3
15
21
31
37
37
41
45
41
31
23
9
-1
-13
-19
-21
-27
-27
-23
-27
-27
-23
-25
-25
-31
-31
-29
-25
-25
-27
-31
-27
-31
-29
-31
-31
-27
-25
-29
-25
-29
-25
-21
-17
-11
-9
5
9
5
3
-5
-13
-27
-37
-45
-43
-51
-51
-47
-55
-107
-119
1
171
229
83
-29
-93
-101
-93
-65
-57
-57
-53
-55
-51
-47
-51
-49
-49
-47
-43
-41
-41
-35
-37
-33
-35
-31
-23
-13
-11
-5
1
13
17
17
21
23
23
19
7
-1
-15
-29
-35
-39
-41
-35
-43
-39
-39
-45
-45
-43
-41
-39
-39
-43
-43
-41
-37
-41
-37
-33
-35
-39
-39
-43
-37
-35
-29
-31
-25
-21
-5
-3
1
-3
-7
-11
-25
-39
-49
-51
-55
-53
-51
-45
-83
-127
-89
53
233
221
47
-59
-107
-105
-85
-63
-53
-53
-53
-53
-49
-49
-47
-49
-47
-43
-39
-35
-35
-33
-33
-29
-25
-19
-15
-5
-1
3
13
17
23
29
33
35
33
23
11
-5
-9
-17
-21
-21
-25
-27
-25
-31
-29
-27
-27
-25
-27
-27
-25
-29
-25
-23
-25
-19
-19
-19
-17
-21
-21
-21
-19
-17
-13
-11
-9
-11
-5
11
15
17
21
13
5
-11
-23
-31
-35
-31
-37
-33
-29
-81
-121
-57
105
275
183
-13
-81
-81
-55
-39
-39
-37
-37
-39
-33
-35
-31
-31
-31
-25
-25
-25
-23
-23
-17
-15
-11
-7
-3
-1
5
11
21
31
35
47
49
51
51
41
37
23
13
3
-7
-13
-13
-21
-17
-17
-15
-15
-15
-15
-15
-17
-19
-19
-17
-13
-13
-13
-11
-15
-17
-13
-13
-15
-13
-15
-11
-13
-9
-5
-3
1
9
23
25
25
21
17
5
-7
-19
-27
-27
-29
-27
-21
-43
-91
-91
27
207
229
39
-53
-77
-55
-37
-31
-29
-33
-31
-29
-27
-21
-21
-23
-21
-25
-25
-19
-13
-11
-9
-9
-3
-3
3
9
17
27
31
39
43
47
51
53
51
43
29
13
5
-5
-9
-13
-15
-13
-17
-15
-15
-21
-19
-17
-17
-17
-17
-21
-15
-19
-17
-17
-17
-17
-17
-19
-17
-21
-23
-19
-17
-9
-11
-7
-3
-1
11
17
17
19
15
3
-5
-25
-31
-35
-31
-31
-33
-29
-67
-117
-67
81
251
179
43
-63
-91
-87
-69
-43
-37
-31
-35
-33
-35
-35
-33
-31
-31
-27
-25
-23
-21
-23
-23
-17
-7
-1
1
3
11
15
25
27
39
41
45
45
41
33
23
11
3
-3
-11
-13
-17
-19
-19
-19
-19
-17
-17
-17
-15
-21
-19
-19
-11
-11
-15
-17
-15
-13
-11
-13
-11
-11
-13
-11
-9
-9
-9
-1
7
21
23
23
25
21
15
1
-13
-17
-23
-25
-25
-31
-25
-59
-101
-67
75
251
195
29
-57
-81
-65
-43
-31
-29
-29
-31
-29
-25
-23
-19
-23
-23
-21
-21
-13
-11
-9
-5
-1
-1
5
9
13
17
27
35
41
