-25
-21
-23
-25
-27
-29
-29
-27
-27
-23
-27
-29
-31
-35
-35
-35
-31
-29
-29
-31
-33
-21
-7
-7
-7
19
15
5
-5
-19
-33
-35
-41
-37
-39
-41
-41
-45
-45
-43
-37
-65
-139
-95
205
453
577
381
27
-47
-47
-55
-61
-67
-67
-67
-67
-61
-61
-59
-59
-61
-59
-55
-49
-43
-39
-37
-27
-23
-17
-3
9
25
35
45
53
57
55
53
45
35
15
-3
-15
-29
-39
-39
-41
-41
-39
-39
-39
-41
-45
-41
-39
-37
-35
-37
-37
-41
-45
-41
-37
-37
-37
-39
-41
-43
-49
-45
-43
-43
-43
-45
-45
-49
-43
-23
-13
-19
-9
9
-3
-5
-21
-31
-41
-41
-49
-49
-49
-51
-57
-55
-53
-53
-45
-63
-147
-129
153
421
571
367
5
-59
-53
-61
-69
-73
-71
-69
-69
-67
-65
-65
-69
-67
-61
-57
-53
-49
-43
-39
-37
-25
-11
3
13
23
33
41
45
53
51
43
29
13
-3
-21
-33
-37
-41
-39
-41
-45
-43
-45
-47
-43
-41
-37
-35
-37
-37
-39
-37
-39
-37
-35
-35
-37
-37
-41
-41
-41
-43
-27
-17
-11
-17
-7
7
-1
-3
-19
-31
-39
-43
-51
-49
-49
-49
-45
-47
-47
-45
-41
-99
-153
-61
277
507
575
253
-33
-53
-53
-57
-57
-63
-65
-63
-65
-63
-61
-59
-55
-53
-53
-47
-45
-45
-39
-31
-21
-13
-3
9
19
31
41
53
63
65
65
55
43
25
9
-5
-13
-21
-27
-31
-33
-39
-35
-33
-31
-29
-31
-29
-27
-31
-27
-25
-23
-25
-25
-27
-27
-31
-29
-27
-23
-25
-27
-27
-11
-1
-5
3
25
15
7
-3
-15
-29
-31
-37
-35
-35
-35
-37
-39
-41
-37
-33
-75
-141
-21
279
501
585
331
21
-39
-37
-45
-49
-55
-59
-57
-55
-53
-53
-53
-49
-51
-51
-47
-41
-37
-31
-27
-19
-9
-5
5
21
33
45
55
65
71
63
65
55
39
21
3
-9
-19
-29
-31
-29
-29
-31
-29
-29
-29
-35
-31
-27
-29
-25
-25
-23
-27
-31
-29
-27
-27
-27
-27
-29
-29
-37
-35
-35
-33
-33
-35
-31
-17
-7
-13
-5
19
5
-1
-13
-23
-39
-35
-41
-39
-39
-43
-41
-47
-47
-41
-41
-93
-147
-7
295
513
565
195
-41
-49
-53
-59
-63
-69
-69
-69
-67
-63
-63
-63
-59
-61
-57
-55
-51
-43
-41
-37
-31
-23
-15
-1
15
29
37
47
53
55
55
49
39
25
7
-11
-25
-35
-41
-41
-41
-43
-41
-41
-39
-43
-45
-43
-41
-35
-39
-41
-39
-41
-43
-43
-41
-39
-45
-45
-45
-47
-51
-51
-47
-45
-47
-51
-51
-43
-23
-21
-25
-3
1
-9
-13
-31
-45
-49
-55
-53
-53
-55
-57
-57
-57
-57
-49
-57
-135
-147
81
363
525
497
123
-53
-57
-63
-69
-73
-77
-77
-75
-69
-71
-69
-67
-69
-65
-63
-61
-53
-49
-45
-35
-31
-23
-9
5
19
31
39
47
51
51
49
41
29
9
-5
-19
-31
-37
-39
-43
-37
-41
-41
-39
-43
-41
-41
-37
-31
-31
-33
-35
-37
-35
-35
-31
-29
-33
-35
-33
-37
-35
-37
-35
-33
-31
-15
-5
-13
-7
13
3
3
-11
-23
-33
-35
-43
-43
-43
-39
-41
-43
-41
-43
-41
-75
-143
-57
261
483
571
305
-11
-49
-55
-51
-59
-57
-61
-65
-61
-55
-59
-55
-55
-49
-45
-55
-49
-39
-35
-23
-21
-9
7
11
21
35
47
57
63
69
65
53
37
25
9
-5
-19
-21
-29
-35
-35
-35
-27
-27
-27
-27
-23
-35
-35
-27
-25
-21
-27
-27
-27
-31
-33
-33
-33
-31
-33
-37
-39
-37
-41
-39
-37
-37
-45
-23
-11
-15
-15
5
-3
1
-3
-27
-35
-55
-39
-35
-39
-39
-37
-45
-51
-49
-49
-61
-147
-123
145
413
551
459
89
-55
-51
-51
-61
-67
-67
-71
-73
-69
-69
-59
-63
-65
-59
-59
-59
-55
-47
-37
-35
-27
-17
-9
1
15
29
43
49
59
61
59
45
33
17
3
-13
-25
-29
-37
-39
-37
-39
-33
-37
-35
-37
-41
-39
-41
-47
-33
-55
-45
-31
-41
-43
-29
-35
-27
-35
-37
-37
-43
-45
-43
-43
-37
-41
-41
-43
-43
-17
-9
-21
-5
9
-1
-5
-25
-29
-43
-47
-45
-49
-49
-45
-53
-53
-53
-49
-39
-95
-147
-61
241
475
571
281
-17
-51
-51
-53
-65
-67
-67
-67
-61
-63
-61
-55
-61
-61
-57
-57
-47
-45
-43
-35
-31
-21
-9
1
19
27
37
47
51
55
57
51
43
23
9
-9
-23
-29
-35
-39
-37
-39
-41
-39
-43
-41
-39
-37
-31
-37
-35
-35
-37
-57
-13
-31
-41
-47
-57
5
-63
-13
23
-65
-65
-39
-23
-5
-15
-5
7
-3
-3
-23
-37
-43
-53
-59
-57
-57
-55
-57
-59
-57
-55
-61
-135
-155
31
341
533
505
95
-73
-65
-67
-67
-73
-77
-75
-81
-81
-75
-75
-67
-69
-65
-61
-63
-61
-55
-51
-37
-33
-21
-13
-3
7
19
29
43
41
45
43
23
11
-9
-23
-27
-35
-43
-45
-53
-51
-51
-53
-47
-51
-51
-43
-49
-49
-47
-47
-37
-41
-41
-39
-45
-43
-29
-17
-15
-19
1
-1
-9
-17
-31
-51
-45
-55
-55
-51
-57
-59
-57
-55
-51
-45
-83
-151
-135
143
415
549
477
91
-63
-53
-59
-65
-71
-71
-67
-67
-67
-63
-67
-63
-63
-59
-51
-51
-47
-41
-39
-33
-25
-15
1
11
21
33
37
43
51
53
53
43
27
13
-7
-19
-25
-29
-29
-33
-35
-33
-37
-37
-35
-33
-27
-27
-27
-27
-31
-29
-27
-27
-25
-25
-27
-25
-17
-5
-3
-7
19
15
7
5
-15
-29
-33
-41
-37
-39
-43
-39
-43
-45
-43
-43
-33
-103
-139
29
317
507
559
249
-11
-43
-47
-55
-63
-65
-67
-65
-63
-61
-63
-61
-61
-61
-57
-51
-47
-43
-41
-33
-27
-19
-7
5
21
29
41
51
51
55
53
41
35
13
-3
-13
-27
-31
-33
-35
-29
-31
-33
-31
-35
-33
-31
-31
-27
-29
-31
-31
-37
-35
-33
-35
-29
-33
-33
-35
-37
-39
-31
-17
-5
-13
1
13
-3
-5
-15
-23
-35
-39
-49
-47
-51
-53
-51
-49
-45
-45
-43
-61
-147
-121
165
417
555
469
89
-55
-51
-59
-67
-65
-63
-65
-67
-65
-65
-67
-63
-59
-55
-53
-51
-49
-45
-43
-33
-23
-9
1
11
25
31
41
49
55
59
51
39
25
3
-9
-19
-29
-27
-31
-33
-29
-37
-35
-33
-35
-29
-29
-29
-29
-33
-33
-33
-31
-27
-29
-31
-33
-35
-37
-35
-39
-35
-37
-37
-35
-39
-39
-37
-25
-5
-7
-13
9
7
1
-5
-17
-27
-35
-39
-43
-45
-45
-45
-45
-39
-39
-43
-43
-113
-145
3
307
513
569
225
-35
-47
-53
-59
-63
-59
-63
-63
-61
-63
-65
-61
-57
-53
-51
-51
-45
-47
-41
-33
-25
-13
-3
9
23
29
41
49
55
63
61
51
37
17
-1
-13
-23
-25
-31
-35
-35
-41
-39
-37
-37
-31
-31
-29
-29
-31
-31
-33
-31
-27
-27
-31
-31
-35
-35
-37
-39
-31
-33
-35
-33
-39
-39
-39
-37
-23
-13
-7
-11
-5
13
1
3
-15
-21
-33
-35
-43
-47
-51
-47
-37
-35
-41
-41
-35
-77
-143
-83
237
469
579
367
9
-53
-49
-53
-53
-57
-59
-63
-63
-65
-61
-57
-53
-53
-53
-47
-47
-41
-37
-29
-15
-15
-5
11
15
27
41
49
61
63
61
55
35
19
1
-11
-17
-27
-29
-29
-37
-35
-33
-39
-29
-33
-33
-27
-31
-31
-31
-35
-27
-29
-31
-27
-35
-35
-37
-39
-31
-33
-35
-33
-39
-39
-41
-41
-33
-37
-37
-39
-49
-37
-15
-5
-9
-5
13
5
-7
-19
-23
-37
-41
-39
-39
-39
-43
-45
-45
-47
-39
-37
-57
-139
-125
161
427
561
451
85
-47
-45
-51
-63
-63
-59
-57
-59
-57
-57
-61
-67
-55
-47
-47
-47
-41
-35
-35
-31
-23
-7
3
13
37
51
53
57
61
61
57
43
25
13
-7
-19
-23
-31
-33
-33
-37
-39
-43
-45
-45
-35
-29
-35
-33
-31
-35
-35
-35
-35
-37
-33
-37
-41
-37
-45
-43
-37
-33
-37
-41
-39
-45
-47
-41
-47
-37
-33
-37
-33
-25
-9
-19
-19
11
5
-5
-9
-23
-35
-41
-45
-43
-45
-47
-45
-47
-51
-45
-39
-51
-137
-131
135
411
553
477
85
-49
-45
-55
-63
-67
-69
-67
-67
-65
-61
-63
-59
-61
-59
-55
-53
-43
-41
-37
-27
-25
-11
1
13
29
39
47
53
53
55
49
37
23
7
-9
-21
-33
-41
-47
-47
-45
-45
-49
-51
-51
-51
-53
-49
-45
-41
-41
-43
-49
-49
-49
-49
-45
-47
-51
-51
-57
-61
-57
-51
-53
-57
-59
-57
-61
-59
-63
-63
-59
-57
-43
-29
-37
-47
-23
-19
-11
-17
-43
-63
-63
-71
-65
-63
-61
-69
-69
-65
-67
-61
-103
-171
-125
185
451
577
341
-11
-83
-75
-73
-83
-85
-83
-83
-85
-85
-87
-75
-83
-77
-61
-57
-71
-69
-59
-37
-37
-37
-27
-21
-21
11
19
37
33
31
41
21
-1
-9
-15
-27
-27
-45
-61
-63
-71
-51
-39
-39
-43
-61
-51
-59
-43
-41
-51
-31
-27
-51
-33
-35
-43
-43
-53
-43
-43
-45
-53
-49
-57
-49
-35
-23
-27
-29
-7
-21
-23
-27
-37
-49
-53
-59
-59
-57
-61
-63
-55
-53
-55
-49
-75
-149
-119
181
443
565
417
31
-63
-73
-77
-77
-81
-69
-67
-69
-65
-65
-63
-61
-59
-49
-49
-47
-47
-39
-37
-29
-17
-3
5
15
31
37
45
53
65
67
61
47
35
11
-7
-13
-21
-29
-37
-33
-33
-31
-33
-27
-29
-23
-25
-23
-25
-25
-25
-23
-19
-19
-19
-25
-23
-21
-21
-21
-19
1
11
1
11
27
11
11
-1
-3
-29
-21
-23
-25
-29
-27
-29
-25
-29
-31
-27
-37
-121
-115
133
401
557
447
93
-27
-33
-55
-47
-45
-47
-49
-49
-51
-53
-57
-43
-39
-37
-35
-33
-33
-33
-21
-13
-7
-19
19
41
53
57
71
71
79
75
67
59
29
11
5
-7
-15
-27
-23
-7
-21
-21
-23
-23
-17
-21
-17
-17
-23
-23
-21
-19
-19
-21
-25
-23
-29
-31
-31
-37
-27
-13
-7
-9
-19
11
21
7
-3
-5
-21
-23
-37
-41
-39
-33
-45
-45
-35
-45
-29
-53
-131
-127
81
351
539
457
71
-65
-55
-67
-59
-63
-77
-85
-87
-65
-53
-87
-83
-91
-53
-53
-45
-33
-41
-33
-43
-29
-27
-7
9
5
29
31
35
49
13
85
19
-25
7
-25
-33
-35
-39
-51
-49
-65
-47
-55
-25
-37
-31
-31
-39
-37
-33
-35
-27
-29
-37
-33
-37
-39
-27
-11
-11
-13
1
-5
-7
-23
-27
-43
-49
-55
-61
-53
-63
-57
-75
-69
-53
-59
-31
-137
-167
75
317
531
441
61
-65
-61
-69
-73
-79
-75
-73
-63
-67
-67
-69
-77
-61
-57
-63
-59
-57
-55
-47
-41
-33
-15
5
-1
41
17
19
33
39
47
49
23
5
-3
-19
-27
-45
-13
-39
-49
-47
-45
-55
-51
-65
-31
-33
-57
-53
-51
-87
-1
-39
-37
-15
-13
-19
9
3
1
-5
-17
-31
-35
-39
-35
-69
-65
-55
-49
-47
-49
-51
-63
-113
-183
49
361
537
449
53
-69
-65
-61
-65
-71
-67
-65
-73
-75
-75
-71
-67
-61
-67
-73
-63
-59
-55
-55
-55
-41
-31
-27
-15
-1
5
11
25
27
39
41
31
15
7
-9
-21
-45
-33
-41
-45
-49
-49
-61
-53
-53
-53
-49
-45
-49
-53
-49
-39
-31
-19
-21
-17
-15
-25
-29
-21
-33
-39
-45
-51
-45
-59
-59
-55
-57
-53
-53
-53
-121
-171
-25
321
515
557
203
-49
-57
-63
-57
-65
-69
-61
-47
-49
-55
-61
-47
-45
-43
-35
-33
-27
-27
-21
-21
-9
3
15
27
37
47
61
67
75
77
79
71
59
47
29
25
-3
-3
9
19
27
25
23
23
29
31
37
37
41
41
39
45
61
73
73
65
77
81
67
61
47
43
29
21
17
17
13
13
15
11
11
17
19
-55
-83
103
361
527
525
161
5
7
-3
-15
-15
-21
-17
-19
-25
-19
-27
-25
-19
-27
-19
-23
-25
-23
-25
-17
-5
-3
15
25
31
43
43
49
55
53
49
35
17
5
-9
-21
-37
-23
-39
-43
-45
-39
-49
-57
-49
-47
-41
-49
-43
-39
-31
-25
-31
-19
-13
9
-13
-13
-39
-37
-51
-47
-69
-77
-51
-53
-61
-71
-63
-81
-61
-93
-171
-117
227
465
561
285
-31
-73
-65
-65
-83
-89
-83
-81
-83
-89
-81
-81
-83
-83
-81
-75
-71
-71
-65
-57
-51
-45
-31
-19
-21
-3
7
25
19
23
19
9
1
-15
-31
-35
-57
-51
-53
-59
-47
-49
-55
-53
-57
-53
-51
-51
-47
-49
-41
-27
-25
-27
-23
-9
-7
-15
-17
-27
-45
-51
-53
-57
-53
-53
-51
-45
-53
-51
-43
-57
-137
-125
123
401
531
529
207
-17
-13
-7
-23
-13
-27
-37
-43
-33
-27
-31
-37
-27
-27
-25
-19
-13
-5
3
11
33
37
47
61
79
93
103
107
113
113
101
89
79
67
51
41
37
27
27
31
31
35
33
31
31
25
25
25
27
31
31
39
47
35
37
53
45
45
39
25
15
3
-1
3
9
13
9
-7
-9
-13
-11
-15
-87
-113
27
343
523
543
179
-41
-53
-43
-67
-65
-71
-85
-77
-81
-81
-81
-83
-83
-83
-85
-85
-77
-75
-61
-57
-53
-41
-33
-25
-11
3
9
17
21
23
19
9
-1
-13
-25
-35
-41
-43
-51
-49
-47
-39
-43
-33
-37
-37
-33
-33
-33
-29
-25
-25
-31
-13
15
23
27
25
45
39
31
27
13
-7
-11
-19
-17
-19
-19
-21
-25
-27
-25
-15
-53
-127
-27
305
503
557
293
5
-29
-39
-45
-51
-59
-55
-55
-59
-53
-53
-53
-49
-55
-53
-47
-45
-35
-35
-29
-17
-15
-7
3
13
27
35
43
51
49
47
39
25
15
1
-13
-19
-31
-31
-35
-35
-27
-29
-31
-27
-31
-33
-27
-29
-25
-25
-27
-25
-35
-31
-33
-27
-9
-7
-13
-3
1
-5
-7
-23
-27
-43
-45
-51
-57
-67
-71
-75
-71
-73
-69
-67
-127
-181
-75
245
473
545
237
-45
-89
-91
-97
-101
-99
-103
-103
-101
-105
-107
-103
-101
-95
-95
-91
-91
-91
-85
-77
-69
-55
-49
-37
-25
-19
-11
-1
5
13
11
1
-9
-27
-43
-51
-59
-61
-61
-65
-67
-65
-67
-65
-63
-57
-59
-57
-57
-59
-61
-61
-59
-55
-57
-57
-57
-63
-53
-39
-33
-33
-27
-15
-25
-27
-39
-53
-63
-59
-65
-67
-67
-69
-69
-67
-65
-59
-57
-111
-167
-67
255
477
551
265
-37
-73
-75
-83
-87
-89
-89
-83
-85
-85
-85
-85
-83
-81
-77
-73
-71
-65
-61
-59
-53
-41
-29
-17
-9
5
15
21
27
31
29
25
9
-9
-21
-35
-45
-49
-53
-45
-47
-47
-41
-49
-47
-45
-47
-41
-43
-43
-39
-47
-45
-43
-47
-45
-45
-47
-43
-51
-51
-49
-47
-33
-21
-21
-25
-11
-5
-13
-13
-21
-33
-43
-45
-55
-57
-51
-51
-49
-49
-49
-47
-51
-111
-151
-21
297
493
559
241
-35
-63
-63
-65
-71
-73
-71
-71
-75
-75
-71
-67
-65
-65
-59
-57
-57
-53
-45
-37
-27
-19
-7
1
11
19
29
37
49
49
45
39
19
5
-9
-19
-25
-31
-33
-33
-37
-35
-33
-33
-29
-29
-27
-25
-31
-31
-31
-31
-25
-29
-31
-27
-35
-35
-35
-37
-33
-35
-33
-35
-39
-39
-39
-37
-33
-35
-35
-23
-9
-13
-15
7
7
-3
-7
-15
-33
-35
-37
-39
-33
-37
-37
-35
-39
-39
-31
-77
-135
-59
269
493
575
341
23
-43
-37
-45
-55
-57
-63
-61
-59
-59
-55
-55
-53
-51
-53
-53
-47
-41
-37
-31
-25
-17
-7
-1
11
21
33
41
49
55
55
49
41
25
15
-1
-15
-21
-29
-31
-31
-33
-25
-25
-25
-27
-27
-27
-23
-25
-21
-21
-23
-23
-27
-29
-29
-29
-25
-27
-31
-31
-35
-35
-33
-33
-29
-33
-35
-33
-35
-39
-35
-33
-29
-27
-19
-9
-19
-11
7
-1
-13
-17
-23
-29
-35
-37
-35
-37
-33
-35
-35
-31
-31
-55
-135
-119
183
453
567
469
103
-47
-43
-51
-53
-57
-61
-57
-65
-63
-57
-57
-53
-53
-51
-51
-51
-47
-39
-37
-23
-19
-11
1
9
19
29
37
51
55
55
55
41
27
13
-1
-9
-19
-29
-29
-37
-35
-35
-33
-29
-29
-29
-27
-29
-31
-27
-31
-23
-27
-27
-27
-31
-33
-33
-35
-31
-35
-35
-37
-41
-43
-41
-37
-35
-37
-37
-39
-37
-41
-39
-37
-33
-23
-17
-19
-19
-3
-5
-19
-21
-25
-33
-37
-41
-47
-43
-39
-39
-39
-43
-37
-51
-135
-135
125
425
541
515
119
-49
-49
-59
-61
-61
-63
-67
-67
-69
-67
-65
-63
-55
-57
-55
-51
-51
-45
-39
-33
-21
-13
-3
11
17
23
35
43
51
51
45
35
17
3
-11
-21
-27
-35
-39
-41
-45
-45
-43
-45
-37
-37
-35
-35
-39
-39
-39
-39
-35
-37
-41
-39
-45
-45
-45
-43
-43
-43
-45
-47
-47
-51
-47
-47
-45
-45
-45
-45
-45
-47
-47
-39
-31
-23
-21
-25
-1
-9
-21
-25
-29
-41
-43
-45
-49
-51
-49
-47
-45
-43
-41
-55
-143
-135
131
431
567
449
69
-57
-53
-59
-65
-69
-67
-69
-67
-67
-69
-69
-65
-61
-55
-53
-53
-45
-47
-41
-33
-27
-9
-1
9
27
29
37
43
45
55
49
35
25
3
-13
-23
-35
-35
-39
-43
-41
-45
-43
-45
-45
-37
-39
-41
-35
-41
-41
-39
-41
-37
-37
-41
-43
-45
-47
-45
-45
-43
-45
-47
-47
-49
-51
-47
-47
-45
-47
-35
-19
-23
-29
-5
-9
-9
-23
-33
-43
-51
-55
-53
-53
-49
-53
-55
-53
-51
-63
-139
-143
87
391
549
493
99
-67
-59
-63
-65
-73
-75
-75
-79
-77
-75
-75
-69
-69
-65
-65
-65
-61
-53
-47
-39
-31
-21
-7
-1
11
21
31
45
51
51
49
33
17
1
-15
-23
-35
-43
-45
-53
-53
-51
-51
-43
-45
-45
-45
-47
-45
-45
-45
-39
-43
-45
-45
-47
-51
-51
-49
-45
-49
-49
-49
-55
-55
-51
-53
-47
-51
-51
-51
-57
-47
-29
-25
-27
-11
-7
-15
-23
-31
-43
-53
-49
-55
-55
-53
-57
-59
-55
-53
-49
-117
-155
-23
305
511
565
239
-35
-61
-59
-65
-75
-77
-77
-81
-71
-75
-75
-69
-75
-69
-67
-63
-55
-53
-49
-39
-39
-31
-19
-5
11
17
27
39
43
47
45
35
27
9
-7
-21
-35
-45
-49
-51
-45
-51
-51
-43
-51
-51
-49
-47
-41
-45
-45
-39
-49
-47
-45
-49
-43
-45
-49
-45
-53
-53
-51
-55
-49
-53
-53
-49
-55
-55
-51
-55
-49
-49
-49
-47
-53
-39
-23
-27
-25
-3
-9
-13
-23
-33
-45
-45
-47
-51
-49
-47
-51
-51
-47
-43
-45
-129
-147
93
385
539
519
149
-45
-51
-57
-59
-71
-73
-73
-73
-65
-67
-67
-63
-69
-67
-61
-61
-49
-45
-39
-29
-27
-17
-5
7
25
33
43
53
53
55
53
41
31
11
-7
-17
-31
-37
-41
-41
-37
-41
-39
-37
-43
-43
-39
-39
-33
-35
-33
-31
-39
-39
-37
-37
-31
-39
-37
-35
-41
-41
-39
-43
-37
-41
-41
-37
-47
-43
-47
-45
-37
-39
-37
-35
-43
-41
-39
-41
-25
-13
-11
-17
-9
5
-5
-11
-15
-27
-35
-33
-43
-39
-41
-39
-31
-33
-31
-23
-99
-143
-5
331
525
579
255
-13
-37
-39
-45
-51
-49
-51
-51
-47
-55
-53
-49
-51
-41
-43
-41
-33
-35
-27
-19
-19
3
9
19
33
41
47
61
65
75
73
65
55
31
13
-3
-17
-19
-27
-31
-27
-35
-35
-33
-29
-27
-29
-27
-21
-27
-29
-27
-29
-25
-27
-31
-29
-35
-35
-35
-35
-33
-33
-37
-33
-39
-41
-35
-37
-33
-37
-37
-31
-39
-39
-37
-37
-33
-35
-35
-29
-21
-13
-19
-17
11
5
-7
-15
-25
-39
-35
-43
-39
-37
-41
-43
-45
-45
-39
-57
-141
-129
147
439
567
393
17
-53
-49
-57
-63
-63
-69
-69
-63
-65
-61
-63
-61
-55
-59
-57
-51
-45
-37
-31
-25
-15
-9
7
17
27
43
49
55
63
59
49
37
21
9
-13
-23
-29
-41
-45
-43
-45
-41
-43
-43
-39
-43
-41
-39
-39
-35
-37
-39
-35
-41
-41
-37
-37
-35
-39
-41
-37
-45
-45
-43
-47
-37
-43
-43
-41
-45
-47
-47
-33
-15
-13
-19
3
-1
-7
-13
-25
-33
-37
-43
-41
-45
-47
-45
-45
-39
-37
-51
-125
-145
67
377
541
515
135
-49
-43
-53
-59
-61
-63
-57
-63
-61
-55
-61
-59
-55
-53
-47
-47
-43
-35
-39
-31
-23
-11
3
13
25
39
45
55
63
65
69
55
39
23
-1
-17
-25
-31
-29
-37
-39
-37
-41
-41
-39
-39
-33
-35
-31
-33
-37
-37
-35
-37
-31
-35
-37
-35
-39
-39
-39
-39
-35
-41
-41
-41
-45
-43
-43
-41
-37
-41
-27
-11
-19
-21
5
-1
-1
-15
-25
-37
-43
-47
-47
-43
-43
-45
-43
-45
-43
-51
-123
-147
47
353
539
521
121
-55
-51
-57
-57
-63
-65
-63
-67
-67
-63
-63
-57
-55
-53
-49
-53
-45
-41
-33
-23
-17
-7
5
13
27
39
49
63
65
67
65
49
35
15
-3
-11
-23
-31
-37
-41
-41
-39
-41
-35
-37
-37
-33
-39
-39
-35
-37
-31
-31
-33
-29
-35
-37
-33
-37
-33
-35
-37
-37
-41
-41
-41
-43
-37
-39
-39
-35
-43
-41
-29
-15
-9
-17
5
7
-7
-13
-23
-37
-31
-41
-43
-39
-45
-45
-43
-45
-39
-35
-69
-137
-121
153
427
561
473
87
-51
-47
-55
-61
-63
-61
-61
-61
-61
-61
-63
-61
-59
-55
-49
-45
-43
-39
-37
-31
-19
-9
9
17
29
43
51
57
65
65
61
47
29
13
-7
-19
-29
-37
-35
-37
-39
-39
-43
-43
-39
-43
-37
-35
-35
-33
-37
-37
-37
-37
-33
-35
-35
-33
-39
-41
-39
-41
-33
-37
-39
-35
-43
-39
-41
-43
-35
-37
-41
-33
-25
-13
-15
-19
7
5
-3
-11
-25
-37
-37
-45
-41
-41
-43
-41
-45
-45
-41
-45
-115
-145
9
329
519
557
215
-37
-45
-47
-55
-57
-61
-61
-61
-57
-51
-55
-53
-53
-51
-53
-47
-41
-35
-29
-23
-15
-11
-1
15
29
43
51
61
71
73
69
63
49
33
15
-1
-17
-27
-33
-35
-33
-31
-35
-35
-33
-37
-37
-35
-31
-29
-29
-27
-27
-31
-31
-33
-35
-29
-29
-31
-31
-37
-35
-35
-33
-33
-31
-35
-33
-37
-37
-35
-37
-31
-37
-33
-15
-9
-13
-7
13
9
-1
-11
-15
-33
-35
-39
-43
-35
-39
-39
-33
-41
-37
-41
-109
-145
9
317
523
559
187
-35
-45
-43
-51
-55
-55
-63
-61
-61
-57
-53
-53
-51
-45
-51
-47
-41
-39
-29
-23
-15
-3
3
15
31
41
57
63
67
73
67
57
43
25
11
-5
-19
-25
-35
-39
-39
-39
-33
-37
-37
-35
-39
-39
-37
-33
-29
-31
-33
-31
-35
-35
-35
-37
-31
-33
-37
-37
-39
-41
-39
-39
-39
-37
-37
-41
-41
-43
-39
-39
-37
-39
-37
-37
-41
-35
-15
-9
-15
1
9
-3
-9
-23
-31
-35
-35
-41
-39
-37
-43
-43
-41
-39
-29
-73
-147
-89
239
477
585
305
-9
-45
-47
-51
-61
-63
-63
-63
-57
-57
-55
-51
-57
-55
-49
-47
-39
-37
-33
-23
-21
-11
3
13
33
39
51
61
65
69
67
59
51
31
13
-3
-23
-31
-35
-39
-37
-41
-41
-43
-41
-45
-43
-37
-37
-39
-37
-37
-41
-39
-37
-37
-35
-35
-37
-35
-39
-43
-41
-39
-37
-39
-41
-39
-43
-45
-43
-41
-39
-41
-43
-39
-31
-19
-15
-21
3
7
-7
-13
-31
-39
-39
-45
-41
-43
-43
-43
-47
-49
-45
-43
-95
-145
-43
273
495
573
243
-31
-45
-47
-55
-61
-65
-65
-63
-63
-59
-59
-59
-57
-57
-55
-51
-49
-39
-35
-29
-21
-15
-7
9
21
39
47
55
65
65
63
55
41
31
13
-5
-19
-33
-37
-41
-43
-39
-39
-41
-41
-43
-43
-39
-37
-35
-35
-35
-33
-35
-41
-39
-35
-37
-35
-37
-37
-39
-45
-41
-41
-41
-41
-41
-43
-45
-47
-45
-41
-43
-41
-35
-23
-17
-27
-21
11
1
-11
-25
-31
-45
-45
-49
-49
-45
-47
-49
-49
-49
-47
-53
-131
-145
75
371
549
497
101
-63
-53
-53
-61
-67
-63
-67
-67
-67
-65
-61
-63
-63
-59
-59
-55
-51
-47
-37
-31
-25
-15
-7
7
21
31
49
55
57
61
51
43
31
13
-1
-17
-29
-39
-45
-51
-53
-49
-51
-51
-51
-51
-51
-55
-53
-49
-45
-45
-45
-45
-45
-53
-47
-47
-43
-45
-47
-47
-51
-51
-51
-47
-47
-47
-51
-41
-27
-29
-29
-13
-3
-11
-11
-29
-43
-53
-55
-57
-57
-53
-55
-55
-59
-61
-47
-89
-159
-109
221
491
593
301
-21
-65
-53
-61
-71
-71
-73
-77
-75
-71
-69
-69
-69
-67
-63
-65
-59
-53
-45
-41
-33
-25
-17
-3
11
21
35
45
51
57
53
45
35
17
7
-11
-29
-37
-45
-51
-49
-51
-49
-47
-47
-51
-51
-51
-45
-47
-39
-43
-43
-41
-45
-45
-41
-41
-37
-39
-45
-43
-35
-25
-21
-25
-5
1
-5
-15
-31
-49
-49
-53
-53
-53
-57
-59
-59
-61
-57
-53
-71
-149
-145
47
345
531
559
161
-61
-65
-67
-71
-75
-79
-79
-77
-73
-73
-75
-73
-71
-69
-67
-63
-57
-53
-49
-39
-33
-23
-13
5
19
29
39
47
55
53
51
41
25
5
-11
-23
-33
-47
-47
-49
-49
-47
-49
-51
-47
-53
-49
-49
-45
-45
-43
-43
-39
-47
-43
-41
-39
-39
-39
-39
-41
-33
-21
-15
-19
1
-3
-7
-19
-29
-43
-45
-47
-49
-51
-51
-57
-55
-55
-53
-43
-67
-151
-137
147
419
557
515
137
-55
-57
-59
-67
-73
-71
-71
-67
-67
-69
-67
-67
-65
-61
-55
-53
-51
-45
-41
-35
-29
-19
-3
13
25
39
51
57
59
65
61
51
37
19
-1
-17
-27
-33
-35
-37
-33
-33
-31
-33
-39
-35
-33
-29
-29
-31
-29
-29
-33
-31
-27
-25
-27
-25
-27
-29
-31
-29
-29
-23
-11
-3
-7
-3
15
9
9
-3
-11
-27
-27
-33
-39
-37
-35
-37
-33
-35
-33
-27
-43
-119
-131
105
403
559
521
153
-41
-35
-43
-49
-51
-53
-53
-51
-57
-53
-51
-45
-43
-43
-41
-37
-35
-27
-19
-9
-1
11
23
35
47
57
71
83
83
81
69
51
33
17
3
-3
-11
-19
-25
-29
-27
-27
-27
-21
-23
-25
-23
-27
-25
-21
-21
-15
-17
-21
-21
-21
-21
-21
-19
-17
-17
-21
-21
-25
-25
-27
-27
-21
-23
-23
-25
-17
-5
-1
-5
17
17
9
1
-11
-23
-25
-27
-29
-29
-31
-33
-33
-37
-35
-27
-47
-125
-121
105
387
547
555
185
-33
-39
-43
-47
-53
-63
-57
-57
-57
-53
-55
-53
-51
-55
-49
-45
-43
-33
-31
-23
-13
-9
3
19
29
45
55
65
73
67
67
59
45
27
5
-11
-25
-31
-35
-39
-35
-35
-35
-37
-39
-41
-39
-37
-33
-33
-35
-35
-37
-37
-35
-35
-33
-31
-35
-35
-43
-39
-41
-43
-37
-39
-39
-41
-45
-45
-41
-43
-41
-35
-19
-15
-27
-9
1
-9
-9
-21
-33
-41
-45
-53
-51
-47
-45
-47
-47
-45
-45
-67
-147
-135
129
415
557
471
75
-59
-59
-63
-65
-69
-71
-69
-75
-71
-71
-71
-65
-65
-65
-59
-59
-55
-51
-45
-33
-27
-19
-7
3
15
29
43
55
59
61
55
37
21
5
-13
-21
-31
-39
-45
-49
-51
-49
-49
-43
-45
-45
-45
-49
-45
-45
-45
-39
-41
-41
-41
-47
-45
-45
-45
-41
-47
-47
-47
-51
-51
-51
-51
-47
-51
-49
-47
-55
-53
-49
-45
-35
-27
-29
-29
-9
-13
-27
-35
-29
-39
-41
-43
-51
-51
-47
-47
-43
-45
-45
-39
-87
-151
-97
229
477
587
327
-5
-57
-57
-61
-67
-63
-67
-67
-63
-69
-67
-63
-65
-57
-57
-53
-49
-49
-45
-37
-33
-17
-9
5
25
31
41
51
57
69
65
57
43
21
5
-11
-25
-29
-35
-37
-37
-45
-47
-45
-41
-39
-39
-39
-37
-39
-39
-37
-35
-33
-31
-35
-39
-37
-39
-39
-39
-35
-37
-39
-41
-43
-43
-43
-41
-37
-39
-37
-39
-41
-39
-33
-19
-11
-21
-1
9
-11
-23
-25
-27
-33
-35
-41
-39
-43
-43
-41
-43
-35
-33
-67
-137
-97
221
471
579
377
23
-45
-37
-53
-57
-59
-61
-57
-55
-57
-51
-59
-59
-55
-53
-45
-43
-39
-31
-33
-25
-15
-7
13
25
35
49
55
65
69
69
69
59
39
19
1
-13
-21
-27
-29
-31
-33
-35
-35
-37
-35
-33
-29
-27
-27
-29
-29
-29
-29
-29
-25
-25
-27
-25
-31
-31
-29
-29
-29
-29
-29
-29
-33
-35
-31
-33
-27
-29
-27
-21
-13
-11
-15
1
21
3
-11
-11
-17
-31
-29
-35
-29
-31
-35
-33
-37
-37
-33
-35
-91
-133
1
305
505
569
221
-29
-35
-41
-49
-49
-63
-57
-55
-59
-53
-53
-53
-47
-51
-47
-43
-39
-33
-33
-25
-19
-13
-1
13
27
45
53
63
71
71
69
59
41
33
13
-5
-15
-31
-35
-39
-41
-35
-39
-41
-37
-43
-43
-39
-41
-33
-37
-35
-37
-43
-43
-43
-43
-41
-45
-45
-45
-55
-55
-55
-55
-51
-53
-55
-51
-55
-53
-51
-41
-29
-35
-39
-11
-17
-25
-35
-49
-51
-53
-63
-65
-65
-65
-67
-65
-59
-59
-57
-131
-165
-53
283
509
555
177
-63
-67
-71
-83
-83
-87
-79
-83
-83
-83
-85
-81
-79
-75
-69
-67
-65
-63
-61
-53
-45
-35
-19
-13
3
13
21
29
39
47
53
43
29
13
-5
-23
-31
-41
-43
-49
-53
-51
-51
-53
-49
-47
-41
-43
-43
-41
-43
-41
-37
-39
-33
-31
-35
-33
-35
-37
-37
-21
-5
-9
-13
3
7
-5
-3
-15
-29
-35
-41
-45
-45
-51
-47
-45
-45
-43
-41
-39
-105
-147
-27
319
527
571
239
-31
-45
-51
-55
-59
-59
-57
-57
-61
-59
-59
-57
-53
-47
-43
-41
-35
-37
-29
-19
-11
5
13
21
35
47
61
69
75
83
73
59
43
21
5
-9
-17
-17
-25
-27
-29
-31
-31
-33
-29
-27
-27
-29
-31
-29
-29
-27
-25
-21
-23
-25
-25
-29
-31
-27
-13
1
-1
-3
11
7
-1
-1
-13
-25
-29
-37
-41
-41
-47
-43
-39
-41
-37
-37
-37
-111
-145
59
387
545
541
185
-39
-45
-53
-59
-61
-65
-63
-63
-61
-63
-65
-61
-59
-51
-49
-49
-45
-43
-37
-29
-19
-7
5
17
29
39
47
59
65
69
59
45
31
7
-11
-21
-23
-25
-31
-31
-33
-35
-35
-33
-29
-25
-25
-25
-27
-25
-27
-23
-25
-21
-23
-25
-23
-27
-23
-23
-25
-21
-19
-5
3
-5
-1
19
13
11
7
-3
-19
-21
-31
-29
-25
-21
-23
-29
-31
-27
-23
-35
-119
-89
193
463
575
465
117
-25
-19
-23
-31
-37
-35
-35
-39
-35
-31
-27
-25
-21
-19
-17
-17
-7
1
7
13
13
45
45
79
75
73
83
117
123
117
113
97
77
67
53
43
33
29
25
19
27
23
25
41
25
25
23
27
31
35
35
35
33
35
29
31
37
35
39
41
35
35
33
33
33
31
33
31
33
35
49
61
59
63
85
79
73
65
55
41
41
35
41
37
41
43
41
39
43
53
21
-53
3
327
545
619
427
107
49
45
37
29
25
21
27
21
41
29
27
23
39
49
35
53
27
49
61
77
89
139
141
151
167
177
191
189
189
193
181
167
153
133
111
97
89
77
77
79
83
81
79
79
77
73
79
75
81
79
77
75
73
71
69
71
71
69
61
63
63
57
57
57
55
57
57
53
53
77
91
95
95
93
93
87
87
89
103
103
97
121
119
103
95
79
75
67
65
67
65
77
79
75
73
75
75
47
-33
13
327
529
589
465
159
83
33
23
23
21
23
19
25
23
11
23
17
5
5
5
7
9
9
11
13
21
23
43
47
55
61
69
77
77
73
67
53
31
11
-5
-21
-35
-45
-49
-49
-53
-53
-55
-57
-57
-53
-47
-45
-49
-51
-51
-59
-63
-65
-67
-67
-71
-75
-71
-77
-85
-87
-87
-87
-89
-93
-93
-95
-99
-101
-91
-95
-101
-95
-95
-85
-77
-85
-67
-51
-65
-87
-87
-91
-105
-101
-121
-101
-105
-113
-113
-115
-117
-109
-131
-209
-187
97
389
527
361
-19
-123
-117
-107
-127
-137
-133
-141
-141
-125
-147
-119
-147
-115
-129
-125
-129
-125
-99
-103
-99
-105
-97
-71
-55
-59
-27
-29
-25
-27
-9
-33
-29
-53
-55
-93
-111
-91
-123
-143
-129
-119
-115
-127
-125
-131
-135
-147
-107
-123
-131
-123
-123
-133
-121
-127
-125
-119
-135
-123
-123
-147
-139
-131
-135
-125
-127
-111
-131
-129
-127
-101
-115
-103
-93
-125
-155
-151
-123
-177
-149
-155
-161
-157
-157
-163
-155
-189
-267
-185
149
393
509
201
-105
-161
-145
-149
-169
-163
-157
-167
-161
-177
-171
-129
-177
-153
-151
-129
-129
-113
-139
-141
-105
-99
-87
-93
-69
-45
-47
-43
-31
-31
-39
-49
-65
-75
-95
-125
-135
-139
-147
-165
-151
-149
-175
-163
-151
-133
-155
-163
-169
-157
-153
-159
-151
-155
-153
-153
-155
-149
-157
-155
-153
-141
-131
-143
-109
-125
-131
-125
-123
-155
-163
-169
-171
-141
-181
-173
-161
-131
-171
-169
-155
-221
-259
-93
227
463
493
93
-131
-123
-125
-135
-131
-123
-129
-131
-137
-137
-127
-125
-107
-123
-115
-111
-119
-107
-95
-91
-85
-79
-59
-47
-31
-35
-27
-9
5
1
-1
-15
-21
-47
-61
-85
-83
-97
-95
-91
-99
-93
-99
-105
-95
-99
-93
-99
-89
-101
-93
-85
-83
-87
-97
-93
-95
-101
-93
-89
-77
-65
-71
-69
-59
-57
-55
-63
-65
-95
-101
-91
-103
-105
-111
-99
-103
-95
-99
-93
-103
-195
-193
5
317
517
495
87
-113
-99
-115
-113
-111
-111
-115
-107
-127
-115
-119
-111
-109
-109
-99
-97
-83
-97
-83
-75
-69
-55
-55
-35
-23
-17
-3
9
17
21
19
9
-7
-27
-43
-49
-47
-61
-67
-61
-69
-79
-79
-69
-65
-67
-57
-49
-59
-59
-55
-55
-51
-45
-45
-49
-47
-35
-45
-23
-19
-15
-3
-9
-7
-23
-25
-51
-45
-53
-49
-47
-59
-51
-45
-47
-31
-51
-79
-143
-113
197
465
579
415
33
-45
-39
-55
-53
-61
-63
-59
-59
-59
-45
-55
-53
-39
-47
-37
-45
-29
-27
-25
-13
-7
5
13
57
31
43
59
75
75
67
79
67
33
33
3
13
-11
-19
-11
-9
5
1
-21
-21
-3
-13
-1
-7
-11
5
-1
-15
-5
-1
7
3
3
1
-11
21
11
21
31
39
51
33
27
27
11
5
-7
-9
-3
1
-3
-11
-9
-15
9
-1
-75
-103
35
345
531
599
357
53
1
-5
-11
-13
-21
-11
-7
-21
-23
-15
-15
-11
-11
-3
5
5
1
13
17
15
33
45
55
63
83
87
103
109
105
107
105
107
65
57
53
31
25
21
17
23
19
27
25
15
21
23
27
35
23
23
23
25
21
21
23
31
21
23
19
15
21
17
21
27
23
33
43
33
43
67
63
47
47
41
25
19
7
25
7
15
5
19
9
13
19
-31
-85
-9
305
519
609
415
95
1
11
9
-7
-3
-17
-3
-9
-9
1
3
-9
3
3
5
3
9
21
29
19
33
53
51
59
79
93
97
107
111
115
101
97
93
79
55
45
35
33
17
21
17
23
19
21
21
15
19
21
17
21
21
21
21
25
19
19
13
21
13
17
19
9
15
13
7
23
13
7
15
21
25
37
33
39
59
55
53
35
21
9
9
15
5
5
17
-3
13
3
9
9
-47
-97
5
325
519
589
333
51
15
7
-3
-7
-13
-13
-15
1
-5
-13
-7
-5
-11
5
-5
9
5
11
15
25
35
41
43
63
73
85
89
99
101
101
109
89
75
55
43
31
7
7
3
9
-1
5
3
-1
1
5
3
-1
9
3
1
7
-5
-5
1
3
3
-7
-7
-7
-11
-9
-9
-3
-13
-11
-9
-19
-15
-15
-13
-11
-5
-13
-7
-19
-5
13
7
13
31
39
17
1
1
-7
-21
-15
-21
-17
-13
-33
-23
-19
-13
-15
-87
-139
-11
291
501
573
257
-1
-29
-33
-41
-47
-45
-45
-57
-51
-47
-49
-43
-49
-53
-39
-39
-31
-25
-23
-19
-15
-11
1
17
29
41
45
55
61
63
69
61
57
47
29
11
-3
-17
-25
-27
-31
-27
-29
-31
-25
-33
-27
-29
-31
-27
-29
-33
-29
-41
-29
-37
-37
-31
-45
-39
-47
-45
-43
-49
-43
-49
-45
-57
-51
-57
-51
-39
-65
-23
-39
-39
-35
-25
-13
-25
-49
-35
-53
-73
-59
-75
-81
-75
-73
-73
-71
-73
-75
-137
-183
-93
249
469
551
257
-37
-91
-91
-87
-89
-95
-109
-101
-109
-111
-101
-99
-101
-89
-91
-89
-107
-25
-105
-95
-73
-55
-39
-33
-29
-19
-7
3
19
19
25
17
9
-11
-25
-47
-61
-65
-71
-71
-81
-87
-77
-77
-75
-87
-83
-79
-89
-87
-79
-89
-69
-81
-75
-75
-73
-77
-81
-79
-79
-75
-65
-49
-59
-65
-31
-47
-37
-61
-83
-87
-87
-91
-91
-95
-91
-77
-89
-89
-93
-87
-155
-189
-11
315
505
539
185
-77
-89
-85
-95
-93
-91
-101
-95
-103
-87
-93
-87
-79
-79
-75
-75
-75
-73
-59
-49
-35
-35
-19
-9
5
17
31
35
53
51
43
49
19
17
1
-19
-19
-39
-31
-39
-35
-39
-29
-27
-29
-37
-23
-29
-27
-19
-25
-13
-15
-15
-11
-15
-19
-15
-9
11
9
3
23
25
19
17
3
-3
-13
-11
-23
-21
-25
-23
-19
-13
-13
-19
-15
-89
-121
81
401
551
565
205
-13
-25
-23
-25
-41
-29
-37
-29
-23
-39
-33
-33
-31
-23
-19
-21
-7
-5
5
17
19
39
71
73
91
101
105
115
115
117
115
97
77
57
45
29
21
25
13
11
15
5
1
7
7
7
1
9
5
5
-1
-5
5
7
3
5
3
17
11
33
21
27
37
25
27
9
3
-27
-19
-27
-23
-27
-33
-33
-33
-29
-31
-25
-79
-139
-29
303
503
583
351
13
-49
-49
-55
-63
-69
-73
-69
-75
-65
-73
-67
-75
-69
-63
-59
-59
-53
-51
-47
-39
-31
-23
-7
9
17
25
41
41
37
31
25
15
-1
-27
-43
-47
-55
-55
-57
-51
-63
-57
-63
-61
-61
-61
-61
-53
-55
-63
-55
-59
-59
-61
-59
-53
-55
-43
-27
-29
-39
-27
-15
-27
-25
-41
-49
-65
-73
-71
-73
-73
-75
-75
-69
-73
-79
-71
-113
-177
-101
255
499
575
227
-67
-81
-81
-93
-91
-99
-97
-101
-93
-95
-89
-87
-89
-87
-85
-79
-75
-71
-61
-49
-43
-33
-31
-17
-7
15
25
25
31
33
21
17
3
-15
-25
-47
-59
-51
-67
-71
-67
-63
-67
-63
-69
-39
-71
-65
-59
-71
-53
-53
-37
-33
-51
-49
-37
-55
-41
-47
-51
-49
-33
-25
-29
-25
-3
-11
-25
-17
-37
-61
-59
-61
-59
-59
-59
-61
-69
-65
-61
-53
-81
-155
-117
171
429
541
489
111
-55
-63
-69
-67
-79
-89
-63
-67
-73
-77
-81
-71
-69
-73
-67
-63
-57
-55
-47
-43
-35
-25
-15
-5
19
27
29
37
41
35
33
23
7
-5
-23
-39
-47
-53
-55
-53
-51
-55
-53
-51
-49
-51
-51
-47
-47
-43
-45
-45
-47
-45
-45
-47
-45
-41
-43
-47
-47
-49
-51
-47
-49
-47
-49
-55
-45
-33
-25
-29
-19
-7
-19
-23
-35
-43
-53
-57
-57
-57
-61
-59
-63
-61
-63
-55
-53
-105
-159
-69
265
483
571
343
7
-59
-67
-75
-81
-85
-81
-79
-75
-75
-79
-77
-77
-75
-73
-65
-59
-57
-53
-47
-43
-33
-21
-11
5
21
29
37
45
47
47
41
31
15
-3
-17
-29
-39
-41
-41
-41
-39
-41
-41
-39
-39
-35
-33
-31
-31
-29
-27
-31
-31
-31
-29
-27
-27
-27
-27
-31
-33
-33
-29
-29
-27
-27
-23
-25
-29
-25
-21
-21
-17
-17
-13
-7
-9
7
15
5
29
31
19
13
9
3
1
1
1
1
3
3
3
7
13
21
-19
-85
-3
343
541
609
369
71
21
15
7
1
-3
-3
1
1
3
5
7
5
7
9
11
19
21
27
31
35
43
53
67
83
95
105
111
117
119
119
113
103
85
69
51
45
39
37
33
33
33
33
31
31
31
27
29
35
35
33
31
29
23
27
25
27
23
19
17
9
9
7
5
9
3
1
-3
-3
-7
-1
-3
-3
-5
-5
-1
5
31
63
61
65
77
61
45
45
33
21
19
11
9
27
55
63
57
53
59
57
3
-47
55
387
553
611
339
53
27
13
5
-3
-9
-13
-13
-11
-13
-15
-15
-23
-21
-19
-17
-11
-11
-9
-5
1
7
17
39
53
55
55
61
63
59
55
45
29
11
-13
-29
-43
-55
-57
-61
-63
-63
-67
-69
-67
-75
-73
-69
-73
-69
-69
-69
-71
-77
-77
-75
-59
-51
-51
-53
-53
-65
-65
-67
-73
-71
-75
-51
-41
-47
-45
-47
-49
-43
-47
-49
-55
-65
-61
-61
-59
-49
-55
-53
-35
-53
-75
-71
-77
-89
-89
-97
-97
-103
-103
-101
-105
-101
-103
-101
-163
-215
-83
269
473
535
209
-93
-117
-129
-133
-135
-137
-139
-137
-139
-143
-141
-139
-137
-131
-127
-127
-127
-125
-119
-111
-103
-89
-79
-71
-59
-49
-39
-31
-25
-15
-21
-35
-47
-67
-85
-99
-107
-111
-117
-119
-121
-123
-125
-121
-119
-117
-113
-117
-115
-113
-115
-115
-113
-111
-111
-115
-113
-115
-121
-117
-117
-119
-115
-119
-117
-117
-123
-121
-119
-119
-119
-119
-117
-115
-121
-117
-113
-115
-111
-109
-107
-97
-97
-97
-79
-71
-85
-97
-91
-99
-113
-109
-111
-111
-109
-109
-109
-111
-109
-101
-123
-205
-177
157
435
541
383
-3
-115
-111
-113
-119
-125
-125
-129
-125
-121
-119
-119
-117
-115
-117
-109
-103
-95
-91
-79
-77
-69
-59
-47
-33
-21
-5
5
11
17
17
9
-1
-15
-27
-45
-59
-63
-69
-75
-73
-71
-71
-67
-67
-65
-67
-69
-63
-59
-57
-55
-59
-57
-61
-61
-59
-55
-53
-57
-61
-59
-59
-61
-59
-61
-55
-55
-59
-59
-61
-63
-57
-59
-53
-53
-57
-53
-53
-45
-35
-41
-21
-7
-25
-35
-35
-43
-49
-49
-47
-47
-47
-51
-53
-51
-49
-43
-53
-137
-143
63
385
549
541
177
-43
-49
-53
-59
-65
-65
-63
-61
-59
-59
-61
-57
-55
-59
-55
-51
-43
-41
-35
-29
-25
-17
-3
9
25
31
43
53
57
61
63
55
47
29
13
-3
-17
-29
-33
-33
-31
-35
-35
-35
-37
-33
-33
-31
-31
-31
-33
-31
-33
-37
-35
-33
-31
-35
-35
-33
-37
-39
-37
-37
-33
-35
-37
-35
-35
-39
-37
-35
-33
-25
-27
-11
-13
-21
1
13
-1
-13
-13
-17
-27
-31
-33
-31
-29
-29
-29
-25
-27
-21
-65
-133
-53
291
511
589
333
21
-27
-23
-29
-35
-37
-37
-39
-39
-33
-29
-27
-27
-25
-23
-23
-19
-13
-7
7
11
19
33
41
55
67
79
93
99
103
103
91
83
67
51
37
25
21
11
3
5
25
33
37
33
47
39
35
35
39
43
43
39
41
41
31
31
33
31
33
27
25
25
19
15
15
11
17
13
13
11
5
7
9
15
29
19
25
47
33
15
11
7
-1
-5
-13
-11
-17
-19
-19
-25
-19
-21
-29
-101
-133
69
367
525
567
227
-25
-39
-45
-55
-63
-63
-61
-63
-63
-61
-65
-69
-67
-61
-61
-61
-59
-55
-53
-51
-45
-35
-21
-15
-1
11
19
29
37
41
45
37
21
3
-17
-35
-49
-57
-59
-63
-65
-65
-69
-67
-63
-65
-61
-63
-63
-59
-63
-61
-59
-61
-57
-59
-59
-55
-61
-63
-61
-65
-57
-65
-65
-61
-67
-63
-63
-61
-55
-45
-35
-29
-43
-23
-17
-27
-25
-37
-45
-55
-63
-65
-61
-65
-53
-47
-47
-49
-47
-57
-133
-151
35
341
529
501
115
-61
-65
-69
-75
-77
-83
-81
-85
-83
-81
-79
-77
-75
-73
-75
-73
-71
-63
-55
-47
-41
-31
-21
-9
3
19
27
39
45
41
37
23
5
-11
-21
-27
-37
-41
-45
-49
-51
-49
-47
-43
-47
-45
-43
-45
-41
-39
-41
-35
-35
-35
-33
-39
-37
-33
-31
-27
-31
-33
-33
-33
-41
-39
-37
-27
-27
-31
-31
-35
-37
-29
-9
1
-13
7
15
-1
-3
-13
-21
-11
-5
-7
-3
-7
-7
-9
-7
-3
-1
-25
-103
-89
183
439
565
493
129
-9
-13
-25
-29
-33
-33
-29
-31
-33
-31
-27
-17
-13
-5
3
1
5
7
9
13
21
35
45
59
71
83
93
99
113
121
119
109
91
73
53
35
25
19
19
17
17
13
15
13
17
19
21
23
21
21
23
23
23
25
27
25
21
21
17
15
15
13
17
17
15
13
11
11
9
13
19
15
15
17
13
17
31
39
35
49
61
49
39
27
25
13
13
7
7
9
9
3
3
7
11
5
-75
-91
105
399
561
533
167
1
5
1
-11
-17
-19
-15
-19
-17
-17
-17
-13
-17
-13
-9
-3
3
5
9
17
19
29
41
59
73
83
93
99
105
109
109
101
85
67
43
29
17
11
7
7
7
3
5
1
-1
1
1
7
7
9
9
5
3
3
5
7
7
5
5
1
3
3
3
5
1
-1
-3
-7
-5
-5
-3
-1
-3
1
3
17
15
13
41
43
27
15
11
5
-5
-7
-9
-7
-9
-9
-11
-11
-13
-5
-31
-107
-91
197
451
579
435
75
-17
-11
-19
-27
-29
-31
-35
-31
-27
-27
-25
-27
-21
-19
-19
-15
-9
-7
1
9
15
25
33
47
63
79
91
97
105
107
99
89
75
59
41
27
17
9
-3
-1
-1
1
1
-1
1
-3
-7
-5
-1
-1
5
1
-3
-3
-3
-1
-1
1
-3
-1
-3
-7
-11
-7
-7
-5
-5
-5
-3
-7
-9
-7
-5
-1
1
13
17
7
23
41
29
15
7
5
-3
-7
-15
-13
-9
-9
-9
-11
-11
-7
-13
-87
-121
87
381
537
535
179
-19
-19
-21
-31
-33
-33
-37
-33
-37
-35
-33
-33
-31
-27
-23
-19
-19
-17
-13
-5
5
13
25
39
49
63
73
85
91
91
87
75
59
43
27
11
1
-9
-13
-19
-21
-21
-19
-17
-15
-19
-19
-19
-23
-21
-17
-17
-17
-15
-19
-15
-23
-19
-21
-21
-17
-23
-23
-21
-27
-27
-25
-25
-23
-25
-21
-21
-27
-27
-19
-19
-5
-1
-3
9
21
11
-5
-11
-11
-21
-23
-29
-31
-31
-31
-29
-27
-29
-25
-33
-115
-137
73
377
545
503
121
-39
-35
-39
-45
-49
-51
-53
-53
-55
-59
-53
-51
-47
-47
-45
-43
-39
-37
-31
-23
-13
-3
5
17
29
41
51
59
69
73
67
57
43
25
11
-7
-19
-25
-33
-37
-37
-45
-45
-41
-45
-41
-43
-43
-41
-45
-43
-41
-41
-39
-41
-39
-39
-43
-41
-41
-43
-41
-45
-45
-47
-49
-51
-47
-47
-47
-49
-49
-47
-47
-35
-29
-31
-21
-1
-13
-27
-37
-39
-47
-47
-53
-53
-57
-55
-59
-59
-55
-49
-53
-127
-165
-11
311
509
565
227
-43
-63
-59
-69
-79
-81
-81
-79
-79
-79
-79
-75
-79
-75
-71
-69
-61
-63
-57
-49
-47
-37
-23
-17
3
13
25
35
39
45
49
41
33
17
-3
-21
-43
-49
-55
-63
-59
-63
-63
-61
-71
-67
-63
-65
-61
-59
-59
-57
-65
-61
-59
-59
-57
-57
-55
-59
-65
-63
-59
-61
-59
-63
-57
-43
-39
-37
-35
-13
-19
-23
-35
-49
-65
-65
-71
-65
-67
-71
-69
-71
-73
-69
-65
-133
-167
-19
307
523
527
109
-75
-75
-77
-85
-87
-91
-89
-85
-83
-81
-81
-81
-79
-79
-75
-71
-69
-61
-57
-53
-43
-35
-25
-11
3
17
31
39
49
47
43
37
21
7
-11
-27
-43
-51
-57
-61
-59
-59
-57
-61
-59
-57
-61
-59
-59
-55
-51
-55
-53
-53
-57
-51
-51
-49
-47
-53
-53
-51
-55
-55
-47
-29
-21
-29
-15
-7
-15
-17
-31
-41
-49
-53
-57
-57
-59
-59
-57
-55
-55
-53
-53
-113
-165
-75
261
491
581
325
-5
-51
-57
-61
-65
-65
-61
-61
-61
-63
-65
-57
-51
-47
-43
-39
-35
-31
-29
-21
-13
-1
13
27
45
55
65
75
87
93
89
79
65
43
27
11
-7
-9
-9
-13
-13
-33
-25
-21
-11
-11
-21
-13
-27
-27
-21
-17
-3
1
-11
-3
9
-11
-25
3
-1
7
7
-3
-3
15
31
27
15
45
49
45
51
17
15
7
11
17
15
13
7
5
5
-13
9
13
-51
-99
-3
311
517
603
345
23
5
15
7
-7
-15
-9
-5
-7
-7
-7
-3
1
-9
-5
-5
11
15
19
21
29
37
49
63
75
89
99
113
113
105
117
105
95
69
51
27
27
11
5
7
-15
11
13
3
1
-11
1
3
1
3
1
1
3
-9
-3
-1
-3
-11
-7
-9
-9
-15
-13
-15
3
15
7
19
25
13
11
-3
-13
-25
-31
-39
-35
-41
-41
-43
-41
-45
-43
-39
-91
-155
-49
283
513
583
235
-33
-57
-65
-71
-77
-75
-79
-83
-83
-81
-83
-77
-73
-69
-71
-75
-73
-67
-63
-59
-47
-39
-27
-19
-5
5
11
23
35
43
39
25
7
-13
-29
-43
-49
-59
-67
-75
-75
-77
-81
-77
-75
-73
-73
-75
-69
-73
-77
-75
-75
-67
-73
-71
-75
-75
-75
-73
-73
-73
-77
-79
-73
-83
-75
-77
-79
-77
-59
-49
-61
-57
-39
-49
-51
-55
-71
-83
-85
-89
-91
-93
-91
-87
-85
-87
-87
-83
-133
-189
-109
215
467
563
353
-9
-99
-99
-99
-105
-111
-111
-115
-109
-113
-111
-109
-107
-103
-101
-103
-99
-99
-87
-79
-69
-57
-49
-35
-27
-11
-3
15
19
29
29
21
7
-11
-27
-45
-63
-69
-77
-75
-79
-85
-85
-81
-81
-73
-77
-83
-77
-75
-75
-75
-71
-73
-81
-71
-67
-77
-85
-73
-71
-73
-73
-89
-75
-73
-81
-87
-81
-73
-77
-77
-79
-79
-77
-75
-73
-73
-75
-73
-67
-55
-43
-53
-43
-31
-27
-45
-49
-63
-71
-73
-75
-75
-75
-73
-73
-77
-71
-69
-81
-163
-167
113
407
559
407
29
-67
-71
-71
-77
-83
-81
-81
-91
-77
-79
-81
-75
-69
-71
-73
-61
-53
-53
-57
-43
-29
-21
-9
1
13
27
33
47
49
51
47
41
31
11
-13
-25
-37
-49
-53
-53
-51
-53
-51
-53
-55
-55
-53
-51
-47
-49
-51
-51
-51
-53
-53
-51
-47
-51
-51
-53
-55
-61
-59
-59
-55
-57
-59
-59
-63
-67
-65
-65
-59
-63
-63
-61
-65
-63
-57
-45
-35
-43
-35
-17
-33
-41
-47
-55
-61
-63
-67
-67
-73
-75
-73
-71
-67
-65
-81
-165
-167
71
381
557
495
81
-83
-77
-83
-87
-89
-89
-87
-89
-89
-89
-91
-89
-87
-87
-79
-75
-75
-71
-69
-65
-55
-41
-33
-19
-7
5
15
23
33
37
41
35
21
7
-11
-29
-43
-49
-51
-59
-61
-61
-61
-65
-59
-59
-57
-55
-57
-55
-55
-55
-51
-51
-47
-47
-49
-49
-51
-55
-55
-55
-47
-51
-49
-33
-27
-33
-25
-5
-9
-11
-29
-43
-53
-53
-61
-59
-55
-55
-55
-57
-57
-55
-51
-111
-147
-47
281
507
587
281
-27
-53
-51
-59
-63
-63
-65
-67
-63
-63
-59
-55
-55
-51
-51
-51
-43
-39
-29
-25
-19
-9
1
11
23
41
51
63
71
77
79
69
61
45
27
13
1
-13
-15
-27
-29
-29
-33
-25
-27
-25
-25
-29
-27
-21
-21
-19
-17
-17
-19
-19
-17
-15
-11
-13
-15
-13
-5
5
7
9
31
23
19
11
-9
-17
-21
-31
-23
-23
-27
-25
-29
-31
-35
-29
-51
-119
-79
227
483
591
405
61
-27
-31
-35
-39
-51
-47
-43
-47
-41
-43
-39
-35
-41
-35
-31
-31
-25
-19
-11
-5
1
11
23
33
53
61
73
79
87
81
77
67
53
35
17
3
-7
-19
-23
-15
-19
-23
-17
-15
-15
-21
-23
-23
-21
-17
-17
-25
-13
-13
-17
-21
-7
-23
-15
-15
-19
-19
-9
-5
5
9
13
23
17
5
9
-3
-19
-17
-23
-33
-33
-29
-35
-31
-21
-29
-35
-65
-139
-101
191
463
589
419
65
-39
-43
-51
-57
-59
-55
-57
-61
-55
-57
-45
-59
-59
-35
-43
-49
-39
-39
-39
-25
-19
-15
13
27
39
33
57
57
75
81
59
53
43
15
1
-17
-23
-21
-23
-29
-27
-33
-37
-37
-33
-19
-33
-25
-29
-31
-33
-23
-23
-25
-19
-29
-25
-31
-27
-27
-27
-31
-23
-27
-29
-33
-33
-25
-7
-3
-3
-3
13
-1
1
-11
-13
-27
-31
-37
-37
-33
-37
-43
-35
-33
-31
-31
-91
-141
-3
307
523
587
253
-17
-41
-49
-53
-57
-55
-55
-59
-59
-53
-57
-53
-51
-51
-43
-43
-45
-35
-33
-31
-17
-11
7
15
25
39
49
59
71
73
69
63
47
33
7
-9
-15
-21
-25
-27
-29
-31
-31
-33
-31
-29
-25
-25
-23
-21
-27
-25
-25
-21
-17
-19
-33
-21
-19
-33
-27
-15
-15
-21
-25
-21
-29
-23
-29
-19
-25
-19
-21
-21
-15
-29
-17
-11
9
-1
13
13
21
21
13
7
-1
-13
-13
-19
-19
-21
-15
-11
-11
-15
-11
-19
-99
-109
115
413
571
565
187
-3
-17
-19
-21
-25
-23
-23
-25
-19
-21
-19
-15
-11
-7
-5
-1
11
1
17
25
31
47
57
71
87
99
105
119
127
137
127
117
115
87
69
59
49
47
39
35
41
39
33
39
43
47
43
47
49
45
49
45
47
63
59
57
57
51
51
55
51
53
57
53
57
45
51
53
53
55
53
51
49
53
51
55
59
63
67
79
73
77
95
93
77
73
65
57
55
49
47
47
47
51
45
47
47
43
-29
-61
129
427
577
559
183
37
37
31
19
27
21
17
19
13
13
15
17
19
15
19
21
19
19
23
31
41
47
55
71
79
93
99
113
135
133
127
117
91
73
55
35
27
17
7
7
-7
-3
-7
-11
-5
-7
-13
-11
-17
-19
-23
-23
-19
-23
-27
-29
-33
-35
-41
-39
-35
-41
-41
-39
-49
-51
-51
-55
-51
-57
-55
-55
-55
-59
-43
-43
-49
-29
-21
-35
-49
-55
-61
-73
-73
-77
-79
-77
-81
-83
-85
-81
-77
-95
-173
-167
51
341
521
489
87
-99
-97
-105
-107
-115
-113
-111
-119
-113
-111
-115
-115
-113
-111
-107
-103
-101
-99
-93
-89
-85
-73
-57
-47
-31
-21
-11
-5
1
1
5
-3
-21
-39
-61
-77
-87
-95
-101
-99
-97
-105
-101
-111
-105
-93
-97
-95
-103
-95
-89
-99
-97
-93
-87
-91
-83
-77
-87
-109
-109
-99
-99
-75
-91
-91
-95
-99
-103
-91
-79
-57
-75
-73
-51
-57
-57
-69
-79
-83
-85
-97
-93
-105
-99
-103
-99
-93
-91
-87
-133
-191
-101
223
459
551
331
-27
-93
-105
-105
-107
-123
-101
-99
-109
-99
-99
-107
-99
-91
-93
-79
-75
-91
-81
-75
-61
-59
-43
-31
-17
-5
9
21
17
37
41
37
25
9
-17
-35
-41
-49
-55
-65
-63
-49
-49
-69
-55
-61
-61
-57
-57
-53
-55
-53
-51
-49
-47
-51
-49
-53
-53
-57
-55
-53
-51
-53
-59
-51
-53
-51
-45
-47
-47
-51
-45
-27
-23
-27
-19
-1
-5
-9
-21
-31
-47
-47
-49
-51
-45
-49
-47
-47
-45
-43
-57
-135
-133
95
409
569
543
175
-5
-5
-3
-9
-11
-11
-19
-17
-17
-13
-5
-1
11
19
11
13
13
13
27
27
33
41
47
61
71
83
97
103
109
113
107
93
85
63
43
29
11
3
-9
-17
-17
-17
-19
-17
-23
-25
-27
-31
-29
-29
-29
-25
-31
-31
-35
-39
-35
-37
-37
-41
-49
-43
-49
-55
-53
-57
-53
-57
-59
-63
-61
-65
-65
-63
-63
-55
-41
-43
-49
-35
-31
-43
-39
-55
-69
-75
-81
-85
-85
-81
-83
-85
-85
-85
-81
-121
-191
-137
191
451
573
293
-49
-103
-97
-107
-109
-113
-115
-121
-117
-117
-117
-115
-109
-113
-111
-105
-107
-105
-101
-91
-83
-75
-67
-55
-45
-33
-19
-7
3
11
15
9
-1
-21
-37
-49
-65
-75
-89
-95
-97
-101
-99
-95
-95
-95
-95
-95
-91
-99
-95
-91
-93
-91
-89
-93
-93
-99
-95
-95
-99
-95
-97
-101
-97
-105
-103
-99
-95
-99
-99
-99
-97
-105
-97
-97
-83
-71
-73
-69
-51
-61
-61
-69
-79
-95
-97
-103
-103
-103
-103
-103
-95
-97
-93
-97
-189
-205
33
323
535
493
69
-105
-99
-107
-109
-111
-117
-127
-119
-117
-111
-113
-119
-107
-103
-103
-107
-97
-99
-93
-87
-77
-63
-49
-39
-33
-15
-3
5
17
19
17
15
-1
-11
-33
-41
-69
-69
-77
-79
-81
-83
-91
-85
-87
-77
-81
-83
-77
-77
-73
-73
-77
-75
-71
-71
-71
-69
-79
-69
-73
-67
-65
-77
-69
-77
-73
-73
-71
-67
-71
-59
-41
-45
-43
-27
-31
-29
-35
-53
-63
-65
-79
-69
-71
-61
-65
-71
-67
-63
-67
-139
-163
1
319
537
577
191
-65
-69
-65
-61
-79
-79
-81
-69
-75
-67
-79
-67
-59
-67
-63
-59
-57
-49
-47
-37
-29
-21
-11
3
13
31
45
55
65
61
65
61
43
35
15
-1
-7
-25
-31
-41
-39
-39
-39
-33
-37
-29
-29
-37
-39
-27
-27
-31
-25
-23
-27
-27
-29
-21
-27
-27
-25
-27
-21
-29
-37
-19
-5
7
-1
7
23
11
11
-3
-11
-15
-21
-25
-25
-37
-31
-31
-23
-29
-25
-19
-61
-135
-41
301
529
617
361
21
-25
-27
-43
-43
-43
-43
-41
-43
-39
-33
-39
-45
-35
-33
-23
-27
-23
-15
-13
-5
5
23
29
43
53
67
77
81
89
99
83
69
53
37
23
15
-1
-3
-11
-9
-11
-11
-13
-11
-7
-7
-3
-7
-3
-3
-7
-3
-3
-9
1
5
-7
-1
-3
-5
-5
-9
-1
1
-5
-7
-9
-7
3
15
25
21
27
35
21
29
13
7
-5
-13
-11
-7
-15
-15
-7
-7
-7
-3
-23
-103
-71
225
491
617
415
51
-7
-13
-27
-27
-31
-27
-31
-29
-23
-29
-27
-31
-23
-15
-19
-15
-13
-7
-7
9
17
29
39
55
67
67
85
93
101
109
97
89
71
43
31
15
7
9
5
-9
-7
-3
-3
-11
-1
-3
1
3
-1
-1
-5
3
5
-3
7
3
11
1
-7
1
-1
-3
-3
-1
-1
-7
-11
-5
-5
-5
-7
-5
-9
-5
-9
-5
-5
-3
-3
1
15
17
17
29
33
33
23
9
-5
-7
-13
-13
-13
-11
-11
-11
-11
-5
-3
-61
-115
-13
315
537
617
373
47
-17
-17
-21
-27
-33
-35
-33
-45
-41
-31
-35
-33
-31
-25
-27
-27
-21
-11
-5
1
3
13
29
37
47
63
79
87
87
99
89
79
67
49
43
17
-1
-11
-7
-13
-15
-17
-17
-7
-11
-11
-17
-11
-13
-7
-5
-1
-7
-9
-15
-15
-11
-9
-13
-13
-11
-11
-19
-29
-9
-9
-19
-15
-13
-15
-17
-19
-21
-23
-15
-11
-15
-23
-23
-19
-15
-25
-11
-7
-5
-3
-9
-1
23
21
7
-3
-7
-13
-15
-23
-23
-33
7
-19
-27
-33
-21
-19
-75
-133
5
341
539
601
275
-7
-27
-29
-31
-41
-43
-45
-45
-49
-45
-43
-37
-41
-39
-39
-35
-33
-29
-27
-17
-11
-1
7
17
29
41
51
67
75
77
81
73
61
51
35
19
-1
-13
-21
-29
-27
-23
-27
-21
-23
-21
-17
-21
-21
-17
-21
-17
-15
-19
-19
-21
-23
-21
-23
-21
-25
-17
-23
-27
-23
-23
-25
-19
-21
-25
-23
-27
-23
-23
-23
-19
-13
7
13
-25
-19
13
15
5
-5
-11
3
-27
-29
-27
-23
-23
-23
-25
-19
-21
-21
-41
-119
-107
185
467
591
475
101
-37
-27
-27
-35
-41
-47
-39
-39
-41
-43
-41
-33
-35
-31
-33
-31
-27
-21
-17
-7
-1
11
19
25
41
57
67
77
83
91
85
73
61
43
27
7
-5
-13
-19
-25
-25
-23
-23
-23
-23
-23
-23
-27
-23
-19
-19
-17
-19
-19
-19
-21
-23
-19
-17
-21
-23
-25
-23
-27
-25
-27
-27
-27
-25
-23
-23
-27
-11
5
-3
7
21
19
11
-1
-13
-15
-23
-29
-27
-27
-25
-25
-25
-27
-13
-33
-111
-107
151
451
593
493
107
-27
-13
-17
-25
-31
-29
-33
-23
-25
-25
-15
-21
-17
-11
-11
3
9
7
13
13
35
43
53
71
81
93
97
117
121
127
129
123
117
91
77
55
43
41
37
37
33
33
31
31
35
37
35
39
45
45
45
45
45
49
51
55
51
53
53
71
47
55
57
47
67
81
83
73
101
99
95
103
71
47
83
57
43
53
53
59
45
35
45
49
55
-39
-47
149
445
575
615
313
45
61
43
35
29
21
31
29
13
17
19
35
31
35
27
45
37
37
29
43
51
51
77
85
73
117
119
129
129
131
137
117
111
83
69
59
37
35
7
9
-1
11
-1
19
13
-15
21
3
-5
-5
-3
19
-7
-17
9
-17
-11
-21
-7
-11
13
-3
-31
5
11
-23
-9
23
25
17
-1
-25
-61
-65
-45
-41
-25
-51
-47
-69
-67
-19
-83
-115
-165
-137
117
407
545
427
17
-89
-73
-55
-101
-99
-111
-113
-115
-77
-115
-93
-109
-81
-123
-87
-79
-101
-87
-53
-103
-73
-59
-41
-27
-17
-9
3
-11
21
17
-11
9
-39
-61
-61
-53
-85
-121
-81
-111
-115
-101
-89
-109
-107
-119
-117
-101
-113
-77
-103
-111
-95
-121
-115
-109
-107
-101
-109
-99
-111
-111
-97
-113
-119
-115
-107
-91
-87
-93
-73
-63
-83
-89
-99
-105
-117
-125
-113
-127
-123
-119
-119
-117
-119
-117
-155
-217
-155
171
447
565
317
-53
-123
-119
-123
-131
-131
-133
-137
-129
-127
-127
-127
-129
-125
-127
-119
-125
-115
-113
-99
-71
-75
-65
-59
-53
-27
-15
-1
7
23
19
-1
-1
-19
-35
-53
-69
-77
-81
-89
-89
-95
-83
-85
-87
-75
-81
-75
-81
-81
-71
-69
-71
-69
-69
-73
-73
-65
-71
-61
-57
-45
-41
-55
-45
-25
-29
-33
-41
-61
-65
-75
-71
-77
-87
-65
-81
-79
-73
-79
-79
-131
-187
-77
253
503
581
257
-67
-85
-77
-97
-109
-123
-115
-93
-93
-103
-105
-111
-91
-95
-93
-87
-101
-81
-75
-73
-75
-59
-35
-35
-11
-1
9
25
21
41
31
19
9
-15
-21
-29
-23
-71
-93
-65
-79
-73
-71
-61
-83
-79
-75
-77
-79
-65
-69
-61
-69
-67
-61
-83
-69
-63
-67
-61
-57
-83
-55
-71
-67
-35
-43
-55
-27
-37
-27
-53
-51
-67
-63
-73
-77
-83
-83
-85
-79
-99
-71
-55
-79
-159
-157
155
433
589
439
69
-55
-51
-63
-65
-69
-63
-77
-69
-83
-63
-73
-71
-69
-63
-59
-61
-57
-65
-49
-43
-35
-31
-23
-3
7
23
39
39
45
49
39
37
29
9
-9
-11
-31
-35
-25
-25
-45
-21
-25
-15
-21
-15
-31
-17
-9
-23
-21
-5
-23
-49
-25
-17
-35
-31
-29
-35
-47
-45
-39
-35
-35
-57
-45
-59
-37
-43
-23
-29
-41
-9
-15
-17
-41
-61
-67
-57
-79
-77
-71
-83
-89
-73
-69
-77
-85
-131
-183
-81
279
513
543
219
-67
-113
-115
-95
-121
-119
-109
-131
-103
-107
-133
-123
-109
-123
-113
-113
-103
-107
-113
-101
-83
-79
-75
-47
-37
-29
-15
-13
-3
7
-19
-1
-11
-19
-45
-63
-69
-97
-71
-79
-103
-91
-79
-73
-109
-63
-85
-99
-73
-51
-81
-103
-85
-85
-77
-65
-91
-61
-65
-99
-93
-85
-65
-55
-53
-65
-37
-61
-69
-35
-77
-93
-79
-91
-71
-99
-99
-91
-87
-61
-79
-93
-151
-185
-17
291
509
587
269
-61
-85
-91
-97
-89
-89
-97
-99
-93
-97
-95
-89
-83
-93
-81
-87
-85
-69
-69
-57
-55
-39
-27
-15
-5
9
21
17
33
43
41
29
21
3
-5
-27
-39
-39
-39
-45
-43
-45
-47
-43
-37
-43
-39
-39
-33
-35
-39
-31
-27
-19
-15
-17
-19
-15
-15
-5
11
9
15
29
21
21
15
3
-7
-15
-13
-21
-13
-17
-15
-27
-27
-19
-13
-9
-67
-111
-9
305
525
611
407
63
-11
-19
-21
-27
-21
-21
-21
-19
-21
-11
-11
-23
-3
-7
-5
3
13
13
17
27
41
51
73
87
87
101
113
113
121
117
109
95
77
53
37
35
31
25
31
29
27
29
25
21
29
27
33
27
31
31
25
27
33
29
37
29
33
33
23
27
43
53
57
57
63
67
57
47
35
29
21
11
9
11
5
3
7
7
5
7
1
-67
-101
67
371
559
609
293
17
-7
-9
-25
-25
-27
-29
-29
-29
-29
-27
-31
-27
-23
-21
-19
-19
-19
-15
-7
-3
15
23
37
45
61
63
67
77
85
83
69
61
39
11
-3
-13
-17
-17
-21
-27
-31
-29
-35
-35
-25
-25
-27
-35
-41
-31
-41
-43
-39
-35
-43
-39
-43
-43
-53
-41
-41
-39
-49
-43
-27
-21
-27
-27
-9
-19
-17
-33
-43
-61
-59
-61
-65
-69
-63
-61
