-21
-21
-17
-17
-15
-15
-15
-15
-13
-15
-15
-15
-13
-19
-17
-15
-9
-9
-5
-1
3
9
7
9
5
-3
-15
-19
-21
-25
-27
-27
-25
-25
-23
-25
-21
-21
-27
-17
49
237
455
173
-161
-129
-53
-27
-27
-23
-27
-25
-25
-21
-19
-21
-17
-15
-13
-11
-11
-11
-3
-3
3
7
11
13
17
19
17
17
15
15
15
13
3
-5
-13
-17
-23
-23
-27
-25
-27
-27
-31
-29
-23
-21
-23
-21
-23
-19
-19
-23
-19
-19
-19
-21
-21
-19
-19
-21
-19
-15
-15
-9
-11
-3
1
1
7
9
13
1
-7
-15
-19
-23
-25
-23
-27
-25
-25
-23
-23
-23
-19
-27
7
103
337
413
-5
-171
-93
-35
-23
-23
-27
-23
-21
-17
-17
-17
-15
-15
-13
-11
-9
-5
-3
5
3
7
9
15
21
23
23
25
23
27
25
23
17
9
5
-5
-13
-19
-23
-21
-21
-23
-21
-21
-21
-21
-23
-19
-19
-19
-19
-17
-19
-15
-19
-17
-17
-17
-17
-15
-17
-17
-17
-17
-17
-17
-15
-13
-5
-3
3
5
3
13
11
17
5
-1
-7
-15
-17
-17
-21
-19
-21
-21
-21
-19
-17
-15
-27
-7
67
265
459
117
-169
-111
-37
-21
-21
-21
-23
-19
-19
-17
-13
-13
-13
-9
-11
-7
-5
-1
3
5
9
13
13
21
21
23
25
27
23
27
21
21
13
5
-3
-13
-15
-17
-21
-21
-21
-23
-21
-21
-23
-21
-21
-19
-21
-21
-17
-17
-15
-21
-19
-17
-19
-19
-19
-17
-19
-21
-23
-21
-19
-21
-19
-21
-15
-19
-19
-13
-7
-5
3
-1
3
9
13
3
-3
-9
-11
-19
-23
-23
-25
-19
-25
-25
-21
-21
-19
-21
-25
25
167
389
299
-101
-161
-73
-33
-27
-25
-25
-23
-23
-23
-23
-21
-19
-17
-17
-11
-13
-9
-7
-5
-1
3
3
7
11
11
15
13
17
15
11
17
9
3
-1
-11
-15
-19
-29
-29
-27
-29
-31
-33
-29
-27
-31
-27
-25
-29
-29
-27
-25
-25
-29
-25
-27
-27
-29
-33
-29
-31
-29
-29
-27
-29
-31
-27
-29
-27
-27
-25
-19
-19
-11
-13
-5
-3
-9
-9
-15
-11
-21
-29
-31
-29
-31
-31
-29
-29
-31
-27
-33
-27
27
181
407
139
-165
-147
-55
-29
-27
-27
-25
-23
-21
-23
-21
-21
-17
-13
-13
-11
-7
-5
-3
-1
3
7
11
13
15
13
17
17
15
15
13
13
9
3
-5
-13
-19
-25
-25
-31
-31
-35
-31
-31
-33
-27
-29
-33
-31
-33
-31
-29
-33
-31
-29
-35
-37
-37
-33
-35
-35
-33
-35
-37
-37
-39
-37
-35
-35
-33
-25
-27
-19
-17
-5
-13
-5
-11
-17
-29
-31
-39
-35
-41
-41
-39
-33
-41
-37
-39
-37
-37
19
149
375
197
-145
-195
-109
-53
-39
-37
-35
-35
-35
-35
-31
-29
-27
-23
-21
-21
-23
-21
-15
-11
-9
-7
-5
1
-1
-1
3
3
1
1
-1
-3
-3
-3
-9
-9
-15
-21
-25
-31
-29
-33
-35
-31
-27
-27
-25
-25
-23
-19
-21
-19
-21
-21
-21
-19
-21
-23
-27
-23
-29
-25
-15
-17
-11
-7
-3
1
3
-7
-15
-27
-31
-35
-35
-39
-39
-41
-37
-39
-39
-39
-35
-45
-7
107
345
241
-143
-191
-99
-49
-43
-41
-39
-39
-41
-37
-33
-35
-33
-27
-29
-27
-23
-21
-19
-17
-11
-9
-3
-1
-1
-1
3
1
-3
-3
-1
-5
-7
-13
-15
-21
-29
-31
-35
-35
-35
-35
-35
-33
-33
-33
-33
-29
-29
-31
-27
-27
-25
-25
-25
-29
-29
-31
-29
-31
-29
-27
-29
-25
-19
-15
-9
-9
-9
-3
1
-3
-11
-23
-27
-31
-33
-35
-35
-37
-35
-37
-37
-35
-31
-39
-21
61
253
427
55
-189
-123
-53
-37
-33
-35
-35
-35
-33
-29
-29
-29
-27
-25
-23
-19
-19
-17
-11
-7
-7
-3
1
5
5
9
13
11
7
9
5
5
5
-5
-11
-17
-23
-31
-33
-33
-29
-35
-31
-33
-33
-33
-33
-31
-29
-31
-29
-27
-29
-29
-27
-29
-31
-29
-27
-31
-31
-29
-23
-19
-13
-13
-7
-3
-1
-1
-5
-13
-21
-27
-33
-31
-35
-35
-37
-37
-37
-35
-33
-27
-43
-7
73
299
375
-21
-193
-111
-53
-39
-43
-39
-37
-37
-35
-35
-33
-31
-29
-27
-27
-23
-17
-17
-17
-9
-11
-5
-1
5
7
9
11
9
5
7
9
5
-1
-7
-11
-21
-27
-25
-33
-31
-31
-31
-35
-35
-31
-29
-29
-29
-25
-29
-25
-27
-29
-21
-25
-25
-23
-23
-21
-17
-15
-9
-1
5
7
9
5
-3
-13
-19
-27
-27
-27
-27
-29
-33
-31
-31
-27
-25
-29
-31
21
149
387
245
-119
-189
-99
-47
-31
-27
-29
-27
-23
-23
-19
-17
-17
-17
-17
-9
-9
-9
-3
1
1
5
9
9
15
17
19
19
15
13
13
13
13
9
3
-3
-9
-17
-23
-25
-25
-27
-27
-27
-27
-27
-23
-25
-19
-17
-17
-15
-17
-17
-17
-15
-17
-17
-21
-17
-13
-9
-7
-3
3
5
7
13
7
-3
-11
-17
-23
-25
-27
-27
-27
-29
-25
-25
-21
-23
-31
1
93
313
407
5
-181
-95
-37
-25
-27
-29
-27
-27
-23
-23
-21
-19
-15
-13
-11
-7
-5
-1
3
5
7
15
15
19
23
25
27
27
27
25
25
23
17
9
3
-5
-11
-13
-17
-15
-17
-17
-11
-15
-11
-15
-13
-13
-11
-13
-13
-13
-11
-11
-11
-11
-11
-11
-7
1
1
5
11
11
13
15
17
9
-3
-11
-17
-17
-19
-19
-19
-19
-19
-17
-19
-13
-15
-19
31
157
395
281
-105
-157
-67
-27
-17
-17
-15
-19
-17
-13
-11
-13
-7
-7
-3
-3
-3
3
5
9
11
13
15
21
23
29
27
29
33
33
29
27
23
17
11
-1
-5
-11
-15
-19
-19
-17
-17
-19
-17
-15
-17
-17
-15
-13
-15
-15
-15
-11
-13
-11
-7
-1
1
9
13
13
15
17
11
1
-7
-15
-21
-21
-23
-25
-23
-23
-21
-21
-21
-15
-23
-11
61
241
439
133
-161
-133
-49
-25
-21
-19
-19
-17
-17
-13
-15
-9
-11
-7
-7
-3
1
5
5
11
15
19
21
23
29
31
33
31
29
33
31
25
17
11
1
-7
-15
-15
-17
-19
-17
-19
-17
-15
-21
-17
-15
-17
-17
-13
-15
-15
-15
-13
-17
-17
-15
-15
-19
-21
-17
-15
-17
-17
-11
-5
-5
5
3
9
15
11
17
7
-3
-11
-13
-19
-21
-21
-21
-21
-23
-23
-21
-21
-19
-23
-19
33
171
399
225
-129
-153
-63
-25
-19
-21
-21
-21
-17
-17
-15
-13
-11
-13
-9
-7
-3
-3
1
5
9
9
15
15
19
23
25
27
27
27
29
23
23
17
11
3
-5
-11
-15
-17
-19
-19
-19
-21
-19
-21
-21
-19
-21
-19
-19
-19
-17
-19
-19
-19
-19
-19
-21
-21
-19
-21
-21
-21
-23
-21
-21
-21
-19
-21
-23
-21
-23
-19
-15
-13
-3
-3
3
7
5
5
-5
-13
-19
-25
-29
-29
-27
-29
-29
-31
-27
-27
-25
-29
-23
47
205
421
119
-171
-145
-61
-29
-27
-29
-29
-25
-27
-23
-23
-19
-21
-15
-13
-17
-13
-9
-7
-5
-1
-1
9
9
11
13
11
13
13
9
11
9
9
7
-3
-7
-13
-19
-23
-27
-27
-29
-31
-25
-25
-23
-21
-23
-21
-21
-19
-19
-17
-19
-17
-19
-21
-21
-21
-21
-23
-23
-23
-23
-25
-19
-15
-7
-7
-3
3
5
9
1
-5
-17
-23
-29
-31
-29
-31
-35
-33
-33
-31
-31
-29
-29
-35
7
139
381
199
-155
-179
-83
-41
-35
-35
-33
-31
-29
-25
-23
-27
-23
-23
-19
-19
-15
-13
-9
-9
-5
-3
1
5
7
11
9
9
7
7
5
5
3
-1
-7
-17
-21
-29
-31
-33
-33
-35
-33
-33
-35
-31
-33
-33
-31
-27
-25
-25
-27
-23
-25
-27
-29
-27
-27
-29
-29
-29
-29
-29
-29
-29
-29
-27
-29
-29
-29
-27
-27
-25
-21
-17
-15
-9
-5
1
1
5
-1
-7
-15
-23
-29
-31
-31
-29
-31
-33
-33
-31
-29
-25
-39
-9
63
257
415
47
-179
-129
-53
-31
-29
-33
-33
-33
-31
-29
-27
-25
-25
-23
-21
-21
-19
-17
-13
-9
-9
-7
-1
1
7
7
9
13
13
11
9
9
9
5
-3
-11
-17
-25
-29
-33
-33
-31
-35
-37
-31
-33
-35
-31
-33
-31
-33
-29
-31
-31
-33
-29
-31
-31
-33
-35
-31
-35
-37
-35
-33
-35
-35
-35
-35
-35
-35
-35
-33
-33
-29
-19
-19
-15
-15
-11
-13
-15
-19
-17
-23
-29
-35
-35
-35
-33
-31
-33
-33
-29
-35
-29
29
167
393
211
-145
-167
-71
-37
-33
-35
-33
-29
-27
-29
-29
-25
-23
-25
-25
-21
-15
-15
-13
-11
-7
-5
-1
1
7
7
11
11
13
13
11
11
9
5
-3
-9
-17
-25
-31
-33
-31
-35
-39
-35
-35
-35
-37
-37
-31
-31
-33
-33
-33
-31
-33
-31
-29
-31
-33
-33
-31
-33
-33
-31
-31
-35
-33
-35
-31
-31
-31
-31
-33
-31
-31
-33
-31
-31
-33
-41
-45
-49
-31
-25
-25
-31
-25
-27
-27
-27
-25
-23
-19
-17
-29
9
97
281
409
21
-187
-117
-39
-21
-19
-23
-19
-23
-21
-19
-19
-17
-13
-17
-13
-11
-11
-9
-5
-5
1
1
3
5
11
13
13
15
15
15
13
15
11
7
-1
-9
-15
-21
-25
-29
-31
-29
-31
-31
-27
-29
-29
-27
-25
-27
-25
-25
-25
-25
-25
-31
-27
-27
-27
-29
-27
-29
-27
-31
-27
-29
-27
-27
-27
-27
-29
-27
-29
-27
-29
-27
-27
-27
-31
-43
-43
-39
-27
-25
-25
-29
-21
-23
-23
-23
-21
-19
-19
-15
-23
23
121
339
325
-71
-181
-83
-31
-19
-17
-21
-23
-19
-13
-19
-17
-15
-15
-11
-13
-9
-7
-7
-3
-1
1
3
5
7
13
9
7
7
7
7
5
5
-1
-3
-7
-15
-23
-25
-27
-27
-29
-29
-29
-29
-27
-25
-21
-21
-23
-25
-21
-23
-21
-23
-25
-23
-23
-23
-27
-27
-25
-27
-27
-23
-23
-27
-27
-27
-25
-23
-25
-23
-23
-25
-25
-25
-25
-27
-37
-39
-29
-19
-19
-21
-23
-13
-19
-19
-15
-17
-15
-11
-19
13
99
279
399
-3
-189
-139
-49
-21
-17
-15
-11
-13
-13
-13
-13
-11
-11
-7
-5
-5
-7
-3
3
1
3
5
9
7
7
7
5
1
1
-1
-1
-1
-3
-5
-9
-13
-19
-23
-25
-25
-23
-27
-23
-21
-21
-23
-19
-19
-21
-21
-19
-19
-21
-23
-21
-21
-25
-25
-25
-25
-27
-27
-25
-25
-27
-25
-27
-27
-25
-27
-27
-27
-25
-25
-25
-27
-23
-23
-23
-27
-37
-37
-39
-21
-19
-19
-19
-13
-17
-17
-17
-13
-13
-9
-15
17
105
299
411
-9
-177
-89
-21
-15
-11
-13
-13
-11
-13
-11
-7
-7
-7
-7
-5
-1
-1
3
7
5
11
9
15
19
19
19
17
17
13
13
11
9
5
-1
-7
-13
-15
-19
-21
-23
-21
-19
-21
-23
-19
-21
-15
-17
-17
-15
-13
-17
-19
-19
-17
-17
-19
-19
-17
-17
-21
-21
-21
-19
-19
-19
-19
-21
-19
-19
-19
-17
-17
-15
-15
-19
-17
-19
-15
-21
-29
-31
-27
-9
-15
-11
-11
-5
-11
-9
-9
-5
-5
-3
-7
35
139
349
353
-53
-167
-69
-15
-7
-9
-7
-5
-5
-5
-5
-5
-1
1
3
1
3
5
7
11
9
13
19
21
19
23
21
23
23
19
17
15
15
9
5
1
-3
-13
-17
-19
-23
-25
-27
-21
-25
-21
-21
-17
-19
-19
-21
-21
-19
-19
-21
-21
-23
-21
-23
-25
-21
-23
-25
-25
-27
-25
-25
-27
-25
-25
-25
-19
-23
-23
-19
-25
-19
-21
-23
-17
-29
-39
-33
-19
-15
-15
-21
-17
-11
-15
-11
-11
-7
-9
-11
55
185
403
201
-147
-167
-75
-21
-9
-11
-7
-7
-5
-7
-3
-3
-3
-3
1
1
5
3
7
9
11
13
13
13
15
13
13
13
7
5
3
1
5
3
-1
-3
-9
-17
-17
-21
-21
-25
-21
-21
-19
-21
-19
-19
-13
-13
-13
-15
-15
-15
-15
-19
-21
-19
-23
-23
-21
-21
-25
-25
-23
-23
-21
-23
-21
-23
-23
-21
-21
-23
-23
-19
-19
-21
-19
-21
-29
-35
-35
-15
-15
-15
-17
-11
-11
-13
-13
-7
-7
-13
-5
59
221
439
165
-167
-145
-51
-17
-13
-11
-11
-11
-9
-7
-7
-5
-7
-5
-3
-3
-3
1
1
3
7
9
9
11
13
17
17
17
13
15
13
11
9
11
1
5
-15
-7
-11
-25
-13
-21
-23
-21
-23
-21
-29
-19
-23
-13
-17
-11
-17
-13
-15
-15
-11
-17
-23
-21
-21
-25
-19
-21
-19
-21
-19
-21
-23
-19
-21
-19
-21
-21
-19
-23
-17
-21
-19
-21
-21
-19
-7
-3
-5
-13
-21
-25
-17
-19
-17
-13
-23
-17
51
215
429
187
-155
-155
-61
-21
-21
-23
-23
-21
-21
-19
-17
-17
-15
-15
-9
-11
-9
-9
-5
-3
1
1
5
9
9
11
11
13
13
11
11
9
5
3
-1
-9
-17
-21
-23
-25
-29
-33
-31
-29
-29
-29
-27
-25
-25
-25
-25
-25
-23
-23
-23
-25
-25
-25
-27
-25
-27
-27
-25
-25
-27
-27
-27
-19
-15
-11
-5
-1
3
3
5
-1
-9
-21
-23
-27
-31
-31
-31
-33
-33
-31
-27
-27
-29
-35
7
103
323
319
-49
-187
-113
-51
-35
-31
-31
-31
-29
-27
-25
-27
-23
-23
-17
-21
-17
-13
-11
-9
-9
-3
-1
1
3
9
11
11
7
7
7
5
5
3
-1
-7
-11
-21
-27
-33
-31
-33
-35
-35
-33
-33
-31
-29
-29
-27
-27
-25
-23
-25
-25
-27
-25
-25
-25
-31
-31
-27
-29
-29
-27
-27
-25
-17
-13
-9
-5
1
1
5
-9
-15
-25
-27
-31
-33
-33
-33
-37
-35
-35
-33
-31
-29
-37
-27
35
205
411
123
-173
-163
-71
-37
-35
-33
-33
-31
-31
-29
-27
-23
-25
-21
-19
-19
-15
-13
-11
-5
-3
-5
3
7
9
9
9
11
11
9
7
5
5
-1
-7
-9
-19
-25
-29
-31
-35
-33
-33
-33
-33
-33
-31
-27
-27
-27
-25
-23
-25
-23
-25
-25
-25
-27
-25
-29
-29
-31
-31
-29
-27
-29
-27
-27
-29
-27
-29
-19
-17
-13
-9
-5
3
1
3
-3
-9
-21
-27
-31
-31
-37
-35
-37
-35
-37
-35
-33
-33
-33
-37
5
105
315
315
-53
-193
-117
-51
-41
-35
-33
-35
-35
-33
-29
-29
-31
-29
-23
-23
-19
-19
-17
-13
-11
-7
-7
-7
3
5
3
5
3
5
3
1
1
-3
-9
-11
-23
-27
-33
-35
-33
-35
-41
-37
-37
-35
-35
-31
-31
-31
-27
-27
-27
-27
-27
-27
-27
-27
-29
-31
-27
-29
-27
-27
-29
-29
-27
-27
-23
-27
-21
-13
-15
-11
-5
5
7
13
7
-1
-9
-17
-25
-27
-27
-25
-27
-27
-27
-27
-25
-25
-23
-29
17
115
325
343
-53
-197
-133
-53
-31
-25
-23
-25
-21
-19
-21
-17
-17
-13
-11
-11
-11
-3
-1
-1
1
5
11
11
11
15
17
15
13
11
11
9
9
7
1
-5
-9
-15
-19
-25
-31
-27
-25
-25
-25
-23
-21
-21
-19
-19
-17
-17
-17
-15
-19
-19
-17
-19
-21
-21
-23
-21
-21
-23
-23
-25
-21
-21
-19
-11
-7
-3
-1
1
9
7
11
3
-1
-13
-19
-21
-23
-23
-25
-25
-23
-23
-23
-23
-21
-27
-15
49
225
445
197
-151
-143
-59
-29
-21
-21
-23
-25
-19
-19
-17
-17
-15
-11
-11
-9
-7
-5
-1
1
5
9
13
15
19
21
25
23
21
25
21
17
13
7
-1
-9
-13
-19
-23
-23
-25
-27
-25
-27
-25
-23
-25
-23
-23
-21
-19
-19
-17
-17
-19
-17
-19
-21
-21
-19
-19
-21
-21
-21
-25
-21
-23
-21
-21
-19
-23
-17
-11
-9
-3
-1
9
9
13
7
1
-7
-15
-21
-23
-21
-25
-25
-27
-27
-23
-25
-19
-23
-25
25
153
375
331
-81
-173
-77
-33
-27
-27
-25
-23
-27
-21
-17
-19
-19
-15
-13
-11
-11
-7
-3
-1
1
5
9
13
15
21
25
25
27
27
27
23
23
19
11
1
-9
-17
-15
-19
-23
-21
-21
-21
-23
-23
-21
-19
-21
-17
-19
-17
-19
-19
-19
-19
-17
-17
-15
-19
-19
-17
-19
-19
-21
-17
-17
-17
-19
-17
-19
-17
-19
-17
-15
-15
-15
-17
-17
-13
-5
-5
3
5
3
1
1
-1
-1
-5
-11
-17
-13
-13
-15
-13
-13
-11
-9
-15
29
151
391
279
-125
-151
-51
-19
-15
-17
-13
-13
-13
-11
-7
-9
-7
-7
-3
1
3
5
5
9
13
13
19
21
25
29
33
31
31
29
31
29
21
15
9
-1
-9
-15
-15
-17
-17
-17
-19
-19
-19
-17
-17
-17
-17
-15
-15
-17
-15
-17
-15
-17
-17
-15
-15
-17
-17
-19
-17
-17
-19
-19
-17
-17
-17
-19
-19
-15
-17
-15
-17
-15
-17
-17
-15
-15
-15
-19
-27
-33
-27
-11
-13
-13
-13
-5
-7
-11
-13
-9
-3
-1
-7
