-41
-29
-27
-25
-23
-21
-19
-17
-13
-11
-9
-5
1
3
11
19
25
31
43
55
67
75
83
87
87
85
73
53
27
5
-11
-21
-31
-37
-41
-41
-43
-43
-37
-37
-37
-37
-35
-33
-33
-35
-35
-35
-33
-37
-33
-33
-35
-27
-19
-15
-13
1
9
1
-5
5
-7
-25
-39
-39
-41
-39
-41
-39
-39
-37
-37
-37
-33
-35
-89
-111
1
235
327
109
-59
-131
-77
-33
-21
-23
-21
-21
-15
-13
-11
-9
-5
-1
1
5
11
17
23
27
39
49
59
65
77
83
85
85
83
67
49
23
7
-11
-23
-31
-35
-37
-37
-37
-35
-31
-31
-29
-31
-29
-29
-27
-27
-27
-29
-27
-29
-27
-25
-17
-11
-7
-5
9
15
7
7
11
1
-21
-29
-31
-29
-27
-29
-29
-27
-25
-25
-23
-19
-43
-101
-57
145
339
199
-23
-115
-103
-33
-15
-11
-11
-9
-5
-1
1
3
5
11
15
19
21
29
35
41
51
59
69
79
91
97
103
105
103
95
77
57
31
13
-1
-15
-21
-23
-25
-27
-23
-21
-19
-17
-19
-19
-19
-21
-19
-19
-17
-15
-15
-19
-17
-17
-9
1
3
13
21
15
11
21
11
-3
-21
-27
-27
-23
-23
-23
-23
-21
-19
-19
-15
-37
-97
-45
153
355
237
-13
-115
-105
-33
-17
-13
-15
-13
-11
-11
-9
-3
-3
-5
3
5
5
11
17
25
39
45
53
65
75
81
81
85
81
73
55
35
9
-13
-21
-33
-35
-39
-43
-43
-43
-41
-35
-37
-35
-33
-33
-35
-35
-35
-35
-37
-37
-37
-37
-29
-17
-21
-17
-1
-1
-13
-7
-9
-21
-43
-49
-49
-45
-53
-47
-45
-45
-45
-47
-35
-59
-117
-81
99
331
259
-21
-127
-125
-31
-21
-27
-29
-29
-29
-23
-23
-21
-19
-17
-13
-13
-9
-7
-7
-3
1
11
19
31
41
51
55
59
59
51
37
15
-9
-33
-47
-63
-67
-75
-77
-79
-77
-73
-75
-77
-73
-69
-65
-63
-61
-55
-53
-53
-47
-41
-35
-23
-17
-17
-1
5
3
-3
3
-9
-25
-35
-37
-35
-33
-37
-35
-35
-31
-35
-31
-33
-79
-113
-11
237
339
91
-75
-127
-59
-25
-17
-27
-21
-21
-17
-15
-11
-9
-7
-3
-5
5
7
13
17
23
33
35
47
57
71
81
83
85
83
69
49
29
9
-7
-19
-25
-29
-29
-29
-25
-23
-23
-17
-17
-15
-15
-15
-13
-9
-9
-11
-9
-5
-7
3
13
9
19
31
23
13
17
15
-3
-23
-27
-29
-33
-37
-35
-33
-31
-33
-35
-31
-61
-115
-51
143
329
209
-59
-149
-107
-33
-17
-15
-13
-11
-9
-5
-3
-1
1
7
11
13
15
21
27
29
33
41
51
55
59
57
53
43
35
25
3
-21
-43
-61
-77
-85
-95
-99
-99
-93
-95
-91
-87
-81
-79
-75
-69
-67
-65
-63
-59
-55
-51
-41
-31
-31
-19
-7
-5
-11
-1
-7
-17
-37
-39
-35
-35
-37
-35
-33
-29
-25
-25
-21
-39
-91
-57
109
323
259
-7
-109
-99
-27
-17
-21
-21
-19
-17
-15
-9
-11
-7
-5
-1
1
5
9
11
19
23
33
39
47
53
57
57
57
53
45
29
5
-17
-33
-49
-57
-65
-67
-67
-69
-67
-63
-61
-59
-55
-53
-51
-51
-51
-47
-49
-49
-45
-33
-29
-29
-17
-7
-13
-17
-13
-21
-35
-53
-59
-61
-61
-63
-61
-65
-61
-63
-61
-55
-59
-115
-121
7
267
279
-1
-129
-123
-45
-37
-47
-45
-45
-37
-33
-35
-31
-29
-25
-21
-17
-19
-13
-7
-1
5
13
25
33
43
51
53
51
51
41
27
3
-19
-35
-49
-59
-67
-69
-71
-71
-71
-65
-63
-61
-61
-59
-57
-53
-53
-49
-51
-45
-33
-21
-15
-11
5
5
-5
-5
-9
-21
-41
-45
-47
-49
-49
-49
-49
-45
-47
-49
-43
-79
-129
-61
163
321
145
-69
-135
-97
-47
-41
-43
-47
-41
-37
-35
-25
-17
-15
-9
-3
3
5
11
13
17
21
29
39
51
57
63
67
67
67
53
37
15
-3
-21
-31
-39
-43
-47
-45
-47
-47
-45
-43
-39
-39
-35
-35
-33
-33
-29
-27
-17
-9
-9
-1
17
21
7
9
7
-9
-27
-37
-39
-41
-45
-45
-43
-43
-45
-43
-41
-55
-111
-95
57
261
231
-9
-103
-119
-55
-37
-33
-39
-37
-33
-31
-27
-27
-23
-19
-13
-13
-5
-1
5
13
23
31
41
51
59
63
65
69
65
57
37
19
-3
-17
-29
-37
-43
-47
-53
-53
-55
-57
-57
-59
-55
-57
-55
-55
-51
-47
-43
-39
-31
-29
-15
-5
-11
-19
-15
-25
-41
-53
-59
-59
-59
-59
-59
-59
-57
-57
-53
-59
-113
-125
5
231
281
49
-77
-119
-71
-39
-27
-27
-25
-17
-15
-13
-11
-5
-7
-1
5
7
9
7
15
21
21
25
35
41
45
43
43
43
35
19
-3
-25
-43
-59
-65
-71
-73
-75
-75
-73
-73
-71
-69
-65
-63
-65
-59
-55
-51
-41
-29
-29
-19
-1
3
-9
-5
-9
-19
-39
-43
-45
-41
-41
-39
-37
-41
-35
-33
-35
-91
-115
-33
199
313
109
-45
-111
-69
-35
-21
-25
-23
-21
-19
-17
-13
-7
-7
-1
1
5
7
15
21
29
39
45
59
67
75
79
85
85
83
63
51
33
11
-9
-11
-15
-13
-13
-15
-9
-19
-13
-13
-21
-31
-37
-41
-39
-33
-27
-19
-21
-9
3
-1
-1
7
-5
-25
-39
-41
-41
-41
-39
-41
-39
-37
-35
-37
-41
-95
-109
21
267
329
61
-99
-137
-59
-23
-11
-13
-13
-7
-1
1
5
-1
1
-1
-1
3
5
7
15
21
29
43
57
67
77
85
87
85
69
53
35
11
-9
-27
-31
-33
-37
-43
-39
-37
-35
-31
-27
-27
-19
-15
-11
-5
7
19
21
33
49
43
29
35
9
-11
-37
-41
-43
-47
-49
-53
-53
-55
-53
-49
-47
-87
-137
-59
157
309
117
-67
-133
-103
-47
-33
-39
-41
-41
-37
-37
-33
-31
-25
-23
-19
-15
-7
1
11
19
33
49
63
79
89
95
99
99
91
75
51
29
11
-3
-13
-19
-25
-25
-29
-33
-33
-35
-35
-37
-33
-29
-29
-23
-13
-1
-1
11
31
35
21
29
25
13
-11
-19
-23
-25
-27
-29
-29
-33
-33
-35
-31
-63
-119
-63
147
347
217
-15
-105
-109
-43
-23
-13
-11
-9
-3
1
7
5
9
13
13
13
21
23
29
31
37
41
45
55
63
71
73
75
71
59
35
15
-7
-19
-29
-37
-39
-37
-37
-37
-33
-29
-27
-25
-19
-19
-15
-15
-7
3
7
7
23
33
15
9
19
5
-13
-29
-33
-31
-35
-35
-35
-35
-35
-33
-33
-49
-113
-75
125
341
221
-11
-115
-109
-45
-25
-17
-17
-11
-9
-5
-1
3
7
11
15
19
23
27
35
41
47
59
65
77
85
89
91
91
87
73
49
25
3
-7
-21
-27
-33
-33
-35
-35
-35
-31
-29
-31
-31
-27
-27
-25
-25
-19
-5
-7
-3
13
17
1
1
1
-7
-31
-37
-41
-39
-41
-43
-39
-39
-39
-37
-33
-57
-117
-73
139
349
211
-25
-123
-123
-55
-31
-27
-25
-23
-19
-17
-13
-11
-9
-5
-1
1
5
11
17
21
31
39
51
61
65
71
73
71
63
53
33
11
-15
-29
-39
-45
-49
-51
-49
-51
-49
-49
-43
-45
-41
-39
-39
-37
-39
-31
-27
-19
-23
-11
5
-3
-19
-9
-17
-27
-49
-49
-53
-55
-55
-55
-53
-51
-51
-47
-45
-87
-127
-25
227
347
105
-69
-141
-95
-49
-29
-29
-23
-25
-21
-15
-9
-7
-3
1
5
9
13
17
27
31
41
53
65
73
79
83
83
81
73
57
31
9
-9
-21
-29
-35
-37
-37
-39
-41
-35
-35
-31
-33
-31
-29
-27
-25
-23
-21
-21
-13
-5
-7
7
19
9
1
11
1
-15
-29
-33
-33
-33
-31
-33
-33
-31
-29
-29
-27
-67
-109
-31
177
351
163
-51
-135
-105
-47
-25
-21
-19
-15
-15
-11
-9
-5
-1
1
5
9
13
19
27
33
43
51
65
75
87
91
93
93
85
65
45
21
-1
-19
-27
-33
-35
-39
-37
-39
-37
-35
-33
-31
-31
-31
-31
-29
-27
-27
-27
-27
-29
-29
-23
-17
-13
-13
3
13
3
1
9
-7
-29
-41
-43
-41
-43
-43
-41
-41
-41
-39
-37
-45
-105
-95
63
289
307
35
-103
-153
-79
-47
-35
-33
-29
-29
-25
-21
-19
-19
-13
-11
-9
-3
1
7
15
21
31
45
51
63
71
73
75
73
61
43
17
-7
-25
-39
-49
-57
-59
-59
-59
-61
-59
-57
-55
-57
-53
-53
-51
-51
-49
-47
-49
-49
-49
-49
-51
-51
-51
-51
-51
-41
-35
-35
-23
-9
-15
-23
-11
-27
-51
-59
-63
-63
-61
-63
-61
-63
-61
-59
-59
-59
-95
-137
-49
191
335
91
-97
-167
-97
-59
-49
-49
-43
-39
-37
-35
-31
-27
-25
-21
-17
-13
-9
-3
5
9
21
31
43
51
57
61
63
59
49
31
7
-17
-37
-51
-61
-61
-65
-65
-67
-65
-65
-61
-59
-59
-59
-57
-55
-55
-55
-55
-53
-55
-53
-55
-53
-53
-55
-57
-55
-53
-55
-53
-47
-37
-35
-33
-17
-5
-17
-13
-11
-27
-47
-55
-57
-57
-53
-55
-53
-53
-51
-53
-45
-47
-107
-111
41
285
303
49
-89
-149
-89
-51
-37
-35
-29
-27
-25
-21
-15
-15
-7
-3
-5
1
7
17
21
29
39
51
65
73
89
93
97
95
93
75
51
27
9
-7
-17
-27
-29
-31
-33
-33
-29
-29
-29
-27
-27
-27
-25
-23
-23
-19
-19
-19
-21
-21
-19
-19
-19
-19
-21
-21
-17
-17
-13
-7
3
1
9
23
27
17
27
11
-13
-21
-25
-25
-25
-27
-27
-25
-25
-25
-23
-25
-67
-105
-23
183
345
149
-57
-135
-135
-63
-33
-21
-15
-11
-13
-7
-5
-1
3
5
9
15
21
25
33
39
47
59
71
83
93
101
103
103
97
81
59
35
15
-5
-17
-27
-33
-37
-39
-39
-41
-39
-39
-33
-37
-35
-35
-33
-33
-33
-33
-31
-33
-35
-35
-37
-39
-39
-37
-35
-37
-37
-35
-35
-35
-25
-15
-19
-3
7
-1
-3
5
-11
-35
-43
-47
-47
-47
-47
-49
-47
-47
-45
-43
-47
-87
-125
-27
197
339
117
-61
-149
-125
-69
-47
-41
-37
-37
-33
-31
-27
-23
-21
-21
-15
-11
-7
-1
5
13
21
29
41
53
63
69
75
75
69
55
35
9
-13
-33
-45
-53
-57
-61
-61
-61
-61
-63
-61
-57
-59
-59
-55
-55
-53
-53
-51
-51
-53
-53
-55
-53
-55
-57
-55
-55
-55
-55
-53
-53
-47
-41
-29
-31
-25
-9
-7
-19
-7
-17
-39
-53
-57
-57
-59
-55
-57
-57
-57
-53
-55
-51
-61
-117
-115
37
285
279
19
-111
-149
-77
-55
-45
-41
-39
-35
-35
-27
-25
-23
-21
-15
-11
-7
-3
3
13
19
29
41
57
67
75
79
83
77
67
47
25
-3
-21
-33
-43
-47
-55
-53
-53
-53
-53
-51
-51
-49
-45
-45
-45
-45
-43
-39
-41
-41
-39
-37
-39
-37
-39
-37
-37
-37
-35
-35
-33
-27
-17
-13
-11
7
13
1
5
9
-13
-31
-37
-37
-39
-37
-37
-39
-37
-35
-33
-31
-31
-75
-109
1
227
343
121
-79
-155
-137
-63
-31
-21
-15
-15
-9
-7
1
1
5
5
11
17
21
25
35
43
53
61
75
89
97
103
107
109
103
89
69
45
23
3
-11
-21
-27
-33
-33
-35
-35
-35
-35
-33
-33
-33
-29
-29
-27
-29
-27
-27
-27
-27
-27
-29
-29
-29
-29
-27
-29
-23
-13
-7
-7
5
11
3
-1
5
-3
-23
-35
-39
-37
-39
-39
-39
-37
-37
-37
-37
-33
-67
-117
-23
201
341
153
-45
-133
-135
-67
-41
-31
-27
-25
-23
-21
-17
-15
-13
-9
-5
-1
3
7
13
21
27
39
51
63
73
83
87
87
83
71
51
29
3
-15
-29
-41
-47
-49
-49
-51
-51
-49
-49
-47
-47
-47
-45
-47
-47
-45
-43
-41
-45
-43
-43
-45
-47
-45
-47
-45
-43
-35
-25
-25
-17
-7
-7
-19
-11
-17
-33
-51
-51
-53
-53
-51
-51
-49
-49
-49
-49
-45
-65
-125
-73
131
319
201
-27
-129
-133
-65
-45
-39
-37
-33
-31
-29
-27
-23
-21
-19
-13
-11
-7
-1
5
11
19
29
39
51
61
71
77
79
77
71
53
29
5
-13
-29
-41
-49
-51
-53
-55
-55
-53
-51
-53
-51
-49
-47
-49
-49
-47
-45
-47
-47
-47
-45
-47
-49
-47
-47
-47
-49
-41
-31
-25
-27
-13
-5
-11
-17
-9
-21
-43
-51
-51
-51
-49
-49
-49
-49
-49
-47
-45
-41
-81
-123
-23
193
321
131
-45
-127
-99
-53
-33
-31
-29
-27
-23
-21
-17
-15
-11
-7
-3
-1
5
9
17
21
31
39
51
67
75
83
85
87
83
73
53
29
9
-9
-23
-31
-37
-41
-41
-45
-43
-43
-39
-41
-37
-37
-37
-37
-35
-33
-33
-35
-35
-35
-35
-35
-35
-33
-35
-35
-31
-21
-13
-15
-5
7
7
-3
7
-3
-15
-35
-35
-35
-37
-37
-35
-35
-33
-35
-29
-27
-53
-109
-39
161
329
169
-35
-115
-135
-67
-33
-17
-17
-13
-11
-7
-5
-3
3
5
11
11
17
19
27
33
43
49
61
73
87
97
101
105
105
99
83
59
33
13
-5
-13
-21
-25
-29
-31
-31
-29
-29
-27
-25
-25
-23
-23
-23
-21
-21
-21
-19
-19
-21
-23
-21
-21
-21
-21
-11
-3
-3
3
15
15
5
9
7
-3
-27
-33
-33
-33
-33
-33
-33
-33
-33
-35
-27
-31
-69
-107
-15
219
333
123
-61
-139
-119
-55
-27
-19
-15
-13
-9
-7
-5
-3
1
5
5
9
15
21
27
29
41
49
61
71
81
87
91
87
87
75
53
27
9
-11
-27
-37
-39
-41
-45
-47
-45
-43
-43
-43
-43
-41
-41
-41
-41
-39
-39
-41
-39
-41
-41
-43
-41
-41
-37
-31
-21
-25
-13
-3
-5
-13
-5
-17
-35
-47
-49
-51
-49
-51
-53
-49
-51
-49
-47
-45
-75
-123
-69
145
323
157
-47
-135
-127
-63
-45
-37
-35
-33
-29
-27
-25
-21
-17
-13
-11
-5
-3
1
7
15
21
29
41
53
63
69
75
77
75
67
51
27
3
-19
-33
-47
-51
-57
-59
-59
-61
-61
-59
-57
-55
-57
-55
-53
-53
-55
-53
-53
-57
-57
-57
-57
-59
-59
-57
-51
-45
-39
-39
-27
-21
-27
-31
-23
-35
-57
-63
-61
-63
-63
-61
-61
-61
-59
-59
-55
-55
-85
-137
-61
145
309
129
-61
-143
-97
-59
-43
-43
-41
-39
-35
-33
-33
-27
-25
-21
-19
-13
-9
-5
1
9
17
25
35
47
59
65
69
69
65
49
29
1
-17
-35
-45
-53
-55
-59
-59
-57
-55
-53
-53
-51
-51
-51
-49
-51
-49
-47
-49
-49
-49
-51
-51
-49
-47
-45
-37
-31
-29
-19
-7
-11
-19
-11
-21
-37
-51
-53
-53
-53
-53
-51
-53
-51
-49
-47
-45
-61
-119
-77
103
297
203
-27
-121
-149
-79
-49
-35
-35
-29
-27
-25
-19
-17
-13
-11
-7
-5
1
3
13
19
25
35
47
61
69
77
85
91
87
81
67
41
19
-5
-21
-29
-39
-41
-43
-43
-45
-43
-43
-39
-41
-39
-39
-35
-33
-35
-33
-33
-33
-35
-33
-35
-31
-23
-13
-17
-9
3
3
-5
1
-3
-15
-35
-41
-39
-39
-39
-41
-39
-39
-37
-37
-31
-43
-93
-89
53
277
305
25
-117
-163
-103
-53
-31
-27
-23
-21
-19
-15
-11
-9
-7
-3
-1
3
9
15
21
29
35
47
59
69
79
87
89
89
83
67
45
19
-3
-17
-29
-35
-43
-45
-45
-47
-45
-45
-43
-43
-41
-39
-39
-39
-39
-37
-37
-39
-39
-39
-39
-39
-31
-21
-23
-17
-5
-5
-15
-11
-13
-23
-43
-49
-51
-49
-49
-49
-51
-49
-47
-47
-45
-51
-103
-109
29
267
297
35
-103
-157
-85
-55
-39
-39
-37
-33
-31
-27
-25
-23
-21
-15
-13
-9
-3
1
9
17
25
37
49
59
67
73
75
75
69
53
33
9
-9
-25
-37
-45
-51
-53
-55
-53
-53
-51
-49
-47
-49
-47
-45
-47
-45
-45
-47
-49
-49
-49
-47
-41
-33
-33
-29
-17
-13
-23
-21
-17
-29
-47
-57
-59
-61
-59
-57
-57
-57
-55
-53
-53
-51
-83
-137
-47
185
313
89
-71
-143
-97
-55
-43
-43
-41
-37
-37
-33
-31
-29
-25
-23
-19
-13
-11
-7
1
9
17
25
41
49
61
65
69
71
67
57
39
17
-9
-27
-39
-45
-51
-53
-53
-51
-53
-51
-49
-45
-43
-45
-43
-43
-41
-43
-39
-39
-41
-43
-41
-39
-29
-23
-23
-15
-3
-7
-15
-7
-11
-27
-45
-45
-45
-45
-43
-43
-43
-43
-41
-39
-37
-53
-111
-75
103
313
223
-3
-111
-133
-59
-37
-27
-23
-23
-19
-19
-15
-11
-7
-3
-1
3
7
11
17
21
31
39
53
65
77
85
89
91
91
83
67
43
19
-1
-17
-29
-35
-39
-41
-39
-43
-41
-41
-35
-35
-33
-31
-31
-29
-27
-27
-27
-27
-27
-29
-27
-25
-15
-11
-11
-1
9
9
-1
5
3
-13
-33
-33
-35
-35
-35
-33
-33
-33
-31
-29
-27
-33
-83
-89
55
291
299
21
-111
-155
-91
-43
-21
-19
-15
-11
-11
-9
-5
-1
1
5
7
13
17
21
31
39
49
57
71
79
87
91
95
95
87
71
49
25
3
-13
-25
-31
-37
-39
-39
-39
-39
-39
-37
-35
-33
-35
-33
-33
-31
-33
-31
-33
-33
-33
-33
-31
-27
-19
-15
-13
-1
3
-3
-7
-1
-13
-27
-39
-43
-43
-41
-39
-41
-43
-41
-39
-41
-39
-59
-117
-73
103
309
243
-5
-119
-145
-67
-43
-35
-35
-31
-29
-27
-25
-19
-19
-15
-11
-7
-3
5
9
17
25
35
47
59
67
73
77
77
73
63
47
25
1
-21
-31
-41
-47
-51
-53
-51
-51
-51
-49
-45
-47
-47
-43
-43
-43
-41
-41
-43
-43
-45
-45
-43
-43
-41
-33
-25
-27
-21
-9
-7
-15
-15
-15
-27
-45
-51
-51
-51
-51
-51
-51
-49
-49
-49
-47
-45
-81
-127
-63
135
319
175
-41
-133
-103
-51
-37
-37
-35
-33
-29
-25
-23
-23
-17
-13
-11
-7
-3
3
7
17
25
35
47
59
67
75
77
77
75
63
41
17
-3
-21
-33
-43
-45
-51
-51
-53
-51
-49
-45
-47
-45
-43
-43
-43
-41
-41
-41
-41
-41
-41
-43
-41
-41
-33
-25
-23
-17
-3
-3
-15
-9
-11
-25
-45
-47
-47
-45
-47
-45
-45
-43
-43
-41
-39
-41
-89
-111
3
243
303
55
-83
-141
-79
-43
-27
-29
-27
-25
-19
-17
-15
-13
-7
-3
-1
5
9
15
19
29
37
49
59
69
79
87
89
93
89
73
51
25
5
-13
-27
-33
-35
-39
-43
-43
-41
-41
-41
-37
-37
-35
-35
-31
-31
-31
-29
-31
-31
-29
-33
-31
-29
-25
-17
-13
-11
-1
7
1
-3
1
-7
-25
-37
-41
-41
-39
-37
-41
-41
-39
-39
-37
-35
-55
-109
-63
125
319
193
-45
-143
-149
-73
-39
-29
-25
-23
-21
-19
-15
-9
-9
-5
-1
3
7
11
19
25
35
43
55
67
79
85
89
89
85
73
55
29
5
-13
-23
-33
-41
-47
-49
-51
-49
-49
-49
-47
-47
-47
-45
-43
-43
-43
-41
-43
-43
-45
-43
-45
-45
-43
-35
-27
-27
-19
-7
-11
-21
-13
-19
-33
-51
-55
-55
-55
-55
-57
-57
-55
-55
-55
-53
-51
-83
-133
-59
173
317
105
-75
-155
-103
-63
-45
-43
-41
-41
-37
-33
-31
-31
-27
-23
-21
-17
-9
-5
1
7
15
29
37
47
57
63
65
65
59
47
23
-1
-21
-37
-49
-57
-61
-63
-63
-65
-63
-61
-61
-61
-57
-55
-55
-55
-53
-53
-53
-53
-55
-55
-55
-55
-55
-45
-39
-39
-33
-19
-15
-27
-25
-23
-37
-57
-61
-63
-63
-63
-61
-61
-59
-61
-57
-55
-53
-93
-137
-41
209
297
63
-87
-145
-81
-55
-43
-47
-43
-41
-37
-35
-31
-31
-27
-25
-19
-15
-9
-3
-1
7
17
27
39
53
61
67
69
71
67
51
31
9
-9
-27
-39
-47
-51
-53
-55
-55
-53
-53
-51
-49
-45
-45
-47
-43
-43
-43
-43
-43
-43
-43
-43
-41
-33
-25
-27
-21
-7
-3
-15
-11
-9
-23
-43
-47
-47
-47
-49
-49
-49
-49
-45
-45
-43
-41
-85
-113
-3
235
289
39
-99
-149
-91
-51
-35
-29
-29
-23
-23
-21
-19
-13
-9
-5
-5
1
5
11
17
25
37
45
59
71
81
87
89
93
87
73
53
29
5
-13
-27
-33
-37
-41
-45
-43
-41
-41
-39
-39
-37
-37
-35
-33
-31
-33
-31
-31
-31
-33
-33
-31
-27
-19
-15
-15
-5
3
-1
-7
1
-9
-27
-39
-39
-41
-41
-41
-41
-39
-39
-37
-37
-33
-55
-107
-57
117
303
213
-27
-127
-147
-73
-41
-29
-25
-23
-19
-19
-17
-13
-11
-7
-5
1
7
11
17
25
33
41
53
63
75
81
83
85
83
69
49
27
5
-15
-29
-37
-45
-49
-51
-51
-51
-49
-49
-47
-45
-45
-45
-43
-41
-41
-43
-41
-41
-41
-43
-41
-39
-31
-27
-27
-13
-5
-11
-19
-13
-17
-27
-49
-51
-51
-53
-51
-51
-53
-53
-51
-49
-47
-49
-81
-125
-47
155
311
141
-57
-139
-119
-57
-41
-37
-37
-35
-33
-29
-25
-23
-21
-19
-15
-9
-7
-1
7
15
25
33
47
57
67
69
73
73
67
53
35
9
-11
-29
-41
-43
-51
-55
-53
-53
-51
-51
-51
-47
-47
-47
-43
-43
-43
-43
-43
-43
-45
-45
-45
-45
-43
-37
-27
-29
-25
-11
-7
-15
-17
-15
-25
-43
-51
-51
-49
-49
-49
-49
-49
-47
-49
-47
-43
-71
-125
-53
155
313
137
-51
-129
-91
-47
-35
-31
-31
-27
-27
-21
-21
-17
-13
-9
-5
-3
1
7
13
19
27
39
49
61
71
75
77
79
75
65
43
21
-1
-17
-29
-35
-43
-43
-45
-43
-45
-43
-39
-37
-35
-35
-33
-33
-33
-33
-31
-33
-31
-33
-31
-31
-31
-23
-13
-15
-7
7
7
-3
1
-1
-13
-33
-37
-35
-35
-33
-33
-33
-35
-31
-33
-27
-29
-73
-101
7
229
321
89
-67
-125
-91
-41
-19
-19
-17
-13
-13
-9
-5
-3
3
3
9
11
19
23
31
37
49
57
71
81
91
99
99
97
95
79
55
31
11
-3
-17
-25
-29
-31
-33
-35
-33
-31
-31
-29
-27
-25
-23
-25
-21
-21
-21
-23
-23
-25
-25
-23
-21
-13
-7
-9
1
13
11
1
11
3
-11
-31
-33
-33
-33
-33
-33
-31
-31
-31
-29
-27
-35
-91
-79
59
287
293
17
-113
-151
-85
-41
-23
-19
-17
-13
-9
-9
-3
-1
3
7
11
15
21
25
33
41
53
63
77
87
93
97
99
99
89
73
49
27
5
-7
-19
-27
-33
-35
-39
-39
-37
-37
-35
-33
-31
-31
-33
-31
-29
-29
-31
-31
-31
-33
-33
-29
-23
-15
-19
-11
1
3
-9
-5
-5
-17
-37
-41
-41
-43
-43
-45
-43
-45
-43
-41
-37
-41
-83
-117
-13
217
317
79
-83
-141
-73
-41
-31
-33
-31
-27
-25
-21
-19
-15
-13
-9
-7
-3
3
9
15
25
33
43
53
63
73
75
77
77
69
51
27
3
-15
-31
-41
-47
-51
-51
-53
-51
-51
-49
-49
-45
-43
-43
-43
-41
-41
-41
-41
-41
-41
-43
-43
-41
-31
-25
-29
-21
-7
-7
-17
-11
-13
-25
-47
-49
-51
-49
-51
-49
-49
-47
-49
-47
-45
-45
-93
-125
-31
185
315
111
-55
-133
-89
-47
-33
-35
-35
-31
-27
-23
-23
-17
-15
-13
-11
-3
1
9
13
23
31
41
53
65
75
79
81
81
77
63
41
21
-1
-19
-33
-37
-41
-45
-47
-47
-45
-43
-41
-39
-37
-37
-37
-35
-33
-35
-35
-33
-33
-35
-35
-35
-31
-31
-25
-15
-19
-5
5
1
-5
1
-11
-25
-37
-41
-41
-39
-37
-39
-43
-37
-37
-35
-35
-53
-111
-59
147
325
133
-67
-141
-99
-53
-29
-25
-25
-19
-17
-15
-11
-7
-5
-1
3
7
11
17
23
31
39
47
61
73
87
91
93
97
93
75
57
31
9
-11
-21
-31
-37
-39
-41
-41
-39
-39
-37
-35
-33
-31
-31
-31
-31
-29
-27
-31
-27
-31
-29
-27
-29
-21
-13
-11
-7
1
9
1
-1
3
-5
-29
-37
-39
-37
-37
-37
-37
-37
-35
-37
-35
-33
-67
-109
-33
173
329
151
-65
-143
-137
-65
-39
-27
-25
-25
-23
-19
-17
-13
-13
-9
-3
-1
5
9
17
21
27
39
51
63
73
79
83
85
77
69
49
25
-1
-17
-31
-43
-49
-51
-53
-53
-57
-51
-51
-49
-49
-49
-47
-45
-45
-45
-45
-47
-47
-47
-45
-49
-49
-41
-33
-31
-29
-15
-9
-19
-23
-15
-27
-47
-57
-57
-57
-55
-59
-57
-55
-57
-57
-53
-51
-79
-133
-85
103
305
193
-37
-131
-141
-67
-51
-47
-47
-45
-41
-37
-37
-35
-29
-27
-23
-21
-15
-7
-1
5
15
25
35
45
55
63
65
65
63
53
33
9
-17
-35
-47
-57
-61
-63
-65
-67
-65
-63
-63
-61
-59
-57
-57
-57
-53
-51
-53
-55
-53
-53
-53
-55
-55
-55
-53
-45
-35
-37
-29
-11
-13
-21
-15
-25
-39
-55
-59
-59
-57
-57
-57
-57
-55
-55
-51
-51
-75
-131
-73
107
299
195
-31
-125
-145
-69
-47
-39
-39
-37
-33
-29
-27
-23
-21
-17
-13
-9
-5
-1
7
13
23
33
45
59
67
73
81
81
79
69
51
27
3
-17
-33
-41
-47
-53
-51
-51
-53
-53
-53
-49
-47
-47
-47
-45
-43
-43
-43
-41
-41
-43
-43
-43
-43
-43
-43
-37
-29
-25
-27
-11
-1
-3
-11
-5
-21
-43
-49
-49
-49
-51
-49
-49
-49
-47
-45
-45
-43
-87
-119
-27
193
321
105
-85
-157
-141
-67
-43
-35
-33
-31
-25
-23
-19
-17
-15
-13
-9
-3
3
9
13
23
33
41
53
67
79
85
91
91
85
71
47
27
3
-15
-33
-41
-47
-47
-53
-53
-53
-53
-51
-51
-47
-49
-49
-47
-45
-45
-47
-45
-45
-45
-47
-47
-45
-43
-33
-27
-29
-17
-9
-15
-21
-13
-27
-47
-55
-57
-57
-57
-59
-59
-57
-57
-57
-55
-53
-73
-127
-89
91
291
219
-23
-129
-151
-77
-53
-47
-43
-41
-37
-33
-31
-29
-25
-23
-19
-17
-11
-9
-1
7
17
25
33
47
59
67
71
73
71
59
39
19
-7
-27
-41
-49
-57
-61
-63
-61
-63
-61
-61
-59
-57
-57
-55
-53
-53
-53
-51
-51
-51
-51
-51
-51
-53
-51
-43
-33
-35
-27
-13
-15
-25
-19
-23
-37
-55
-59
-57
-57
-57
-59
-57
-55
-55
-55
-49
-53
-99
-131
-21
225
299
55
-85
-143
-91
-53
-39
-39
-39
-35
-31
-29
-25
-25
-19
-13
-13
-9
1
5
13
21
31
41
55
63
75
83
85
83
79
63
39
13
-7
-25
-35
-43
-47
-49
-53
-49
-49
-45
-45
-43
-41
-41
-39
-39
-39
-37
-35
-35
-35
-33
-35
-37
-33
-29
-17
-17
-13
-1
7
-5
-5
1
-11
-33
-39
-41
-39
-39
-41
-41
-39
-39
-39
-37
-33
-55
-105
-59
129
315
171
-57
-141
-125
-59
-31
-25
-23
-19
-15
-13
-7
-7
-1
5
5
9
15
21
27
35
45
55
67
83
93
99
103
105
101
87
63
39
13
-7
-21
-29
-31
-35
-37
-37
-37
-37
-37
-35
-33
-29
-29
-25
-25
-25
-25
-27
-25
-25
-25
-25
-25
-23
-15
-5
-7
-1
9
13
3
9
3
-11
-29
-31
-35
-33
-33
-33
-35
-31
-31
-33
-29
-31
-81
-99
19
261
313
45
-107
-159
-89
-45
-29
-27
-23
-21
-19
-11
-9
-9
-5
-1
1
7
9
15
23
31
39
51
65
75
85
89
95
93
85
71
49
23
-1
-17
-29
-37
-43
-43
-45
-47
-47
-45
-45
-43
-43
-39
-41
-39
-39
-39
-39
-37
-39
-39
-41
-39
-35
-25
-21
-21
-11
-1
-1
-13
-5
-11
-25
-43
-45
-45
-45
-47
-47
-47
-45
-45
-47
-41
-43
-85
-117
-5
229
319
77
-79
-145
-85
-49
-33
-33
-31
-29
-25
-23
-21
-17
-15
-11
-7
-3
3
7
13
23
33
43
53
65
75
81
83
83
79
59
39
13
-7
-25
-35
-43
-47
-49
-51
-51
-49
-49
-49
-47
-45
-43
-41
-41
-41
-37
-39
-41
-39
-39
-41
-41
-39
-37
-27
-23
-19
-13
1
-3
-13
-5
-9
-21
-37
-43
-43
-43
-41
-41
-41
-39
-37
-37
-31
-39
-93
-95
21
245
291
61
-77
-131
-71
-37
-23
-23
-19
-15
-13
-11
-7
-3
-1
1
7
11
17
21
29
37
47
57
69
83
93
99
103
105
99
87
63
37
13
-7
-19
-25
-33
-39
-37
-37
-37
-39
-35
-33
-33
-33
-31
-29
-27
-27
-25
-23
-27
-27
-25
-25
-25
-21
-11
-7
-7
3
11
9
3
9
3
-15
-31
-33
-33
-33
-33
-33
-33
-31
-31
-31
-27
-47
-99
-59
127
327
205
-37
-133
-141
-65
-35
-19
-17
-15
-11
-7
-5
-1
-1
5
9
13
13
23
29
35
45
57
69
81
91
101
105
105
99
87
63
37
13
-5
-17
-25
-33
-35
-37
-39
-39
-37
-35
-37
-35
-35
-33
-31
-31
-29
-29
-29
-31
-31
-31
-35
-35
-35
-31
-23
-19
-21
-9
1
-5
-13
-3
-13
-29
-45
-45
-47
-49
-49
-49
-49
-49
-49
-47
-45
-55
-111
-93
67
285
247
-5
-121
-151
-77
-51
-39
-37
-35
-31
-29
-27
-25
-21
-19
-15
-11
-5
-3
3
11
21
29
41
51
63
73
75
79
79
69
51
29
3
-15
-31
-43
-47
-55
-57
-57
-55
-57
-57
-55
-51
-53
-49
-47
-47
-47
-49
-47
-47
-49
-49
-49
-49
-43
-37
-29
-33
-19
-11
-15
-21
-15
-25
-43
-55
-57
-57
-57
-57
-59
-57
-55
-53
-55
-51
-63
-119
-107
47
283
231
-7
-111
-141
-71
-51
-41
-41
-39
-35
-33
-29
-25
-23
-21
-17
-11
-7
-3
3
9
17
25
39
53
63
71
75
79
77
69
53
29
3
-17
-31
-39
-49
-53
-53
-53
-51
-53
-51
-51
-49
-49
-47
-45
-43
-41
-41
-41
-41
-43
-43
-41
-43
-43
-37
-27
-23
-25
-13
-1
-7
-13
-5
-15
-31
-43
-45
-47
-47
-47
-47
-45
-43
-43
-43
-39
-51
-105
-87
69
277
235
-9
-125
-149
-77
-49
-35
-33
-29
-25
-21
-17
-15
-11
-9
-3
-1
3
11
17
23
31
43
55
65
79
87
91
93
93
85
67
41
19
-3
-21
-31
-37
-41
-45
-47
-45
-43
-43
-43
-41
-39
-39
-39
-35
-35
-35
-35
-35
-35
-37
-37
-35
-33
-25
-19
-19
-11
1
1
-9
-5
-5
-21
-41
-43
-43
-45
-45
-43
-45
-45
-43
-41
-41
-41
-81
-113
-11
217
321
91
-83
-153
-117
-59
-37
-33
-31
-27
-25
-21
-19
-15
-15
-11
-7
-3
1
5
11
21
29
37
49
63
73
79
85
83
79
65
47
21
-1
-21
-33
-41
-47
-49
-51
-51
-51
-51
-47
-45
-47
-45
-43
-43
-43
-43
-43
-41
-43
-45
-45
-45
-45
-39
-27
-25
-25
-13
-5
-13
-19
-13
-21
-37
-51
-53
-53
-53
-53
-53
-53
-51
-53
-51
-47
-59
-117
-99
71
291
237
-3
-115
-141
-67
-47
-37
-39
-37
-35
-31
-27
-25
-23
-17
-15
-11
-7
-1
5
11
21
31
39
51
61
69
77
75
73
67
51
29
3
-15
-31
-41
-49
-49
-53
-53
-55
-51
-51
-49
-49
-45
-43
-43
-43
-43
-41
-43
-43
-43
-41
-41
-41
-37
-29
-23
-27
-11
-1
-7
-15
-3
-13
-31
-47
-47
-47
-45
-45
-41
-43
-43
-43
-41
-37
-39
-97
-99
39
263
295
33
-105
-147
-73
-39
-29
-27
-23
-19
-17
-15
-13
-9
-5
-1
3
7
11
17
27
35
43
53
67
83
89
93
97
95
89
69
45
23
1
-17
-27
-33
-35
-37
-41
-39
-39
-37
-37
-33
-31
-31
-31
-29
-29
-27
-29
-27
-25
-29
-27
-23
-15
-7
-9
3
15
7
1
11
1
-21
-33
-33
-33
-33
-33
-33
-31
-33
-33
-29
-27
-33
-89
-77
67
303
277
-1
-127
-151
-75
-35
-21
-17
-13
-11
-9
-5
-3
1
5
7
13
17
21
27
33
43
49
61
71
83
95
105
105
107
99
83
57
33
9
-7
-19
-25
-31
-33
-35
-35
-31
-31
-31
-29
-25
-25
-25
-23
-19
-21
-23
-23
-21
-21
-23
-21
-17
-9
-5
-3
7
15
7
3
11
1
-21
-31
-31
-33
-35
-35
-31
-33
-33
-33
-29
-31
-35
-83
-89
69
299
293
13
-117
-149
-67
-37
-23
-23
-19
-15
-13
-11
-7
-5
-1
3
7
9
17
21
29
39
49
59
71
83
89
95
95
93
83
65
41
17
-3
-17
-27
-35
-37
-39
-39
-41
-41
-39
-37
-35
-35
-35
-31
-31
-31
-33
-33
-31
-35
-33
-33
-27
-19
-17
-15
-3
3
-5
-7
-1
-13
-31
-41
-41
-41
-43
-41
-41
-41
-41
-41
-39
-37
-59
-115
-69
117
313
215
-9
-111
-123
-53
-33
-31
-29
-27
-25
-21
-21
-17
-13
-11
-9
-5
1
5
9
17
27
35
43
57
67
75
79
83
81
73
53
31
11
-11
-25
-35
-41
-45
-47
-47
-45
-45
-45
-41
-39
-37
-37
-35
-35
-33
-33
-33
-33
-33
-35
-33
-29
-21
-17
-15
-3
5
3
-7
3
-9
-21
-35
-37
-37
-37
-35
-37
-37
-35
-33
-29
-27
-33
-91
-77
93
311
263
19
-101
-139
-67
-37
-21
-21
-17
-13
-9
-9
-3
1
3
3
7
17
19
25
33
43
51
63
73
87
95
99
105
103
91
75
51
27
7
-9
-21
-27
-29
-35
-31
-35
-33
-33
-31
-25
-27
-25
-23
-23
-23
-21
-21
-21
-23
-21
-21
-11
-5
-7
3
15
15
3
9
9
1
-21
-27
-29
-29
-29
-29
-27
-29
-27
-29
-25
-23
-35
-89
-57
121
333
245
-33
-139
-143
-61
-27
-17
-13
-11
-7
-5
-1
3
3
7
11
15
19
23
29
37
47
57
67
79
91
99
103
105
105
91
73
47
25
5
-11
-21
-27
-33
-35
-35
-35
-35
-35
-33
-33
-31
-31
-31
-29
-27
-29
-27
-29
-31
-31
-23
-15
-15
-11
3
7
-5
-7
-1
-11
-33
-41
-39
-39
-41
-41
-41
-39
-39
-41
-39
-33
-45
-105
-87
65
283
305
47
-101
-145
-69
-39
-29
-29
-27
-23
-19
-17
-15
-13
-9
-5
-3
1
7
13
17
27
35
45
55
69
75
79
81
81
73
57
33
13
-9
-25
-37
-43
-47
-49
-51
-51
-47
-47
-45
-43
-43
-43
-43
-41
-39
-39
-41
-41
-41
-43
-43
-39
-31
-23
-27
-19
-5
-5
-17
-9
-15
-27
-47
-49
-49
-51
-49
-49
-47
-49
-49
-47
-43
-49
-101
-117
-13
205
315
79
-77
-139
-87
-47
-37
-35
-35
-31
-27
-27
-25
-21
-19
-15
-11
-7
1
5
11
19
29
37
47
61
71
79
79
81
75
61
39
19
-3
-21
-33
-39
-43
-45
-49
-45
-43
-41
-43
-39
-37
-39
-37
-35
-35
-33
-35
-35
-35
-35
-35
-33
-23
-17
-19
-11
5
5
-7
-3
-3
-15
-37
-39
-41
-41
-41
-39
-39
-37
-41
-37
-35
-37
-85
-105
5
225
323
89
-79
-145
-111
-53
-31
-27
-25
-21
-19
-15
-11
-7
-5
-1
3
9
13
21
25
35
45
57
69
81
91
93
95
95
91
77
55
31
11
-9
-21
-27
-35
-41
-43
-41
-41
-39
-39
-33
-35
-33
-33
-31
-31
-31
-29
-31
-31
-29
-31
-29
-21
-11
-15
-3
7
5
-7
1
-3
-13
-33
-39
-39
-39
-39
-39
-37
-39
-39
-37
-35
-33
-65
-107
-25
193
333
127
-83
-159
-135
-63
-31
-29
-27
-21
-17
-13
-11
-9
-5
-3
1
5
9
15
23
31
41
53
65
77
89
93
95
93
85
67
41
19
1
-15
-29
-37
-43
-45
-49
-47
-45
-45
-47
-45
-45
-45
-41
-41
-39
-39
-37
-41
-39
-39
-41
-39
-33
-25
-23
-21
-9
-3
-11
-13
-7
-21
-41
-49
-49
-51
-53
-51
-49
-51
-51
-49
-47
-45
-57
-113
-91
77
299
227
-27
-137
-147
-67
-45
-41
-41
-37
-35
-31
-29
-25
-23
-19
-19
-13
-9
-3
3
11
19
29
37
53
63
69
73
75
69
57
37
13
-13
-31
-45
-53
-57
-61
-63
-61
-59
-61
-61
-59
-57
-55
-53
-53
-51
-51
-51
-51
-51
-51
-53
-51
-47
-41
-35
-35
-27
-15
-17
-27
-19
-23
-39
-57
-61
-59
-59
-57
-59
-59
-59
-55
-55
-53
-55
-95
-127
-27
205
307
101
-73
-149
-109
-57
-45
-43
-43
-39
-35
-33
-29
-25
-23
-21
-15
-11
-5
1
9
17
25
35
49
61
69
73
83
83
75
57
37
13
-11
-27
-39
-45
-51
-51
-53
-53
-53
-51
-49
-47
-45
-43
-43
-37
-39
-41
-37
-39
-37
-41
-41
-37
-37
-35
-23
-21
-17
-7
1
-9
-5
-7
-17
-37
-43
-45
-43
-43
-45
-43
-43
-41
-41
-41
-37
-41
-89
-99
23
257
293
33
-101
-155
-107
-55
-31
-27
-21
-21
-19
-13
-9
-5
-1
1
5
11
17
25
29
39
51
63
77
87
97
101
103
101
97
81
55
31
7
-13
-21
-33
-33
-35
-39
-41
-37
-35
-37
-35
-31
-29
-29
-27
-27
-25
-27
-25
-25
-27
-25
-27
-19
-9
-9
-7
7
13
3
-1
7
-5
-25
-35
-35
-33
-33
-37
-35
-35
-31
-33
-31
-29
-39
-89
-89
53
275
317
59
-103
-163
-99
-49
-27
-27
-25
-21
-17
-13
-11
-7
-5
-1
3
7
13
19
23
35
43
55
65
79
91
97
99
97
91
75
51
27
7
-11
-23
-33
-37
-41
-43
-43
-43
-41
-43
-39
-37
-37
-37
-35
-31
-33
-35
-33
-31
-33
-33
-35
-33
-33
-25
-15
-13
-11
5
9
-3
-1
-3
-15
-35
-39
-41
-39
-41
-41
-41
-39
-39
-39
-37
-35
-83
-109
-1
241
315
69
-81
-141
-83
-45
-33
-29
-25
-25
-23
-19
-15
-13
-9
-7
-1
3
7
13
19
27
35
47
59
69
77
85
87
87
83
65
43
19
-3
-19
-31
-39
-45
-45
-45
-45
-45
-43
-41
-43
-41
-39
-35
-37
-35
-33
-31
-33
-35
-33
-33
-35
-37
-33
-25
-17
-15
-13
3
13
1
1
5
-11
-29
-35
-35
-39
-35
-35
-35
-33
-33
-33
-29
-29
-61
-103
-7
227
333
95
-63
-139
-99
-43
-23
-17
-15
-11
-7
-7
-3
1
5
7
11
17
23
29
35
43
53
63
77
89
99
109
113
113
107
93
69
47
25
5
-9
-17
-25
-27
-31
-31
-31
-33
-29
-27
-23
-25
-23
-21
-21
-19
-19
-17
-15
-17
-15
-17
-19
-13
-5
1
1
7
19
23
15
13
19
9
-11
-23
-23
-23
-21
-23
-23
-21
-21
-21
-21
-15
-15
-51
-89
-3
227
357
97
-97
-161
-97
-39
-13
-7
-3
-1
3
5
9
11
17
21
23
29
35
43
51
57
69
81
93
105
115
123
123
121
107
85
55
33
13
-1
-13
-19
-21
-25
-27
-27
-27
-27
-23
-23
-21
-21
-19
-19
-17
-17
-19
-21
-19
-19
-21
-21
-21
-13
-7
-5
-3
11
17
7
5
9
-5
-27
-33
-33
-33
-35
-33
-33
-33
-33
-31
-31
-27
-35
-87
-85
61
297
307
25
-121
-161
-79
-41
-25
-23
-19
-17
-13
-13
-9
-5
-1
1
5
9
15
21
27
37
47
57
73
83
91
97
99
99
89
67
43
19
-3
-19
-31
-37
-41
-45
-47
-45
-45
-43
-41
-41
-39
-39
-37
-35
-33
-37
-35
-35
-35
-35
-35
-37
-33
-25
-19
-19
-13
1
-1
-11
-7
-11
-23
-41
-47
-47
-47
-47
-49
-47
-47
-45
-45
-43
-41
-83
-121
-37
185
337
145
-57
-143
-115
-57
-39
-35
-33
-33
-29
-27
-21
-21
-17
-15
-9
-7
-3
5
11
17
27
37
51
59
71
79
81
87
79
69
47
19
-5
-23
-37
-45
-49
-51
-53
-53
-51
-49
-47
-45
-45
-41
-41
-39
-37
-37
-37
-37
-39
-37
-39
-35
-35
-23
-17
-17
-9
5
5
-7
-1
-5
-17
-37
-41
-39
-37
-39
-39
-39
-37
-37
-37
-33
-31
-65
-111
-55
137
321
221
-21
-133
-157
-85
-47
-27
-25
-21
-17
-15
-11
-9
-7
-1
1
9
15
21
27
35
45
57
67
81
95
99
107
105
101
89
69
43
17
-3
-19
-29
-35
-39
-41
-41
-41
-39
-37
-37
-33
-35
-31
-29
-31
-29
-29
-27
-31
-29
-31
-29
-23
-15
-11
-11
5
11
1
-3
5
-7
-31
-39
-35
-37
-39
-39
-37
-39
-37
-37
-37
-31
-39
-91
-97
51
283
335
51
-129
-189
-121
-61
-31
-27
-23
-19
-15
-13
-13
-5
-3
1
3
11
17
23
27
37
47
57
69
81
93
99
105
103
99
85
61
37
15
-9
-23
-33
-41
-45
-49
-49
-49
-49
-47
-45
-47
-45
-47
-41
-39
-41
-43
-41
-41
-41
-39
-31
-23
-27
-15
-5
-9
-17
-11
-19
-35
-51
-53
-53
-51
-53
-53
-51
-51
-53
-51
-49
-53
-101
-111
37
287
293
9
-131
-173
-93
-57
-41
-39
-37
-35
-31
-27
-25
-23
-19
-15
-13
-9
-5
3
7
17
25
35
45
59
67
73
77
75
71
57
35
9
-11
-29
-43
-53
-59
-61
-63
-63
-63
-59
-61
-57
-57
-55
-55
-53
-53
-51
-51
-55
-53
-51
-49
-45
-35
-37
-27
-17
-17
-29
-21
-27
-39
-57
-59
-59
-59
-59
-59
-61
-61
-59
-57
-55
-53
-103
-129
-27
201
319
93
-81
-155
-101
-61
-45
-43
-41
-39
-37
-35
-33
-27
-25
-21
-17
-15
-11
-3
1
9
19
31
41
57
67
73
75
75
69
55
35
9
-11
-33
-41
-51
-55
-57
-53
-57
-53
-51
-49
-47
-49
-47
-47
-43
-45
-41
-39
-43
-43
-41
-35
-29
-21
-21
-9
1
-7
-13
-1
-13
-35
-43
-43
-45
-45
-45
-43
-43
-43
-41
-39
-35
-43
-89
-101
29
263
311
47
-103
-159
-115
-55
-31
-29
-23
-23
-19
-15
-11
-7
-3
1
3
9
15
21
29
37
47
59
73
83
93
97
103
99
95
77
53
29
7
-11
-21
-27
-33
-37
-35
-35
-35
-33
-31
-31
-29
-27
-27
-23
-23
-25
-25
-23
-23
-25
-15
-7
-5
-5
9
15
5
3
9
-3
-25
-31
-33
-31
-31
-33
-31
-31
-31
-29
-27
-23
-41
-95
-57
133
333
251
-27
-141
-161
-81
-35
-21
-17
-15
-9
-7
-3
-1
3
7
11
13
21
25
29
37
47
57
67
79
91
101
103
105
105
95
75
49
21
3
-11
-23
-29
-33
-35
-39
-37
-35
-33
-33
-33
-31
-31
-31
-31
-29
-29
-29
-29
-29
-27
-21
-15
-15
-3
9
3
-7
1
-5
-17
-35
-39
-39
-39
-37
-39
-39
-37
-35
-35
-35
-31
-71
-107
-9
239
337
89
-83
-149
-107
-51
-31
-27
-23
-19
-21
-17
-11
-9
-9
-5
1
3
7
15
21
27
35
45
59
71
77
85
89
87
85
75
55
31
9
-13
-23
-35
-39
-43
-43
-43
-43
-41
-37
-39
-37
-35
-33
-33
-35
-33
-33
-33
-35
-33
-27
-19
-17
-15
-3
5
-5
-9
-1
-11
-31
-39
-41
-41
-41
-39
-39
-41
-39
-39
-37
-35
-37
-95
-95
65
307
277
21
-95
-139
-63
-37
-27
-29
-23
-19
-19
-15
-13
-7
-5
-3
1
7
13
17
23
31
37
49
61
71
81
87
95
93
91
77
55
31
9
-11
-19
-29
-33
-37
-35
-37
-35
-33
-31
-29
-29
-27
-27
-21
-23
-21
-23
-25
-23
-25
-19
-7
-5
-5
9
17
7
5
9
-1
-21
-33
-29
-27
-29
-31
-31
-31
-27
-29
-25
-21
-49
-101
-25
189
351
173
-59
-137
-137
-59
-25
-17
-11
-11
-9
-5
-1
5
7
9
15
17
25
29
37
41
49
61
75
85
97
105
111
111
111
105
87
61
37
17
3
-9
-17
-25
-25
-25
-25
-23
-23
-25
-23
-19
-17
-17
-15
-17
-15
-19
-17
-17
-17
-15
-5
1
1
9
21
17
7
15
9
-9
-23
-27
-27
-25
-27
-27
-27
-25
-23
-23
-19
-39
-95
-41
151
345
237
-41
-147
-145
-61
-29
-21
-17
-15
-13
-9
-7
-5
-3
3
5
7
13
17
23
29
41
47
63
73
81
89
95
95
91
79
59
37
11
-7
-23
-31
-37
-41
-43
-45
-43
-41
-39
-39
-39
-37
-35
-35
-33
-33
-31
-33
-35
-31
-33
-25
-19
-17
-15
-1
3
-5
-9
-1
-13
-31
-39
-43
-43
-41
-43
-43
-43
-41
-41
-41
-37
-57
-115
-69
129
327
169
-55
-145
-113
-53
-37
-35
-33
-29
-29
-27
-23
-21
-17
-17
-11
-9
-5
1
7
15
25
33
43
57
67
69
71
73
71
55
35
13
-9
-27
-41
-47
-53
-55
-57
-57
-55
-53
-51
-49
-45
-47
-45
-45
-43
-45
-45
-43
-43
-45
-45
-45
-41
-33
-23
-25
-15
-3
-7
-15
-9
-17
-31
-45
-47
-47
-45
-45
-43
-43
-43
-43
-41
-37
-37
-87
-103
9
233
319
95
-85
-149
-81
-41
-27
-27
-21
-19
-15
-13
-9
-7
-5
-1
5
9
13
17
23
29
39
51
63
77
83
91
95
95
85
71
47
25
1
-15
-25
-33
-39
-39
-41
-41
-41
-33
-33
-33
-33
-31
-29
-29
-27
-25
-25
-29
-29
-29
-27
-21
-9
-9
-1
13
11
-1
1
5
-7
-29
-35
-35
-35
-33
-33
-33
-31
-29
-31
-29
-27
-51
-103
-37
165
339
185
-55
-147
-143
-63
-27
-21
-17
-11
-9
-9
-5
-1
3
5
9
15
17
23
29
37
43
53
67
81
89
97
103
103
99
89
73
47
23
1
-13
-23
-33
-35
-37
-39
-35
-37
-33
-35
-31
-31
-27
-29
-25
-25
-25
-27
-27
-29
-27
-27
-21
-15
-11
-11
-1
9
3
-5
3
-7
-23
-37
-41
-43
-41
-41
-41
-43
-41
-41
-39
-41
-41
-81
-111
-7
213
327
101
-99
-171
-111
-61
-41
-35
-31
-31
-29
-23
-21
-17
-17
-11
-9
-5
-3
5
13
19
25
37
49
63
69
77
81
81
73
61
41
17
-5
-21
-33
-43
-47
-51
-51
-55
-55
-53
-51
-49
-49
-45
-45
-45
-45
-43
-45
-45
-47
-45
-45
-43
-37
-29
-29
-19
-11
-13
-23
-13
-25
-37
-53
-57
-57
-57
-55
-57
-55
-55
-55
-55
-51
-55
-103
-125
1
239
297
41
-107
-157
-95
-59
-47
-43
-43
-41
-37
-35
-33
-31
-27
-25
-21
-17
-11
-7
1
7
17
25
39
49
57
63
67
65
59
49
29
5
-17
-29
-43
-53
-57
-57
-59
-59
-57
-51
-51
-51
-51
-45
-45
-43
-43
-41
-41
-43
-45
-43
-41
-37
-29
-21
-23
-11
1
-3
-11
-3
-13
-29
-41
-43
-45
-41
-41
-41
-41
-39
-39
-39
-37
-37
-83
-103
31
263
293
21
-121
-155
-87
-47
-29
-25
-21
-17
-15
-13
-9
-5
-3
1
5
9
13
21
29
33
43
55
67
79
87
95
99
97
93
77
57
33
9
-9
-19
-29
-33
-35
-39
-37
-39
-35
-33
-31
-31
-27
-27
-25
-27
-23
-25
-27
-27
-25
-25
-19
-11
-7
-7
5
15
7
3
11
-1
-17
-29
-33
-33
-33
-31
-31
-35
-31
-31
-29
-29
-31
-85
-71
79
307
289
-13
-147
-167
-79
-37
-21
-17
-15
-11
-9
-7
-3
1
3
7
13
15
19
27
35
43
51
63
75
85
93
101
99
99
87
71
47
21
1
-11
-23
-33
-39
-43
-41
-43
-41
-39
-39
-37
-37
-35
-33
-35
-33
-31
-31
-31
-35
-33
-33
-23
-17
-17
-11
3
-1
-9
-1
-7
-23
-41
-43
-45
-45
-43
-43
-43
-43
-41
-41
-39
-39
-75
-113
-41
159
337
147
-79
-159
-121
-55
-37
-33
-29
-27
-23
-21
-17
-11
-11
-11
-5
-1
5
7
15
21
29
39
51
63
73
79
83
83
79
67
49
23
1
-19
-31
-41
-47
-51
-51
-51
-49
-49
-43
-43
-43
-43
-41
-41
-39
-39
-39
-39
-41
-39
-41
-35
-27
-25
-23
-11
-3
-13
-15
-9
-19
-41
-49
-51
-49
-51
-47
-49
-47
-49
-47
-45
-43
-67
-123
-73
103
305
255
1
-113
-145
-69
-43
-35
-37
-31
-29
-27
-25
-19
-17
-15
-11
-7
-3
5
9
19
25
37
47
61
71
77
83
85
85
73
51
31
9
-9
-23
-33
-37
-41
-41
-41
-41
-39
-35
-35
-33
-33
-33
-31
-27
-27
-29
-29
-29
-31
-27
-19
-11
-11
-3
9
9
-3
3
-1
-7
-31
-31
-35
-31
-35
-35
-35
-29
-31
-29
-29
-27
-49
-103
-49
135
333
213
-29
-133
-145
-65
-31
-17
-15
-15
-7
-5
-3
1
3
9
13
15
21
27
33
39
47
59
71
83
95
99
107
107
109
101
85
61
37
17
-3
-13
-23
-25
-27
-29
-29
-27
-25
-25
-23
-23
-21
-19
-19
-15
-17
-17
-17
-17
-17
-11
-1
-1
7
17
19
9
13
7
-1
-25
-29
-31
-27
-27
-27
-29
-25
-25
-25
-23
-21
-53
-97
-3
213
357
133
-85
-161
-135
-59
-27
-19
-17
-13
-11
-9
-5
-1
1
3
7
11
15
23
27
35
45
53
65
77
85
91
97
97
91
81
61
35
13
-7
-19
-29
-35
-39
-43
-43
-43
-39
-37
-39
-37
-35
-35
-33
-31
-31
-31
-31
-31
-29
-21
-13
-17
-7
5
3
-7
1
-3
-17
-41
-41
-41
-41
-39
-41
-41
-41
-39
-37
-37
-35
-77
-109
-25
209
337
131
-73
-153
-111
-53
-31
-29
-27
-25
-21
-19
-17
-13
-11
-9
-7
-3
3
9
13
21
29
39
47
63
71
77
77
77
75
67
47
27
3
-17
-31
-41
-45
-49
-51
-51
-51
-49
-49
-45
-45
-45
-43
-43
-41
-43
-43
-41
-41
-41
-37
-27
-25
-25
-13
-3
-7
-15
-5
-13
-29
-45
-45
-45
-41
-45
-43
-41
-39
-37
-37
-35
-61
-117
-37
205
339
115
-61
-135
-107
-49
-29
-23
-23
-19
-19
-11
-7
-5
-5
1
1
9
13
21
27
35
41
55
67
73
83
93
97
97
93
81
61
37
15
-1
-13
-23
-29
-33
-33
-31
-33
-29
-27
-25
-27
-21
-21
-19
-21
-17
-17
-17
-19
-15
-11
-5
-1
-1
15
19
11
7
15
5
-15
-27
-27
-29
-29
-29
-29
-25
-27
-23
-23
-19
-23
-75
-83
47
285
335
59
-101
-151
-109
-43
-17
-13
-11
-5
-3
-1
5
5
9
13
17
21
25
33
41
49
61
73
85
97
105
111
109
109
97
77
53
31
11
-5
-15
-23
-29
-31
-33
-29
-29
-27
-25
-25
-25
-25
-21
-21
-19
-19
-17
-19
-19
-21
-13
-7
-3
-3
11
19
13
3
11
5
-15
-29
-29
-29
-31
-31
-33
-29
-29
-29
-31
-27
-29
-67
-103
-11
215
341
109
-97
-165
-135
-67
-39
-33
-33
-29
-25
-23
-23
-17
-13
-13
-9
-5
1
7
13
23
33
41
51
65
75
79
81
81
75
57
29
5
-15
-31
-43
-49
-53
-55
-57
-55
-53
-53
-51
-49
-49
-49
-49
-47
-47
-47
-49
-49
-49
-51
-45
-37
-33
-35
-23
-15
-21
-27
-19
-29
-47
-59
-63
-59
-61
-61
-63
-59
-61
-59
-57
-53
-61
-113
-123
-1
237
301
55
-95
-161
-117
-69
-49
-47
-47
-45
-41
-37
-35
-33
-29
-25
-21
-17
-11
-5
1
5
15
27
41
51
59
65
65
65
61
53
31
7
-17
-33
-47
-53
-57
-59
-61
-63
-57
-53
-55
-53
-49
-47
-45
-45
-43
-43
-41
-43
-41
-39
-31
-23
-27
-15
-1
-3
-13
-7
-9
-23
-41
-45
-45
-45
-45
-43
-43
-43
-41
-41
-41
-35
-65
-113
-31
193
331
109
-85
-155
-123
-63
-35
-29
-25
-21
-19
-17
-13
-11
-7
-1
3
3
7
15
23
31
39
51
65
79
89
93
99
99
95
81
61
35
11
-9
-19
-33
-37
-41
-39
-39
-39
-39
-39
-33
-35
-35
-33
-29
-29
-25
-27
-25
-27
-27
-29
-21
-13
-13
-9
3
15
3
-3
7
-5
-27
-33
-35
-35
-37
-37
-37
-37
-33
-35
-33
-31
-41
-95
-75
89
315
251
-33
-153
-167
-83
-43
-27
-23
-21
-17
-15
-11
-7
-5
-3
1
7
11
17
21
27
37
49
59
71
83
89
95
97
95
85
67
41
17
-5
-19
-31
-37
-43
-47
-49
-47
-47
-47
-45
-45
-41
-43
-39
-39
-37
-39
-39
-41
-41
-41
-39
-33
-27
-25
-23
-9
-3
-11
-15
-9
-21
-41
-49
-51
-51
-51
-51
-51
-51
-51
-49
-49
-47
-51
-97
-111
31
269
293
15
-121
-169
-97
-57
-43
-41
-39
-33
-33
-29
-27
-21
-21
-19
-13
-9
-3
1
9
17
25
35
47
57
65
69
73
69
61
41
19
-7
-27
-43
-53
-57
-61
-65
-65
-63
-61
-59
-59
-57
-57
-53
-53
-51
-51
-51
-49
-51
-53
-53
-51
-45
-37
-33
-31
-17
-9
-19
-21
-13
-25
-47
-51
-53
-51
-53
-53
-51
-51
-51
-47
-45
-43
-45
-81
-119
-33
177
333
125
-73
-155
-109
-51
-31
-29
-23
-17
-15
-13
-9
-7
1
1
7
9
17
23
29
37
47
57
73
81
91
97
101
101
93
77
57
31
11
-9
-21
-31
-33
-35
-35
-35
-33
-35
-29
-29
-29
-29
-27
-23
-21
-21
-21
-21
-21
-21
-21
-17
-11
-1
-3
9
19
15
5
15
7
-11
-27
-29
-29
-29
-27
-27
-25
-25
-25
-23
-23
-19
-43
-93
-29
165
345
183
-55
-151
-133
-55
-23
-13
-7
-3
-1
3
5
11
11
15
19
23
29
33
43
49
57
63
79
91
103
111
115
115
111
93
73
47
25
7
-7
-15
-23
-27
-31
-29
-31
-29
-29
-27
-29
-25
-23
-23
-23
-21
-23
-21
-23
-23
-23
-21
-13
-9
-7
3
11
11
1
5
1
-7
-29
-33
-35
-37
-35
-33
-35
-37
-31
-33
-31
-31
-37
-89
-87
43
271
311
37
-111
-159
-91
-49
-29
-23
-21
-19
-15
-13
-11
-7
-7
-1
3
7
11
17
23
31
37
51
63
73
81
87
85
83
73
57
29
5
-15
-29
-39
-45
-51
-51
-51
-51
-51
-49
-43
-47
-45
-43
-41
-41
-41
-41
-39
-43
-43
-41
-31
-25
-27
-19
-5
-5
-15
-11
-13
-23
-43
-47
-49
-49
-49
-47
-47
-47
-47
-45
-43
-41
-69
-119
-55
143
327
197
-23
-129
-139
-65
-41
-33
-31
-27
-23
-21
-21
-15
-15
-11
-9
-1
5
9
13
19
27
37
45
59
73
83
89
91
91
83
67
43
19
-1
-17
-27
-33
-35
-41
-39
-39
-39
-35
-35
-31
-31
-31
-29
-27
-27
-23
-25
-23
-25
-25
-19
-9
-7
-3
11
17
5
7
11
-1
-25
-29
-29
-29
-29
-29
-27
-29
-27
-27
-25
-23
-51
-97
-27
159
339
209
-43
-139
-143
-63
-25
-13
-7
-5
-1
5
7
11
15
17
21
21
29
35
41
47
55
65
77
89
101
109
113
115
115
107
89
63
39
21
5
-7
-15
-19
-23
-23
-23
-19
-19
-17
-17
-15
-15
-15
-13
-11
-11
-13
-11
-11
-9
-3
3
3
11
23
19
11
21
11
-7
-21
-23
-23
-25
-23
-23
-25
-23
-21
-21
-23
-21
-61
-93
11
261
339
61
-115
-165
-95
-47
-23
-19
-15
-15
-13
-7
-5
-3
1
5
9
11
17
25
33
37
47
59
71
81
89
95
95
95
87
69
45
23
-1
-15
-27
-35
-39
-43
-43
-43
-43
-39
-39
-39
-37
-35
-35
-33
-35
-33
-33
-35
-35
-33
-27
-19
-21
-13
1
-1
-13
-7
-13
-25
-43
-47
-47
-49
-51
-49
-49
-49
-49
-49
-45
-45
-63
-121
-71
113
319
241
-13
-129
-149
-71
-45
-39
-39
-35
-31
-31
-29
-25
-23
-21
-19
-13
-7
-5
-1
7
15
23
31
43
55
59
65
67
65
55
33
11
-11
-29
-43
-53
-59
-63
-63
-61
-59
-57
-57
-53
-53
-51
-51
-49
-47
-45
-45
-43
-43
-43
-37
-33
-23
-25
-9
-1
-5
-13
-5
-15
-33
-45
-45
-45
-43
-45
-43
-43
-41
-41
-41
-37
-43
-97
-95
47
287
291
11
-123
-159
-85
-45
-27
-27
-23
-21
-17
-13
-13
-11
-5
-1
1
7
11
15
21
29
39
51
61
73
85
87
91
89
81
61
35
11
-7
-21
-29
-39
-41
-43
-41
-43
-39
-35
-35
-35
-33
-29
-29
-27
-29
-27
-29
-31
-27
-19
-11
-13
-5
9
11
-3
3
5
-5
-29
-33
-37
-33
-37
-33
-33
-31
-33
-33
-29
-29
-47
-99
-63
109
319
261
-29
-147
-167
-87
-47
-27
-25
-21
-17
-13
-11
-7
-5
-1
1
7
9
15
21
25
35
43
51
63
75
83
89
91
91
81
65
45
19
-3
-21
-31
-39
-41
-45
-45
-43
-43
-41
-39
-39
-41
-39
-35
-35
-35
-37
-35
-35
-35
-27
-19
-21
-11
1
-5
-13
-5
-15
-31
-43
-47
-49
-49
-47
-49
-49
-47
-47
-47
-43
-45
-93
-111
19
259
321
59
-113
-167
-103
-61
-45
-43
-39
-37
-35
-31
-27
-27
-25
-23
-17
-15
-11
-5
1
7
13
23
35
43
53
59
61
63
61
51
33
9
-17
-33
-47
-57
-63
-67
-67
-67
-67
-67
-63
-61
-61
-59
-57
-57
-57
-55
-55
-57
-57
-55
-47
-39
-43
-35
-21
-19
-31
-25
-27
-39
-61
-65
-63
-65
-65
-65
-63
-61
-61
-61
-57
-57
-95
-139
-33
211
317
97
-79
-157
-111
-63
-47
-47
-45
-43
-41
-37
-35
-31
-27
-25
-23
-17
-13
-7
-3
5
13
21
35
45
53
59
59
61
59
47
29
7
-13
-31
-43
-51
-55
-57
-59
-57
-55
-53
-49
-47
-49
-45
-45
-43
-41
-41
-41
-41
-41
-41
-39
-29
-21
-21
-13
3
3
-9
-3
-7
-19
-39
-41
-39
-37
-39
-41
-39
-37
-37
-39
-35
-31
-39
-89
-91
59
295
277
5
-125
-143
-65
-31
-21
-21
-19
-15
-11
-7
-5
-1
3
5
7
13
21
27
29
39
49
59
69
85
89
93
93
93
85
65
39
19
-1
-13
-21
-29
-33
-35
-33
-31
-29
-31
-27
-25
-23
-23
-21
-19
-19
-19
-19
-17
-19
-17
-11
-1
-1
9
19
17
7
15
7
-7
-25
-29
-25
-25
-25
-25
-25
-25
-23
-23
-21
-19
-43
-95
-31
197
359
143
-73
-149
-125
-49
-25
-13
-9
-7
-5
-1
3
5
9
11
15
17
23
27
35
43
51
61
71
83
91
99
103
101
97
89
69
43
21
5
-11
-19
-27
-29
-31
-31
-33
-29
-27
-27
-27
-25
-23
-23
-25
-23
-21
-23
-23
-23
-21
-13
-7
-7
3
13
11
3
9
1
-13
-29
-33
-33
-31
-33
-33
-33
-35
-33
-33
-29
-25
-47
-101
-59
121
331
237
-23
-131
-133
-53
-31
-25
-23
-21
-17
-17
-13
-11
-7
-9
-3
3
7
11
17
21
27
37
47
59
67
75
81
83
79
73
57
37
13
-9
-25
-35
-43
-47
-47
-47
-45
-47
-43
-41
-37
-41
-37
-35
-35
-35
-35
-35
-37
-39
-37
-29
-23
-21
-19
-5
3
-7
-9
-1
-13
-31
-41
-43
-43
-43
-43
-43
-43
-41
-39
-39
-35
-61
-115
-59
147
331
179
-31
-125
-115
-47
-33
-29
-29
-27
-21
-21
-19
-15
-13
-9
-7
-5
3
5
9
17
25
35
45
57
65
73
73
79
77
69
53
31
7
-13
-27
-33
-41
-43
-43
-43
-41
-41
-39
-33
-33
-33
-31
-29
-27
-27
-27
-27
-25
-27
-29
-21
-9
-7
-3
15
17
7
7
13
1
-25
-27
-27
-29
-27
-29
-27
-23
-25
-25
-21
-17
-43
-97
-45
139
337
233
-17
-121
-129
-53
-19
-9
-9
-7
-3
-1
5
5
9
13
17
19
25
29
33
41
51
61
69
83
93
101
103
107
107
101
83
61
41
21
3
-11
-17
-25
-23
-25
-23
-23
-23
-19
-17
-15
-13
-13
-13
-11
-9
-11
-11
-11
-11
-11
-1
7
5
17
27
25
13
25
17
-1
