33
19
15
1
-17
-27
-27
-27
-31
-29
-29
-25
-23
-19
-19
-27
-25
-23
-19
-25
-25
-23
-21
-25
-27
-27
-25
-29
-31
-31
-29
-29
-29
-37
-33
-33
-37
-33
-33
-37
-39
-41
-43
-47
-31
-13
-23
-31
-35
-37
-41
-45
-39
-33
-29
-43
-111
-79
109
427
599
395
115
-1
-41
-53
-55
-57
-59
-53
-55
-53
-49
-51
-53
-51
-51
-49
-49
-49
-45
-47
-39
-35
-31
-23
-19
-15
-7
3
11
17
27
35
39
37
33
15
-3
-15
-27
-33
-37
-41
-39
-35
-37
-35
-33
-31
-33
-33
-31
-33
-33
-31
-37
-35
-35
-39
-41
-41
-41
-43
-47
-45
-45
-47
-47
-47
-49
-49
-51
-45
-37
-43
-53
-27
-25
-29
-43
-41
-47
-59
-61
-55
-53
-53
-43
-91
-135
-69
209
497
583
285
43
-37
-69
-79
-81
-79
-79
-77
-81
-79
-79
-75
-75
-75
-77
-73
-75
-71
-69
-69
-65
-61
-55
-49
-43
-33
-27
-21
-11
-7
1
7
9
5
-5
-23
-37
-47
-57
-59
-63
-63
-65
-61
-61
-61
-61
-61
-59
-55
-57
-59
-59
-59
-59
-57
-61
-63
-59
-65
-63
-65
-63
-67
-61
-47
-47
-45
-21
-21
-31
-47
-49
-61
-79
-83
-79
-79
-77
-73
-69
-79
-161
-121
113
451
609
355
47
-53
-83
-93
-91
-91
-89
-91
-91
-87
-85
-83
-87
-79
-79
-75
-79
-71
-65
-61
-63
-53
-49
-41
-33
-25
-15
-9
-1
5
17
23
21
11
-1
-19
-23
-35
-41
-45
-43
-43
-45
-45
-41
-35
-33
-31
-31
-31
-31
-25
-27
-25
-27
-27
-25
-23
-23
-29
-23
-5
3
5
29
23
21
5
-9
-23
-41
-43
-35
-37
-31
-25
-23
-25
-107
-119
17
365
587
589
267
49
-25
-41
-45
-45
-45
-41
-37
-37
-37
-37
-35
-35
-29
-31
-21
-27
-27
-17
-15
-15
-5
3
11
19
27
23
35
47
53
59
65
65
39
29
15
5
-3
-3
-5
-9
-17
-15
-15
-11
-5
-7
-5
-5
-5
-7
-1
-1
-1
3
-13
-13
-9
-3
3
13
11
13
47
43
39
15
7
-11
-27
-29
-31
-37
-29
-33
-23
-13
-95
-115
39
379
595
533
185
11
-35
-47
-45
-49
-55
-57
-51
-55
-51
-41
-43
-45
-35
-41
-45
-41
-33
-27
-23
-17
-7
-17
-1
-3
11
25
33
29
39
45
51
59
37
13
5
-7
-5
-3
-19
-21
-29
-29
-23
-13
-13
-13
-17
-13
-13
-11
-7
-11
-5
-13
-21
-17
-15
-15
3
5
7
21
27
21
19
5
-9
-37
-41
-39
-49
-43
-49
-43
-25
-59
-129
-53
233
521
603
285
41
-37
-59
-59
-67
-65
-65
-67
-65
-63
-65
-55
-55
-65
-61
-57
-57
-49
-41
-45
-51
-41
-35
-23
-19
-15
-15
-7
1
13
9
21
15
15
-11
-25
-31
-45
-43
-43
-37
-39
-47
-57
-51
-51
-47
-43
-37
-33
-35
-35
-49
-45
-43
-45
-51
-47
-43
-35
-31
-15
-25
-17
-11
-27
-41
-35
-47
-73
-73
-67
-61
-63
-55
-43
-101
-135
-39
207
467
487
199
21
-51
-69
-79
-79
-77
-67
-67
-81
-79
-67
-65
-63
-57
-63
-59
-53
-55
-49
-43
-41
-27
-25
-21
-17
-3
3
5
11
23
35
29
21
19
7
-3
-15
-27
-29
-17
-25
-29
-21
-23
-25
-21
-11
-7
-13
-13
-13
-17
-13
3
-13
-15
-17
-19
-21
-17
-11
9
11
7
37
31
21
-1
-7
-7
-17
-41
-37
-39
-29
-39
-33
-19
-81
-109
-13
245
515
605
295
47
-27
-51
-49
-47
-57
-55
-57
-53
-45
-35
-29
-37
-43
-51
-33
-11
-39
-21
25
-7
-37
-23
-13
-9
35
27
7
41
21
23
37
29
17
9
13
3
-19
-23
-21
-33
-13
-15
-21
-27
3
3
-29
-37
-21
-11
-9
-15
-11
-19
-15
-27
-25
-23
-15
-7
3
13
15
5
9
-17
-3
-17
-45
-43
-43
-69
-35
-39
-47
-33
-105
-113
33
379
583
479
113
-35
-59
-63
-45
-53
-47
-75
-69
-79
-51
-31
-65
-43
-63
-71
-31
-31
-43
-53
-15
-25
-31
-11
-19
-5
33
-3
9
45
23
31
39
21
27
7
-9
-3
-21
-35
-13
-23
-29
-13
-27
-37
-13
-9
-27
-19
-19
-11
-29
-25
-9
11
-27
-31
-19
-37
-23
-5
1
-9
35
21
15
9
-19
-31
-45
-39
-59
-41
-7
-49
-51
-29
-99
-91
53
369
581
483
137
-15
-49
-47
-53
-53
-69
-63
-57
-55
-71
-49
-57
-69
-55
-39
-59
-45
-39
-43
-49
-41
-37
-5
5
7
-11
5
23
21
25
47
41
39
21
15
-17
-13
-19
-29
-1
-19
-47
-25
-21
-15
-19
-21
-3
-1
-25
-23
-19
-7
-17
-17
-15
-17
-9
-15
-17
-19
-1
1
27
39
21
-15
-17
-7
-29
-59
-55
-51
-55
-29
-39
-29
-81
-121
-31
279
517
567
223
17
-65
-65
-55
-65
-63
-59
-67
-55
-49
-45
-67
-53
-53
-49
-47
-47
-39
-37
-31
-37
-15
-19
-19
-19
5
15
5
17
25
33
31
41
7
-3
-13
-21
-27
-27
-29
-27
-21
-29
-35
-25
-25
-27
-23
-25
-35
-37
-29
-25
-23
-21
-23
-31
-31
-39
-25
-21
1
-1
17
11
-5
-25
-29
-25
-53
-63
-53
-63
-63
-61
-51
-45
-115
-129
-9
281
529
535
191
-5
-57
-79
-73
-75
-77
-73
-65
-85
-69
-75
-73
-71
-41
-65
-75
-61
-61
-41
-43
-35
-35
-39
-33
-33
-15
-1
17
9
1
9
15
9
15
3
-25
-31
-27
-35
-47
-45
-43
-43
-33
-33
-35
-43
-43
-37
-33
-25
-33
-33
-31
-33
-35
-37
-39
-39
-41
-43
-39
-45
-41
-17
-23
-21
3
-5
-15
-31
-33
-47
-65
-75
-65
-55
-63
-77
-65
-59
-133
-135
-1
337
575
455
91
-49
-75
-79
-79
-81
-79
-81
-83
-79
-75
-73
-73
-77
-69
-67
-71
-69
-63
-55
-51
-49
-43
-37
-29
-19
1
-15
-11
-1
7
11
7
9
1
-13
-25
-31
-35
-37
-47
-41
-39
-31
-39
-41
-39
-37
-35
-31
-31
-31
-33
-31
-31
-33
-27
-35
-39
-37
-37
-39
-43
-33
-15
-17
-17
7
3
-3
-15
-15
-35
-51
-57
-51
-51
-47
-51
-37
-45
-125
-119
105
461
627
369
53
-37
-53
-59
-59
-57
-57
-55
-53
-53
-47
-43
-43
-37
-39
-43
-43
-39
-37
-27
-23
-19
-15
-5
7
9
19
31
31
37
39
39
37
27
17
5
-1
-13
-19
-19
-17
-17
-17
-17
-15
-9
-9
-5
1
-5
-11
-9
-5
-7
-3
-3
-3
-1
-5
-5
-7
-5
-5
-9
-13
-3
11
11
9
39
39
35
17
15
-7
-29
-29
-27
-27
-29
-19
-11
-11
-101
-101
95
435
617
515
147
11
-27
-37
-39
-41
-37
-37
-31
-33
-41
-41
-35
-35
-31
-25
-21
-19
-19
-9
-9
-11
-3
5
15
19
29
49
57
47
53
57
57
45
33
21
11
5
3
-1
-5
-5
-13
-5
3
-5
-5
1
1
5
-3
-7
-3
-1
5
1
-5
7
3
-11
-9
-5
-11
-3
-3
-15
-11
-5
9
17
13
31
49
33
15
9
11
-9
-21
-25
-25
-33
-27
-21
-9
-49
-95
-37
239
513
621
333
67
-3
-23
-25
-27
-27
-23
-17
-23
-19
-13
-17
-7
1
-31
-25
-17
-11
-1
1
7
3
5
17
25
35
43
45
41
47
57
65
65
69
65
47
9
-1
-3
-1
11
-5
-11
-7
-7
-3
9
7
-7
-3
-5
-3
1
1
-5
9
-5
-17
-13
-11
-15
-17
-13
-5
-21
-23
-21
-13
-17
-19
-23
-17
-13
-13
3
7
13
29
39
13
-1
-13
-23
-37
-41
-33
-31
-33
-17
-25
-99
-111
-19
275
517
535
213
21
-41
-61
-59
-59
-71
-65
-63
-61
-67
-61
-59
-59
-67
-63
-59
-55
-53
-59
-59
-55
-45
-35
-35
-39
-29
-11
-15
-15
-1
3
7
17
9
-15
-31
-37
-45
-45
-53
-59
-53
-51
-57
-55
-57
-55
-49
-51
-53
-51
-57
-57
-55
-57
-59
-53
-55
-73
-71
-67
-65
-67
-67
-63
-65
-61
-73
-75
-67
-65
-73
-67
-51
-45
-49
-27
-21
-35
-49
-57
-69
-81
-85
-81
-81
-81
-69
-63
-125
-167
-79
199
495
571
217
-21
-81
-93
-91
-91
-87
-93
-91
-93
-89
-85
-71
-83
-83
-77
-75
-79
-73
-63
-61
-55
-61
-49
-41
-35
-23
-11
-7
-1
-5
5
5
5
-1
-13
-23
-31
-43
-49
-49
-47
-45
-41
-41
-39
-39
-35
-31
-35
-41
-37
-29
-35
-33
-31
-35
-37
-33
-37
-29
-39
-45
-47
-39
-41
-39
-33
-35
-33
-43
-41
-47
-27
-1
-5
-5
13
11
5
-17
-19
-23
-45
-47
-45
-43
-45
-45
-33
-41
-123
-105
67
365
583
513
149
-3
-43
-53
-59
-53
-51
-61
-59
-47
-53
-51
-49
-43
-45
-41
-41
-37
-39
-41
-27
-11
-19
-15
-15
-3
13
17
17
39
47
39
33
35
35
15
3
-7
-9
-15
-21
-23
-17
-13
-21
-27
-17
-11
-11
-11
-9
-15
-13
-11
-15
-15
-13
-9
-11
-3
-15
-31
-21
-25
-23
-17
-21
-23
-19
-21
-9
-19
-15
3
3
15
25
37
9
5
-7
-27
-39
-33
-33
-29
-27
-19
-15
-83
-105
11
327
545
543
205
21
-25
-33
-53
-49
-45
-39
-35
-45
-39
-39
-39
-37
-31
-37
-37
-27
-21
-23
-25
-19
-7
-7
5
3
19
13
23
37
45
51
49
47
35
31
13
-5
-13
-1
-17
-3
-11
-23
-31
-7
-11
-11
-15
1
1
1
-17
-11
-5
-9
-13
-11
-19
-19
-13
-19
-21
-13
-23
-29
-19
-17
-21
3
-33
-11
3
3
15
27
23
-15
-15
-23
-39
-43
-37
-21
-43
-25
-7
-93
-113
-29
259
515
555
233
25
-31
-53
-61
-39
-51
-69
-63
-63
-59
-55
-43
-47
-71
-63
-59
-55
-53
-43
-47
-33
-33
-37
-39
-31
-17
-5
-7
1
33
9
17
1
-13
-13
-25
-37
-43
-47
-47
-55
-41
-59
-43
-55
-51
-53
-43
-41
-41
-35
-45
-49
-43
-39
-47
-51
-45
-49
-55
-51
-55
-55
-61
-51
-59
-57
-41
-41
-37
-33
-15
-21
-23
-37
-41
-63
-73
-73
-65
-71
-57
-57
-65
-135
-107
59
399
601
395
37
-63
-73
-67
-77
-83
-81
-75
-75
-71
-71
-67
-67
-61
-55
-59
-61
-57
-55
-53
-43
-41
-35
-23
-23
-17
-5
1
9
27
17
19
23
15
7
-11
-19
-23
-31
-31
-35
-31
-35
-31
-31
-19
-25
-29
-23
-17
-19
-17
-15
-15
-15
-19
-19
-9
-19
-23
-25
-25
-27
-23
-21
-25
-21
-23
-23
-9
1
3
17
23
21
3
-7
-11
-27
-39
-39
-31
-29
-31
-25
-23
-101
-93
67
403
605
503
143
3
-33
-41
-41
-47
-45
-47
-43
-43
-41
-43
-41
-35
-33
-31
-31
-31
-25
-25
-23
-19
-15
1
5
11
15
21
31
41
43
47
47
43
39
25
13
3
-3
-15
-23
-27
-25
-23
-19
-15
-13
-9
-5
-9
-15
-7
-3
-1
-11
-9
3
7
-3
-5
-29
-27
-21
-11
-13
-7
-23
-25
7
-11
3
-1
15
25
23
11
17
-9
-41
-43
-37
-37
-31
-27
-17
-1
-101
-117
11
331
565
537
171
5
-25
-43
-51
-63
-57
-51
-37
-39
-29
-45
-53
-51
-47
-39
-37
-39
-33
-33
-27
-21
-13
-13
3
5
5
21
23
29
35
43
43
33
19
11
-1
-17
-25
-25
-23
-35
-29
-27
-27
-27
-33
-27
-21
-17
-25
-25
-17
-19
-19
-21
-15
-23
-25
-21
-17
-21
-29
-33
-37
-37
-33
-25
-33
-37
-31
-33
-19
-11
-1
31
-3
-7
-21
-13
-23
-43
-51
-49
-45
-47
-45
-37
-63
-109
-61
155
449
599
313
33
-45
-63
-61
-55
-71
-69
-67
-75
-67
-61
-59
-69
-57
-61
-55
-59
-57
-55
-51
-39
-27
-23
-37
-37
-23
-13
-5
9
17
23
9
15
9
-3
-15
-43
-39
-37
-59
-63
-57
-55
-45
-43
-51
-55
-37
-51
-47
-49
-43
-47
-47
-39
-43
-37
-57
-55
-47
-47
-53
-35
-53
-47
-63
-63
-57
-57
-57
-47
-45
-17
-41
-33
-21
-13
-23
-39
-35
-31
-57
-65
-57
-63
-59
-55
-43
-109
-127
-31
263
517
573
227
-5
-57
-65
-65
-59
-61
-61
-63
-57
-61
-53
-55
-55
-47
-45
-49
-49
-41
-33
-37
-35
-25
-19
-17
-5
7
15
19
21
31
37
39
61
49
5
-3
-3
-13
-23
-23
-29
-31
-29
-27
-25
-27
-19
-25
-19
-21
-15
-19
-23
-11
-21
-25
-17
-21
-25
-19
-23
-21
-19
-31
-33
-11
-31
-31
-31
-31
-27
-29
-21
-25
-9
-13
-9
-1
11
11
5
-11
-9
-17
-35
-43
-37
-35
-35
-27
-23
-45
-107
-45
197
489
605
313
53
3
-51
-59
-53
-53
-55
-25
-39
-61
-63
-57
-47
-45
-45
-39
-39
-35
-29
-27
-35
-25
-25
-13
-5
7
15
21
39
41
35
37
41
37
33
17
1
-7
-19
-29
-25
-27
-37
-31
-29
-29
-23
-25
-23
-23
-19
-23
-21
-23
-25
-19
-31
-27
-29
-25
-29
-29
-29
-27
-33
-35
-21
-31
-39
-33
-33
-43
-33
-37
-37
-21
-15
-7
-17
5
7
-11
-21
7
-31
-45
-45
-57
-47
-41
-39
-33
-91
-99
19
345
555
451
121
-5
-41
-55
-57
-55
-59
-33
-57
-67
-59
-55
-55
-53
-49
-57
-55
-43
-43
-31
-45
-45
-37
-29
-23
-13
1
5
11
23
19
23
33
35
21
3
-9
-25
-31
-39
-41
-47
-45
-43
-47
-45
-43
-47
-43
-43
-45
-47
-43
-39
-41
-43
-43
-39
-47
-49
-49
-53
-51
-51
-51
-51
-51
-51
-51
-53
-55
-59
-59
-47
-55
-51
-37
-35
-27
-11
-9
-27
-37
-35
-49
-61
-65
-61
-55
-53
-49
-43
-113
-113
17
351
565
465
107
-25
-47
-57
-67
-69
-61
-65
-61
-63
-59
-57
-51
-55
-47
-47
-41
-43
-45
-41
-35
-25
-23
-15
-9
-1
3
17
27
39
41
43
45
43
35
23
7
3
-19
-23
-27
-27
-25
-25
-27
-19
-23
-23
-25
-19
-23
-11
-15
-21
-21
-13
-15
-15
-19
-25
-23
-23
-23
-21
-21
-27
-25
-27
-25
-27
-31
-25
-27
-33
-29
-5
7
-3
19
19
17
-3
-3
-11
-27
-33
-45
-37
-33
-29
-17
-43
-109
-53
161
443
609
409
107
3
-31
-35
-51
-51
-41
-47
-49
-47
-39
-39
-35
-37
-39
-35
-33
-29
-29
-25
-25
-13
-11
-7
7
23
19
29
25
39
47
53
63
61
39
33
15
3
-9
-13
-15
-17
-21
-15
-21
-17
-17
-15
-15
-7
-13
-13
-5
-7
-11
-19
-13
-15
-17
-19
-19
-17
-15
-19
-21
-23
-23
-23
-27
-23
-17
-5
-1
1
25
15
3
-7
-7
-23
-43
-39
-41
-33
-33
-29
-31
-93
-105
23
335
557
451
135
-3
-43
-51
-53
-55
-55
-53
-57
-55
-53
-47
-49
-49
-49
-47
-47
-43
-41
-37
-33
-29
-27
-21
-9
-5
9
15
23
29
33
41
45
37
29
13
-7
-23
-29
-35
-37
-39
-39
-43
-39
-43
-43
-39
-35
-39
-39
-39
-35
-37
-45
-37
-39
-41
-43
-43
-41
-41
-53
-51
-47
-49
-53
-51
-47
-33
-25
-29
-9
-13
-17
-33
-33
-47
-63
-71
-63
-63
-61
-55
-47
-73
-147
-103
109
423
583
345
33
-53
-73
-81
-75
-75
-73
-75
-85
-81
-77
-73
-73
-71
-67
-69
-65
-65
-63
-57
-55
-53
-45
-43
-29
-21
-11
-3
-1
9
17
19
19
-1
-17
-27
-31
-31
-41
-55
-55
-51
-49
-47
-45
-41
-37
-39
-51
-47
-41
-39
-37
-35
-35
-41
-41
-35
-35
-49
-43
-43
-43
-37
-19
-19
-11
-1
-1
-5
-21
-25
-37
-53
-55
-45
-43
-55
-51
-37
-55
-129
-97
97
447
627
437
87
-27
-61
-61
-57
-55
-53
-45
-45
-51
-45
-43
-39
-41
-41
-35
-25
-25
-23
-21
-23
-11
-1
5
9
17
27
37
49
49
53
59
53
53
37
23
11
5
-1
-9
-11
-7
-5
-7
-7
-9
-3
-3
-3
-1
1
1
1
3
5
-1
-1
5
5
-3
-5
-5
-5
-5
-11
7
17
21
23
47
49
41
19
11
1
-21
-29
-29
-23
-25
-21
-15
-13
-87
-109
19
337
561
597
241
43
-21
-37
-37
-41
-41
-35
-39
-43
-41
-37
-33
-31
-33
-29
-27
-27
-31
-23
-19
-11
-1
-5
-1
13
17
31
41
51
53
63
65
57
43
35
23
5
-7
-9
-11
-9
-11
-7
-5
-5
-1
-1
-3
-1
-5
3
3
1
-1
1
-1
-1
-5
-5
-3
-7
-9
-7
-13
-15
-11
11
19
17
43
43
33
9
3
-11
-31
-35
-35
-25
-21
-37
-33
-23
-107
-107
43
373
587
497
145
-3
-37
-43
-43
-49
-51
-47
-47
-47
-45
-45
-55
-51
-45
-43
-41
-39
-33
-27
-27
-27
-17
-9
-1
3
13
25
29
43
47
51
45
39
31
19
5
-3
-9
-21
-29
-29
-23
-23
-27
-27
-23
-23
-23
-25
-21
-21
-21
-23
-19
-25
-27
-25
-27
-35
-33
-39
-39
-41
-43
-43
-31
-19
-17
-21
-3
3
-19
-25
-25
-51
-67
-69
-59
-55
-55
-63
-55
-85
-145
-85
147
451
589
297
45
-43
-71
-75
-75
-69
-73
-75
-69
-69
-69
-63
-59
-63
-59
-59
-57
-55
-51
-59
-53
-45
-31
-31
-41
-29
-13
-11
1
-1
1
13
23
21
-17
-35
-39
-43
-51
-53
-55
-55
-51
-53
-59
-59
-57
-57
-49
-49
-51
-47
-35
-53
-65
-57
-51
-55
-59
-55
-51
-69
-75
-55
-41
-39
-23
-1
1
-61
-57
-53
-67
-77
-73
-71
-67
-65
-61
-57
-133
-145
-13
353
591
495
103
-43
-75
-75
-81
-79
-77
-73
-71
-69
-75
-81
-71
-71
-65
-65
-65
-57
-45
-53
-53
-47
-39
-37
-31
-19
-9
-5
1
11
17
17
21
17
7
-3
-17
-25
-23
-23
-35
-37
-29
-25
-27
-27
-23
-17
-17
-25
-21
-17
-15
-17
-19
-19
-15
-9
-5
-31
-29
-31
-21
-23
-23
-7
5
3
27
31
25
7
-3
-13
-33
-43
-39
-33
-33
-33
-31
-23
-87
-129
-9
301
541
617
297
53
-25
-49
-51
-47
-51
-57
-53
-53
-45
-51
-47
-49
-43
-41
-43
-37
-35
-33
-27
-27
-19
-11
-1
9
11
21
31
33
35
45
51
47
31
17
11
5
-9
-19
-25
-25
-19
-23
-19
-7
-1
-15
-11
-11
-15
-13
-13
-11
-9
-9
-11
-13
-9
-23
-23
-19
-21
-13
-1
5
9
39
37
29
11
-5
-15
-29
-37
-49
-47
-41
-37
-37
-27
-67
-129
-73
179
473
617
359
63
-29
-55
-57
-59
-61
-57
-57
-55
-43
-57
-65
-59
-55
-49
-47
-49
-45
-37
-37
-35
-29
-25
-17
-11
-3
5
9
13
21
27
33
31
17
7
-9
-19
-23
-37
-31
-31
-29
-31
-33
-31
-27
-21
-23
-17
-21
-25
-29
-23
-25
-21
-25
-29
-27
-23
-27
-31
-27
-17
-7
-7
27
25
11
-7
-15
-23
-43
-59
-57
-55
-55
-51
-47
-39
-57
-137
-117
101
429
605
383
75
-27
-67
-73
-73
-75
-81
-77
-75
-75
-73
-65
-73
-73
-79
-71
-67
-69
-67
-63
-59
-57
-51
-47
-39
-41
-29
-21
-15
-9
-3
-1
-1
-19
-25
-37
-43
-51
-55
-61
-61
-57
-59
-59
-57
-53
-51
-57
-55
-53
-53
-49
-49
-51
-53
-57
-55
-57
-59
-61
-53
-41
-29
-31
-13
-19
-29
-41
-45
-61
-81
-83
-77
-75
-83
-79
-67
-69
-151
-151
7
363
569
481
133
-31
-79
-93
-95
-99
-97
-95
-93
-97
-91
-89
-91
-87
-87
-83
-71
-73
-81
-75
-69
-67
-61
-49
-47
-37
-27
-29
-27
-15
-11
-9
-9
-19
-25
-33
-41
-47
-53
-57
-57
-53
-51
-51
-47
-49
-43
-37
-35
-37
-37
-37
-29
-33
-37
-37
-39
-39
-37
-33
-15
-13
-13
-1
11
9
-5
-11
-15
-35
-51
-55
-51
-49
-43
-37
-29
-71
-125
-57
221
503
627
417
101
-5
-41
-53
-47
-41
-49
-51
-53
-51
-45
-43
-37
-41
-37
-29
-27
-33
-35
-25
-21
-21
-15
-7
1
7
15
27
33
31
33
37
35
31
23
15
7
5
-3
-21
-19
-17
-13
-13
-3
-5
-1
-3
-3
3
3
3
-5
-7
-1
-5
-5
-3
-7
-9
-5
11
19
15
33
43
35
25
11
-1
-21
-29
-37
-39
-37
-31
-29
-21
-55
-125
-63
185
489
637
387
85
-5
-35
-45
-53
-53
-53
-51
-51
-45
-37
-39
-49
-47
-41
-35
-29
-35
-35
-31
-23
-19
-13
-9
-3
7
13
19
27
35
41
35
31
27
21
11
-1
-11
-15
-17
-17
-19
-13
-9
-7
-15
-21
-17
-11
-13
-9
-9
-9
-11
-7
-15
-17
-11
-11
-17
-7
7
5
17
37
33
23
5
-1
-23
-45
-51
-45
-43
-37
-35
-33
-43
-123
-101
95
429
615
421
103
-9
-47
-63
-61
-61
-63
-53
-53
-57
-55
-51
-59
-57
-51
-43
-45
-53
-49
-41
-37
-39
-33
-29
-21
-13
-5
-3
-5
-1
5
13
15
9
-3
-15
-23
-23
-39
-45
-43
-43
-43
-37
-37
-31
-31
-33
-37
-39
-33
-37
-39
-37
-37
-39
-43
-43
-43
-43
-31
-23
-23
-11
11
3
-19
-31
-41
-59
-73
-75
-75
-75
-71
-61
-57
-91
-165
-111
151
477
611
329
37
-51
-79
-81
-91
-99
-85
-87
-95
-91
-85
-85
-81
-81
-73
-73
-79
-75
-69
-67
-63
-57
-55
-45
-41
-35
-33
-27
-17
-13
-5
-5
-9
-15
-19
-29
-35
-45
-43
-43
-47
-43
-43
-47
-43
-39
-35
-35
-41
-35
-33
-31
-35
-37
-35
-31
-31
-29
-27
-15
-11
-3
15
13
-1
-15
-15
-33
-51
-55
-49
-47
-47
-39
-29
-83
-133
-45
293
567
607
249
25
-31
-47
-47
-49
-49
-47
-45
-49
-41
-41
-39
-37
-35
-29
-29
-29
-27
-23
-23
-13
-9
-9
-3
7
13
13
17
25
31
39
41
35
33
23
11
3
-1
-5
-13
-9
-3
-3
-7
1
-5
-1
3
3
-1
5
5
19
1
-3
-5
-1
1
-3
-5
5
23
23
33
63
53
45
33
19
3
-23
-35
-31
-29
-29
-29
-27
-19
-99
-117
25
379
595
543
191
21
-33
-45
-43
-47
-49
-53
-53
-49
-45
-41
-41
-41
-39
-35
-35
-31
-29
-21
-17
-21
-19
-11
-3
3
9
17
25
37
31
35
35
29
15
1
-9
-13
-15
-19
-17
-17
-17
-17
-17
-17
-17
-15
-11
-13
-11
-11
-11
-9
-15
-19
-19
-21
-15
-17
1
1
9
23
37
29
31
43
-15
-41
-53
-53
-51
-45
-43
-31
-41
-33
-125
-131
19
375
595
547
195
5
-51
-75
-69
-69
-59
-63
-69
-65
-65
-65
-63
-59
-59
-57
-53
-49
-49
-47
-43
-39
-43
-35
-31
-23
-19
-11
-3
3
3
3
1
-7
-17
-27
-21
-45
-57
-53
-51
-51
-51
-53
-47
-45
-47
-45
-45
-53
-49
-47
-45
-45
-49
-49
-51
-53
-39
-29
-29
-23
-3
-5
-21
-39
-35
-51
-75
-83
-79
-45
-69
-85
-77
-65
-127
-175
-77
249
529
607
255
5
-67
-89
-93
-89
-87
-87
-89
-91
-85
-83
-77
-75
-71
-55
-57
-69
-81
-69
-59
-57
-53
-51
-39
-29
-23
-5
-13
-23
-13
-3
3
3
-9
-15
-19
-21
-29
-39
-35
-33
-31
-21
-23
-21
-21
-19
-21
-17
-11
-15
-15
-15
-13
-21
-23
-27
-23
-3
3
-9
17
33
27
13
-7
-9
-23
-37
-47
-49
-51
-49
-47
-35
-45
-127
-131
63
411
599
529
163
3
-47
-57
-61
-61
-61
-53
-57
-53
-53
-45
-41
-57
-57
-47
-39
-41
-43
-35
-35
-33
-25
-25
-15
-11
-7
1
3
9
7
17
15
5
-7
-23
-25
-31
-43
-43
-43
-43
-33
-21
-35
-43
-37
-39
-33
-29
-25
-27
-23
-23
-25
-33
-31
-31
-25
-7
-7
-9
19
29
17
-1
-11
-27
-51
-65
-67
-63
-59
-59
-53
-49
-127
-163
-23
343
571
547
211
7
-57
-75
-83
-81
-87
-83
-81
-79
-75
-77
-79
-75
-71
-71
-71
-65
-59
-59
-59
-53
-47
-39
-37
-29
-25
-11
-11
-7
-5
5
13
9
-11
-27
-33
-33
-31
-37
-41
-41
-37
-35
-37
-25
-23
-25
-23
-19
-17
-17
-23
-19
-21
-21
-21
-19
-5
3
1
19
43
37
27
13
1
-27
-45
-47
-43
-47
-41
-37
-29
-57
-141
-95
153
487
643
433
109
-9
-53
-61
-63
-67
-67
-67
-63
-65
-61
-59
-57
-57
-51
-53
-51
-45
-43
-43
-37
-33
-33
-25
-25
-15
-11
-5
5
5
7
15
13
7
-1
-5
-21
-25
-27
-37
-35
-33
-27
-31
-27
-27
-21
-17
-17
-19
-21
-23
-13
-5
-11
-39
-19
-9
-5
-1
33
35
29
9
1
-15
-39
-53
-49
-49
-47
-47
-41
-33
-99
-147
-29
315
559
585
245
37
-39
-69
-71
-69
-65
-63
-63
-61
-61
-59
-57
-55
-55
-55
-55
-51
-51
-45
-41
-39
-35
-31
-31
-27
-23
-15
-11
-11
-1
5
3
-5
-11
-23
-31
-39
-43
-43
-41
-45
-41
-37
-35
-31
-29
-31
-39
-37
-39
-37
-39
-41
-39
-37
-39
-45
-31
-19
-19
-13
15
13
3
-15
-29
-45
-65
-73
-69
-61
-67
-69
-65
-67
-151
-129
55
425
613
473
111
-25
-73
-85
-89
-83
-87
-83
-79
-77
-81
-77
-77
-77
-71
-71
-71
-67
-63
-61
-61
-55
-53
-47
-47
-37
-35
-29
-27
-19
-13
-7
-7
-11
-19
-27
-31
-41
-37
-45
-51
-43
-33
-37
-33
-31
-31
-33
-29
-27
-27
-29
-31
-29
-27
-29
-35
-25
-9
-9
-9
19
21
13
-13
-19
-31
-51
-53
-49
-57
-55
-49
-41
-59
-141
-97
149
501
645
431
85
-27
-53
-59
-65
-63
-69
-67
-67
-63
-55
-55
-57
-51
-49
-47
-45
-41
-41
-37
-29
-23
-23
-17
-11
-9
-9
-5
3
11
15
17
17
13
5
-3
-5
-11
-13
-19
-13
-13
-11
-7
-1
-1
-3
-5
7
-9
-5
-9
-3
-7
-5
-5
-3
-3
-11
-3
11
21
21
41
47
41
23
17
1
-25
-37
-41
-29
-31
-27
-21
-13
-79
-129
-19
309
565
633
327
73
-9
-41
-45
-51
-47
-49
-43
-43
-43
-47
-43
-37
-39
-35
-33
-29
-29
-25
-27
-25
-17
-17
-9
-5
1
7
11
15
25
29
31
37
31
19
11
3
-1
-7
-9
-7
-7
-3
-5
-7
-1
1
-1
-1
3
-3
-1
1
3
1
-5
-5
-3
-5
-1
17
23
21
53
53
37
21
13
-9
-27
-37
-33
-31
-27
-29
-23
-35
-111
-87
145
491
647
385
93
-11
-39
-47
-51
-43
-47
-51
-51
-43
-41
-43
-41
-39
-39
-35
-35
-29
-25
-25
-19
-17
-11
-9
-5
-1
5
11
17
21
29
33
33
25
19
11
3
-5
-11
-11
-13
-11
-9
-9
-5
-5
-5
-5
-5
-5
-7
-5
-5
-7
-7
-13
-11
-15
-15
-19
-21
-1
5
5
21
41
31
9
-1
-9
-27
-51
-51
-53
-49
-47
-43
-33
-83
-135
-55
241
537
571
239
21
-47
-69
-69
-69
-71
-75
-69
-71
-67
-67
-67
-65
-61
-57
-59
-59
-51
-45
-47
-45
-45
-35
-29
-23
-15
-9
-1
1
-3
-1
3
9
1
-5
-11
-17
-21
-25
-21
-19
-21
-19
-19
-15
-13
-13
-15
-9
-7
-15
-15
-11
-11
-15
-15
-17
-15
-13
1
5
13
33
31
25
5
5
-11
-29
-33
-33
-31
-27
-23
-19
-57
-117
-57
181
505
647
381
75
-13
-39
-41
-43
-41
-41
-41
-41
-39
-37
-29
-31
-27
-31
-27
-25
-23
-19
-15
-17
-9
-5
-3
1
3
11
11
17
21
27
27
27
15
13
7
-1
-5
-5
-9
-5
-9
-7
-1
-1
1
5
7
5
5
7
7
7
5
7
3
5
-1
7
19
27
25
55
53
47
25
19
7
-17
-23
-23
-21
-21
-19
-15
-15
-101
-107
73
421
619
581
231
43
-15
-39
-43
-45
-43
-45
-45
-43
-41
-41
-39
-39
-39
-39
-39
-35
-33
-31
-29
-25
-27
-21
-15
-11
-3
-1
3
11
15
13
17
11
1
-5
-13
-19
-23
-29
-29
-27
-25
-25
-23
-23
-19
-19
-17
-17
-19
-21
-17
-19
-21
-27
-23
-21
-29
-23
-5
-3
-1
19
29
23
5
-3
-17
-41
-55
-59
-55
-55
-51
-49
-39
-111
-145
-31
295
543
585
251
21
-49
-67
-77
-77
-77
-79
-77
-77
-75
-73
-69
-69
-69
-67
-63
-61
-57
-57
-53
-51
-47
-43
-35
-29
-23
-17
-15
-9
-3
-3
-3
-5
-15
-25
-33
-41
-45
-51
-47
-49
-47
-45
-45
-43
-41
-41
-37
-39
-39
-37
-37
-37
-35
-37
-39
-43
-43
-35
-25
-21
-19
9
5
1
-23
-31
-41
-65
-73
-73
-71
-67
-65
-63
-59
-135
-143
-7
347
573
479
141
-13
-67
-81
-85
-87
-85
-87
-83
-85
-79
-79
-77
-75
-73
-71
-71
-69
-69
-63
-61
-55
-53
-49
-45
-41
-33
-29
-25
-19
-13
-11
-11
-17
-25
-31
-41
-49
-53
-55
-57
-61
-57
-55
-55
-55
-53
-49
-51
-45
-51
-47
-47
-49
-49
-51
-49
-55
-55
-53
-57
-51
-37
-31
-29
-1
-7
-13
-31
-43
-55
-77
-81
-81
-77
-73
-73
-63
-83
-159
-123
123
461
603
303
19
-67
-87
-93
-93
-93
-91
-91
-87
-87
-81
-83
-85
-83
-75
-73
-73
-71
-67
-67
-65
-55
-53
-45
-41
-35
-29
-25
-21
-11
-9
-13
-17
-25
-33
-43
-47
-53
-53
-55
-57
-55
-47
-45
-51
-47
-43
-43
-43
-37
-37
-35
-35
-33
-37
-37
-35
-35
-33
-29
-19
-13
-3
13
17
-1
-15
-19
-43
-55
-49
-43
-59
-57
-45
-39
-69
-135
-79
197
513
625
309
53
-27
-55
-59
-59
-53
-59
-61
-61
-61
-51
-45
-49
-43
-39
-41
-49
-41
-35
-27
-21
-17
-15
-9
-11
-3
15
25
17
19
29
31
31
3
-11
-19
-19
-23
-19
-17
-23
-31
-25
-25
-19
-15
-5
-5
-17
-13
-21
-13
-11
-11
-9
-1
-11
-21
-23
-23
-17
5
11
5
25
29
29
15
11
-11
-41
-49
-43
-43
-41
-41
-37
-27
-87
-133
-39
255
513
603
303
51
-31
-49
-59
-57
-47
-57
-63
-63
-55
-53
-51
-55
-47
-45
-49
-49
-43
-41
-35
-35
-31
-29
-21
-7
-3
3
7
7
13
21
21
19
9
-1
-17
-21
-23
-29
-29
-31
-29
-25
-29
-33
-33
-25
-25
-23
-23
-19
-21
-27
-25
-21
-27
-23
-23
-23
-31
-31
-33
-13
-3
-9
1
25
19
7
-5
-17
-39
-55
-57
-55
-51
-53
-45
-39
-91
-149
-59
251
523
587
269
29
-41
-69
-71
-65
-75
-73
-69
-65
-69
-61
-59
-59
-61
-61
-57
-57
-57
-53
-47
-43
-41
-33
-31
-31
-23
-17
-9
-7
7
11
-1
1
-3
-15
-37
-39
-37
-45
-49
-47
-51
-45
-41
-39
-39
-41
-39
-37
-35
-37
-33
-31
-37
-45
-35
-37
-35
-35
-43
-45
-47
-29
-21
-21
-11
15
19
7
-19
-27
-47
-63
-65
-63
-61
-51
-55
-57
-53
-137
-137
1
343
563
509
171
-5
-65
-79
-71
-77
-75
-77
-75
-77
-77
-75
-65
-65
-71
-67
-63
-63
-63
-57
-49
-41
-49
-37
-35
-23
-17
-13
-5
-3
-1
5
-1
-7
-11
-21
-31
-33
-41
-43
-43
-47
-39
-37
-37
-37
-35
-39
-37
-27
-25
-31
-29
-33
-31
-25
-31
-25
-31
-39
-39
-25
-7
-7
-7
27
27
19
-5
-9
-23
-49
-61
-45
-45
-51
-47
-43
-41
-119
-121
23
341
567
521
181
13
-37
-57
-57
-61
-57
-59
-55
-53
-43
-53
-51
-49
-47
-47
-43
-35
-41
-37
-33
-25
-23
-17
-17
-7
-3
5
11
15
21
29
25
23
15
1
-5
-11
-11
-19
-17
-17
-13
-21
-21
-9
-11
-13
-9
-7
-11
-9
-7
-7
-9
-5
-13
-19
-15
-15
-1
9
11
27
41
33
23
7
9
-21
-39
-45
-37
-29
-27
-31
-25
-39
-109
-87
111
467
629
367
89
-9
-49
-49
-49
-43
-55
-55
-47
-43
-45
-37
-41
-37
-47
-47
-33
-31
-37
-31
-17
-17
-21
-21
-3
3
5
13
21
33
27
25
23
15
1
-7
-9
-15
-17
-19
-21
-19
-25
-17
-13
-13
-7
-7
-7
-11
-11
-9
-11
-15
-9
-9
-13
-17
-19
-21
-15
-7
7
5
29
33
29
11
-3
3
-33
-49
-47
-41
-39
-39
-37
-23
-65
-123
-61
189
495
625
349
49
-33
-59
-57
-59
-59
-55
-53
-57
-61
-55
-53
-51
-51
-53
-45
-39
-41
-41
-43
-39
-37
-27
-25
-11
-17
-9
1
3
5
11
15
7
-5
-9
-21
-25
-31
-35
-35
-35
-35
-35
-33
-31
-29
-27
-25
-27
-23
-19
-27
-29
-27
-29
-31
-27
-29
-31
-27
-31
-33
-33
-29
-23
-15
-13
5
19
9
-1
-11
-15
-27
-45
-53
-43
-43
-43
-37
-33
-59
-131
-95
97
441
625
467
115
-13
-51
-51
-55
-57
-57
-59
-57
-47
-47
-49
-43
-43
-41
-37
-41
-43
-37
-31
-19
-21
-23
-27
-19
-13
-3
9
7
13
29
27
23
19
9
-5
-9
-17
-27
-25
-23
-25
-27
-21
-19
-15
-11
-17
-13
-13
-11
-11
-7
-11
-11
-13
-9
-5
-15
-15
-11
-21
-27
-23
-23
-21
-21
-19
-25
-9
5
11
13
27
25
15
1
-7
-23
-29
-29
-35
-37
-31
-21
-15
-81
-107
7
321
559
609
309
55
-17
-37
-41
-49
-45
-43
-47
-43
-41
-35
-29
-35
-35
-23
-35
-33
-31
-29
-19
-17
-11
3
-1
-3
13
13
23
25
37
49
41
37
29
11
-3
-13
-15
-9
-15
-11
-15
-21
-13
-3
-9
-13
-15
-9
-5
-5
-3
-3
-5
-13
-9
-7
-11
-13
-13
-15
-15
-11
-15
-15
-19
-11
-15
-19
-17
-1
-3
-11
-13
9
5
-11
-17
-7
-19
-27
-27
-25
-15
-9
-77
-101
-5
285
539
611
267
43
-29
-35
-31
-33
-37
-35
-27
-27
-29
-33
-39
-29
-27
-27
-29
-21
-19
-15
-13
-13
-9
-9
1
9
13
17
29
19
37
39
41
37
25
9
-1
-11
-17
-17
-19
-15
-13
-13
-19
-17
-15
-7
-11
-9
-13
-9
-11
-3
-3
-9
-15
-13
-17
-15
-21
-21
-21
-17
-17
-25
-31
-29
-25
-27
-29
-29
-39
-21
3
-9
-21
-25
-25
-33
-39
-37
-39
-29
-17
-77
-109
-11
307
555
575
229
17
-33
-43
-53
-43
-43
-51
-59
-51
-49
-53
-51
-49
-43
-47
-47
-47
-45
-49
-37
-39
-33
-29
-19
-13
-13
-11
1
5
7
15
15
9
-5
-7
-21
-27
-33
-37
-35
-35
-35
-33
-31
-21
-25
-27
-23
-25
-21
-15
-21
-19
-21
-19
-17
-21
-25
-27
-27
-25
-25
-29
-27
-25
-29
-27
-29
-25
-37
-23
5
-11
-19
-15
-25
-31
-31
-31
-25
-13
-27
-105
-79
123
451
627
447
129
7
-27
-39
-43
-39
-41
-39
-35
-37
-31
-33
-33
-33
-31
-33
-31
-31
-27
-21
-21
-15
-21
-15
-3
3
5
11
17
21
23
31
33
23
13
3
-5
-15
-23
-25
-19
-23
-21
-23
-21
-23
-15
-17
-13
-17
-13
-7
-15
-15
-17
-11
-11
-19
-17
-17
-19
-21
-15
-25
-25
-23
-19
-21
-21
-23
-25
-25
-25
-31
-13
9
-7
-17
-11
-21
-23
-27
-19
-19
-5
-27
-99
-39
229
497
605
323
87
7
-19
-23
-27
-27
-29
-23
-25
-27
-23
-21
-17
-21
-15
-19
-19
-11
-13
-11
-5
-11
-7
3
11
19
19
23
31
39
41
43
43
39
25
19
13
1
-5
-7
-5
-5
-7
-9
1
-1
1
5
-3
-1
-1
7
9
5
-7
-5
-9
-11
-17
-13
-15
-15
-13
-15
-13
-11
-11
-9
-13
-21
-19
-23
-15
-1
5
-3
-13
-13
-27
-27
-25
-25
-19
-15
-65
-105
-9
277
517
543
221
35
-29
-49
-47
-43
-47
-55
-51
-53
-53
-55
-51
-55
-55
-57
-55
-57
-53
-47
-47
-45
-45
-41
-39
-33
-25
-21
-21
-13
-11
-9
-13
-19
-23
-29
-31
-47
-53
-55
-61
-61
-61
-61
-59
-59
-57
-53
-59
-61
-57
-59
-61
-63
-61
-63
-65
-69
-71
-67
-75
-71
-79
-83
-83
-79
-79
-83
-89
-91
-87
-95
-83
-55
-73
-79
-73
-85
-95
-95
-91
-85
-79
-119
-171
-103
137
459
555
235
-13
-83
-105
-107
-107
-103
-115
-115
-113
-111
-107
-105
-107
-105
-107
-107
-107
-103
-95
-93
-91
-93
-89
-81
-71
-69
-63
-53
-51
-59
-51
-45
-41
-47
-59
-67
-73
-71
-75
-83
-87
-79
-81
-77
-77
-73
-75
-71
-67
-67
-61
-67
-67
-69
-69
-67
-65
-67
-69
-73
-71
-71
-73
-75
-71
-75
-75
-73
-67
-77
-73
-41
-47
-61
-57
-61
-65
-67
-71
-61
-57
-57
-137
-137
17
355
565
501
143
-5
-55
-69
-67
-69
-71
-69
-65
-67
-65
-63
-63
-65
-63
-61
-61
-57
-57
-49
-47
-41
-41
-37
-29
-21
-17
-13
-11
-9
-5
1
1
-9
-21
-27
-33
-37
-39
-47
-47
-47
-39
-39
-43
-37
-39
-35
-35
-33
-33
-31
-31
-35
-35
-31
-35
-37
-41
-41
-41
-43
-43
-39
-37
-23
-17
-23
-13
-7
-11
-19
-21
-29
-43
-55
-55
-53
-51
-47
-39
-45
-123
-107
65
379
571
505
181
5
-45
-61
-61
-59
-61
-61
-57
-59
-55
-51
-47
-53
-51
-53
-49
-43
-43
-41
-39
-35
-33
-27
-21
-17
-3
3
9
5
11
19
27
21
9
-1
-9
-21
-25
-25
-27
-27
-27
-33
-27
-23
-23
-21
-15
-17
-19
-19
-15
-15
-15
-17
-23
-23
-21
-23
-7
-1
-1
19
33
25
11
-1
-7
-29
-49
-51
-45
-49
-49
-37
-29
-101
-137
-45
229
509
581
265
41
-45
-73
-75
-69
-71
-73
-69
-67
-67
-65
-61
-65
-61
-61
-59
-65
-63
-59
-51
-49
-53
-43
-37
-33
-27
-23
-17
-9
-7
-3
-3
-3
-9
-19
-29
-35
-43
-45
-45
-43
-45
-47
-45
-41
-39
-35
-37
-33
-37
-35
-33
-33
-37
-35
-35
-37
-37
-43
-39
-23
-21
-17
5
7
5
-13
-21
-33
-53
-63
-61
-61
-57
-55
-51
-51
-139
-125
53
407
609
435
111
-9
-57
-67
-69
-69
-69
-69
-73
-63
-61
-57
-57
-51
-51
-51
-53
-49
-45
-39
-35
-31
-27
-23
-15
-7
1
5
11
13
15
17
19
11
3
-9
-15
-17
-21
-19
-21
-21
-19
-15
-11
-5
-3
-11
-5
-1
-3
-1
-1
-3
-1
-7
-5
-9
-11
-13
-13
-13
-15
-1
7
9
17
37
31
25
11
-1
-15
-27
-35
-47
-39
-29
-27
-29
-41
-115
-87
107
425
617
483
147
5
-33
-41
-43
-37
-35
-49
-47
-41
-39
-39
-35
-31
-31
-25
-31
-37
-29
-23
-17
-5
-3
-7
1
15
17
23
33
39
49
41
31
27
17
9
1
-3
-3
-3
-3
-9
-7
-7
-5
-5
3
7
3
3
7
9
7
5
5
5
1
1
-1
-1
-1
-9
-7
11
15
21
51
45
41
29
17
-5
-27
-31
-27
-25
-23
-21
-17
-7
-61
-107
-43
185
481
615
351
93
-1
-33
-35
-35
-39
-41
-39
-39
-41
-39
-33
-27
-31
-37
-35
-33
-33
-35
-25
-21
-15
-13
-7
1
3
15
23
23
33
39
35
31
23
17
9
-1
-7
-11
-11
-17
-19
-7
-3
-9
-15
-9
-9
-5
-3
-9
-1
5
-3
-17
-15
-13
-15
-11
-11
-5
-5
-13
-21
-3
5
11
41
35
23
11
3
-19
-41
-39
-39
-27
-31
-37
-33
-49
-109
-81
73
399
589
441
149
9
-41
-55
-55
-55
-57
-55
-51
-51
-49
-63
-63
-55
-53
-51
-53
-51
-49
-47
-43
-35
-39
-39
-33
-19
-15
-9
-9
-3
5
7
7
7
-5
-13
-17
-27
-35
-37
-39
-39
-41
-41
-37
-35
-31
-27
-33
-35
-33
-31
-31
-31
-31
-35
-31
-35
-37
-39
-31
-33
-43
-41
-25
-21
-17
7
11
-3
-19
-25
-43
-59
-63
-59
-55
-61
-57
-47
-65
-141
-109
99
439
611
403
77
-31
-69
-71
-75
-75
-75
-75
-73
-67
-71
-69
-67
-63
-63
-63
-59
-59
-57
-59
-51
-45
-41
-37
-29
-29
-23
-15
-13
-9
-3
7
3
-7
-21
-29
-35
-35
-41
-41
-41
-37
-41
-41
-37
-33
-27
-21
-29
-33
-27
-29
-25
-19
-21
-25
-21
-25
-29
-29
-31
-31
-17
-3
-7
7
27
27
25
1
-11
-29
-21
-33
-37
-35
-43
-39
-31
-63
-133
-65
237
533
621
305
43
-27
-45
-49
-51
-59
-57
-53
-47
-45
-45
-39
-43
-43
-41
-35
-37
-35
-33
-25
-23
-19
-15
-13
-3
5
13
19
23
25
29
27
25
17
7
-5
-15
-21
-25
-25
-23
-19
-23
-23
-23
-21
-19
-15
-13
-11
-9
-9
-19
-19
-17
-15
-13
-17
-17
-17
-21
-21
-19
-21
-5
-1
5
33
37
25
13
-1
-23
-39
-45
-41
-41
-39
-35
-37
-43
-121
-117
37
361
575
511
173
3
-47
-59
-61
-57
-57
-57
-55
-55
-57
-53
-51
-47
-49
-43
-45
-49
-43
-41
-39
-33
-25
-21
-21
-21
-9
-1
17
17
17
13
17
11
1
-11
-17
-25
-33
-29
-31
-35
-33
-35
-25
-19
-33
-37
-29
-27
-27
-23
-23
-27
-27
-27
-27
-27
-31
-29
-35
-39
-39
-37
-15
-13
-19
13
19
9
-5
-17
-35
-53
-61
-63
-59
-59
-59
-57
-49
-111
-153
-67
243
505
567
247
-5
-69
-81
-83
-87
-85
-87
-89
-91
-89
-79
-71
-77
-83
-89
-77
-73
-67
-65
-63
-57
-53
-49
-45
-41
-29
-23
-17
-11
-7
-5
-11
-15
-31
-37
-43
-45
-55
-55
-53
-57
-55
-55
-51
-49
-47
-43
-43
-53
-51
-51
-45
-47
-45
-49
-49
-49
-51
-53
-53
-35
-33
-33
-17
-5
1
-17
-31
-37
-55
-71
-71
-65
-61
-63
-63
-51
-69
-155
-109
127
459
619
405
53
-43
-69
-75
-69
-71
-67
-65
-65
-67
-61
-55
-57
-57
-53
-49
-45
-43
-45
-45
-37
-31
-29
-23
-15
-9
-1
7
9
17
13
21
19
11
5
-5
-11
-19
-21
-27
-23
-21
-23
-21
-21
-19
-13
-9
-11
-15
-9
-7
-3
-3
-5
-7
-11
-9
-13
-9
-11
-11
7
13
17
37
51
45
37
13
5
-15
-31
-31
-29
-27
-27
-21
-11
-53
-127
-63
207
503
643
397
87
-9
-33
-45
-47
-47
-47
-43
-45
-43
-39
-35
-35
-39
-37
-31
-37
-33
-31
-25
-21
-21
-19
-9
-1
1
9
15
17
23
21
29
29
25
13
3
-5
-11
-19
-23
-25
-23
-19
-15
-17
-13
-13
-13
-15
-11
-11
-11
-11
-11
-13
-13
-11
-13
-15
-15
-1
7
5
31
39
31
19
5
-7
-21
-39
-43
-43
-43
-45
-41
-35
-59
-127
-89
113
425
599
421
95
-23
-57
-65
-65
-63
-65
-65
-65
-61
-59
-57
-55
-57
-53
-55
-55
-51
-41
-41
-51
-45
-37
-31
-27
-17
-11
-3
-1
3
11
11
1
-7
-11
-21
-29
-49
-49
-45
-55
-51
-41
-45
-47
-41
-39
-39
-47
-47
-45
-41
-45
-49
-43
-51
-63
-65
-61
-43
-35
-37
-23
-13
-15
-27
-43
-57
-67
-85
-89
-87
-89
-87
-83
-73
-141
-173
-77
263
535
521
165
-43
-101
-107
-105
-99
-99
-101
-111
-111
-97
-93
-81
-89
-97
-95
-93
-87
-77
-87
-87
-77
-71
-67
-63
-57
-49
-37
-27
-35
-37
-21
-15
-21
-35
-49
-51
-47
-67
-79
-67
-69
-65
-61
-71
-69
-67
-57
-51
-53
-65
-57
-45
-47
-57
-51
-47
-57
-57
-39
-29
-29
-23
-3
-5
-9
-31
-41
-61
-69
-69
-79
-77
-69
-65
-59
-79
-159
-121
107
463
635
401
31
-67
-79
-85
-89
-85
-89
-85
-79
-69
-63
-79
-79
-63
-63
-67
-61
-65
-55
-45
-45
-43
-41
-33
-17
-5
-11
3
1
9
11
13
7
-1
-9
-21
-27
-31
-33
-27
-21
-19
-39
-37
-27
-23
-21
-17
-15
-13
-7
-5
-7
-7
-9
-1
15
9
13
35
35
31
7
7
-5
-25
-47
-37
-37
-39
-25
-17
-49
-131
-115
91
481
651
567
119
-43
-53
-53
-55
-55
-55
-55
-51
-53
-49
-49
-43
-47
-45
-39
-39
-37
-37
-31
-35
-31
-27
-25
-19
-7
1
3
5
11
13
13
17
11
3
-11
-19
-25
-23
-27
-27
-25
-25
-25
