-79
-89
-109
-77
-99
-111
-71
-77
-67
-57
-63
-55
-85
-87
-91
-103
-123
-131
-135
-129
-125
-135
-129
-67
55
225
371
109
-183
-273
-251
-223
-173
-149
-165
-153
-151
-117
-163
-123
-113
-101
-109
-121
-113
-91
-95
-91
-85
-83
-85
-75
-65
-75
-63
-43
-47
-41
-29
-9
9
7
13
35
21
35
13
37
29
31
33
41
13
27
63
55
43
31
43
31
47
41
35
51
53
77
71
79
91
95
93
89
61
69
71
45
35
41
19
9
7
5
63
169
293
451
271
-5
-155
-129
-93
-81
-35
-31
-43
-23
-37
-27
-55
-53
-25
-17
-23
-25
-27
-27
-29
-39
-41
-57
-45
-25
-43
-23
-29
-33
-23
-33
-37
9
33
13
11
1
9
-23
-29
21
11
-15
-5
11
-11
-7
-47
-19
3
3
13
17
9
5
9
35
37
41
49
53
31
39
39
41
3
31
13
-19
35
47
25
103
231
393
529
281
-13
-123
-89
-57
-7
7
7
7
-13
11
3
27
25
11
1
-5
-3
-1
13
9
-7
1
19
-11
3
3
-13
-25
-11
19
31
13
29
51
67
45
51
79
67
71
53
59
59
61
61
55
55
71
57
63
49
51
79
81
77
81
83
87
81
77
77
51
55
57
57
43
39
41
57
35
53
159
277
437
427
133
-73
-83
21
-1
21
63
37
37
65
55
31
51
35
19
3
25
53
41
27
15
11
19
13
5
11
5
15
19
3
7
45
41
59
83
43
25
17
23
31
9
15
17
-1
5
-13
-11
3
-45
21
29
-3
-5
31
31
13
39
35
25
53
53
39
17
9
11
9
-9
-29
-41
-9
-31
-23
19
79
251
417
293
-15
-141
-171
-85
-85
-45
-39
-39
-33
-73
-37
-45
-37
-59
-77
-69
-67
-35
-17
-11
-57
-113
-37
-9
-47
-61
-37
-55
-49
-43
-45
-35
-19
-13
-23
-27
-11
-35
-31
-37
-31
-33
-41
-33
-47
-25
-31
-39
-39
-37
-35
-31
-39
-23
-15
-17
-21
-3
-17
-5
-15
-39
-51
-53
-51
-63
-59
-63
-55
-57
-69
7
125
289
405
121
-127
-203
-191
-165
-143
-103
-99
-97
-75
-95
-101
-83
-85
-81
-91
-89
-77
-95
-103
-93
-111
-85
-47
-65
-53
-63
-73
-67
-77
-65
-49
-35
-29
-37
-29
-23
-35
-33
-43
-47
-49
-33
-55
-49
-55
-53
-65
-61
-57
-55
-61
-53
-49
-59
-65
-47
-43
-45
-45
-21
-19
-23
-15
-35
-35
-25
-45
-53
-55
-47
-53
-41
-47
-47
25
151
317
463
147
-109
-181
-151
-125
-83
-69
-63
-63
-61
-61
-59
-55
-59
-53
-55
-57
-51
-51
-49
-47
-47
-49
-51
-47
-43
-43
-33
-39
-43
-33
-29
-29
-15
-3
9
-3
-13
-21
-13
-27
9
39
-13
-39
-17
-21
-21
-27
-3
5
5
-7
-1
-5
-1
3
21
23
29
31
39
41
47
35
15
25
11
5
-1
-5
-1
-9
-11
41
141
263
459
319
23
-133
-121
-85
-59
-37
-19
-21
-21
-13
-17
-13
-15
-15
-15
-19
-23
-19
-17
-17
-15
-19
-11
-23
-15
-23
-23
-17
-23
-21
-17
-9
1
3
3
11
9
1
-3
-9
-7
-17
-9
-9
-19
-25
-25
-29
-27
-27
-21
-19
-23
-25
-25
-31
-29
-27
-19
-15
-13
-5
-3
-5
-15
-23
-25
-35
-37
-47
-49
-49
-43
-81
-21
73
213
413
279
-47
-185
-177
-141
-105
-83
-69
-71
-71
-71
-69
-65
-71
-67
-65
-73
-65
-63
-57
-61
-59
-59
-57
-57
-57
-57
-57
-51
-45
-47
-43
-23
-13
-5
-5
-9
-5
-9
-9
-7
-9
-7
-37
-3
-11
-13
-9
-5
-5
-43
-17
3
-5
-3
-7
-19
-15
5
5
-3
9
17
21
1
-1
-1
-5
-23
-23
-29
-37
-33
-33
-43
9
101
235
427
321
11
-161
-161
-131
-97
-69
-51
-63
-61
-63
-67
-67
-61
-65
-61
-65
-61
-63
-59
-67
-61
-59
-61
-63
-61
-73
-63
-65
-65
-55
-49
-43
-31
-29
-23
-33
-29
-25
-29
-35
-31
-33
-37
-37
-37
-39
-33
-39
-31
-37
-33
-35
-27
-31
-31
-31
-35
-43
-29
-29
-19
-19
-15
-5
-1
3
-15
-27
-17
-27
-41
-41
-45
-45
-45
-51
-23
81
223
441
343
-1
-189
-173
-131
-93
-67
-63
-59
-69
-63
-61
-61
-57
-59
-63
-57
-55
-59
-59
-53
-51
-57
-53
-53
-55
-51
-49
-47
-43
-39
-37
-23
-19
-5
-1
-11
-9
-11
-17
-17
-21
-21
-21
-19
-15
-21
-23
-17
-19
-19
-19
-15
-17
-17
-15
-15
-21
-17
-23
-21
-21
-17
-7
-7
-7
9
9
19
3
-1
-3
-1
-25
-29
-29
-33
-27
-29
-39
39
165
331
449
147
-127
-179
-139
-97
-77
-57
-57
-55
-53
-53
-61
-51
-53
-47
-51
-51
-47
-45
-51
-47
-51
-43
-45
-49
-45
-43
-49
-37
-39
-39
-23
-15
-5
1
17
11
-21
-25
-29
-19
-19
-21
-19
-15
-21
-15
-17
-17
-13
-13
-15
-15
-13
-15
-21
-15
-13
-15
-19
-17
-23
-23
-25
-9
1
-9
-1
9
15
15
-3
-5
-5
-17
-23
-23
-29
-29
-25
-41
21
139
261
457
299
-23
-173
-169
-123
-101
-71
-57
-57
-55
-55
-53
-49
-57
-53
-53
-55
-57
-57
-55
-57
-59
-59
-49
-65
-63
-59
-59
-53
-51
-47
-29
-23
-33
-21
-19
-11
-19
-15
-19
-23
-21
-15
-17
-19
-23
-23
-25
-19
-17
-15
-13
-15
-11
-13
-11
-15
-3
-11
-9
-1
-5
-7
9
3
27
25
33
23
7
13
1
-19
-7
-21
-19
-13
-19
-23
63
191
351
485
227
-59
-145
-127
-87
-55
-35
-31
-29
-21
-13
-27
-23
-27
-17
-29
-27
-25
-21
-23
-27
-25
-23
-19
-19
-17
-23
-21
-19
-15
-11
5
7
19
25
19
25
7
17
9
7
7
3
-1
-5
-5
-3
-9
-1
-1
-7
-3
3
3
1
1
-3
1
1
-3
3
-11
11
-9
-9
9
7
11
21
29
27
9
5
11
-13
-13
-13
-25
-25
-17
-29
49
179
353
501
253
-81
-185
-139
-89
-63
-51
-51
-57
-53
-49
-49
-47
-51
-53
-53
-47
-43
-43
-45
-29
-45
-43
-41
-47
-29
-29
-51
-41
-45
-49
-41
-25
-13
-5
-7
-5
-1
-5
-5
-11
-5
-11
-9
-5
-3
-9
-9
-13
-9
-13
-5
-1
-3
-9
-5
-7
-3
-7
-7
-5
3
-3
-11
-9
-11
-21
-27
-25
-11
-9
15
-1
-3
19
23
3
-9
-7
-11
-27
-21
-29
-31
-21
-37
15
131
293
471
315
-17
-171
-143
-101
-67
-47
-51
-47
-43
-43
-45
-37
-37
-45
-41
-39
-39
-31
-37
-43
-37
-39
-33
-39
-35
-33
-37
-29
-33
-29
-25
-15
5
9
7
1
5
3
1
-3
5
-7
-5
-1
-7
-13
-3
-1
-3
-5
-1
-3
-1
-7
1
1
5
5
-7
-3
-3
-9
-1
-7
-11
-5
-11
-3
-5
1
9
13
17
27
33
13
3
9
7
-19
-11
-13
-19
-19
-21
-21
59
185
367
465
135
-119
-161
-125
-83
-55
-47
-39
-47
-45
-39
-41
-39
-45
-39
-39
-43
-39
-41
-43
-33
-35
-37
-41
-37
-47
-47
-43
-37
-37
-33
-25
-15
-9
5
-5
3
1
-5
-7
-9
-1
-7
-11
-13
-7
-9
-1
-11
-5
-3
-7
-3
-3
-5
5
-1
1
-13
-11
-5
-11
-11
-9
-9
-13
-11
-15
-3
-3
3
5
19
27
23
7
1
7
-3
-13
-15
-23
-17
-21
-25
-15
75
207
389
447
123
-131
-155
-125
-85
-57
-43
-43
-41
-43
-41
-37
-39
-39
-39
-39
-37
-43
-37
-39
-39
-39
-41
-43
-41
-41
-47
-47
-39
-35
-33
-27
-15
-9
-3
-1
1
3
-7
-7
-11
-13
-9
-9
-9
-3
-5
-11
-9
-7
-5
-3
-3
3
-1
1
1
1
1
5
3
7
3
3
19
21
23
31
43
53
35
19
25
15
1
5
-3
-3
-5
-3
5
97
237
443
431
79
-135
-141
-97
-67
-45
-37
-33
-41
-33
-31
-29
-35
-29
-31
-27
-23
-27
-27
-27
-31
-29
-29
-33
-31
-31
-33
-35
-33
-25
-21
-11
-1
5
7
7
7
3
5
-1
-1
1
-1
-1
-1
-1
-5
-3
1
-7
-5
1
-5
-5
-1
-3
-1
-3
-13
-7
-11
-11
-3
5
7
11
15
19
25
7
-1
1
-11
-23
-19
-27
-31
-23
-41
-5
111
253
445
375
29
-175
-161
-117
-79
-57
-51
-49
-53
-51
-51
-53
-49
-49
-49
-51
-51
-51
-51
-45
-47
-47
-47
-45
-49
-47
-51
-47
-43
-43
-39
-29
-19
-13
-11
-9
-7
-11
-17
-15
-17
-15
-19
-19
-17
-21
-21
-21
-19
-19
-19
-15
-13
-15
-17
-15
-17
-11
-17
-7
1
-1
7
13
13
5
-7
-9
-11
-23
-27
-27
-35
-31
-29
-41
27
147
303
453
251
-61
-171
-143
-101
-73
-57
-55
-59
-53
-51
-55
-51
-51
-53
-51
-53
-49
-53
-51
-49
-49
-51
-51
-53
-53
-57
-53
-51
-53
-51
-41
-33
-23
-15
-13
-11
-13
-17
-17
-25
-21
-23
-23
-21
-21
-27
-27
-25
-23
-23
-21
-17
-17
-21
-17
-17
-17
-23
-23
-21
-19
-11
-7
-9
-1
7
15
5
-9
-9
-13
-33
-25
-35
-41
-35
-31
-49
25
143
299
461
233
-85
-185
-143
-105
-79
-61
-61
-63
-63
-59
-57
-59
-61
-61
-61
-63
-61
-59
-61
-61
-63
-59
-63
-69
-65
-67
-67
-65
-65
-59
-51
-41
-29
-25
-19
-25
-27
-23
-27
-33
-29
-29
-29
-37
-33
-31
-33
-29
-31
-31
-33
-29
-31
-29
-29
-27
-25
-31
-33
-31
-33
-35
-31
-23
-17
-15
-15
-3
9
-3
-19
-15
-19
-39
-39
-43
-47
-43
-47
-41
61
193
385
407
71
-159
-177
-141
-101
-79
-65
-61
-65
-65
-63
-63
-63
-61
-59
-59
-65
-57
-59
-59
-55
-57
-59
-57
-61
-59
-61
-63
-57
-55
-51
-41
-33
-19
-15
-13
-11
-13
-15
-15
-21
-19
-19
-19
-21
-21
-23
-19
-21
-17
-17
-17
-11
-11
-15
-11
-13
-13
-15
-17
-17
-17
-21
-21
-17
-5
-7
-1
5
13
19
5
-7
-3
-17
-27
-29
-31
-33
-31
-35
-45
35
189
373
465
159
-137
-163
-133
-85
-63
-51
-51
-51
-45
-55
-43
-59
-47
-53
-45
-55
-43
-43
-47
-37
-37
-37
-41
-53
-49
-49
-51
-49
-47
-35
-33
-15
-13
-11
-3
-9
-1
-5
-7
-17
-21
-19
-15
-19
-25
-21
-25
-21
-23
-21
-13
-21
-21
-21
-19
-23
-23
-25
-21
-25
-25
-21
-27
-31
-27
-29
-27
-29
-19
-9
-11
-5
3
5
15
-3
-13
-3
-23
-35
-31
-43
-37
-37
-41
-23
67
201
395
415
75
-161
-179
-133
-103
-81
-63
-61
-59
-63
-59
-55
-59
-63
-55
-59
-55
-59
-55
-53
-57
-55
-51
-63
-59
-61
-59
-61
-61
-59
-51
-39
-27
-19
-17
-13
-15
-15
-17
-17
-19
-19
-21
-21
-23
-25
-17
-25
-23
-21
-17
-17
-15
-17
-13
-17
-11
-13
-13
-11
-17
-17
-19
-23
-19
-19
-19
-17
-21
-19
-21
-19
-19
-23
-19
-17
-23
-21
-19
-27
-21
-19
-15
-5
-1
1
13
17
23
3
-3
1
-13
-23
-21
-29
-25
-23
-39
3
109
259
453
363
-5
-177
-153
-111
-79
-61
-51
-51
-49
-49
-49
-49
-49
-49
-47
-51
-45
-49
-47
-41
-45
-45
-45
-49
-45
-47
-51
-47
-49
-47
-39
-33
-23
-17
-7
-3
-7
-11
-3
-13
-9
-15
-13
-11
-13
-19
-15
-15
-13
-15
-15
-7
-5
-9
-9
-7
-5
-7
-9
-3
-7
-7
-9
-11
-11
-15
-13
-11
-7
-15
-11
-15
-15
-13
-11
-15
-11
-13
-9
-15
-13
-13
-15
-9
-13
-17
-11
-1
1
5
17
31
37
13
5
9
3
-15
-11
-15
-19
-19
-15
-15
75
207
397
463
127
-137
-165
-119
-79
-57
-45
-37
-41
-43
-37
-41
-39
-37
-35
-35
-39
-43
-37
-41
-39
-39
-35
-37
-41
-43
-41
-47
-43
-45
-43
-35
-25
-15
-3
-5
-3
-1
-7
-5
-3
-5
-5
-11
-9
-9
-13
-7
-11
-11
-9
-11
-9
-5
-5
-3
-3
-7
-3
-9
-7
-9
-5
-5
-9
-13
-13
-13
-11
-13
-13
-9
-11
-15
-11
-13
-15
-15
-13
-9
-9
-5
1
3
15
25
23
9
3
3
-17
-15
-21
-27
-21
-17
-35
45
183
335
479
227
-69
-171
-139
-105
-75
-55
-45
-43
-45
-39
-43
-43
-45
-43
-41
-43
-43
-41
-39
-41
-37
-45
-37
-41
-43
-45
-43
-49
-47
-49
-39
-29
-17
-9
-5
-1
-3
-7
-7
-5
-9
-7
-9
-13
-13
-13
-13
-11
-9
-9
-9
-7
-3
-7
-1
-3
-3
-1
-1
-9
-3
-5
-5
-9
-9
-5
-7
-7
-9
-11
-7
-9
-9
-7
-5
-5
9
11
15
21
31
37
17
9
15
1
-11
-13
-13
-15
-13
-25
1
99
251
453
435
83
-155
-155
-105
-75
-45
-39
-41
-37
-39
-39
-39
-37
-35
-37
-39
-35
-37
-39
-33
-35
-31
-35
-35
-33
-33
-35
-35
-39
-35
-29
-25
-13
-7
1
3
3
1
-1
-5
-1
-3
-7
-5
-9
-5
-9
-9
-5
-7
-9
-3
-5
-3
-1
1
1
1
-5
3
-3
-3
-1
-3
-3
-5
-5
-5
-7
-7
-7
-5
-1
-5
-5
-5
-5
-3
-3
-7
1
-1
-11
-7
15
17
15
23
45
43
33
27
25
23
5
3
1
-3
3
3
-11
65
209
383
513
213
-95
-145
-101
-61
-29
-19
-13
-13
-11
-9
-7
-5
-3
-5
5
-3
-1
5
-9
-3
-1
-3
-3
-3
-1
5
3
5
1
13
15
31
35
37
29
23
15
11
15
35
29
23
31
17
19
13
17
45
21
39
29
39
37
73
43
37
49
41
41
47
45
31
53
57
31
41
37
41
53
41
55
59
55
57
53
55
39
47
59
51
53
107
49
39
91
93
57
85
45
57
31
45
33
45
29
49
55
141
273
443
419
101
-99
-99
-65
-41
5
7
3
15
13
-15
-5
3
-11
-11
1
-17
-9
-27
-33
-7
-5
5
17
-7
-13
-7
-1
-5
-3
13
11
-5
33
41
31
35
19
23
21
23
23
15
23
19
13
15
1
11
15
11
7
25
15
21
11
27
13
19
13
23
13
-15
33
25
13
17
1
19
-1
31
33
33
15
61
55
39
33
35
37
15
-1
17
-3
-7
21
-5
45
147
269
443
317
29
-133
-127
-85
-53
-33
-33
-27
-27
-25
-29
-27
-19
-35
-21
-19
-25
-19
-25
-19
-21
-27
-15
-25
-19
-25
-25
-31
-29
-31
-31
-15
-7
1
3
3
5
-5
-1
-15
-7
-3
7
-11
-9
-27
-1
-3
-23
-11
-5
-23
-3
-1
-9
-15
11
-9
-7
-3
-3
-5
-17
-19
-9
-19
-9
-7
-23
-3
-7
-13
1
-1
5
13
-3
-1
9
-21
-11
-41
-31
-47
-29
-39
-41
65
189
355
437
75
-149
-177
-127
-107
-75
-61
-63
-57
-55
-55
-67
-69
-47
-55
-69
-67
-53
-59
-57
-81
-57
-53
-65
-71
-63
-49
-51
-71
-57
-71
-45
-37
-29
-41
-27
-39
-29
-45
-41
-35
-45
-39
-39
-43
-37
-39
-59
-45
-41
-39
-35
-43
-31
-47
-39
-37
-33
-37
-35
-51
-33
-29
-31
-19
-19
-21
-13
-25
-11
-23
-23
-27
-35
-53
-47
-63
-79
-67
-33
-71
5
145
285
475
311
-75
-211
-189
-143
-109
-89
-103
-97
-97
-87
-83
-81
-101
-69
-113
-81
-91
-101
-85
-77
-89
-111
-93
-83
-107
-75
-79
-85
-113
-101
-95
-75
-87
-83
-71
-85
-85
-89
-85
-101
-83
-99
-89
-105
-91
-77
-85
-93
-105
-87
-93
-101
-87
-85
-103
-107
-91
-105
-101
-101
-91
-99
-79
-77
-89
-55
-73
-53
-61
-85
-67
-71
-107
-91
-81
-103
-83
-93
-99
-19
135
303
465
181
-125
-243
-213
-175
-131
-133
-129
-129
-133
-127
-129
-123
-123
-127
-147
-135
-123
-115
-141
-93
-93
-91
-93
-89
-93
-91
-93
-91
-91
-93
-81
-75
-65
-69
-69
-71
-85
-79
-77
-75
-75
-79
-87
-85
-91
-91
-85
-79
-81
-81
-69
-71
-85
-81
-77
-65
-71
-57
-67
-59
-81
-63
-67
-65
-61
-57
-51
-67
-79
-91
-87
-95
-119
-107
-137
-119
-125
-123
-93
-1
137
361
411
79
-203
-239
-189
-163
-129
-111
-103
-107
-103
-109
-95
-95
-87
-109
-87
-99
-115
-113
-123
-109
-105
-101
-117
-97
-101
-109
-89
-85
-103
-63
-85
-69
-71
-49
-43
-65
-51
-57
-57
-57
-51
-23
-37
-39
-31
-13
-15
1
-19
-7
-27
-35
3
3
-39
-11
-17
-37
21
-3
-35
7
-15
-9
-9
-1
33
23
43
53
25
-21
7
33
15
15
21
-17
-11
27
-7
95
201
395
525
301
-19
-113
-83
-55
-5
25
59
35
49
53
23
41
57
41
33
41
35
33
37
37
37
29
49
25
-13
33
35
37
49
55
33
61
65
59
45
45
47
31
31
33
33
23
11
19
21
17
17
9
-1
-7
-3
-1
-13
-3
-11
-15
-15
-23
-27
-11
-7
1
3
-3
15
15
-3
5
5
1
-3
-3
-9
-7
-7
-19
35
169
319
491
291
-15
-161
-143
-105
-71
-49
-43
-45
-45
-51
-49
-47
-43
-49
-39
-43
-35
-45
-43
-41
-35
-35
-35
-43
-35
-37
-45
-35
-33
-31
-27
-15
-13
-11
-15
-13
-3
-9
-11
-23
-23
-31
-33
-45
-45
-41
-39
-47
-49
-49
-53
-61
-49
-45
-49
-47
-43
-49
-47
-47
-35
-37
-37
-35
-39
-59
-57
-63
-71
-75
-77
-91
-67
-103
-39
65
209
425
199
-95
-211
-199
-153
-127
-87
-93
-79
-87
-109
-89
-81
-99
-79
-89
-77
-89
-57
-71
-71
-75
-59
-61
-61
-65
-55
-53
-49
-53
-33
-33
-23
-21
-11
-11
-3
-19
-17
-9
-9
-13
-13
-19
-11
-19
-1
-15
-11
-15
-17
5
13
-1
5
35
7
49
3
3
25
35
15
7
1
3
-17
-13
-13
-25
-13
-29
65
177
353
535
229
-77
-159
-105
-71
-41
-21
-23
-21
-23
-25
-17
-17
-15
-15
-13
-11
-15
-11
-15
-19
-3
3
-27
-1
-19
-1
5
-9
-1
3
13
25
45
29
41
51
43
35
37
41
39
33
39
33
37
33
31
43
33
43
39
39
49
53
59
65
65
67
73
43
49
45
43
31
33
29
37
33
13
99
243
439
571
259
-51
-107
-57
-15
9
17
19
17
23
23
17
35
27
27
23
21
23
25
23
23
25
23
25
21
13
13
13
21
13
25
31
35
51
53
45
45
41
39
41
35
47
45
49
37
43
59
41
45
53
53
51
57
73
85
91
97
101
95
103
85
83
85
85
71
75
71
67
75
47
107
225
369
539
407
57
-93
-61
-11
21
35
33
33
33
35
31
31
31
29
33
23
25
27
27
21
25
21
29
25
21
25
23
31
29
35
47
57
63
71
61
67
59
61
63
61
55
55
49
53
51
49
53
47
41
45
39
37
41
35
47
59
51
57
57
61
53
41
45
37
23
25
19
15
11
15
3
71
183
325
477
259
-37
-141
-101
-65
-39
-19
-17
-15
-13
-11
-13
-11
-7
-5
-7
-1
-7
3
7
-1
-13
-11
-5
-11
-7
-13
-13
-15
-15
-19
-7
3
7
15
15
5
5
3
-3
3
-5
-3
3
-1
5
9
3
9
5
9
11
11
11
13
13
25
29
31
39
37
33
35
13
19
19
1
3
-3
-11
-5
-15
-19
81
239
435
517
191
-93
-189
-95
-69
-13
-59
-83
-63
-49
-53
-43
-57
-45
-33
-35
-35
-15
-11
-23
-27
-33
-37
-41
-43
-47
-53
-53
-71
-63
-43
-39
-31
-19
-25
-21
-23
-15
-21
-21
-23
-23
-17
-21
-23
-23
-25
-25
-21
-23
-23
-25
-23
-23
-23
-15
-11
-19
-15
-7
-45
-89
-11
-25
-31
-57
-59
-71
-79
-77
-105
-47
87
271
439
191
-155
-245
-197
-157
-129
-127
-131
-129
-127
-135
-127
-141
-139
-107
-123
-123
-129
-121
-119
-125
-113
-159
-131
-157
-187
-83
-117
-91
-139
-89
-167
-83
-41
-53
-45
-59
-65
-67
-67
-67
-63
-67
-75
-79
-53
-57
-91
-65
-65
-63
-55
-109
-61
-61
-69
-77
-71
-65
-65
-57
-49
-83
-43
-1
-39
-55
-53
-45
-85
-47
-79
-101
-53
-53
-71
-5
147
351
417
101
-149
-225
-153
-115
-111
-77
-101
-93
-83
-87
-93
-115
-91
-85
-119
-101
-95
-95
-95
-101
-101
-105
-113
-119
-113
-93
-101
-97
-95
-93
-91
-71
-67
-63
-49
-51
-91
-59
-91
-37
-37
-49
-51
-49
-59
-59
-55
-51
-47
-63
-49
-49
-59
-55
-57
-63
-65
-57
-43
-55
-47
-27
-31
-21
-29
-35
-35
-47
-55
-57
-113
-85
-17
-49
-15
81
203
431
345
15
-179
-177
-125
-105
-87
-81
-73
-99
-69
-79
-69
-53
-75
-53
-87
-63
-75
-87
-77
-49
-57
-105
-57
-49
-71
-77
-85
-85
-87
-75
-69
-49
-43
-27
-15
-103
-9
11
-33
-25
-27
-39
-23
3
-39
11
1
-3
-3
-11
-9
-11
-15
-11
-29
-19
-17
-19
-17
-21
-19
-9
-1
-3
-23
-21
-15
-39
-47
-37
-65
-49
-37
-53
19
135
309
481
213
-81
-175
-151
-113
-87
-65
-57
-61
-53
-55
-49
-49
-47
-47
-49
-47
-47
-45
-41
-35
-39
-41
-37
-41
-41
-45
-47
-39
-47
-37
-31
-17
-9
1
3
9
7
5
5
1
1
-1
7
7
13
13
19
13
19
23
31
31
29
29
33
29
31
33
45
49
47
59
69
71
61
47
51
39
27
19
19
17
23
11
49
157
279
461
409
97
-105
-97
-41
3
21
21
23
23
27
27
31
33
31
37
37
37
41
41
43
47
47
45
43
37
39
35
35
33
39
41
53
57
69
73
71
69
61
63
59
53
57
53
51
55
51
51
51
45
45
45
47
47
45
41
37
37
37
31
43
49
47
51
67
67
63
43
43
41
21
21
11
9
13
7
5
89
197
351
481
217
-71
-151
-105
-63
-35
-29
-27
-37
-31
-35
-35
-31
-41
-43
-39
-39
-37
-39
-29
-33
-45
-37
-37
-41
-41
-49
-53
-53
-55
-57
-51
-43
-37
-37
-35
-33
-39
-45
-39
-49
-47
-49
-53
-49
-51
-59
-63
-63
-61
-59
-59
-55
-59
-65
-63
-63
-67
-65
-69
-55
-53
-55
-49
-43
-29
-41
-53
-53
-61
-81
-79
-89
-91
-87
-97
-79
11
147
353
345
21
-213
-233
-193
-157
-135
-121
-125
-127
-127
-123
-125
-125
-125
-127
-127
-123
-121
-129
-121
-123
-125
-125
-129
-131
-131
-129
-129
-129
-127
-121
-111
-91
-83
-73
-69
-69
-71
-67
-71
-71
-71
-67
-61
-63
-59
-57
-55
-53
-47
-49
-41
-43
-45
-43
-47
-43
-45
-35
-31
-29
-29
-21
-15
-15
-29
-31
-27
-51
-47
-47
-55
-49
-49
-63
25
163
337
463
199
-107
-195
-155
-117
-91
-75
-63
-61
-51
-47
-37
-25
-25
-27
-15
-25
-25
-33
-25
-29
-23
-33
-73
-29
-17
-7
-15
-37
-39
-49
-29
-25
-13
-3
-5
-13
-5
7
-1
-7
-11
-17
-13
-11
-13
-17
-3
-7
-7
-17
-13
-27
-27
-29
-27
-25
-19
33
-41
-19
-45
-51
-27
-9
-1
7
-7
11
85
-15
-35
-59
-65
-51
-41
-41
-33
-23
89
209
453
375
45
-179
-181
-125
-81
-57
-61
-63
-63
-55
-57
-57
-59
-59
-59
-65
-63
-55
-59
-47
-53
-65
-61
-75
-79
-67
-79
-95
-85
-81
-61
-57
-41
-33
-27
-25
-21
-21
-23
-23
-21
-13
-17
-11
-11
-9
3
1
1
11
7
13
13
9
13
13
13
13
49
3
-5
-5
9
11
25
33
35
33
47
53
39
35
73
17
9
5
-11
1
-3
5
17
113
243
443
473
141
-81
-111
-59
-27
3
13
23
3
37
29
45
49
15
39
19
29
25
-31
-47
-47
-23
-3
-3
5
5
7
3
13
17
13
29
29
39
17
35
25
-1
5
37
9
39
19
25
5
23
23
27
31
53
61
29
43
31
25
15
11
23
21
21
27
15
21
23
27
39
27
13
15
3
-21
-11
-33
-33
-27
-31
-41
29
143
315
411
103
-129
-239
-175
-141
-113
-101
-109
-107
-127
-91
-99
-111
-103
-103
-95
-95
-93
-99
-87
-85
-91
-91
-87
-93
-89
-91
-91
-89
-89
-79
-69
-59
-53
-53
-37
-47
-47
-33
-51
-41
-35
-37
-33
-29
-21
-9
-13
-13
-17
-17
-17
-21
-25
-21
-31
-31
-31
-33
-31
-35
-31
-23
-25
-21
-19
-15
-5
-15
-31
-31
-39
-53
-65
-69
-75
-73
-69
-89
-27
85
213
399
255
-43
-205
-189
-161
-127
-101
-87
-83
-79
-85
-79
-81
-83
-77
-69
-65
-81
-73
-61
-67
-59
-63
-65
-79
-77
-97
-73
-73
-79
-79
-63
-53
-53
-21
-9
-29
-19
-27
-21
-23
-33
-37
-43
-51
-55
-39
-45
-49
-57
-37
-81
-49
-57
-39
-55
-51
-59
-51
-61
-49
-43
-47
-41
-33
-27
-13
-27
-39
-33
-47
-63
-55
-65
-69
-63
-73
-55
25
137
355
405
81
-151
-215
-197
-163
-129
-105
-95
-103
-107
-103
-107
-101
-101
-95
-97
-99
-99
-103
-87
-101
-97
-95
-99
-97
-115
-99
-95
-99
-93
-89
-83
-69
-61
-65
-59
-65
-61
-57
-59
-65
-63
-67
-55
-69
-57
-53
-51
-65
-47
-45
-37
-25
1
-59
-79
-55
-51
-47
-41
-29
-31
-27
17
-1
47
-37
-43
-43
-43
-49
-51
-53
-39
-49
-47
-43
53
197
429
409
43
-189
-199
-147
-119
-85
-77
-71
-73
-71
-65
-63
-61
-51
-59
-61
-59
-69
-57
-59
-53
-51
-53
-55
-57
-53
-53
-59
-53
-43
-41
-37
-25
-17
-7
-7
-5
1
1
3
5
5
11
9
17
23
23
27
31
35
39
41
43
45
41
39
41
35
33
29
33
39
33
29
39
41
45
51
57
65
67
53
49
49
47
29
31
29
29
27
27
39
131
261
453
469
139
-93
-99
-59
-17
9
15
13
11
9
13
17
17
21
17
23
19
19
23
13
21
21
17
25
23
19
19
15
15
15
23
33
45
53
61
61
65
63
59
67
57
49
53
53
53
53
53
61
55
51
61
45
55
57
51
51
63
37
23
37
61
89
63
69
93
91
73
93
97
91
73
59
63
61
57
59
61
57
129
243
409
537
305
43
-55
-25
15
43
57
69
69
57
59
73
59
63
67
65
57
57
55
55
45
51
51
23
25
39
41
35
31
29
45
47
51
59
69
67
67
73
69
59
67
63
63
61
57
57
53
51
51
49
55
51
49
51
51
45
45
41
43
39
37
43
35
31
31
41
47
49
53
63
65
57
51
35
43
19
19
25
9
1
3
-1
21
97
223
417
349
23
-153
-155
-115
-89
-35
-21
-23
-31
-33
-37
-41
-35
-31
-31
-33
-27
-21
-27
-15
-13
-15
-25
-19
-21
-31
-39
-37
-43
-39
-35
-29
-19
-11
-13
-11
-11
-11
-11
-11
-11
-9
-9
-5
-1
1
7
9
11
13
17
21
17
17
17
17
13
11
9
7
1
-5
3
9
9
7
11
21
21
9
1
5
-11
-21
-21
-27
-27
-25
-27
-15
65
185
363
425
133
-115
-153
-121
-83
-67
-57
-57
-75
-73
-71
-67
-69
-61
-59
-51
-47
-41
-31
-31
-33
-29
-37
-33
-33
-35
-35
-39
-37
-39
-43
-31
-29
-21
-17
-25
-29
-31
-39
-39
-39
-41
-43
-41
-43
-47
-47
-39
-37
-35
-37
-37
-35
-29
-31
-27
-25
-15
-9
-9
3
5
7
13
15
25
33
15
-5
-1
-9
-27
-27
-45
-43
-51
-61
-33
45
193
369
291
-59
-235
-229
-189
-143
-133
-125
-119
-123
-105
-97
-97
-81
-67
-79
-71
-79
-69
-55
-83
-75
-79
-39
-43
-41
-53
-47
-71
-55
-57
-43
-41
-15
-19
-9
-3
-31
-25
-35
-27
-63
-51
-49
-53
-61
-57
-59
-53
-57
-51
-61
-59
-63
-63
-73
-65
-67
-79
-81
-69
-73
-69
-65
-49
-81
-53
-39
-7
7
-41
-57
-97
-63
-47
-55
-99
-99
-37
-141
-105
33
107
273
419
155
-141
-217
-195
-151
-133
-101
-113
-109
-55
-89
-137
-143
-69
-77
-51
-105
-131
-89
-71
-103
-65
-127
-117
-65
-69
-93
-107
-9
-75
-131
-33
-53
-75
-41
-49
-61
-43
-51
-65
-71
-43
-55
-77
-41
-75
-81
-67
-69
-51
-55
-77
-55
-73
-77
-55
-89
-83
-81
-77
-75
-73
-71
-65
-67
-63
-53
-51
-53
-65
-63
-71
-85
-83
-89
-95
-81
-85
-111
-53
55
203
397
243
-51
-205
-203
-165
-135
-105
-93
-77
-87
-93
-95
-91
-93
-71
-99
-91
-97
-97
-59
-73
-87
-93
-103
-97
-99
-87
-75
-87
-83
-73
-69
-67
-39
-27
-23
-17
-11
-7
-7
-5
-7
-1
-5
-1
-1
7
13
7
13
9
21
29
29
33
35
41
49
47
51
57
61
69
63
75
69
53
47
55
37
29
-13
13
19
33
19
73
181
333
491
303
3
-139
-109
-59
-33
-17
-17
-21
-17
-19
-19
-29
-25
-33
-35
-27
-31
-39
-41
-37
-45
-37
-43
-45
-43
-47
-61
-45
-51
-43
-39
-23
-13
-7
-17
-13
-5
-17
-13
-15
-41
-27
-23
-23
-67
-11
29
19
23
-19
11
17
39
15
15
19
19
13
11
5
23
43
43
45
39
65
73
39
27
61
25
23
29
15
-5
5
25
5
55
205
361
485
235
-61
-117
-69
-27
1
9
25
37
11
51
65
45
61
73
67
71
69
71
77
83
87
79
81
91
73
81
75
83
77
87
87
81
101
109
115
115
95
11
95
95
97
69
65
71
81
65
71
71
69
73
71
69
69
65
59
53
51
49
49
49
53
57
61
61
49
27
25
1
-17
-21
-43
-55
-65
-63
-61
13
125
285
399
127
-131
-229
-199
-167
-135
-117
-107
-113
-113
-117
-107
-103
-103
-95
-97
-95
-89
-85
-83
-79
-77
-81
-75
-91
-85
-89
-89
-95
-97
-83
-75
-69
-55
-53
-43
-51
-59
-59
-65
-61
-49
-71
-85
-91
-81
-71
-73
-71
-65
-59
-51
-53
-49
-37
-41
-13
-25
-23
-9
-17
-7
11
7
-1
3
9
-9
-11
-13
-5
5
13
1
27
119
251
449
377
63
-113
-115
-65
-21
7
5
19
9
21
25
21
19
17
19
19
17
7
9
5
5
3
9
11
13
13
19
13
19
21
23
41
45
47
57
47
47
37
35
39
31
23
17
17
15
9
7
13
11
3
1
1
5
-1
-3
-1
1
-5
9
-1
1
9
23
25
11
-1
3
-5
-13
-19
-25
-25
-25
-31
-23
71
181
333
409
143
-61
-139
-169
-227
-127
-115
-117
-3
-35
-5
-27
-49
-65
-51
-17
-25
-39
-43
-31
-111
-27
-13
-61
-21
-27
-39
-59
-97
-55
-43
-21
-9
-13
-51
3
13
1
-5
-3
-9
-3
-11
-21
-9
-13
-7
5
19
-3
-1
3
19
25
3
9
3
3
25
11
19
47
41
39
27
13
11
3
-7
-9
-23
-19
-19
-29
-5
101
179
445
357
23
-159
-155
-121
-91
-75
-67
-69
-67
-95
-65
-37
-115
-47
-47
-65
-77
-79
-85
-75
-67
-83
-85
-79
-83
-83
-89
-85
-81
-81
-75
-63
-53
-43
-47
-45
-51
-53
-53
-59
-61
-59
-59
-65
-77
-63
-43
-51
-55
-51
-53
-51
-49
-51
-49
-59
-55
-51
-53
-47
-41
-45
-29
-25
-17
-15
-39
-39
-33
-55
-63
-63
-75
-71
-73
-75
-57
23
153
347
387
41
-191
-213
-169
-135
-95
-91
-83
-83
-75
-85
-77
-83
-77
-79
-75
-75
-77
-73
-73
-77
-67
-65
-69
-69
-69
-67
-65
-63
-59
-53
-43
-25
-19
-13
-11
-11
-7
-11
-9
-5
-7
-11
-9
-11
-5
-9
-5
-1
-1
-5
-1
-5
-1
-5
-3
3
-9
-11
-7
-11
-7
-5
5
11
11
21
27
35
23
9
9
9
-5
-5
-15
-19
-15
-13
-15
67
195
375
433
107
-135
-163
-119
-81
-53
-43
-39
-43
-39
-37
-37
-35
-33
-31
-27
-31
-29
-29
-25
-17
-23
-25
-19
-23
-21
-27
-29
-23
-25
-25
-11
-11
23
41
9
7
19
19
3
-1
7
5
3
7
5
9
13
11
11
13
13
19
11
7
13
5
5
-1
13
1
3
9
11
13
25
35
23
13
9
3
-21
-15
-11
-37
-37
-21
-27
-33
43
153
303
437
199
-61
-163
-143
-107
-77
-55
-47
-49
-49
-49
-51
-53
-53
-51
-57
-49
-43
-41
-49
-53
-49
-45
-51
-43
-47
-49
-47
-45
-41
-39
-37
-29
-13
-9
-5
-5
-3
-5
-7
-1
-1
-11
-13
-9
-11
-9
-5
-5
-3
-3
-1
1
-5
-3
-3
-5
-1
-3
-3
-1
-3
13
9
13
25
31
33
19
5
9
-1
-9
-5
-15
-19
-15
-25
-3
83
213
405
427
111
-131
-157
-101
-73
-47
-39
-37
-39
-39
-45
-39
-39
-39
-39
-37
-41
-35
-43
-39
-39
-35
-33
-35
-41
-45
-49
-47
-47
-45
-33
-29
-17
-13
-11
-7
-9
-11
-9
-13
-13
-15
-19
-17
-11
-13
-13
-9
-11
-9
-11
-7
-9
-9
-7
-11
-15
-13
-11
-13
-17
-15
-13
-17
-17
-3
-3
1
3
9
21
17
-3
-5
-9
-23
-25
-33
-31
-25
-37
-31
33
157
321
447
181
-101
-191
-139
-97
-67
-53
-55
-55
-57
-57
-53
-55
-55
-55
-53
-51
-49
-53
-51
-49
-51
-49
-47
-47
-49
-53
-53
-55
-51
-53
-43
-29
-21
-15
-9
-13
-13
-15
-13
-7
-15
-17
-13
-15
-13
-11
-9
-7
-9
-7
-5
-9
-9
-11
-9
-7
-11
-13
-11
-15
-15
-15
-13
-15
-15
-19
-21
-15
-3
-3
1
13
21
15
5
-7
-7
-21
-23
-27
-27
-27
-25
-37
37
165
337
449
161
-111
-177
-137
-91
-67
-51
-49
-51
-51
-51
-53
-49
-53
-47
-47
-49
-47
-47
-49
-47
-47
-47
-47
-47
-51
-53
-59
-57
-57
-51
-41
-33
-27
-15
-11
-9
-11
-13
-7
-13
-15
-13
-15
-11
-11
-9
-7
-5
-9
-7
-11
-11
-9
-9
-11
-9
-13
-13
-17
-17
-17
-17
-17
-17
-21
-13
-9
-5
-5
9
21
13
1
-5
-7
-25
-23
-33
-35
-31
-29
-43
21
129
271
439
263
-23
-169
-153
-119
-81
-63
-57
-53
-51
-55
-55
-55
-53
-55
-53
-51
-53
-53
-51
-53
-51
-47
-49
-49
-51
-57
-55
-57
-57
-53
-45
-33
-25
-17
-11
-9
-7
-9
-11
-9
-11
-13
-9
-13
-7
-7
-5
-1
-5
-1
1
-3
-5
-5
-5
-3
-5
-9
-7
-13
-9
-11
-11
5
5
9
17
21
33
17
7
9
-5
-17
-15
-25
-21
-19
-25
-17
65
201
401
445
141
-139
-173
-115
-73
-49
-39
-47
-45
-45
-43
-39
-41
-41
-37
-43
-41
-43
-39
-37
-37
-41
-37
-39
-41
-45
-45
-45
-47
-47
-39
-35
-25
-15
-7
-1
-1
-3
-7
-7
-7
-11
-9
-3
-3
-5
-3
-3
1
-3
-1
3
1
-1
-1
-5
-5
-5
-7
-3
-5
-9
-9
-11
-11
-11
-11
-9
-9
3
7
3
13
19
31
19
5
3
-3
-19
-15
-27
-25
-19
-27
-15
71
209
413
407
81
-155
-165
-107
-63
-49
-47
-49
-49
-45
-47
-45
-43
-47
-45
-45
-43
-43
-41
-43
-41
-45
-43
-43
-49
-49
-53
-55
-53
-53
-45
-35
-23
-11
-7
-7
-5
-9
-9
-9
-9
-7
-9
-11
-7
-9
-7
-3
-3
-1
-3
-5
-3
-7
-5
-7
-7
-7
-7
-11
-9
-13
-9
-13
-11
-11
-13
-15
-11
-17
-9
3
3
9
13
25
25
7
5
-1
-17
-15
-21
-31
-25
-25
-35
9
115
275
463
259
-59
-183
-143
-93
-59
-47
-51
-53
-51
-51
-51
-51
-49
-47
-47
-47
-49
-49
-47
-47
-47
-45
-49
-53
-51
-57
-57
-61
-61
-57
-49
-41
-27
-23
-11
-13
-11
-7
-11
-15
-11
-15
-11
-11
-11
-5
-5
-9
-7
-7
-7
-9
-9
-9
-7
-11
-13
-13
-13
-15
-15
-11
-17
-21
-17
-21
-17
-21
-19
-17
-19
-19
-9
-7
-5
5
11
27
13
1
1
-11
-23
-21
-31
-29
-31
-27
-33
41
169
353
459
177
-97
-171
-131
-95
-61
-55
-53
-49
-53
-53
-51
-55
-53
-51
-53
-49
-49
-51
-45
-51
-49
-49
-47
-49
-55
-59
-59
-65
-59
-59
-49
-37
-25
-19
-11
-15
-9
-11
-7
-9
-13
-15
-9
-11
-9
-7
-7
-3
-3
-3
-3
-5
-3
-5
-9
-3
-7
-9
-9
-13
-11
-15
-15
-11
-13
-15
1
-3
3
9
19
31
15
3
9
-9
-19
-19
-27
-23
-23
-23
-29
35
151
293
461
313
-1
-169
-147
-105
-69
-53
-45
-45
-45
-45
-43
-45
-41
-43
-41
-39
-41
-41
-37
-41
-41
-39
-41
-39
-43
-47
-49
-53
-53
-53
-41
-27
-19
-11
-7
-7
-5
-9
-7
-7
-9
-9
-5
-5
-1
-3
-1
1
3
-1
-1
-3
-1
-1
-3
-1
-3
-3
-5
-9
-9
-9
-11
-7
-9
-13
-13
-13
-1
7
7
13
19
31
25
9
7
-1
-13
-13
-23
-27
-21
-21
-29
35
153
329
479
239
-77
-179
-131
-81
-51
-41
-43
-47
-43
-45
-41
-43
-41
-41
-41
-41
-39
-43
-37
-35
-35
-33
-35
-39
-39
-47
-47
-45
-45
-41
-31
-21
-11
-7
1
3
1
1
1
-1
-1
-3
-1
1
3
3
7
3
7
7
9
5
7
9
9
3
7
1
5
3
3
3
3
-1
3
-1
3
1
1
3
-3
3
17
13
19
23
33
47
31
15
21
1
-7
-1
-11
-7
-11
-15
3
91
249
465
373
57
-149
-145
-91
-57
-39
-35
-35
-35
-37
-35
-33
-37
-33
-33
-31
-31
-29
-31
-29
-33
-29
-29
-29
-29
-35
-37
-39
-43
-45
-39
-27
-9
-5
1
7
5
7
5
3
7
3
5
7
5
9
9
13
15
11
15
17
11
17
11
13
15
13
7
9
5
7
7
5
7
7
5
11
5
7
1
13
25
29
31
39
43
53
33
27
31
7
1
1
-7
-7
1
-11
17
115
267
469
379
65
-143
-143
-99
-69
-43
-37
-39
-35
-39
-37
-35
-37
-41
-39
-37
-37
-39
-39
-35
-37
-35
-31
-35
-37
-39
-41
-37
-39
-43
-33
-25
-15
-7
3
9
7
3
7
3
1
1
-3
-1
-1
-1
1
-5
3
-1
1
9
3
1
1
1
1
-5
-1
-3
-1
-5
1
-1
-3
-3
3
17
21
17
27
31
45
33
21
25
15
13
9
-1
-1
-5
-1
1
75
211
371
493
247
-57
-151
-107
-71
-37
-25
-31
-29
-31
-29
-35
-39
-31
-35
-33
-37
-47
-41
-25
-25
-27
-31
-27
-29
-37
-41
-39
-43
-47
-35
-37
-25
-19
-15
-9
-13
-13
-15
-19
-17
-17
-23
-17
-17
-21
-21
-17
-15
-17
-13
-11
-13
-13
-13
-17
-15
-17
-17
-13
-21
-23
-23
-27
-29
-27
-17
-11
-13
-13
3
9
-3
-13
-1
-15
-23
-21
-23
-23
-19
-33
-9
97
249
463
365
49
-149
-151
-111
-75
-55
-51
-49
-55
-49
-49
-53
-53
-57
-53
-51
-55
-53
-55
-55
-51
-53
-59
-51
-55
-55
-55
-55
-51
-57
-51
-29
-23
-13
-3
-1
-1
-1
-1
-3
-3
-7
-9
-9
-5
-5
-5
-5
-5
-3
-5
-5
-5
-5
-5
-5
-11
-13
-11
-11
-13
-13
-13
-9
-15
-13
1
13
13
23
31
41
45
29
17
27
7
5
-3
-5
-1
3
-9
35
141
271
459
347
47
-129
-133
-95
-51
-31
-29
-15
-25
-31
-35
-31
-21
-13
-33
-23
-49
-53
-51
-57
-55
-53
-55
-57
-65
-55
-67
-73
-73
-59
-67
-59
-67
-49
-43
-49
-49
-49
-57
-61
-69
-67
-65
-63
-71
-65
-63
-69
-69
-69
-69
-73
-65
-67
-69
-65
-73
-75
-77
-69
-71
-79
-73
-63
-65
-57
-59
-37
-21
-35
-45
-45
-59
-67
-63
-69
-67
-69
-77
-91
-11
129
287
431
177
-115
-231
-217
-181
-155
-137
-133
-121
-121
-121
-119
-123
-117
-117
-121
-115
-121
-111
-109
-115
-111
-111
-111
-109
-107
-119
-107
-111
-105
-99
-89
-75
-63
-67
-59
-57
-61
-55
-53
-53
-53
-61
-51
-55
-51
-47
-51
-47
-45
-47
-39
-41
-41
-39
-39
-33
-35
-35
-33
-35
-37
-23
-11
-7
3
5
9
17
13
5
9
7
-3
-3
-15
-11
-11
-9
-9
85
221
383
471
175
-77
-137
-105
-59
-31
-17
-11
-13
-9
-11
-13
-9
-13
-15
-17
-23
-23
-25
-27
-25
-29
-31
-35
-37
-39
-43
-45
-39
-41
-37
-29
-23
-15
-13
-19
-15
-19
-27
-19
-29
-25
-23
-23
-23
-27
-23
-19
-25
-21
-21
-19
-19
-21
-21
-17
-25
-27
-25
-25
-11
-5
-11
5
5
9
9
3
3
7
-11
-19
-21
-29
-31
-31
-25
-47
21
133
305
461
203
-91
-179
-159
-125
-97
-85
-77
-77
-73
-71
-73
-75
-69
-77
-71
-69
-67
-63
-63
-63
-63
-61
-55
-61
-53
-49
-51
-43
-49
-39
-33
-17
-7
-3
-5
-11
-5
-5
-5
-3
-1
1
-1
1
1
3
5
11
11
17
15
19
25
19
29
25
27
37
45
41
49
51
57
67
61
61
59
55
41
47
37
41
35
37
29
119
251
421
539
235
-61
-109
-63
-25
9
17
27
21
31
33
37
37
39
33
37
43
37
43
41
41
37
39
39
37
29
39
29
29
31
31
37
35
43
41
43
31
31
25
23
25
21
19
15
21
15
13
11
13
11
17
11
9
7
9
5
9
15
21
23
31
35
31
29
23
17
31
13
23
11
17
21
1
47
129
271
461
469
157
-101
-143
-97
-59
-39
-27
-35
-33
-35
-35
-39
-33
-39
-41
-39
-41
-43
-45
-39
-31
-39
-45
-37
-45
-31
-41
-29
-31
-33
-27
-13
-5
-1
3
-1
7
-3
-3
-5
-7
-9
-3
-7
-3
-9
-1
-5
-7
-3
-5
1
-3
3
-5
-1
-9
5
7
13
21
19
25
21
3
5
11
-3
-5
-17
-21
-17
-11
-23
33
149
303
485
265
-59
-167
-133
-71
-37
-13
-17
-17
-21
-43
-23
-29
-13
-7
1
-11
-13
-17
-9
-21
-9
3
-13
-9
-15
-9
-23
-1
-39
-5
11
29
15
27
19
21
19
13
11
-1
11
13
-7
-7
23
5
11
9
5
3
13
7
5
15
17
3
19
29
39
33
25
37
39
49
31
25
33
15
9
9
7
-13
-27
7
-7
81
203
341
493
255
-37
-155
-101
-53
-37
-19
-25
-17
-15
-3
1
-7
-25
7
-11
-3
-13
1
-9
3
-1
5
-1
-3
11
-5
-5
-3
-13
9
37
15
29
37
43
25
29
29
19
5
13
35
23
15
9
19
15
23
17
19
17
19
19
21
15
11
21
25
37
27
43
43
51
39
27
15
19
-1
-5
-5
-15
-15
-11
-25
37
153
279
479
341
-9
-187
-145
-81
-51
-41
-43
-39
-41
-33
-39
-31
-33
-31
-33
-25
-39
-27
-33
-21
-23
-25
-21
-21
-23
-23
-25
-23
-17
-11
1
3
15
3
5
-3
-1
15
11
-1
5
5
-1
5
-9
-5
-9
5
-5
3
1
5
3
7
7
-3
3
15
7
13
25
27
31
33
41
51
39
23
29
23
5
11
3
-7
-7
7
-7
61
173
325
489
285
-45
-157
-119
-67
-33
-25
-23
-29
-25
-27
-27
-27
-25
-29
-31
-29
-33
-27
-29
-23
-23
-21
-29
-21
-29
-23
-35
-27
-27
-19
-17
-7
-5
1
3
-7
1
-5
-5
-13
-11
-13
-11
-13
-11
-11
-15
-9
-15
-11
-11
-7
-9
-9
-13
-13
-19
-13
-19
-17
-19
-21
-25
-11
-9
-5
-3
7
21
13
1
-15
-11
-33
-35
-39
-39
-45
-41
-55
5
121
273
447
213
-95
-203
-157
-111
-73
-69
-63
-65
-61
-63
-51
-59
-53
-53
-49
-49
-49
-47
-47
-43
-45
-41
-45
-41
-45
-45
-47
-47
-47
-39
-33
-19
-19
-15
-11
-13
-17
-17
-25
-27
-21
-23
-17
-27
-19
-21
-21
-23
-25
-25
-31
-25
-29
-15
-21
-15
-29
-25
-19
-23
-33
-27
-25
-17
-3
3
5
11
29
29
33
25
7
7
3
-9
-23
-27
-1
-1
17
77
203
359
399
109
-127
-159
-121
-75
-61
-47
-45
-47
-45
-51
-41
-47
-41
-47
-31
-37
-35
-31
-27
-35
-31
-43
-51
-43
-49
-51
-67
-69
-71
-67
-71
-55
-45
-33
-47
-37
-45
-49
-49
-55
-57
-53
-59
-55
-47
-49
-39
-51
-43
-43
-47
-57
-47
-55
-61
-61
-65
-57
-65
-67
-67
-53
-39
-43
-23
-1
-29
-41
-37
-55
-53
-63
-67
-61
-63
-61
-61
13
143
287
399
105
-119
-203
-177
-145
-109
-85
-65
-65
-67
-73
-81
-73
-63
-69
-75
-79
-75
-77
-75
-83
-87
-105
-101
-99
-119
-121
-111
-105
-93
-89
-71
-53
-41
-69
-55
-71
-53
-67
-75
-71
-63
-59
-63
-65
-67
-65
-67
-63
-69
-75
-67
-59
-71
-77
-79
-79
-85
-85
-87
-79
-47
-19
-5
-7
-63
-73
-43
-87
-91
-41
-47
-47
-35
-29
-25
61
201
389
265
-31
-169
-141
-83
-61
-41
-33
-25
23
11
-33
-41
-39
-21
-27
-17
-11
-11
-7
-15
-3
-9
-11
-11
-9
-17
-9
-13
-13
-15
-9
1
5
15
13
15
9
7
9
35
3
31
-33
-15
-11
-3
-1
9
29
21
-23
-19
-17
-11
-1
-7
-5
5
7
1
7
17
25
15
21
-5
17
-15
-31
-47
-41
-31
-25
-47
-9
95
211
399
375
73
-127
-151
-129
-89
-79
-61
-49
-49
-43
-43
-35
-33
-35
-33
-27
-31
-21
-27
-23
-19
-27
-25
-23
-19
-19
-19
-21
-13
-19
3
9
19
21
27
27
21
13
19
21
19
29
23
17
21
23
21
21
11
21
23
23
25
29
23
25
23
21
29
27
41
41
47
53
43
27
31
23
13
5
3
-1
7
7
5
71
187
341
485
221
-69
-135
-103
-63
-41
-23
-17
-19
-19
-13
-17
-17
-15
-19
-9
-15
-5
-11
-7
-7
-3
-11
1
-3
1
3
3
1
3
9
13
29
23
19
11
11
11
21
3
-1
1
-3
-5
-5
-7
-11
1
-7
1
1
5
1
3
-1
5
-1
-3
5
-7
-5
-3
9
9
13
23
27
31
17
5
9
-1
-17
-13
-17
-21
-21
-17
-27
37
141
287
447
211
-73
-163
-133
-91
-59
-49
-39
-41
-41
-41
-41
-39
-39
-43
-33
-41
-39
-35
-35
-35
-37
-35
-29
-31
-33
-29
-33
-23
-23
-17
-15
-5
-11
-7
-17
-15
-19
-19
-21
-23
-27
-29
-33
-27
-27
-33
-25
-31
-27
-29
-27
-27
-25
-27
-25
-25
-29
-29
-33
-27
-31
-29
-33
-33
-35
-33
-35
-27
-21
-21
-9
-5
3
3
-11
-17
-13
-31
-29
-33
-41
-43
-43
-39
-35
37
159
341
409
107
-131
-175
-151
-111
-85
-71
-71
-67
-67
-65
-65
-69
-61
-69
-65
-65
-67
-67
-61
-63
-55
-61
-57
-55
-55
-51
-47
-49
-45
-41
-35
-25
-27
-21
-25
-25
-31
-25
-31
-29
-35
-31
-33
-33
