7
-1
-9
-15
-19
-23
-25
-25
-25
-25
-9
-31
-31
-29
-25
-21
-23
-21
-17
-19
-19
-17
-17
-17
-17
-17
-17
-17
-21
-17
-19
-19
-17
-23
-17
-21
-21
-27
-25
-23
-23
-19
-21
-17
-5
-3
-5
11
11
7
1
-9
25
-23
-39
-33
-27
-27
-31
-31
-27
-31
-45
-9
95
197
239
117
-103
-107
-33
-19
-23
-29
-27
-25
-15
-31
-31
-25
-19
-19
-17
-15
-11
-5
1
-1
5
13
19
25
31
37
55
39
41
43
39
37
23
15
5
-5
-3
-17
-5
-19
-27
-27
-23
-23
-21
-19
-17
-21
-21
-11
-15
-17
-21
-15
-19
-21
-19
-17
-15
-15
-13
-11
-17
-15
-23
-15
-21
-21
-23
-13
-27
-23
-21
-15
-21
-23
-23
-15
-15
-23
-7
-9
-7
1
17
1
-5
-9
-11
-19
-27
-29
-33
-21
-27
-31
-33
-37
-51
3
119
229
231
61
-127
-79
-31
-23
-23
-35
-41
-29
-31
-31
-27
-21
-23
-21
-19
-15
-13
-5
-11
-1
9
11
13
23
29
37
43
43
51
39
35
29
27
15
5
-11
-17
-19
-23
-25
-31
-27
-23
-25
-31
-27
-27
-33
-27
-25
-27
-19
-23
-27
-19
-15
-25
-21
-23
-25
-21
-23
-19
-23
-23
-23
-23
-21
-27
-25
-23
-29
-31
-27
-27
-23
-21
-27
-19
-9
-7
-19
3
9
-3
-1
-7
-11
-25
-33
-31
-31
-31
-33
-29
-35
-37
-43
-13
91
205
235
97
-111
-107
-43
-31
-27
-29
-37
-39
-37
-25
-29
-25
-27
-23
-17
-19
-15
-13
-3
1
15
9
11
19
29
35
41
49
45
45
37
33
27
23
7
-7
-17
-29
-25
-31
-33
-23
-31
-27
-27
-23
-35
-35
-31
-23
-23
-23
-23
-19
-21
-19
-19
-19
-19
-17
-19
-19
-17
-17
-21
-15
-19
-25
-21
-23
-25
-25
-27
-15
-5
-7
-9
9
7
1
-5
3
-17
-21
-29
-25
-35
-31
-33
-29
-27
-33
-41
7
131
229
213
23
-137
-81
-27
-29
-31
-31
-29
-31
-31
-31
-23
-25
-23
-19
-15
-11
-9
-5
3
3
11
9
21
27
31
39
41
45
41
37
33
23
15
5
-3
-11
-17
-23
-25
-27
-27
-27
-29
-29
-29
-27
-23
-25
-27
-25
-21
-21
-21
-21
-21
-19
-21
-21
-21
-21
-21
-21
-23
-23
-25
-21
-23
-25
-25
-23
-23
-25
-23
-19
-9
-5
-7
7
13
5
-1
-7
-7
-19
-27
-27
-31
-29
-29
-29
-27
-31
-47
-15
89
207
241
113
-105
-101
-35
-23
-27
-31
-31
-27
-27
-27
-27
-23
-21
-19
-17
-15
-9
-7
-3
1
7
15
21
29
31
39
45
47
47
43
47
35
21
13
1
-7
-15
-19
-21
-25
-25
-27
-29
-25
-25
-33
-29
-29
-27
-23
-25
-23
-21
-21
-21
-19
-19
-19
-21
-21
-21
-19
-21
-21
-21
-21
-19
-21
-21
-23
-23
-21
-21
-19
-15
-3
-5
-7
9
15
7
1
-3
-9
-27
-29
-31
-27
-23
-33
-27
-27
-37
-39
29
147
239
189
-23
-127
-51
-23
-29
-31
-23
-27
-37
-35
-31
-25
-23
-21
-19
-15
-13
-11
-7
1
11
13
15
23
35
45
43
37
49
43
45
39
29
17
7
-1
-7
-11
-23
-29
-23
-27
-29
-27
-25
-29
-23
-15
-25
-35
-29
-25
-25
-21
-19
-19
-17
-19
-19
-21
-21
-21
-13
-21
-27
-3
-21
-31
-29
-23
-21
-21
-21
-13
-5
-5
-5
9
15
5
-1
1
5
-37
-35
-29
-27
-27
-27
-25
-25
-33
-41
11
121
229
231
83
-123
-107
-39
-25
-29
-29
-29
-27
-27
-23
-25
-19
-19
-17
-13
-11
-7
-9
29
-11
-1
13
17
27
33
41
45
49
47
45
41
45
29
17
-9
-15
-17
-19
-21
-23
-25
-25
-25
-25
-27
-27
-29
-15
-33
-17
-23
-27
-31
-25
-21
-15
-19
-25
-25
-21
-23
-23
-21
-21
-23
-21
-9
-25
-33
-31
-27
-25
-21
-9
-7
-9
5
11
3
-1
-9
-9
-13
-33
-37
-31
-35
-35
-29
-31
-29
-47
-27
69
189
251
145
-75
-127
-51
-29
-27
-31
-31
-31
-29
-25
-19
-13
-23
-27
-23
-21
-15
-9
-1
1
5
13
19
27
33
39
43
47
47
47
43
37
31
19
13
-5
-9
-13
-17
-21
-23
-21
-23
-25
-23
-25
-25
-25
-23
-23
-21
-23
-19
-19
-19
-25
-27
-25
-19
-21
-21
-21
-21
-19
-23
-21
-21
-23
-23
-23
-21
-23
-25
-21
-21
-19
-7
-5
-7
7
13
3
-3
-3
-7
-27
-39
-35
-31
-29
-31
-31
-27
-33
-47
-3
99
219
233
83
-119
-89
-35
-27
-31
-33
-31
-31
-27
-27
-21
-23
-23
-21
-7
-29
-23
-11
-5
1
7
13
21
27
31
39
43
45
47
45
41
55
17
1
-5
-9
-13
-17
-21
-23
-25
-27
-25
-27
-27
-27
-27
-17
-11
-37
-31
-25
-29
-25
-21
-23
-23
-21
-21
-23
-23
-23
-23
-23
-23
-23
-25
-25
-25
-25
-23
-25
-25
-23
-23
-21
-9
-3
-1
-13
3
1
-3
-11
-7
-19
-27
-31
-31
-29
-29
-31
-21
-19
-47
-43
53
173
245
161
-61
-129
-45
-23
-29
-31
-31
-31
-31
-27
-19
-31
-29
-21
-19
-17
-13
-9
-1
1
7
11
21
27
29
53
43
33
41
43
43
33
29
19
13
-1
-9
-15
-19
-23
-25
-25
-19
-29
-29
-29
-31
-27
-25
-25
-15
-17
-25
-27
-29
-23
-23
-19
-19
-21
-23
-23
-23
-21
-21
-23
-25
-23
-17
-31
-15
-33
-31
-27
-13
-9
-11
3
11
3
1
-7
-7
-23
-31
-21
-31
-39
-35
-31
-27
-39
-51
-9
93
207
233
83
-121
-97
-37
-27
-31
-33
-33
-33
-31
-31
-29
-27
-25
-23
-19
-17
-11
-7
-5
3
9
15
11
15
25
35
39
41
41
39
35
29
21
9
3
-7
-15
-17
-23
-11
-37
-39
-35
-31
-33
-29
-29
-29
-27
-27
-25
-23
-19
-21
-25
-29
-25
-21
-25
-17
-33
-35
-31
-27
-27
-27
-25
-27
-27
-25
-27
-27
-25
-23
-11
-9
-9
9
5
-9
-1
-9
-21
-29
-31
-33
-33
-31
-25
-33
-39
-37
-51
-9
103
215
229
77
-123
-91
-35
-29
-31
-33
-37
-17
-41
-37
-37
-31
-25
-23
-19
-17
-13
-7
-3
1
9
7
19
31
25
33
37
41
43
41
37
29
21
9
-1
-7
-15
-21
-23
-25
-27
-29
-29
-29
-27
-29
-27
-25
-21
-19
-27
-31
-27
-23
-21
-23
-21
-21
-21
-25
-3
-27
-31
-31
-25
-29
-27
-27
-25
-25
-25
-25
-25
-25
-21
-11
-7
-7
1
11
5
-1
-9
-9
-21
-27
-29
-29
-31
-31
-27
-27
-19
-53
-13
103
205
225
83
-113
-85
-31
-25
-31
-33
-29
-29
-27
-27
-27
-21
-21
-15
-15
-11
-13
-11
-3
3
9
17
21
31
37
53
45
35
37
43
37
31
21
11
1
-7
-11
-19
-19
-19
-13
-35
-31
-29
-31
-27
-23
-25
-23
-21
-23
-21
-17
-17
-19
-21
-17
-15
-15
-11
-29
-21
-27
-25
-23
-19
-23
-21
-21
-21
-23
-21
-19
-11
-5
-5
-1
19
9
-1
-1
-5
-13
-23
-25
-27
-9
-25
-37
-33
-33
-43
-21
81
205
243
111
-105
-107
-35
-23
-25
-27
-25
-3
-27
-31
-27
-25
-19
-17
-13
-13
-7
-5
1
5
7
43
13
17
29
37
41
45
45
43
43
37
27
19
9
-1
-7
-11
-19
-19
-21
-21
-23
-23
-25
-5
-25
-33
-29
-21
-23
-21
-21
-17
-17
-19
-17
-19
-17
-15
-19
-21
-9
-13
-25
-29
-23
-23
-23
-21
-23
-21
-21
-13
-3
-3
-1
13
15
3
9
9
-21
-33
-33
-31
-31
-27
-29
-27
-25
-27
-37
41
163
241
173
-51
-131
-47
-21
-25
-29
-29
-27
-25
-25
-19
-23
-23
-17
-19
-17
-13
-7
-3
-3
7
21
15
17
21
31
37
41
41
41
39
39
25
15
5
-3
-11
-17
-21
-21
-23
-25
-25
-23
-23
-27
-29
-23
-19
-27
-25
-27
-25
-23
-21
-17
-23
-21
-19
-21
-23
-21
-21
-19
-23
-21
-21
-19
-21
-23
-15
-21
-27
-19
-5
-5
-5
11
11
-1
-1
-5
-21
-29
-29
-31
-31
-29
-29
-27
-27
-45
-25
71
191
251
139
-85
-121
-41
-23
-27
-29
-29
-29
-25
-25
-23
-21
-19
-17
-15
-13
-9
-7
-3
1
7
13
19
25
39
37
39
33
41
39
37
33
23
13
5
-3
-11
-15
-19
-23
-23
-25
-25
-25
-23
-25
-27
-31
-27
-25
-23
-25
-23
-21
-21
-21
-19
-19
-15
-23
-3
-31
-29
-27
-21
-27
-25
-23
-23
-23
-23
-21
-17
-5
-5
-5
9
15
3
1
-9
-19
-31
-29
-31
-29
-31
-31
-29
-31
-35
-35
43
159
239
167
-45
-135
-45
-27
-25
-31
-33
-29
-29
-27
-25
-29
-21
-17
-21
-17
-13
-11
-5
1
5
11
15
21
29
35
39
37
41
37
37
31
23
13
5
-5
-7
-21
-25
-27
-23
-27
-31
-31
-31
-31
-31
-31
-27
-27
-25
-23
-23
-25
-23
-23
-19
-23
-23
-21
-23
-23
-21
-23
-23
-23
-23
-21
-23
-21
-11
-5
-7
1
11
9
1
-7
-7
-19
-27
-35
-31
-35
-35
-31
-31
-33
-35
-15
91
219
233
85
-119
-95
-31
-25
-29
-27
-29
-29
-29
-31
-29
-25
-21
-19
-17
-13
-11
-7
-3
7
11
7
15
23
27
33
37
39
39
37
29
25
13
13
-9
-17
-19
-23
-23
-27
-27
-29
-23
-29
-29
-29
-27
-21
-29
-25
-23
-23
-21
-21
-19
-21
-21
-19
-21
-21
-23
-21
-21
-23
-17
-7
-5
7
11
-3
-1
-5
-9
-17
-27
-33
-31
-33
-33
-33
-31
-29
-29
-55
-1
125
239
223
21
-139
-61
-25
-21
-35
-31
-27
-39
-33
-29
-25
-25
-21
-19
-17
-13
-9
-3
-1
5
11
17
23
31
33
37
51
41
23
25
25
21
9
1
-7
-13
-17
-21
-23
-23
-27
-25
-21
-29
-27
-27
-23
-21
-23
-21
-19
-5
-21
-29
-21
-27
-25
-23
-21
-23
-21
-23
-23
-23
-19
-7
-3
-15
3
11
3
-3
-9
-15
-29
-33
-35
-35
-37
-35
-13
-43
-41
-65
11
137
241
195
-21
-137
-51
-27
-29
-33
-31
-31
-31
-25
-23
-15
-33
-27
-25
-13
-15
-9
-5
1
5
11
17
27
29
35
49
31
27
31
29
25
17
7
-1
-9
-15
-21
-23
-27
-27
-27
-27
-29
-21
-27
-23
-23
-19
-19
-17
-21
-23
-17
-23
-21
-21
-19
-23
-21
-21
-21
-23
-23
-23
-23
-23
-19
-7
-9
-1
5
5
3
-9
-13
-19
-27
-33
-35
-35
-33
-35
-33
-31
-45
-47
31
155
243
187
-29
-139
-59
-27
-31
-9
-37
-37
-41
-35
-29
-25
-23
-21
-17
-15
-11
-9
-3
1
3
13
19
27
31
35
37
39
35
37
35
23
13
7
1
-11
-19
-25
-19
-27
-31
-27
-27
-27
-25
-23
-17
-19
-21
-9
-23
-25
-23
-19
-19
-19
-19
-19
-19
-21
-23
-15
-19
-27
-27
-25
-25
-21
-7
-9
-13
5
11
9
-3
-9
-13
-23
-29
-35
-27
-29
-39
-43
-33
-37
-51
-13
101
219
227
59
-133
-97
-33
-25
-31
-31
-33
-29
-29
-23
-23
-23
-21
-17
-13
-11
-9
-3
1
5
11
21
23
25
37
39
41
37
31
33
31
35
17
-5
-11
-13
-17
-19
-23
-25
-23
-25
-23
-23
-21
-15
-19
-31
-25
-19
-19
-17
-17
-19
-17
-17
-17
-17
-17
-21
-27
-5
-27
-31
-27
-25
-23
-23
-23
-19
-11
3
-11
-7
13
3
-5
-9
-9
-19
-31
-31
-29
-31
-29
-31
-29
-35
-49
-7
99
207
227
73
-131
-89
-31
-23
-29
-31
-31
-29
-29
-25
-19
-19
-23
-15
-23
-17
-11
-9
3
1
7
11
21
27
33
39
41
41
39
37
33
25
19
7
-3
-13
-3
-19
-33
-27
-31
-25
-25
-23
-23
-23
-21
-21
-21
-19
-19
-19
-17
-17
-19
-19
-19
-17
-21
-15
-5
-29
-31
-29
-25
-29
-27
-25
-25
-23
-25
-23
-21
-9
-5
-9
5
13
11
9
-13
-23
-31
-31
-31
-31
-29
-31
-29
-29
-37
-43
21
137
227
197
3
-141
-69
-27
-23
-29
-31
-25
-21
-29
-23
-27
-29
-25
-17
-15
-11
-7
-3
1
5
11
17
21
27
33
39
41
39
37
47
37
17
9
5
-3
-9
-13
-17
-23
-21
-21
-23
-23
-23
-23
-21
-21
-21
-17
-21
-21
-19
-17
-19
-19
-19
-21
-19
-25
-7
-25
-35
-25
-29
-27
-25
-25
-25
-25
-23
-21
-25
-27
-21
-9
-5
-9
5
11
5
-1
-7
-7
-21
-27
-23
-29
-35
-35
-31
-29
-31
-49
-15
93
207
225
71
-123
-99
-29
-19
-35
-31
-39
-33
-31
-25
-23
-23
-23
-15
-15
-11
-13
-9
-1
5
5
13
19
27
41
39
35
39
39
41
31
23
17
7
-3
-9
-13
-19
-25
-15
-27
-33
-33
-27
-25
-27
-23
-23
-21
-21
-23
-23
-21
-21
-21
-21
-21
-21
-21
-27
-21
-21
-25
-23
-25
-25
-25
-25
-23
-25
-25
-23
-17
-9
-9
-7
13
11
-3
-5
-5
5
-41
-45
-37
-35
-33
-31
-33
-31
-45
-33
49
167
233
145
-87
-127
-43
-23
-31
-31
-19
-33
-41
-35
-27
-29
-23
-21
-17
-15
-13
-7
-5
9
7
11
7
19
29
31
35
39
37
37
31
27
17
9
-1
-9
-11
-17
-25
-31
-29
-27
-27
-27
-25
-25
-25
-21
-21
-21
-23
-21
-5
-21
-23
-25
-23
-23
-23
-21
-21
-23
-23
-21
-23
-19
-25
-25
-23
-23
-23
-23
-23
-17
-5
-5
-7
7
11
1
-3
-5
-13
-25
-27
-31
-29
-33
-29
-29
-31
-45
-35
51
173
241
163
-57
-137
-57
-27
-29
-31
-31
-31
-29
-29
-25
-23
-23
-21
-19
-17
-3
-13
1
-5
-1
7
15
25
29
33
39
39
45
43
29
27
25
17
3
-15
-21
-21
-23
-25
-27
-25
-27
-27
-25
-25
-25
-21
-17
-31
-27
-17
-21
-23
-23
-21
-21
-21
-21
-21
-23
-21
-19
-19
-23
-29
-27
-25
-27
-23
-23
-23
-23
-23
-17
-7
-7
-9
7
11
1
-5
-5
-11
-31
-31
-31
-31
-29
-29
-29
-29
-41
-43
33
147
263
185
-17
-137
-69
-35
-31
-31
-31
-31
-29
-29
-25
-25
-21
-19
-15
-17
-11
-7
11
-1
