47
53
63
69
63
49
27
5
-17
-33
-43
-47
-51
-53
-53
-53
-53
-55
-55
-51
-51
-51
-49
-47
-49
-49
-47
-47
-47
-49
-49
-51
-51
-53
-51
-51
-53
-55
-53
-53
-55
-57
-53
-53
-55
-53
-51
-49
-49
-51
-49
-47
-49
-51
-51
-49
-47
-49
-47
-45
-27
-17
-33
-37
-39
-45
-51
-49
-45
-43
-37
-33
-105
-133
-21
311
569
639
257
9
-49
-57
-59
-59
-63
-63
-61
-59
-59
-61
-59
-59
-61
-57
-55
-49
-51
-51
-47
-41
-35
-27
-21
-7
1
11
27
41
49
55
61
61
45
17
-1
-19
-35
-47
-55
-57
-61
-65
-63
-59
-59
-59
-59
-57
-55
-57
-55
-55
-53
-51
-53
-53
-55
-55
-57
-57
-55
-55
-53
-55
-57
-57
-53
-51
-55
-53
-51
-51
-43
-43
-39
-37
-37
-39
-37
-39
-41
-43
-35
-13
-7
-23
-27
-31
-37
-43
-39
-35
-35
-27
-27
-97
-105
51
415
609
547
145
-11
-41
-41
-49
-47
-45
-47
-47
-47
-43
-43
-45
-41
-39
-41
-37
-37
-33
-29
-29
-21
-13
-7
5
13
27
39
49
57
65
69
67
53
33
11
-11
-25
-31
-37
-43
-43
-45
-45
-47
-43
-43
-45
-41
-43
-41
-39
-41
-39
-35
-39
-41
-41
-39
-41
-43
-43
-43
-45
-45
-47
-45
-47
-49
-51
-51
-53
-53
-51
-47
-47
-47
-45
-45
-45
-45
-45
-43
-47
-49
-47
-43
-47
-45
-23
-17
-37
-69
-75
-81
-85
-85
-83
-79
-73
-71
-153
-161
23
403
619
539
135
-43
-83
-91
-93
-95
-95
-95
-95
-95
-91
-91
-89
-85
-83
-81
-79
-79
-75
-69
-65
-57
-53
-45
-37
-27
-15
-1
11
25
33
41
43
33
17
-5
-27
-41
-55
-61
-67
-71
-73
-73
-73
-71
-73
-67
-65
-67
-63
-61
-59
-59
-59
-55
-57
-59
-55
-55
-55
-57
-57
-55
-55
-59
-57
-57
-55
-55
-55
-53
-53
-55
-51
-51
-49
-47
-45
-45
-45
-47
-45
-41
-45
-41
-41
-41
-37
-47
-27
-11
-25
-33
-35
-37
-43
-43
-43
-37
-35
-25
-73
-123
-47
255
549
663
327
35
-37
-49
-53
-57
-53
-51
-53
-51
-49
-49
-49
-49
-45
-45
-43
-43
-35
-35
-35
-31
-23
-13
-7
3
17
33
43
51
61
71
73
73
57
33
11
-11
-23
-31
-37
-39
-43
-41
-41
-43
-41
-37
-41
-37
-33
-37
-33
-35
-31
-35
-35
-33
-33
-31
-39
-39
-37
-37
-37
-37
-35
-37
-43
-45
-43
-41
-45
-39
-39
-37
-39
-39
-37
-33
-35
-35
-33
-33
-31
-31
-27
-33
-21
-3
-1
-15
-17
-23
-29
-29
-27
-21
-21
-11
-43
-111
-55
225
551
687
355
29
-33
-39
-39
-37
-37
-39
-39
-39
-37
-37
-35
-31
-31
-33
-29
-23
-19
-19
-19
-9
-7
3
9
23
35
41
59
67
79
89
91
87
71
53
31
7
-7
-19
-27
-29
-29
-29
-33
-31
-27
-25
-23
-21
-19
-15
-13
-7
-7
-5
-3
-1
-3
-3
-1
1
1
-3
-1
-3
-7
-7
-9
-7
-5
-7
-7
-7
-9
-11
-9
-5
-13
-9
11
15
5
-1
1
-9
-15
-11
-9
-5
3
-19
-101
-91
113
491
655
653
195
1
-27
-25
-29
-29
-31
-29
-31
-33
-31
-29
-29
-29
-25
-21
-19
-19
-15
-9
-7
-3
5
15
23
37
55
71
83
93
103
109
107
91
67
43
15
-5
-17
-25
-29
-33
-33
-33
-29
-27
-29
-27
-27
-25
-23
-23
-23
-17
-19
-21
-21
-21
-21
-23
-23
-23
-25
-25
-27
-27
-29
-27
-29
-29
-29
-27
-27
-29
-29
-27
-27
-27
-25
-27
-29
-29
-29
-27
-23
-19
-27
-13
-1
-9
-13
-13
-17
-27
-29
-23
-23
-19
-11
-75
-133
-3
357
615
705
335
49
-23
-41
-47
-45
-45
-43
-45
-43
-41
-39
-37
-37
-35
-33
-33
-31
-29
-27
-21
-17
-11
-3
5
19
35
47
61
73
85
89
85
73
49
21
-1
-17
-31
-39
-41
-41
-41
-39
-41
-39
-39
-41
-41
-39
-37
-39
-37
-37
-37
-35
-37
-37
-37
-37
-37
-37
-37
-37
-41
-39
-39
-41
-39
-39
-39
-41
-41
-39
-39
-39
-39
-39
-37
-39
-39
-37
-35
-37
-37
-39
-37
-37
-35
-41
-27
-13
-25
-33
-35
-39
-51
-49
-45
-45
-39
-29
-97
-151
-39
343
597
669
309
29
-39
-53
-61
-65
-63
-63
-63
-63
-59
-59
-61
-59
-55
-55
-53
-49
-45
-43
-41
-37
-29
-21
-9
-1
13
23
35
47
59
63
67
61
45
21
-5
-25
-39
-49
-55
-59
-61
-61
-61
-59
-59
-57
-55
-55
-53
-51
-53
-51
-49
-51
-51
-49
-47
-49
-51
-53
-53
-51
-53
-53
-53
-55
-57
-55
-53
-53
-53
-55
-51
-53
-51
-49
-49
-49
-47
-47
-47
-45
-47
-45
-43
-47
-43
-45
-39
-19
-25
-33
-37
-39
-45
-49
-47
-47
-45
-37
-43
-125
-119
95
465
631
547
143
-13
-51
-57
-57
-59
-61
-61
-59
-55
-55
-55
-55
-53
-51
-51
-51
-47
-45
-39
-37
-31
-25
-15
-5
7
19
33
45
59
63
67
59
43
23
1
-19
-33
-45
-51
-53
-55
-55
-53
-51
-51
-53
-55
-53
-51
-49
-49
-47
-49
-51
-53
-51
-49
-49
-51
-51
-51
-51
-53
-51
-53
-53
-53
-55
-53
-53
-55
-55
-51
-51
-51
-49
-49
-49
-51
-49
-47
-47
-47
-45
-43
-49
-43
-21
-21
-37
-39
-41
-47
-51
-51
-47
-45
-37
-39
-111
-121
31
397
605
541
157
-15
-51
-61
-65
-67
-67
-63
-63
-65
-63
-59
-61
-61
-55
-55
-55
-55
-51
-43
-39
-35
-27
-19
-11
-3
9
23
33
39
51
63
63
57
39
15
-7
-27
-39
-45
-51
-53
-55
-51
-51
-53
-49
-47
-49
-49
-49
-45
-45
-51
-51
-49
-51
-49
-51
-49
-51
-53
-51
-51
-53
-53
-51
-51
-55
-57
-51
-53
-55
-53
-53
-51
-53
-55
-53
-51
-51
-51
-49
-49
-49
-55
-47
-25
-19
-33
-37
-39
-49
-51
-51
-47
-47
-39
-53
-123
-105
83
449
617
539
129
-23
-55
-61
-65
-65
-65
-65
-65
-65
-63
-61
-65
-61
-55
-59
-55
-51
-49
-45
-43
-37
-27
-19
-11
-1
15
23
29
43
55
61
59
45
25
3
-17
-37
-45
-51
-53
-57
-59
-59
-61
-59
-53
-55
-57
-53
-49
-51
-51
-49
-51
-49
-51
-53
-51
-51
-51
-51
-55
-55
-49
-51
-53
-51
-51
-53
-51
-49
-49
-51
-49
-51
-53
-55
-51
-47
-51
-51
-29
-21
-37
-41
-43
-53
-51
-51
-47
-47
-39
-53
-127
-111
95
473
643
487
81
-39
-59
-67
-67
-69
-69
-67
-65
-65
-65
-63
-61
-59
-59
-57
-55
-49
-53
-45
-39
-35
-27
-21
-13
-1
15
29
41
45
57
67
59
45
25
3
-19
-35
-45
-49
-55
-59
-57
-55
-55
-51
-51
-51
-53
-49
-47
-47
-49
-47
-45
-45
-49
-49
-49
-47
-47
-47
-47
-49
-49
-45
-45
-45
-47
-47
-43
-45
-45
-45
-45
-41
-41
-37
-43
-31
-17
-23
-33
-35
-41
-45
-47
-41
-37
-35
-35
-95
-141
-33
331
587
635
209
-5
-47
-45
-53
-51
-53
-63
-59
-53
-49
-49
-49
-47
-41
-37
-43
-39
-31
-29
-21
-23
-7
-13
11
25
49
67
89
81
75
65
75
107
41
39
-3
-25
-7
-51
-39
-63
-61
-43
-53
-55
-49
-31
-43
-53
-53
-55
-49
-39
-45
-45
-31
-41
-29
-51
-15
-27
-37
-39
-35
-11
7
-45
-45
-37
-31
-23
-25
-23
-19
-17
-11
-25
-45
-17
1
5
-23
-23
-25
-37
-33
-29
-29
-23
-15
-61
-131
-77
239
559
685
455
83
-19
-41
-41
-51
-45
-49
-41
-51
-41
-39
-45
-35
-47
-43
-37
-37
-37
-27
-31
-21
-27
-13
-9
-1
19
25
47
55
61
81
89
93
79
65
35
13
-5
-23
-23
-35
-35
-37
-37
-39
-39
-37
-33
-23
-25
-41
-35
-41
-39
-39
-31
-39
-23
-31
-37
-43
-35
-43
-41
-45
-43
-41
-43
-41
-41
-41
-37
-39
-39
-39
-39
-37
-37
-31
-39
-27
1
-21
-29
-29
-41
-49
-47
-43
-35
-35
-25
-87
-153
-33
311
581
677
349
53
-37
-49
-57
-59
-53
-65
-61
-55
-61
-63
-57
-59
-59
-63
-37
-59
-49
-51
-43
-41
-39
-33
-11
-11
-5
9
25
39
43
63
63
51
47
21
-7
-25
-39
-41
-43
-53
-53
-63
-51
-53
-53
-53
-53
-51
-51
-51
-51
-49
-45
-51
-49
-47
-45
-53
-51
-45
-47
-49
-55
-51
-47
-55
-45
-41
-55
-53
-53
-51
-41
-57
-53
-43
-37
-49
-53
-33
-13
-31
-45
-41
-49
-55
-53
-47
-47
-41
-33
-105
-145
-17
357
587
643
265
23
-39
-53
-63
-57
-63
-69
-63
-63
-63
-53
-59
-63
-57
-37
-55
-65
-39
1
-49
-31
-43
-29
-33
-13
3
11
25
37
51
57
45
55
39
23
-1
-21
-31
-39
-55
-55
-57
-49
-51
-51
-51
-51
-53
-45
-47
-45
-47
-51
-47
-43
-61
-47
-53
-49
-57
-47
-57
-47
-55
-49
-55
-55
-59
-45
-51
-51
-47
-43
-51
-49
-45
-59
-39
-35
-27
7
-59
-7
-31
-51
-49
-47
-53
-51
-45
-43
-45
-39
-113
-131
15
355
567
585
225
5
-49
-63
-61
-69
-73
-67
-59
-69
-57
-69
-63
-67
-65
-59
-57
-57
-41
-37
-57
-57
-39
-23
-27
-27
-13
13
17
21
33
47
47
37
39
21
-21
-31
-43
-45
-53
-51
-49
-51
-49
-49
-51
-49
-45
-47
-47
-47
-49
-47
-47
-37
-57
-53
-49
-47
-53
-51
-49
-51
-47
-47
-49
-47
-47
-45
-47
-49
-47
-51
-47
-47
-47
-41
-39
-47
-47
-19
-15
-41
-41
-43
-49
-51
-51
-47
-39
-37
-45
-121
-105
73
417
605
535
165
-9
-51
-57
-57
-63
-61
-59
-57
-51
-53
-53
-51
-49
-47
-47
-49
-41
-47
-41
-39
-33
-27
-21
-13
-7
3
17
25
33
41
49
53
41
37
13
-11
-25
-35
-41
-47
-51
-51
-47
-49
-49
-43
-41
-47
-45
-43
-39
-37
-43
-43
-41
-45
-45
-43
-39
-43
-43
-45
-45
-43
-45
-45
-43
-47
-41
-43
-45
-39
-43
-43
-43
-43
-41
-39
-29
-11
-19
-33
-31
-31
-43
-45
-47
-43
-41
-29
-75
-129
-43
249
529
643
351
55
-33
-49
-55
-61
-59
-55
-61
-47
-55
-51
-53
-41
-51
-53
-49
-47
-31
-41
-35
-27
-23
-19
-9
-1
13
19
35
43
53
53
63
57
47
27
9
-7
-17
-25
-37
-31
-33
-35
-31
-31
-27
-25
-19
-29
-27
-25
-15
-21
-19
-21
-21
-21
-21
-23
-23
-23
-13
-31
-29
-23
-21
-23
-31
-25
-25
-27
-29
-17
-27
-27
-27
3
7
-5
-17
-9
-25
-25
-23
-17
-17
-9
-41
-119
-63
221
539
663
413
85
-9
-29
-37
-41
-43
-35
-39
-37
-33
-37
-35
-35
-33
-29
-25
-25
-27
-15
-15
-7
-7
-3
7
17
27
39
49
59
67
87
77
71
55
35
19
-11
-27
-27
-31
-37
-37
-35
-37
-33
-33
-31
-25
-27
-29
-31
-21
-33
-33
-29
-29
-27
-31
-27
-25
-39
-25
-33
-25
-27
-27
-35
-29
-27
-21
-27
-29
-25
-21
-19
-29
-23
-23
-25
-17
-17
-15
-9
-7
-7
-13
-19
-19
-21
-33
-37
-27
-27
-11
-63
-121
-53
287
567
667
367
69
-15
-45
-45
-47
-55
-41
-53
-39
-49
-37
-21
-53
-49
-47
-37
-39
-31
1
-23
-21
7
-11
-1
19
27
45
67
71
83
93
99
91
87
61
37
15
1
-7
-9
-17
-15
-17
-9
-27
-7
-13
-17
-13
-11
-13
-17
-17
-15
-3
-21
-19
-27
-19
-17
-23
-23
-19
-27
-31
-29
-29
-15
-25
-27
-27
-29
-21
-15
-21
-21
-21
-17
-9
-3
3
3
-3
-1
-5
-21
-21
-23
-11
-11
-5
-7
-85
-79
103
443
607
573
179
21
-5
-21
-25
-23
-31
-25
-31
-29
-29
-27
-25
-27
-33
-31
-29
-27
-27
-25
-19
-13
-11
-5
11
19
27
39
45
53
63
65
63
45
23
3
-5
-29
-41
-45
-47
-47
-45
-49
-51
-51
-49
-47
-41
-41
-47
-51
-49
-45
-49
-51
-53
-53
-55
-51
-57
-63
-59
-63
-61
-61
-71
-71
-65
-67
-69
-71
-69
-69
-71
-71
-67
-71
-75
-63
-41
-47
-59
-59
-61
-75
-75
-73
-67
-65
-59
-77
-153
-123
73
435
625
441
35
-79
-93
-95
-93
-91
-93
-93
-95
-91
-91
-91
-89
-87
-85
-87
-87
-81
-79
-75
-69
-61
-51
-45
-41
-29
-19
-9
5
11
15
19
7
-7
-23
-47
-55
-71
-81
-81
-85
-85
-83
-83
-79
-77
-77
-73
-73
-71
-73
-73
-69
-77
-75
-71
-79
-77
-77
-77
-77
-79
-81
-79
-81
-81
-79
-81
-83
-81
-79
-79
-85
-77
-57
-49
-65
-73
-73
-81
-81
-77
-77
-73
-65
-71
-153
-143
37
419
603
569
117
-67
-85
-81
-89
-87
-85
-87
-85
-81
-77
-75
-77
-73
-69
-69
-65
-65
-59
-55
-53
-49
-41
-35
-23
-11
1
9
17
27
41
45
41
37
19
-3
-27
-41
-49
-55
-61
-61
-61
-63
-63
-61
-57
-57
-53
-53
-53
-51
-51
-51
-49
-49
-51
-51
-53
-57
-61
-61
-59
-59
-59
-57
-53
-55
-59
-57
-55
-53
-53
-53
-51
-51
-53
-51
-51
-47
-45
-51
-37
-27
-33
-39
-39
-39
-51
-49
-43
-41
-39
-41
-117
-151
7
395
615
695
323
35
-35
-55
-57
-59
-59
-61
-61
-55
-51
-51
-53
-49
-49
-49
-49
-43
-37
-39
-35
-29
-25
-19
-11
-1
17
31
41
53
65
67
69
63
47
25
5
-15
-31
-39
-43
-43
-41
-45
-45
-43
-39
-37
-37
-41
-37
-33
-37
-35
-33
-35
-39
-35
-33
-35
-39
-39
-37
-39
-39
-37
-37
-37
-39
-39
-41
-39
-41
-39
-39
-35
-35
-35
-33
-31
-29
-37
-27
-11
-15
-25
-27
-31
-41
-43
-37
-37
-31
-23
-77
-139
-71
251
557
691
415
69
-21
-49
-55
-53
-53
-51
-53
-51
-53
-51
-49
-47
-47
-45
-41
-41
-37
-35
-35
-27
-21
-13
-7
3
17
31
39
51
63
73
75
71
57
35
13
-3
-19
-27
-31
-35
-35
-33
-33
-35
-35
-31
-31
-31
-27
-25
-29
-29
-29
-27
-25
-25
-23
-25
-27
-25
-25
-27
-27
-27
-23
-25
-25
-23
-25
-23
-23
-23
-23
-25
-21
-23
-21
-23
-23
-17
-21
-13
7
5
-1
-13
-15
-25
-23
-19
-19
-13
-3
-43
-111
-49
265
569
689
419
99
5
-17
-23
-21
-25
-25
-21
-23
-21
-23
-21
-19
-13
-11
-7
-1
-1
1
5
11
19
23
29
35
47
59
73
85
91
99
105
103
87
69
49
27
13
5
-1
-3
-5
-3
-1
1
-1
-3
-5
1
1
1
-1
1
1
-1
1
7
1
-1
1
1
-1
-1
-1
-1
-1
-1
-1
-3
-1
-3
-3
-1
-1
-1
-1
1
3
1
7
3
9
35
19
9
9
-3
-9
-9
-7
-1
3
13
-39
-95
-15
287
571
687
395
101
11
-15
-17
-25
-27
-23
-25
-21
-21
-21
-27
-27
-25
-23
-23
-21
-25
-19
-15
-5
-7
-3
7
17
29
35
47
61
69
75
83
83
67
47
31
13
-1
-11
-17
-19
-21
-23
-23
-21
-19
-15
-19
-21
-21
-21
-17
-19
-19
-21
-17
-19
-19
-21
-23
-21
-23
-23
-23
-23
-25
-27
-25
-23
-25
-29
-27
-27
-23
-33
-27
-3
1
-17
-19
-27
-35
-37
-33
-31
-33
-25
-33
-115
-103
113
477
649
487
89
-27
-47
-49
-53
-55
-53
-53
-49
-49
-49
-47
-49
-45
-47
-45
-43
-41
-41
-37
-37
-31
-23
-15
-7
1
9
19
27
35
41
47
43
29
11
-5
-23
-35
-43
-49
-53
-51
-51
-51
-53
-51
-49
-49
-49
-47
-45
-47
-49
-49
-51
-53
-51
-51
-53
-55
-55
-57
-55
-57
-59
-55
-55
-55
-59
-59
-59
-61
-55
-57
-53
-55
-57
-55
-51
-53
-53
-49
-29
-31
-45
-45
-47
-55
-59
-59
-57
-53
-49
-57
-129
-113
101
441
613
