-19
-15
-15
-11
-3
1
7
9
33
29
47
53
59
73
69
81
73
61
49
23
11
-7
-9
-23
-31
-27
-31
-31
-31
-23
-33
-29
-25
-23
-27
-27
-29
-25
-17
-25
-27
-17
-17
-17
-19
-11
-15
-21
-23
-21
-21
-19
-29
-25
-25
-17
-19
-7
-7
-17
-11
1
-3
-9
-15
-15
-15
-27
-37
-33
-25
-27
-35
-31
-27
-35
-25
-21
-27
-67
39
295
501
539
161
-121
-117
-55
-19
-31
-25
-27
-31
-17
-29
-15
-21
-21
-19
-11
-19
-15
-7
-7
1
-3
11
15
23
27
39
57
67
67
77
77
77
79
57
37
21
5
-9
-23
-11
-31
-27
-23
-25
-29
-37
-21
-27
-25
-29
-27
-31
-29
-19
-27
-23
-17
-23
-23
-23
-25
-19
-23
-23
-27
-27
-27
-37
-25
-31
-29
-31
-25
-29
-9
-15
-21
-25
-15
-7
-15
-11
-19
-23
-27
-29
-37
-39
-41
-35
-31
-41
-35
-35
-31
-21
-41
-71
73
329
513
521
81
-135
-113
-53
-35
-31
-39
-33
-31
-35
-31
-29
-29
-31
-19
-33
-17
-21
-19
-13
-13
1
-1
9
15
33
47
43
63
57
65
67
67
61
39
21
1
-11
-27
-21
-41
-29
-43
-37
-31
-39
-43
-31
-35
-37
-23
-37
-37
-33
-31
-29
-35
-37
-27
-29
-27
-31
-33
-29
-41
-33
-35
-35
-31
-43
-43
-37
-37
-35
-43
-35
-39
-37
-33
-33
-31
-21
-23
-25
-27
-17
-15
-29
-23
-27
-33
-35
-43
-47
-45
-39
-45
-41
-43
-35
-43
-37
-33
-81
11
267
491
531
109
-141
-123
-59
-39
-37
-43
-39
-39
-45
-31
-31
-35
-35
-31
-29
-27
-25
-17
-27
-21
-1
-11
3
11
21
31
47
49
55
59
67
63
49
41
19
-1
-13
-27
-29
-37
-37
-41
-45
-45
-47
-43
-43
-37
-45
-45
-47
-41
-45
-37
-41
-45
-41
-43
-35
-47
-39
-45
-45
-47
-53
-51
-43
-55
-51
-59
-47
-57
-53
-59
-47
-57
-49
-55
-57
-47
-47
-55
-59
-43
-57
-43
-35
-41
-45
-39
-33
-31
-35
-39
-41
-53
-59
-53
-61
-63
-69
-53
-59
-59
-55
-49
-41
-59
-105
17
273
501
515
57
-147
-129
-85
-59
-51
-57
-49
-55
-45
-53
-49
-43
-45
-39
-37
-31
-45
-21
-33
-27
-15
-15
-5
9
11
19
39
37
45
39
49
45
39
41
15
-9
-11
-37
-37
-45
-45
-53
-45
-41
-45
-45
-49
-39
-37
-29
-31
-35
-31
-37
-35
-33
-35
-35
-39
-35
-41
-35
-33
-41
-41
-47
-37
-41
-47
-43
-43
-37
-45
-45
-39
-41
-37
-41
-39
-41
-37
-37
-35
-39
-39
-33
-41
-33
-33
-29
-5
-19
-31
-31
-19
-19
-23
-21
-25
-33
-41
-35
-39
-49
-39
-45
-41
-41
-35
-29
-27
-69
-35
201
443
535
293
-105
-131
-73
-33
-37
-41
-41
-37
-43
-29
-41
-43
-37
-27
-31
-29
-27
-17
-27
-19
-11
-9
1
19
21
25
33
47
59
57
69
65
65
43
29
11
-5
-17
-31
-31
-39
-43
-37
-43
-47
-31
-41
-47
-45
-35
-41
-35
-37
-35
-39
-27
-33
-35
-37
-35
-31
-31
-39
-33
-41
-29
-31
-37
-33
-37
-35
-37
-31
-31
-37
-35
-33
-35
-29
-31
-31
-29
-31
-27
-25
-23
-23
-21
-5
-15
-19
-15
-1
-11
-11
-15
-21
-25
-35
-39
-33
-33
-33
-33
-19
-25
-29
-19
-39
-65
87
353
515
479
29
-133
-95
-45
-23
-21
-25
-35
-29
-25
-29
-29
-23
-23
-21
-19
-19
-17
-17
-7
-9
1
9
13
21
31
33
55
59
61
65
65
73
65
49
31
13
1
-15
-29
-31
-27
-29
-37
-31
-31
-29
-37
-35
-27
-33
-23
-35
-31
-27
-27
-25
-25
-29
-23
-29
-29
-31
-29
-27
-31
-31
-35
-29
-37
-33
-33
-35
-39
-39
-31
-37
-33
-33
-33
-29
-33
-29
-27
-13
-19
-25
-19
-11
-5
-15
-19
-17
-25
-43
-35
-41
-51
-31
-43
-39
-35
-31
-31
-19
-57
-55
133
365
513
341
-43
-137
-93
-45
-35
-35
-37
-35
-37
-39
-37
-31
-33
-33
-33
-25
-31
-33
-15
-15
-17
-13
-7
1
9
17
25
37
39
43
45
49
43
43
23
7
-17
-29
-39
-41
-51
-55
-53
-55
-51
-51
-53
-53
-49
-57
-53
-47
-49
-47
-45
-47
-47
-47
-47
-49
-41
-47
-49
-53
-57
-55
-49
-51
-57
-57
-57
-57
-47
-53
-47
-53
-35
-41
-43
-45
-25
-37
-33
-39
-33
-51
-57
-51
-51
-51
-51
-59
-51
-49
-47
-47
-39
-61
-83
69
327
515
389
-23
-119
-109
-65
-41
-41
-43
-41
-37
-35
-39
-39
-29
-27
-23
-21
-25
-17
-19
-11
-13
1
3
17
19
23
31
49
51
55
59
63
67
55
37
27
15
1
-15
-23
-27
-33
-35
-35
-27
-33
-33
-29
-29
-23
-29
-21
-21
-21
-17
-25
-25
-21
-21
-17
-21
-23
-29
-29
-19
-23
-27
-35
-31
-27
-29
-31
-27
-31
-21
-27
-27
-25
-21
-7
-11
-15
-19
-5
-5
-11
-7
-15
-25
-31
-29
-31
-31
-33
-31
-27
-25
-25
-15
-29
-67
59
307
501
505
85
-123
-97
-35
-25
-29
-29
-21
-21
-25
-23
-23
-15
-17
-17
-9
-19
-5
-9
-1
-1
3
9
21
19
41
43
49
61
73
73
79
73
65
55
43
25
5
-15
-13
-23
-21
-21
-29
-17
-27
-31
-29
-19
-23
-23
-21
-19
-19
-21
-15
-19
-17
-17
-21
-7
-27
-21
-21
-23
-27
-19
-27
-23
-29
-29
-23
-27
-27
-27
-27
-27
-21
-13
-5
-21
-19
-9
3
-11
-13
-15
-17
-33
-39
-37
-33
-35
-37
-33
-31
-35
-33
-23
-43
-71
71
329
519
467
13
-139
-103
-57
-33
-43
-39
-43
-41
-33
-39
-31
-39
-23
-37
-27
-27
-29
-27
-19
-19
-9
-11
-1
9
25
27
43
49
49
61
67
59
53
37
21
-1
-15
-31
-33
-37
-45
-41
-45
-45
-45
-43
-47
-43
-43
-41
-41
-37
-39
-41
-31
-35
-31
-35
-31
-39
-35
-37
-33
-45
-39
-43
-39
-39
-39
-37
-41
-35
-29
-27
-33
-29
-25
-29
-29
-29
-29
-41
-51
-47
-47
-49
-53
-45
-39
-49
-43
-47
-43
-39
-69
-53
161
405
529
253
-79
-131
-99
-53
-45
-45
-37
-39
-37
-37
-35
-27
-39
-35
-29
-27
-25
-29
-19
-17
-9
-5
-3
7
19
19
41
39
45
57
57
61
59
45
29
11
-7
-17
-25
-35
-33
-35
-39
-33
-41
-33
-31
-37
-31
-29
-31
-19
-29
-23
-29
-27
-25
-23
-25
-23
-23
-31
-19
-33
-27
-31
-31
-35
-33
-31
-27
-31
-33
-35
-35
-27
-29
-31
-19
-11
-17
-23
-13
-9
-15
-21
-17
-23
-25
-43
-37
-45
-35
-33
-33
-35
-35
-31
-29
-19
-45
-45
163
401
531
415
-31
-141
-87
-37
-29
-33
-29
-25
-29
-25
-27
-29
-23
-23
-21
-17
-15
-13
-13
-7
-1
3
15
19
27
33
49
65
67
69
73
69
73
65
33
19
-1
-3
-19
-29
-35
-37
-33
-27
-33
-39
-35
-29
-29
-35
-27
-29
-37
-27
-25
-27
-31
-27
-23
-23
-29
-25
-27
-21
-29
-27
-35
-31
-37
-31
-37
-37
-33
-37
-37
-29
-35
-35
-31
-31
-23
-17
-21
-25
-19
-5
-19
-19
-23
-25
-37
-31
-47
-45
-41
-41
-41
-37
-41
-33
-37
-23
-49
-77
107
355
519
441
-15
-147
-97
-47
-35
-33
-39
-39
-39
-37
-33
-35
-35
-31
-27
-25
-23
-29
-19
-17
-13
-7
-3
7
15
29
39
43
53
59
59
59
59
43
23
5
-11
-29
-49
-49
-51
-51
-59
-55
-61
-59
-59
-57
-53
-63
-55
-65
-59
-51
-53
-53
-53
-57
-47
-43
-53
-55
-47
-43
-51
-49
-47
-51
-55
-47
-49
-57
-49
-55
-55
-49
-55
-45
-39
-33
-35
-35
-45
-27
-27
-37
-39
-37
-41
-49
-53
-59
-51
-53
-55
-59
-51
-51
-49
-45
-47
-39
-79
-37
199
427
547
229
-119
-139
-85
-53
-45
-51
-51
-41
-49
-43
-49
-37
-41
-41
-33
-45
-29
-29
-25
-23
-15
-9
-7
7
15
33
37
51
57
49
61
55
47
35
5
-15
-23
-37
-47
-43
-45
-53
-51
-45
-47
-49
-49
-53
-47
-45
-43
-43
-45
-37
-37
-41
-37
-35
-35
-43
-35
-39
-37
-43
-47
-45
-41
-45
-43
-51
-47
-47
-47
-59
-39
-41
-43
-43
-39
-45
-47
-49
-47
-45
-47
-45
-57
-41
-53
-57
-39
-45
-49
-39
-37
-39
-37
-27
-37
-43
-41
-47
-53
-53
-63
-61
-61
-53
-55
-61
-49
-43
-41
-45
-65
-73
113
373
533
369
-57
-137
-111
-65
-53
-41
-45
-41
-41
-43
-39
-35
-37
-31
-33
-29
-27
-29
-23
-15
-15
-11
-5
5
19
25
35
45
51
55
63
61
55
55
37
9
-3
-21
-25
-35
-29
-33
-49
-37
-39
-37
-35
-35
-39
-33
-39
-31
-31
-29
-31
-23
-29
-27
-27
-23
-27
-31
-31
-29
-27
-35
-39
-39
-29
-39
-37
-35
-35
-41
-41
-33
-35
-39
-39
-35
-39
-39
-39
-41
-35
-35
-47
-37
-43
-33
-33
-33
-43
-33
-37
-37
-35
-37
-25
-19
-41
-9
-25
-31
-17
-23
-27
-45
-47
-45
-37
-39
-43
-37
-27
-29
-27
-67
-33
207
443
543
321
-79
-133
-81
-37
-31
-29
-37
-27
-39
-23
-27
-17
-23
-19
-19
-17
-7
-15
-15
-7
1
13
21
21
25
47
53
61
75
77
87
77
77
67
53
31
11
-7
-13
-25
-25
-27
-31
-27
-29
-29
-33
-35
-21
-27
-33
-25
-25
-27
-31
-27
-23
-15
-23
-11
-13
-13
-13
-27
-27
-21
-21
-23
-33
-29
-25
-25
-23
-23
-27
-25
-21
-31
-19
-27
-21
-21
-21
-27
-23
-21
-27
-17
-15
-21
-1
-9
-9
-9
-5
1
-1
-9
-19
-11
-17
-19
-31
-39
-21
-19
-27
-29
-17
-9
-27
-63
67
333
505
523
119
-139
-105
-47
-29
-23
-27
-23
-23
-27
-19
-15
-11
-27
-25
-19
-11
-19
-5
-3
-11
-5
5
19
17
21
41
45
67
69
75
87
81
79
65
53
27
7
-11
-25
-19
-27
-29
-29
-31
-23
-27
-33
-33
-35
-29
-27
-29
-25
-23
-23
-29
-21
-23
-21
-21
-21
-23
-19
-19
-21
-25
-23
-25
-25
-23
-23
-23
-27
-21
-27
-27
-23
-27
-21
-25
-21
-17
-17
-25
-13
1
-15
-7
-9
-3
-7
-13
-17
-23
-43
-47
-59
-65
-41
-25
-9
-15
-25
-29
-25
-35
-59
119
363
509
425
-3
-139
-101
-45
-11
-25
-47
-41
-27
-43
-31
-19
-27
-41
-35
-23
-23
-25
-29
-25
-17
-15
-15
19
17
25
33
45
47
57
63
63
59
63
37
29
-15
-15
-19
-37
-43
-55
-59
-51
-57
-47
-47
-51
-57
-53
-55
-63
-57
-57
-61
-61
-37
-41
-97
13
-43
-11
-61
-73
-63
-23
-81
5
-15
-29
-51
-43
-63
-15
-23
-51
-71
25
-17
29
-7
-27
5
37
-31
-55
-9
-13
-13
-93
-53
-21
27
-117
-45
15
-41
-23
-51
-17
229
441
563
133
-129
-129
-89
-63
-37
-65
-51
-27
-55
-51
-35
-65
-49
-31
-49
-39
-25
-59
-49
-33
-15
-17
-69
-35
-29
-13
7
15
7
25
15
9
7
-9
-31
-41
-75
-77
-73
-91
-101
-95
-93
-85
-93
-95
-87
-87
-89
-83
-81
-77
-65
-67
-77
-67
-47
-57
-51
-61
-51
-49
-45
-53
-53
-41
-29
-43
-57
-25
-17
-45
-31
-35
-45
-71
-61
-53
-57
-61
-57
-51
-41
-51
-59
-37
-39
-77
-27
217
437
541
197
-99
-125
-77
-49
-37
-19
-15
-17
-23
-25
-19
-7
-15
7
-5
-11
-11
3
-3
3
25
29
31
37
55
57
65
71
87
87
89
87
81
67
57
37
15
23
-3
-11
-21
-21
-3
-11
-11
-11
-23
-1
-17
-13
-19
-13
-7
-7
-5
-9
-9
-9
-5
-9
3
-9
-11
-9
-11
-11
-3
-1
9
3
3
15
-5
-9
-9
3
-13
-19
-27
-29
-25
-39
-23
-15
-13
-1
11
-7
-55
81
327
509
497
83
-131
-87
-37
-11
-17
-9
-17
-11
-17
-29
-27
-13
-5
-7
-9
-7
-13
-7
1
15
11
13
19
25
33
49
65
65
69
75
71
85
77
61
43
27
17
3
-11
-17
-19
-21
-21
-21
-21
-25
-23
-21
-21
-19
-19
-17
-13
-15
-15
-11
-13
-9
-7
-9
-17
-17
-13
-1
3
9
-3
-13
-3
5
-7
-13
-23
-23
-33
-53
-55
-49
-49
-45
-49
-35
-35
-39
-37
-27
-75
-25
197
395
487
253
-89
-161
-125
-67
-53
-55
-51
-49
-45
-49
-41
-41
-39
-41
-37
-43
-41
-39
-37
-29
-25
-27
-13
-1
-5
5
11
27
33
45
43
49
53
43
15
-1
-13
-25
-45
-47
-45
-43
-49
-55
-43
-37
-39
-39
-47
-49
-55
-43
-41
-37
-45
-31
-33
-31
-33
-11
-3
-3
-9
-15
1
5
-7
-7
-21
-35
-39
-47
-47
-51
-53
-55
-55
-45
-55
-47
-35
-41
-67
-61
153
379
493
279
-69
-145
-95
-41
-39
-57
-37
-21
-33
-35
-35
-35
-39
-45
-33
-29
-39
-51
-17
-17
-23
-13
-1
9
7
17
35
39
47
45
43
61
51
27
11
-7
-9
-19
-35
-41
-53
-41
-45
-49
-23
-31
-43
-43
-33
-31
-35
-41
-23
-23
-33
-33
-31
-31
-19
-23
-1
3
-13
-1
1
3
-5
-21
-45
-31
-73
-25
-43
-69
-65
-59
-49
-41
-49
-51
-47
-43
-69
31
283
471
451
27
-161
-137
-67
-45
-39
-43
-51
-51
-43
-45
-47
-33
-45
-21
-15
-29
-37
-25
-15
-17
-5
-3
11
21
29
37
45
51
57
59
51
41
45
15
5
1
-19
-25
-33
-35
-37
-45
-39
-31
-37
-33
-37
-29
-33
-29
-33
-27
-25
-29
-31
-29
-27
-25
-25
-13
-9
11
-3
-11
-1
11
-1
-17
-29
-33
-35
-51
-51
-53
-51
-53
-49
-47
-45
-53
-39
-43
-113
7
183
391
487
201
-123
-167
-93
-39
-37
-61
-45
-55
-47
-35
-45
-45
-45
-33
-33
-33
-31
-23
-21
-21
-9
-7
3
5
15
23
27
39
43
47
55
41
43
23
7
-5
-25
-33
-43
-45
-31
-37
-39
-41
-43
-49
-41
-35
-31
-41
-37
-39
-33
-33
-33
-39
-45
-29
-25
-19
-19
-13
-23
-23
-3
5
9
-31
-49
-53
-57
-53
-63
-63
-59
-57
-61
-51
-59
-61
-47
-67
-99
21
261
467
461
23
-141
-133
-91
-51
-57
-53
-55
-57
-51
-49
-49
-49
-43
-47
-39
-33
-31
-29
-27
-21
-15
-19
5
9
19
19
29
25
41
45
31
27
35
19
-3
-11
-37
-47
-19
-33
-45
-51
-47
-39
-41
-43
-41
-33
-35
-63
11
-31
-59
-41
-33
-41
-33
-29
-29
-9
-5
-15
-5
-11
-5
3
-21
-3
-15
-37
-35
-63
-69
-59
-39
-65
-63
-81
-35
-39
-53
-55
-93
-43
213
405
505
203
-155
-157
-87
-63
-61
-63
-53
-55
-53
-55
-49
-51
-39
-45
-35
-33
-27
-43
-27
-9
-17
-9
-7
-13
31
35
27
27
45
41
37
45
41
21
-29
41
7
-45
-37
-41
-45
-33
-31
-37
-43
-41
-31
-25
-43
-65
57
-45
-49
-45
-39
-37
-25
-31
-21
-19
-17
5
-3
-15
-7
19
-3
-15
-53
7
-39
-69
-53
-65
-67
-53
-57
-51
-53
-51
-53
-53
-69
21
239
483
467
33
-163
-133
-71
-53
-57
-49
-41
-55
-43
-61
-41
-21
-49
-41
-21
-25
-37
-21
-27
-11
17
1
-15
-1
7
19
31
39
47
57
47
37
37
19
1
7
-13
-27
-21
1
-29
-31
-35
-33
-21
-33
1
-37
-43
-31
-29
-33
-21
-21
-23
-77
3
29
-19
-19
-1
3
5
7
9
-1
-5
-25
-35
-73
-19
-21
-55
-47
-53
-45
-45
-47
-51
7
-85
19
285
461
435
25
-139
-121
-43
-19
-59
-25
-13
-41
-41
-39
-31
-41
1
-9
-37
-27
-13
-21
-23
29
-1
-13
-11
17
19
17
17
21
57
49
23
27
23
19
9
11
-21
-29
-29
-23
-27
-47
-47
-33
-27
-29
-29
-47
-17
-11
-59
-13
-35
-41
-17
-3
3
-29
-3
3
-27
11
5
-35
-53
-63
-39
-63
-45
-39
-73
-73
-47
-63
-65
-31
-79
-105
73
327
489
319
-75
-145
-125
-107
-89
-53
-47
-85
-89
-65
-61
-71
-35
-63
-5
-61
-73
-61
-55
-47
-37
-33
-39
1
-15
19
-27
-21
-3
15
15
21
13
19
-1
-35
43
-63
-39
-59
-53
-41
-49
-35
-37
-33
-23
-47
-27
-39
-27
-17
-33
-9
-11
41
-21
-39
-15
13
11
9
7
-21
-37
-55
-19
-53
-65
-47
-49
-39
-47
-51
-39
-39
-77
-29
217
505
515
137
-137
-105
-61
1
-23
-23
-47
-37
-37
-35
-27
-27
-21
3
-49
-3
-27
-15
1
7
3
13
21
15
17
9
45
35
59
29
29
31
47
27
9
5
-3
-23
-31
-41
-27
-11
-15
-15
-47
-45
-25
-13
-33
-11
-29
-21
-11
-9
-27
-11
-17
-3
-3
11
-3
1
-11
-9
-33
-45
-57
-47
-37
-51
-69
-69
-59
-69
-9
-59
-57
-101
-55
209
429
559
131
-167
-151
-81
-63
-49
-49
-63
-51
-35
-45
-27
-29
-27
-47
-47
-33
-29
-9
-5
-19
-1
-31
5
7
9
31
17
89
49
-29
21
11
7
1
-7
-31
-5
-19
-59
-45
-27
-27
-33
-33
-23
-29
-1
-15
-49
-29
-47
-31
-29
-23
-7
-3
7
3
-9
-13
27
9
-5
1
-37
-39
-47
-59
-51
-29
-67
-77
-43
-37
-83
-57
-99
-93
131
371
479
273
-97
-145
-83
-63
-61
-31
-25
-61
-49
-41
-25
-37
-35
-31
-29
-31
-25
-17
-17
-17
-9
-11
-1
7
13
27
27
29
41
29
31
31
31
17
11
-11
-27
-41
31
-57
-53
-37
-37
-49
-39
-21
-15
-21
-21
-23
-33
-11
9
-33
-37
-7
-3
-11
-15
-9
11
-7
-1
31
-49
-63
-53
-61
-57
-65
-51
-45
-41
-43
-69
-79
-43
-115
29
283
469
345
-45
-125
-113
-79
-45
-29
-37
-57
-45
-39
3
-49
-63
-27
-23
-7
-41
35
-39
-31
-5
-25
-9
-3
7
39
31
25
25
13
87
13
37
11
17
9
9
-3
-7
-13
-9
-17
-29
-9
-21
-37
39
-59
-47
-35
-27
-19
-33
-5
13
7
-45
17
17
-25
11
-7
9
5
-33
-5
-17
-73
-43
-77
-71
-53
-47
-61
-49
-25
-43
-119
41
291
467
395
-69
-99
-87
-59
-61
-75
-51
-55
-57
-43
-47
-51
11
-51
-61
-41
-29
-35
-35
23
-17
-33
-9
-1
13
13
19
13
39
17
19
93
13
7
-19
-11
-19
-49
27
-47
7
-59
-75
-49
-29
-43
-35
-35
-35
-33
-41
5
-39
-27
-25
-49
-33
-5
-23
-13
-5
3
-33
13
-19
-91
-69
-79
-43
-81
-75
-65
-57
-57
-19
-93
-123
3
233
441
425
5
-157
-93
-89
-43
-81
-71
-57
-63
-61
-45
-43
-59
-33
-57
-45
-61
-47
-33
-25
-25
-21
-7
-35
33
21
-31
-7
25
23
-19
53
51
-1
-17
-35
-31
5
-75
-57
-55
-49
-49
-59
5
-59
-83
-23
-55
-43
-1
-65
-53
-47
-35
-21
-19
-19
1
-29
23
-19
-51
-35
-43
-59
-25
-51
-63
-69
-75
-83
-61
-47
-45
-71
-95
5
227
441
399
-11
-137
-101
-73
-73
-63
-63
-21
-45
-75
-29
-49
-37
-9
-51
-57
-33
-45
-5
-3
-9
-23
-39
-29
-5
-3
25
31
53
11
5
5
19
27
-3
-19
11
-57
-1
-35
-37
-39
-59
-31
-51
-3
21
-49
-73
-23
-43
-33
-29
-1
7
-39
-21
-21
-7
-21
13
53
-35
-33
-11
-23
-53
-67
-39
-57
17
-119
-61
-59
-67
-53
-25
-111
15
335
447
347
-47
-173
-71
-47
-67
-27
-25
-37
-59
-61
-31
-39
-27
-51
-49
37
-45
-59
-17
-19
-3
7
-39
35
79
-1
-23
3
25
29
31
15
17
105
-13
-5
-37
-37
-25
-25
-25
-39
-41
25
-41
-49
-27
-21
-19
-19
-19
-17
-21
-43
-15
69
-67
-35
-11
-11
-35
69
17
29
-49
-29
-61
-53
-51
-41
-59
-35
-47
-53
-65
-69
65
-109
-85
119
373
469
145
-113
-169
35
-57
-89
-23
-73
-75
-33
-3
-61
1
-53
-39
-37
-53
-31
-19
-3
9
-43
-9
-13
25
5
7
17
15
31
5
31
25
17
7
-39
-37
-11
-31
-45
-1
-23
-61
-39
-59
-47
-9
-47
-15
-43
-49
-27
-7
-23
-39
-47
-53
-31
-15
-29
35
-27
-23
-9
-7
-23
-35
-11
-21
-49
-65
-89
-77
-51
-39
-75
-31
-55
-55
-121
21
293
457
335
-43
-157
-99
-57
-31
-47
-49
-17
-39
-43
-65
-51
-35
-21
-17
-31
41
-47
-39
-11
-11
1
11
23
29
35
33
45
51
37
17
39
61
23
11
5
-7
-3
-7
-1
7
-13
-35
-35
-15
-7
-5
3
-7
-1
61
-57
-17
7
-27
-13
-7
5
-11
1
57
13
29
-35
-7
15
9
-9
-17
-19
-57
-29
-5
-55
-11
-65
-61
-33
-27
-81
3
233
453
465
111
-135
-113
-43
-21
-17
-19
-21
-25
-7
-13
-9
-5
-5
-5
-5
-1
3
7
9
9
59
11
25
31
35
39
41
51
51
45
67
69
37
25
21
17
5
-1
-3
7
-49
53
23
-27
-7
15
3
1
1
3
-1
-3
-7
-9
-3
-19
-21
-9
11
31
5
-1
3
15
17
9
1
-25
-29
-33
-41
-41
-41
-53
-35
-31
-45
-49
-35
-75
-15
187
391
437
143
-109
-139
-63
1
-57
-55
-47
-37
-35
-37
-31
-27
-25
-21
-21
-17
-19
-15
-15
-9
-1
11
27
9
11
25
21
23
39
35
23
7
67
-1
-13
-9
-13
-25
-35
-33
-7
-37
-27
-33
-35
-31
-23
-15
-7
-5
-27
-27
-25
-37
-31
-15
-39
-21
-23
-21
-15
3
-11
-5
9
3
-3
-7
-39
-43
-49
-47
-49
-59
-59
-61
-57
-55
-69
-47
-85
33
263
443
291
-59
-133
-135
-105
-91
-43
-77
-89
-91
-83
-47
-61
-67
-61
-53
-47
-33
-47
-53
-51
-47
-33
-17
-27
-31
-15
-11
1
-5
-9
1
1
9
-7
-9
-9
-29
-47
-37
-33
-51
-43
-47
-53
-41
-29
-45
-43
-13
-37
-21
-9
-43
-33
-47
-45
-35
-45
-27
-7
-1
-11
-35
-43
-25
-5
5
-19
-37
-51
-53
-59
-59
-65
-59
-85
-89
-73
-51
-75
-101
51
329
481
353
-75
-171
-105
-71
-57
-55
-59
-49
-49
-53
-59
-43
-37
-37
-39
-21
-51
-37
-23
-21
-15
-5
-1
9
9
9
15
19
19
15
21
33
31
9
-1
-7
-17
-33
-37
-37
-47
-35
-21
-33
-35
-23
-25
-21
-19
-13
-23
-21
-15
-23
-35
-31
-29
-37
-33
-29
-9
-9
-15
-21
-23
3
-7
-11
-13
-35
-43
-49
-53
-55
-63
-63
-57
-59
-61
-53
-55
-93
1
253
457
445
39
-157
-137
-85
-55
-53
-51
-57
-49
-51
-41
-39
-51
-51
-41
-33
-35
-11
-23
-23
-15
-3
-11
7
19
5
17
19
27
31
25
31
21
31
35
3
-23
11
-17
-33
-27
-25
-25
-21
-19
-7
3
-19
-23
-11
-11
-13
-11
-7
-15
-7
-13
-11
-25
-5
-3
-15
-5
9
5
3
17
17
13
9
-13
-27
-29
-47
-45
-41
-49
-43
-37
-41
-41
-35
-67
-51
163
387
481
175
-129
-115
-55
-45
-43
-41
-43
-39
-41
-39
-35
-33
-35
-29
-23
-25
-21
-19
-13
-11
-5
-7
3
7
11
15
19
19
21
19
27
21
15
7
1
-9
-19
-21
-25
-29
-29
-25
-27
-33
-33
-27
-23
-21
-21
-21
-27
-25
-27
-29
-27
-25
-29
-27
-23
-39
-31
-13
-11
-5
-9
-7
3
-1
1
3
-19
-39
-43
-57
-53
-55
-55
-61
-55
-53
-59
-45
-75
-89
101
343
463
209
-117
-151
-87
-59
-57
-59
-57
-55
-57
-47
-57
-37
-53
-49
-45
-35
-37
-37
-33
-31
-17
-17
-21
-11
-5
-3
-1
1
5
15
-3
19
13
-13
-15
-23
-29
-33
-41
-41
-45
-41
-39
-37
-39
-39
-23
-33
-41
-41
-35
-33
-33
-41
-35
-41
-49
-27
-45
-43
-25
-23
-19
-25
-23
-7
-5
-3
-25
-53
-49
-61
-67
-69
-63
-65
-71
-65
-65
-53
-53
-105
-63
145
371
461
117
-131
-147
-73
-53
-59
-57
-55
-47
-51
-47
-51
-45
-43
-41
-43
-35
-33
-29
-23
-21
-17
-11
-13
-9
-1
-3
1
3
-1
13
-1
5
5
-3
-13
-19
-33
-35
-41
-41
-43
-33
-37
-27
-35
-31
-23
-33
-35
-29
-25
-23
-37
-33
-33
-35
-21
-39
-43
-39
-37
-29
-25
-15
-7
-5
-11
-11
9
3
3
-7
-27
-31
-45
-47
-63
-59
-51
-51
-47
-49
-39
-41
-89
-33
217
433
473
81
-149
-119
-57
-43
-39
-43
-41
-43
-33
-39
-39
-35
-25
-29
-15
-27
-15
-21
-11
-13
-3
1
3
11
11
13
11
17
19
15
19
19
19
15
7
-5
-15
-17
-21
-13
-23
-25
-15
-9
-25
-21
-9
-17
-25
-19
-21
-5
-25
-25
-23
-27
-13
-37
-33
-27
-29
-33
-19
-3
-3
5
-5
-5
11
13
9
-5
-23
-33
-37
-47
-49
-49
-47
-47
-43
-41
-45
-37
-83
-47
195
409
473
71
-139
-109
-51
-37
-37
-41
-33
-33
-33
-31
-27
-7
-31
-29
-19
-17
-9
-11
-1
-1
7
13
1
13
17
15
17
17
23
19
21
23
25
21
13
7
-3
-11
-9
-15
-21
-13
-11
-15
-13
-9
-11
-7
-13
-5
-9
-21
-9
-13
-25
-25
-23
-23
-25
-27
-25
-31
-17
7
1
3
-7
1
21
19
3
13
-31
-39
-41
-47
-43
-47
-43
-45
-45
-45
-33
-21
-93
-57
181
407
465
79
-141
-105
-47
-35
-39
-35
-33
-31
-25
-23
-21
-29
-25
-17
-17
-11
-7
-9
-5
3
5
9
5
15
15
17
25
17
17
21
23
25
23
17
25
-5
-5
-11
-21
-17
-17
-13
-13
-9
-9
-3
-1
-11
-11
-9
-11
-13
-13
-13
-13
-9
-11
-21
-11
-15
-17
-7
-1
5
5
11
9
27
19
27
15
-11
-15
-23
-31
-23
-31
-31
-37
-17
-27
-23
-39
-75
39
243
427
373
31
-99
-99
-61
-33
-33
-39
-41
-29
-29
-33
-41
-35
-29
-27
-23
-23
-27
-19
-15
-11
-9
-7
-11
1
-1
1
-3
1
1
1
3
11
7
-3
-9
-13
-15
-23
-21
-25
-15
-19
-15
-11
-17
-13
-11
-11
-3
-9
-5
-19
-13
-19
-29
-29
-33
-39
-61
-51
-47
-45
-55
-57
-43
-47
-55
-53
-83
-93
-103
-93
-93
-103
-101
-105
-101
-99
-99
-93
-135
-81
137
347
411
55
-129
-163
-127
-87
-75
-77
-75
-67
-57
-59
-49
-49
-37
-29
-25
-23
-25
-9
-13
-3
3
9
3
-9
13
23
41
49
43
43
49
49
53
49
37
29
33
13
23
21
17
19
29
17
23
19
23
25
25
29
33
21
19
21
23
23
25
21
23
19
19
17
33
39
39
39
35
41
55
47
47
37
21
13
11
-1
1
-1
-5
-9
-7
-5
-3
-41
5
227
409
479
173
-91
-93
-35
-17
-21
-17
-19
-17
-17
-13
-17
-15
-11
-5
-19
-1
-7
1
7
5
9
19
23
27
27
37
35
49
39
33
41
43
33
27
17
9
1
-7
-21
-15
-19
-27
-19
-23
-19
-15
-13
-17
-15
-13
-11
-21
-13
-13
-23
-17
-29
-23
-23
-27
-19
1
5
5
13
-7
1
13
9
7
-15
-31
-43
-49
-51
-55
-59
-55
-53
-51
-49
-43
-59
-79
165
383
491
275
-131
-147
-65
-43
-49
-43
-43
-57
-51
-47
-43
-35
-37
-35
-35
-33
-31
-35
-29
-23
-17
-7
-7
-5
5
5
19
15
13
7
