-23
-31
-35
-35
-33
-35
-39
-35
-37
-35
-33
-41
-17
43
193
389
111
-175
-161
-81
-43
-39
-39
-39
-39
-37
-35
-35
-31
-31
-29
-25
-25
-21
-17
-15
-13
-9
-5
-3
3
7
9
9
13
11
11
9
7
3
-5
-15
-19
-27
-29
-29
-27
-29
-29
-29
-27
-29
-29
-29
-27
-25
-25
-23
-23
-27
-25
-27
-21
-21
-17
-9
-7
1
1
1
3
-3
-17
-23
-27
-27
-31
-31
-31
-31
-31
-27
-25
-31
-21
27
155
375
205
-121
-165
-85
-43
-35
-33
-33
-31
-29
-29
-27
-29
-21
-19
-19
-21
-13
-9
-9
-5
-3
-1
5
9
11
15
15
17
15
17
17
13
11
5
-3
-9
-13
-19
-21
-23
-23
-19
-23
-23
-19
-19
-21
-21
-19
-19
-19
-17
-15
-7
-7
-1
5
13
11
13
3
-5
-15
-21
-19
-21
-25
-21
-29
-23
-21
-21
-23
-23
23
129
349
309
-53
-187
-123
-51
-33
-27
-25
-23
-23
-17
-19
-15
-17
-15
-11
-9
-9
-7
-3
1
3
5
13
13
17
17
19
21
21
17
17
15
17
9
3
1
-3
-9
-11
-15
-15
-15
-15
-11
-13
-13
-9
-7
-5
-3
-3
-3
-1
-5
-7
-5
-1
-1
1
7
13
17
21
19
7
-1
-7
-13
-19
-21
-23
-21
-23
-23
-21
-19
-25
-21
25
139
365
243
-95
-183
-107
-43
-31
-27
-27
-29
-25
-25
-25
-27
-23
-21
-19
-19
-13
-13
-9
-7
-7
-1
1
7
7
9
11
11
9
7
9
7
1
-1
-7
-15
-21
-23
-27
-29
-27
-27
-27
-29
-25
-23
-25
-25
-21
-19
-19
-21
-21
-17
-21
-21
-23
-23
-23
-23
-25
-25
-21
-13
-13
-7
-5
-1
1
3
5
-1
-9
-19
-21
-27
-31
-29
-27
-31
-29
-29
-27
-25
-31
15
125
327
393
-13
-175
-101
-47
-33
-33
-33
-29
-27
-29
-31
-27
-23
-23
-25
-23
-17
-17
-19
-13
-9
-5
-3
-1
7
9
13
9
11
13
11
13
15
11
3
-5
-11
-15
-19
-19
-23
-23
-25
-21
-27
-23
-23
-21
-19
-21
-23
-21
-21
-21
-21
-25
-21
-21
-23
-23
-23
-19
-17
-13
-5
-7
-3
-1
5
-3
-11
-21
-27
-31
-31
-37
-35
-37
-37
-37
-35
-35
-45
-19
55
225
373
43
-185
-159
-77
-53
-45
-45
-47
-43
-43
-43
-43
-45
-41
-39
-37
-35
-31
-31
-25
-27
-23
-21
-17
-13
-11
-9
-11
-11
-11
-11
-13
-13
-17
-25
-31
-39
-43
-45
-47
-49
-49
-49
-51
-49
-49
-49
-45
-45
-43
-47
-45
-47
-43
-45
-47
-45
-47
-47
-49
-49
-47
-47
-47
-45
-45
-43
-43
-39
-35
-29
-25
-21
-15
-17
-13
-19
-21
-35
-41
-41
-41
-47
-47
-49
-45
-47
-47
-41
-47
-39
13
135
357
221
-121
-175
-95
-53
-47
-47
-47
-45
-45
-43
-41
-41
-41
-35
-35
-31
-31
-27
-25
-23
-19
-17
-15
-11
-7
-3
-1
-1
-1
-1
-1
-1
-1
-5
-9
-17
-25
-27
-31
-35
-35
-37
-35
-35
-35
-35
-35
-35
-37
-35
-33
-35
-35
-33
-35
-35
-39
-35
-35
-35
-37
-37
-37
-37
-37
-33
-33
-27
-27
-21
-15
-9
-3
-1
1
-9
-17
-27
-29
-31
-33
-35
-35
-37
-33
-35
-31
-33
-39
3
75
247
359
39
-179
-145
-69
-41
-35
-35
-35
-35
-33
-31
-29
-29
-25
-25
-19
-21
-17
-15
-13
-11
-9
-7
-5
-1
1
1
1
3
-3
-5
-7
-5
-9
-15
-21
-23
-29
-35
-39
-43
-41
-41
-41
-41
-39
-41
-39
-37
-37
-39
-37
-39
-37
-43
-41
-41
-43
-43
-43
-41
-43
-43
-41
-45
-41
-33
-35
-27
-23
-19
-9
-9
-5
-9
-17
-29
-33
-37
-37
-37
-39
-39
-41
-47
-63
-77
-59
-21
25
139
357
241
-81
-169
-111
-29
3
-27
-19
9
-5
-29
-41
1
-9
-5
-9
3
-5
5
7
3
13
9
21
13
17
41
41
25
25
33
35
3
21
19
-1
5
15
-7
-5
-1
25
-31
-1
-5
7
5
3
-11
5
3
5
-1
7
5
1
3
3
-1
-3
-5
-3
-3
-3
-3
3
3
7
19
21
-13
-29
-45
9
33
-9
19
9
-17
-1
7
-19
-23
3
-5
-3
-21
7
45
181
369
127
-105
-135
-71
-29
-31
-27
-17
-65
-49
-3
-11
-19
-7
7
-9
1
11
-1
9
15
13
11
11
13
9
13
17
13
11
9
17
5
-1
-1
-37
-23
7
29
23
1
5
-1
25
17
-7
13
7
3
1
1
1
-3
1
-5
-3
-5
-5
-1
-9
11
17
25
27
27
21
23
9
1
-3
-13
-17
-21
-23
-25
-25
-33
-11
-17
-19
-9
23
113
315
191
-65
-167
-93
-41
-25
-23
-23
-21
-21
-17
-15
-15
-13
-13
-9
-7
-5
-5
-7
-3
-3
-3
-3
-3
-5
-5
-3
1
-5
-9
-9
-9
-7
-5
-7
-7
-11
-13
-13
-11
-7
-7
-7
-7
-5
-5
-5
-5
-5
-7
-9
-11
-23
-17
-7
-3
-1
11
17
17
17
19
9
-3
-7
-13
-21
-21
-27
-23
-27
-23
-25
-25
-25
-17
7
83
287
233
-73
-189
-105
-45
-29
-23
-23
-21
-19
-23
-23
-21
-19
-15
-15
-13
-9
-7
-7
-3
-5
-1
1
1
1
1
-1
-3
-5
-5
-3
-3
-3
-1
-7
-7
-13
-11
-13
-19
-11
-13
-19
-21
-11
-11
-3
-5
-7
-7
-11
-9
-9
-3
-3
5
13
15
9
15
1
-9
-15
-21
-23
-23
-23
-29
-29
-27
-27
-27
-29
-29
5
85
311
183
-83
-177
-97
-49
-35
-33
-31
-27
-31
-25
-21
-19
-25
-31
-13
-5
-5
-5
-1
-1
1
1
3
5
5
1
1
5
-1
-3
-3
3
1
3
-1
3
-3
-5
-9
-11
-7
-7
-7
-7
-7
-7
-7
-7
-5
-9
-9
-9
-5
-3
1
7
9
11
13
13
-3
-11
-19
-21
-25
-27
-27
-25
-25
-23
-27
-21
-27
-13
45
201
359
71
-165
-145
-57
-25
-17
-13
-9
-7
-5
-5
3
1
11
11
15
21
23
29
29
33
39
45
41
43
45
45
39
39
37
41
43
43
41
39
43
39
35
41
37
41
43
41
43
49
51
53
53
53
57
61
63
67
75
83
77
77
65
57
45
41
33
31
29
25
23
23
23
21
25
19
21
63
173
377
303
-55
-149
-69
-15
-1
3
3
1
1
1
7
3
3
5
7
7
9
13
15
19
19
21
23
25
23
25
23
17
13
13
15
11
7
7
-1
-3
-7
-9
-11
-13
-11
-7
-11
-9
-7
-9
-5
-7
-3
3
11
9
15
17
17
15
13
17
13
9
-5
-13
-17
-21
-25
-27
-23
-25
-27
-25
-21
-21
-29
9
127
345
397
-3
-149
-83
-41
-29
-29
-29
-31
-27
-25
-25
-27
-25
-23
-23
-23
-19
-15
-13
-13
-7
-5
-1
1
1
3
3
1
5
3
3
1
-7
-7
-15
-21
-23
-25
-27
-27
-29
-29
-29
-29
-25
-25
-27
-25
-25
-21
-13
-13
-3
-1
-3
-1
-3
-3
-5
-13
-23
-29
-35
-35
-41
-39
-41
-39
-37
-37
-33
-37
-39
15
177
395
309
-97
-157
-85
-49
-41
-41
-43
-41
-39
-39
-41
-39
-35
-35
-33
-31
-25
-27
-25
-25
-15
-15
-11
-9
-3
-5
-5
-5
-3
-3
-3
-1
-7
-13
-23
-29
-31
-31
-35
-33
-33
-35
-35
-39
-37
-35
-35
-33
-35
-33
-29
-25
-17
-15
-9
-3
-5
-5
-5
-7
-9
-19
-31
-35
-37
-41
-41
-45
-43
-41
-41
-37
-33
-43
-39
13
161
381
305
-81
-153
-89
-53
-43
-45
-45
-45
-41
-41
-45
-45
-33
-37
-43
-35
-31
-25
-27
-23
-21
-21
-15
-11
-13
-5
-9
-11
-11
-5
-7
-7
-9
-9
-15
-17
-25
-27
-29
-29
-27
-29
-29
-27
-25
-27
-25
-25
-23
-21
-21
-25
-25
-19
-17
-15
-11
-9
-3
1
1
5
-3
-17
-21
-29
-29
-29
-35
-33
-33
-33
-29
-31
-29
-37
-5
61
255
333
-17
-177
-149
-71
-43
-37
-37
-39
-33
-35
-33
-35
-37
-33
-31
-31
-29
-27
-29
-29
-27
-23
-23
-23
-25
-27
-31
-33
-39
-39
-41
-39
-37
-35
-41
-43
-45
-47
-51
-53
-47
-47
-49
-47
-47
-45
-45
-45
-47
-47
-49
-49
-53
-53
-57
-57
-57
-59
-63
-61
-61
-55
-55
-51
-45
-41
-33
-33
-29
-37
-47
-57
-61
-63
-63
-65
-67
-67
-65
-67
-61
-61
-71
-45
9
161
323
55
-179
-179
-103
-73
-67
-63
-63
-63
-61
-59
-61
-59
-55
-53
-51
-51
-45
-43
-43
-41
-39
-33
-31
-31
-31
-27
-31
-31
-35
-35
-35
-33
-35
-35
-35
-39
-41
-45
-47
-47
-45
-43
-43
-43
-39
-39
-37
-37
-35
-33
-37
-37
-39
-41
-43
-41
-45
-43
-47
-43
-45
-39
-35
-35
-27
-21
-15
-11
-11
-11
-19
-29
-33
-39
-41
-39
-41
-39
-37
-39
-37
-33
-41
-29
21
155
373
163
-139
-169
-87
-47
-39
-35
-35
-27
-29
-29
-27
-27
-25
-17
-17
-15
-9
-9
-5
-3
1
5
7
7
17
13
9
13
11
9
7
11
11
13
11
9
13
3
3
1
-3
3
3
5
11
9
17
19
17
21
17
17
13
13
13
15
13
13
11
15
19
19
25
29
39
45
49
33
25
15
9
5
3
5
-1
3
1
5
3
9
-1
49
153
357
293
-61
-161
-95
-21
-3
1
1
-3
7
7
1
7
5
5
9
9
13
13
11
11
17
19
21
25
21
23
17
17
15
11
7
9
7
9
7
3
5
-3
-5
-7
-7
-11
-7
-3
-1
-3
-3
-1
-1
-3
-3
-5
-5
-7
-13
-11
-17
-11
-9
-7
3
1
9
15
5
-7
-17
-23
-27
-29
-33
-35
-35
-37
-37
-35
-33
-43
-21
35
203
377
67
-181
-167
-81
-53
-49
-45
-45
-45
-43
-43
-43
-41
-41
-39
-39
-35
-33
-31
-31
-27
-27
-19
-21
-15
-13
-13
-17
-15
-21
-17
-19
-17
-23
-25
-31
-35
-39
-39
-37
-37
-39
-37
-33
-37
-31
-27
-27
-23
-17
-19
-21
-19
-21
-19
-23
-23
-23
-19
-19
-15
-13
-3
1
7
7
11
-3
-13
-15
-23
-29
-33
-31
-31
-33
-35
-33
-33
-31
-37
-1
87
313
295
-87
-193
-109
-57
-43
-41
-43
-39
-43
-39
-39
-35
-33
-33
-33
-29
-27
-27
-25
-23
-15
-15
-11
-9
-5
-5
-3
-1
-1
-1
-3
-5
-7
-11
-19
-27
-33
-33
-39
-43
-41
-41
-41
-41
-43
-39
-39
-39
-37
-37
-33
-35
-35
-35
-39
-37
-39
-39
-41
-39
-41
-33
-33
-31
-25
-21
-17
-11
-11
-7
-15
-25
-33
-39
-39
-43
-41
-41
-39
-41
-37
-37
-41
-37
15
151
377
207
-141
-167
-79
-47
-39
-39
-37
-33
-33
-31
-31
-29
-25
-25
-25
-19
-17
-15
-15
-9
-5
1
1
5
11
11
17
13
15
21
21
17
13
7
1
-7
-11
-13
-15
-19
-15
-17
-19
-15
-15
-15
-17
-15
-13
-13
-13
-15
-11
-13
-11
-15
-13
-17
-15
-13
-15
-5
-3
3
3
7
21
19
25
19
11
-1
-5
-9
-11
-7
-13
-9
-11
-15
-7
-3
-15
9
85
241
439
153
-147
-149
-53
-11
-1
-3
1
1
9
-1
9
15
15
13
21
21
19
27
25
29
35
39
43
47
49
51
47
49
49
49
51
45
45
45
47
37
39
29
25
23
19
21
15
37
11
43
23
23
35
29
23
35
39
27
17
19
21
19
25
25
33
39
47
43
51
39
33
17
13
13
9
7
7
3
3
5
5
9
-1
7
87
249
455
185
-135
-153
-67
-19
-9
-9
-11
-9
-11
-7
-11
-9
-7
-9
1
-5
-5
-5
3
-1
-1
-1
5
5
11
13
7
-3
-1
-1
-1
-7
-13
-15
-21
-37
-35
-43
-43
-41
-33
-33
-45
-53
-61
-55
-49
-47
-45
-41
-43
-49
-45
-49
-47
-49
-51
-49
-49
-47
-45
-39
-35
-31
-27
-27
-23
-27
-33
-45
-51
-59
-59
-53
-61
-61
-57
-57
-51
-59
-61
-51
3
123
355
231
-143
-185
-107
-65
-59
-55
-53
-55
-53
-49
-49
-43
-43
-43
-41
-37
-35
-33
-33
-29
-25
-23
-21
-17
-9
-7
-9
-7
-7
-7
-5
-11
-11
-17
-27
-29
-37
-41
-41
-45
-47
-45
-45
-39
-45
-43
-45
-43
-41
-43
-41
-37
-39
-43
-41
-41
-43
-43
-41
-33
-33
-33
-25
-23
-13
-11
-15
-11
-13
-19
-27
-37
-39
-39
-39
-35
-41
-37
-35
-37
-33
-41
-27
21
147
377
243
-121
-169
-83
-43
-33
-33
-31
-31
-27
-25
-27
-25
-19
-19
-15
-13
-15
-7
-3
-3
-1
5
9
11
15
11
15
17
15
15
13
15
11
3
-1
-5
-5
-9
-15
-13
-15
-13
-13
-15
-11
-13
-15
-11
-11
-9
-9
-13
-9
-11
-9
-13
-15
-15
-15
-17
-9
-9
-5
-3
7
11
13
17
15
7
-7
-9
-15
-19
-21
-25
-25
-23
-25
-21
-23
-21
-27
11
113
327
309
-43
-187
-105
-41
-27
-27
-21
-23
-29
-25
-21
-23
-19
-15
-17
-15
-13
-11
-9
-7
-3
-1
3
3
3
9
5
5
3
7
-1
1
-1
-5
-9
-17
-23
-25
-31
-33
-31
-29
-29
-29
-29
-27
-27
-27
-25
-29
-23
-27
-29
-27
-31
-29
-33
-37
-33
-33
-35
-31
-33
-37
-31
-29
-25
-21
-15
-7
-7
-7
-7
-15
-21
-29
-35
-35
-37
-39
-39
-41
-39
-35
-37
-31
-39
3
113
347
271
-113
-173
-79
-43
-37
-37
-37
-37
-33
-33
-33
-35
-29
-29
-25
-27
-21
-19
-19
-15
-13
-11
-7
-5
-3
-1
-1
-3
-3
-1
-3
-3
-9
-11
-17
-29
-29
-31
-35
-39
-37
-35
-33
-37
-33
-37
-33
-35
-35
-39
-37
-35
-35
-39
-37
-39
-39
-37
-35
-39
-41
-41
-37
-37
-35
-27
-27
-21
-17
-17
-5
-11
-5
-13
-19
-29
-35
-41
-39
-39
-41
-41
-41
-37
-39
-37
-45
-29
27
173
391
135
-165
-149
-71
-47
-43
-37
-39
-41
-39
-41
-37
-35
-35
-31
-27
-29
-23
-23
-23
-21
-17
-9
-11
-7
-7
-5
-5
-9
-5
-5
-7
-9
-11
-17
-19
-25
-31
-33
-35
-35
-35
-37
-33
-31
-31
-31
-33
-35
-31
-33
-33
-31
-33
-33
-33
-35
-35
-35
-35
-37
-39
-37
-33
-37
-33
-33
-35
-35
-27
-25
-21
-19
-9
-3
-3
-3
-9
-13
-23
-27
-31
-33
-39
-33
-37
-37
-31
-35
-33
-37
-27
31
203
387
75
-175
-129
-57
-39
-35
-33
-33
-33
-33
-31
-31
-27
-27
-23
-23
-21
-19
-19
-17
-9
-11
-9
-5
-1
-3
-3
-3
-5
-5
-7
-5
-9
-9
-11
-17
-21
-25
-27
-29
-29
-29
-29
-29
-25
-29
-31
-25
-25
-23
-29
-33
-23
-33
-33
-31
-29
-35
-35
-35
-35
-33
-33
-31
-31
-35
-31
-31
-31
-23
-21
-17
-11
-9
-1
-3
3
-5
-13
-23
-27
-31
-31
-31
-31
-35
-33
-33
-31
-29
-41
-19
45
211
383
65
-165
-133
-61
-39
-33
-33
-33
-29
-29
-29
-31
-31
-27
-23
-19
-19
-17
-17
-13
-13
-11
-9
-7
-3
-1
1
-3
-3
-5
-7
-9
-7
-7
-9
-11
-11
-19
-23
-23
-27
-27
-27
-27
-29
-27
-23
-23
-25
-21
-23
-21
-23
-27
-25
-27
-27
-27
-27
-29
-29
-31
-27
-27
-31
-29
-29
-25
-29
-23
-19
-19
-11
-5
3
-1
9
-5
-13
-23
-29
-29
-31
-29
-35
-29
-33
-33
-29
-31
-35
9
103
317
217
-85
-165
-97
-45
-35
-33
-33
-31
-29
-27
-25
-21
-25
-21
-19
-19
-17
-13
-9
-9
-7
-3
-5
-3
-3
-1
-1
-5
-9
-11
-11
-7
-9
-7
-5
-7
-7
-11
-15
-13
-13
-9
-7
-7
-5
-1
-3
-1
1
7
5
1
-3
-5
-3
-3
-5
-1
-3
-3
1
-3
-1
1
-5
5
7
7
17
17
29
31
37
41
25
11
3
-3
3
1
-1
-1
-1
-3
-1
3
-5
3
69
197
389
207
-103
-159
-79
-25
-5
3
1
-1
1
1
5
3
7
11
9
17
15
17
21
17
21
23
31
31
25
27
27
23
19
17
15
15
13
19
19
17
15
9
9
7
9
9
9
11
13
9
15
15
13
15
13
11
9
5
5
3
1
-1
-1
3
3
9
17
23
25
33
19
11
-3
-5
-7
-11
-15
-15
-15
-15
-15
-17
-13
-25
-7
57
211
403
103
-157
-157
-77
-33
-27
-23
-25
-25
-23
-23
-21
-23
-23
-19
-15
-17
-15
-13
-11
-11
-9
-7
-3
-3
-3
-7
-9
-13
-17
-17
-17
-17
-19
-19
-25
-25
-31
-31
-35
-37
-35
-33
-31
-33
-31
-27
-23
-31
-27
-21
-25
-29
-29
-29
-31
-33
-35
-33
-33
-35
-25
-27
-21
-9
-5
-5
-3
-13
-19
-31
-37
-39
-41
-41
-41
-43
-45
-43
-39
-39
-49
-21
39
239
365
31
-189
-133
-65
-47
-43
-43
-47
-39
-37
-41
-35
-35
-33
-31
-31
-29
-23
-23
-15
-17
-13
-5
-7
-3
1
-5
3
3
-3
-3
-3
-1
-9
-15
-23
-19
-31
-31
-35
-33
-37
-33
-33
-39
-33
-31
-33
-31
-29
-27
-27
-27
-29
-29
-27
-31
-29
-31
-29
-25
-21
-17
-15
-15
-7
-7
-5
-3
-11
-23
-27
-33
-31
-35
-33
-33
-33
-33
-33
-31
-39
-17
55
229
397
71
-179
-131
-55
-39
-35
-33
-31
-31
-31
-31
-27
-25
-21
-21
-19
-15
-15
-9
-7
-7
-1
3
1
7
7
9
11
9
11
13
9
7
1
-3
-7
-13
-15
-17
-15
-21
-23
-19
-15
-15
-15
-13
-15
-11
-11
-11
-9
-9
-11
-9
-11
-11
-7
-3
-1
9
17
23
23
19
13
3
-5
-11
-11
-9
-13
-15
-13
-13
-11
-11
-13
-17
-7
47
177
393
193
-123
-169
-73
-31
-21
-19
-17
-15
-19
-15
-11
-11
-13
-11
-7
-5
-5
1
-1
1
5
5
9
11
11
13
9
7
5
3
3
1
-3
-7
-13
-19
-23
-27
-27
-27
-29
-29
-29
-27
-27
-23
-23
-19
-21
-21
-21
-21
-21
-21
-25
-27
-27
-27
-25
-29
-23
-19
-15
-11
-7
-1
3
3
1
-5
-15
-21
-25
-29
-25
-29
-33
-29
-29
-29
-29
-25
-33
-7
61
233
369
29
-179
-123
-47
-33
-31
-29
-25
-25
-23
-25
-19
-19
-15
-13
-11
-11
-7
-3
3
3
7
11
15
17
17
21
21
19
19
17
17
15
11
7
-1
-5
-3
-9
-7
-9
-7
-3
-3
-5
-3
-5
1
-1
-1
3
1
-1
1
-1
1
1
-1
-1
5
9
9
13
17
29
31
33
33
25
13
3
5
-3
1
-3
-1
-3
-5
-5
-1
3
-7
1
61
185
405
221
-109
-155
-63
-13
-11
-5
-5
-5
1
1
-1
5
5
5
11
9
17
17
19
23
25
31
35
35
43
43
39
41
35
35
37
35
29
27
25
25
17
13
7
13
11
15
9
17
19
19
21
19
31
31
25
23
31
25
23
25
23
29
23
37
37
47
49
53
45
35
27
17
15
11
9
9
9
7
9
5
11
9
7
5
69
209
385
251
-87
-151
-83
-29
-15
-11
-13
-13
-13
-13
-13
-13
-13
-13
-13
-11
-7
-7
-7
-5
-1
-1
1
3
3
1
1
-5
-7
-7
-9
-13
-17
-25
-29
-35
-35
-41
-41
-43
-43
-43
-43
-41
-39
-35
-37
-33
-33
-33
-33
-35
-37
-37
-39
-37
-41
-39
-33
-35
-29
-25
-21
-17
-17
-17
-25
-37
-41
-49
-51
-49
-49
-53
-53
-51
-51
-51
-51
-55
-47
3
123
353
221
-129
-189
-105
-61
-53
-51
-51
-49
-49
-45
-47
-43
-43
-41
-37
-35
-35
-33
-27
-23
-21
-21
-11
-9
-5
-5
-3
1
1
1
1
-3
-7
-11
-21
-27
-33
-37
-41
-39
-39
-39
-39
-37
-41
-39
-41
-35
-37
-37
-35
-33
-35
-37
-37
-35
-33
-37
-37
-35
-31
-29
-23
-19
-15
-11
-11
-7
-9
-17
-23
-33
-35
-37
-37
-39
-41
-41
-39
-41
-37
-37
-41
-27
29
177
391
155
-157
-157
-77
-41
-39
-39
-41
-37
-37
-35
-35
-29
-31
-29
-25
-21
-21
-21
-19
-11
-7
-5
-1
3
7
9
13
11
9
11
7
3
-3
-11
-17
-23
-27
-31
-33
-31
-31
-31
-33
-35
-33
-31
-31
-33
-31
-29
-31
-29
-29
-27
-31
-31
-31
-31
-29
-29
-31
-27
-21
-21
-13
-13
-5
1
-1
-1
-9
-15
-23
-31
-31
-31
-33
-33
-35
-37
-33
-31
-31
-29
-35
5
99
329
295
-79
-173
-87
-43
-35
-31
-33
-31
-31
-29
-27
-25
-25
-23
-21
-19
-15
-15
-11
-9
-5
-5
1
5
7
11
13
11
15
9
13
9
7
-1
-5
-13
-19
-25
-25
-25
-27
-23
-27
-27
-27
-27
-25
-27
-25
-23
-23
-25
-25
-23
-23
-25
-23
-25
-21
-25
-27
-25
-25
-23
-25
-19
-13
-11
-9
-3
5
7
9
5
1
-9
-19
-23
-25
-25
-25
-27
-23
-27
-27
-25
-23
-29
-19
25
139
365
261
-89
-159
-73
-37
-27
-21
-23
-25
-19
-19
-17
-17
-13
-9
-9
-7
-1
1
1
5
9
15
15
19
21
25
21
23
23
21
19
21
15
13
3
1
-1
-3
-7
-9
-9
-7
-5
-5
-1
-3
-1
-1
-1
1
1
1
1
1
-1
-1
-5
-5
-5
-3
-3
-1
1
3
5
11
19
21
27
27
15
3
-5
-9
-11
-11
-13
-15
-15
-19
-17
-15
-15
-17
-19
17
99
301
295
-27
-181
-115
-51
-29
-29
-27
-25
-25
-25
-27
-21
-21
-17
-19
-15
-13
-13
-13
-9
-5
-3
-1
3
3
3
1
3
-1
-3
-3
-5
-5
-11
-17
-19
-23
-29
-31
-33
-29
-29
-27
-27
-25
-25
-23
-23
-23
-21
-23
-21
-23
-21
-27
-27
-27
-27
-29
-29
-27
-29
-27
-27
-27
-27
-25
-25
-15
-15
-15
-7
-3
7
3
9
3
-7
-19
-21
-25
-25
-27
-25
-27
-27
-25
-25
-19
-31
-15
35
171
387
183
-137
-145
-63
-33
-27
-25
-25
-25
-23
-19
-19
-19
-15
-13
-13
-11
-9
-7
-3
-3
3
5
9
11
11
13
15
13
13
11
11
11
5
1
-7
-9
-11
-17
-19
-19
-21
-17
-21
-19
-17
-15
-15
-13
-15
-11
-15
-15
-15
-15
-19
-19
-21
-19
-21
-21
-17
-21
-21
-19
-19
-19
-15
-13
-9
-3
-1
7
9
15
9
3
-5
-11
-19
-23
-23
-21
-25
-25
-23
-21
-23
-19
-29
-13
41
195
393
125
-151
-137
-59
-27
-25
-25
-21
-19
-21
-21
-21
-15
-15
-9
-9
-7
-5
-3
-3
1
5
9
11
15
13
13
15
15
11
11
13
9
7
3
-1
-3
-9
-13
-13
-13
-17
-15
-17
-11
-13
-13
-11
-7
-9
-9
-9
-9
-7
-11
-11
-11
-11
-13
-13
-15
-13
-11
-11
-11
-13
-13
-7
-5
-5
3
5
19
19
23
21
11
1
-7
-13
-9
-11
-15
-13
-15
-13
-15
-11
-13
-17
15
109
343
231
-95
-165
-75
-29
-23
-23
-19
-17
-17
-15
-15
-15
-13
-11
-9
-9
-7
-3
-1
-3
3
3
9
9
11
9
9
7
5
5
3
1
-3
-5
-11
-15
-19
-21
-25
-27
-25
-25
-23
-25
-23
-23
-19
-21
-19
-17
-17
-19
-23
-23
-21
-23
-25
-25
-25
-25
-27
-27
-27
-25
-27
-23
-23
-21
-17
-19
-9
-9
1
7
7
5
-3
-13
-19
-25
-27
-27
-27
-29
-31
-33
-27
-27
-27
-33
-3
75
277
341
-13
-171
-101
-43
-31
-29
-31
-29
-27
-27
-27
-23
-23
-19
-17
-17
-15
-13
-9
-7
-3
-1
3
5
7
9
9
11
9
7
7
5
5
1
-7
-9
-13
-19
-23
-25
-25
-25
-25
-23
-23
-21
-23
-23
-19
-21
-21
-19
-21
-21
-23
-25
-23
-27
-27
-25
-25
-29
-23
-19
-13
-9
-7
3
1
5
-5
-11
-17
-25
-29
-29
-29
-33
-35
-35
-33
-31
-29
-33
-27
11
127
359
151
-143
-157
-71
-39
-33
-33
-35
-31
-29
-29
-27
-27
-25
-21
-19
-19
-15
-15
-9
-7
-7
-3
1
5
5
5
7
5
3
1
1
-1
-5
-11
-15
-19
-25
-29
-33
-33
-29
-31
-29
-29
-29
-29
-29
-27
-27
-25
-23
-25
-27
-25
-27
-25
-27
-21
-19
-11
-5
-1
-1
3
-11
-19
-25
-29
-33
-37
-39
-39
-37
-37
-35
-35
-35
-35
-41
-1
79
301
265
-69
-183
-103
-53
-39
-35
-37
-35
-31
-33
-29
-29
-27
-23
-23
-19
-17
-17
-13
-11
-7
-3
-3
3
3
5
5
5
5
1
1
1
-1
-9
-13
-21
-23
-27
-29
-31
-31
-31
-29
-33
-29
-29
-27
-25
-27
-25
-27
-25
-25
-27
-27
-27
-27
-31
-31
-29
-29
-33
-29
-31
-25
-23
-21
-17
-11
-7
3
5
11
5
-5
-11
-17
-19
-21
-21
-23
-23
-23
-21
-21
-19
-17
-19
19
103
321
263
-57
-175
-99
-37
-21
-17
-15
-17
-15
-13
-7
-7
-5
-7
-1
-3
3
3
5
11
13
17
17
17
21
21
19
19
17
15
15
13
13
9
7
3
-1
-7
-7
-13
-11
-9
-7
-5
-5
-5
-3
-3
-1
-1
-3
-1
-3
-3
-7
-9
-9
-9
-11
-11
-11
-9
-5
-5
3
5
13
13
19
11
5
-11
-15
-21
-23
-23
-23
-29
-31
-31
-27
-25
-27
-33
-25
33
163
371
143
-151
-171
-75
-43
-35
-33
-33
-31
-33
-29
-27
-29
-27
-25
-23
-19
-17
-15
-13
-9
-7
-5
-3
1
3
5
1
-1
1
-3
-3
-5
-7
-13
-17
-21
-27
-29
-31
-31
-33
-33
-33
-31
-31
-31
-27
-27
-25
-25
-23
-23
-25
-27
-27
-29
-31
-29
-31
-31
-33
-33
-31
-31
-31
-31
-31
-25
-21
-21
-13
-11
-5
-1
-5
3
-7
-15
-25
-31
-31
-33
-33
-33
-35
-35
-33
-33
-31
-41
-11
67
277
315
-65
-173
-85
-45
-35
-35
-35
-33
-33
-29
-29
-27
-23
-23
-21
-17
-17
-15
-15
-9
-5
-5
-3
5
5
7
9
7
9
7
7
3
1
-3
-7
-17
-21
-25
-27
-29
-33
-29
-31
-29
-29
-25
-25
-25
-27
-25
-25
-25
-23
-25
-21
-25
-27
-27
-29
-29
-27
-29
-31
-31
-27
-27
-29
-27
-19
-15
-11
-9
-3
3
-1
5
-5
-11
-21
-27
-29
-31
-31
-33
-35
-31
-31
-31
-27
-33
-25
25
177
383
85
-171
-127
-57
-33
-31
-29
-27
-27
-25
-25
-23
-19
-17
-15
-11
-13
-9
-7
-3
-5
1
7
9
7
11
13
13
13
9
11
11
11
5
3
-3
-7
-15
-19
-19
-19
-23
-23
-23
-21
-23
-23
-17
-19
-17
-17
-17
-15
-17
-15
-17
-17
-19
-21
-21
-23
-21
-21
-17
-21
-21
-21
-19
-21
-17
-11
-9
-3
1
5
11
11
17
5
-5
-15
-21
-19
-21
-23
-23
-21
-21
-19
-19
-17
-25
9
99
331
295
-57
-163
-81
-33
-21
-21
-19
-17
-17
-17
-17
-15
-11
-11
-9
-7
-5
-1
1
3
7
9
13
15
19
19
21
19
19
17
19
17
15
11
5
1
-5
-9
-13
-13
-15
-17
-15
-15
-15
-15
-13
-9
-11
-11
-9
-11
-9
-11
-11
-11
-13
-17
-17
-17
-15
-17
-17
-17
-17
-15
-15
-13
-13
-9
-3
5
7
11
15
19
19
3
-7
-9
-17
-19
-19
-19
-21
-21
-21
-19
-21
-21
-23
13
115
349
255
-77
-159
-77
-33
-25
-21
-21
-21
-19
-19
-19
-19
-15
-13
-9
-7
-5
-5
-1
1
5
7
9
11
15
13
13
15
13
13
7
9
11
7
-1
-1
-7
-13
-15
-19
-15
-19
-19
-17
-15
-15
-13
-17
-11
-13
-13
-15
-15
-15
-17
-17
-19
-19
-19
-19
-21
-19
-21
-19
-17
-19
-19
-19
-15
-11
-9
-3
5
9
11
13
15
1
-9
-15
-19
-23
-23
-27
-23
-25
-21
-19
-19
-29
-15
33
155
379
173
-115
-147
-67
-29
-25
-25
-23
-23
-19
-21
-21
-19
-19
-13
-11
-9
-7
-5
-5
-1
-3
3
7
11
11
11
11
9
9
7
5
3
7
1
-3
-9
-11
-15
-17
-21
-19
-19
-19
-21
-19
-15
-17
-15
-15
-15
-17
-15
-19
-21
-23
-19
-21
-23
-25
-23
-25
-25
-23
-25
-23
-25
-23
-25
-17
-17
-7
-3
3
7
5
13
-3
-11
-19
-23
-25
-27
-31
-27
-33
-29
-31
-27
-23
-33
-21
23
173
379
133
-135
-145
-67
-35
-31
-27
-25
-27
-25
-23
-21
-21
-21
-19
-15
-13
-11
-9
-5
-5
-5
-1
-1
5
5
7
5
5
3
1
-3
-1
1
-1
-3
-7
-11
-15
-19
-21
-19
-21
-17
-17
-19
-17
-17
-15
-15
-17
-15
-15
-19
-19
-21
-21
-21
-21
-23
-23
-27
-23
-21
-23
-23
-19
-15
-11
-7
-3
3
5
11
7
-7
-17
-23
-27
-27
-27
-27
-27
-27
-27
-25
-21
-31
-21
27
167
373
147
-117
-145
-63
-31
-27
-21
-21
-21
-19
-19
-13
-15
-13
-5
-5
-5
-3
-1
5
7
9
13
15
15
19
15
13
11
11
7
9
9
9
7
9
5
3
1
-1
-1
-3
-1
1
5
1
5
5
7
7
3
5
5
3
3
1
-3
1
-3
-3
-7
-3
1
5
3
13
17
29
29
33
17
7
-3
-5
-9
-11
-15
-15
-15
-19
-19
-17
-15
-17
-25
7
71
233
321
21
-165
-145
-67
-35
-29
-27
-27
-27
-29
-23
-25
-25
-23
-21
-21
-19
-19
-15
-13
-13
-13
-9
-9
-9
-11
-11
-11
-15
-19
-21
-21
-19
-19
-19
-21
-25
-27
-31
-33
-33
-31
-31
-31
-33
-29
-29
-29
-27
-27
-29
-29
-31
-33
-33
-33
-35
-37
-37
-37
-35
-37
-35
-37
-37
-37
-35
-33
-27
-21
-13
-11
-5
-9
1
-9
-15
-25
-29
-33
-33
-33
-33
-31
-33
-31
-29
-23
-33
-21
29
159
371
209
-105
-163
-79
-39
-27
-29
-23
-23
-21
-23
-21
-19
-17
-17
-15
-9
-5
-3
-3
-1
3
7
7
13
13
15
11
9
9
5
5
3
5
5
5
-3
-1
-7
-9
-11
-11
-11
-11
-9
-5
-7
-7
-1
1
-1
-3
-3
-1
-3
-7
-3
-1
-1
-3
3
11
21
21
23
9
-3
-9
-17
-19
-23
-23
-23
-25
-27
-27
-29
-25
-23
-37
-7
59
229
341
27
-173
-151
-75
-41
-39
-37
-37
-39
-35
-33
-35
-29
-31
-31
-29
-29
-23
-23
-21
-17
-15
-15
-11
-9
-9
-9
-15
-13
-17
-19
-21
-21
-23
-27
-31
-37
-35
-41
-43
-47
-45
-45
-43
-43
-41
-43
-41
-41
-37
-37
-39
-37
-37
-39
-41
-45
-41
-41
-45
-43
-45
-45
-43
-43
-35
-35
-29
-21
-17
-15
-17
-13
-21
-27
-37
-41
-45
-45
-43
-47
-47
-47
-43
-43
-39
-51
-35
17
163
365
187
-141
-169
-91
-55
-47
-47
-45
-45
-41
-43
-39
-39
-39
-35
-31
-31
-29
-27
-25
-21
-21
-15
-13
-9
-5
-5
-5
-3
-5
-5
-5
-7
-7
-11
-19
-25
-29
-33
-35
-39
-35
-35
-37
-39
-39
-35
-37
-35
-33
-31
-35
-33
-33
-31
-33
-33
-33
-37
-37
-37
-39
-39
-35
-31
-27
-19
-17
-15
-13
-11
-5
-17
-23
-33
-35
-39
-41
-41
-41
-41
-41
-39
-39
-37
-43
-33
5
121
353
231
-107
-171
-93
-49
-39
-39
-37
-37
-35
-35
-31
-31
-27
-27
-23
-21
-19
-17
-15
-11
-11
-5
-3
5
7
5
9
11
7
7
5
5
3
1
-5
-11
-15
-19
-23
-23
-25
-25
-23
-23
-23
-21
-21
-19
-21
-21
-21
-19
-17
-17
-17
-17
-15
-19
-19
-19
-19
-19
-19
-13
-11
-9
-1
5
13
11
19
11
3
-7
-13
-15
-15
-15
-15
-15
-19
-17
-15
-13
-13
-21
21
87
265
373
53
-161
-137
-55
-25
-19
-17
-15
-19
-15
-13
-11
-9
-9
-9
-5
-5
-3
1
3
7
9
11
13
15
19
17
19
17
17
13
13
9
7
3
-3
-9
-9
-15
-21
-21
-23
-21
-25
-23
-21
-19
-19
-15
-13
-13
-15
-13
-13
-17
-19
-19
-19
-21
-21
-23
-21
-23
-23
-21
-17
-15
-7
-3
3
1
7
-1
-7
-17
-25
-27
-29
-31
-31
-33
-31
-33
-33
-31
-27
-35
-27
21
143
357
247
-99
-177
-95
-45
-35
-31
-31
-31
-29
-25
-23
-25
-21
-23
-17
-19
-13
-11
-9
-9
-1
1
3
7
9
15
13
13
13
15
13
13
5
3
-5
-13
-17
-21
-25
-27
-27
-27
-31
-31
-27
-27
-27
-29
-23
-23
-21
-23
-25
-23
-23
-25
-23
-27
-27
-27
-29
-27
-29
-29
-21
-17
-17
-11
-9
-1
-1
3
1
-5
-17
-23
-31
-31
-31
-31
-31
-31
-31
-31
-29
-27
-35
-21
35
159
377
201
-119
-159
-79
-39
-31
-29
-31
-31
-29
-25
-25
-23
-23
-17
-17
-17
-13
-9
-7
-5
-1
1
5
5
11
