21
17
11
9
7
9
9
9
7
7
21
31
31
59
63
45
35
23
23
-9
-35
-35
-23
-21
-5
-17
-125
-185
-43
369
609
665
347
89
-29
-69
-67
-67
-61
-65
-65
-63
-65
-63
-61
-59
-55
-63
-63
-65
-59
-57
-57
-59
-57
-53
-51
-53
-53
-53
-47
-39
-31
-25
-13
-7
-11
-9
-7
-9
-11
-15
-15
-13
-17
-19
-5
1
-1
19
43
27
19
3
3
-15
-51
-45
-33
-59
-59
-49
-71
-181
-175
39
437
617
545
169
-5
-71
-89
-87
-85
-85
-83
-67
-87
-93
-97
-91
-85
-81
-53
-77
-93
-93
-87
-89
-75
-79
-57
-73
-75
-63
-61
-61
-41
-39
-27
-15
3
-17
-15
-13
-27
-31
-23
-23
-23
-11
-13
-13
-3
25
23
9
7
5
-19
-41
-37
-59
-57
-51
-45
-45
-127
-177
-83
263
545
643
331
19
-53
-67
-87
-87
-71
-75
-85
-73
-57
-71
-75
-71
-93
-87
-65
-69
-75
-59
-71
-71
-75
-61
-57
-89
-91
-81
-63
-49
-15
-61
-27
-17
-31
-21
-17
-17
-19
-9
9
-21
7
-13
-31
-11
21
19
41
19
31
1
-51
-57
-51
-49
-41
-35
-25
-145
-203
-41
403
613
563
155
-31
-97
-103
-85
-83
-83
-89
-99
-89
-81
-85
-83
-55
-61
-107
-107
-69
-63
-69
-71
-79
-77
-63
-87
-93
-61
-57
-59
-61
-59
-35
-29
-35
1
5
-7
-21
-7
-13
-9
3
-5
9
21
21
27
43
13
21
1
-23
-33
-33
-27
-45
-35
-23
-119
-189
-81
315
579
647
295
27
-53
-79
-73
-71
-85
-71
-63
-63
-77
-87
-63
-83
-69
-49
-61
-63
-71
-67
-73
-73
-65
-75
-67
-63
-73
-65
-69
-65
-53
-45
-33
-11
1
-3
-5
-3
-5
3
1
19
21
15
37
55
37
37
27
15
-15
-37
-39
-25
-29
-25
-19
-57
-165
-129
173
513
663
471
117
-23
-65
-65
-59
-61
-71
-57
-67
-75
-79
-79
-67
-65
-61
-55
-57
-59
-73
-81
-67
-81
-61
-63
-65
-69
-69
-69
-63
-59
-51
-33
-19
-13
-1
3
5
9
5
7
5
23
33
35
65
69
57
89
39
19
5
-11
-21
-13
-17
-15
-3
-81
-169
-73
273
555
657
401
117
-5
-53
-59
-67
-49
-57
-53
-53
-49
-53
-47
-47
-45
-51
-55
-49
-55
-47
-49
-55
-55
-53
-57
-57
-59
-57
-61
-53
-49
-33
-23
-3
3
9
15
9
17
15
11
11
25
35
41
41
75
67
61
41
37
23
1
-17
-27
-27
-25
-21
-13
-105
-171
-75
269
549
653
343
73
-31
-61
-69
-63
-67
-73
-63
-71
-69
-69
-71
-65
-65
-55
-73
-73
-73
-75
-75
-83
-75
-75
-77
-83
-79
-79
-75
-71
-69
-45
-29
-21
-5
3
-1
-3
-1
1
7
1
9
33
27
25
43
69
61
49
23
11
13
-23
-31
-33
-25
-27
-17
-99
-175
-91
269
555
647
369
79
-37
-69
-73
-69
-71
-73
-75
-75
-71
-71
-73
-73
-79
-75
-81
-85
-81
-89
-101
-103
-93
-91
-97
-103
-97
-91
-93
-93
-89
-69
-55
-35
-23
-17
-13
-9
-9
-7
-3
-21
-19
-13
-17
-13
3
13
7
29
49
39
23
3
-1
-19
-43
-55
-53
-43
-45
-41
-99
-189
-123
193
531
657
365
49
-55
-83
-87
-89
-93
-93
-99
-99
-95
-91
-95
-101
-105
-97
-99
-101
-103
-93
-101
-111
-111
-111
-111
-103
-95
-113
-121
-119
-101
-83
-61
-49
-33
-29
-33
-35
-35
-29
-33
-27
-23
-25
-23
-27
-15
1
1
7
21
13
5
-7
-13
-31
-57
-63
-57
-57
-49
-47
-121
-205
-103
247
545
651
365
35
-69
-103
-91
-103
-107
-91
-85
-91
-89
-93
-105
-109
-95
-93
-107
-95
-85
-101
-89
-113
-81
-83
-123
-133
-117
-103
-109
-97
-77
-93
-91
-67
-49
-39
-15
-19
-27
-23
-13
-19
25
-31
-39
-23
1
9
9
19
47
39
29
13
-7
-25
-51
-55
-55
-33
-17
-43
-91
-199
-123
207
545
643
319
39
-55
-73
-105
-97
-81
-85
-93
-91
-79
-81
-69
-95
-89
-85
-83
-83
-89
-83
-77
-55
-79
-99
-99
-93
-83
-85
-81
-83
-75
-63
-41
-33
9
-5
-25
-23
-7
11
7
11
-11
-3
5
7
3
5
13
21
25
31
61
55
47
35
27
47
-3
-27
1
-57
-63
-37
-17
-85
-137
-27
235
531
645
335
51
-53
-69
-65
-69
-79
-73
-53
-67
-65
-59
-63
-63
-53
-57
-65
-67
-77
-61
-61
-59
-57
-49
-49
-49
-49
-45
-57
-69
-43
-23
-9
-9
-19
-19
5
23
-3
13
-3
-5
-5
29
7
-7
5
5
7
-5
-1
-3
-9
-5
7
15
17
53
49
35
29
25
13
-13
-25
-31
-25
-23
-13
-15
-71
-125
-47
253
547
607
267
25
-49
-57
-67
-63
-65
-61
-53
-57
-63
-63
-59
-57
-59
-51
-45
-55
-57
-51
-49
-49
-47
-59
-59
-53
-49
-43
-49
-43
-45
-35
-27
-11
5
15
17
21
3
9
17
17
9
21
29
9
5
7
13
5
23
9
25
-5
-23
-19
-17
-3
13
13
7
37
51
35
39
13
-13
-27
-39
-39
-39
-27
-23
-21
-89
-131
-43
249
541
591
229
-11
-77
-79
-77
-81
-73
-75
-73
-73
-77
-75
-77
-79
-75
-73
-73
-79
-79
-47
-63
-87
-89
-85
-89
-85
-83
-81
-81
-83
-81
-69
-53
-47
-39
-27
-19
-17
-19
-21
-17
-21
-19
-23
-21
-17
-11
-19
-27
-25
-23
-29
-31
-31
-37
-27
-19
-17
-17
11
23
13
3
-3
-9
-43
-63
-71
-55
-53
-51
-49
-71
-161
-125
71
441
637
461
69
-67
-99
-93
-89
-85
-89
-81
-83
-81
-87
-79
-75
-71
-77
-85
-75
-65
-63
-67
-67
-67
-67
-65
-65
-67
-73
-65
-61
-63
-57
-37
-25
-15
-7
-5
-1
9
1
5
5
11
11
9
9
19
15
9
11
17
7
-3
13
25
31
41
71
59
57
37
39
17
-9
-21
-15
-15
-17
-13
3
-67
-115
-39
275
567
657
355
65
-29
-39
-53
-59
-45
-49
-53
-45
-39
-47
-43
-33
-41
-47
-41
-41
-33
-29
-35
-43
-29
-47
-41
-37
-33
-33
-33
-41
-43
-37
-15
13
13
-1
7
15
23
21
23
35
17
15
25
29
39
39
17
3
13
11
23
15
7
23
37
51
59
57
55
59
41
29
57
