-33
-33
-33
-33
-31
-29
-29
-27
-23
-13
-7
-11
-1
11
9
-3
3
-1
-11
-35
-41
-41
-43
-43
-41
-41
-41
-41
-39
-39
-37
-39
-93
-109
61
337
377
-1
-185
-179
-73
-39
-29
-27
-23
-21
-19
-17
-13
-9
-7
-5
-1
3
9
15
23
33
43
53
69
85
97
101
107
107
103
85
59
27
1
-15
-25
-33
-37
-43
-43
-45
-45
-45
-43
-41
-41
-41
-37
-37
-37
-37
-35
-35
-37
-35
-25
-15
-15
-15
1
7
-3
-7
-1
-11
-37
-47
-47
-45
-47
-49
-47
-45
-45
-45
-43
-41
-41
-69
-117
-53
145
351
267
-109
-227
-185
-81
-41
-31
-31
-25
-21
-17
-17
-13
-7
-5
-3
3
9
15
21
31
43
55
67
85
101
105
113
117
109
91
61
31
7
-13
-29
-37
-41
-45
-47
-47
-47
-47
-47
-47
-43
-43
-43
-41
-39
-39
-39
-39
-37
-39
-35
-27
-15
-19
-9
1
-1
-11
-7
-9
-19
-43
-51
-49
-49
-51
-51
-49
-49
-47
-49
-47
-45
-41
-77
-117
-41
171
361
203
-139
-227
-189
-95
-47
-35
-33
-29
-23
-19
-19
-15
-9
-5
-5
1
9
13
21
31
41
53
63
81
93
103
107
111
107
91
65
37
11
-11
-23
-33
-39
-45
-47
-45
-45
-45
-47
-45
-43
-43
-43
-41
-39
-39
-39
-37
-37
-39
-39
-29
-21
-17
-19
-7
1
-7
-13
-5
-15
-39
-51
-51
-51
-51
-51
-51
-49
-51
-51
-47
-47
-45
-59
-115
-89
103
341
351
-11
-201
-205
-91
-51
-39
-37
-33
-29
-27
-27
-21
-19
-15
-13
-9
-1
1
9
17
27
37
49
63
79
91
95
101
101
91
67
43
17
-7
-23
-35
-43
-47
-51
-53
-51
-55
-55
-53
-51
-51
-51
-47
-49
-47
-45
-45
-43
-45
-43
-37
-29
-27
-23
-9
-5
-11
-19
-13
-21
-31
-53
-59
-59
-61
-59
-59
-59
-59
-59
-59
-57
-55
-53
-69
-127
-87
93
323
327
-41
-211
-189
-91
-55
-45
-39
-37
-35
-33
-31
-25
-23
-21
-17
-13
-5
1
9
17
29
41
55
71
83
91
97
99
95
79
51
21
-5
-27
-41
-49
-51
-55
-59
-59
-59
-59
-59
-57
-55
-55
-53
-51
-49
-51
-47
-49
-47
-47
-47
-45
-45
-43
-33
-25
-25
-17
-5
-7
-15
-7
-19
-41
-51
-53
-55
-55
-55
-55
-53
-53
-53
-53
-51
-47
-49
-95
-111
37
273
341
41
-199
-239
-145
-69
-39
-35
-29
-27
-23
-19
-17
-13
-9
-3
-1
3
9
15
23
33
43
55
65
83
95
105
109
113
113
97
73
43
15
-5
-21
-31
-41
-45
-47
-47
-47
-47
-45
-43
-43
-41
-43
-39
-39
-39
-37
-37
-33
-35
-37
-37
-35
-31
-23
-15
-15
-7
1
-1
-7
-1
-13
-35
-45
-47
-47
-45
-45
-49
-47
-47
-43
-45
-45
-39
-51
-105
-85
93
333
289
-99
-225
-207
-97
-49
-29
-25
-23
-21
-17
-15
-11
-7
-1
1
5
11
15
23
27
37
49
63
75
89
101
109
113
111
107
87
59
29
5
-13
-23
-35
-37
-41
-39
-43
-43
-43
-41
-41
-39
-37
-37
-37
-35
-33
-33
-33
-33
-33
-33
-33
-33
-31
-27
-17
-13
-11
5
11
-1
3
3
-13
-37
-41
-43
-45
-45
-45
-47
-47
-45
-43
-45
-41
-39
-77
-125
-21
223
395
165
-127
-209
-125
-59
-35
-29
-27
-25
-21
-19
-17
-13
-11
-5
-5
1
5
11
19
27
35
45
59
73
83
95
101
103
101
89
67
41
13
-7
-21
-33
-39
-41
-45
-45
-47
-45
-45
-45
-45
-43
-43
-41
-43
-41
-39
-39
-35
-35
-35
-35
-37
-37
-33
-27
-19
-19
-13
1
5
-5
3
-7
-29
-43
-45
-47
-51
-51
-49
-49
-51
-49
-47
-47
-45
-49
-99
-101
47
295
347
-9
-203
-209
-103
-55
-33
-31
-25
-23
-21
-17
-13
-9
-7
-3
-1
3
11
21
29
37
47
59
73
87
101
111
115
115
107
93
67
35
9
-13
-23
-33
-37
-39
-41
-43
-43
-41
-41
-41
-43
-37
-37
-37
-37
-33
-33
-31
-33
-31
-31
-33
-25
-15
-11
-11
3
11
3
-3
3
-7
-29
-39
-41
-39
-39
-39
-41
-41
-37
-39
-39
-35
-33
-41
-95
-81
77
313
341
-31
-205
-205
-107
-45
-19
-17
-13
-9
-7
-3
1
3
7
13
17
21
27
31
37
49
59
71
85
101
115
123
123
125
117
97
67
41
17
1
-13
-21
-25
-29
-31
-31
-29
-29
-29
-25
-23
-21
-23
-21
-19
-19
-19
-19
-17
-17
-19
-13
-3
3
1
13
23
15
7
15
7
-7
-27
-29
-31
-31
-29
-27
-29
-29
-27
-27
-25
-25
-23
-67
-91
39
281
379
137
-141
-211
-127
-49
-17
-13
-9
-5
-3
-1
3
5
9
11
15
19
25
29
37
47
53
65
79
95
105
115
121
125
119
107
83
57
31
11
-5
-13
-21
-29
-29
-31
-31
-31
-29
-27
-27
-29
-27
-27
-25
-27
-25
-23
-23
-21
-21
-13
-7
-3
-3
11
17
7
5
9
-3
-23
-33
-35
-33
-37
-33
-35
-35
-35
-33
-31
-31
-29
-49
-103
-61
145
363
331
-25
-181
-155
-61
-31
-23
-19
-15
-13
-11
-7
-3
-1
3
7
9
15
19
27
35
43
53
65
81
95
103
113
117
115
107
85
59
33
7
-13
-23
-31
-33
-35
-37
-37
-37
-35
-35
-35
-35
-35
-33
-29
-31
-31
-31
-29
-29
-29
-23
-13
-9
-9
3
11
5
-1
5
-7
-23
-37
-39
-39
-39
-37
-37
-39
-39
-37
-37
-35
-33
-49
-105
-51
145
351
279
-91
-217
-177
-79
-35
-21
-13
-13
-13
-9
-7
-3
-1
1
9
13
17
23
31
37
45
55
69
85
99
107
119
123
123
115
101
69
39
13
-5
-15
-23
-31
