-35
-37
-29
11
81
149
55
-69
-95
-67
-45
-43
-41
-37
-37
-33
-31
-27
-23
-23
-23
-15
-13
-7
-3
3
13
21
23
29
33
37
29
29
29
25
21
15
7
1
-7
-7
-15
-17
-19
-17
-17
-17
-15
-13
-13
-11
-11
-11
-13
-7
-7
-11
-13
-11
-9
-19
-13
-3
-7
-3
-3
-3
3
7
5
3
-7
-21
-27
-25
-27
-27
-29
-27
-27
-25
-25
-21
29
105
163
59
-61
-77
-47
-31
-31
-27
-27
-19
-19
-17
-17
-11
-9
-3
-1
7
3
13
15
25
25
31
45
47
41
41
41
39
35
27
21
21
13
7
-1
-5
-7
-3
-7
-5
-7
-3
-3
-3
-3
-1
-3
-3
-1
-3
-5
-1
-3
-3
-7
1
5
5
9
13
11
15
13
17
7
-5
-13
-19
-19
-17
-17
-17
-21
-21
-21
-17
19
77
149
143
-17
-77
-59
-35
-23
-27
-31
-25
-23
-21
-23
-29
-23
-17
-13
-7
-9
-3
5
13
15
19
27
37
41
39
35
37
37
33
23
17
9
3
-7
-17
-19
-21
-27
-25
-25
-29
-25
-21
-25
-25
-25
-25
-25
-25
-23
-23
-21
-21
-25
-19
-17
-15
-11
-9
-9
-5
-5
-7
-9
-19
-25
-33
-39
-39
-39
-35
-33
-33
-31
-31
7
69
145
113
-47
-93
-61
-37
-31
-29
-35
-33
-31
-27
-27
-31
-25
-23
-19
-17
-17
-9
-3
7
11
19
25
29
29
33
33
29
25
23
19
13
3
-1
-7
-15
-21
-19
-19
-19
-15
-19
-17
-19
-17
-21
-19
-17
-19
-19
-15
-15
-23
-21
-21
-21
-19
-13
-11
-7
-9
-5
-3
-9
-15
-21
-33
-45
-45
-43
-47
-45
-49
-47
-41
-45
-9
53
129
83
-61
-107
-79
-55
-51
-47
-55
-51
-47
-51
-45
-39
-37
-31
-27
-25
-19
-11
-1
1
13
25
31
39
41
45
47
39
35
29
21
17
9
-1
-1
-11
-15
-17
-21
-15
-9
-17
-13
-9
-11
-11
-11
-7
-13
-13
-9
-5
-3
-1
-1
-1
3
9
13
5
5
-5
-13
-23
-29
-27
-21
-21
-29
-25
-27
-25
-21
39
127
185
93
-71
-99
-61
-37
-33
-25
-25
-23
-31
-25
-13
-11
-13
-19
-9
-3
-1
1
9
23
29
43
43
39
49
41
33
35
35
29
23
3
-9
-13
-17
-23
-23
-27
-29
-23
-23
-25
-21
-23
-19
-19
-15
-21
-25
-17
-11
-23
-15
-11
-9
-9
-15
-21
-13
-31
-43
-51
-39
-45
-51
-55
-45
-47
-55
-43
13
93
165
63
-107
-119
-89
-69
-67
-55
-55
-55
-51
-53
-47
-43
-51
-41
-37
-39
-35
-25
-13
-13
-5
5
7
11
17
15
9
11
7
3
-9
-23
-23
-31
-29
-31
-35
-39
-35
-37
-35
-37
-35
-29
-31
-37
-25
-29
-33
-33
-31
-29
-25
-21
-23
-19
-17
-25
-11
-11
-19
-15
-21
-29
-43
-37
-45
-37
-43
-43
-33
-33
-31
-3
79
161
143
-37
-99
-85
-59
-43
-33
-33
-35
-29
-27
-35
-29
-25
-3
-9
-19
-17
-9
-17
9
15
23
33
35
39
41
37
33
29
25
19
15
-3
-5
-13
-15
-19
-13
-17
-19
-13
-11
-21
-17
-19
-11
-11
-19
-11
-13
-13
-13
-9
-19
-19
-11
-17
-19
1
-1
-5
13
13
-5
-11
-17
-21
-19
-21
-31
-43
-29
-25
-21
-23
-11
57
133
177
27
-83
-77
-43
-29
-23
-23
-19
-17
-17
-15
-15
-11
-7
-3
-3
5
3
13
21
29
37
37
45
51
55
49
39
37
35
29
23
13
9
5
-3
-9
-9
-5
-9
-7
-11
-7
-5
-5
-5
-11
-9
-3
-3
1
-7
-7
-9
-9
-7
-11
-9
9
-3
-7
3
11
13
7
7
1
-11
-21
-23
-19
-29
-27
-29
-31
-23
-19
-29
15
93
155
115
-41
-97
-59
-35
-27
-19
-27
-29
-19
-23
-21
-27
-21
-15
-5
-1
3
-11
3
13
37
39
29
49
45
37
45
43
55
51
13
15
15
11
5
-5
-9
-3
9
-25
-21
-3
-3
-15
-13
-11
-9
-3
-3
-7
-5
-5
-5
-5
-5
-7
-7
-5
-1
1
5
13
17
19
23
21
19
9
1
-1
-7
-11
-7
-13
-9
-7
-7
-5
11
83
165
191
7
-73
-53
-21
-9
-11
-11
-9
-3
-5
-3
-1
-1
5
5
7
13
19
27
33
41
49
59
59
65
65
61
61
57
51
49
39
33
25
19
17
13
7
9
7
11
11
13
15
13
15
15
15
15
17
17
15
17
13
13
15
19
23
25
29
31
33
35
31
25
21
9
-1
-5
-7
-7
-9
-5
-5
-7
-7
9
71
145
203
75
-55
-65
-31
-17
-17
-17
-15
-13
-13
-13
-9
-9
-9
-5
-3
1
7
11
17
23
29
43
43
49
51
51
53
47
39
35
23
19
13
5
-1
-7
-7
-7
-11
-11
-9
-7
-7
-9
-7
-7
-15
-9
-9
-9
-11
-13
-15
-15
-17
-17
-15
-9
-5
-5
-3
-1
5
7
3
-1
-13
-23
-25
-25
-29
-25
-27
-25
-21
-23
-23
21
85
157
139
-31
-91
-63
-37
-29
-31
-27
-23
-23
-21
-17
-17
-15
-15
-9
-3
3
9
13
21
29
35
45
49
47
47
47
45
45
37
35
29
19
17
7
3
3
5
5
5
1
5
5
3
3
3
3
3
1
-1
-3
-3
-3
-7
-7
-9
-7
-1
1
3
5
3
9
9
9
3
-7
-19
-25
-23
-25
-21
-21
-25
-21
-21
-17
17
89
167
131
-35
-77
-53
-29
-29
-29
-27
-27
-25
-27
-23
-23
-23
-21
-17
-13
-11
-9
-1
5
9
15
25
29
33
35
35
35
33
27
27
21
11
7
-1
-5
-9
-13
-11
-11
-11
-9
-11
-11
-13
-11
-11
-11
-15
-17
-15
-17
-17
-19
-19
-19
-17
-15
-11
-7
-7
-5
-1
3
3
-3
-9
-23
-33
-31
-31
-29
-29
-31
-31
-27
-33
-7
55
137
139
-33
-89
-55
-39
-31
-35
-35
-29
-29
-29
-25
-27
-23
-19
-17
-13
-11
-5
1
5
15
21
25
31
33
31
29
27
27
23
19
11
5
-5
-7
-11
-13
-15
-15
-15
-15
-17
-15
-17
-17
-17
-17
-19
-19
-17
-21
-19
-21
-29
-23
-21
-13
-9
-11
-11
1
-3
-3
3
-5
-19
-33
-41
-39
-31
-25
-21
-29
-27
-23
-9
45
117
163
31
-65
-67
-43
-27
-21
-21
-17
-17
-13
-11
-7
-11
-5
-5
-1
7
5
7
15
17
29
19
31
49
37
25
43
25
23
37
31
13
-7
15
5
-7
-3
-9
-3
-5
-13
-1
-3
-1
-13
-9
-11
-11
-9
-9
-13
-15
-13
-5
-11
1
-1
3
1
7
9
7
-3
-13
-23
-31
-23
-29
-27
-25
-25
-21
-25
-9
57
127
155
11
-65
-55
-29
-29
-27
-27
-29
-29
-27
-21
-23
-19
-13
-21
-11
-11
-5
1
5
11
13
19
25
25
31
29
29
25
23
15
15
7
5
-3
-7
-9
-13
-13
-13
-15
-13
-11
-17
-13
-15
-19
-15
-19
-19
-19
-19
-17
-11
-11
-7
-9
-5
5
-3
-9
-13
-31
-31
-33
-35
-37
-37
-37
-37
-39
-37
-9
43
131
123
-23
-83
-65
-45
-43
-43
-41
-39
-39
-37
-41
-33
-31
-29
-27
-21
-21
-15
-13
-5
-3
5
7
9
13
11
13
13
15
15
9
5
-3
-11
-17
-23
-21
-27
-27
-25
-27
-31
-31
-29
-33
-35
-33
-31
-37
-39
-45
-37
-31
-31
-27
-25
-23
-21
-29
-31
-35
-41
-53
-55
-57
-59
-61
-57
-61
-59
-59
-29
33
105
37
-87
-111
-89
-71
-73
-75
-71
-71
-69
-65
-65
-65
-61
-57
-53
-49
-43
-39
-31
-23
-19
-13
-9
-9
-5
-3
3
-1
-5
-5
-7
-15
-17
-23
-25
-29
-29
-29
-29
-33
-29
-29
-29
-31
-35
-35
-37
-41
-37
-35
-31
-27
-25
-27
-23
-19
-19
-19
-25
-29
-43
-47
-47
-47
-43
-43
-45
-41
-43
-31
23
99
141
11
-81
-77
-53
-45
-45
-49
-41
-39
-39
-39
-37
-33
-29
-27
-21
-19
-11
-9
-5
3
9
11
19
21
21
23
21
19
17
13
11
5
-3
-7
-11
-13
-13
-17
-15
-15
-15
-15
-15
-17
-15
-19
-17
-19
-21
-21
-17
-13
-7
-7
-5
-3
1
-5
-11
-15
-25
-37
-35
-33
-35
-37
-35
-33
-35
-39
-11
47
129
113
-29
-85
-63
-43
-37
-37
-35
-37
-37
-37
-29
-31
-25
-23
-23
-19
-15
-7
-3
1
7
9
17
17
17
17
17
15
17
11
7
1
-5
-9
-13
-21
-21
-25
-23
-23
-25
-27
-31
-31
-27
-25
-27
-31
-33
-31
-27
-27
-23
-19
-15
-9
-11
-17
-21
-31
-41
-43
-45
-43
-43
-45
-47
-45
-43
-41
11
89
145
43
-73
-91
-71
-51
-47
-47
-47
-43
-39
-47
-43
-39
-33
-27
-27
-23
-19
-13
-3
1
7
17
23
23
19
21
19
15
17
13
9
3
-5
-9
-7
-17
-19
-17
-19
-17
-17
-19
-11
-13
-15
-19
-17
-21
-19
-13
-7
-5
-5
-1
3
-1
-3
-11
-19
-29
-31
-31
-31
-31
-31
-27
-29
-31
7
81
161
129
-29
-83
-59
-39
-31
-31
-31
-31
-27
-27
-23
-21
-19
-13
-13
-11
-5
-1
9
13
21
27
31
33
35
33
33
29
27
23
19
13
9
3
-1
-3
-5
-5
-7
-7
-7
-7
-1
-5
-5
-3
-7
-3
-1
-5
9
3
-1
3
11
13
3
-1
3
-5
-17
-21
-21
-23
-23
-23
-23
-25
-13
49
125
197
65
-71
-75
-39
-25
-29
-33
-27
-29
-25
-25
-25
-19
-19
-19
-15
-11
-9
-3
7
13
17
21
27
31
31
33
29
25
27
11
9
3
-5
-11
-17
-17
-17
-21
-21
-21
-19
-21
-19
-17
-17
-17
-17
-19
-19
-17
-17
-11
-7
-5
-9
-7
-1
7
-3
-7
-9
-21
-37
-33
-33
-31
-37
-33
-35
-31
-33
3
73
155
135
-37
-83
-55
-39
-37
-39
-39
-33
-33
-29
-27
-23
-17
-17
-17
-9
3
7
11
19
25
31
39
39
41
45
43
35
33
29
29
19
11
9
3
1
1
-3
1
3
-5
-1
5
5
-1
-1
1
-1
-3
1
-3
9
-1
-5
-5
-3
3
-3
7
9
13
17
21
19
11
5
-11
-17
-25
-17
-15
-25
-17
-21
-19
-17
23
107
193
107
-49
-77
-45
-27
-23
-33
-29
-37
-11
-27
-27
-23
-13
-15
-21
-13
-1
1
-3
19
21
23
39
43
35
41
43
37
39
27
21
9
9
-11
-11
-13
-17
-25
-5
-19
-27
-21
-7
-13
-23
-13
-7
-11
-19
-15
-15
-21
-15
-25
-7
-21
-3
-11
7
-19
1
1
-5
9
-29
-43
-49
-37
-43
-31
-37
-37
-39
-39
-9
61
139
157
-29
-89
-99
-63
-43
-43
-39
-51
-47
-25
-35
-41
-27
-27
-35
-21
-9
-11
-17
3
11
9
19
27
33
47
17
29
33
17
9
-7
-1
-3
-9
-23
-15
-15
-39
-25
-23
-29
-15
-25
-9
-25
-1
-27
-21
-9
-11
-19
-13
-19
-13
-11
-1
-13
-11
9
-1
-7
1
-17
-25
-41
-37
-29
-29
-27
-35
-33
-23
27
117
193
55
-89
-101
-73
-35
-59
-33
-37
-33
-49
-33
-27
-29
-23
-31
-23
-15
1
-19
-5
21
15
19
39
25
39
31
35
21
27
15
3
7
-1
-7
-11
-13
-13
-25
-17
-19
-19
-17
-15
-11
-17
1
-15
-23
-17
7
-19
-7
-21
-17
-5
-23
-21
-13
-13
-7
5
-1
-1
7
3
5
-23
-21
-35
-29
-15
-37
-39
-13
-31
-15
11
105
191
141
-67
-95
-73
-43
-27
-31
-35
-33
-35
-29
-27
-19
-31
-21
-9
-9
-17
-1
-5
5
15
23
19
33
41
39
25
37
31
9
5
1
-17
-19
-17
-21
-29
-29
-27
-37
-33
-23
-35
-25
-27
-21
-17
-23
-21
-23
-29
-23
-25
-25
-29
-25
-21
-21
-19
-11
-17
-3
-1
1
1
3
-3
-9
-29
-31
-29
-33
-35
-33
-31
-31
-31
-3
83
163
169
-31
-95
-79
-41
-39
-33
-33
-33
-25
-27
-25
-21
-19
-13
-13
-11
-5
-5
5
11
19
25
33
39
43
41
41
41
35
31
25
19
11
3
-1
-3
-7
-9
-9
-9
-7
-11
-7
-7
-5
-3
-3
-5
-7
-5
-5
-9
-11
-7
-7
-13
-11
-13
-11
-11
-13
-11
-11
-9
-7
-5
-1
5
9
11
15
7
7
1
-11
-21
-27
-27
-25
-25
-23
-29
-29
-33
-11
55
131
183
19
-79
-71
-45
-35
-33
-31
-33
-33
-31
-27
-27
-25
-19
-17
-17
-15
-13
-3
1
7
13
21
25
31
31
35
33
31
27
21
17
11
5
-3
-11
-15
-15
-21
-25
-23
-21
-23
-25
-27
-31
-33
-33
-37
-39
-41
-39
-41
-43
-45
-45
-43
-47
-49
-45
-45
-45
-43
-45
-43
-37
-33
-33
-33
-27
-15
-15
-23
-19
-29
-43
-51
-55
-55
-51
-51
-53
-53
-53
-49
-7
69
147
129
-57
-117
-99
-71
-57
-57
-57
-49
-53
-51
-47
-43
-41
-39
-37
-29
-27
-21
-15
-7
1
9
15
23
27
35
35
33
29
25
21
15
11
5
-1
-7
-9
-11
-13
-13
-17
-15
-9
-11
-11
-9
-13
-11
-9
-11
-7
-13
-17
-13
-13
-17
-19
-13
-5
-7
-1
3
5
9
5
5
3
-9
-23
-29
-33
-31
-29
-31
-29
-31
-29
-15
53
133
197
39
-87
-89
-47
-31
-29
-27
-29
-27
-27
-19
-19
-17
-15
-11
-7
-1
3
9
11
21
29
37
45
51
53
55
55
49
45
39
29
23
15
9
3
-1
-3
-7
-11
-9
-7
-5
-5
-5
-5
-3
-3
-5
-3
-3
-7
-5
-7
-9
-9
-7
-7
-5
-17
-17
-7
7
5
9
13
11
17
5
11
5
-17
-23
-25
-25
-25
-23
-21
-23
-25
-15
19
103
193
157
-47
-89
-53
-31
-27
-23
-23
-23
-21
-19
-17
-15
-11
-7
-5
1
3
13
17
23
31
37
43
49
55
55
49
49
45
41
33
25
15
7
3
-5
-9
-11
-9
-9
-9
-9
-11
-9
-9
-11
-9
-5
-11
-15
-15
-9
-13
-17
-15
-17
-13
-15
-19
-15
-15
-17
-13
-7
-1
-3
-3
11
17
13
9
15
5
-11
-23
-25
-27
-25
-25
-27
-27
-21
-27
-15
61
145
205
43
-79
-75
-39
-23
-23
-21
-15
-13
-11
-9
-3
1
3
11
17
21
25
31
39
49
55
63
71
75
75
77
73
75
73
69
65
57
51
43
37
33
29
27
27
25
27
27
25
25
25
23
23
21
19
17
13
11
7
5
11
7
3
5
1
1
1
-1
3
9
17
15
15
23
27
23
25
25
11
-3
-9
-7
-9
-13
-13
-13
-11
-15
-15
29
105
195
165
-21
-69
-39
-21
-17
-15
-17
-15
-11
-11
-5
-7
-3
-1
-1
7
13
17
19
21
29
29
39
47
49
47
53
43
43
41
35
31
25
17
7
5
-1
-3
-1
-3
-1
-7
-5
-3
5
-7
-15
-13
-7
-11
-11
-11
-11
-9
-13
-15
-21
-23
-21
-23
-19
-23
-23
-15
-11
-17
-7
-7
1
-3
-5
-3
-21
-35
-37
-41
-39
-41
-43
-39
-37
-41
-39
-9
75
173
131
-53
-101
-69
-49
-51
-51
-53
-55
-53
-49
-49
-45
-45
-41
-41
-39
-31
-23
-19
-13
-3
5
9
13
27
29
19
19
17
23
19
21
11
1
-11
-11
-19
-21
-21
-25
-25
-29
-31
-25
-29
-29
-31
-31
-35
-29
-33
-37
-35
-33
-41
-45
-45
-47
-43
-39
-39
-33
-37
-35
-29
-27
-21
-19
-27
-31
-49
-61
-71
-73
-69
-67
-73
-71
-71
-75
-73
-41
31
117
79
-93
-143
-109
-89
-81
-81
-79
-77
-73
-73
-67
-65
-61
-61
-55
-53
-49
-41
-37
-33
-21
-15
-11
-9
-3
-3
-9
-7
-9
-11
-19
-25
-27
-35
-39
-43
-49
-51
-49
-51
-45
-47
-41
-43
-45
-45
-47
-47
-47
-49
-47
-51
-49
-53
-51
-51
-45
-41
-37
-33
-35
-29
-27
-29
-39
-51
-57
-57
-63
-65
-59
-57
-59
-57
-59
-35
43
135
127
-61
-119
-99
-75
-53
-53
-51
-49
-47
-47
-47
-41
-39
-33
-35
-33
-25
-19
-13
-9
-3
5
13
21
23
23
25
25
15
9
9
5
-3
-9
-15
-15
-23
-19
-31
-25
-25
-25
-25
-17
-5
-25
-33
-27
-25
-25
-27
-23
-21
-17
-13
-23
-17
-11
-9
-7
-9
-19
-33
-27
-33
-39
-25
-31
-51
-29
-43
-39
-23
61
129
147
-9
-95
-91
-61
-39
-37
-39
-21
-17
-23
-17
-11
-1
-5
-19
-1
13
17
5
15
25
41
39
39
47
45
45
55
25
27
33
23
29
13
11
9
5
7
3
11
13
15
1
-21
1
-7
-1
3
1
9
1
-7
-5
-1
11
9
11
19
13
19
33
9
-21
-21
-19
-19
-15
-25
-21
-19
-17
-21
-3
67
151
187
5
-91
-71
-37
-27
-25
-17
-19
-17
-11
-17
-15
-13
-11
-3
-5
-7
1
15
19
15
25
35
31
37
31
39
31
27
23
23
19
13
1
3
-3
-5
-13
-23
-13
-11
-11
-9
-17
-15
-9
-11
-15
-17
-21
-23
-21
-17
-21
-27
-21
-19
-13
-11
-11
-5
-5
-11
-15
-29
-33
-43
-43
-43
-45
-47
-49
-47
-47
-37
25
103
155
11
-111
-125
-83
-59
-53
-57
-55
-49
-43
-47
-55
-45
-39
-33
-35
-25
-19
-13
-9
-1
11
21
25
31
35
31
29
29
29
17
11
5
5
-3
-9
-11
-9
-15
-17
-21
-15
-17
-11
-9
-9
-5
-3
-1
-9
-9
-5
3
3
3
7
9
15
17
19
21
19
11
3
-5
-11
-17
-13
-9
-11
-9
-13
-9
-3
55
131
199
123
-49
-79
-47
-19
-17
-17
-17
-11
-7
-7
-11
-7
-7
-1
1
7
11
13
19
31
37
45
49
49
55
55
51
47
33
29
23
15
7
-1
-5
-7
-17
-13
-13
-17
-15
-15
-13
-13
-17
-15
-15
-13
-11
-19
-19
-15
-19
-23
