101
-47
-105
-101
-79
-61
-57
-57
-51
-53
-57
-49
-37
-53
-41
-47
-45
-35
-23
-25
-21
-27
-23
-21
-17
-5
-11
17
15
25
11
19
17
5
5
-13
-11
-27
-33
-29
-33
-33
-29
-31
-31
-39
-39
-37
-33
-29
-21
-17
-9
-3
3
1
3
-3
-7
-7
-33
-33
-33
-39
-43
-25
-33
-123
-129
15
227
321
135
-7
-91
-93
-73
-51
-57
-53
-63
-53
-43
-45
-41
-43
-41
-39
-33
-29
-33
-29
-19
-15
-15
-11
-15
3
15
7
29
29
27
27
25
31
19
-1
1
-13
-19
-17
-17
-17
-19
-19
-21
-15
-11
-7
-9
1
3
-7
13
17
27
23
17
27
9
9
-11
-21
-31
-37
-39
-53
-49
-131
-167
-81
135
303
153
3
-77
-87
-67
-49
-33
-31
-37
-37
-41
-35
-39
-41
-41
-37
-37
-33
-31
-27
-23
-25
-9
1
3
7
15
23
25
29
33
37
31
21
21
11
19
-3
-11
-19
-19
-15
-21
-19
-9
-19
-17
-13
-19
-9
-17
-17
-3
1
-11
7
11
25
25
23
17
5
1
-9
-23
-27
-27
-31
-31
-35
-109
-129
11
225
305
119
-19
-99
-73
-51
-31
-35
-21
-13
-21
-17
-19
-19
-21
-19
-17
-15
-11
-7
-11
1
1
-1
9
15
21
31
35
39
37
37
45
39
37
35
23
13
3
1
-11
-9
-9
-13
-7
-15
-7
-7
-5
-7
-19
-29
-13
-7
1
-1
19
13
7
13
21
17
21
13
-1
-9
-23
-37
-49
-43
-49
-37
-39
-91
-127
-25
161
287
129
-1
-85
-101
-83
-59
-47
-45
-47
-49
-49
-45
-39
-39
-35
-35
-25
-25
-15
-23
-11
-9
-11
-5
-5
13
23
19
21
31
27
27
35
33
19
15
11
-9
-19
-13
-13
-21
-25
-21
-29
-15
-15
-27
-15
-17
-23
-31
-15
-1
-5
-1
-1
-1
-3
11
29
15
21
15
-7
-1
-21
-33
-31
-37
-33
-31
-47
-101
-121
5
197
279
117
-11
-91
-93
-109
-69
-41
-51
-45
-37
-45
-35
-35
-33
-27
-27
-25
-27
-27
-19
-21
-27
-19
-13
-7
-1
3
5
19
27
39
39
27
29
21
17
7
-5
-11
-27
-17
-13
-23
-23
-25
-21
-15
-27
-25
-19
-25
-21
-19
-19
-19
-1
-11
3
15
15
-1
5
11
5
-13
-27
-39
-43
-39
-47
-33
-61
-125
-85
59
275
249
65
-43
-99
-107
-91
-59
-45
-49
-45
-37
-39
-35
-35
-43
-39
-29
-27
-25
-27
-19
-25
-15
11
-1
-7
13
-5
29
21
47
45
39
43
53
47
11
15
-13
-3
-15
-13
-9
-11
-33
-9
-3
7
-5
-9
1
-11
-11
-3
-3
1
1
-11
5
11
19
13
9
7
-3
-15
-27
-41
-45
-41
-43
-49
-43
-103
-131
-67
123
341
205
17
-95
-119
-97
-77
-59
-47
-73
-61
-55
-39
-45
-35
-43
-43
-41
-27
-39
-19
-23
-17
-7
-5
-11
-11
5
37
41
33
39
45
31
35
23
13
-7
-11
-23
-31
-31
-35
-39
-35
-39
-37
-37
-31
-37
-39
-39
-31
-25
-25
-23
-13
-9
-15
5
-5
1
25
-9
5
-5
-19
-33
-41
-41
-49
-47
-39
-111
-139
-43
169
337
145
-41
-119
-123
-95
-67
-59
-47
-41
-49
-37
-45
-47
-47
-37
-43
-39
-37
-31
-43
-33
-19
-17
-21
-21
-5
7
13
19
17
25
27
39
45
33
19
11
-1
-11
-13
-27
-31
-29
-33
-31
-29
-29
-27
-35
-37
-25
-35
-35
-23
-13
-17
-21
-13
-23
-21
-19
-15
-9
3
7
5
1
7
-3
1
-9
-23
-37
-43
-43
-51
-41
-79
-123
-61
115
323
201
-15
-95
-119
-89
-57
-49
-51
-43
-41
-39
-45
-39
-31
-47
-39
-33
-35
-33
-33
-27
-19
-23
-21
-15
-9
-9
9
13
23
23
27
37
29
23
19
9
3
-13
-21
-27
-27
-29
-33
-33
-25
-31
-31
-27
-21
-21
-27
-33
-23
-31
-19
-11
-25
-21
-19
-21
-21
-23
-13
-13
-11
3
13
9
11
13
5
-3
-7
-21
-33
-51
-29
-39
-45
-49
-119
-117
5
219
323
109
-39
-115
-101
-75
-55
-37
-39
-37
-41
-39
-45
-35
-37
-35
-27
-39
-39
-29
-33
-17
-19
-19
-7
-5
-3
9
7
19
35
39
43
39
31
37
25
21
9
-3
-11
-15
-21
-15
-21
-23
-19
-21
-19
-13
-17
-15
-19
-17
-9
-21
-11
-13
-13
-15
-15
-17
-15
-13
-7
-13
-17
-17
-9
1
7
11
27
27
23
35
27
19
7
-1
-13
-23
-27
-25
-21
-35
-97
-93
63
277
295
75
-51
-103
-75
-49
-29
-29
-35
-35
-25
-27
-31
-31
-23
-25
-27
-21
-27
-25
-11
-11
-13
-5
-3
-7
1
5
17
25
29
37
45
51
53
41
29
25
13
-1
-5
-13
-19
-11
-21
-21
-19
-19
-17
-13
-25
-19
-17
-17
-15
-15
-19
-23
-23
-21
-29
-31
-23
-21
-27
-27
-21
-15
-13
-3
5
9
19
27
21
9
9
-5
-21
-23
-35
-37
-47
-35
-41
-119
-125
5
209
321
81
-63
-111
-89
-69
-43
-33
-33
-33
-37
-29
-35
-35
-35
-35
-35
-29
-25
-25
-23
-19
-17
-17
-13
-11
3
3
5
23
23
31
33
29
25
25
21
7
-5
-9
-21
-19
-21
-23
-25
-23
-29
-21
-17
-23
-19
-15
-25
-27
-25
-27
-23
-27
-21
-15
-25
-21
-29
-13
-3
-7
-5
9
19
19
17
15
5
-5
-27
-33
-31
-37
-35
-37
-37
-91
-121
-63
97
281
187
9
-79
-103
-79
-53
-41
-37
-47
-43
-39
-41
-43
-39
-35
-27
-29
-25
-27
-27
-19
-13
-17
-3
-1
1
5
9
19
21
25
35
27
31
29
19
11
1
-11
-15
-23
-19
-19
-25
-23
-25
-27
-23
-25
-17
-17
-27
-23
-19
-13
-17
-29
-19
-13
-17
-11
-7
1
7
23
19
21
7
5
-7
-19
-23
-37
-41
-37
-41
-33
-87
-113
-67
107
271
151
1
-89
-101
-87
-61
-43
-45
-43
-49
-41
-41
-37
-31
-29
-39
-27
-31
-29
-25
-25
-19
-13
-9
1
-1
7
17
19
33
27
29
33
33
25
15
-3
-3
-9
-11
-23
-23
-23
-31
-27
-19
-21
-21
-21
-29
-23
-17
-15
-21
-17
-15
-13
-15
-13
-5
-1
7
19
17
21
21
13
5
-11
-27
-37
-35
-39
-39
-29
-41
-105
-107
17
201
263
75
-47
-101
-85
-59
-39
-39
-41
-45
-35
-33
-35
-25
-23
-33
-29
-29
-29
-19
-15
-15
-17
-7
7
-1
5
13
21
25
33
31
35
35
33
27
15
5
-3
-9
-15
-17
-13
-15
-17
-13
-15
-15
-19
-17
-15
-13
-15
-9
-19
-19
-15
-19
-13
-5
3
1
15
13
15
29
17
3
-17
-21
-37
-39
-31
-33
-33
-37
-97
-123
-31
141
269
133
3
-87
-101
-73
-49
-43
-49
-51
-43
-45
-45
-45
-39
-43
-41
-47
-45
-35
-21
-23
-27
-21
-21
-13
-15
-1
7
13
15
19
23
31
27
25
15
-11
-11
-13
-23
-41
-33
-35
-25
-27
-31
-41
-27
-55
-37
-31
-43
-31
-33
-29
-19
-45
-21
-13
-5
7
3
-5
9
1
-11
-21
-37
-45
-59
-47
-47
-43
-67
-143
-123
49
269
243
55
-77
-121
-115
-91
-59
-53
-53
-41
-59
-53
-55
-43
-31
-43
-47
-37
-41
-31
-27
-29
-19
-25
-3
-5
-9
21
19
17
13
23
37
29
25
19
-5
-15
-25
-27
-27
-23
-35
-29
-29
-35
-27
-31
-23
-21
-25
-29
-17
-21
-15
-11
-7
-5
-5
5
11
5
25
19
11
11
-11
-23
-31
-35
-35
-43
-37
-49
-131
-119
35
249
309
69
-69
-125
-109
-77
-47
-41
-43
-41
-37
-35
-49
-37
-37
-39
-33
-31
-23
-17
-19
-19
-23
-11
-5
3
5
11
13
15
27
33
53
43
33
31
9
1
3
-13
-9
-21
-19
-17
-17
-23
-31
-15
-13
-15
-9
-17
-15
-13
-9
-9
-3
-3
1
13
13
29
21
27
27
19
7
-7
-23
-29
-41
-43
-19
-21
-69
-125
-57
135
333
247
9
-87
-101
-63
-51
-41
-39
-39
-39
-37
-39
-35
-33
-35
-37
-27
-21
-23
-21
-23
-17
-7
-5
-5
9
11
17
23
29
33
35
33
39
41
27
21
1
-9
-15
-21
-19
-17
-19
-21
-21
-17
-17
-17
-23
-23
-17
-13
-15
-17
-23
-19
-11
-15
-15
-3
-1
1
3
17
25
25
21
15
3
-9
-15
-29
-31
-31
-35
-29
-43
-109
-117
11
229
329
97
-65
-111
-77
-45
-43
-39
-43
-43
-43
-45
-41
-47
-29
-25
-31
-31
-27
-29
-27
-23
-21
-13
-11
-1
3
1
11
19
17
31
39
43
39
29
13
1
-9
-11
-17
-19
-19
-27
-31
-25
-25
-13
-15
-19
-19
-25
-29
-21
-19
-17
-19
-23
-23
-29
-19
-29
-29
-21
-23
-23
-25
-27
-19
-19
-21
-11
-9
-7
-5
5
17
17
19
13
-1
-13
-25
-29
-35
-39
-33
-33
-37
-105
-127
-15
203
329
103
-69
-129
-91
-57
-45
-41
-43
-43
-39
-27
-33
-35
-39
-39
-35
-37
-27
-23
-13
-17
-25
-19
-7
-1
7
7
29
21
23
27
33
31
43
37
11
13
3
-3
-11
-25
-13
-23
-31
-21
-19
-15
-11
-17
-9
-15
-21
-13
-7
-9
-15
-11
-11
-11
-17
-15
-25
-17
-13
-17
-15
-17
-5
-7
-5
-1
13
19
27
21
13
7
-9
-17
-29
-33
-31
-35
-35
-35
-99
-111
9
207
293
95
-61
-117
-109
-83
-57
-39
-33
-41
-31
-35
-35
-33
-29
-33
-19
-27
-35
-25
-21
-13
-13
-9
-3
-5
5
13
15
21
29
37
35
37
35
35
17
5
7
-3
-9
-15
-17
-23
-29
-25
-25
-21
-5
-13
-19
-11
-11
-3
-3
-9
-3
-9
-11
-5
-11
-9
-11
-13
-15
-17
-1
9
5
3
13
21
29
23
25
19
-3
-19
-29
-21
-19
-25
-27
-25
-47
-115
-95
57
273
267
31
-77
-115
-79
-49
-39
-35
-35
-37
-33
-37
-35
-35
-29
-21
-19
-29
-23
-21
-17
-13
-11
-9
-3
7
19
15
21
25
31
43
43
41
47
39
29
17
17
7
3
-3
-9
-13
-13
-9
-11
-5
-11
-3
-13
-11
-17
-11
-3
-3
-9
-11
-13
-19
-13
-9
-11
-13
-11
-7
3
1
-1
11
31
33
31
19
9
-1
-15
-25
-35
-37
-41
-35
-43
-113
-123
-5
207
321
87
-63
-103
-63
-39
-41
-47
-43
-41
-45
-45
-39
-37
-35
-35
-37
-35
-29
-25
-25
-25
-21
-21
-15
-9
-3
3
9
11
19
21
27
23
35
29
15
5
-1
-11
-19
-21
-25
-23
-33
-27
-29
-27
-29
-27
-25
-25
-25
-27
-27
-25
-17
-25
-29
-23
-27
-23
-29
-29
-19
-11
-11
-5
5
19
19
23
23
3
-5
-9
-31
-39
-47
-43
-39
-35
-55
-123
-105
57
283
239
9
-103
-91
-49
-43
-43
-45
-47
-33
-33
-35
-31
-39
-39
-35
-31
-29
-35
-29
-19
-33
-21
-15
-9
-7
-3
13
11
19
25
33
39
47
29
33
31
9
1
-7
-7
-11
-11
-21
-13
-15
-19
-15
-15
-17
-19
-15
-21
-27
-19
-25
-13
-19
-19
-15
-25
-25
-19
-7
-3
1
1
1
13
25
27
31
13
7
-7
-23
-33
-35
-37
-37
-31
-51
-119
-83
65
237
197
25
-75
-97
-69
-41
-37
-37
-31
-31
-39
-31
-29
-25
-27
-29
-27
-19
-23
-17
-17
-3
-1
-3
5
11
15
23
27
33
39
41
43
49
47
37
23
15
3
-7
-11
-9
-13
-9
-13
-13
-9
-13
-15
-15
-11
-7
-11
-13
-11
-13
-11
-11
-19
-13
-11
1
3
-3
13
25
31
35
31
17
11
-3
-17
-33
-29
-23
-29
-23
-43
-105
-95
39
191
195
61
-57
-87
-71
-43
-31
-25
-25
-31
-23
-21
-31
-15
-11
-25
-19
-23
-11
5
-1
-9
17
1
-7
37
9
23
23
43
37
55
39
53
51
33
-3
19
1
-13
-11
5
-9
-21
-15
-13
-25
-29
-19
-21
-19
-19
-25
-13
-11
-19
-11
-17
-7
-7
1
-3
19
21
23
19
7
5
-17
-41
-35
-41
-37
-49
-37
-47
-125
-101
43
223
199
21
-99
-113
-91
-77
-55
-29
-41
-43
-31
-27
-31
-57
-29
-9
-9
-23
-21
-9
-11
-17
-1
-5
11
7
21
21
27
33
33
47
43
47
31
23
5
-13
-11
-19
-23
-31
-35
-35
-31
-37
-31
-37
-33
-31
-35
-35
-31
-29
-35
-35
-21
-15
-15
-17
-7
3
-1
5
5
-1
-15
-31
-39
-43
-47
-45
-41
-43
-105
-137
-51
119
249
101
-65
-123
-109
-105
-67
-43
-53
-49
-41
-51
-53
-43
-41
-43
-47
-47
-35
-39
-37
-35
-33
-15
-17
-13
-1
5
13
19
15
13
27
37
37
29
19
5
-9
-25
-23
-21
-11
-23
-27
-31
-21
-21
-25
-27
-25
-17
-25
-11
-15
-15
-3
-1
-11
13
21
25
17
25
13
3
1
-19
-29
-29
-31
-37
-29
-37
-127
-143
9
217
305
111
-23
-89
-75
-57
-45
-35
-43
-33
-37
-41
-33
-33
-35
-29
-31
-33
-25
-29
-25
-17
-21
-5
-13
-1
11
17
25
29
35
33
29
27
29
31
31
17
5
-5
-5
-7
-5
-11
-11
-13
-15
-17
-21
-11
-15
-9
-15
-13
-13
-9
-9
-3
5
5
11
13
27
25
27
21
17
7
-9
-15
-31
-23
-29
-31
-29
-87
-137
-43
167
323
145
3
-77
-73
-53
-35
-35
-35
-37
-35
-39
-37
-29
-27
-31
-19
-27
-25
-21
-21
-5
-11
-17
-3
3
9
7
19
23
35
27
29
31
33
29
19
11
-9
-11
-21
-23
-19
-11
-23
-21
-13
-19
-7
-11
-21
-11
-13
-15
-17
-1
-19
-17
5
7
11
19
27
23
25
15
13
13
-3
-15
-25
-29
-29
-31
-27
-69
-131
-91
83
273
201
37
-61
-83
-73
-53
-43
-37
-31
-35
-39
-33
-37
-31
-33
-25
-21
-21
-21
-19
-13
-13
-7
-5
7
5
25
31
35
43
37
37
37
35
31
17
9
1
-5
-13
-23
-21
-11
-21
-17
-15
-13
-21
-19
-21
-15
-23
-19
-13
-11
-5
-5
-7
-3
13
11
25
23
17
5
1
-9
-19
-29
-31
-33
-37
-37
-79
-119
-81
79
239
181
49
-63
-95
-95
-77
-41
-31
-39
-35
-31
-31
-25
-25
-29
-21
-19
-17
-21
-17
-19
-3
5
3
1
19
37
33
37
39
45
47
51
29
29
11
7
-11
-15
-17
-21
-27
-23
-27
-17
-25
-17
-21
-21
-21
-5
-3
-13
-7
-15
5
11
-1
21
25
19
23
27
23
9
-9
-17
-51
-41
-43
-37
-35
-31
-109
-115
17
219
315
119
-13
-105
-101
-97
-71
-41
-43
-33
-31
-37
-27
-37
-39
-29
-27
-21
-29
-15
-21
-9
-21
-13
-11
5
13
15
19
27
31
27
31
37
37
23
13
-3
-5
-5
-21
-13
-17
-33
-21
-11
-17
-25
-29
-21
-29
-25
-29
-17
-21
-13
-13
-9
-1
19
11
15
13
1
-7
-27
-33
-47
-45
-47
-43
-39
-71
-137
-83
93
309
259
55
-51
-111
-91
-71
-45
-45
-41
-47
-51
-41
-37
-39
-39
-31
-35
-27
-35
-23
-31
-19
-23
-13
-7
-1
11
23
17
35
39
37
39
29
29
17
1
-11
-11
-23
-17
-21
-21
-21
-17
-21
-23
-19
-19
-19
-29
-13
-19
-17
-17
-7
3
5
19
19
9
29
17
13
7
-17
-27
-41
-31
-41
-27
-23
-73
-125
-55
139
339
217
27
-83
-99
-93
-57
-29
-43
-29
-33
-29
-39
-39
-35
-25
-35
-27
-29
-25
-19
-23
-21
-11
-9
-1
7
9
23
23
33
37
45
47
39
33
23
5
-9
-11
-17
-15
-23
-19
-7
-3
-11
-15
-13
-7
-11
-17
-11
-19
-9
-9
5
-1
15
9
29
21
23
31
17
17
-3
-15
-23
-29
-39
-31
-43
-19
-63
-129
-73
103
331
269
49
-63
-91
-73
-45
-47
-41
-49
-39
-39
-41
-45
-39
-39
-41
-29
-25
-25
-25
-21
-19
-11
-9
-3
3
17
11
23
25
31
33
31
35
31
13
-3
-7
-17
-19
-25
-19
-21
-15
-21
-21
-25
-25
-27
-21
-13
-35
-11
-17
-17
-21
-21
-17
-1
-11
9
5
15
25
21
25
15
7
-7
-11
-37
-35
-29
-31
-31
-31
-99
-127
-25
169
309
143
9
-77
-95
-79
-49
-45
-31
-35
-39
-41
-35
-33
-37
-39
-37
-35
-27
-21
-25
-15
-19
-11
-7
-1
11
17
11
25
29
37
37
41
47
27
21
9
-13
-3
-7
-11
-3
-13
-7
-15
-27
-15
-11
-17
-19
-15
-11
-11
-29
-19
-15
-1
5
9
9
31
21
27
29
25
15
1
-11
-23
-29
-37
-35
-25
-21
-83
-113
-11
161
305
147
7
-75
-87
-75
-31
-33
-31
-31
-31
-25
-25
-35
-29
-31
-31
-25
-11
-19
-7
-7
-1
-3
1
9
11
23
25
37
39
37
45
49
39
33
23
7
-3
-9
-11
-21
-21
-13
-7
-17
-3
-11
-9
-17
-11
-13
-11
-17
-9
-23
-3
11
7
21
17
31
29
25
27
23
11
-3
-17
-31
-25
-27
-39
-25
-41
-107
-89
63
267
273
73
-35
-93
-73
-53
-31
-29
-31
-27
-33
-31
-19
-21
-21
-21
-23
-17
-15
-11
-7
-1
-5
5
-1
3
17
25
31
41
39
53
51
55
53
43
37
21
5
-5
1
-5
3
3
3
-5
-1
-1
-9
-1
-3
1
-5
-3
-11
-5
-5
7
7
15
21
35
35
27
27
29
17
5
-7
-27
-25
-33
-27
-25
-35
-103
-107
21
221
271
99
-27
-85
-81
-59
-33
-31
-31
-35
-29
-39
-27
-25
-17
-25
-21
-23
-17
-13
-17
-7
-1
-5
9
13
15
21
27
37
41
39
35
43
29
29
9
9
-1
-5
-13
-11
-13
-23
-13
-11
-9
-17
-13
-13
-9
-15
-15
-15
-7
-7
-5
-5
-3
7
5
23
29
29
27
21
7
3
-17
-21
-33
-35
-33
-41
-29
-79
-117
-57
99
267
203
31
-65
-91
-75
-51
-33
-35
-33
-37
-37
-29
-33
-27
-33
-29
-35
-25
-23
-17
-13
-7
-3
-1
7
1
13
21
29
33
37
33
41
27
27
25
17
1
-9
-13
-9
-19
-21
-11
-15
-13
-17
-13
-17
-15
-13
-15
-11
-9
-5
-7
3
-3
5
13
31
29
35
33
21
5
-1
-19
-25
-21
-27
-29
-21
-43
-115
-103
21
227
273
93
-19
-83
-77
-51
-37
-31
-33
-35
-31
-35
-29
-31
-29
-31
-27
-23
-19
-17
-11
-15
-17
-5
3
9
13
13
21
33
29
35
39
43
33
23
13
9
-1
-9
-13
-13
-15
-17
-13
-13
-11
-15
-11
-15
-13
-19
-11
-13
-5
-1
1
3
9
19
33
19
33
35
17
13
-7
-17
-27
-31
-27
-25
-21
-39
-105
-121
5
179
273
111
-3
-79
-79
-61
-41
-31
-29
-27
-31
-25
-29
-29
-27
-25
-23
-19
-17
-9
-13
-11
-9
5
5
15
21
23
37
33
35
35
45
43
41
23
17
-3
-3
-7
-7
-9
-11
-9
-15
-19
-17
-5
-9
-5
-9
-13
-9
-11
-7
3
-1
11
7
17
35
31
25
27
17
3
-15
-23
-31
-33
-29
-33
-27
-83
-131
-67
103
265
175
43
-55
-87
-79
-53
-39
-37
-41
-37
-35
-37
-35
-37
-27
-29
-33
-27
-25
-15
-21
-25
-5
-5
7
3
15
21
25
27
25
23
39
41
23
13
1
-5
-15
-21
-23
-23
-27
-23
-27
-29
-27
-29
-25
-29
-23
-19
-19
-21
-17
-15
-11
-15
-3
11
19
11
19
9
3
3
-25
-29
-37
-35
-45
-43
-33
-61
-131
-107
57
253
237
65
-45
-99
-95
-73
-49
-43
-43
-43
-43
-43
-37
-37
-39
-33
-33
-35
-35
-27
-27
-15
-15
-11
-3
3
7
15
15
27
25
33
39
25
23
15
3
-11
-9
-15
-17
-27
-21
-27
-25
-25
-21
-23
-17
-21
-27
-23
-21
-15
-21
-21
-13
-9
-7
-7
-3
23
19
17
17
9
1
-15
-33
-35
-35
-35
-33
-35
-47
-119
-127
5
185
285
119
-11
-91
-81
-71
-43
-43
-31
-43
-47
-37
-33
-31
-31
-39
-41
-29
-25
-29
-27
-25
-15
-15
-13
-5
-1
3
15
23
33
35
25
37
19
19
9
-3
-11
-17
-21
-23
-27
-31
-23
-27
-29
-27
-25
-27
-33
-19
-27
-21
-21
-21
-25
-11
-19
-11
-7
-3
15
19
17
15
13
1
-5
-23
-23
-41
-43
-41
-39
-37
-79
-133
-89
85
289
223
37
-73
-117
-107
-67
-41
-47
-47
-43
-37
-45
-41
-33
-35
-33
-27
-27
-23
-35
-27
-15
-17
-7
-13
3
-1
17
9
21
17
25
23
21
19
3
-9
-15
-21
-31
-27
-33
-31
-33
-27
-33
-33
-27
-39
-33
-27
-21
-25
-15
-21
-13
-21
-19
-23
1
-3
11
3
17
21
9
19
7
5
-9
-17
-35
-37
-53
-27
-33
-35
-87
-135
-65
133
309
171
-7
-85
-73
-59
-47
-51
-53
-55
-49
-51
-43
-47
-45
-45
-45
-43
-37
-29
-31
-25
-27
-17
-19
-7
-7
1
9
17
17
23
27
21
19
13
17
-1
-15
-23
-11
-17
-11
-27
-17
-19
-19
-23
-27
-21
-23
-17
-19
-19
-29
-7
-19
-15
-19
-17
-17
-15
-17
-9
-5
1
7
19
31
23
31
21
7
-9
-13
-25
-23
-35
-41
-25
-37
-93
-123
-31
133
295
153
3
-83
-83
-61
-35
-31
-33
-27
-33
-27
-37
-27
-25
-15
-27
-21
-23
-15
-17
-15
-7
-1
1
-1
19
15
27
27
35
37
45
39
47
35
27
17
7
3
-7
-7
-11
-3
-21
-13
-15
-5
-13
-9
-17
-7
-9
-7
-11
-5
-7
-13
-1
-7
-3
-11
3
-1
9
7
25
35
37
29
29
23
13
-5
-15
-25
-23
-25
-29
-17
-73
-103
-29
135
261
145
35
-47
-79
-73
-45
-29
-23
-27
-21
-23
-21
-25
-11
-21
-15
-15
-11
-3
-5
-3
3
3
3
15
13
29
27
41
39
51
43
51
51
43
37
25
23
5
1
1
5
-3
-3
-7
-1
-11
-15
-5
-3
5
-7
-1
-5
-5
-11
1
-1
3
-7
5
1
-1
1
35
31
39
35
25
15
-1
-13
-25
-21
-23
-25
-39
-25
-93
-113
-11
175
297
159
29
-75
-93
-81
-45
-37
-31
-45
-23
-31
-27
-35
-19
-29
-23
-25
-13
-11
-21
-13
-13
-3
-3
5
11
27
27
37
35
39
37
41
41
35
19
-1
3
-9
-7
-17
-11
-19
-19
-27
-27
-17
-11
-15
-23
-9
-19
-21
-21
-3
-11
-7
-13
-1
-5
-3
1
15
27
21
29
21
11
-3
-15
-27
-29
-39
-27
-27
-27
-83
-125
-41
139
315
191
19
-95
-101
-81
-55
-45
-31
-45
-39
-35
-35
-35
-29
-35
-29
-25
-29
-31
-23
-11
-13
1
-11
7
3
17
23
31
27
43
39
43
35
27
11
-1
-5
-7
-13
-19
-17
-31
-15
-17
-17
-19
-17
-17
-15
-21
-23
-11
-15
-7
-17
-7
-13
-1
7
7
21
25
29
21
17
7
1
-17
-25
-33
-27
-37
-31
-51
-119
-115
35
247
315
113
-29
-93
-85
-63
-47
-37
-39
-35
-41
-39
-43
-25
-27
-23
-27
-29
-25
-23
-21
-25
-13
-11
1
1
13
3
21
25
29
31
43
33
29
13
5
1
-15
-5
-19
-19
-19
-19
-29
-13
-13
-7
-15
-5
-7
-13
-13
-13
-11
-11
-5
-5
9
3
11
21
29
29
25
23
13
-7
-3
-15
-31
-15
-29
-25
-19
-61
-121
-85
97
307
275
43
-51
-77
-39
-35
-33
-37
-31
-37
-27
-39
-35
-35
-31
-25
-25
-33
-27
-17
-21
-9
-11
-1
-5
7
9
17
19
31
37
41
47
43
33
25
13
-1
-1
-13
-15
-19
-9
-19
-13
-17
-15
-17
-15
-19
-19
-17
-15
-9
-13
-7
-15
-11
-15
-11
-17
-13
-11
5
1
7
7
25
33
29
29
21
17
3
1
-19
-23
-31
-27
-25
-21
-77
-117
-65
109
305
181
-3
-79
-49
-29
-29
-33
-31
-31
-25
-25
-29
-29
-31
-25
-29
-17
-25
-17
-9
-1
-3
-1
-3
9
11
21
25
37
43
43
53
53
59
35
29
13
5
-3
-5
-9
-9
-17
-13
-15
-21
-17
-19
-13
-19
-15
-19
-19
-19
-11
-17
-15
-11
-17
-15
-17
-15
-21
-19
-25
-11
-11
-3
-7
-5
-13
-11
-7
-3
-7
-9
7
-5
3
1
27
29
37
29
23
3
1
-13
-19
-23
-19
-23
-13
-51
-99
-75
45
227
239
77
-29
-75
-63
-31
-29
-23
-23
-25
-17
-29
-23
-29
-17
-15
-19
-25
-9
-13
-7
-5
11
7
9
15
13
21
27
37
35
47
37
51
51
43
35
17
7
1
-3
-15
-17
-19
-17
-19
-11
-19
-17
-23
-9
-17
-19
-23
-17
-15
-25
-27
-25
-15
-27
-15
-25
-25
-27
-17
-27
-17
-19
-5
-1
11
15
13
17
1
1
-13
-31
-31
-29
-35
-31
-37
-49
-113
-91
57
239
265
91
-29
-95
-113
-95
-53
-49
-37
-43
-45
-45
-35
-37
-29
-35
-37
-27
-27
-21
-25
-17
-21
-11
-7
1
3
17
13
27
31
35
35
37
29
15
15
1
7
-15
-15
-23
-23
-29
-27
-23
-27
-17
-31
-21
-29
-17
-21
-15
-23
-15
-19
-13
-21
-23
-23
-19
-21
-19
-5
-7
-3
-7
13
21
23
15
17
5
-3
-23
-29
-33
-35
-39
-39
-39
-109
-103
25
229
259
85
-35
-91
-99
-73
-57
-45
-49
-49
-41
-43
-43
-37
-31
-39
-31
-35
-35
-33
-21
-31
-15
-23
-13
-1
7
13
19
25
29
31
37
39
23
15
5
-3
-19
-19
-27
-19
-29
-25
-23
-33
-25
-29
-21
-25
-23
-27
-21
-27
-19
-25
-15
-23
-11
-15
-19
-3
-11
-1
7
23
9
19
19
17
-5
-13
-27
-31
-31
-37
-37
-35
-49
-115
-113
3
197
293
111
-23
-89
-83
-67
-43
-35
-41
-47
-37
-37
-33
-39
-35
-33
-29
-45
-27
-35
-21
-23
-9
-15
-3
-1
-9
15
21
37
21
39
27
43
29
31
7
7
-7
-7
-13
-17
-15
-27
-19
-19
-15
-21
-19
-19
-19
-17
-13
-15
-5
-3
-3
-9
-13
-3
-5
7
-1
13
27
35
31
31
17
13
11
-5
-19
-29
-25
-25
-19
-27
-77
-117
-21
147
297
149
9
-75
-71
-61
-41
-31
-35
-27
-29
-21
-33
-23
-27
-25
-27
-25
-19
-9
-15
-5
-5
-13
-3
5
21
15
29
29
33
35
41
43
41
41
23
11
1
-3
-19
-11
-15
-19
-23
-19
-23
-21
-31
-27
-23
-13
-15
-21
-13
-27
-21
-21
-17
-25
-11
-17
-7
-5
15
21
19
19
17
1
-9
-27
-41
-37
-43
-27
-45
-33
-99
-135
-47
143
285
177
23
-79
-103
-101
-65
-49
-47
-41
-43
-51
-41
-53
-37
-37
-35
-31
-29
-31
-29
-25
-25
-17
-13
-1
-5
11
13
19
23
35
29
37
31
25
13
-3
-9
-23
-17
-23
-13
-27
-17
-33
-25
-33
-25
-33
-27
-27
-31
-25
-27
-19
-27
-11
-21
-9
-19
-7
-11
9
11
23
11
3
-3
-19
-31
-49
-45
-55
-47
-51
-49
-125
-135
-35
161
295
127
-27
-103
-103
-91
-61
-59
-51
-55
-47
-59
-53
-49
-43
-51
-49
-33
-29
-29
-39
-29
-29
-17
-13
1
-7
13
9
19
21
27
35
31
29
19
11
-5
-13
-19
-13
-19
-13
-23
-21
-25
-21
-23
-17
-21
-21
-19
-27
-17
-15
-11
-19
-15
-23
-5
-7
5
1
5
21
29
23
29
19
11
-1
-15
-23
-39
-31
-31
-31
-33
-87
-135
-21
169
327
167
9
-75
-85
-57
-43
-33
-37
-23
-33
-31
-31
-17
-17
-25
-29
-23
-21
-29
-13
-15
-3
-9
-5
-3
7
11
23
33
37
37
39
47
47
49
31
27
17
11
-1
-1
-13
-17
-13
-21
-11
-11
-5
-9
-15
-9
-3
-7
-3
-15
-5
-9
-15
-5
-5
7
11
13
7
21
31
29
35
33
25
19
1
-19
-29
-23
-21
-23
-13
-59
-117
-63
99
297
249
61
-51
-89
-73
-49
-27
-25
-29
-31
-29
-27
-29
-25
-25
-19
-17
-19
-11
-7
-9
-1
-7
1
11
17
25
29
37
43
43
47
45
45
43
33
21
9
3
-9
-11
-11
-11
-9
-11
-1
-9
-7
-9
-11
-9
-9
-9
-9
-15
-11
-7
-1
-1
-11
-15
-15
-7
3
13
13
25
29
31
35
25
17
7
-11
-19
-25
-39
-37
-39
-39
-33
-113
-125
5
213
297
117
-21
-85
-95
-77
-55
-31
-39
-49
-37
-41
-41
-27
-41
-33
-33
-33
-31
-31
-27
-21
-23
-15
-19
-11
5
7
9
23
37
35
39
27
19
23
17
-1
-7
-23
-19
-39
-29
-19
-17
-31
-27
-29
-29
-35
-33
-33
-17
-19
-21
-21
-19
-23
-25
-19
-11
3
-11
-13
-5
5
19
23
23
25
15
3
-1
-23
-31
-39
-31
-27
-27
-23
-69
-121
-69
95
309
275
81
-39
-95
-87
-65
-33
-41
-27
-17
-11
-17
-25
-27
-17
-9
-15
-7
-11
-13
-5
1
1
11
13
23
23
29
37
33
57
51
61
55
51
43
33
13
7
3
3
-1
-1
-7
-9
3
1
-3
-3
-1
-5
-9
-3
-5
-5
3
5
9
1
-1
-5
5
9
17
29
37
43
31
43
35
27
21
9
-11
-19
-11
-25
-21
-11
-23
-95
-89
35
237
323
133
3
-77
-79
-53
-35
-21
-27
-19
-11
-17
-17
-25
-9
-7
-5
-11
-9
-3
1
-3
5
5
7
9
15
23
27
37
37
45
47
43
49
23
19
19
1
-3
-21
-15
-17
-15
-15
-17
-15
-19
-23
-7
-7
-11
-7
-7
-7
-11
-11
1
-13
-11
-3
-5
3
1
3
13
17
19
29
33
23
11
-19
-21
-33
-31
-27
-27
-41
-35
-83
-119
-49
115
299
191
43
-69
-109
-93
-69
-45
-33
-37
-43
-45
-41
-41
-37
-41
-31
-31
-31
-35
-27
-27
-27
-21
-5
-11
-3
7
17
21
31
27
29
41
35
33
21
13
-7
-11
-15
-15
-21
-25
-31
-31
-31
-27
-31
-31
-29
-21
-25
-25
-25
-13
-19
-23
-19
-17
-19
-11
-5
-7
3
13
15
19
13
13
11
-1
-17
-29
-33
-39
-41
-39
-27
-63
-117
-79
83
283
243
45
-55
-107
-99
-69
-41
-39
-45
-47
-41
-45
-41
-39
-35
-33
-41
-29
-29
-29
-19
-19
-17
-9
-11
-3
1
13
17
29
31
35
23
33
33
29
23
-3
-1
-5
-11
-21
-25
-21
-19
-25
-23
-21
-21
-23
-23
-15
-19
-21
-21
-13
-17
-15
-17
-11
-3
-5
1
1
23
19
27
21
11
5
-11
-25
-37
-43
-35
-39
-33
-49
-109
-107
9
197
277
113
-7
-91
-95
-81
-57
-51
-41
-43
-37
-41
-39
-37
-37
-37
-37
-31
-25
-29
-23
-29
-21
-15
-11
-11
3
9
15
27
29
29
31
35
31
29
5
-5
-9
-23
-23
-15
-23
-33
-33
-25
-27
-31
-27
-39
-33
-29
-27
-23
-19
-25
-21
-23
-13
-15
-13
-3
9
7
7
21
15
11
-5
-23
-43
-47
-47
-43
-43
-37
-93
-131
-57
139
327
159
3
-95
-115
-99
-69
-57
-49
-53
-43
-41
-49
-55
-43
-35
-37
-31
-27
-33
-33
-23
-23
-19
-13
-1
3
5
15
27
29
23
27
41
41
23
17
5
-3
-19
-21
-21
-19
-23
-19
-23
-27
-25
-19
-21
-19
-15
-21
-19
-17
-11
-17
-11
-3
3
3
5
7
25
25
29
25
15
11
1
-19
-27
-29
-31
-29
-33
-35
-95
-121
-13
183
319
133
-13
-89
-87
-77
-51
-37
-37
-43
-37
-35
-37
-35
-33
-31
-31
-29
-23
-17
-17
-17
-13
-11
-3
5
5
13
15
21
33
35
39
41
37
25
19
3
-7
-15
-13
-13
-19
-19
-17
-21
-21
-21
-21
-15
-21
-17
-25
-19
-21
-17
-11
-3
-7
-5
1
3
15
13
21
27
11
1
-13
-25
-39
-37
-33
-31
-31
-39
-97
-131
-29
153
297
153
1
-87
-99
-75
-61
-45
-39
-41
-43
-43
-39
-41
-43
-41
-39
-35
-35
-33
-23
-27
-23
-21
-13
-7
1
3
9
17
23
25
21
31
31
25
13
-3
-11
-23
-27
-27
-33
-29
-31
-31
-41
-37
-23
-17
-25
-21
-25
-27
-23
-37
-27
-17
-7
-3
-1
11
17
17
19
9
-1
-13
-29
-37
-47
-47
-45
-47
-35
-89
-133
-83
93
287
189
27
-83
-115
-85
-69
-47
-53
-39
-35
-33
-37
-43
-39
-37
-39
-39
-33
-37
-29
-29
-25
-19
-11
-13
3
5
17
25
21
31
31
33
33
19
15
13
-3
-5
-15
-13
-15
-19
-21
-15
-17
-25
-17
-19
-21
-21
-19
-19
-21
-15
-15
-25
-11
-1
-1
-3
1
13
27
27
29
23
17
13
-5
-21
-37
-29
-25
-27
-27
-29
-93
-119
-21
159
297
143
-9
-93
-91
-61
-41
-37
-29
-25
-29
-29
-31
-31
-31
-23
-21
-21
-23
-19
-19
-13
-9
-5
-5
7
17
21
27
35
37
45
49
43
39
33
13
7
3
-5
-9
-13
-19
-15
-17
-11
-21
-17
-11
-7
-11
-13
-15
-9
-13
-17
-15
-9
-7
-3
-3
-1
15
27
27
21
23
17
5
-19
-23
-27
-29
-37
-31
-25
-43
-111
-121
15
209
291
119
-13
-93
-89
-85
-49
-37
-41
-39
-39
-37
-33
-35
-35
-33
-39
-33
-21
-21
-33
-21
-11
-5
-11
-3
7
7
21
29
31
35
33
37
29
17
5
1
-13
-15
-21
-27
-29
-25
-31
-37
-33
-23
-27
-27
-25
-27
-25
-23
-21
-21
-27
-19
-25
-17
-7
-7
1
17
9
15
25
11
3
-11
-29
-31
-37
-47
-37
-41
-37
-107
-135
-25
175
315
157
-7
-97
-105
-89
-55
-43
-45
-45
-45
-45
-45
-39
-29
-33
-35
-33
-37
-29
-27
-19
-17
-17
-11
1
1
11
21
25
29
37
41
33
33
31
19
5
3
-5
-11
-15
-27
-23
-17
-19
-19
-19
-21
-21
-23
-23
-21
-21
-17
-15
-19
-17
-21
-19
-7
-3
5
3
11
25
19
21
31
17
7
-5
-23
-21
-35
-31
-31
-27
-35
-109
-123
5
201
317
113
-27
-85
-73
-49
-33
-35
-41
-35
-35
-27
-35
-29
-25
-21
-23
-19
-17
-11
-7
-7
-7
-3
1
11
19
31
33
39
45
45
41
47
49
31
25
13
1
-7
-1
-9
-9
-3
-9
-9
-9
-9
-11
-5
-9
-9
-7
-1
-7
-5
-5
-1
-5
-3
-3
1
-5
-5
3
9
17
19
31
37
37
33
31
17
9
3
-7
-13
-17
-19
-23
-13
-49
-99
-63
89
269
225
39
-57
-79
-55
-37
-27
-19
-23
-19
-21
-19
-17
-17
-15
-17
-13
-15
-13
-7
1
3
1
3
11
21
23
29
39
47
49
51
51
55
53
43
25
13
3
1
-11
-9
-11
-9
-13
-13
-7
-11
-21
-11
-11
-13
-13
-7
-13
-15
-15
-15
-9
-13
-9
-15
-17
-23
-17
-11
-3
-1
3
1
13
21
27
21
5
-7
-5
-19
-29
-31
-37
-39
-31
-43
-101
-113
5
189
279
113
-19
-93
-95
-77
-51
-35
-43
-45
-43
-41
-39
-35
-35
-35
-41
-35
-31
-27
-25
-23
-21
-19
-19
-5
-3
13
17
21
23
29
29
33
29
19
13
-3
-11
-19
-27
-31
-37
-43
-27
-27
-35
-31
-27
-23
-29
-31
-27
-23
-25
-27
-25
-27
-23
-25
-23
-25
-23
-27
-27
-21
-13
-13
-5
-5
11
17
15
17
9
-3
-11
-23
-33
-39
-45
-39
-41
-37
-99
-137
-53
149
285
137
-7
-89
-93
-75
-55
-45
-45
-47
-43
-49
-41
-37
-35
-39
-37
-37
-33
-29
-29
-25
-23
-15
-19
-5
-7
5
9
15
29
29
23
29
33
21
13
3
-5
-21
-29
-29
-19
-27
-23
-29
-29
-31
-29
-27
-23
-17
-19
-21
-21
-21
-23
-21
-23
-17
-17
-19
-25
-19
-21
-23
-15
-9
-5
-7
1
13
19
19
27
17
7
-9
-19
-27
-41
-43
-41
-37
-29
-101
-125
-23
181
309
115
-27
-93
-75
-53
-41
-49
-45
-41
-39
-35
-41
-41
-35
-39
-43
-27
-25
-21
-23
-19
-19
-17
-5
1
-1
11
15
17
31
31
39
43
37
35
25
13
1
-9
-17
-15
-17
-15
-17
-13
-15
-15
-17
-17
-17
-19
-17
-17
-21
-19
-17
-23
-15
-3
-9
-15
-13
-15
-15
-19
-13
-17
-15
-11
-3
-3
7
7
21
31
31
25
13
5
-7
-19
-29
-25
-29
-27
-23
-49
-107
-101
23
209
257
65
-49
-95
-67
-43
-33
-35
-29
-31
-27
-31
-27
-31
-31
-23
-19
-19
-19
-23
-19
-5
-9
-1
-1
3
13
15
19
25
35
39
41
41
45
33
25
13
-1
5
-13
-17
-21
-23
-17
-17
-23
-13
-27
-27
-19
-15
-19
-29
-17
-25
-27
-21
-9
-21
-31
-19
-17
-27
-21
-19
-11
-11
-1
-3
3
11
21
21
7
-3
-11
-27
-37
-37
-43
-37
-25
-51
-117
-99
29
217
251
87
-37
-93
-101
-77
-49
-45
-45
-47
-45
-35
-43
-43
-37
-35
-37
-33
-31
-33
-29
-29
-21
-23
-15
-3
1
3
7
23
27
25
29
33
31
19
7
1
-15
-17
-25
-31
-33
-27
-29
-37
-25
-29
-33
-35
-25
-31
-33
-29
-23
-27
-25
-27
-25
-19
-35
-31
-27
-19
-25
-15
-17
-5
21
19
21
7
3
-7
-27
-39
-41
-41
-45
-49
-45
-95
-137
-61
97
285
157
-15
-109
-119
-93
-63
-51
-51
-49
-51
-53
-45
-49
-53
-49
-41
-39
-39
-41
-31
-25
-27
-21
-19
-11
-9
-1
9
13
11
13
25
23
27
17
15
-3
-11
-21
-27
-27
-23
-29
-29
-39
-37
-35
-35
-31
-23
-27
-29
-27
-25
-21
-25
-27
-23
-17
-19
-15
-13
-7
-11
3
21
15
23
11
-1
-15
-25
-35
-45
-43
-37
-41
-39
-89
-137
-65
115
297
175
5
-93
-107
-89
-59
-43
-45
-51
-43
-47
-45
-37
-37
-31
-35
-31
-35
-37
-37
-27
-21
-17
-13
-9
1
7
11
15
21
27
25
33
25
17
13
1
-3
-11
-17
-19
-21
-25
-21
-27
-25
-19
-19
-21
-17
-17
-19
-15
-23
-17
-17
-17
-15
-19
-19
-19
-15
-13
-5
1
7
17
19
27
25
13
1
-13
-23
-37
-37
-35
-37
-25
-55
-123
-107
47
253
273
67
-51
-105
-85
-61
-47
-41
-41
-37
-33
-33
-39
-35
-35
-23
-29
-27
-25
-19
-17
-11
-13
-9
-7
1
9
13
15
25
27
33
37
33
41
29
19
3
-7
-11
-11
-17
-13
-17
-23
-15
-21
-15
-23
-17
-15
-11
-13
-11
-15
-13
-15
-11
-5
-13
-9
-3
-3
-1
7
5
21
27
27
29
17
3
-3
-5
-13
-17
-27
-21
-27
-25
-75
-113
-59
103
269
187
19
-61
-89
-61
-31
-29
-23
-27
-29
-35
-29
-23
-19
-23
-27
-15
-15
-15
-11
-5
-9
-7
-1
3
11
21
23
39
43
45
39
45
43
37
31
19
13
1
-1
-5
-13
-11
-9
-9
-5
-11
-5
-15
-7
-13
-11
-9
-7
-9
-9
-11
-3
-13
-11
-11
3
5
-1
9
5
29
29
35
29
21
9
-1
-11
-25
-37
-33
-19
-23
-11
-59
-117
-81
81
255
193
21
-63
-79
