-21
-25
-29
-23
-25
-25
-31
-23
-27
-27
-23
-15
-9
-3
-3
-11
-5
-3
-1
9
1
1
-9
-5
-7
-15
-13
-11
-3
-7
-5
-3
-7
-3
5
11
17
17
35
37
17
9
17
3
-11
-11
-15
-19
-13
-29
21
139
297
511
471
51
-195
-177
-121
-79
-67
-53
-43
-55
-45
-51
-49
-43
-49
-47
-43
-45
-39
-35
-37
-33
-31
-25
-21
-21
-13
-11
-3
-5
3
-3
1
1
7
-3
-9
-7
-13
-21
-21
-25
-19
-21
-23
-21
-23
-21
-25
-27
-25
-21
-17
-21
-17
-23
-19
-17
-11
-13
-17
-25
-15
-19
-15
-19
-15
-17
-17
-13
-15
-17
-15
-7
-3
1
7
19
29
7
3
5
-7
-19
-11
-21
-23
-25
-33
-7
109
247
453
485
121
-161
-185
-139
-95
-67
-53
-43
-47
-47
-41
-47
-43
-47
-45
-43
-43
-45
-39
-41
-35
-35
-29
-25
-21
-23
-13
-21
-7
-3
-1
1
7
7
3
-5
-9
-17
-13
-15
-21
-23
-23
-23
-23
-23
-21
-23
-23
-23
-17
-21
-17
-15
-17
-11
-13
-13
-9
-9
-13
-13
-11
-7
-13
-15
-15
-17
-1
1
5
15
23
33
17
9
11
3
-13
-11
-21
-25
-21
-21
-41
35
143
315
509
393
-1
-201
-157
-113
-67
-67
-45
-37
-39
-45
-45
-41
-33
-35
-35
-35
-35
-39
-35
-25
-27
-15
-21
-17
-3
-3
-7
3
7
11
21
15
15
11
5
1
-5
-5
-5
-17
-21
-19
-17
-9
-9
-13
-5
-13
-7
-9
-7
-9
-11
-7
-7
-9
-3
-3
-9
-13
3
-3
-3
-7
-11
-9
-7
-1
-11
-5
-15
9
7
9
25
29
25
33
19
19
13
-11
-3
-11
-19
-9
-9
-31
53
199
399
559
247
-129
-193
-135
-79
-53
-39
-37
-33
-33
-33
-43
-31
-27
-47
-39
-25
-17
-23
-25
-29
-17
-23
-17
-13
-7
-5
-7
-3
3
3
5
15
13
13
13
11
1
-3
-13
-7
-5
-9
-7
-9
-13
-11
-11
-9
-11
-13
-9
-15
-9
-5
-5
-1
1
-3
-7
-3
-13
-7
-7
-5
-3
-11
-13
-11
-3
-3
5
11
19
35
33
21
13
19
-7
-15
-5
-17
-19
-13
-25
-17
97
241
447
521
137
-147
-187
-129
-81
-55
-43
-37
-45
-41
-43
-37
-41
-41
-33
-27
-29
-29
-33
-35
-27
-31
-19
-15
-11
-9
-13
-3
-15
5
11
7
9
9
-1
3
-5
-7
-11
-13
-29
-13
-17
-13
-23
-23
-13
-19
-19
-11
-13
-15
-11
-15
-7
-7
-13
-9
-13
-11
-11
-15
-11
-15
-15
-13
-17
-17
-17
-5
1
5
11
19
27
23
7
5
7
-17
-15
-25
-29
-27
-33
-33
57
211
393
553
239
-139
-209
-139
-87
-65
-51
-49
-49
-45
-53
-45
-45
-43
-39
-49
-45
-47
-35
-35
-31
-33
-33
-35
-25
-21
-33
-17
-9
-11
-13
-7
-5
-3
3
-3
-5
-9
-15
-17
-19
-21
-23
-21
-19
-21
-25
-17
-23
-23
-21
-15
-15
-13
-17
-17
-15
-13
-19
-17
-15
-15
-19
-19
-17
-23
-21
-19
-21
-15
-3
-7
3
11
21
29
13
-1
5
-15
-21
-23
-31
-25
-23
-49
-7
113
245
465
477
93
-181
-191
-127
-81
-57
-47
-51
-49
-47
-49
-49
-45
-47
-45
-47
-43
-41
-39
-41
-39
-37
-33
-35
-31
-29
-27
-29
-27
-25
-25
-19
-7
-9
-7
-9
-15
-19
-27
-25
-23
-35
-25
-25
-25
-29
-25
-27
-23
-29
-21
-25
-17
-23
-21
-21
-23
-17
-17
-29
-19
-21
-19
-27
-23
-23
-19
-27
-15
-9
-5
-9
5
25
23
1
3
-3
-27
-23
-35
-27
-35
-25
-47
29
171
331
503
267
-85
-203
-153
-109
-75
-61
-49
-57
-49
-47
-47
-57
-45
-43
-41
-41
-43
-41
-39
-41
-33
-37
-39
-27
-29
-29
-21
-27
-25
-21
-15
-13
-9
-9
-11
-13
-15
-21
-27
-23
-19
-27
-27
-25
-23
-21
-21
-15
-19
-19
-15
-15
-15
-19
-17
-9
-15
-21
-19
-19
-19
-19
-23
-23
-19
-25
-25
-25
-25
-9
-1
-1
7
9
27
13
-1
1
-17
-27
-23
-31
-35
-33
-41
-31
93
253
477
467
71
-213
-189
-119
-77
-51
-57
-59
-49
-55
-49
-45
-45
-45
-45
-49
-45
-45
-39
-47
-43
-33
-33
-35
-35
-35
-31
-31
-33
-23
-21
-15
-11
-13
-9
-17
-13
-13
-19
-23
-23
-25
-27
-23
-23
-21
-19
-21
-23
-21
-11
-15
-13
-11
-13
-17
-11
-21
-17
-21
-19
-17
-15
-25
-17
-25
-19
-21
-19
-3
-1
-5
9
11
31
15
5
9
-11
-25
-25
-29
-29
-29
-29
-23
93
245
473
447
61
-197
-181
-111
-75
-51
-47
-51
-47
-51
-49
-41
-43
-39
-41
-41
-35
-39
-35
-35
-35
-33
-27
-35
-31
-31
-35
-27
-27
-29
-21
-21
-13
-9
-7
-9
-13
-17
-19
-19
-23
-23
-19
-19
-23
-17
-21
-21
-11
-21
-17
-13
-13
-19
-13
-15
-19
-21
-21
-11
-19
-17
-21
-25
-21
-21
-19
-19
-19
-21
-7
-5
-3
3
17
35
17
5
11
-15
-21
-21
-25
-23
-23
-31
-17
101
243
461
459
79
-187
-185
-113
-83
-49
-49
-49
-45
-41
-47
-43
-41
-37
-39
-37
-35
-37
-35
-33
-35
-33
-35
-29
-31
-31
-33
-35
-35
-33
-29
-23
-15
-9
-9
-9
-11
-13
-17
-19
-19
-17
-19
-17
-17
-13
-13
-11
-5
-9
-11
-11
-19
-9
-13
-17
-15
-17
-19
-21
-23
-21
-21
-21
-21
-23
-21
-9
-9
-7
-3
9
27
7
-7
1
-27
-31
-31
-41
-35
-37
-47
-17
105
255
489
395
-9
-213
-177
-115
-83
-59
-61
-61
-57
-57
-55
-53
-53
-53
-51
-53
-47
-47
-47
-45
-45
-39
-41
-43
-39
-41
-41
-43
-47
-43
-41
-31
-23
-17
-15
-15
-19
-19
-19
-23
-19
-21
-17
-15
-15
-9
-7
-7
-1
-5
-9
-3
-7
-5
-7
-7
-5
-7
-13
-9
-15
-11
-9
1
7
9
13
27
35
21
11
17
-11
-13
-17
-21
-23
-17
-33
-1
129
269
489
461
81
-175
-179
-117
-75
-51
-41
-41
-43
-39
-39
-35
-31
-31
-31
-27
-31
-27
-23
-21
-21
-19
-19
-19
-21
-23
-23
-21
-21
-27
-21
-13
-7
1
3
3
7
3
-3
-3
-7
-5
-3
1
5
11
11
15
5
15
3
3
9
9
5
7
3
5
-1
-5
7
-1
11
23
23
25
31
49
49
37
37
13
-11
-5
5
-21
-23
-15
-33
53
203
397
583
349
-75
-201
-131
-77
-45
-39
-35
-35
-27
-25
-31
-23
-21
-11
-7
-15
-21
-21
-9
-15
-29
-13
-17
-11
-13
-9
-23
1
-7
-17
7
7
-1
5
5
5
7
23
5
-3
-1
-11
13
-11
-5
7
11
-7
17
-3
13
11
-13
21
-19
-13
9
5
23
15
-17
19
11
11
27
51
59
35
-11
-1
-11
-19
-23
-17
-33
-17
-55
43
197
433
553
169
-169
-181
-127
-79
-53
-43
-45
-47
-43
-35
-41
-41
-25
-31
-55
-43
-41
-45
-35
-13
-35
-37
-33
-33
-41
-43
-41
-55
-55
-43
-39
-27
-13
-11
-17
-15
-17
-29
-27
-35
-25
-29
-37
-23
-25
-25
-31
-11
-23
1
-17
-17
7
-15
-29
-33
-27
-23
-29
-21
-9
-11
-3
15
-7
33
19
-5
17
-35
-21
-19
-15
-21
-29
-45
-15
117
275
511
371
-41
-193
-175
-117
-71
-47
-41
-41
-39
-43
-49
-45
-39
-41
-43
-41
-35
-35
-37
-35
-31
-27
-25
-31
-31
-37
-31
-25
-29
-49
-41
-29
-9
-9
-3
-5
-11
5
-23
-17
-17
-19
-11
-11
-7
-7
-5
-1
3
-5
-1
-3
-3
-7
-7
-11
-11
-13
-5
-7
1
15
19
31
15
33
37
33
17
17
-3
-3
-7
-13
-5
-23
-27
55
201
433
467
95
-167
-159
-109
-51
-67
-49
-25
-67
-49
-45
-37
-35
-27
-19
-35
-53
-29
-31
-37
-7
-35
-35
-19
-29
-25
-43
-37
-31
-17
-37
-15
-13
-5
-19
-1
-21
-23
-15
-21
-27
-11
-19
-7
-11
-7
-21
-21
-21
-3
-21
-23
-9
5
-31
-17
-29
-41
-43
-19
-5
-13
-7
1
-1
13
-1
-19
-5
-23
-39
-41
-39
-41
-33
-53
1
119
281
493
327
-21
-195
-173
-125
-89
-63
-61
-59
-65
-59
-53
-45
-51
-49
-37
-37
-33
-33
-29
-25
-29
-29
-33
-37
-37
-43
-43
-43
-47
-41
-29
-23
-15
-9
-3
1
-5
-9
-7
-15
-9
-13
-7
-7
-9
-9
-5
-9
-7
-9
-15
-11
-9
-15
-17
-19
-21
-17
-9
-7
-3
9
17
25
9
3
9
-15
-23
-29
-33
-37
-29
-35
-57
51
181
335
487
189
-97
-195
-171
-129
-99
-71
-67
-61
-55
-57
-51
-59
-51
-47
-45
-53
-51
-53
-61
-39
-35
-39
-33
-45
-43
-35
-27
-29
-25
-27
-19
-27
-11
-21
-1
-9
-15
-7
-11
-21
-11
-13
-9
-1
1
-1
7
11
15
13
15
19
7
7
3
13
11
15
19
29
37
25
15
15
7
-15
-9
-23
-19
-15
-25
-43
63
203
379
513
163
-127
-167
-123
-93
-55
-39
-31
-35
-31
-31
-35
-31
-31
-31
-31
-31
-31
-33
-33
-27
-23
-19
-19
-21
-23
-13
-23
-15
-11
-7
-3
7
7
3
7
1
-3
-5
-9
-1
-15
-13
-9
-17
-11
-13
1
5
-7
13
11
5
-5
11
11
-1
15
33
25
15
33
45
43
19
29
29
1
1
-5
-15
-7
-1
-31
59
197
381
543
243
-101
-165
-113
-69
-45
-31
-29
-27
-19
-23
-29
-21
-29
-23
-23
-19
-15
-11
-17
-7
-17
-11
-5
-7
-1
-1
1
3
3
13
15
23
21
21
13
11
5
3
-1
7
5
-1
1
1
-1
5
3
5
11
1
11
13
3
7
11
9
19
25
25
25
31
43
47
27
23
27
7
-7
-9
-11
-11
-11
-25
23
141
289
509
431
35
-175
-141
-89
-53
-35
-33
-31
-29
-21
-23
-27
-23
-23
-25
-25
-23
-15
-13
-11
-13
-13
-7
-9
-3
-3
-3
-1
3
1
7
17
13
11
11
5
-3
-5
-13
-9
-19
-9
-7
-11
-9
-11
-13
-7
-7
-5
-5
-5
-7
-5
-7
-7
7
9
9
9
21
33
15
5
5
-5
-19
-15
-29
-31
-27
-37
-17
109
249
463
493
127
-157
-189
-139
-97
-65
-53
-55
-53
-57
-51
-55
-49
-47
-51
-51
-49
-49
-47
-47
-43
-39
-39
-37
-33
-29
-29
-25
-21
-11
-5
5
13
9
11
7
3
-1
-7
-15
-21
-15
-23
-19
-15
-11
-11
-13
-11
-13
-13
-17
1
-1
-1
-21
1
3
5
11
11
11
19
23
37
19
11
9
-29
-15
-21
-29
-19
-21
-35
17
123
259
481
377
31
-169
-167
-121
-79
-51
-45
-49
-45
-49
-51
-45
-41
-37
-47
-41
-35
-35
-35
-45
-27
-23
-31
-31
-25
-37
-31
-21
-17
-9
-7
-13
-11
27
23
17
-5
7
7
-1
-5
-9
-23
-7
-3
-9
-23
-5
1
-1
-5
9
19
1
11
11
5
15
17
25
31
27
29
41
49
35
23
13
1
3
-3
-23
-11
-7
-27
37
169
333
503
237
-81
-181
-131
-89
-53
-37
-35
-35
-33
-35
-29
-29
-31
-29
-27
-25
-23
-25
-21
-19
-19
-15
-15
-21
-19
-17
-15
-13
-7
1
3
7
13
11
5
1
-1
-1
-7
-9
-9
-15
-7
-9
-7
-7
-7
-3
-3
-1
1
1
5
3
-1
-3
-3
-3
-1
-7
1
11
13
15
27
35
45
27
15
19
-1
-9
-11
-19
-17
-11
-25
37
137
275
475
341
-9
-177
-149
-101
-69
-43
-35
-41
-39
-35
-33
-33
-31
-33
-31
-31
-27
-25
-23
-21
-21
-19
-17
-19
-11
-11
-11
-7
-3
-3
5
7
11
11
9
5
1
-3
-5
-9
-7
-11
-9
-3
-5
-7
-3
-5
-1
-1
3
5
1
-1
-3
-3
-7
-5
-5
-5
-7
-13
-11
-3
1
1
7
21
33
21
7
5
-7
-19
-17
-25
-25
-25
-21
-39
47
165
309
481
189
-123
-187
-143
-95
-69
-51
-47
-49
-49
-49
-49
-45
-49
-45
-43
-41
-45
-43
-43
-39
-39
-35
-31
-33
-33
-31
-33
-29
-29
-21
-13
-11
-13
-9
-17
-19
-23
-25
-25
-29
-33
-29
-33
-29
-29
-27
-23
-23
-23
-19
-25
-19
-19
-19
-17
-19
-19
-19
-23
-21
-21
-17
-9
-7
-5
5
15
25
9
-1
3
-21
-21
-25
-35
-29
-27
-43
5
117
239
451
353
3
-189
-167
-117
-81
-57
-49
-51
-49
-47
-47
-45
-43
-47
-41
-45
-39
-41
-39
-35
-31
-31
-29
-31
-27
-25
-23
-19
-19
-19
-13
-11
-5
-7
-7
-5
-13
-21
-23
-25
-25
-27
-27
-21
-25
-25
-23
-23
-19
-19
-17
-15
-15
-19
-19
-19
-19
-17
-19
-17
-19
-21
-21
-23
-21
-25
-23
-15
-5
-5
-1
5
19
25
9
1
-1
-21
-23
-27
-31
-31
-29
-37
-5
103
257
479
319
-65
-211
-157
-97
-65
-49
-53
-49
-47
-47
-45
-45
-47
-41
-47
-43
-41
-39
-35
-37
-35
-33
-33
-29
-29
-27
-21
-23
-25
-21
-17
-11
-9
-5
-3
-9
-15
-19
-23
-25
-27
-25
-25
-25
-27
-25
-25
-23
-23
-21
-17
-21
-21
-19
-23
-23
-25
-25
-21
-23
-25
-25
-29
-27
-29
-23
-25
-27
-27
-27
-31
-27
-23
-11
-9
-7
-1
13
15
1
-9
-5
-25
-29
-31
-35
-35
-29
-47
35
157
343
493
197
-117
-205
-153
-101
-71
-57
-59
-55
-57
-53
-53
-53
-47
-53
-53
-49
-53
-49
-49
-45
-41
-41
-41
-37
-41
-37
-37
-37
-35
-35
-31
-23
-21
-17
-21
-19
-21
-27
-31
-33
-35
-35
-35
-33
-29
-29
-31
-25
-29
-23
-25
-23
-19
-23
-25
-23
-29
-25
-29
-27
-25
-25
-29
-27
-29
-27
-31
-31
-23
-27
-31
-27
-17
-11
-11
-1
13
19
1
-5
-3
-23
-29
-25
-31
-35
-33
-45
1
119
265
473
321
-29
-203
-167
-111
-75
-57
-51
-51
-49
-51
-49
-51
-47
-47
-45
-43
-43
-43
-41
-41
-39
-37
-35
-31
-33
-35
-33
-35
-33
-33
-27
-19
-19
-17
-15
-19
-19
-25
-25
-25
-29
-33
-31
-31
-29
-29
-27
-23
-21
-23
-21
-23
-21
-21
-21
-19
-23
-25
-25
-27
-25
-29
-25
-25
-27
-27
-27
-27
-25
-27
-25
-25
-25
-21
-7
-9
-3
5
19
21
5
-3
-3
-27
-21
-29
-33
-29
-27
-37
57
189
381
481
137
-155
-193
-127
-77
-57
-51
-51
-49
-45
-45
-47
-43
-47
-41
-43
-43
-37
-37
-35
-37
-35
-33
-33
-33
-27
-35
-31
-25
-31
-29
-23
-23
-13
-7
-13
-11
-21
-21
-29
-29
-23
-31
-31
-31
-31
-27
-27
-27
-21
-23
-23
-23
-25
-23
-27
-25
-23
-27
-33
-31
-33
-31
-31
-31
-25
-27
-29
-29
-35
-31
-31
-27
-23
-27
-25
-15
-9
-7
3
13
29
11
-5
5
-15
-27
-27
-29
-27
-29
-41
19
133
283
481
323
-31
-203
-165
-105
-71
-53
-49
-45
-41
-45
-45
-41
-43
-41
-39
-39
-35
-33
-37
-33
-35
-29
-29
-29
-27
-31
-31
-31
-37
-31
-29
-19
-11
-9
-9
-13
-19
-19
-23
-27
-23
-25
-23
-19
-21
-15
-15
-13
-13
-15
-15
-9
-11
-11
-15
-15
-13
-15
-19
-17
-21
-19
-19
-23
-17
-17
-21
-23
-25
-17
-7
-5
-1
7
19
27
9
-1
1
-19
-15
-23
-25
-23
-21
-37
41
169
319
491
267
-65
-193
-147
-103
-69
-45
-43
-47
-43
-43
-39
-37
-35
-35
-33
-37
-33
-33
-31
-29
-27
-23
-21
-21
-19
-23
-23
-25
-21
-15
-15
-13
-5
-3
-1
-5
-7
-7
-13
-17
-17
-17
-19
-17
-17
-13
-9
-11
-5
-3
-5
-5
-3
-5
-5
-11
-9
-11
-13
-13
-13
-11
-15
-17
-13
-5
3
1
7
21
31
19
9
9
-9
-21
-19
-25
-25
-23
-31
-13
95
239
459
437
51
-191
-169
-111
-65
-45
-45
-43
-43
-43
-41
-41
-39
-37
-35
-35
-33
-33
-31
-33
-27
-27
-25
-23
-25
-25
-23
-27
-23
-25
-19
-11
-9
-5
-5
-9
-9
-11
-13
-13
-19
-21
-19
-19
-15
-15
-11
-7
-9
-9
-7
-7
-7
-7
-9
-7
-9
-13
-13
-11
-11
-13
-15
-13
-15
-13
-15
-11
-1
3
3
13
23
31
17
5
9
-13
-13
-17
-25
-23
-17
-33
57
191
371
507
235
-95
-195
-141
-87
-55
-43
-39
-39
-41
-39
-39
-37
-35
-35
-31
-35
-35
-29
-31
-25
-29
-25
-21
-25
-23
-21
-27
-27
-25
-21
-15
-11
-7
-3
-7
-3
-11
-11
-15
-21
-23
-21
-21
-17
-15
-13
-9
-9
-9
-9
-7
-7
-11
-11
-9
-13
-15
-13
-15
-15
-17
-17
-15
-21
-23
-21
-23
-23
-21
-15
-1
-3
-3
7
21
17
5
1
-5
-23
-21
-29
-35
-29
-29
-29
69
197
389
501
169
-139
-193
-137
-87
-63
-53
-51
-53
-49
-47
-45
-45
-45
-47
-43
-43
-43
-41
-35
-33
-35
-35
-33
-31
-33
-33
-33
-35
-33
-31
-29
-23
-15
-13
-9
-11
-19
-23
-23
-27
-31
-31
-23
-21
-19
-21
-17
-15
-13
-13
-11
-9
-11
-15
-15
-13
-15
-17
-17
-15
-19
-23
-19
-25
-21
-23
-9
-1
-5
1
11
25
15
7
5
-9
-23
-21
-33
-29
-25
-33
-13
107
239
467
393
23
-183
-169
-115
-71
-51
-47
-47
-45
-45
-43
-45
-39
-37
-39
-33
-39
-35
-33
-29
-27
-25
-23
-21
-25
-23
-27
-23
-21
-25
-19
-11
-11
-5
-7
-7
-9
-13
-21
-21
-25
-23
-23
-19
-17
-15
-13
-11
-7
-7
-7
-9
-3
-7
-9
-9
-17
-13
-13
-13
-13
-13
-15
-17
-21
-17
-7
-1
3
5
13
27
17
11
5
-3
-19
-19
-29
-29
-27
-23
-27
63
203
397
503
175
-155
-195
-131
-81
-51
-45
-51
-49
-49
-47
-47
-43
-41
-39
-39
-39
-41
-37
-35
-33
-27
-31
-27
-29
-31
-27
-29
-31
-27
-23
-17
-13
-11
-9
-11
-13
-15
-21
-23
-25
-27
-27
-25
-23
-17
-17
-15
-15
-13
-7
-7
-11
-7
-9
-13
-15
-19
-17
-17
-19
-17
-19
-25
-19
-25
-19
-21
-17
-13
-5
-3
-1
7
15
23
9
3
5
-17
-21
-19
-33
-31
-29
-37
-3
109
253
487
375
-11
-201
-149
-93
-61
-49
-49
-47
-51
-45
-39
-39
-43
-39
-41
-39
-39
-35
-31
-33
-33
-29
-31
-31
-31
-31
-31
-31
-31
-25
-21
-15
-13
-15
-13
-17
-21
-23
-29
-27
-29
-23
-23
-23
-21
-19
-17
-15
-13
-13
-11
-11
-13
-13
-19
-15
-19
-19
-17
-21
-21
-17
-23
-23
-21
-21
-19
-15
-9
-5
-3
5
17
23
15
1
1
-19
-21
-25
-31
-29
-21
-39
31
151
295
481
299
-35
-185
-153
-105
-69
-53
-49
-51
-49
-45
-45
-47
-41
-45
-41
-41
-39
-37
-33
-33
-31
-33
-29
-31
-31
-27
-31
-31
-27
-27
-19
-15
-9
-9
-9
-15
-15
-21
-21
-27
-27
-21
-21
-19
-17
-13
-11
-9
-7
-9
-7
-9
-9
-11
-11
-11
-15
-13
-15
-19
-17
-19
-21
-19
-3
-1
-1
1
15
25
13
1
7
-13
-23
-21
-29
-33
-25
-39
-1
123
257
469
401
27
-185
-161
-105
-65
-51
-53
-49
-49
-47
-45
-45
-43
-39
-41
-39
-43
-39
-35
-35
-33
-27
-25
-25
-29
-27
-29
-31
-25
-23
-19
-7
-9
-5
-5
-9
-9
-11
-17
-13
-19
-15
-13
-15
-9
-11
-11
-5
-5
-1
-1
-1
-1
-3
-5
-5
-9
-7
-11
-11
-11
-11
-13
-11
-13
-3
5
7
9
15
27
29
11
3
7
-13
-13
-21
-29
-25
-23
-39
43
175
353
533
267
-115
-205
-133
-81
-51
-45
-47
-47
-47
-45
-43
-41
-39
-37
-39
-37
-37
-37
-31
-33
-27
-27
-29
-29
-29
-33
-31
-33
-29
-25
-19
-19
-9
-9
-9
-11
-13
-15
-23
-25
-23
-25
-23
-21
-19
-17
-17
-11
-9
-11
-11
-9
-11
-11
-11
-17
-17
-21
-19
-19
-23
-21
-21
-19
-19
-23
-7
-1
-3
5
13
25
17
-1
5
-17
-27
-21
-31
-29
-23
-47
25
161
329
525
357
-47
-215
-165
-99
-63
-53
-51
-51
-51
-47
-51
-45
-43
-41
-41
-43
-39
-37
-37
-35
-33
-31
-33
-31
-35
-33
-37
-35
-39
-35
-25
-21
-19
-13
-15
-13
-17
-19
-21
-27
-29
-23
-25
-21
-21
-17
-13
-13
-15
-13
-13
-11
-15
-13
-15
-17
-17
-19
-23
-23
-25
-23
-21
-23
-25
-25
-25
-17
-5
-3
-3
5
13
25
7
-3
-3
-23
-19
-27
-35
-29
-27
-43
33
161
345
531
273
-105
-205
-139
-83
-55
-49
-53
-53
-49
-49
-47
-47
-47
-39
-41
-43
-35
-43
-35
-37
-33
-33
-35
-35
-37
-39
-41
-43
-39
-33
-23
-19
-15
-11
-11
-15
-25
-21
-23
-25
-23
-27
-21
-15
-13
-13
-13
-11
-13
-13
-13
-15
-17
-17
-19
-21
-21
-27
-27
-25
-23
-23
-23
-27
-23
-21
-7
-11
-7
1
11
21
7
-3
-1
-25
-27
-33
-39
-39
-31
-49
51
187
369
525
225
-115
-209
-151
-99
-67
-59
-57
-57
-59
-53
-59
-53
-51
-51
-51
-51
-51
-47
-49
-43
-43
-43
-43
-45
-47
-49
-51
-49
-53
-45
-37
-29
-25
-19
-25
-23
-27
-31
-33
-33
-33
-29
-29
-27
-25
-23
-21
-19
-21
-23
-27
-25
-29
-31
-27
-29
-31
-31
-35
-33
-33
-35
-31
-33
-31
-19
-17
-13
-7
9
17
3
-7
-9
-33
-27
-37
-39
-35
-29
-53
23
153
331
503
251
-87
-201
-153
-101
-69
-57
-61
-55
-53
-53
-53
-47
-49
-47
-47
-43
-43
-39
-41
-35
-41
-37
-37
-41
-39
-45
-47
-47
-49
-39
-35
-27
-17
-9
-11
-9
-17
-17
-17
-15
-13
-15
-11
-7
-11
-7
-5
-3
-1
-3
-7
-7
-9
-9
-11
-13
-13
-11
-17
-15
-21
-11
-3
1
3
11
23
31
13
5
5
-19
-17
-25
-29
-23
-25
-47
45
193
373
507
209
-97
-191
-145
-99
-67
-45
-45
-51
-47
-47
-43
-43
-39
-37
-37
-39
-35
-35
-33
-33
-29
-23
-29
-31
-31
-35
-37
-39
-37
-31
-27
-19
-11
-9
-5
-5
-5
-7
-11
-15
-9
-11
-5
-3
-3
1
-1
-1
3
-1
3
1
1
-1
-1
-5
-7
-11
-7
-1
9
11
11
17
33
33
21
11
13
-11
-11
-17
-21
-21
-19
-35
67
207
391
523
219
-127
-195
-131
-81
-49
-43
-47
-45
-47
-41
-43
-39
-35
-39
-39
-37
-39
-37
-35
-33
-31
-31
-33
-31
-39
-39
-41
-41
-37
-37
-29
-21
-17
-11
-11
-13
-11
-15
-19
-19
-19
-15
-17
-9
-7
-7
-7
-5
-7
-3
-7
-7
-3
-9
-13
-13
-19
-15
-15
-15
-1
3
-1
5
13
35
19
9
9
-9
-21
-19
-31
-29
-27
-33
-21
89
229
439
503
141
-167
-185
-117
-75
-53
-49
-53
-49
-49
-47
-43
-47
-45
-41
-43
-41
-39
-37
-35
-35
-35
-37
-41
-39
-41
-43
-43
-45
-43
-35
-31
-21
-17
-13
-11
-13
-19
-19
-27
-23
-27
-23
-15
-15
-15
-15
-15
-11
-11
-13
-9
-15
-15
-17
-23
-21
-25
-25
-21
-25
-27
-23
-21
-9
-9
-5
3
17
17
3
-5
-5
-29
-23
-31
-33
-35
-29
-43
59
199
407
513
143
-175
-189
-129
-85
-59
-53
-53
-51
-55
-51
-51
-51
-49
-45
-45
-43
-43
-43
-41
-37
-39
-39
-39
-37
-43
-45
-47
-45
-41
-35
-27
-17
-13
-9
-13
-13
-17
-19
-21
-21
-21
-15
-19
-11
-13
-9
-7
-5
-5
-5
-9
-7
-9
-11
-11
-13
-15
-13
-19
-11
-1
3
5
11
17
33
15
5
9
-13
-15
-19
-27
-23
-21
-43
7
139
311
513
327
-55
-199
-143
-87
-55
-41
-41
-45
-43
-43
-39
-39
-39
-33
-35
-35
-33
-33
-29
-33
-31
-25
-29
-33
-33
-37
-41
-39
-39
-31
-23
-17
-9
-9
-5
-7
-9
-9
-13
-17
-13
-15
-9
-7
-7
-1
-3
-1
1
-3
1
-1
-3
-1
-5
-7
-7
-11
-11
-13
-3
9
5
7
15
27
27
13
9
7
-19
-17
-25
-31
-25
-23
-43
45
183
383
545
205
-147
-191
-127
-75
-53
-51
-51
-51
-49
-49
-45
-41
-45
-47
-43
-43
-41
-41
-39
-33
-33
-35
-35
-39
-39
-41
-45
-39
-37
-29
-17
-15
-9
-5
-9
-9
-15
-17
-13
-19
-15
-13
-11
-5
-3
-5
-1
-5
-1
-3
-3
-5
-5
-7
-5
-11
-13
-17
-13
-13
-15
-15
1
3
3
9
19
37
19
7
13
-11
-19
-23
-29
-23
-21
-37
3
115
261
469
493
125
-169
-185
-117
-71
-49
-45
-47
-47
-45
-43
-43
-41
-43
-41
-37
-41
-37
-39
-35
-35
-35
-33
-35
-35
-37
-41
-43
-43
-45
-35
-27
-17
-11
-11
-11
-17
-17
-23
-23
-17
-17
-17
-15
-15
-9
-9
-7
-5
-9
-9
-11
-13
-13
-17
-15
-15
-21
-21
-17
-21
-23
-25
-19
-5
-3
-3
5
17
19
9
1
-5
-25
-23
-29
-31
-31
-33
-37
67
203
383
509
231
-89
-189
-145
-97
-69
-55
-47
-51
-47
-49
-41
-37
-43
-39
-33
-33
-31
-31
-31
-29
-27
-31
-25
-29
-27
-31
-29
-29
-31
-27
-19
-11
-3
-3
-1
-1
-9
-13
-15
-19
-15
-15
-11
-9
-7
-7
-3
-9
1
-3
-5
-3
-7
-13
-13
-15
-15
-21
-15
-21
-17
-7
-1
-5
5
9
29
13
1
3
-33
-27
-37
-39
-29
-45
-31
93
243
429
529
193
-137
-203
-149
-103
-77
-67
-61
-65
-61
-57
-61
-57
-51
-55
-41
-45
-39
-29
-23
-17
-13
-19
-19
-27
-31
-33
-43
-45
-47
-43
-41
-27
-21
-5
-9
-9
-11
-17
-13
-7
1
3
1
-1
3
7
5
5
3
9
9
7
7
-1
3
-1
1
3
3
-3
-1
5
19
19
17
27
43
31
23
17
3
-13
-9
-19
-21
-19
-23
-25
73
217
407
493
123
-145
-165
-115
-75
-45
-37
-33
-35
-39
-39
-37
-33
-33
-31
-31
-33
-33
-35
-35
-27
-29
-25
-21
-23
-27
-25
-33
-25
-23
-15
-7
5
9
19
13
15
11
7
5
3
-5
1
1
-1
-1
7
11
5
7
15
15
15
9
7
3
-1
-11
-11
-15
-7
-7
-5
-9
5
21
13
1
-1
-9
-27
-25
-37
-37
-35
-35
-49
47
181
381
467
103
-149
-193
-159
-125
-97
-73
-67
-71
-69
-67
-63
-63
-63
-57
-55
-55
-51
-51
-51
-45
-45
-43
-47
-49
-51
-49
-51
-47
-45
-29
-9
-1
5
-3
-3
-9
-9
-9
-15
-23
-23
-23
-19
-17
-15
-7
-11
-9
-3
-5
