-13
-17
-11
-23
45
161
305
519
291
-73
-183
-133
-87
-59
-41
-35
-37
-33
-39
-27
-31
-37
-33
-27
-31
-29
-21
-19
-17
-25
-15
-15
-11
-9
-1
1
3
3
1
1
9
11
9
15
5
1
5
-11
-7
-15
-13
-15
-17
-11
-11
-17
-7
-11
-13
-5
-3
-11
1
-9
-9
-7
-3
-11
-5
-3
-7
-25
-19
-17
-15
-13
-11
-11
-11
-17
-9
-15
-21
-11
-13
-11
-17
-17
-13
-13
-15
-3
3
1
9
17
27
25
17
7
7
-13
-11
-11
-13
-25
-13
-29
35
155
319
521
261
-67
-181
-145
-97
-77
-49
-41
-47
-43
-39
-37
-41
-37
-39
-39
-31
-37
-33
-31
-35
-29
-23
-23
-15
-19
-17
-7
-5
-7
-11
-7
-3
1
5
-1
-3
-11
-9
-19
-17
-23
-21
-23
-23
-19
-23
-21
-25
-19
-21
-15
-15
-15
-5
-13
-15
-15
-19
-11
-19
-13
-17
-17
-23
-15
-25
-23
-21
-21
-19
-23
-15
-23
-15
-19
-19
-13
-21
-25
-19
-7
-3
-1
7
15
33
11
9
3
-13
-13
-21
-29
-21
-23
-29
-1
89
229
431
497
131
-145
-183
-131
-95
-59
-49
-47
-39
-45
-39
-37
-37
-37
-35
-33
-31
-37
-35
-33
-27
-21
-13
-21
-17
-15
-5
-7
-5
3
3
-1
5
5
3
1
-1
-1
-9
-15
-13
-25
-17
-23
-23
-19
-19
-17
-15
-15
-13
-5
-11
-5
-7
-9
-11
-9
-11
-11
-9
-9
-11
-13
-13
-17
-15
-17
-13
-15
-15
-17
-11
-17
-11
-15
-13
-13
-15
-9
-1
1
9
19
27
29
9
7
7
-15
-5
-21
-23
-17
-21
-17
69
199
389
517
173
-115
-177
-133
-91
-61
-43
-39
-39
-31
-39
-35
-27
-35
-35
-33
-31
-27
-25
-29
-19
-25
-21
-19
-7
-9
-7
-7
-3
1
-1
3
7
7
13
7
9
-7
-11
-9
-11
-13
-21
-23
-19
-19
-19
-19
-17
-11
-9
-11
-11
-3
1
-11
-7
-3
-9
-15
-9
-17
-11
-11
-9
-13
-13
-15
-11
-9
-7
-19
-17
-13
-15
-17
-11
-13
-1
-3
3
11
31
21
7
-1
5
-11
-15
-13
-17
-21
-21
-29
17
127
281
507
349
-27
-187
-157
-105
-75
-47
-41
-43
-37
-43
-41
-39
-31
-39
-33
-35
-29
-33
-31
-23
-21
-21
-13
-11
-15
-3
-11
-7
-1
-1
3
3
5
7
5
1
-7
-3
-9
-13
-17
-17
-19
-23
-21
-17
-15
-13
-17
-15
-11
-9
-11
-3
-3
-9
-15
-9
-13
-13
-13
-11
-13
-17
-17
-15
-13
-17
-19
-19
-7
-17
-17
-23
-19
-19
-11
-3
1
5
17
19
5
1
-1
-21
-17
-23
-25
-25
-25
-37
17
133
301
531
239
-99
-199
-149
-101
-67
-47
-51
-49
-45
-45
-41
-41
-39
-37
-37
-39
-37
-37
-33
-31
-27
-23
-19
-21
-17
-17
-9
-11
-5
-1
1
-1
3
-3
9
-3
-7
-15
-19
-25
-25
-27
-27
-19
-29
-31
-23
-29
-23
-23
-21
-17
-17
-9
-13
-15
-11
-17
-13
-13
-17
-15
-23
-21
-19
-19
-21
-21
-17
-21
-15
-23
-19
-19
-21
-15
-9
-3
-5
7
15
23
11
-5
-1
-9
-19
-17
-23
-29
-19
-31
3
101
231
467
451
65
-171
-181
-131
-85
-63
-49
-51
-49
-39
-47
-45
-39
-43
-39
-41
-37
-35
-37
-33
-29
-23
-25
-21
-13
-15
-13
-11
-7
-5
-1
1
-1
3
1
3
-1
-9
-15
-15
-25
-21
-25
-27
-25
-31
-33
-29
-25
-25
-21
-19
-13
-13
-17
-15
-15
-11
-19
-13
-19
-17
-25
-17
-23
-21
-23
-23
-19
-23
-27
-21
-25
-23
-25
-27
-21
-25
-21
-11
-9
-9
1
11
21
-1
-3
-3
-19
-27
-27
-33
-29
-25
-39
-7
91
241
471
433
31
-177
-185
-135
-101
-69
-59
-53
-55
-57
-53
-51
-53
-49
-45
-47
-45
-43
-43
-37
-39
-31
-29
-27
-19
-17
-19
-13
-15
-11
-9
-3
1
1
-3
-3
-11
-15
-19
-21
-23
-27
-29
-29
-31
-31
-27
-27
-25
-23
-23
-19
-19
-13
-13
-11
-7
-7
-13
-11
-17
-13
-15
-15
-9
-13
-17
-13
-17
-13
-17
-17
-7
-3
-3
9
11
25
19
7
11
1
-17
-11
-21
-21
-15
-15
-17
69
203
389
529
167
-113
-181
-139
-99
-73
-41
-43
-39
-29
-39
-31
-31
-35
-33
-27
-27
-27
-23
-15
-23
-23
-7
-19
-11
-9
1
3
5
9
9
7
15
7
17
11
11
-1
-3
-11
-13
-15
-17
-11
-11
-23
-23
-21
-19
-17
-13
-5
-5
-13
-7
-9
-5
-3
-9
-5
-9
-11
-1
-15
-1
-13
-13
-11
-9
-13
-9
-13
-11
-11
7
3
1
9
17
27
17
9
15
3
-7
-13
-25
-19
-19
-23
-7
93
233
455
499
101
-157
-175
-127
-85
-53
-43
-39
-37
-39
-35
-33
-31
-31
-31
-29
-29
-29
-25
-25
-21
-17
-13
-5
-9
5
1
3
11
11
11
15
15
23
13
5
1
1
-7
-11
-17
-13
-19
-19
-19
-21
-17
-19
-15
-19
-15
-15
-3
-11
-7
-5
-13
-7
-9
-7
-9
-9
-11
-11
-9
-15
-15
-13
-9
-13
-13
-7
-15
-15
-15
-5
3
5
3
15
23
27
15
1
7
-13
-17
-17
-23
-21
-17
-27
35
139
305
515
329
-27
-189
-157
-107
-73
-53
-45
-43
-43
-43
-41
-37
-41
-43
-35
-37
-33
-35
-23
-27
-29
-23
-21
-13
-17
-9
-5
3
1
1
7
11
9
9
1
-1
-1
-17
-21
-25
-23
-27
-25
-27
-25
-33
-27
-31
-25
-27
-21
-17
-21
-17
-19
-17
-17
-15
-15
-15
-15
-19
-13
-23
-21
-23
-11
-21
-25
-19
-23
-25
-19
-23
-21
-13
-13
-9
-1
3
15
21
3
9
3
-11
-27
-23
-23
-27
-23
-31
-3
101
231
453
459
79
-153
-185
-137
-99
-65
-51
-49
-43
-45
-35
-39
-39
-37
-45
-37
-41
-31
-27
-25
-25
-23
-21
-13
-13
-7
3
3
7
9
11
13
11
23
13
11
5
5
-7
-7
-19
-17
-11
-17
-15
-21
-17
-17
-15
-13
-9
-11
-11
-5
-1
-5
-5
1
-1
-5
-5
-1
-13
-1
-11
-9
-9
-9
-11
-5
-11
-11
-9
-3
9
5
7
21
13
31
15
9
15
-3
-11
-11
-19
-17
-15
-25
15
103
237
437
527
149
-135
-183
-137
-91
-53
-45
-39
-41
-35
-35
-33
-27
-35
-31
-29
-31
-29
-23
-21
-15
-19
-13
-13
7
-5
1
11
11
19
17
21
21
21
21
15
11
-5
-7
-11
-13
-13
-9
-13
-9
-17
-13
-21
-15
-11
-11
-7
-5
-7
-7
-7
-5
1
-7
-1
-3
-9
-7
-9
-5
-7
-11
-7
-7
-11
-5
-9
-1
-9
-9
-3
-9
-7
5
11
5
15
21
33
33
15
13
11
-5
-3
-9
-13
-11
-7
-25
39
157
329
533
359
-21
-187
-151
-107
-67
-45
-35
-33
-35
-31
-29
-29
-29
-29
-27
-13
-29
-29
-27
-23
-19
-17
-9
1
-1
-1
7
7
15
15
21
27
25
19
17
15
11
3
1
-3
-9
-9
-11
-15
-15
-13
-9
-7
-13
-13
-9
-15
-5
-7
-7
-1
-3
-5
-5
-7
-3
-7
-7
-5
-7
-9
-5
-3
-5
-17
-11
-11
-13
-13
-9
-13
-9
-11
-7
-5
-5
-3
5
5
13
17
29
27
13
11
13
-9
-9
-11
-15
-11
-7
-25
49
169
343
541
277
-57
-187
-145
-99
-71
-41
-41
-37
-31
-37
-37
-33
-33
-31
-31
-29
-29
-23
-25
-19
-21
-15
-15
-9
-3
-1
-1
5
5
9
9
11
19
15
9
5
-3
-3
-11
-15
-15
-17
-21
-21
-23
-21
-21
-21
-19
-17
-17
-15
-17
-13
-13
-13
-11
-11
-13
-13
-17
-17
-17
-15
-15
-17
-21
-19
-19
-21
-19
-21
-13
-19
-19
-23
-25
-19
-21
-17
-7
-3
-3
5
9
23
9
-3
5
-7
-21
-17
-29
-25
-21
-23
-15
79
209
413
509
145
-137
-189
-139
-101
-73
-49
-49
-43
-43
-43
-39
-39
-41
-33
-41
-35
-35
-29
-27
-23
-23
-19
-19
-13
-7
-3
5
3
3
5
5
15
13
13
11
5
1
-7
-11
-13
-13
-15
-15
-17
-19
-15
-19
-11
-9
-13
-9
-7
-9
-3
-7
-1
-5
-7
-5
-7
-7
-7
-13
-11
-13
-11
-7
-13
-9
-13
-15
-11
-5
7
1
7
11
23
31
11
3
7
-3
-13
-13
-21
-23
-17
-27
-1
99
235
467
463
55
-179
-163
-117
-75
-53
-41
-37
-41
-41
-29
-39
-35
-35
-35
-31
-35
-31
-27
-25
-23
-19
-19
-11
-11
-9
-1
-1
3
3
11
5
13
11
11
5
5
-3
-9
-9
-11
-15
-17
-21
-19
-19
-23
-17
-21
-17
-17
-15
-7
-11
-17
-11
-17
-13
-15
-15
-11
-13
-17
-13
-15
-21
-21
-19
-19
-19
-17
-17
-19
-17
-19
-17
-13
-11
-7
1
-1
9
17
23
11
1
3
-9
-23
-17
-23
-27
-23
-31
-13
87
223
437
499
115
-161
-179
-129
-91
-59
-49
-51
-43
-43
-47
-39
-41
-47
-43
-35
-41
-33
-35
-35
-29
-29
-23
-23
-19
-15
-7
-9
-7
-1
-3
1
3
7
1
-1
-5
-11
-15
-19
-25
-23
-27
-29
-25
-31
-27
-29
-23
-25
-23
-21
-19
-27
-17
-21
-19
-19
-21
-21
-23
-27
-23
-27
-29
-23
-25
-29
-23
-33
-31
-31
-27
-25
-27
-31
-23
-19
-15
-13
-7
1
19
1
-5
-11
-11
-29
-29
-31
-29
-37
-29
-49
19
133
287
505
335
-31
-199
-177
-129
-93
-67
-57
-55
-55
-55
-59
-55
-55
-51
-45
-47
-49
-45
-45
-43
-35
-37
-31
-31
-25
-27
-25
-17
-19
-15
-9
-7
-7
-5
-7
-11
-13
-17
-21
-31
-33
-31
-37
-35
-35
-33
-29
-31
-33
-25
-29
-25
-25
-27
-25
-23
-27
-23
-29
-27
-29
-31
-27
-31
-31
-29
-33
-31
-27
-31
-33
-29
-33
-31
-35
-31
-31
-31
-21
-17
-15
-1
1
15
-3
-13
-7
-21
-33
-29
-39
-39
-35
-45
-9
103
259
491
389
1
-195
-181
-127
-97
-67
-55
-59
-55
-53
-53
-51
-51
-45
-45
-51
-43
-43
-39
-37
-39
-33
-29
-31
-23
-23
-21
-7
-19
-15
-11
-9
-3
-3
-3
-1
-5
-15
-19
-25
-23
-29
-27
-27
-25
-29
-27
-29
-25
-25
-17
-19
-21
-21
-15
-19
-17
-15
-19
-11
-11
-15
-19
-15
-21
-21
-19
-17
-17
-19
-19
-17
-5
-5
-7
5
11
21
21
5
5
1
-17
-11
-17
-23
-17
-15
-31
39
159
307
515
311
-41
-179
-151
-111
-77
-49
-39
-37
-33
-35
-33
-33
-29
-29
-27
-29
-21
-25
-21
-19
-13
-13
-9
-7
3
-3
5
9
3
9
11
13
15
15
17
11
7
5
1
-3
-7
-9
-11
-9
-11
-9
-3
-13
-7
-9
-5
-1
1
3
1
-3
1
-1
-1
-3
-1
-1
-3
-5
-3
-5
-5
-7
-9
-5
-5
-5
7
5
7
15
21
37
27
13
15
5
-9
-7
-11
-13
-13
-11
-21
55
183
373
555
239
-101
-187
-135
-91
-55
-37
-35
-31
-33
-33
-31
-31
-27
-27
-27
-25
-23
-15
-21
-23
-17
-15
-9
1
-5
1
1
3
7
9
11
19
15
13
15
11
7
5
3
-1
-3
-9
-5
-13
-13
-17
-11
-9
-9
-11
-9
-7
-5
-3
-3
1
-1
-5
-5
-5
-3
-3
-5
-3
-7
-5
-9
-11
-9
-11
-11
-7
-7
3
5
3
13
19
35
23
5
7
-7
-15
-15
-25
-21
-19
-29
21
123
271
505
397
5
-185
-163
-113
-77
-57
-47
-47
-47
-43
-43
-37
-41
-43
-41
-41
-37
-33
-35
-35
-25
-29
-23
-19
-19
-15
-13
-11
-3
-9
-3
-7
-1
5
3
1
-5
-11
-13
-19
-17
-13
-21
-27
-25
-23
-21
-27
-25
-15
-17
-17
-13
-11
-13
-13
-13
-7
-11
-15
-15
-11
-17
-13
-17
-17
-17
-17
-17
-19
-7
-7
-3
5
13
31
17
5
7
5
-11
-13
-13
-25
-17
-15
-31
43
151
299
507
361
1
-181
-157
-115
-77
-47
-39
-39
-35
-33
-31
-37
-29
-27
-25
-31
-25
-29
-19
-23
-13
-13
-11
-11
-3
-5
1
5
5
9
7
15
15
11
13
11
5
3
-3
-7
-9
-9
-17
-11
-17
-15
-15
-13
-11
-11
-5
-3
-3
-5
-3
-1
-3
-3
-5
-9
-5
-7
-7
-9
-9
-13
-15
-11
-21
1
11
-9
15
15
7
15
-5
7
5
3
-13
-7
-19
-7
-17
45
191
345
549
277
-115
-203
-105
-45
-35
-57
-11
-35
-23
-35
-3
3
-9
-5
-79
-3
3
17
-71
-7
-9
17
27
21
23
15
17
-1
3
-211
1
109
91
69
41
37
27
-49
17
35
17
5
-5
-1
-21
-17
-13
-61
-33
-21
-13
33
-3
9
-11
17
7
5
3
-7
-5
-9
-3
-21
-15
-69
-131
-33
9
41
49
25
17
23
13
1
-3
-9
-23
-35
-35
-33
-33
-31
-11
15
273
541
289
-17
-173
-161
-117
-81
-53
-55
-53
-55
-49
-45
-55
-65
-49
-53
-55
-25
-187
-155
-21
-47
3
15
-9
-27
-31
-27
-19
-19
-13
-9
-9
-11
-7
-5
-17
-31
-31
-43
-51
-51
-53
-55
-53
-51
-51
-53
-51
-51
-57
-45
-51
-53
-59
-63
-57
-67
-69
-65
-49
-15
-27
-27
-31
-31
-21
-23
-13
-9
3
1
-15
-23
-23
-35
-43
-51
-51
-55
-45
-61
11
131
261
445
205
-95
-203
-241
-137
-77
-53
-59
-59
-65
-63
-65
-61
-59
-59
-57
-55
-57
-51
-55
-51
-51
-47
-49
-49
-53
-47
-47
-47
-39
-41
-39
-31
-25
-21
-17
-19
-25
-19
-29
-27
-31
-23
-27
-25
-21
-13
-19
-17
-21
-19
-19
-17
-19
-21
-27
-23
-29
-29
-27
-23
-15
-13
-15
-1
-3
11
-5
-17
-9
-21
-35
-31
-43
-39
-35
-33
-31
57
183
365
481
127
-149
-191
-147
-107
-75
-59
-61
-57
-55
-55
-53
-51
-55
-53
-53
-53
-51
-49
-43
-41
-43
-41
-35
-37
-35
-33
-31
-27
-29
-21
-25
-15
-13
-13
-13
-11
-25
-21
-29
-31
-25
-35
-33
-25
-31
-29
-25
-25
-21
-19
-11
-15
-19
-17
-17
-15
-21
-19
-11
-9
-9
-5
1
7
15
17
-3
1
-5
-27
-23
-29
-31
-25
-21
-39
35
165
325
519
229
-85
-183
-151
-107
-75
-57
-51
-51
-47
-45
-45
-47
-41
-39
-41
-45
-41
-33
-37
-33
-31
-31
-23
-25
-23
-17
-13
-9
-15
-11
-5
-3
-1
5
1
-5
-7
-15
-15
-21
-19
-17
-25
-27
-23
-21
-21
-15
-19
-15
-13
-15
-13
-15
-13
-15
-9
-7
-1
-3
3
5
21
21
1
1
-3
-21
-19
-27
-31
-29
-23
-41
23
135
295
509
369
-27
-201
-163
-113
-79
-55
-53
-53
-49
-49
-47
-47
-45
-45
-47
-43
-43
-39
-31
-39
-37
-31
-31
-25
-27
-23
-17
-15
-17
-11
-11
-3
-1
3
3
-3
-7
-11
-15
