-31
-29
-33
-29
-35
-33
-29
-29
-29
-31
-31
-29
-35
-33
-35
-33
-31
-31
-39
-35
-35
-35
-37
-33
-33
-37
-23
-17
-7
-5
-25
-15
-5
-3
-9
-9
-19
-33
-39
-41
-45
-41
-43
-39
-39
-43
-37
-33
-33
-31
-39
-73
53
303
487
497
91
-133
-115
-57
-35
-33
-37
-33
-35
-31
-35
-29
-29
-27
-27
-23
-25
-19
-19
-15
-13
-11
-5
5
11
15
29
35
43
49
53
49
53
37
23
7
-13
-21
-33
-35
-37
-39
-41
-41
-45
-41
-45
-37
-41
-37
-37
-33
-35
-33
-33
-33
-31
-33
-31
-31
-33
-33
-31
-37
-33
-39
-35
-39
-39
-39
-41
-37
-37
-37
-43
-39
-41
-35
-37
-25
-19
-13
-23
-19
-11
-13
-9
-15
-23
-35
-37
-47
-47
-49
-45
-47
-45
-47
-43
-39
-41
-35
-33
-79
-17
229
445
509
139
-101
-129
-87
-49
-43
-43
-41
-43
-43
-39
-37
-33
-35
-31
-29
-29
-29
-21
-23
-15
-15
-9
-5
3
11
19
29
33
41
41
47
41
35
21
9
-11
-21
-31
-35
-43
-43
-45
-41
-43
-43
-41
-41
-41
-37
-37
-37
-31
-33
-27
-29
-27
-25
-29
-27
-25
-27
-31
-27
-31
-27
-31
-27
-29
-31
-31
-29
-29
-31
-27
-13
-9
-7
-17
-9
-1
-3
1
-3
-17
-27
-31
-35
-35
-39
-35
-35
-35
-33
-37
-27
-29
-25
-25
-51
-45
155
389
527
339
-39
-127
-89
-39
-29
-27
-31
-25
-29
-21
-23
-19
-19
-15
-19
-15
-13
-7
-9
-5
1
1
11
17
25
35
43
45
53
55
61
59
51
35
21
3
-9
-19
-25
-29
-29
-31
-31
-33
-31
-29
-35
-29
-31
-23
-27
-21
-21
-21
-17
-19
-15
-17
-13
-17
-15
-17
-17
-19
-19
-19
-21
-21
-21
-21
-23
-21
-21
-17
-17
-19
-15
-1
3
7
-5
-3
9
7
5
3
-3
-15
-23
-27
-27
-27
-27
-29
-25
-27
-25
-21
-21
-17
-21
-59
29
289
485
527
127
-107
-107
-49
-21
-19
-23
-21
-21
-21
-17
-15
-13
-13
-11
-13
-7
-5
-3
-1
7
11
11
19
27
39
43
55
61
63
67
73
67
59
41
23
5
-3
-13
-15
-21
-21
-23
-23
-23
-23
-23
-23
-19
-19
-17
-19
-15
-17
-11
-13
-13
-11
-13
-11
-11
-11
-13
-11
-11
-11
-15
-15
-11
-13
-15
-15
-13
-15
-17
-17
-13
-13
-7
-1
13
13
-5
1
17
11
5
3
-5
-17
-21
-25
-27
-27
-33
-23
-25
-27
-23
-17
-21
-13
-35
-53
91
337
515
457
27
-129
-91
-41
-21
-23
-21
-25
-21
-19
-19
-17
-15
-13
-13
-13
-11
-9
-5
-5
1
9
9
19
27
37
43
55
55
63
65
69
63
47
31
13
-1
-13
-19
-25
-25
-31
-27
-29
-27
-31
-27
-27
-27
-25
-27
-23
-19
-17
-21
-15
-17
-15
-21
-15
-13
-17
-19
-19
-17
-19
-19
-19
-17
-23
-23
-23
-19
-23
-23
-23
-23
-23
-23
-21
-17
-1
-1
7
-7
-3
7
7
5
3
-9
-21
-27
-31
-33
-29
-31
-33
-31
-29
-25
-25
-23
-21
-37
-61
85
327
501
445
33
-127
-97
-39
-31
-29
-29
-27
-31
-27
-25
-23
-25
-21
-19
-19
-17
-15
-11
-7
-5
-3
7
9
21
25
35
43
49
51
55
55
51
41
27
9
-7
-17
-29
-35
-37
-37
-37
-37
-41
-37
-39
-39
-37
-37
-37
-39
-35
-35
-29
-31
-31
-31
-29
-33
-33
-35
-35
-33
-35
-33
-37
-41
-39
-39
-39
-39
-43
-41
-39
-41
-39
-43
-31
-23
-19
-17
-29
-19
-11
-13
-13
-27
-33
-41
-47
-51
-51
-53
-53
-51
-49
-49
-49
-47
-45
-37
-83
-35
189
421
501
163
-107
-133
-93
-57
-47
-45
-45
-49
-47
-47
-39
-41
-37
-37
-33
-33
-29
-31
-25
-23
-23
-15
-7
-1
5
13
21
31
31
35
35
39
31
21
3
-13
-29
-39
-43
-49
-49
-53
-49
-49
-49
-53
-47
-47
-45
-43
-41
-41
-41
-37
-33
-33
-37
-33
-33
-33
-35
-35
-37
-35
-35
-37
-37
-43
-35
-39
-31
-21
-15
-19
-23
-15
-5
-13
-5
-17
-29
-39
-41
-47
-49
-47
-47
-41
-47
-47
-45
-39
-41
-35
-43
-85
15
275
475
497
85
-121
-115
-77
-41
-39
-39
-39
-35
-37
-27
-33
-29
-31
-27
-23
-21
-21
-11
-17
-5
-3
9
9
7
27
27
31
35
45
49
53
51
41
29
13
-5
-17
-19
-27
-37
-41
-35
-37
-41
-41
-31
-29
-41
-37
-31
-27
-31
-27
-21
-21
-31
-25
-21
-25
-29
-25
-27
-25
-29
-25
-27
-27
-27
-31
-23
-29
-19
-11
-5
-5
-15
-1
-3
-1
-1
-7
-29
-29
-33
-45
-43
-39
-41
-35
-33
-21
-49
-43
-37
-35
-77
17
269
469
499
137
-117
-125
-69
-41
-37
-41
-37
-43
-37
-37
-35
-33
-31
-29
-31
-27
-27
-27
-21
-21
-17
-1
-7
-5
5
15
27
31
41
43
47
47
35
23
3
-13
-29
-37
-43
-45
-49
-53
-51
-47
-53
-51
-57
-47
-47
-45
-47
-49
-45
-41
-41
-37
-35
-37
-43
-37
-31
-43
-39
-41
-37
-43
-41
-43
-21
-23
-21
-21
-35
-19
-9
-15
-17
-19
-37
-41
-53
-53
-63
-55
-59
-59
-59
-51
-53
-51
-45
-43
-85
-43
203
425
515
179
-129
-145
-91
-55
-45
-49
-47
-53
-51
-51
-47
-35
-43
-39
-37
-33
-37
-31
-27
-27
-21
-15
-9
-1
3
17
27
29
43
41
47
39
39
17
1
-19
-37
-41
-47
-49
-49
-49
-53
-47
-47
-49
-43
-49
-53
-47
-45
-39
-41
-43
-39
-33
-29
-35
-31
-35
-35
-39
-37
-39
-29
-35
-17
-19
-11
-15
-21
-9
-5
-15
-11
-23
-43
-49
-55
-57
-59
-57
-61
-53
-59
-55
-55
-55
-51
-55
-95
17
271
479
457
37
-145
-133
-83
-59
-53
-55
-53
-51
-51
-45
-43
-49
-43
-37
-41
-37
-37
-33
-27
-27
-15
-19
-7
-5
7
17
35
37
47
49
49
49
37
19
3
-15
-29
-33
-37
-37
-39
-35
-41
-45
-45
-39
-37
-37
-33
-31
-23
-25
-31
-23
-13
-23
-21
-19
-17
-13
1
3
13
7
-7
7
7
1
9
-9
-21
-33
-37
-37
-41
-35
-39
-39
-39
-39
-39
-33
-31
-25
-75
-25
207
449
543
221
-121
-129
-63
-41
-33
-39
-37
-35
-27
-29
-35
-33
-23
-27
-27
-21
-23
-15
-15
-5
-11
3
1
15
23
35
45
47
63
59
65
61
43
23
7
-9
-19
-33
-29
-35
-39
-41
-43
-43
-33
-35
-37
-35
-31
-29
-31
-27
-27
-25
-29
-25
-25
-21
-19
-21
-19
-27
-29
-19
-19
-9
-3
-3
-1
-5
1
7
-1
3
-11
-27
-29
-37
-45
-41
-39
-43
-41
-37
-45
-37
-37
-29
-23
-53
-49
161
417
535
361
-79
-145
-81
-35
-37
-31
-31
-37
-37
-33
-33
-31
-29
-23
-23
-23
-15
-17
-17
-11
-9
-9
7
13
23
33
43
45
53
57
63
59
51
27
13
5
-23
-25
-29
-35
-39
-37
-33
-37
-37
-35
-37
-35
-29
-31
-29
-29
-23
-21
-23
-25
-19
-23
-23
-21
-23
-21
-23
-23
-27
-23
-25
-21
-21
-17
-31
-23
-9
-5
1
-5
-15
5
13
5
3
-15
-25
-31
-33
-37
-31
-33
-35
-35
-29
-31
-31
-31
-27
-17
-35
-55
119
371
529
425
-5
-133
-93
-37
-31
-23
-27
-23
-17
-25
-19
-19
-21
-21
-13
-11
-7
-11
-3
-1
3
5
17
19
17
29
37
51
53
59
67
67
63
59
41
19
7
-7
-17
-17
-11
-25
-19
-21
-23
-23
-23
-15
-15
-11
-15
-11
-11
-11
-9
-5
-7
-5
-1
1
-5
-15
-13
-9
-11
-11
-9
-7
-11
-11
-9
-7
-15
-13
5
9
13
1
9
21
17
11
9
-1
-15
-27
-23
-23
-27
-21
-21
-21
-19
-23
-23
-15
-11
-11
-61
15
269
477
529
147
-105
-103
-39
-15
-21
-21
-21
-21
-15
-19
-15
-11
-7
-9
-5
-3
-5
-3
-1
1
7
17
21
31
35
43
49
51
59
61
63
63
53
43
29
9
-5
-17
-15
-21
-21
-31
-27
-23
-27
-25
-23
-19
-25
-21
-21
-19
-19
-15
-17
-13
-19
-15
-15
-15
-17
-19
-17
-23
-23
-23
-21
-25
-25
-27
-27
-21
-25
-31
-23
-23
-21
-5
-3
1
-11
-7
7
5
-1
-1
-13
-17
-29
-37
-35
-33
-37
-37
-41
-33
-31
-37
-31
-23
-33
-77
81
335
511
437
1
-141
-101
-51
-35
-35
-31
-33
-35
-33
-31
-27
-27
-23
-23
-21
-21
-19
-15
-15
-15
-7
1
-1
15
19
27
39
43
49
51
51
51
37
27
7
-9
-17
-29
-33
-37
-35
-41
-33
-39
-39
-37
-35
-37
-35
-27
-27
-31
-31
-27
-25
-25
-31
-27
-29
-25
-33
-31
-29
-29
-31
-29
-33
-35
-33
-31
-33
-37
-27
-33
-35
-29
-35
-23
-11
-9
-9
-25
-11
-1
-5
-7
-11
-19
-31
-45
-41
-39
-41
-45
-43
-41
-39
-35
-37
-43
-31
-47
-71
61
319
487
437
19
-137
-103
-55
-39
-41
-45
-41
-39
-41
-31
-37
-33
-33
-25
-29
-25
-25
-25
-19
-13
-13
-3
-1
11
13
25
37
35
41
41
45
45
35
15
-5
-13
-31
-39
-43
-47
-45
-41
-41
-39
-43
-41
-39
-45
-41
-37
-41
-35
-35
-33
-31
-29
-33
-33
-31
-37
-33
-35
-37
-35
-35
-39
-37
-41
-37
-43
-37
-41
-41
-41
-43
-37
-41
-23
-19
-11
-15
-27
-17
-7
-11
-15
-25
-31
-43
-37
-51
-49
-49
-49
-47
-47
-45
-43
-43
-41
-35
-81
-25
201
413
493
227
-95
-139
-87
-57
-41
-45
-53
-47
-47
-45
-43
-41
-41
-35
-39
-37
-37
-29
-29
-25
-21
-15
-13
-5
5
11
17
25
27
29
37
31
27
11
-3
-17
-29
-49
-47
-49
-59
-61
-53
-59
-55
-57
-59
-55
-55
-53
-57
-51
-55
-45
-57
-49
-47
-49
-53
-47
-53
-53
-55
-53
-53
-57
-55
-57
-55
-59
-53
-57
-57
-59
-53
-43
-35
-31
-39
-35
-25
-21
-33
-33
-49
-55
-61
-63
-67
-65
-65
-61
-63
-67
-63
-65
-59
-57
-69
-109
19
269
467
427
1
-139
-135
-97
-67
-63
-57
-63
-65
-57
-57
-55
-55
-45
-45
-53
-51
-43
-39
-39
-37
-31
-15
-21
-11
-9
-3
7
15
9
17
21
21
9
-1
-21
-35
-39
-49
-55
-59
-55
-63
-59
-59
-55
-53
-49
-49
-43
-45
-43
-45
-41
-37
-35
-41
-37
-39
-37
-39
-41
-39
-47
-45
-43
-41
-45
-41
-29
-23
-23
-31
-27
-15
-15
-19
-17
-35
-43
-49
-57
-53
-55
-51
-61
-53
-55
-55
-45
-45
-45
-51
-99
21
277
465
479
71
-127
-121
-77
-49
-49
-49
-45
-45
-41
-35
-33
-41
-33
-33
-31
-29
-25
-27
-17
-17
-9
-5
-1
1
7
23
29
35
37
41
41
39
35
11
-1
-17
-31
-37
-39
-45
-41
-45
-39
-43
-39
-39
-39
-39
-37
-37
-33
-31
-33
-27
-23
-27
-27
-23
-27
-21
-35
-23
-29
-27
-27
-29
-29
-29
-25
-13
-5
-5
-13
-15
1
-1
-1
-7
-15
-25
-27
-37
-43
-41
-45
-37
-43
-37
-35
-31
-33
-19
-47
-61
109
355
517
431
3
-141
-103
-49
-29
-27
-35
-29
-29
-33
-27
-27
-23
-25
-19
-15
-13
-11
-15
-5
-9
-3
1
13
19
31
41
43
53
55
59
57
59
45
27
9
-5
-15
-19
-27
-33
-33
-33
-31
-31
-33
-33
-33
-31
-23
-29
-21
-27
-21
-23
-23
-19
-17
-21
-15
-13
-17
-15
-19
-21
-17
-23
-21
-21
-21
-19
-25
-15
-1
5
-1
-7
-1
13
3
5
-5
-15
-23
-25
-31
-31
-33
-31
-31
-27
-27
-29
-25
-25
-15
-43
-53
119
373
521
431
-3
-137
-87
-41
-25
-27
-27
-29
-21
-23
-23
-17
-15
-19
-17
-15
-19
-9
-9
1
-1
5
7
13
21
31
45
51
57
57
69
63
61
53
31
11
1
-19
-23
-25
-33
-27
-29
-27
-29
-27
-33
-27
-31
-29
-27
-19
-23
-15
-21
-21
-23
-15
-11
-21
-19
-19
-17
-13
-21
-23
-21
-21
-17
-21
-23
-25
-23
-21
-21
-25
-17
-5
1
5
-13
1
11
9
1
-1
-7
-19
-25
-35
-33
-29
-31
-35
-23
-35
-27
-29
-23
-19
-37
-63
93
349
521
457
15
-139
-97
-45
-25
-25
-31
-23
-19
-27
-25
-21
-21
-19
-17
-11
-13
-9
-5
-5
-1
1
9
15
25
31
47
49
57
61
63
69
59
47
31
13
-1
-11
-21
-23
-31
-25
-29
-31
-33
-31
-27
-27
-23
-29
-17
-15
-23
-21
-17
-15
-19
-19
-13
-15
-17
-13
-13
-13
-15
-15
-23
-21
-19
-23
-23
-17
-19
-23
-23
-21
-17
-21
-23
-13
1
3
7
-7
-1
7
9
3
5
-9
-15
-25
-29
-31
-29
-27
-33
-25
-33
-33
-27
-23
-21
-43
-49
133
367
521
353
-37
-125
-85
-41
-27
-31
-29
-27
-29
-29
-23
-19
-31
-21
-21
-19
-17
-11
-13
-11
-5
-5
1
7
23
27
37
43
47
53
53
57
51
39
19
3
-15
-19
-35
-31
-37
-39
-39
-39
-35
-39
-45
-37
-35
-33
-39
-29
-25
-25
-27
-27
-29
-25
-25
-25
-25
-21
-19
-27
-27
-31
-29
-25
-29
-31
-25
-21
-15
-5
-3
-7
-15
1
3
1
3
-11
-23
-27
-29
-37
-37
-33
-29
-37
-27
-35
-29
-31
-25
-17
-59
-41
177
425
537
271
-73
-121
-85
-37
-29
-25
-23
-23
-27
-21
-19
-21
-17
-21
-13
-15
-11
-7
-7
1
9
5
15
17
27
33
39
47
55
63
63
65
57
41
17
7
-13
-17
-27
-31
-29
-31
-35
-33
-29
-31
-31
-29
-29
-31
-27
-25
-23
-21
-19
-21
-15
-13
-19
-17
-15
-17
-19
-21
-25
-21
-21
-21
-19
-21
-29
-23
-25
-21
-25
-23
-19
-5
1
-1
-11
-3
5
-1
-1
-1
-9
-21
-27
-31
-35
-35
-35
-31
-37
-31
-31
-29
-31
-21
-45
-65
93
343
511
461
33
-139
-101
-51
-25
-39
-35
-33
-31
-31
-23
-27
-21
-19
-17
-29
-25
-15
-13
-9
-11
5
7
7
15
27
33
47
45
55
59
59
55
45
27
7
-11
-25
-29
-35
-35
-43
-39
-37
-35
-41
-41
-39
-35
-35
-31
-29
-29
-27
-29
-31
-31
-27
-31
-29
-31
-21
-29
-23
-27
-31
-27
-31
-33
-37
-29
-31
-27
-29
-25
-27
-31
-25
-17
-9
-1
-19
-9
-1
-5
-5
-9
-13
-33
-35
-43
-43
-45
-39
-39
-43
-41
-37
-37
-35
-29
-51
-69
81
329
487
389
-7
-131
-95
-43
-39
-47
-45
-43
-39
-39
-37
-35
-33
-33
-31
-31
-25
-31
-25
-33
-19
-15
-13
-9
3
11
17
31
35
41
41
45
27
27
1
-13
-27
-41
-45
-49
-57
-57
-57
-57
-57
-57
-55
-55
-45
-55
-51
-53
-45
-51
-49
-45
-41
-43
-51
-45
-43
-43
-47
-41
-47
-41
-45
-41
-53
-45
-37
-27
-25
-31
-33
-21
-15
-21
-15
-27
-37
-49
-59
-61
-63
-55
-57
-55
-55
-53
-53
-55
-51
-41
-87
-63
169
401
511
191
-91
-137
-97
-59
-47
-47
-47
-49
-39
-41
-37
-33
-37
-37
-31
-33
-29
-23
-21
-17
-11
-5
-5
5
11
19
27
35
39
49
45
39
31
15
-1
-11
-23
-33
-33
-45
-43
-45
-41
-47
-41
-45
-41
-43
-35
-37
-35
-35
-33
-35
-33
-29
-29
-31
-31
-31
-35
-33
-33
-33
-39
-37
-35
-33
-31
-19
-17
-11
-15
-23
-15
-9
-15
-13
-27
-33
-39
-43
-51
-51
-47
-49
-49
-51
-45
-47
-45
-35
-59
-65
99
353
495
345
-67
-145
-99
-55
-41
-43
-43
-49
-43
-43
-39
-43
-35
-37
-35
-29
-31
-27
-21
-21
-17
-13
-9
-3
7
21
27
37
45
47
53
47
41
25
1
-13
-23
-33
-37
-45
-45
-47
-47
-49
-47
-47
-43
-45
-43
-43
-41
-37
-41
-39
-41
-37
-39
-33
-37
-33
-39
-31
-35
-41
-41
-37
-37
-25
-15
-23
-13
-27
-15
-13
-13
-17
-21
-41
-49
-57
-59
-57
-61
-57
-63
-57
-61
-57
-57
-57
-51
-69
-93
71
321
493
369
-37
-159
-125
-75
-61
-59
-65
-61
-57
-57
-55
-57
-55
-47
-45
-53
-43
-43
-35
-33
-27
-25
-21
-9
1
7
17
21
33
33
39
31
23
9
-11
-27
-43
-49
-55
-53
-61
-61
-63
-57
-63
-65
-61
-59
-59
-55
-51
-55
-53
-53
-45
-45
-45
-43
-47
-49
-45
-41
-45
-45
-37
-23
-27
-21
-29
-29
-23
-15
-19
-15
-35
-45
-47
-57
-59
-63
-55
-57
-53
-59
-53
-55
-53
-51
-45
-73
-81
91
331
495
335
-35
-137
-109
-73
-49
-49
-43
-47
-39
-39
-45
-49
-47
-31
-37
-31
-29
-29
-27
-21
-21
-13
-7
3
13
21
35
27
39
41
43
41
33
15
-1
-15
-23
-35
-39
-47
-43
-43
-45
-43
-39
-39
-37
-35
-39
-35
-35
-31
-31
-27
-29
-23
-27
-25
-23
-17
-17
-29
-29
-23
-29
-17
-5
-1
5
-13
1
9
-1
-1
-7
-25
-25
-39
-43
-43
-39
-35
-35
-41
-37
-37
-39
-27
-27
-39
-71
73
327
505
459
37
-133
-105
-47
-31
-31
-31
-29
-31
-27
-25
-25
-25
-19
-19
-19
-15
-11
-9
-5
-1
3
5
19
23
37
45
55
63
67
73
69
63
41
23
7
-5
-15
-27
-25
-29
-29
-29
-29
-31
-27
-25
-27
-27
-25
-33
-25
-19
-27
-21
-17
-15
-17
-11
-19
-19
-15
-15
-19
-21
-21
-21
-15
-21
-13
-5
-1
3
-3
-3
11
9
3
3
-11
-23
-31
-33
-35
-33
-33
-29
-31
-27
-33
-27
-27
-19
-25
-61
13
269
477
531
203
-113
-119
-61
-23
-31
-29
-27
-27
-27
-25
-23
-17
-13
-19
-11
-13
-13
-15
-5
1
3
3
19
27
35
51
59
63
65
71
77
67
55
37
17
7
-13
-17
-21
-23
-35
-31
-29
-25
-29
-33
-23
-23
-23
-27
-17
-25
-23
-23
-21
-19
-17
-15
-11
-15
-17
-11
-17
-17
-15
-19
-21
-17
-19
-17
-21
-13
-13
-19
-19
-17
-11
1
5
7
-7
3
11
11
5
-1
-7
-21
-25
-29
-27
-27
-25
-29
-27
-19
-21
-21
-15
-7
-43
-25
175
417
535
375
-57
-125
-69
-29
-21
-25
-23
-25
-17
-21
-17
-19
-13
-15
-13
-7
-3
-3
-7
1
5
15
13
25
33
45
59
69
69
77
79
75
71
51
35
19
3
-5
-7
-25
-25
-27
-23
-33
-27
-25
-7
-11
-17
-25
-29
-25
-23
-15
-25
-41
27
-13
-19
-9
-13
-33
-17
-9
-11
-19
-11
-17
-19
-21
-17
-27
1
-19
-15
-21
-31
1
-19
-7
-5
9
3
-7
5
13
1
1
-5
-23
-35
-35
-35
-35
-29
-35
-29
-37
-37
-29
-31
-33
-25
-67
-29
197
425
519
243
-83
-121
-85
-43
-39
-41
-37
-37
-35
-31
-29
-33
-25
-35
-31
-27
-21
-23
-13
-5
-1
-11
-7
9
17
29
37
41
43
53
63
57
55
17
1
-11
-25
-31
-39
-43
-37
-45
-45
-57
-37
-49
-53
-45
-43
-47
-39
-35
-31
-33
-39
-33
-31
-39
-33
-27
-35
-31
-37
-31
-27
-37
-39
-35
-35
-17
-17
-15
-23
-21
-9
-11
-7
-19
-27
-39
-39
-55
-53
-43
-53
-49
-57
-49
-49
-43
-49
-39
-31
-73
-61
149
389
523
253
-83
-137
-97
-49
-39
-43
-41
-45
-45
-39
-39
-41
-33
-29
-29
-29
-19
-25
-21
-11
-17
-11
1
3
9
25
39
35
47
43
45
41
37
19
1
-15
-25
-29
-29
-43
-49
-45
-43
-45
-47
-41
-33
-39
-35
-41
-35
-31
-29
-23
-21
-27
-21
-19
-25
-27
-29
-27
-23
-27
-23
-21
-23
-25
-31
-13
-11
1
-5
-9
7
9
1
1
-13
-21
-27
-37
-29
-25
-39
-35
-41
-45
-37
-29
-31
-27
-15
-39
-73
85
339
513
481
47
-135
-105
-45
-31
-41
-39
-33
-27
-31
-29
-29
-25
-25
-21
-23
-25
-21
-19
-7
-3
1
-7
11
17
33
37
51
49
55
65
65
57
45
27
3
-7
-21
-27
-35
-37
-45
-35
-41
-41
-39
-37
-41
-35
-37
-35
-33
-33
-23
-29
-25
-29
-25
-23
-21
-23
-25
-23
-27
-27
-27
-27
-27
-25
-25
-25
-29
-21
-3
-1
-1
-13
-9
3
1
-7
-11
-21
-27
-35
-41
-43
-41
-47
-41
-45
-43
-43
-41
-39
-39
-41
-79
7
255
465
521
143
-139
-133
-79
-45
-45
-47
-49
-47
-43
-41
-43
-41
-39
-39
-37
-39
-35
-37
-29
-29
-23
-23
-9
-3
7
15
27
33
39
39
45
41
23
11
-13
-31
-45
-53
-57
-61
-63
-63
-65
-73
-63
-59
-61
-63
-65
-61
-61
-59
-57
-57
-55
-57
-53
-53
-55
-53
-55
-53
-55
-55
-55
-55
-57
-53
-41
-41
-31
-39
-41
-31
-23
-33
-27
-43
-57
-63
-69
-77
-69
-69
-69
-71
-69
-67
-67
-67
-57
-53
-103
-57
195
411
523
231
-125
-161
-119
-71
-63
-61
-65
-59
-57
-57
-55
-53
-51
-49
-47
-47
-43
-39
-33
-35
-27
-25
-17
-11
-1
9
17
29
33
39
39
41
27
13
-7
-21
-35
-43
-51
-53
-57
-57
-53
-55
-53
-55
-53
-59
-51
-53
-51
-49
-47
-43
-43
-41
-39
-37
-39
-39
-39
-39
-39
-39
-43
-39
-41
-39
-27
-21
-19
-19
-23
-11
-9
-15
-5
-23
-31
-41
-45
-49
-49
-55
-51
-51
-51
-47
-47
-43
-45
-35
-53
-71
87
349
517
439
-15
-155
-113
-61
-43
-43
-43
-39
-39
-39
-35
-35
-31
-35
-27
-27
-21
-19
-17
-15
-11
-5
3
7
17
27
35
45
49
59
57
59
45
33
9
-3
-19
-29
-33
-37
-39
-43
-41
-41
-39
-41
-37
-39
-37
-35
-33
-33
-31
-27
-31
-25
-25
-21
-25
-23
-25
-23
-23
-23
-29
-23
-23
-25
-29
-27
-23
-31
-13
-7
3
-1
-11
-3
7
-1
1
-5
-17
-25
-31
-35
-35
-33
-35
-33
-33
-31
-29
-27
-27
-21
-45
-49
155
405
533
425
-27
-143
-91
-37
-23
-29
-25
-27
-23
-27
-19
-19
-19
-17
-15
-15
-11
-7
-7
-5
1
7
5
19
21
35
49
59
63
71
73
75
71
51
35
15
-3
-17
-21
-27
-25
-31
-27
-31
-27
-27
-25
-25
-25
-23
-25
-23
-25
-19
-19
-17
-17
-13
-17
-13
-13
-11
-15
-15
-15
-17
-17
-17
-17
-19
-19
-19
-17
-21
-19
-15
-5
3
7
7
-9
7
15
7
5
-1
-13
-21
-25
-29
-31
-29
-33
-27
-29
-27
-25
-23
-21
-21
-51
-23
207
441
545
311
-81
-131
-67
-31
-21
-23
-25
-25
-23
-19
-23
-19
-17
-15
-15
-13
-11
-9
-9
-1
-3
5
13
15
27
31
45
49
61
63
69
71
65
49
29
13
-5
-19
-25
-25
-35
-35
-37
-35
-33
-33
-31
-29
-31
-31
-29
-29
-27
-27
-23
-25
-19
-25
-21
-25
-21
-25
-23
-23
-29
-27
-27
-25
-27
-27
-31
-29
-31
-29
-29
-29
-33
-29
-31
-21
-13
-9
-5
-21
-13
-5
-3
-11
-9
-27
-31
-39
-45
-45
-43
-43
-41
-43
-39
-39
-39
-35
-35
-71
-19
225
435
523
191
-117
-139
-79
-51
-41
-45
-45
-43
-41
-39
-43
-37
-37
-37
-35
-29
-33
-23
-29
-21
-19
-13
-7
1
9
17
29
37
43
43
51
47
41
25
7
-11
-27
-35
-37
-47
-45
-47
-53
-43
-49
-45
-47
-47
-47
-43
-41
-41
-41
-35
-33
-37
-35
-31
-29
-31
-35
-33
-29
-33
-33
-35
-31
-35
-33
-35
-33
-35
-23
-15
-7
-11
-19
-7
-3
-5
-3
-13
-29
-35
-41
-41
-43
-41
-37
-37
-37
-35
-33
-35
-29
-23
-51
-53
121
369
529
379
-19
-127
-93
-45
-27
-25
-29
-29
-27
-21
-21
-19
-19
-17
-15
-9
-9
-11
-5
-3
5
5
13
15
27
31
45
53
59
61
65
65
61
49
33
13
-5
-13
-21
-21
-25
-27
-31
-25
-33
-25
-29
-27
-25
-23
-19
-17
-17
-15
-11
-13
-11
-13
-9
-11
-9
-11
-13
-11
-11
-15
-15
-13
-15
-11
-15
-15
-15
-13
-15
1
5
13
7
-3
11
15
11
9
1
-11
-17
-23
-25
-29
-27
-25
-23
-23
-21
-21
-17
-15
-15
-53
3
253
459
543
229
-99
-121
-59
-25
-19
-21
-23
-19
-21
-17
-19
-13
-17
-11
-13
-7
-7
-7
-5
5
3
11
15
27
33
43
51
57
65
65
71
67
59
41
23
7
-9
-19
-27
-25
-29
-33
-27
-27
-31
-27
-31
-29
-27
-23
-23
-21
-21
-17
-19
-15
-17
-17
-17
-19
-15
-19
-17
-19
-21
-21
-21
-25
-23
-25
-21
-23
-21
-23
-19
-21
-15
-5
3
5
-13
-3
7
7
-1
1
-13
-21
-27
-33
-37
-35
-33
-33
-35
-35
-31
-29
-23
-23
-35
-69
59
319
501
491
51
-141
-107
-45
-33
-25
-27
-31
-35
-23
-29
-31
-21
-27
-35
-15
-21
-9
-11
-5
-7
-7
1
9
13
35
37
41
49
55
59
57
59
45
27
5
-11
-21
-31
-25
-33
-43
-41
-43
-37
-37
-41
-39
-35
-33
-35
-39
-33
-37
-29
-35
-31
-33
-29
-31
-29
-29
-33
-33
-35
-35
-35
-35
-35
-37
-37
-37
-39
-37
-37
-35
-37
-33
-35
-23
-15
-9
-11
-25
-9
-7
-7
-13
-19
-29
-41
-43
-43
-47
-49
-51
-51
-47
-49
-45
-47
-41
-39
-71
-59
167
395
511
259
-99
-153
-105
-61
-49
-53
-55
-51
-55
-45
-49
-47
-47
-47
-45
-41
-39
-37
-37
-35
-27
-25
-19
-13
-3
1
15
21
27
31
29
33
29
7
-9
-25
-39
-53
-57
-61
-61
-61
-63
-63
-67
-63
-65
-61
-61
-59
-55
-57
-55
-51
-51
-51
-47
-51
-49
-51
-45
-55
-53
-53
-53
-53
-53
-55
-51
-55
-51
-35
-35
-31
-43
-35
-23
-25
-23
-29
-47
-53
-57
-65
-67
-63
-63
-65
-57
-61
-55
-59
-57
-49
-61
-103
21
275
469
487
53
-133
-137
-87
-55
-47
-51
-51
-47
-47
-45
-41
-41
-41
-37
-39
-29
-33
-27
-29
-17
-21
-13
-9
-1
9
11
23
31
33
39
41
37
25
5
-9
-29
-35
-47
-47
-51
-53
-55
-51
-51
-53
-55
-51
-49
-45
-43
-41
-39
-37
-41
-39
-35
-39
-33
-37
-35
-31
-35
-37
-39
-33
-37
-37
-39
-37
-43
-37
-37
-33
-27
-15
-15
-17
-25
-13
-7
-19
-9
-21
-33
-43
-45
-51
-49
-49
-49
-45
-43
-43
-43
-41
-37
-41
-85
1
257
457
519
163
-129
-135
-77
-43
-39
-43
-39
-41
-37
-37
-33
-35
-31
-29
-25
-27
-23
-19
-19
-15
-7
-5
3
13
21
29
39
45
45
57
57
51
39
23
1
-17
-25
-33
-39
-39
-45
-39
-39
-37
-41
-41
-35
-43
-37
-37
-33
-31
-29
-29
-31
-29
-25
-21
-29
-23
-27
-25
-29
-29
-25
-31
-29
-31
-27
-33
-27
-29
-11
-13
-3
-9
-17
-5
-1
-3
-3
-11
-25
-31
-37
-39
-39
-37
-41
-35
-37
-33
-35
-29
-29
-27
-69
17
257
463
507
127
-127
-121
-55
-29
-33
-33
-33
-37
-23
-31
-29
-27
-23
-19
-23
-33
-11
-35
21
-7
-7
9
25
19
9
59
43
65
65
59
57
59
31
29
7
-9
-23
-27
-29
-31
-33
-35
-33
-29
-29
-33
-31
-29
-27
-19
-25
-23
-21
-19
-21
-21
-13
-29
-13
-11
-15
-1
-25
-19
-25
-27
-29
-17
-33
15
-7
-39
-33
-7
-7
-5
19
13
11
-23
15
1
-19
9
-17
-59
5
-35
-49
-21
-17
-57
13
-39
-23
-25
-29
-69
65
311
495
439
33
-125
-105
-17
-21
-35
-27
-27
-25
-23
-25
-15
-9
-11
-21
-13
-9
-5
-17
1
-1
-1
11
31
21
33
41
51
41
97
63
63
59
33
19
-1
-9
-19
-25
-25
-27
-31
-23
-43
-33
-33
-27
-33
-33
23
-37
-39
-39
1
-23
-29
-11
-23
-23
15
-49
5
-21
-25
-41
13
-29
-35
15
-31
-29
-23
-17
-5
3
-15
19
3
-7
5
3
-1
-3
-25
-19
-11
-27
-29
-39
-41
-37
-27
-23
-23
-27
-15
-33
-67
63
313
507
431
17
-125
-87
-39
-25
-23
-31
-19
-25
-19
-27
-21
-21
-15
-19
-9
-15
-17
-5
-13
19
13
5
13
25
37
29
93
63
53
59
51
51
71
3
-21
-15
-15
-39
-23
-23
-43
-33
-9
-61
-29
-41
-31
-39
-27
-33
-25
-21
-37
-17
-3
-29
-45
-23
-23
-23
-25
-27
9
-25
-51
-41
-27
-29
-21
-41
-23
-17
3
-25
-31
3
-1
-21
-7
-15
-33
-37
-43
-31
-43
-39
-49
-27
-51
-53
-31
-37
-35
-59
-49
45
285
491
395
-7
-127
-107
-67
-41
-53
-33
-43
-41
-49
-33
-41
-37
-31
-31
-37
-19
-29
-31
-5
-23
-9
-11
-7
7
15
31
37
37
69
39
41
47
13
7
-5
-23
-29
-35
-43
-19
-43
-51
-43
-51
-35
-43
-37
-29
-15
-31
-37
-27
-23
-15
-23
-29
-13
-23
-27
-17
-15
-27
-5
-15
3
-15
-3
7
-9
-15
23
7
5
3
-7
-17
-25
-31
-21
-41
-15
-31
-33
-21
-27
-21
-25
-15
-17
-57
-11
221
439
535
217
-93
-111
-65
-31
-23
-17
-33
-5
-21
-19
-15
-21
-3
-15
-9
-9
-7
5
1
13
9
7
21
25
39
49
61
51
77
69
63
69
41
23
9
-3
-15
-17
-21
-19
-39
-19
-27
-25
-25
-23
-21
-19
-23
-23
-11
-17
-15
-11
-15
-15
-9
-11
-5
-11
-5
-11
-13
-13
-19
-13
-15
-11
1
-1
3
29
-11
5
9
11
11
-5
-15
-21
-29
-27
-29
-29
-27
-35
-23
-29
-21
-23
-35
-13
-69
25
289
485
517
127
-113
-117
-63
-11
-43
1
-39
-31
-35
-15
-23
-27
7
-15
-15
-11
-15
-11
-7
-5
5
7
19
27
33
39
51
53
63
65
65
55
47
23
11
-7
-31
-27
-21
-23
-37
-29
-35
-29
-51
-33
15
-47
-49
-15
-35
-33
-21
-31
-15
-27
-9
-13
-25
-23
-23
-19
-21
-21
-21
-21
-25
-25
-21
-17
-13
-3
-3
-13
-39
45
-1
-15
-11
-31
-31
-37
-37
-39
-41
-41
-41
-41
-39
-35
-39
-29
-39
-33
-49
123
359
493
379
-49
-147
-89
-77
17
-61
-17
-59
-9
-41
-33
-23
-35
-19
-19
-23
-17
-15
-11
-11
-3
-5
-1
9
17
29
41
45
47
51
57
27
89
37
-21
-1
-37
-19
-39
-35
-39
-53
-55
-23
-61
-37
-9
-67
-65
-33
-51
-41
-49
-31
-41
-23
-17
-37
-57
-33
-37
-31
-31
-29
-31
-41
-59
-29
-47
-7
-45
-43
-19
-19
-23
-15
-21
-17
-21
-21
-43
-89
31
-63
-93
-65
-65
-35
-57
-53
-41
-43
-45
-31
-81
-25
199
475
487
71
-123
-133
-83
-51
-45
-47
-61
-25
-57
-47
-1
-53
-63
-45
-55
5
-33
-33
-21
-33
-3
-11
-11
3
7
55
15
1
69
33
37
35
17
31
-13
-23
-33
-41
-35
-55
-31
-21
-59
-49
-49
-43
-45
-33
-53
7
-31
-45
-21
-37
-33
-29
-25
-31
-13
-43
11
11
-59
-49
-35
-25
-15
-15
-9
-9
-19
-13
15
-13
-5
-29
-37
-35
-43
-47
-35
-49
-17
-53
-45
-51
-47
-39
-35
-31
-55
-65
123
369
521
339
-69
-153
-97
-49
-39
-39
-39
-41
-29
-41
-37
-35
-31
-27
-29
-27
-23
-11
-25
-19
-15
-7
-1
7
17
25
31
35
53
53
37
39
29
13
1
-17
-25
-35
-43
-43
-45
-47
-49
-49
-47
-45
-49
-41
-43
-45
-43
-41
-39
-37
-35
-35
-37
-33
-33
-35
-35
-35
-35
-39
-37
-41
-37
-37
-25
-25
-17
-15
-25
-39
17
-19
-31
-27
-37
-43
-47
-53
-53
-55
-51
-49
-51
-53
-49
-45
-51
-37
-51
-85
39
299
485
449
17
-163
-123
-65
-45
-45
-45
-45
-47
-39
-41
-33
-41
-45
-39
-31
-31
-31
-33
-19
-19
-21
-13
-1
15
3
17
27
31
49
49
35
43
19
13
-11
-27
-37
-43
-43
-41
-55
-59
-49
-43
-51
-51
-47
-45
-43
-43
-45
-37
-39
-37
-33
-29
-43
-39
-37
-35
-35
-37
-37
-39
-39
-43
-43
-23
-43
-37
-29
-25
-27
-29
-15
-23
-11
-19
-35
-47
-47
-63
-49
-65
-61
-57
-61
-53
-55
-57
-55
-51
-47
-87
-51
179
395
499
249
-109
-157
-109
-59
-55
-51
-63
-47
-53
-55
-53
-49
-47
-41
-41
-41
-37
-35
-35
-29
-29
-23
-13
-9
3
5
17
25
31
29
41
35
25
13
-11
-23
-31
-51
-43
-59
-57
-57
-59
-51
-59
-53
-53
-51
-51
-53
-39
-51
-49
-43
-43
-43
-35
-45
-37
-35
-41
-47
-39
-37
-41
-39
-25
-23
-15
-25
-29
-11
-19
-11
-19
-21
-41
-49
-55
-57
-45
-53
-51
-49
-49
-49
-47
-45
-43
-37
-49
-85
47
305
501
463
11
-123
-111
-61
-41
-37
-33
-41
-29
-33
-37
-25
-29
-21
-25
-23
-21
-15
-11
-11
-7
1
5
13
15
17
39
37
51
43
47
47
41
29
11
3
-19
-27
-37
-35
-27
-39
-41
-37
-35
-37
-31
-33
-37
-23
-27
-23
-27
-27
-23
-15
-17
-21
-19
-17
-21
-19
-19
-15
-27
-29
-25
-23
-25
-27
-17
-13
-9
-3
-1
-15
-1
3
-3
3
-9
-21
-31
-31
-31
-37
-31
-41
-37
-33
-31
-29
-31
-25
-21
-35
-65
79
333
503
457
35
-145
-101
-45
-31
-21
-29
-19
-25
-35
-15
-23
-19
-21
-21
-15
-15
-11
-11
1
-7
5
11
13
27
35
39
47
55
59
63
65
55
35
27
1
-9
-19
-21
-31
-21
-33
-31
-31
-29
-27
-23
-25
-27
-21
-27
-19
-23
-15
-17
-13
-15
-17
-11
-17
-13
-15
-19
-23
-19
-19
-15
-21
-15
-17
-21
-15
-17
-5
3
3
-3
1
9
9
5
9
-3
-9
-21
-23
-29
-23
-29
-27
-31
-23
-25
-25
-19
-21
-11
-43
-21
179
415
513
309
-61
-121
-65
-23
-17
-19
-17
-13
-13
-17
-11
-15
-11
-11
-5
-3
-3
7
1
7
9
17
17
29
33
43
53
59
63
67
71
67
59
41
23
5
-1
-19
-15
-27
-19
-25
-25
-27
-23
-25
-23
-19
-21
-21
-15
-19
-15
-13
-9
-13
-13
-11
-11
-7
-3
-13
-13
-11
-13
-17
-17
-13
-13
-19
-15
-13
-19
-5
-1
-1
5
3
-5
11
15
11
11
1
-7
-19
-23
-25
-27
-25
-31
-23
-25
-21
-21
-17
-19
-13
-35
-47
119
369
521
395
-27
-133
-75
-31
-15
-21
-15
-21
-13
-15
-15
-9
-11
-11
-5
-11
-1
-7
3
1
3
9
15
23
35
41
43
57
55
63
61
65
57
39
17
11
-7
-21
-23
-27
-29
-27
-31
-27
-33
-37
-27
-27
-29
-27
-27
-19
-21
-23
-19
-17
-19
-17
-17
-15
-19
-23
-19
-25
-21
-21
-21
-25
-19
-33
-21
-31
-23
-29
-23
-25
-17
-7
-3
1
-13
-3
3
3
-3
-5
-23
-23
-33
-35
-35
-31
-37
-41
-31
-39
-35
-33
-33
-23
-39
-69
67
317
509
423
-5
-145
-101
-49
-35
-33
-35
-35
-35
-33
-29
-29
-29
-31
-23
-25
-25
-19
-19
-13
-13
-11
1
-1
9
23
25
37
37
39
49
47
43
27
13
-3
-19
-29
-37
-41
-49
-43
-45
-43
-51
-49
-51
-45
-41
-41
-41
-43
-35
-35
-35
-31
-31
-33
-35
-35
-35
-33
-35
-29
-35
-39
-37
-35
-39
-35
-37
-37
-37
-21
-23
-9
-19
-17
-15
-9
-9
-9
-19
-37
-33
-43
-51
-47
-41
-47
-47
-45
-39
-41
-37
-33
-31
-55
-71
99
335
501
363
-29
-129
-101
-51
-35
-39
-27
-33
-31
-29
-25
-27
-25
-19
-19
-21
-15
-15
-3
-7
-5
5
7
15
19
29
37
43
43
43
51
49
41
25
19
-3
-11
-23
-27
-33
-31
-37
-23
-39
-33
-35
-33
-31
-31
-27
-27
-25
-23
-21
-21
-15
-19
-27
-15
-23
-21
-23
-23
-25
-23
-31
-25
-29
-23
-25
-11
-15
-5
-5
-9
-1
-1
1
1
-11
-19
-27
-39
-37
-35
-37
-35
-39
-33
-39
-29
-33
-29
-23
-51
-53
103
353
501
379
-23
-133
-93
-43
-29
-33
-27
-25
-33
-27
-21
-27
-25
-21
-19
-17
-15
-13
-15
-7
-3
-1
1
11
21
27
35
45
49
51
57
51
43
23
9
-11
-15
-31
-33
-43
-41
-47
-37
-41
-45
-47
-39
-45
-39
-39
-41
-33
-31
-33
-33
-31
-27
-33
-31
-25
-33
-35
-31
-33
-35
-35
-37
-35
-33
-37
-35
-39
-33
-19
-15
-17
-27
-21
-11
-11
-7
-15
-29
-25
-43
-49
-47
-49
-49
-49
-45
-51
-43
-41
-45
-41
-33
-71
-47
179
407
501
267
-101
-147
-91
-49
-35
-49
-43
-45
-45
-45
-41
-41
-35
-35
-35
-31
-31
-27
-29
-25
-15
-15
-11
-1
5
17
25
35
35
43
39
45
25
13
3
-21
-33
-41
-49
-53
-53
-55
-53
-53
-55
-53
-59
-51
-53
-51
-51
-45
-45
-43
-45
-41
-41
-41
-43
-39
-43
-43
-41
-41
-43
-43
-47
-49
-37
-51
-53
-45
-47
-47
-49
-35
-27
-17
-21
-35
-25
-19
-17
-19
-27
-39
-49
-51
-53
-51
-63
-47
-55
-57
-53
-51
-49
-49
-39
-59
-73
87
345
493
357
-75
-157
-105
-57
-43
-47
-43
-47
-45
-43
-41
-41
-37
-41
-29
-33
-33
-33
-21
-21
-27
-9
-7
-3
5
13
23
33
37
41
49
49
37
21
5
-17
-27
-39
-49
-47
-51
-51
-51
-51
-51
-47
-53
-53
-49
-47
-47
-51
-45
-41
-43
-39
-47
-35
-39
-37
-41
-41
-39
-37
-41
-41
-43
-43
-41
-39
-47
-43
-35
-49
-43
-39
-43
-33
-19
-19
-19
-17
-23
-23
-15
-13
-23
-31
-43
-45
-45
-49
-47
-49
-43
-47
-51
-43
-43
-41
-37
-59
-65
111
349
489
383
-47
-145
-105
-53
-39
-39
-43
-41
-41
-41
-39
-33
-35
-27
-31
-35
-27
-29
-21
-25
-17
-11
-7
-13
15
11
13
29
33
41
45
43
37
27
3
-19
-19
-31
-51
-49
-53
-55
-57
-51
-57
-55
-57
-49
-53
-53
-47
-47
-45
-51
-45
-45
-39
-45
-41
-41
-41
-43
-37
-47
-43
-41
-51
-41
-47
-47
-43
-47
-41
-49
-41
-23
-29
-23
-33
-17
-15
-17
-17
-25
-41
-45
-49
-55
-57
-55
-49
-55
-53
-53
-51
-47
-41
-47
-31
-87
-33
185
413
505
165
-113
-135
-87
-51
-43
-47
-39
-43
-49
-39
-43
-33
-35
-35
-31
-31
-33
-23
-19
-25
-15
-15
-3
-1
9
17
27
23
45
39
41
39
31
19
-1
-15
-33
-35
-47
-45
-49
-41
-51
-49
-51
-47
-49
-49
-45
-45
-39
-43
-37
-35
-35
-35
-27
-35
-25
-31
-39
-31
-31
-33
-35
-33
-31
-33
-33
-33
-35
-9
-21
-13
-25
-11
-5
-1
-9
-13
-33
-31
-45
-45
-45
-43
-39
-47
-39
-43
-43
-33
-37
-35
-29
-69
-33
201
423
515
209
-95
-131
-85
-45
-31
-35
-33
-35
-27
-31
-31
-23
-19
-23
-27
-15
-17
-13
-11
-1
-5
5
3
19
21
31
35
49
45
53
55
51
45
23
11
-7
-17
-25
-29
-29
-33
-31
-31
-37
-31
-31
-33
-29
-31
-23
-23
-23
-27
-15
-23
-15
-21
-15
-17
-15
-15
-17
-17
-19
-17
-21
-21
-19
-21
-17
-23
-15
-17
-19
-13
-1
3
3
-5
1
9
11
3
1
-15
-15
-21
-27
-29
-29
-27
-25
-27
-23
-21
-23
-17
-23
-9
-53
-1
235
451
539
251
-93
-115
-61
-21
-17
-21
-17
-19
-15
-11
-13
-15
-5
-11
-3
-1
-1
-3
3
7
15
21
25
29
37
53
57
61
73
75
77
77
63
51
29
17
1
-7
-17
-19
-19
-21
-17
-21
-19
-19
-21
-19
-19
-17
-9
-17
-17
-13
-11
-7
-7
-9
-13
-1
-9
-7
-5
-13
-15
-7
-13
-13
-9
-15
-13
-11
-3
-15
-15
-19
-13
-13
-11
-7
5
11
11
7
3
13
21
11
9
5
-9
-13
-17
-21
-21
-19
-19
-17
-21
-17
-13
-15
-11
-9
-9
-43
55
293
463
461
101
-103
-83
-37
-15
-15
-17
-15
-17
-15
-15
-9
-9
-11
-7
-7
-9
-3
-3
1
7
13
13
19
31
35
53
59
57
63
71
73
69
51
41
15
1
-7
-13
-27
-23
-33
-33
-29
-31
-27
-29
-27
-27
-27
-23
-27
-23
-27
-25
-21
-21
-17
-19
-21
-15
-23
-15
-23
-29
-15
-27
-29
-29
-19
-27
-29
-27
-27
-31
-19
-31
-25
-25
-27
-25
-29
-17
-23
-29
-19
-27
-25
-27
-17
-7
-3
-3
-13
-1
-1
3
-3
-7
-25
-29
-31
-37
-37
-35
-35
-37
-33
-35
-27
-35
-33
-21
-43
-67
67
327
501
451
7
-151
-113
-51
-37
-37
-43
-35
-43
-39
-37
-35
-37
-35
-33
-37
-27
-31
-29
-25
-19
-27
-9
-9
-5
7
13
31
27
35
39
47
41
31
13
-7
-19
-37
-49
-43
-59
-65
-59
-55
-57
-53
-63
-55
-57
-55
-57
-53
-51
-47
-53
-51
-47
-49
-47
-49
-49
-45
-43
-49
-51
-47
-49
-47
-51
-57
-51
-49
-55
-53
-51
-51
-53
-47
-33
-33
-27
-39
-25
-15
-19
-19
-19
-41
-37
-53
-63
-55
-57
-57
-57
-47
-53
-55
-49
-47
-47
-35
-81
-45
189
413
527
225
-99
-141
-99
-57
-41
-41
-45
-45
-39
-41
-39
-37
-35
-37
-33
-27
-29
-25
-23
-21
-13
-5
-7
3
7
19
25
35
37
43
39
47
27
13
-5
-21
-29
-39
-43
-53
-45
-49
-45
-51
-49
-41
-47
-49
-45
-39
-41
-35
-35
-35
-31
-39
-31
-29
-29
-35
-35
-35
-35
-35
-35
-37
-45
-35
-37
-49
-33
-41
-37
-37
-39
-33
-17
-17
-11
-27
-17
-7
-13
-15
-15
-27
-41
-43
-49
-43
-51
-43
-49
-45
-47
-39
-41
-41
-39
-37
-81
11
259
465
501
95
-137
-127
-71
-43
-41
-43
-39
-43
-39
-33
-39
-35
-33
-35
-35
-27
-27
-25
-27
-15
-17
-5
-5
9
13
23
33
39
41
41
49
45
31
11
-5
-23
-37
-39
-47
-51
-59
-47
-57
-53
-57
-49
-51
-53
-55
-47
-43
-45
-47
-39
-43
-37
-39
-37
-41
-31
-41
-35
-37
-39
-41
-43
-41
-41
-43
-45
-39
-43
-39
-41
-29
-25
-23
-19
-35
-17
-11
-19
-21
-19
-35
-37
-49
-55
-53
-51
-51
-49
-47
-51
-49
-47
-45
-39
-39
-81
-29
235
451
513
195
-135
-145
-89
-49
-41
-49
-35
-43
-43
-41
-41
-39
-35
-33
-35
-29
-31
-27
-21
-21
-17
-9
-5
7
13
29
29
43
45
53
53
45
41
17
-1
-17
-29
-45
-37
-45
-49
-47
-51
-47
-45
-51
-45
-47
-43
-43
-43
-31
-41
-35
-37
-31
-35
-35
-33
-35
-31
-31
-35
-31
-37
-33
-37
-39
-37
-37
-35
-35
-37
-35
-35
-37
-31
-33
-37
-19
-19
-9
-19
-19
-11
-5
-13
-15
-15
-31
-37
-41
-41
-45
-41
-45
-39
-43
-39
-39
-37
-35
-27
-51
-55
137
385
519
327
-91
-139
-81
-47
-33
-35
-35
-37
-35
-31
-33
-27
-27
-25
-27
-25
-17
-21
-13
-13
-1
-3
-1
17
17
33
39
47
49
63
59
57
53
39
11
-3
-13
-29
-31
-37
-43
-39
-37
-39
-39
-39
-35
-39
-35
-35
-35
-21
-37
-31
-29
-31
-27
-25
-29
-25
-31
-21
-29
-29
-25
-29
-35
-31
-31
-35
-29
-37
-33
-31
-33
-29
-29
-35
-31
-23
-13
-9
-3
-25
-9
-3
-9
-9
-17
-19
-35
-33
-43
-49
-35
-41
-43
-45
-37
-37
-35
-35
-33
-37
-75
29
281
473
483
95
-131
-115
-65
-37
-35
-37
-39
-35
-35
-31
-29
-31
-31
-29
-25
-27
-25
-23
-15
-15
-13
-7
3
11
9
25
33
39
45
49
53
51
43
21
3
-17
-25
-37
-49
-49
-51
-49
-53
-51
-51
-45
-53
-49
-49
-47
-47
-51
-45
-45
-43
-33
-45
-35
-39
-41
-37
-47
-39
-41
-43
-47
-39
-45
-49
-47
-43
-51
-49
-49
-47
-51
-49
-35
-37
-25
-41
-29
-21
-19
-21
-27
-41
-55
-55
-65
-59
-65
-59
-59
-61
-61
-55
-57
-47
-49
-43
-93
-45
171
401
525
225
-87
-139
-105
-67
-47
-47
-47
-43
-43
-41
-39
-35
-35
-31
-27
-27
-25
-25
-17
-15
-15
-7
-1
7
11
19
35
37
39
43
45
55
43
31
19
-3
-11
-25
-27
-31
-33
-35
-35
-37
-29
-31
-31
-25
-35
-19
-25
-21
-25
-15
-17
-19
-15
-17
-15
-17
-15
-17
-17
-21
-21
-17
-21
-21
-25
-23
-21
-21
-21
-11
1
1
7
-7
-1
11
5
5
3
-11
-23
-23
-29
-25
-27
-23
-29
-27
-25
-15
-21
-17
-13
-31
-55
69
331
511
509
85
-133
-99
-41
-13
-17
-19
-15
-11
-15
-13
-11
-9
-11
-7
-3
-1
-1
-1
5
7
15
17
25
35
43
53
63
69
75
81
81
77
67
49
31
13
-3
-9
-17
-19
-23
-21
-17
-23
-27
-19
-25
-21
-21
-17
-19
-17
-13
-13
-9
-13
-15
-7
-3
-13
-13
-9
-9
-3
-13
-7
-11
-11
-13
-3
-17
-13
-13
-11
-11
-7
3
9
11
7
1
23
13
7
13
-1
-11
-15
-21
-23
-21
-21
-19
-23
-17
-21
-11
-17
-11
-9
-55
21
263
475
539
217
-99
-117
-55
-21
-17
-17
-17
-15
-21
-15
-13
-17
-3
-13
-11
-7
-3
-5
1
5
11
13
17
27
35
45
53
65
75
73
75
77
65
49
27
9
-7
-13
-25
-23
-27
-35
-27
-31
-27
-33
-31
-29
-27
-27
-29
-27
-19
-23
-23
-21
-17
-19
-25
-21
-19
-19
-19
-21
-27
-15
-23
-25
-23
-25
-25
-25
-21
-31
-25
-27
-27
-23
-25
-31
-21
-25
-19
-7
1
1
-11
-9
7
-3
-1
-3
-17
-19
-31
-37
-37
-33
-33
-33
-37
-31
-35
-29
-31
-27
-21
-51
-37
165
393
513
377
-45
-153
-89
-39
-31
-29
-33
-29
-29
-31
-29
-29
-23
-27
-23
-19
-17
-19
-11
-9
-3
1
-1
9
13
29
35
45
53
57
63
67
57
49
29
11
-5
-19
-29
-35
-37
-41
-39
-39
-41
-41
-43
-37
-35
-43
-39
-31
-41
-31
-37
-27
-29
-29
-33
-25
-31
-27
-29
-29
-35
-31
-31
-33
-33
-35
-37
-33
-33
-35
-35
-41
-31
-37
-29
-39
-37
-33
-35
-33
-31
-31
-37
-13
-17
-9
-13
-13
-9
-7
-11
-9
-17
-29
-41
-41
-39
-43
-41
-39
-41
-43
-37
-31
-37
-29
-29
-73
-27
213
437
525
193
-123
-133
-65
-33
-33
-39
-33
-39
-33
-33
-31
-29
-27
-27
-25
-25
-19
-15
-21
-17
-7
-3
3
9
17
31
37
47
49
61
59
53
53
27
15
-5
-15
-35
-33
-43
-45
-47
-47
-47
-47
-45
-39
-49
-47
-37
-41
-43
-39
-39
-37
-33
-41
-25
-35
-37
-35
-29
-37
-37
-35
-35
-39
-43
-41
-43
-37
-41
-39
-45
-39
-39
-41
-37
-47
-37
-41
-37
-45
-33
-43
-43
-33
-37
-31
-21
-17
-13
-31
-15
-1
-17
-9
-23
-31
-41
-49
-47
-45
-49
-47
-47
-41
-45
-47
-43
-45
-37
-69
-55
167
403
513
275
-107
-151
-95
-49
-49
-47
-51
-39
-47
-47
-47
-45
-43
-45
-35
-41
-39
-37
-25
-33
-25
-19
-19
-13
1
7
15
27
29
33
35
41
35
17
5
-19
-37
-41
-59
-57
-65
-57
-67
-67
-61
-69
-61
-59
-67
-63
-59
-63
-53
-59
-59
-55
-59
-55
-45
-55
-55
-49
-57
-51
-57
-55
-57
-59
-53
-57
-53
-61
-55
-59
-61
-59
-61
-59
-53
-61
-37
-37
-39
-35
-45
-35
-23
-31
-33
-35
-53
-63
-65
-65
-67
-67
-65
-61
-67
-63
-59
-59
-63
-43
-77
-95
63
321
489
385
-29
-147
-129
-87
-59
-53
-57
-55
-63
-51
-53
-47
-51
-45
-45
-45
-45
-39
-39
-35
-33
-19
-17
-13
-7
-1
15
17
23
23
35
33
31
23
-1
-13
-33
-47
-55
-55
-61
-67
-49
-67
-59
-65
-59
-59
-57
-59
-55
-47
-51
-43
-47
-45
-41
-45
-43
-45
-39
-43
-43
-45
-41
-45
-43
-45
-47
-43
-45
-47
-45
-43
-43
-37
-27
-23
-19
-25
-25
-15
-23
-15
-33
-27
-45
-43
-59
-53
-47
-53
-53
-47
-51
-43
-43
-45
-33
-41
-85
-7
263
465
513
101
-133
-133
-77
-39
-39
-33
-47
-37
-41
-33
-33
-35
-27
-31
-19
-21
-21
-25
-11
-11
-7
-3
3
11
23
29
39
41
51
55
59
53
49
29
13
-3
-17
-27
-33
-37
-41
-39
-43
-41
-45
-35
-37
-41
-31
-41
-31
-33
-27
-27
-27
-25
-25
-23
-25
-23
-19
-27
-25
-23
-25
-27
-27
-27
-25
-29
-31
-29
-31
-29
-25
-27
-29
-19
-29
-31
-21
-7
-7
-5
-9
-11
1
3
-7
-7
-17
-17
-33
-37
-35
-35
-31
-37
-33
-27
-33
-31
-29
-21
-23
-61
-13
221
437
543
245
-111
-131
-69
-23
-25
-29
-29
-21
-31
-21
-23
-23
-21
-15
-15
-19
-17
-7
-9
-5
1
3
7
17
25
35
53
45
59
63
73
65
67
57
35
21
1
-11
-21
-21
-29
-25
-29
-31
-27
-29
-31
-25
-31
-27
-23
-25
-25
-21
-23
-23
-21
-9
-21
-23
-21
-13
-21
-19
-19
-19
-25
-15
-27
-21
-27
-25
-19
-23
-23
-25
-29
-17
-23
-21
-23
-21
-21
-23
-23
-19
-21
-7
-1
1
3
-11
9
9
5
1
-3
-7
-25
-29
-27
-27
-31
-29
-27
-27
-29
-27
-21
-21
-19
-29
-61
63
335
509
479
73
-127
-109
-43
-27
-23
-29
-23
-25
-23
-23
-19
-17
-17
-23
-13
-15
-11
-5
-7
-3
-3
13
11
23
27
35
45
57
59
63
69
71
65
41
31
7
-3
-21
-25
-31
-31
-35
-29
-35
-35
-31
-35
-31
-27
-33
-29
-25
-27
-25
-27
-17
-21
-27
-19
-23
-19
-17
-25
-23
-23
-27
-23
-31
-21
-33
-23
-29
-29
-29
-29
-21
-27
-25
-27
-31
-25
-23
-31
-29
-21
-27
-25
-23
-25
-21
-23
-17
-9
-9
-3
1
-5
1
7
3
3
-5
-19
-21
-31
-37
-31
-29
-29
-31
-25
-25
-25
-27
-21
-17
-55
-19
199
433
529
283
-83
-127
-69
-31
-27
-25
-25
-31
-21
-21
-21
-23
-21
-15
-21
-21
-7
-9
-11
-5
1
9
7
19
23
35
43
53
59
63
63
69
55
37
19
7
-15
-25
-29
-37
-39
-33
-37
-45
-29
-45
-39
-41
-37
-39
-37
-31
-33
-27
-31
-29
-39
-23
-29
-31
-29
-27
-27
-33
-25
-31
-35
-31
-33
-33
-33
-33
-33
-33
-33
-37
-27
-37
-35
-37
-39
-29
-35
-35
-37
-35
-31
-13
-15
-11
-23
-13
3
-9
-3
-15
-27
-35
-35
-45
-45
-41
-37
-41
-41
-41
-41
-35
-33
-33
-41
-75
13
247
471
499
99
-115
-121
-73
-37
-35
-39
-35
-39
-33
-35
-33
-29
-29
-21
-25
-29
-17
-19
-11
-13
-11
-1
9
9
21
27
35
43
45
53
53
49
51
33
11
-1
-19
-31
-33
-41
-37
-39
-45
-43
-43
-43
-41
-41
-43
-39
-31
-33
-37
-29
-35
-27
-31
-27
-29
-25
-25
-27
-31
-29
-29
-21
-33
-29
-29
-29
-27
-33
-31
-33
-25
-35
-27
-15
-5
-9
-17
-11
5
-9
-7
-3
-27
-27
-35
-37
-37
-39
-29
-39
-35
-37
-27
-31
-31
-23
-27
-69
13
269
473
517
159
-99
-113
-65
-25
-27
-23
-23
-19
-23
-19
-17
-17
-9
-13
-15
-5
-11
-9
-1
1
1
13
13
25
31
37
51
57
55
67
67
69
63
47
29
13
-3
-23
-19
-27
-31
-35
-29
-33
-27
-29
-33
-25
-33
-27
-21
-25
-27
-17
-23
-17
-23
-11
-19
-15
-19
-15
-19
-19
-19
-19
-21
-21
-21
-21
-23
-21
-23
-21
-25
-23
-21
-23
-19
-17
3
-7
7
-9
-7
9
1
-1
-1
-11
-23
-25
-33
-31
-33
-31
-25
-29
-31
-25
-27
-23
-17
-29
-63
91
349
517
423
15
-135
-101
-43
-21
-25
-25
-27
-25
-25
-23
-19
-15
-21
-19
-17
-15
-15
-9
-7
-3
-1
5
15
17
23
37
45
55
59
61
67
69
55
41
21
5
-11
-15
-31
-35
-33
-33
-41
-35
-41
-35
-35
-35
-35
-33
-31
-29
-35
-31
-29
-29
-25
-27
-27
-25
-25
-27
-25
-23
-31
-29
-29
-27
-31
-33
-35
-33
-39
-25
-35
-35
-35
-29
-33
-35
-33
-27
-31
-21
-13
-9
-7
-23
-9
-1
-3
-13
-9
-25
-29
-37
-39
-45
-43
-41
-39
-41
-35
-37
-35
-31
-33
-27
-73
-11
217
437
519
281
-97
-137
-83
-41
-35
-37
-35
-35
-37
-35
-31
-31
-33
-27
-25
-25
-27
-21
-19
-9
-19
-3
-1
3
9
27
27
39
49
55
57
57
59
45
29
7
-7
-23
-35
-39
-43
-47
-43
-45
-39
-43
-49
-41
-45
-39
-41
-39
-41
-33
-39
-33
-35
-35
-35
-33
-39
-33
-33
-37
-37
-35
-39
-37
-45
-37
-39
-43
-37
-39
-41
-45
-31
-41
-41
-33
-39
-43
-39
-37
-41
-41
-37
-33
-35
-7
-19
-15
-27
-11
-7
-11
-15
-29
-17
-39
-49
-49
-41
-51
-45
-49
-41
-47
-43
-39
-43
-43
-33
-63
-45
147
381
507
303
-91
-149
-89
-47
-43
-43
-45
-41
-43
-41
-43
-37
-35
-35
-35
-37
-25
-33
-25
-23
-23
-17
-7
-1
5
13
27
37
41
47
53
53
47
37
19
-5
-17
-31
-35
-53
-49
-51
-53
-51
-51
-53
-55
-53
-53
-53
-55
-49
-65
-33
-61
-35
-55
-53
-51
-49
-51
-43
-55
-49
-57
-49
-67
-39
-53
-69
-61
-65
-51
-57
-53
-63
-59
-57
-57
-57
-61
-51
-57
-57
-57
-55
-57
-59
-47
-39
-29
-35
-43
-39
-19
-23
-29
-27
-35
-49
-53
-59
-59
-61
-59
-61
-59
-59
-51
-59
-57
-51
-57
-91
-11
229
437
497
121
-125
-139
-89
-61
-59
-51
-55
-45
-53
-51
-51
-45
-43
-47
-35
-33
-37
-37
-35
-25
-21
-19
-15
-1
1
5
21
27
35
35
41
43
33
21
1
-19
-33
-41
-53
-47
-65
-63
-61
-55
-63
-59
-57
-55
-59
-55
-55
-49
-47
-47
-55
-37
-41
-51
-49
-47
-39
-47
-49
-47
-47
-47
-49
-47
-49
-47
-41
-47
-43
-31
-31
-25
-35
-23
-17
-19
-19
-25
-39
-43
-49
-57
-53
-53
-51
-53
-45
-51
-47
-45
-39
-37
-55
-81
69
319
509
419
-25
-133
-107
-63
-35
-35
-39
-37
-39
-33
-33
-29
-31
-23
-21
-19
-19
-17
-11
-11
-7
11
-5
15
21
25
37
45
57
51
59
75
55
39
25
5
-13
-25
-31
-31
-37
-39
-43
-33
-39
-37
-51
-7
-43
-43
-35
-33
-27
-27
-25
-27
-21
-25
-15
-31
-17
-3
-29
-27
-15
-21
-25
-21
-27
-19
-21
-19
-23
-11
-1
-3
5
-3
1
3
3
7
-1
-15
-17
-27
-29
-29
-29
-27
-29
-29
-21
-19
-29
-5
-17
-63
19
291
499
541
121
-127
-109
-45
-19
-19
-19
-17
-19
-19
-15
-15
-13
-13
-7
-21
13
-3
-5
7
5
9
17
23
33
41
55
61
73
81
73
81
77
63
43
25
5
-3
-13
-21
-17
-25
-21
-31
-23
-27
-25
-23
-23
-25
-23
-19
-17
-19
-21
-17
-15
-11
-11
-9
-11
-9
-7
-3
-13
-19
-9
-5
-13
-19
-5
3
9
9
-1
17
11
17
13
7
-3
-13
-21
-27
-19
-27
-29
-23
-23
-21
-23
-15
-19
-17
-25
-49
83
353
517
463
3
-135
-79
-33
-9
-23
-13
-21
-17
-15
-11
-9
-15
-13
1
-9
-1
1
3
3
11
19
15
33
33
53
57
67
75
85
77
91
69
53
31
15
1
-3
-19
-25
-25
-25
-25
-27
-23
-27
-25
-25
-23
-25
-21
-19
-27
-29
-25
-21
-23
-17
-17
-15
-19
-17
-23
-19
-25
-21
-31
-13
-21
-19
-11
-5
-3
-15
-5
1
3
-9
-9
-21
-31
-39
-41
-45
-41
-39
-43
-43
-45
-31
-41
-31
-33
-47
-71
79
319
507
397
-33
-143
-103
-53
-41
-33
-39
-35
-43
-35
-35
-29
-39
-23
-31
-33
-23
-25
-19
-17
-13
-3
-3
5
9
25
31
45
45
53
55
53
49
29
13
-9
-19
-35
-31
-47
-53
-43
-53
-47
-47
-49
-45
-45
-51
-41
-37
-49
-37
-43
-35
-39
-33
-33
-31
-35
-29
-33
-37
-31
-31
-21
-15
-15
-19
-19
-15
5
-15
-5
-25
-35
-37
-51
-53
-51
-49
-57
-43
-53
-43
-55
-49
-49
-37
-51
-89
19
293
499
489
51
-135
-125
-73
-47
-47
-41
-45
-39
-39
-33
-37
-35
-27
-31
-21
-29
-25
-21
-15
-13
-9
5
5
7
23
31
41
45
51
49
57
49
31
17
1
-17
-27
-27
-41
-39
-43
-43
-43
-41
-43
-37
-43
-37
-45
-29
-37
-37
-31
-33
-29
-27
-23
-27
-23
-25
-25
-21
-35
-17
-25
-9
-9
-3
-13
-7
1
1
1
1
-21
-23
-39
-37
-45
-43
-43
-43
-43
-35
-41
-43
-37
-31
-25
-35
-73
29
281
481
523
147
-127
-125
-67
-31
-33
-33
-33
-27
-35
-29
-27
-23
-23
-23
-17
-19
-13
-13
-9
-7
5
7
11
27
31
37
51
57
69
67
75
63
55
33
5
-9
-19
-27
-31
-33
-35
-35
-35
-31
-33
-35
-35
-27
-37
-33
-29
-29
-25
-27
-23
-23
-23
-19
-21
-23
-19
-19
-27
-23
-21
-25
-23
-23
-25
-15
-1
-5
-5
-13
-5
1
-3
-3
-11
-21
-27
-37
-37
-39
-33
-45
-31
-37
-37
-35
-35
-31
-29
-27
-53
-41
183
417
535
315
-101
-137
-83
-39
-21
-31
-35
-31
-29
-27
-25
-27
-21
-23
-17
-19
-15
-17
-9
-15
-5
1
9
13
25
39
41
55
65
65
73
67
55
35
13
-7
-19
-29
-29
-35
-41
-31
-41
-39
-37
-35
-37
-37
-29
-35
-33
-33
-29
-35
-29
-31
-17
-27
-31
-25
-27
-27
-21
-27
-29
-31
-31
-27
-35
-29
-29
-29
-33
-35
-21
-23
-17
-11
-9
-23
-5
-7
-9
-13
-11
-27
-39
-37
-47
-49
-49
-45
-43
-51
-41
-41
-45
-43
-43
-33
-47
-77
45
309
489
489
63
-163
-125
-63
-39
-45
-41
-45
-39
-43
-37
-41
-41
-41
-33
-37
-31
-25
-33
-31
-29
-13
-15
-7
-3
9
15
29
39
39
45
47
39
25
7
-13
-31
-45
-49
-59
-65
-67
-57
-61
-63
-63
-63
-55
-63
-63
-61
-61
-61
-61
-57
-55
-59
-55
-57
-51
-59
-51
-55
-57
-57
-55
-55
-63
-57
-61
-57
-61
-61
-59
-57
-55
-55
-39
-39
-37
-45
-37
-27
-29
-35
-33
-51
-57
-61
-69
-71
-67
-73
-67
-67
-63
-65
-65
-65
-59
-49
-61
-91
25
287
463
417
15
-149
-127
-83
-61
-55
-59
-59
-59
-49
-53
-51
-51
-49
-45
-47
-39
-39
-37
-33
-31
-23
-19
-15
-7
1
15
23
29
29
37
41
35
25
7
-13
-25
-39
-47
-55
-53
-61
-61
-61
-59
-61
-59
-57
-53
-55
-57
-49
-49
-49
-47
-45
-47
-41
-41
-45
-45
-35
-45
-45
-45
-45
-49
-47
-39
-47
-45
-31
-29
-25
-25
-31
-17
-17
-19
-19
-23
-41
-45
-49
-55
-55
-55
-45
-53
-53
-51
-43
-47
-45
-33
-35
-65
-59
135
395
519
275
-81
-137
-91
-47
-37
-37
-33
-39
-39
-35
-29
-29
-27
-27
-23
-27
-19
-19
-11
-15
-7
-1
5
15
19
27
37
49
49
57
65
53
51
35
15
-5
-9
-27
-31
-37
-39
-35
-39
-41
-37
-39
-37
-39
-35
-31
-35
-29
-27
-29
-25
-21
-21
-21
-19
-13
-23
-19
-23
-23
-23
-25
-25
-27
-21
-23
-19
-25
-19
-19
-3
-1
5
-17
1
9
1
3
3
-15
-21
-27
-33
-25
-31
-27
-33
-23
-29
-27
-27
-21
-17
-23
-61
53
315
501
523
135
-121
-111
-45
-23
-17
-23
-19
-21
-19
-15
-13
-15
-13
-9
-9
-5
-9
-1
3
3
9
15
13
27
39
43
57
63
71
75
77
73
69
47
37
13
-1
-21
-7
-27
-23
-27
-29
-25
-27
-25
-27
-27
-23
-23
-19
-23
-27
-11
-19
-19
-15
-17
-9
-15
-13
-19
-9
-21
-15
-23
-13
-23
-17
-17
-17
-21
-27
-11
-17
-17
-3
5
5
-1
-3
15
9
1
5
-9
-11
-19
-29
-29
-29
-33
-21
-31
-27
-31
-19
-25
-19
-19
-61
21
293
501
501
91
-131
-101
-43
-23
-21
-23
-25
-19
-21
-17
-21
-15
-19
-11
-15
-11
-7
-9
-5
-3
5
5
17
21
29
41
51
61
61
67
67
75
63
47
29
13
-9
-19
-25
-21
-33
-35
-37
-31
-35
-39
-29
-37
-35
-29
-35
-39
-27
-35
-27
-31
-33
-27
-27
-29
-27
-33
-29
-27
-33
-31
-35
-29
-33
-35
-39
-33
-29
-35
-35
-7
-13
-13
-23
-9
-1
-11
-7
-19
-25
-43
-43
-53
-45
-51
-43
-47
-45
-45
-37
-39
-33
-31
-75
-15
213
423
515
217
-83
-137
-97
-47
-35
-35
-37
-33
-35
-35
-31
-29
-23
-27
-21
-27
-15
-19
-11
-11
-5
-3
3
15
15
23
39
45
53
57
61
61
49
45
23
5
-7
-19
-27
-29
-33
-35
-35
-37
-29
-43
-27
-35
-31
-29
-21
-21
-21
-19
-19
-17
-17
-13
-15
-11
-13
-15
-21
-17
-17
-17
-21
-15
-19
-7
-5
5
-7
-3
5
3
1
-3
-9
-27
-29
-37
-35
-37
-35
-33
-37
-33
-35
-31
-31
-21
-41
-67
49
301
509
455
23
-123
-107
-55
-29
-25
-25
-27
-25
-23
-15
-19
-23
-19
-15
-13
-13
-9
-7
-7
-3
5
11
11
21
33
35
49
55
59
65
67
65
55
41
19
1
-11
-17
-31
-27
-29
-33
-35
-35
-29
-31
-33
-31
-31
-29
-27
-27
-21
-21
-19
-21
-15
-17
-17
-15
-19
-13
-21
-17
-21
-19
-19
-11
-3
3
-9
-9
1
5
-1
3
-17
-29
-35
-45
-45
-43
-47
-49
-45
-41
-49
-41
-47
-37
-61
-77
95
351
519
387
-47
-155
-109
-63
-47
-39
-45
-47
-43
-47
-43
-33
-37
-31
-37
-31
-31
-25
-21
-19
-21
-9
-3
5
13
25
37
41
47
61
61
57
51
35
19
-1
-11
-25
-27
-35
-35
-41
-33
-41
-33
-41
-45
-39
-37
-39
-35
-31
-27
-27
-23
-21
-17
-25
-21
-15
-15
-17
-9
-3
3
5
-9
7
9
7
7
-3
-25
-31
-35
-41
-41
-39
-39
-39
-39
-35
-39
-37
-29
-29
-49
-63
137
403
531
371
-63
-153
-89
-45
-31
-39
-37
-33
-35
-25
-33
-33
-29
-23
-27
-23
-21
-17
-19
-7
-9
-1
5
11
19
31
39
53
51
61
71
63
57
33
17
-5
-13
-29
-35
-35
-41
-41
-41
-43
-43
-43
-39
-39
-35
-39
-45
-35
-33
-33
-39
-33
-29
-33
-33
-33
-27
-29
-25
-27
-33
-35
-27
-23
-13
-23
-1
-11
-21
-3
-1
-7
-1
-15
-35
-33
-45
-45
-43
-45
-43
-47
-47
-47
-37
-45
-37
-41
-43
-75
91
349
517
473
-15
-167
-103
-47
-37
-43
-37
-37
-41
-39
-33
-29
-39
-29
-33
-27
-27
-23
-25
-21
-19
-9
-9
1
9
17
33
35
45
51
57
61
51
41
21
9
-19
-29
-35
-41
-47
-47
-45
-49
-49
-43
-45
-41
-45
-45
-43
-39
-43
-43
-31
-41
-39
-39
-35
-41
-37
-37
-37
-43
-43
-39
-43
-47
-37
-37
-45
-33
-21
-21
-17
-31
-23
-9
-19
-17
-27
-37
-51
-49
-55
-51
-51
-51
-51
-49
-53
-49
-45
-47
-37
-41
-79
-9
225
439
515
119
-129
-141
-69
-51
-43
-47
-51
-41
-41
-51
-43
-41
-43
-37
-39
-35
-33
-29
-25
-23
-21
-17
-3
1
5
13
23
31
37
37
37
45
37
27
9
-5
-17
-29
-35
-33
-41
-43
-47
-45
-45
-47
-47
-49
-41
-45
-45
-45
-45
-43
-41
-41
-41
-41
-35
-45
-37
-41
-45
-37
-43
-43
-45
-45
-43
-43
-33
-25
-25
-19
-35
-15
-13
-19
-21
-27
-39
-49
-47
-59
-55
-55
-51
-55
-55
-47
-55
-51
-43
-47
-39
-75
-55
167
409
517
179
-119
-143
-79
-53
-41
-47
-43
-45
-41
-39
-39
-37
-31
-25
-27
-29
-31
-23
-19
-15
-13
-9
-1
9
13
23
35
39
45
41
55
45
41
23
9
-13
-23
-29
-37
-45
-41
-39
-45
-43
-43
-41
-41
-39
-39
-35
-39
-25
-39
-29
-29
-27
-31
-23
-35
-31
-33
-29
-31
-33
-29
-35
-33
-39
-35
-35
-33
-33
-23
-15
-5
-7
-29
-7
-5
-5
-9
-19
-27
-35
-37
-45
-45
-45
-39
-45
-43
-39
-41
-35
-37
-33
-57
-55
165
403
527
227
-111
-139
-81
-35
-41
-31
-39
-35
-35
-27
-31
-31
-33
-23
-27
-21
-19
-21
-13
-13
-7
-3
3
3
23
25
35
39
45
51
55
51
47
37
21
1
-11
-21
-29
-35
-37
-37
-37
-37
-35
-33
-39
-31
-37
-31
-31
-29
-27
-23
-29
-25
-27
-25
-23
-31
-21
-29
-23
-27
-31
-35
-23
-31
-33
-27
-27
-19
-15
-9
-7
-15
-7
3
-1
-5
-15
-25
-31
-39
-43
-43
-43
-37
-41
-41
-39
-39
-33
-35
-29
-53
-61
121
361
501
357
-33
-141
-97
-51
-33
-35
-33
-35
-35
-37
-29
-31
-27
-25
-25
-27
-21
-17
-21
-15
-13
-11
-1
3
9
15
27
33
41
41
49
47
53
33
19
3
-13
-27
-35
-41
-41
-47
-47
-45
-55
-45
-43
-45
-43
-43
-43
-39
-39
-37
-37
-35
-31
-35
-41
-33
-33
-35
-35
-37
-37
-37
-35
-39
-29
-21
-21
-15
-29
-13
-7
-21
-11
-19
-31
-39
-47
-51
-57
-43
-51
-55
-49
-47
-49
-49
-39
-41
-47
-85
13
247
455
469
67
-117
-119
-79
-49
-39
-35
-43
-41
-39
-39
-35
-35
-27
-29
-25
-25
-29
-21
-19
-15
-9
-5
-3
7
15
25
27
37
39
47
39
45
31
21
5
-11
-27
-29
-35
-39
-39
-39
-41
-41
-47
-41
-41
-33
-39
-35
-31
-29
-27
-29
-25
-29
-25
-23
-25
-29
-29
-25
-23
-25
-21
-7
-11
-1
-9
-11
5
1
-5
-5
-21
-29
-33
-37
-41
-37
-35
-43
-31
-37
-37
-35
-29
-27
-31
-73
37
295
499
491
75
-109
-105
-61
-31
-25
-27
-21
-23
-25
-19
-19
-15
-15
-15
-9
-3
-9
-5
3
7
7
17
17
27
33
43
53
59
59
61
65
65
49
37
21
1
-9
-17
-21
-29
-27
-29
-25
-31
-29
-31
-27
-23
-27
-19
-19
-19
-19
-11
-15
-13
-11
-13
-13
-11
-15
-13
-9
-7
3
3
11
9
3
13
21
9
13
1
-15
-19
-27
-29
-29
-25
-27
-25
-23
-23
-27
-13
-19
-21
-65
45
297
501
515
77
-113
-103
-47
-23
-11
-19
-17
-17
-13
-19
-9
-13
-11
-5
-9
-3
-1
3
3
11
7
17
25
29
39
47
57
59
65
65
75
71
59
43
23
5
-3
-19
-21
-19
-19
-21
-27
-21
-23
-27
-25
-21
-23
-17
-19
-15
-17
-9
-13
-13
-5
-9
-9
-7
-9
-3
5
7
13
7
9
9
21
7
15
1
-9
-21
-25
-31
-29
-29
-31
-27
-29
-29
-27
-23
-25
-11
-41
-55
127
363
507
359
-33
-127
-79
-33
-13
-23
-29
-13
-21
-19
-15
-13
-11
-11
-5
-7
-3
-3
3
3
11
19
19
29
35
51
55
65
65
75
71
67
43
41
13
-1
-13
-13
-21
-27
-23
-31
-19
-29
-25
-23
-27
-25
-27
-25
-23
-19
-21
-19
-17
-19
-17
-13
-17
-19
-17
-11
-7
1
1
7
-3
3
7
5
11
-3
-15
-27
-35
-39
-39
-41
-43
-41
-41
-37
-37
-39
-35
-33
-31
-65
-33
197
419
515
253
-95
-141
-79
-41
-35
-37
-35
-37
-31
-29
-35
-27
-27
-23
-29
-25
-23
-15
-21
-7
-11
1
-1
11
21
29
43
43
51
51
59
55
41
27
9
-7
-23
-21
-37
-37
-35
-41
-43
-39
-45
-35
-43
-39
-35
-37
-39
-31
-33
-33
-33
-29
-31
-33
-29
-31
-31
-35
-33
-35
-25
-19
-17
-5
-19
-19
-9
-5
-15
-9
-31
-41
-45
-49
-55
-51
-59
-51
-53
-53
-51
-55
-49
-49
-41
-45
-83
-15
235
449
491
101
-149
-133
-79
-47
-49
-55
-51
-45
-51
-47
-43
-43
-43
-43
-41
-35
-35
-33
-33
-31
-27
-19
-11
-5
5
17
21
25
35
37
37
37
17
1
-17
-27
-43
-53
-55
-51
-57
-59
-59
-53
-63
-59
-61
-55
-57
-57
-55
-49
-55
-49
-49
-53
-47
-43
-49
-51
-49
-53
-47
-47
-51
-47
-35
-35
-27
-37
-33
-23
-29
-27
-33
-41
-57
-59
-67
-67
-65
-65
-65
-63
-71
-55
-65
-61
-61
-55
-49
-89
-53
143
369
487
253
-91
-145
-111
-75
-53
-57
-51
-55
-49
-53
-51
-53
-43
-43
-45
-47
-35
-37
-29
-31
-21
-17
-13
-5
7
7
19
25
27
27
33
29
13
3
-19
-31
-37
-49
-47
-55
-55
-57
-57
-55
-59
-55
-51
-53
-51
-47
-47
-47
-39
-41
-43
-39
-41
-41
-41
-37
-45
-43
-43
-39
-45
-37
-27
-23
-25
-31
-21
-13
-19
-23
-27
-47
-45
-59
-57
-59
-61
-57
-59
-53
-57
-57
-53
-51
-51
-41
-67
-83
77
331
503
407
-23
-157
-119
-61
-49
-47
-51
-43
-49
-47
-39
-41
-37
-37
-33
-37
-29
-21
-29
-21
-19
-9
-7
1
13
17
27
35
37
43
51
47
37
23
7
-9
-23
-31
-39
-43
-45
-47
-43
-51
-41
-43
-45
-43
-41
-43
-39
-35
-35
-35
-29
-29
-33
-31
-25
-29
-33
-29
-33
-29
-37
-35
-31
-31
-33
-33
-33
-31
-27
-17
-9
-7
-17
-13
-3
-7
-7
-17
-15
-29
-37
-43
-45
-41
-43
-39
-45
-43
-33
-39
-43
-33
-31
-51
-63
77
345
501
467
15
-153
-109
-53
-33
-37
-39
-33
-35
-27
-37
-31
-31
-23
-31
-19
-23
-23
-15
-15
-9
-7
1
11
5
35
33
35
49
53
55
59
59
43
23
7
-13
-23
-35
-33
-37
-41
-43
-39
-35
-39
-39
-37
-37
-43
-33
-35
-31
-33
-29
-31
-31
-25
-31
-33
-29
-33
-27
-29
-31
-29
-35
-33
-39
-23
-35
-35
-37
-37
-33
-35
-33
-37
-27
-21
-11
-9
-13
-23
-5
-5
-5
-11
-19
-25
-33
-41
-39
-43
-45
-39
-41
-37
-39
-35
-39
-31
-33
-35
-71
37
309
499
473
49
-141
-109
-53
-29
-37
-31
-33
-35
-31
-31
-25
-25
-23
-27
-17
-19
-17
-19
-13
-5
-5
5
7
17
21
35
45
53
51
59
59
53
39
25
7
-5
-23
-27
-33
-45
-37
-39
-39
-45
-47
-37
-41
-43
-45
-33
-39
-39
-37
-33
-37
-31
-33
-27
-35
-41
-27
-41
-31
-37
-39
-41
-37
-39
-37
-41
-35
-41
-35
-49
-23
-43
-33
-21
-13
-19
-23
-11
-9
-7
-9
-19
-37
-29
-45
-49
-45
-47
-43
-45
-49
-41
-41
-43
-37
-35
-37
-77
33
281
487
443
9
-137
-111
-63
-41
-35
-39
-39
-39
-33
-37
-25
-37
-25
-35
-23
-25
-23
-23
-11
-13
-5
-3
1
21
21
27
35
41
51
45
51
47
31
13
1
-13
-25
-37
-33
-41
-41
-51
-45
-39
-47
-45
-41
-41
-39
-41
-39
-29
-33
-29
-33
-27
-31
-29
-27
-27
-35
-31
-33
-33
-31
-35
-33
-37
-31
-37
-23
-17
-9
-15
-23
-7
-7
-11
-3
-17
-27
-35
-39
-43
-43
-41
-41
-43
-41
-39
-37
-33
-37
-23
-33
-73
21
277
481
517
97
-113
-115
