1387.1
1392.7
1390.6
1400.4
1368.6
1366.8
1369.7
1294.8
1283.8
1240.9
1296.2
1246.2
1266.5
1358.7
1402.9
1379.6
1391.4
1448.7
1438.4
1399.2
1422.9
1443.7
1437.1
1470.2
1475.5
1532.1
1578.1
1592.4
1573.3
1656.2
1649.3
1723.4
1700.8
1652.2
1648.8
1668.5
1637.8
1658.5
1688.2
1722.9
1713.7
1714.1
1707
1706.4
1818.3
1789.7
1805.1
1826
1809.1
1867.5
1911.2
1981.3
2024.7
2016.8
2047.8
2079.4
2056.7
2039.2
1965
1980.3
1929.5
1897
1978.1
1990.1
2009.5
2019.6
1988.9
1978.6
1950.7
1954.5
1960.4
1995.7
2051.6
2021.4
1936.1
1920.6
1994.2
1954.2
1909.9
1937.6
1952.1
1927.6
1891.6
1939.5
1767.9
1822.3
1828.3
1788.5
1761.6
1824.8
1782.7
1679
1653.2
1681.2
1680.8
1658.3
1800.6
1781.6
1667
1640.5
1926.3
1880.2
1790.8
1781.1
1790.4
1927.7
1926.4
1952.8
1990.7
1921.1
1866.4
1921.2
2106.9
1985.2
1862.8
2106.6
2035.1
2159.5
2174.8
2337.7
2286.9
2280
2278.2
2237.3
2323.5
2353.5
2299.7
2341.1
2424.6
2424.9
2230.4
2322.3
2380
2445.8
2489.3
2441.5
2469.3
2498.5
2451.1
2371.4
2434.3
2443
2466.7
2451.2
2447.3
2450.5
2362.3
2341
2390.5
2306.4
2344.1
2489
2536.3
2506.9
2499.5
2514.1
2545
2527.8
2487.4
2451.5
2450.9
2421.1
2405.4
2389.2
2422.2
2674.6
2673.4
2662.7
2695.1
2720.6
2719.7
2672.8
2756.5
2736.3
2638.4
2615.7
2569.6
2679.8
2673.9
2768.4
2859.4
2832.7
2801.2
2748.5
2796
2722.4
2670.7
2652.2
2625
2666.2
2734.1
2698.3
2702.4
2667.3
2746.9
2774.9
2821.2
2801.2
2849
2784.7
2803.2
2842.1
2850.4
2893.8
2982.6
2961.8
2941.3
2896.6
2937.6
2906.8
2945.6
2952.2
2985.3
2980.4
2937.2
3007
3066
3038.7
3048.4
2922.8
2925.4
2922.4
2893.7
2931.8
2929.5
2879.6
2926.3
2880.4
2895.2
2843.2
2870.5
2890.7
2839.9
2807.9
2779.4
2824.9
2868.4
2801.3
2864.3
2807.4
2854.2
2900.5
2941
2984.4
3005
2974.3
2973.6
2942.3
2977.9
2906.1
2835.3
2823
2809.2
2764
2806.7
2718.6
2696.6
2768.4
2684
2790.6
2814.9
2762.2
2778.4
2838.7
2844.5
2908.7
2866.4
2982.6
3027.1
3050.4
3115
3153.6
3122.5
3010.5
3040.7
3001.4
3047.2
3078.7
3084.7
3050.9
2979.1
3023.1
2998.7
3020.8
3079.1
3362.2
3302
3359.3
3383.7
3303.6
3283.3
3295.3
3253.2
3262.3
3260
3153.6
3239.1
3285
3510.8
3497.5
3467.1
3475.3
3521
3587.3
3567
3518.9
3584.5
3434.7
3433.3
3500.6
3503.3
3540.2
3545.3
3610.5
3584.2
3605.6
3580.6
3581.6
3581.7
3599.8
3680.2
3680.3
3762.9
3742.3
3744.9
3764.3
3750.9
3820.4
3688.9
3716.1
3701.6
3663
3663.4
3622.1
3658.9
3716
3630.3
3557.3
3650.9
3608.3
3630.7
3668.1
3683.1
3696.6
3706.4
3711.4
3857.7
4011.7
4069.1
4069.5
4056.8
4062.6
4136.6
4105.8
4152.8
4154.3
4069.1
3926
3919
3888.1
3924.9
3941.5
3987.9
3930.1
3926.1
3991.9
3988
3865.1
3880.3
3836.9
3849.1
3838.4
3881.3
3914.4
3945.6
3897
3872.4
3863.2
3872.6
3872.6
3901.5
3878.3
3946.1
3944.2
3957.8
3951.9
3989.6
3870.6
3814.5
3722.4
3748.9
3853.1
3822.6
3943.4
3949.5
3944.5
3900.1
3868.8
3816.7
3856.3
3827
3817.2
3880.1
3834.6
3833.2
3734.7
3881.2
3868.4
3708.3
3885.8
3990.3
3976.3
3906.2
3937.1
3956.6
3863.2
3931.6
3895.5
3909.8
3888.9
4093.3
4037.2
4112.7
4111.1
4157.1
4156.6
4216.4
4210.3
4165
4154.3
4092.3
4116
4211.8
4176.4
4152.7
4246.1
4190.1
4173.5
4192
4160.8
4163.2
4072.4
4005.5
4024.3
4029.4
4090.2
4125.7
4139.6
4173.2
4158.7
4117.4
4104.5
4110.5
4088.3
4055.1
4071.9
4141.5
4169.7
4193.6
4197.1
4167
4101.1
4112.2
4107
3997
3892.5
3919
3880.8
3974.6
4027.3
4043.4
4014.9
4033
4015
4031.1
4007.6
3987.1
4008.1
3986.6
3996.1
3963.1
4030.9
4004.8
3937.5
3952.6
3956.2
3929.8
3909.1
3954.5
3948.4
3909.4
3886.8
3949.8
3942.9
3908.7
3917.2
3907.8
3889.6
3809.6
3817.1
3803.5
3844.7
3812
3853.7
3865
3855.6
3805.6
3814.7
3762.3
3734.1
3644.5
3747.9
3780.9
3771.1
3775.6
3722.9
3683.4
3640.3
3686.3
3659.8
3712.7
3787.8
3865.8
3867.5
3846.2
3896.9
3930.8
3989.8
3984.6
3996.7
3979.3
3980.6
3993.9
4029.2
4008.3
3973
3981.3
3956.8
3876.4
3846.6
3830.6
3822.9
3834.6
3841.3
3848
3873.6
3844.9
3841.3
3848.6
3843.4
3878.2
3857.6
3891.4
3913.6
3937.7
3904.1
3960.4
3937.2
3934.4
3953.2
3857.3
3817
3744
3797.4
3852.1
3820.6
3863
3907.9
3789.1
3882.8
3905.8
3799.8
3781.6
3695.2
3640.1
3646.4
3623.7
3632.6
3628.1
3616.9
3593.3
3552.8
3483.3
3463.7
3471.7
3510.5
3541.7
3526.1
3569.1
3537.8
3555.5
3558.8
3547
3501.8
3524.8
3513.8
3577
3640.6
3588.1
3542
3470.1
3482.6
3456.3
3464.3
3466
3494.2
3458.4
3425.1
3382.8
3327.7
3295
3287.5
3312.9
3310.9
3349.5
3343.9
3306.5
3312.6
3262.7
3318.7
3343.4
3357.2
3324.1
3298.5
3325.1
3274.3
3237.3
3211.9
3191.9
3157.4
3213.3
3183.6
3129.8
3173.7
3196.4
3192.9
3200
3181
3126.5
3078.2
3042
3091.2
3083.9
3066.9
3087.4
3053.2
3072.3
3031.2
3015.1
2994.1
2994.1
2995.6
2999.5
2988
2937.7
2913.7
2992.3
2989.5
3006
3012.2
3079.4
3008.1
3017
3035.6
2952.7
2914.8
2922.4
2934
2949.8
2921.5
2935.6
2952.9
2949.4
2895.7
2889.2
2883.5
2823
2853.6
2872.2
2902.8
2940.1
2947
2961.8
2960.1
2968.6
2972.1
3001.1
2980.3
2984.1
2957
2872.9
2848.5
2870.6
2860.9
2889.4
2842.4
2825.8
2821.7
2800.3
2843.8
2909.3
2945.2
2887
2911.1
2857.6
2888.2
2934.3
2929.1
2903.8
2846.6
2839.5
2805.1
2777
2769
2779.6
2777.7
2801.6
2620.5
2677.5
2698.2
2644.5
2681.1
2721.1
2766.9
2735.4
2710.3
2690.9
2716.2
2742.9
2758.6
2768
2775.2
2783.2
2749.9
2701.1
2695.3
2714
2686.3
2695
2672.6
2691
2740.6
2730.4
2770.9
2787
2767.5
2785.7
2803.8
2861.1
2856.4
2844.1
2889.4
2919.2
2917.4
2939.7
2890.1
2845.7
2888.8
2911.9
2817.5
2851.1
2852.1
2819.7
2851.7
2823.7
2872.9
2899.4
2771.1
2626
2645
2605.7
2641
2667.7
2648.7
2661.1
2681.8
2688.8
2698.2
2688.5
2688.5
2707.8
2702.7
2675.4
2643.3
2665.7
2673.4
2603.3
2576.1
2575.7
2566.9
2587.2
2651.9
2676.8
2654.4
2657.4
2619.6
2647.4
2616.2
2678.4
2697.7
2686
2752.6
2746.1
2806.3
2843.5
2827.2
2845
2847.2
2788.4
2804.5
2798.2
2816.7
2826.7
2811.3
2793.6
2788.8
2775.6
2782.2
2770.1
2783.3
2801.6
2810.9
2792.8
2842.6
2834.6
2851.8
2847.5
2797.2
2779.7
2753.6
2793.4
2781
2813.9
2799.7
2832.8
2819.5
2806.5
2798.2
2795.3
2817.3
2811.1
2821.5
2825.1
3066.9
3088.1
3114
3163
3173.4
3159
3133.7
3162.3
3136.8
3163.4
3141.4
2969.8
2915
2947.1
2953.3
2950.9
2921.9
2929.3
2950.7
3010
3015.9
3034.8
3009.8
3077.9
3092.4
3086.1
3091
3125.1
3132.3
3127.6
3072.7
3067.9
3064.2
3096.2
3083.1
3084.8
3096.1
3052.3
3044.9
3108.1
3123.3
3168.1
3161.6
3125.7
3090.5
3109.3
3089.7
3088.3
3092.2
3110.6
3113.8
3091.2
3127
3113.2
3087.2
3072.8
3100.5
3137.7
3162.4
3170.4
3108.8
3101.7
3069.9
3092.3
3072
3053.5
3043.5
3028
3019.5
2999.1
2994.1
3011
3056.8
3019.7
3029.8
3059.2
3060
3084.4
3021
2997
2963
2963.1
2939.8
2946.9
2961.7
2989.9
2983.1
2975.1
2943.4
2915.1
2865.4
2892.6
2874.6
2875.5
2875
2870.2
2872.8
2813.3
2788.8
2819.7
2843
2835.2
2832.8
2827.1
2843.8
2831.1
2822.8
2821.2
2807.7
2817.8
2819.3
2822.2
2847.3
2797.7
2816.1
2823.6
2850
2845.1
2852.9
2825.3
2853.9
2967.4
2934.4
2863.7
2809.5
2792.9
2796.9
2805.7
2802
2785.3
2787.9
2785.4
2806.2
2801.4
2810.9
2786
2756.1
2740.4
2737
2760.2
2777.3
2772.3
2764.1
2742.4
2767.2
2762.8
2784
2835.2
2848.8
2859.6
2861
2854.8
2877.4
2840
2869.8
2864.8
2849.1
2855.7
2870.1
2837.1
2880.2
2865.2
2850.3
2835.3
2801.5
2808.9
2792.3
2810.4
2818.8
2814.7
2820
2833.6
2834.2
2855.6
2876.4
2867
2865.3
2849.7
2845.6
2826.5
2783.8
2822.5
2834.6
2816.4
2803.8
2864.2
2886.8
2895
2874.8
2869.1
2855.8
2861.1
2835.9
2825.3
2839.9
2834.1
2832.9
2811.8
2771.9
2804.6
2808.7
2809.7
2827
2839.8
2896.4
2819.8
2806.7
2826
2804.6
2818.1
2834.6
2839.9
2820.7
2867
2875.1
2884
2927.5
2880.2
2872.1
2869
2854.9
2853.4
2851.9
2826.5
2830.6
2828.8
2827
2825.2
2825.1
2795.7
2786
2806.8
2812.9
2838.7
2840.5
2817
2830.8
2862.4
2882
2891.2
2890
2895.4
2917.8
2880.8
2817.7
2846.1
2846.6
2851.1
2849.1
2841.5
2878.4
2848.3
2909.5
2856.3
2822.1
2880.4
2847.2
2826.9
2742.4
2769.2
2749.2
2787.3
2808
2773.2
2781.5
2764.3
2754.9
2734.3
2743.6
2694.1
2671.4
2685.6
2709.9
2726.7
2718
2720
2694
2627.7
2654.2
2665.6
2665.2
2682.9
2708
2722.6
2717.7
2695.1
2698.4
2609.8
2601.5
2574.3
2546.1
2577.7
2582.8
2577
2601.2
2557.9
2567.1
2584.2
2575.3
2568.3
2614.5
2622.8
2603.9
2587.3
2575.2
2546.3
2533.6
2540.3
2523.3
2527.6
2541
2545.1
2549.1
2537.7
2521.6
2515.1
2488.1
2483.2
2495.5
2464.5
2446.5
2381.7
2361.1
2376.1
2376.6
2346.3
2362.6
2374.3
2408.7
2385.3
2411.8
2408.4
2429.7
2399.8
2391.5
2337.7
2365.8
2389.6
2390.3
2434.5
2391.4
2414.9
2453.7
2439
2392.8
2429.1
2436.1
2441.5
2425.5
2439.8
2455.7
2450.1
2451.9
2493.4
2502.5
2521.4
2503.3
2493.8
2509.8
2508
2547.2
2592.7
2583.3
2579.7
2578.8
2574.6
2597.8
2594.6
2587.3
2596.8
2570.1
2578.6
2530.6
2536.1
2556.8
2583.2
2597.3
2611.4
2557.2
2596.6
2613.7
2691.5
2685
2698.4
2668.4
2646.8
2602
2643.9
2644.6
2668.4
2667.4
2670.2
2766.7
2795.4
2750.4
2744.3
2742.6
2740.8
2738.1
2790.8
2736.6
2731
2760.3
2729.7
2703.1
2739.9
2682.7
2627.3
2617.2
2634.7
2668.8
2659
2649.3
2639.5
2635
2654.4
2680.4
2635.3
2593.5
2633.8
2648.2
2604.1
2632
2540.3
2554.5
2558.7
2613.4
2646.2
2688.2
2638.8
2623.5
2693.1
2640.1
2689.8
2730.1
2738.8
2755.1
2722.3
2711.4
2725.8
2759.3
2699.3
2746.3
2758.5
2766.9
2778.9
2771.4
2743
2684.6
2757.7
2584.3
2637.7
2632
2623.7
2659
2695.2
2664.2
2620.4
2662.7
2667.5
2672.8
2687.7
2715.2
2737.6
2804.1
2819.2
2814.1
2838.7
2866
2863.3
2860.7
2831.6
2842.2
2879.9
2852.4
2846.8
2841.4
2850.1
2816.6
2805.1
2805.9
2754.3
2716.2
2704.6
2692.9
2706.2
2713.4
2709.7
2705.9
2702.2
2694.3
2657.1
2683.3
2633.4
2622.4
2620.2
2698.8
2653.4
2620.9
2647.2
2640.6
2643.5
2644.9
2660.1
2665.4
2672.5
2620
2635
2632.5
2666.5
2658.7
2572.2
2554.2
2572
2576.6
2528.2
2473.6
2501.6
2553.4
2478.1
2449.9
2488.2
2480.8
2438.9
2428.9
2472.7
2468.8
2476.6
2458.1
2466.2
2404.3
2409.2
2415.4
2402.1
2451
2460.9
2467.4
2490.1
2470.3
2472
2484.3
2496
2486.8
2469.6
2457.5
2437.6
2437.5
2426.4
2435.2
2381
2409.3
2416.2
2438.8
2473.3
2461.3
2438.4
2423
2471.8
2442.6
2476.2
2470.4
2452.4
2417
2413
2421.9
2428
2397.6
2334.6
2325.2
2319.8
2322.5
2311.8
2342.8
2338.5
2308.3
2356.7
2367.3
2377.9
2412
2422.9
2452.4
2442.3
2425.1
2359.7
2358.2
2373
2366.9
2330.8
2322.4
2353.7
2310.4
2310.2
2360.7
2370.6
2394.9
2381.5
2387.7
2365.3
2281.7
2330.8
2303.2
2353.3
2361.2
2386.9
2408.3
2390.3
2351.2
2349.5
2383.6
2364.5
2369.9
2373.6
2396.8
2386.8
2343.9
2380.4
2432.1
2398.2
2423.7
2392.6
2394
2444
2414.6
2446.6
2451.2
2426.2
2413.1
2463.3
2443.1
2469.6
2485.1
2504.9
2525.9
2575.9
2569.3
2585
2575.4
2538
2478.2
2398
2448.8
2426.5
2404.2
2359.8
2356.4
2343.2
2415.1
2427.8
2377.8
2384.2
2350.2
2352.7
2297.2
2341.5
2399.7
2363.2
2335.7
2308.2
2382.3
2423.4
2449.4
2425.1
2429.2
2444.5
2399.9
2372.1
2368.3
2364.5
2360.7
2382.9
2345.4
2315.6
2305.2
2327.1
2339.6
2375.6
2294.4
2304.3
2279.1
2202.9
2152.4
2206.4
2203.5
2238.3
2243.3
2260.6
2323.7
2281.5
2279.1
2269.3
2247.4
2190.2
2079.2
1929.9
2000.3
1996.8
2071.5
2108.6
2109.3
2138.3
2189.4
2178.9
2132.2
2157.9
2150.6
2223
2248.5
2212.4
2178.8
2244.6
2255.1
2217.4
2223
2253.7
2255.9
2185
2192.4
2166.9
2210.2
2113.4
2201.5
2121
2132.3
2077.2
2174.2
2173.5
2245.6
2254.3
2303.5
2316.8
2293.5
2320.6
2408.9
2394.1
2444.7
2409.7
2390
2342.2
2349.2
2356
2381.4
2326.7
2300.7
2221
2210.6
2200.2
2168.9
2240.2
2245.6
2250.9
2256.3
2234.6
2190.5
2164.8
2228
2274.2
2195.8
2244.4
2282.5
2229.2
2243.4
2312.3
2326.5
2377.6
2371.3
2452.1
2414
2465.8
2389
2333.7
2430.3
2505.1
2497.6
2394.9
2341.6
2368.5
2315.1
2327.5
2244.8
2260.8
2050.1
2073.6
2137.2
2115.3
2185.9
2203.8
2033.2
2093.3
2123.6
2058.5
2191.4
2103.5
2145.7
2017.1
2029.7
2012
2032.9
2030
1952.2
2059.4
1922.5
1987.8
1893.5
1836
1792.3
1769.4
1848.9
1912.1
1873.2
1766.1
1706.7
1836.2
1809.8
1698
1728.9
1766.7
1862.4
1818.2
1846
1918.7
1953.6
1925
1971
2083.4
2037
1978.2
2043.9
1988.5
1998.1
1965.1
2092.5
2155.6
2177.8
2156.7
2307.1
2270.2
2284.9
2299.7
2220.1
2228.4
2280.1
2139.5
2062.4
1944.5
2001
1968.2
2056.8
2033.5
1949.4
2005.2
1897.6
1950.6
1939.9
2058.3
2066.1
2059.7
1989
1996.6
1903.8
1922.3
1965.6
2083.1
2207.3
2120.5
2028.3
1920.7
2042.1
1960
2015.4
2077
2139.7
2096.4
1956.3
1856.9
1966.8
2076.2
2039.3
1995.2
1957.7
2034.5
1975.1
2021.5
2011.6
2083.2
2098.8
2159.9
2074.1
2151.8
2204.4
2250.4
2192.2
2151.2
2183.4
2241.8
2321.7
2309.2
2296.8
2284.3
2348.6
2332.2
2364.4
2485.4
2446.8
2366.1
2393.2
2396
2376.1
2438.6
2413.9
2360.2
2262.1
2278
2358
2291.1
2123.7
2167.2
2248.7
2330.2
2328.4
2377.4
2375.4
2360.5
2429.7
2342.2
2355
2440.5
2533.3
2553.9
2637.2
2616
2484.1
2398.9
2414.3
2597.4
2604.4
2697.9
2782.8
2803
2788.2
2757.6
2784.3
2786.9
2789.4
2791.9
2794.5
2796.2
2855
2897.3
2862.7
2882.2
2931.3
2931.5
2928.5
2906.8
2878.5
2921.9
3000.7
3002.1
2964.5
2852.8
2883.2
2828.5
2792
2890.3
2740.6
2688
2704.4
2741.6
2639.3
2681.4
2757.6
2786.7
2812
2828.1
2864.2
2979.7
2983.5
2962.7
2819.2
2937.2
3037.6
3137.7
3081
3046.7
3107.1
3232.4
3272.6
3330
3256.9
3294.5
3333.4
3376.1
3389.9
3337.5
3390.9
3329.9
3458.4
3408.4
3495.5
3632.9
3690.8
3750.9
3729.9
3594.1
3635.7
3630
3624.3
3639.5
3606.1
3589.6
3573.1
3556.6
3551.5
3596.6
3670.9
3675.7
3568.9
3560
3648.6
3702.8
3732.9
3872.3
3924.1
3858
3716.7
3657.3
3685.1
3678.8
3708.5
3767.9
3829.7
3758.8
3786.8
3736.7
3783.3
3899.9
3831.7
3816.7
3687.1
3623.8
3501.7
3573.2
3632.7
3567
3520.5
3453.7
3353.4
3307.2
3324.4
3283.1
3408.7
3451.5
3460.3
3469.1
3539.3
3406.7
3367.5
3390.4
3449.8
3290.3
3267.9
3245.6
3320.4
3456.5
3345.2
3365.5
3287.9
3277.7
3116.6
3118.7
3092.1
3127.1
3125.1
3123.1
3060.2
3097.6
3049.7
3038.4
3078.8
3118.8
2981
2827.9
2996.3
2963.5
2730.3
2967.8
2956
3056.2
3195
3267.2
3121.1
3157.8
3132.1
3156
3165.4
3169.1
3117.5
3065.9
3094.1
3159.1
3050.1
3028
3084
3225
3316
3228.9
3261.1
3256
3362.4
3506.2
3568.8
3651.6
3655.6
3546.2
3587.1
3560.1
3417.9
3213.2
3273.6
3373.3
3460.2
3345.7
3477.3
3454.6
3454.3
3600.4
3678.8
3540.2
3401.5
3581.6
3552.8
3543.8
3606.4
3653.5
3763.6
3857.4
3656.1
3638.3
3394.7
3394.6
3484
3522.6
3587.1
3673.3
3701.4
3687
3782.7
3786.6
3935.3
3861.1
3962.5
4095.7
4072.3
4005.2
4076.6
3962.3
3986.3
4096.6
4067.1
4235.3
4362.9
4337.4
4311.9
4336.2
4483.6
4465.2
4460.2
4491.7
4401.2
4379
4250.1
4514.2
4551
4555.5
4543.8
4577.1
4565.9
4554.6
4651.1
4759.5
4801.3
4732.6
4697.3
4712.4
4815.5
4896
4939.6
5036.2
4968.4
4645.3
4803.9
4817.9
4832
4846
4848.7
4562.2
4486.5
4381.3
4331.1
4125.7
4329.4
4322.1
4408.3
4519.4
4758.6
4589.5
4340.1
4219.1
4452.2
4592.8
4440.6
4467.6
4672
4532.5
4601.5
4695.5
4830
5026.1
4925.1
5027.9
4653.7
4464.7
4522.8
4684.2
4828
4761.9
4676.1
4782.5
4647.3
4770.3
4942.4
5053.5
5250.9
5090.8
5292.1
5462.3
5253.6
5468.4
5529.1
5713.1
5773.1
5761.4
5846.2
6007.2
6105.5
5939.5
5837.4
5844.9
5852.3
5834.9
5817.5
5892
5785.5
5776.9
5610.9
5791.7
5914.7
5731
5536.3
5502
5579.3
5811.6
5698.2
5289.9
5592.3
5674.5
5585.5
5496.5
5569.6
5473
5499.5
5526.1
5552.6
5766.4
5965.2
5987.4
5938.9
6022.5
6367.2
6494.6
6457
6251.6
6111.7
6228.5
6053.6
5827.2
5877.2
5617.5
5713.4
5714.3
6042.1
6005.8
5887.2
5682.2
5898.2
5875.4
6190.7
6232.3
6206.3
6182.1
5739.4
5899.3
6041.6
6314.9
6320.3
6110.3
6235.9
6271.4
6704.7
6924.5
6868.6
6812.7
6454.7
6662.6
6849.1
6519.8
6483.5
6266.9
5999.3
6010.7
6272.4
6174.6
5790.3
5753.4
6086.1
5999
6205
6309.3
6120.1
6223.7
6207.3
6198
6182.9
6209.6
6142.1
6147.9
5966.4
6068.1
6319.7
6664.1
6642.2
6778.5
6972.6
6696.8
6851.8
6909.1
7116.7
7306
7233.4
7489.7
7424.9
7592.7
7207.6
6951.9
6840.4
6730.2
6690.5
6650.8
6463.8
6593.5
6704.1
6741.9
6746.8
6972.6
6980.7
6899.2
6803.8
6906.7
6981.5
6924.3
6899.4
7084.3
6830.7
7037.1
7237
7302.7
7117
7343.9
7451.1
7558.4
7646.3
7727.6
7809
7840.2
7749
7953.5
7685.5
7628.1
7718.5
7652.6
7816.5
7895.2
7714.4
7533.6
7351.3
7428.1
6902.5
6805.7
7273.9
7543
7580.8
7594.7
7779.1
7938.2
8113.6
7948.8
8024
8099.2
8238.9
8003.9
8005.2
7937.5
8109
8204.6
8204.5
8250
8476.9
7946.8
7705.4
7664.9
7114.1
7145.8
7177.5
6651.9
6574.9
6322.3
6414.6
6941.3
7018.6
7209.4
7186.5
7259.6
7113.7
6850.6
6942.2
7247.9
7553.6
7461.7
7592.1
8034.3
8030
7848.9
7667.8
7768.6
7716.4
7782.1
7913.8
8045.4
8177.1
7994.1
7720
7968.1
8387.6
8216.4
8214.5
8802.5
9099.8
8805.4
8335.1
8276
8718.9
9073.9
9107.2
9500.6
9685
9763
9797.1
9620.6
9570.3
9735.1
9900.5
9748.3
9414.5
9592.5
10080
10101
10225
10349
9970.5
10128
10526
10090
9621.5
9431.2
9318.4
9171.9
9585.4
9236.4
9223.6
9049.8
8578.5
8547.5
8634.4
8475.9
8490
8751.1
9085
8983
9148.5
9299.5
8891.1
9064.7
9057.6
9046.2
9209.8
8959.5
9274.5
9485.2
9308.9
8902.7
8961.6
8763.6
9016
9034.2
9098
9468.3
9023.6
8563
8342.3
8211.9
8318.8
8008
7832.2
8328.2
8795.5
9193.8
