492.18
486.22
498.6
464.38
478.33
481.15
466.62
450.2
456.71
454.72
434.27
432.69
404.62
408.13
411.09
432.02
419.26
422.07
449.44
452.97
461.21
467.85
447.93
466.62
470.55
478.12
484.11
505.52
509.51
506.89
505.55
529.37
530.58
511.1
503.09
504.16
500.27
498.68
512.17
530.51
511.54
504.38
501.4
496.63
508.16
485.77
516.75
509.32
500.71
521.49
515.75
530.51
545.37
541.15
559.37
550.51
551.34
538.28
524.62
507.44
514.9
508.21
506.11
510.64
523.39
519.84
529.6
524.64
494.33
507.52
493.03
517.24
503.66
517.09
498.12
475.28
492.35
480.47
458.54
514.56
509.48
483.64
474.51
441.51
417.12
452.39
488.49
489.81
497.52
525.52
485.71
513.75
526.12
539.49
526.35
551.73
581.44
568.44
568.49
552.71
530.68
521.31
479.99
501.53
516.38
530.19
563.3
579.52
555.01
557.16
536.26
593.73
607.45
549.85
548.7
591.42
598.61
632.81
661.97
678.87
718.88
727.29
698.21
753.27
758.62
750.22
758.75
767.58
805.08
772.36
736.25
769.8
753.78
788.48
779.69
775.67
765.22
795.96
785.67
782.76
802.12
807.6
815.6
824.99
812.21
802.14
798.43
814.92
807.41
806.3
803
811.08
821.84
822.23
815.82
813.35
821.48
813.94
796.34
808.53
802.68
786.15
801.07
803.01
814.64
802.84
786.07
795.54
792.1
816.89
816.16
805.73
800.38
802.31
791.52
772.8
779.96
787.78
790.75
786.61
798.07
780.63
786.8
795.5
820.11
818.99
823.28
826.61
849.13
843.27
853.91
854.4
869.67
865.65
872.28
872.7
865.63
851.98
851.45
866.6
872.84
873.75
897.27
877.08
874.79
874.55
881.96
876
873.05
865.6
858.5
868.84
866.05
879.59
880.95
883.65
881.1
870.82
869.08
863.83
853.93
853.21
846.79
856.8
849.99
850.84
849.76
838.84
839.9
845.51
843.82
832.22
825.87
823.01
835.06
834.7
822.1
825.19
801.99
797.8
799.36
814.08
804.06
816.75
817.38
815.17
811.84
808.56
805.09
779.51
772.48
779.54
788.87
795.39
787.48
769.85
755.8
775.06
745.07
761.09
775.51
765.7
769.42
744.89
760.81
768.27
789.98
785.22
789.82
788.51
813.06
821.31
825.38
817.39
801.12
796.47
807.18
796.27
795.52
797.54
810.37
800.24
798.61
794.08
792.63
784.49
793.88
817.34
823.43
804.64
787.02
795.56
789.78
771.87
778.83
769.65
752.64
756.21
758.93
781.58
785.34
804.4
796.22
807.61
800.41
796.63
815.34
817.51
841.58
847.56
858.2
863.13
863.64
877.11
879.31
869.54
856.21
846.25
846.87
840.8
855.21
868.96
869.13
866.17
892.62
885.52
884.46
866.69
854.21
857.27
860.74
854.93
854.98
830.39
821.32
834.48
823.66
834.66
835.78
852.27
854
863.02
867.13
848.55
861.55
873.26
869.9
890.39
879.45
886.52
887.81
907.7
892.62
897.82
895.29
884.83
889.05
890.94
884.82
879.07
900.45
898.34
898.08
905.78
912.38
910.77
916.5
917.18
909.55
913.91
899.4
899.72
902
897.18
885.06
888.47
881.12
874.6
875.57
881.85
879.86
886.06
881.38
855.97
862.46
859.05
856.71
857.63
847.24
853.3
869.17
864.88
873.03
863
850.68
854.85
834.88
855.34
864.35
852.34
856.18
844.06
842.23
838.3
820.83
819.97
837.24
853.26
851.44
849.8
869.71
858.46
851.78
840.53
865.8
858.65
856.33
866.31
858.76
870.19
890.05
890.9
911.94
914.05
923.67
919.46
921.96
920.21
926.23
922.95
908.28
903.69
917.21
916.26
910.99
910.66
907.4
895.51
897.8
897.31
887.48
890.1
896.42
905.65
899.35
908.65
910.04
911.99
906.42
899.68
889.72
899.75
899.18
889.48
908.55
919.99
925.9
921.77
916.3
911.22
901.21
896.28
890.34
904.5
907.46
905.56
898.19
893.26
892.4
887.02
890.61
894.11
886.36
898.83
892.81
892.41
892.3
888.47
886.09
876.14
873.66
886.43
890.06
888
881.12
881.59
880.2
871.92
875.29
876.31
877.31
868.11
866.1
860.31
865.48
862.53
861.79
859.35
858.71
852.41
848.47
847.45
847.44
851.2
855.28
855.68
853.44
851.51
839.49
832.57
823.89
828.44
822.81
819.48
836.13
832.84
829.95
823.95
822.16
809.07
823.69
836.45
838.1
837.38
864
867.56
867.61
866.65
864.49
858.69
857.67
855.52
849.96
842.15
845.03
851.07
850.55
847.24
843.06
842.9
840.79
833.02
827.45
822.73
819.28
817.23
826.95
818.72
812.66
816.49
811.16
818.87
819.16
820.43
814.71
806.09
803.38
801.01
800.4
809.05
807.23
804.37
810.53
813.54
806.51
802.16
805.23
808.84
808.28
807.73
816.07
818.32
811.91
810.8
814.99
816.04
816.01
819.64
820.37
818.62
809.28
809.2
807.11
797.44
795.25
811.63
812.39
808.63
807.03
805.73
806.75
806.56
801.99
793.71
792.27
787.05
791.61
786.97
785.1
776.35
775.04
775.49
785.01
788.76
787.24
796.53
789.56
786.15
784.17
780.32
785.76
782.13
783.82
790.45
784.65
781.02
769.62
771.32
768.39
764.1
768.95
760.01
748.13
750.18
754.25
758.77
758.18
756.14
749.95
742.69
748.25
753.38
748.87
751.43
751.64
752.29
757.44
750.81
738.41
739.36
738.96
743.62
756.68
753.6
749.96
746.67
744.97
741.26
735.52
735.95
737.75
744.77
743.94
750.58
749.09
749.19
738.81
725.38
725.1
731.29
726.77
732.16
738.54
743.06
746.27
741.2
736.44
742.51
741
729.27
736.81
737.25
728.43
712.86
723.49
740.22
722.73
722.51
727.64
732.92
745.87
754.96
752.08
753.38
760.49
758.51
770.44
764.87
763.26
739.17
738.3
745.24
741.19
734.43
738.75
725.56
728.33
740.24
743.3
720.23
716.62
728.63
745.36
746.8
750.33
756.72
760.99
780.03
777.13
765.56
754.17
766.44
761.46
752.36
753.56
757.31
763.25
761.63
768.8
782.77
784.67
789.75
803.86
814.54
816.14
817.95
816.69
808.55
803.95
804.99
801.14
802.69
799.56
799.31
802.27
805.22
808.31
809.65
809.31
801.53
784.01
784.3
783.66
781.33
789.2
792.04
799.9
799.51
793.65
791.11
792.11
791.85
791.64
783.53
785.94
786.29
782.28
781.33
775.28
781.94
784.59
782.51
782.13
776.7
768.54
765.2
760.26
763.87
763.33
767.74
779.87
782.31
785.15
773.6
782.39
780.65
777.3
779.44
772.6
774.61
774.73
767.94
765.51
759.52
765.47
765.22
768.26
765.86
776.02
772.55
774.99
781.93
781.02
776.56
775.27
771.75
762.96
767.95
761.34
758.61
771.48
761.8
763.44
766.73
767.04
772.41
771.34
768.71
762.78
754.3
754.08
749.02
738.05
742.21
744.13
739.25
748.48
745.99
741.24
736.14
733.91
742.16
745.99
749.61
746.29
745.22
744.54
741.06
738.9
742.04
742.21
745.34
745.42
733.66
733.66
730.76
742.7
741.14
739.77
735.07
728.9
727.06
716.88
715.99
719.88
719.47
716.98
713.56
710.53
715.78
714.16
715.1
712.78
700.5
700.38
689.51
678.33
690.41
693.9
695.43
682.2
676.05
685.16
675.96
684.29
681.12
672.12
675.03
683.91
687.8
692.86
689.85
696.18
712.88
720.35
716.33
711.44
702.71
703.97
704.65
700.77
697.89
696.37
705.47
711.89
715.86
712.44
712.6
715.65
720.85
720.56
714.81
718.35
715.21
707.56
711.46
711.49
700.15
702.94
698.24
704.85
702.36
703.16
704.96
702.95
701.65
703.27
703.53
713.18
711.77
713.25
708.2
707.31
704.83
708.49
716.32
723.12
725.02
721.13
720.38
722.25
715.74
714.11
711.63
715.71
709.44
716.44
712.32
704.73
706.39
705.23
707.63
709.69
708.63
702.83
694.59
692.03
696.53
689.88
684.94
687.78
686.01
677.58
676.43
683.32
689.52
688.88
691.09
693.27
692.12
686.19
684.13
681.75
679.06
679.65
674.36
677.39
677.16
674.58
678.28
675.49
670.05
669.94
667.98
661.46
666.67
667.15
662.93
663.14
660.23
649.94
644.42
636.06
639.8
648.78
646.2
650.77
647.25
645.37
643.85
635.3
637.49
632.76
628.23
636.51
636.11
642.7
634.54
640.38
629.1
639.2
631.25
627.38
638.41
647.69
656.53
653.26
655.57
662.42
659.44
658.25
657.56
656.67
658.87
656.31
648.29
655.66
655.24
654.16
658.95
662.18
663.38
666
664.63
670.46
673.51
668.5
668.67
669.73
677.04
682.42
679.06
671.69
672.11
672.48
666.85
670.32
662.39
654.25
650.62
661.35
662.09
667.07
664.18
662.77
662.66
655.93
653.66
662.4
660.35
661.7
652.75
654.08
650.82
645.97
636.66
639.65
637.64
631.22
629.91
633.74
637.27
640.41
646.26
640.38
634.86
636.05
634.52
638.36
634.73
638.01
635.07
642.02
652.17
663.31
664.5
662.97
662.45
654.45
658.41
657.65
655.5
648.72
651.66
651.88
655.9
651.83
645.8
641.3
640.5
637.71
633.92
642.96
644.83
643.07
645.68
637.27
639.03
640.43
639.95
634.51
631.98
627.23
634.62
635.05
629.92
633.75
634.28
627.28
621.31
619.84
617.66
619.98
618.33
609.61
601.52
602.25
602.22
600.9
601.61
592.52
588.44
586.73
592.09
586.43
583.86
588.14
585.26
583
587.43
592.46
594.31
594.16
598.33
605.9
602.12
603.62
601.79
593.2
589.02
586.77
582.76
588.5
585.29
587.12
594.32
589.42
592.1
592.17
588.11
591.28
592.7
589.05
586.68
582.54
588.16
583.81
586.57
581.37
576.62
572.22
578.93
576.14
575.93
570.66
569.76
572.96
565.49
569.33
561.12
558.58
549.51
549.93
557.77
561.34
552.42
551.51
560.7
571.47
573.48
579.79
578.9
578.44
571.02
574.02
566.39
571.35
578.1
579.23
591.32
584.42
583.87
587.97
584.96
586.93
586.35
587.87
585
592.22
590.58
598.81
600.09
607.69
602.29
600.59
603.76
601.01
601.95
596.61
593.29
594.88
594.84
595.26
594.17
586.81
595.34
593.82
601.18
602.34
592.29
588.13
596.48
596.57
594.7
591.74
588.58
585.11
574.05
568.17
565.35
565.13
566.69
561.57
568.25
570
569.33
570.94
563.57
573.28
585.85
592.91
590.05
588.69
583.29
587.86
596.86
606.38
605.27
607.81
610.02
599.9
594.41
602.89
600.62
597.45
598.52
601.19
612.01
610.44
613.68
613.54
616.7
611.75
608.59
603.56
600.99
597.25
589.14
588.34
577.87
580.92
580.92
589.58
593.95
596.13
588.26
587.52
597.6
588.23
594.72
605.18
609.97
615.92
612.09
608.72
609.03
611.21
601.51
599.18
594.16
590.5
589.54
596.59
600.34
605.77
608.4
602.32
605.03
605.74
600.28
596.78
594.41
584.13
581.63
587.39
588.67
588.06
587.62
589.27
598.65
602.87
598.85
598.21
600.62
598.7
593.76
589.44
587.87
584.21
587.86
584.71
585.12
583.99
581.86
580.61
575.91
576.01
579.47
579.3
572.5
571.95
572.77
570.66
568.08
568.56
560.14
558.66
558.47
565.84
564.47
555.28
559.09
566.66
562.29
567.26
569.25
574.71
575.83
567
565.32
563.45
559.76
555.58
546.29
549.26
547.09
552.8
557.17
562.89
561.6
551.55
552.97
559.82
560.37
555.74
553.82
555
548.52
547.36
547.48
544.91
537.01
532.17
532.97
532.92
540.72
538.01
536
543.41
540.71
544.92
543.45
537.31
537.21
534.35
536.01
532.91
530.61
523.71
521.39
510.42
514.2
508.47
514.66
521.11
529.41
526.04
532.03
531.45
525.04
526.47
520.13
520.68
518.47
514.75
525.55
529.28
523.56
526.99
525.67
524.11
518.77
514.94
509.16
506.46
505.75
507.78
514
507.79
507.38
503.56
497.3
494.89
492.26
493.17
486.79
483.83
482.15
481.07
483.05
490.23
491.59
496.84
496.2
496.05
496.56
493.48
489.68
492.54
491.99
488.05
493.99
487.96
496.38
500.01
502.35
496.73
492.07
499.86
498.89
494.78
487.53
489.23
482.83
480.21
482.25
483.07
478.88
476.92
476.36
484.33
484.32
490.13
491.53
491.64
482.36
488.44
487.26
480.21
474.92
484.03
486.87
482.47
475.26
476.4
474.54
463.55
464.07
463.12
454.59
450.81
447.12
443.86
444.19
452.4
456.01
454.46
454.28
454.86
449.74
444.33
447.85
449.48
447.33
445.77
437.74
438.79
436.72
435.31
428.46
432.74
435.72
431.46
423.95
422.65
416.7
420.75
418.26
411.83
412.8
411.36
414.7
417.75
416.84
418.19
421.55
412.49
409.47
414.14
413.63
413.54
415.83
410.24
423.49
415.9
411.98
412.42
409.5
397.29
397.32
385.18
386.14
390.43
398.36
396.02
398.33
398.96
404.31
406.43
405.03
401.33
405.34
402.17
409.17
403.45
404.06
407.87
398.42
394.85
397.5
404.6
406.29
403.48
408.33
411.27
412.82
416.52
416.91
410.67
417.18
414.73
410.42
418.08
418.79
423.23
426.44
432.55
439.24
439.61
442.99
441.58
443.45
443.06
435.52
442.08
446.63
439.34
441.54
429.79
427.5
427.36
433.81
432.76
435.06
434.07
428.74
430.02
435.79
439.56
431.03
437.54
437.45
435.25
429.2
440.11
438.35
440.94
443.24
450.68
448.63
450.56
438.02
447.3
444.78
444.27
434.5
425.59
429.88
433.1
428.73
418.82
419.08
414.98
423.95
429.9
439.1
434.12
433.77
433.06
424.63
425.06
419.45
423.47
428.63
421.86
428.4
422.72
430.71
422.98
422.64
409.45
422.49
406.13
401.11
388.67
372.88
385.34
379.79
389.08
399.58
404.86
416.36
407.38
411.03
421.34
413.91
402.69
407.77
414.6
413.42
425.97
427.28
435.47
437.56
434.27
445.45
445.4
444.2
441.56
429.67
438.32
429.85
443.42
445.92
441.35
450.56
460.66
454.22
465
460.31
452.18
457.15
449.98
447.35
440.37
426.52
436.59
436.42
435.13
425.23
420.84
406.98
419.28
431.89
441.71
442.36
438.96
416.34
412.93
414.05
395.43
407.47
421.51
431.67
443.63
441.01
441.39
444.79
447.73
447.26
459.52
470.34
478.58
462.28
463.72
477.82
489.5
483.97
479.75
479.97
487.7
490.93
496.63
502.87
509.03
509.1
495.54
492.26
498.67
499.12
509.74
509.28
504.66
514.58
511.49
515.3
528.58
527.48
527.74
531.43
534.09
538.91
531.6
531.68
539.08
545.3
542.17
544.52
546.5
533.93
526.75
532.03
539.73
525.57
527.18
535.1
538.64
540.04
538.22
529.13
532.15
538.46
537.07
541.68
542.34
549.9
548.33
550.28
550.38
541.78
542.17
536.38
543.98
535.15
536.63
530.38
530.29
528.39
535.86
540.95
541.1
539.25
533.15
527.56
535.81
539.71
536.33
542.72
541.77
537.58
533.05
532.47
535.57
537.69
537.67
533
535.12
527.96
528.84
515.44
505.38
507.98
505.91
503.14
496.42
491.81
497.95
491.04
500.24
504.62
506.03
500.94
502.95
495.56
485.05
489.04
492.79
493.38
504.26
503.76
497.76
507.59
507.44
505.32
501.43
493.39
497.23
502.38
495.8
503.96
500.71
508.21
513.54
512.92
512.83
513.09
518.05
511.59
506.51
508.31
514.51
510.19
507.93
503.58
501.72
496.02
501.93
502.83
496.73
491.65
487.66
495.29
496.73
496.09
503.4
505.61
503.85
490.44
481.13
483.75
488.11
480.95
488.62
488.82
483.31
477.99
479.9
483.52
477.27
476.75
480.23
479.93
471.23
469.42
469.26
472.05
471.78
465.67
459.65
458.4
450.77
448.46
456.99
467.03
463.53
455.67
454.78
455.94
448.87
443.27
447.25
459.29
454.25
455.47
459.52
449.62
437.58
437.6
441.58
444.41
442.38
429.65
424.26
432.03
421.42
414.26
419.16
417.66
404.34
412.84
428.79
437.46
444.75
467.16
470.56
478.47
486.33
492.27
493.79
490.65
496.66
497.52
503.21
503.77
498.76
498.51
493.24
496.96
495.39
502.99
502.75
503.93
502.43
498.54
497.02
496.78
504.64
505.88
511.95
513.14
513.54
511.05
510.67
511.09
507.44
499.42
494.47
505.42
510.37
508.19
506.13
507.86
501.69
509.57
506.96
496
497.59
503.11
503.73
512.8
516.47
516.21
519.12
512.7
507.46
504.83
503.06
506.09
513.13
511.84
504.23
505.19
509.25
509.47
521.04
524.14
524.53
531.61
535.58
534
539.99
530.78
526.94
521.59
514.92
525.56
533.01
534.62
532.91
545.62
547.06
532.02
532.82
524.76
512.28
507.94
508.71
511.82
511.22
513.19
513.09
517.17
506.04
514
514.44
510.31
506.86
499.5
494.17
483.71
486.34
493.38
497.78
491.58
475.48
470.43
474.98
466.99
467.47
453.38
447.44
456.25
433.7
435.69
450.34
459.92
456.31
457.33
468.3
462.89
457.95
446.75
451.44
460.85
470.27
460.07
471.24
473.59
481.01
478.13
496.78
506.44
510.91
507.13
500.67
499.96
495.35
497.26
501.7
510.65
498.26
498.63
502.67
510.46
519.23
527.78
523.29
521.72
523.93
519.95
522.06
523.89
525.85
519.79
518.29
525.48
527.9
529.42
528.9
519.01
518.6
520.81
520.15
506.25
504.35
509.73
509.42
508.2
507.83
506.83
500.72
488.12
487.92
489.37
504.52
514.17
494.53
516.74
526.44
515.61
505.22
501.32
483.32
479.89
496.62
502.16
494.58
499.72
508.71
517.79
534.83
527.93
503.04
501.81
506.77
488.72
490.52
480.38
490.07
492.06
504.22
501.4
488.04
494.14
492.35
504.17
503.69
513.41
503.14
493.42
502.03
514.72
522.45
528.14
529.87
529.02
530.04
520.63
520.17
507.48
503.81
500.85
494.99
509.73
515.78
515.44
508.1
491.82
493.29
503.04
501.26
484.97
496.33
502.96
513.04
512.92
522.66
523.58
522.81
531.3
538.81
542.35
529.04
526.77
529.7
526.94
524.81
531.49
531.24
525.57
541.17
545.4
540.03
542.5
544.87
544
548.4
540.61
541.78
548.6
542.9
535.8
534.31
529.6
525.92
523.58
523.89
523.31
523.45
517.12
513.87
518.98
512.7
504.54
507.87
511.45
512.02
505.23
500.48
496.06
491.89
488.97
482.75
488.66
496.41
497.82
498.79
504.23
511.41
505.93
511.6
518.23
517.37
514.98
513.91
506.73
503.6
497.41
491.59
484.45
491.45
481.77
491.74
491.38
490.88
488.82
492.78
503.87
505.59
503.02
496.61
495.8
489.68
492.18
487.09
495.27
491.22
495.79
494.09
496.55
502.22
489.62
475.17
474.53
458.04
458.01
461.49
455.36
463.14
469.62
479.4
485.12
489.22
482.79
477.77
475.24
464.52
478.28
481.81
485.51
479.92
465.76
475.83
488.44
481.85
475.76
469.73
473.25
454.84
460.85
461.06
462.69
446.66
430.94
463.73
466.26
475.04
475.52
491.79
485.07
475.81
471.89
480.45
499.69
478.75
480.36
489.69
496.55
498.15
496.78
494.33
482.61
474.76
486.99
486.3
458.12
458.54
470.63
483.97
482.32
473.08
476.6
478.96
479.18
465.75
468.71
461.48
448.56
446.96
450.34
445.85
437.65
439.08
450.95
445.4
444.72
443.48
443.39
450.43
444.34
452.65
447.04
445.16
447.05
441.01
437.63
431.79
430.19
439.34
441.81
442.5
441.45
452.87
452.16
451.98
449.94
448.47
443.52
432.67
436.91
448.08
436.74
424.45
426.37
422.54
438.13
444.67
441.72
442.2
436.69
434.13
437.28
431.8
426.79
418.29
417.11
419.19
415.28
411.75
419.58
419.71
418.56
422.49
426.69
429.75
432.93
428.58
422.97
420.11
418.63
425.65
423.57
420.1
428.91
432
433.03
428.32
427.62
422.42
419.45
415.05
415.46
413.69
415.08
413.6
409.43
405.28
401.64
400
399.62
391.2
380.09
379.14
382.65
382.85
376.31
377.51
372.88
369.5
375.05
380.63
380.03
384.84
391.56
385.07
387.94
389.86
384.82
385.54
379.03
380.59
382.16
380.83
384.62
382.43
384.83
393.96
392.42
400.02
403.32
397.11
401.09
405.31
405.19
408.47
405.96
401.82
405.36
404.69
394.76
398.25
393.08
392.7
398
402.86
404.9
404.88
406.43
401.79
398.43
400.3
402.66
400.83
401.35
396.05
396.18
389.18
394.7
395.11
398.1
395.96
401.19
405.38
407.46
405.63
412.06
414.08
408.24
415.37
417.26
421.02
416.01
423.98
427.82
427.67
423.92
419.73
421.6
421.63
420.04
418.08
420.44
419.82
418.78
416.7
415.22
408.52
403.79
404.01
411.64
408.38
410.71
407.49
408.15
405.96
399.73
396.07
398.83
400.91
403.05
401.46
408.33
403.65
398.03
396.47
393.16
395.87
393.76
393.88
391.47
396.63
403.01
403.94
403.7
398.02
399.33
399.52
409.63
407.75
405.18
400.96
398.74
394.99
400.83
398.8
400.83
394.59
397.86
395.56
393.21
392.45
389.9
389.26
386.73
379.91
377.12
380.28
377.66
374.3
371.92
370.3
368.96
367.6
362.46
367.2
369.89
366.68
366.1
364.57
370
363.05
363.43
357.83
353.14
360.8
362.31
369
367.22
366.74
365.92
364.1
366.57
365.5
364.25
367.43
364.96
361.78
357.25
359.82
357.81
356.5
358.36
361.47
364.78
364.95
358.58
357.97
355.16
360.44
359.95
367.09
358.76
361.92
368.97
367.22
372.25
378.85
373.82
377.75
376.7
377.85
374.67
377.39
375.89
376.25
377.36
382.81
385.65
383.91
377.93
382.89
384.35
388.14
391.16
391.84
395.13
390.38
389.04
392.31
377.54
373.39
372.02
367.01
366.28
359.27
361.04
354.39
353.37
347.95
347.25
344.12
350.85
352.21
359.02
358.93
360.68
355.54
350.91
352.89
352.03
350.35
359.74
357.59
355.86
357.22
353.57
353.47
351.49
348.77
346.74
345.67
345.52
344.82
347.09
349.05
351.96
349.46
346.97
340.31
342.01
334.05
328.04
323.96
322.06
322.62
318.74
320.18
316.76
316.86
314.94
310.31
305.42
293.24
287.14
290.51
283.63
275.93
285.31
289.31
289.63
299.39
296.29
307.03
313
314.84
312.51
312.54
318.65
309.97
307.36
307.86
305.5
311.8
308.5
306.74
300.31
293.25
299.18
305.21
291.65
290.51
293.92
290.25
281.1
299.87
304.95
318.78
325.42
326.33
327.18
332.59
335.77
338.46
331.88
329.85
331.74
335.08
328.22
336.85
340.84
334.99
329.17
332.25
343.29
345.76
352.45
346.07
347.28
354.07
355.12
357.91
364.94
368.45
375.14
374.7
374.23
372.19
369.83
368.64
368.86
369.64
369.61
366.56
366.48
365.42
365.66
360.08
360.57
357.49
356.97
357.48
355.71
352.35
348.72
350.26
352.92
348.81
344.93
352.01
353.67
357.98
362.01
360.86
359.66
356.96
353.69
355.27
354.57
358.15
358.52
354.94
357.75
363.22
366.43
366.97
368.39
366.34
368.52
372.06
372.69
372.79
372.33
374.61
370.61
373.31
376.07
378.17
378.12
375.39
370.47
366.32
362.22
371.71
375.75
380.67
379.99
378.75
377.56
374.04
377.09
374.48
370.12
368.95
366.78
367.78
372.13
374.11
374.3
372.49
369
366
367.5
368.99
368.51
368.58
365.81
365.51
365.83
365.03
362.71
362.86
361.28
361.17
360.21
357.82
353.65
355.35
350.01
353.88
354.53
353.15
353.39
353.99
350.1
345.53
348.05
346.85
347.13
346.57
343.44
343.89
343.98
342.63
341.82
338.73
339.39
337.49
337.34
335.25
333.43
326.7
327.17
325.24
319.74
318.29
319.94
321.49
324.58
326.46
322.07
318.74
319.99
317.11
311.57
312.8
323.11
325.78
328.53
333.39
332.1
333.37
330.91
325.04
320.29
319.45
320.12
321.41
320.26
321.58
324.59
324.24
320.96
320.22
322.34
328.02
331.57
334.81
333.89
329.73
328.77
326.38
326.31
321.25
321.49
319.71
318.9
323.36
323.6
319.14
319.79
322.27
316.71
312.92
312.02
318.24
319.35
319.7
325.13
327.12
324.46
323.47
316.89
313.47
317.94
316.15
308.39
329.48
331.37
338.03
339.22
334.2
330.11
335.64
338.83
338.7
339.14
338.56
339.31
338.59
339.84
338.18
336
334.32
332.67
331.66
331.87
329.88
328.46
329.57
331.26
333.02
332.54
331.72
330.35
329.45
325.95
325.91
321.3
322.75
324.66
323.87
321.99
320.7
319.66
318.47
313.97
313.17
314.19
313.29
313.21
311.74
312.28
314.65
311.58
307.1
307.36
310.51
310.49
310.32
310.95
311.89
316.6
319.1
316.83
315.08
313.93
314.67
313.62
308.59
306.91
307.76
307.28
307.1
305.12
301.16
303.6
305.25
306.54
302.85
300.87
299.91
296.59
294.61
295.95
293.97
293.88
291.68
289.24
286.65
287.52
285.66
287.08
288.46
287.16
290
291.45
289.34
289.15
288.35
287.65
285.77
283.1
282.64
282.6
281.99
280.78
279.36
280.14
280.98
279.16
277.05
277.26
276.58
275.6
272.06
272.39
271.39
269.42
269.44
271.02
269.83
268.91
269.89
267.76
267.25
266.18
267.8
269.28
263.83
258.05
257.07
254.83
249.54
248.04
251.77
251.2
250.2
248.32
251.92
251.99
251.47
251.61
249.42
248.94
253.76
255.29
255.84
255.06
252.06
249.22
249.14
250.85
250.84
257.76
261.42
260.35
259.33
259.92
259.88
258.94
260.82
262.5
264.27
263.14
266.02
267.82
267.77
266.42
265.78
265.37
263.68
262.19
262.36
263.12
266.35
267.66
266.04
265.05
266.09
269.04
268.91
269.05
268.36
265.72
262.09
262.32
264.02
262.77
261.64
264.26
264.67
264.89
263.55
261.11
261.55
261.1
262.63
265.6
266.48
266.13
265.74
264.74
263.52
262.03
262.61
260.12
261.22
259.85
258.17
258.66
256.96
255.67
252.11
255.58
255.36
254.75
253.8
252.49
251.45
253.06
252.89
249.87
247.41
247.16
249.64
251.15
253.29
256.21
256.84
253.45
255.82
255.77
257.31
257.41
255.61
255.82
255.52
256.32
254.97
252.39
253.6
252.57
252.4
252.53
252.64
250.97
250.32
250.24
248.95
248.3
247.54
244.22
242.56
242.43
242.34
241.53
240.49
241.91
243.44
243.75
243.6
242.82
244.62
245.89
245.4
244.64
244.91
245.33
244.2
242.79
242.88
243.87
245.58
245.68
243.07
243.33
241.48
241.93
242.27
242.22
240.77
239.79
238.74
239.6
238.54
238.06
239.13
238.76
237.77
235.3
233.86
232.66
232.6
231.85
229.92
232.13
231.21
232.13
232.77
234.41
233.17
231.99
232.84
233.23
231.31
230.8
230.82
231.11
230.43
229.6
227.48
229.21
228.34
228.12
228.68
226.98
225.88
227.1
223.39
219.8
218.99
217.77
219.78
216.9
214.34
215.92
219.44
221.66
223.79
220.19
215.99
218.6
224.61
224.47
228.98
231.05
229.66
231.84
235.54
236.98
237.87
236
232.64
231.21
234.09
235.17
234.96
234.97
236.56
236.69
237.87
238.56
239.95
241.29
240.4
240.08
239.68
240.55
242.38
241.98
239.72
239.89
240.54
238.7
240.3
241.88
241.93
242.29
242.14
242.42
241.59
241.38
240.75
240.65
238.69
236.68
234.37
232.63
233.05
234.37
235.07
234.66
238.08
237.07
237.34
237.26
236.77
235.43
234.34
232.65
230.76
229.87
228.56
230.33
228.17
227.09
224.86
227.6
229.52
227.69
232.07
232.11
232.13
231.88
230.3
229.4
229.63
228.96
228.9
230.35
229.99
230.28
231.81
232.53
229.22
228.43
227.37
225.02
226.26
224.38
230.5
230.35
229.65
228.51
225.8
227.87
229.81
229.22
229.74
230.4
230.56
227.15
225.23
227.46
227.46
226.53
226.39
227.16
226.16
225.64
224.09
224.19
223.05
221.3
221.96
220.76
219.22
216.94
216.57
215.67
216.9
214.24
214.23
212.87
211.18
210.37
208.66
207.94
210.37
211.1
208.23
211.45
215.33
215.08
215.42
218.1
218.68
217.84
216.32
216.39
216.01
215.1
214.12
212.45
211.84
208.23
212.49
213.38
216.84
215.56
217.55
217.83
217.18
218.6
219.64
219.8
217.63
218.69
217.3
215.55
214.33
214.02
212.67
212.66
213.11
215.47
214.98
213.34
213.52
215.78
216.38
216.22
214.29
213.83
216.12
216.22
214.74
211.43
209.9
210.98
209.1
208.65
210.35
212.94
213.5
213.83
215.49
215.89
215.18
212.81
213.04
211.91
209.89
206.82
207.44
211.4
211.06
209.65
212.62
213.96
215.7
215.92
213.19
214.07
214.4
216.35
217.04
218.45
217.84
216.57
216.69
217.88
217.54
217.28
217.5
216.85
215.52
215.44
214.16
211.21
210.87
209.67
208.58
208.95
209.86
209.6
210.42
210.17
209.63
210.7
210.88
209.33
206.95
207.02
205.76
206.11
206.29
205.58
205.51
204.83
204.18
205
205.88
207.42
207.1
207.69
205.17
204.36
202.81
200.88
200.45
198.89
203.69
205.64
205.35
205.54
205.15
202.57
203.14
202.94
200.3
198.63
197.92
197.37
196.8
196.12
195.92
196.88
199.5
200.17
198.03
198.02
197.57
195.76
194.86
194.06
194.02
192.44
191.63
192.7
192.47
192.9
192.99
191.44
190.8
189.9
188.38
189.55
190.52
190.14
190.69
189.25
188.01
188.48
190.49
190.68
189.92
188.57
187.89
187.02
186.6
185.95
185.12
185.47
186.24
185.06
185.21
185.82
185.29
184.59
184.32
184.32
183.19
182.35
181.56
183.11
184.37
185.25
184.54
183.74
183.44
182.54
182.7
183.15
182.5
182.38
182.37
183.12
182.17
182.71
182.51
182
179.91
179.71
179.94
180
180.16
180.64
180.56
180.51
179.58
179.26
177.82
177.64
177.03
178.5
179.17
178.63
178.77
179.55
177.61
178.66
178.9
177.65
176.87
177.29
178.36
178.82
177.7
177.83
178.35
177.52
177.24
176.86
177.02
175.39
172.82
171.69
170.96
170.36
171.46
171.17
171.45
172.03
170.84
171.48
172.74
173.53
173.8
172.84
171.05
170.27
169.88
170.32
170.06
169.43
168.62
168.96
168.04
169.44
169.28
168.31
168.99
168.48
167.77
167.6
166.33
165.82
166.21
166.59
165.52
163.32
162.68
162.66
162.93
165.51
166.46
167.2
166.73
166.05
168.18
168.48
167.81
167.45
165.83
166.14
169.52
171.22
171.87
173.04
173.39
173.21
172.2
172.91
173.74
174.38
173.39
174.22
175.47
175.28
175.31
176.5
176.91
174.04
172.74
172.1
172.7
173.57
174.44
175.67
174.5
174.64
175.12
175.16
174.98
174.85
172.91
171.55
170.3
170.7
171.65
174.13
174.85
174.12
174.53
172.81
172.92
172.8
173.3
173.77
175.16
177.2
177.85
178.51
176.06
175.87
175.13
176.14
177.77
177.04
176.19
176.52
176.95
178.43
178.7
177.76
177.8
176.36
175.76
175.47
174.36
174.35
174.19
174.63
173.45
172.87
172.7
172.24
172.72
171.27
171.12
169.97
170.79
171.26
171.44
171.08
169.91
168.02
167.59
168.25
168.46
168.74
168.51
168.78
169.87
170.19
170.14
170.46
168.66
167.23
166.75
166.63
166.35
165.21
165.5
165.33
164.61
164.95
164.11
164.36
162.44
164.55
166.53
165.33
167.86
170.19
171.48
171.25
172.29
171.72
171.28
170.84
170.74
171.54
173.13
173.44
172.85
172.25
170.79
170.54
170.31
170.66
169.77
170.27
169.36
169.77
169.48
167.06
164.63
165.71
166.36
167.01
166.42
167.98
171.13
171.12
173.39
173.48
173.83
172.6
171.51
172.26
172.13
170.49
170.23
167.45
168.18
170.02
171.85
170.75
169.28
172.61
173.81
173.64
174.68
173.88
174.27
171.84
167.86
171.52
172.59
178.07
179.72
180.84
182.43
183.56
183.41
183.86
184.29
183.28
182
182.19
181.19
179.96
181.02
181.51
182.12
181.31
179.8
179.31
177.01
180.71
179.98
179.04
178.98
180.99
179.71
180.79
182.13
181.4
180.66
180.06
179.91
181.63
180.66
179.78
177.75
183.71
183.76
183.49
183.28
182.55
181.62
179.51
178.15
178.87
179.67
180.35
179.78
180.06
180.74
180.23
179.85
178.9
179.55
179.31
178.8
178.14
178.48
177.61
177.3
178.13
178.8
178.81
177.74
176.59
175.58
174.35
173.82
174.85
175.01
174.22
173.88
173.42
174.2
174.05
173.93
174.98
175.15
175.47
174.88
174.18
173.83
172.94
172.1
172.95
172.21
171.46
169.74
170.91
171.95
172.69
174.37
174.38
175.64
174.97
175.32
173.45
174.29
171.96
170.05
172.82
175.8
176.24
175.55
174.72
174.34
173.23
173.12
174.13
174.18
173.81
174.22
176.29
177.68
177.76
176.64
176.24
175.52
174.01
174.42
174.91
175.6
175.82
175.69
175.37
175.42
175.72
174.82
174.71
173.54
172.63
170.82
171.14
171.74
171.1
171.65
170.32
171.46
172.87
171.93
170.37
171.21
173.97
174.24
174.78
173.94
173.4
172.89
172.63
172.91
173.64
172.39
171.88
171.97
172.08
172.55
170.42
169.42
169.42
169.99
169.7
169.89
169.09
168.68
169.29
168.62
168.48
167.75
167.44
167.09
166.4
166.39
165.51
164.44
164.94
165.24
165.08
166
166.84
167.41
167.64
167.45
167.47
166.91
166.8
166.87
167.91
167.86
168.16
167.79
167.97
166.01
164.55
163.33
163.97
163.91
163.62
164.52
164.67
164.46
164.51
163.85
163.72
163.41
162.72
163.42
165.39
166.36
167.16
167.63
166.97
167.04
167.99
165.8
165.02
165.01
165.35
165.13
162.36
162.31
162.24
162.21
163.35
163.53
163.53
163.38
163.34
164.26
163.35
162.04
160.59
159.5
158.88
158.56
156.56
158.87
159.69
160.74
160.65
160.99
161.32
161.51
161.91
162.25
161.74
160.3
160.09
159.45
160.93
160.69
162.52
164.65
164.4
162.91
162.6
162.72
161.01
161.09
161.76
161.45
163.46
162.92
163.58
164.11
163.96
162.39
164.63
163.65
163.65
162.69
161.89
162.35
161.99
160.23
160.11
159.6
158.78
155.9
155.84
156.19
156.95
158.13
157.51
161.4
163.83
164.26
163.9
164.62
165.48
166.49
165.45
164.84
163.55
162.76
161.87
161.94
163.47
164.67
163.29
162.29
161.57
161.48
161.69
161.2
160.8
159.8
157.92
158.01
157.25
157.57
159.04
159.16
158.62
159.96
159.56
158.98
157.94
157.46
157.11
157.34
157.43
157.5
157.61
155.21
155.92
155.66
156.27
156.3
156.77
157.25
157.6
156.92
156.23
155.66
156.16
155.08
155.13
154.61
154.05
152.76
152.85
152.6
152.07
150.63
151.67
152.24
152.29
152.61
151.26
150.96
149.68
148.87
147.98
148.13
148.18
147.3
147.91
146.96
145.71
146.14
145.63
145.54
145.73
145.78
146.12
143.61
142.82
142.47
142.34
141.92
141.06
141.95
141.72
141.81
140.59
140.49
143.31
144.19
143.88
143.16
143.23
145.65
145.58
145.23
146.43
146.31
145.93
146.89
145.7
147.09
147.11
145.5
144.39
143.42
144.21
144.35
144.59
143.54
142.77
142.58
142.52
142.4
140.74
140.78
142.2
144.89
144.11
144.77
144.45
144.43
143.82
144
144.07
144.42
144.29
144.83
145.34
146.11
146.91
146.27
146.2
145.38
144.64
142.58
142.06
141.26
141.78
142.09
142.49
141.35
143.33
143.57
144.6
143.15
142.37
142.14
140.53
139.84
141.39
140.7
142.43
140.02
138.78
136.61
135.87
136.83
136.83
136.7
136.59
136.67
136.8
139.44
140.68
140.64
141.21
140.05
141.63
143.44
144.05
144.75
145.29
144.83
145.1
143.81
143.66
142.16
142.31
143.18
143.03
143.1
143.68
142.76
143.08
142.09
143.44
144.33
145.12
144.34
144.79
145.23
145.39
144.25
143.19
143.25
141.45
138.96
139.63
139.95
140.7
141.11
140.25
140.76
143.26
145.51
146.1
145.06
143.13
143.7
139.67
139.8
143.81
143
142.79
144.7
144
144.64
145.55
147.01
148.08
147.14
148.37
148.37
148.86
149.09
148.85
147.47
147.06
147.4
146.77
147.96
147.36
147.04
147.71
149.52
150.79
151.19
150.95
152.12
152.13
149.85
149.52
151.01
152.46
150.72
150.09
152.62
152.78
155.17
153
152.46
152.09
153.35
153.39
152.27
150.5
148.97
149.26
148.32
149.43
149.81
150.47
150.16
150.47
147.76
149.37
151.2
152.39
153.01
152.31
149.67
149.34
150.28
149.92
147.61
147.1
147.42
146.69
145.04
146.49
143.02
141.71
139.26
137.69
134.15
134.03
133.43
134.02
135.29
135.09
134.48
133.02
133.85
133.94
134.73
133.4
133.98
133.85
133.14
130.45
130.82
130.84
131.23
131.27
132.93
132.29
132.73
133.36
133.95
138.33
139.07
138.05
137.99
136.85
137.23
135.51
135.42
135.33
135.5
135.97
135.65
134.33
132.85
131.43
131.47
132.99
133.63
133.65
134.05
134.09
134.18
133.02
130.71
129.09
128.54
128.04
128.86
128.72
129.91
130.08
130.95
131.62
131.52
130.48
131.05
130.86
130.54
130.19
130.2
130.24
128.98
127.89
128.13
128.06
129.13
128.49
127.3
128.72
129.05
129.37
130
131
131.99
131.75
132.12
131.11
131.29
130.93
130.55
130.18
128.65
127.33
