175.88
177.77
172.98
169.13
170
169.83
169.1
167.23
166.9
161.69
161.58
154.03
154.95
157.08
163.13
159.75
160.72
164.78
168.32
167.71
168.79
167.64
172.99
176.29
179.14
179.69
183.59
186.66
188.62
190.01
190.09
195.18
194.49
192.22
188.85
188.12
185.28
185.78
188.84
192.2
187.47
186.29
179.62
180.92
185.49
182.44
187.57
192.72
191.22
192.05
201.6
202.91
206.04
209.25
208.57
212.59
211.28
210.11
202.99
198.67
196.98
196.9
199.39
199.27
200.79
202.78
197.75
200.45
198.93
203.86
203.23
198.14
189.55
194.27
195.04
194.13
188.16
200.86
200.75
197.99
195.32
194.64
182.99
185.36
187.53
198.58
197.91
203.43
205.67
199.92
209.94
215.48
219.01
211.84
220.83
228.66
218.04
216.14
208.98
209.42
196.86
192.25
191.14
200.67
205.38
213.3
219.35
213.15
208.31
212.88
229.98
227.21
205.38
217.99
226.6
234.51
243.07
256.05
253.84
257.69
257.67
251
266.01
269.42
266.63
269.14
271.8
278.16
260.62
259.1
267.95
268.91
276.78
278.83
278.09
280.68
282.79
278.33
280.46
290.61
292.36
289.76
288.84
289.18
283.69
283.86
281.67
284.47
280.28
281.97
282.79
287.29
288.86
289.13
288.92
293.32
294.75
292.32
288.98
290.08
289.19
281.28
282.25
284.84
287.42
284.62
280.67
285.91
284.7
292.29
288.47
285.19
284.82
278.97
275
269.92
273.59
276.09
282.73
284.84
284.05
283.66
284.57
287.89
282.79
286.58
291.14
291.39
292.49
299.84
297.5
299.26
300.06
305.71
306.36
312.07
311.45
310.39
310.56
308.8
314.82
314.85
317.42
326.43
325.75
327.49
325.89
331.28
329.43
329.36
326.02
327.21
326.03
332.25
330.23
335.22
339.19
339.18
338.71
336.77
335.57
334.78
333.46
334.91
336.11
336.01
336.73
337.04
334.93
330.03
331.29
330.88
328.29
326.6
325.63
326.28
330.34
324.28
326.03
321.76
319.42
318.83
326.36
325.89
327.62
329.84
330.01
327.4
329.45
326.99
315.24
315.46
317.44
313.15
313.5
305.97
303.85
309.71
301.27
312.73
315.5
315.73
309.93
312.16
316.52
321.86
316.74
320.55
323.62
328.59
334.41
336.13
331.91
327.26
328.13
328.77
329.93
329.25
325.12
329.75
331.4
327.84
319.61
319.66
321.69
325.38
322.99
335.6
335.62
329.78
328.4
330.16
326.79
326.29
329.14
311.86
323.75
315.64
337.79
342.85
346.84
348.43
358.34
356.45
357.62
361.93
364.57
364.81
364.63
370.92
372.46
376.57
377.02
375.75
376.17
371.41
369.8
370.98
370.31
376.09
377.16
382.81
383.86
385.27
382.19
380.84
380.2
374.86
377.61
379.26
375.13
373.93
365.37
364.21
368.02
361.66
360.98
366.66
365.69
372.05
373.07
377.89
377.88
375.39
375.02
381.45
382.59
386.82
385.53
386.31
386.85
394.39
391.35
392.1
391.06
388.6
385.08
385.78
383.61
387.12
388.26
391.69
388.68
389.83
394.19
392.92
392.03
392.32
390.42
391.68
388.45
387.43
387.86
386.85
381.64
383.34
382.34
378.59
380.07
381.1
379.26
380.79
375.67
365.11
369.56
371.9
369.11
369.22
365.6
366.77
374.97
375.04
380.8
378.8
378.93
375.19
371.55
365.95
373.03
373.74
370.54
373.09
365.97
365.22
364.17
355.23
365.32
367.62
368.22
373
382.62
377.45
373.44
372.27
379.63
377.68
378.47
377.06
375.87
376.21
388.29
390.11
396.73
394.52
399.84
397.88
399.4
403.08
402.7
402.35
396.02
395.47
401.79
401.4
398.17
401.51
399.54
397.12
395.88
395.27
392.04
391.14
393.87
394.51
397.76
400.46
401.25
401.16
402.68
397.87
392.31
388.32
391.29
389.23
387.74
393.92
400.58
403.4
404.3
398.33
396.72
398.15
395.59
398.43
397.48
396.65
397.54
393.43
393.17
393.09
390.64
392.85
388.7
392.59
392.55
394.78
395.04
392.71
393.11
390.79
389.35
391.4
391.9
388.43
390.98
392.07
387.15
385.7
389.59
389.7
386.39
383.13
383.68
384.63
382.29
381.27
380.79
376.52
374.44
374.35
370.65
371.4
372.64
375.14
372.88
367.44
365.41
363.56
358.33
357.03
351.57
359.05
363.85
365.55
364.4
359.77
357.47
355.34
357.68
359.84
363.62
368.05
379.49
378.56
378.43
377.85
379.25
379.71
378.07
378.45
378.39
375.98
373.59
376
374.58
376.6
374.93
374.41
373.93
372.75
370.47
370.25
368.74
367.28
368.32
370.29
366.85
367.06
368.74
365.49
366.33
367.16
368.65
367.38
365.95
360.77
362.39
362.69
362.18
364.89
366.01
366.54
362.22
361.6
361.75
357.42
359.72
359.83
359.27
360.51
361.32
359.2
357.8
354.83
354.16
352.01
350.97
349.29
349.58
346.58
344.08
347.71
350.53
346.09
346.31
352.05
354.41
356.13
355.81
354.48
353.32
356.04
355.72
353.8
353.95
352.02
351.97
352.21
351.66
350.5
346.4
345.15
346.73
346.31
345.87
346.47
348.15
348.13
346.57
346.85
345.6
344.81
344.07
341.42
344.65
344.69
344.71
341.76
341.03
338.46
338.96
337.32
334.53
334.93
335.93
335.46
334.73
332.99
329.61
328.38
330.41
330.46
326.44
328.39
328.64
327.38
327.64
326.84
322.7
323.02
322.66
324.57
328.23
329.61
328.45
326.87
327.67
326.57
325.71
323.64
323.75
322.02
324.08
323.58
323.9
324.34
323.5
321.07
317.34
315.61
315.01
315.66
315.17
315.01
317.49
315.34
313.89
315.96
316.95
314.43
312.11
310.87
310.82
304.85
307.3
307.8
300.11
300.08
302.56
305.49
311.12
311.62
313.59
312.67
313.64
311.36
314.3
314.86
313.21
308.4
302.94
302.03
305
305.15
304.47
303.73
302.33
299.4
298.55
292.45
298.38
301.98
298.21
305.19
304.43
310.61
313.64
313.98
312.14
308.2
316.07
316.69
311.7
307.04
309.98
303.16
312.37
312.87
322.17
326.52
333.73
336.21
337.31
336.95
336.21
333.29
331.08
333.83
331.54
333.84
336.06
334.98
334.52
335.81
333.78
330.65
327.1
327.18
326.81
327.88
332.42
331.24
333.92
333.85
332.72
334.04
332.38
333
330.21
328.39
330.2
332.97
330.53
329.59
329.21
327.96
327.1
324.82
319.3
320.86
322.24
320.99
322.2
325.29
322.56
327.35
326.09
324.74
324.98
322.1
320.79
319.72
317.83
317.74
317.59
315.45
317.05
313.44
313.97
314.11
313.05
312.65
316.03
312.47
312.23
312.4
301.07
301.44
301.85
304.68
302.55
306.25
308.99
308.44
306.37
307.95
307.38
306.07
303.42
301.97
299.91
302.18
299.76
297.55
296.99
297.18
294.9
294.77
295.35
294.07
294.4
293.78
294.47
293
294.02
292.58
288.64
289.52
290.05
289.28
288.47
288.25
287.01
285.53
284.15
285.41
285.63
285.24
282.02
281.96
282.05
282.19
281.27
281.75
278.69
277.78
277.8
272.31
271.91
276.44
275.7
276.78
273.47
274.58
274.42
279.35
280.98
280.69
284.46
283.91
284.61
290.51
289.4
287.78
286.43
287.26
284.31
285.17
279.46
280.47
283.77
282.36
282.97
280.93
280.79
279.84
281.9
282.08
280.99
281.15
280.29
277.74
275.99
274.63
272.14
271.38
273.63
276.02
276.55
278.1
275.07
276.15
276.98
278.36
278.66
280.14
281.26
278.76
276.21
275.24
276.98
279.16
279.23
277.32
277.31
277.77
276.38
275.42
275.09
274.95
275.1
274.98
275.4
272.6
272.68
271.49
269.74
270.45
268.58
264.62
268.51
267.47
267.97
267.59
265.41
265.31
263.79
261.52
263.74
265.79
265.36
264.96
263.73
264.87
263.71
262.46
263.51
263.27
262.21
260.62
260.43
260.02
256.49
257.52
256.4
256.63
254.63
254.78
255.42
254.17
253.84
252.6
248.91
249.48
249.7
249.52
248.09
248.42
250.02
250.59
249.72
248.05
246.78
245.99
245.21
248.67
249.31
248.61
247.03
246.57
247.4
246.52
251.83
256.62
257.43
256.38
257.41
257.91
257.79
256.59
255.64
254.05
255.14
254.31
254.3
254.84
254.73
254.13
253.52
252.92
252.94
252.95
253.78
252.93
252.68
256.27
254.94
254.93
254.82
256.39
257.85
259.09
258.64
256.6
256.69
256.93
255.29
255.93
253.31
253.02
253.97
255.59
256.84
256.56
256.37
257.55
256.36
256.43
253.93
254.03
254.71
254.36
253.08
250.87
251.27
250.42
248.62
246.47
247.13
246.34
246.27
244.53
245.01
244.79
246.07
246.23
246.15
244.97
243.82
243.08
244.51
246.5
246.55
245.39
244.01
245.58
245.22
243.54
243.46
243.39
243.45
242.82
243.02
242.69
242.37
240.76
240.16
239.05
241.38
240.76
241.29
240.87
239.05
237.89
239.49
239.71
238.92
239.47
240.32
239.24
236.53
238.02
238.1
238.28
236.66
236.39
236.67
237.36
239.02
238.87
236.09
237.64
238.25
238.12
235.76
234.95
235.14
235.1
233.94
233.89
233.65
231.87
230.08
230.54
228.67
225.59
225.02
228.86
228.53
227.45
229.39
227.39
227.76
227.63
228.78
228.49
230.34
230.63
231.64
231.82
231.75
231.36
229.18
224.47
226.06
224.48
223.64
225.08
224.63
226.41
228.49
227.29
228.12
226.78
226.32
226.95
227.37
225.73
223.82
224.57
225.12
224.75
223.97
222.09
220.92
219.66
220.83
221.65
220.47
219
218.5
218.12
215.73
215.73
216
214.94
214.04
211.91
212.29
213.41
215.09
213.25
215.16
219.68
220.1
221.64
221.38
222.31
222.22
219.18
219.26
216.98
218.94
219.65
222.28
221.78
220.25
221.62
221.56
223.94
224.37
224.84
225.52
225.45
224.99
225.21
227.02
227.09
228.47
229.66
230.16
230.37
228.61
228.84
227.12
226.19
228.12
228.7
227.59
227.49
226.41
224.38
227.02
227.52
226.67
227.69
227.67
225.61
223.16
222.47
221.34
223.76
223.86
223.96
222.25
220.22
221.11
220.1
220.29
221.88
218.18
216.53
219.33
220.79
218.73
221.45
218.57
224.06
224.97
229.3
227.79
228.35
226.92
228.26
230.69
234
234.2
234.46
233.24
231.55
233.05
231.53
231.57
230.72
231.29
233.74
231.71
231.45
231.2
230.94
231.34
234.14
232.32
227.83
225.27
225.06
225.56
222.89
222.33
218.51
218.9
218.34
222.87
222.99
226.68
223.02
221.85
227.49
227.42
233.75
234.53
237.19
236.32
236.55
235.01
235.81
234.02
232.18
231.31
230.81
230.1
232.98
232.88
234.74
232.82
232.25
230.9
229.8
231.67
231.55
230.62
229.92
227.45
226.23
226.03
227.52
228.73
227.78
229.22
231.39
230.92
230.33
231.22
231.11
230.49
229.2
230.9
229.71
227.56
226.4
224.39
224.2
224.39
225.85
223.15
224.32
224.49
223.49
220.56
220.2
219.84
219.45
217.91
217.69
217.48
217.27
217.05
217.87
217.62
216.15
216.67
216.92
216.6
216.48
214.96
216.09
215.26
216.39
218.02
218.03
216.26
216.83
213.63
213.95
212.81
213.18
212.89
209.22
208.26
209.05
209.55
210.02
214.8
213.62
213.2
212.28
213.33
214.92
212.85
211.73
212.92
213.32
209.4
208.81
207.57
206.62
204.34
202.16
202.48
203.78
207.5
207.16
206.9
207.7
208.34
206.6
207.22
204.32
204.95
201.18
200.59
202.24
202.92
197.56
197.78
194.6
197.59
198.27
199.41
200.53
202
203.32
207.88
209.86
208.5
208.23
205.75
205.14
206.84
205.76
208.63
211.63
210.06
211.42
211.68
208.46
208.29
205.12
206.17
204.79
203.4
205.1
206.95
206.2
204.17
205.07
204.4
202.56
201.89
199.25
199.1
197.58
196.49
195.03
195.23
197.97
196.74
198.02
200
197.77
196.74
197.81
195.76
196.96
194.23
194.84
193.72
196.31
195.23
197.7
198.66
199.13
196.54
193.81
196.06
197.6
197.05
191.53
191.74
191.82
188.4
191.74
193.59
193.5
193.06
192.7
193.09
197.35
195.9
198.74
197.67
196.63
192.6
195.34
193.8
191.35
190.06
192.19
188.49
189.84
187.71
188.3
185.63
183.48
183.17
180.19
178.81
179.07
180.02
177.68
179.02
178.81
185.53
185.29
183.39
182.94
183.41
183.7
181.71
186.2
188.14
185.2
183.39
182.93
182.87
182.8
183.79
178.93
181.52
185.01
182.99
181.77
181.09
180.41
179.73
181.16
178.14
176.33
174.62
177.59
177.98
180.18
174.53
171.66
170.32
164.46
162.25
167.78
168.57
171
171.79
168.02
176.34
170.75
172.18
170.09
169.93
164.5
157.95
149.77
154.8
155.05
159.13
161.78
164.34
164.97
168.57
169.24
166.37
163.36
165.57
170.13
173.59
171.74
173.84
177.89
175.74
173.14
168.72
169.24
172.76
169.36
169.94
172.37
175.44
173.18
178.63
177.33
175.94
173.39
172.08
172.06
177.34
179.48
180.39
183.54
185.53
187.45
192.76
192.83
195.29
194.27
193.53
193.36
190.84
194.46
196.42
194.69
195.03
186.76
186.03
185.29
184.56
189.73
189.76
189.79
189.81
189.84
187.73
189.26
193.37
195.6
189.95
193.05
196.12
194.31
192.64
197.82
197.79
201.05
201.79
207.33
206.76
206.79
205.55
199.36
203.89
204.02
203.23
196.84
197.08
197.86
195.8
195.27
189.6
190.65
188.99
190.23
193.08
198.98
201.28
200.12
193.41
194
190.99
185.9
193.61
190.27
191.05
187
193.27
195.39
193.87
194.55
187.52
189.41
178.86
180.5
172.36
166.92
169.07
171.72
173.42
177.98
181.29
176.62
173.31
181.77
183.98
176.56
172.91
175.84
182.4
183.18
187.24
194.32
196.42
197.3
201.09
209.44
204.22
199.65
202.65
196.63
198.63
197.3
205.75
210.02
207.89
211.92
219.84
215.01
217.71
220.88
216.28
213.35
216.13
209.06
207.02
202.1
207.27
206.17
210.65
207.66
199.85
201.37
192.78
199.84
201.37
208.92
209.32
210.66
198.59
197.32
193.41
195.28
200.96
210.42
220
218.03
211.46
212.04
222.29
222.69
229.23
237.27
240.21
240.88
231.34
226.82
231.6
239.63
240.06
232.42
228.78
232.94
228.33
234.86
236.46
241.34
245.3
246.24
237.84
243.72
247.01
252.36
249.16
248.94
252.74
252.78
