18.81
26.43
14.02
26.21
14.45
20.53
16.89
21.99
18.99
15.54
45.89
24.27
16.3
19.86
11.1
19.73
17.88
16.56
22.91
20.62
37.35
15.98
16.7
20.98
13.15
16.89
10.89
15.07
9.16
22.08
9.44
24.45
11.99
12.36
21.23
17.37
18.83
17.03
12.58
11.59
16.44
9.52
14.85
13.22
13.18
29.51
33.22
13.92
27.26
14.35
17.11
14.61
20.77
13.82
16.02
18.34
17.03
19.75
13.38
13.04
18.44
5.25
5.95
13.47
23.63
20.13
20.38
18.58
28.27
21.66
31.02
25.02
13.88
24.23
12.43
39.88
24.51
33.03
18.15
33.78
9.55
29.48
15.54
25.22
42.64
34.4
39.05
29.52
16.33
29.36
57.32
24.69
14.55
21.98
12.78
21.23
24.24
21.53
16.87
25.72
18.31
35.38
43.53
34.09
32.34
49.12
28.02
21.03
33.37
44.22
55.11
56.37
37.22
49.95
58.33
54.87
37.89
35.24
69.59
30.21
28.83
9.08
17.99
43.37
26.55
17.57
13.88
14.27
28.07
29.41
43.31
36.07
29.48
15.74
8.35
21.76
11.98
18.75
19.86
13.59
19.52
11.54
26.11
10.05
11.33
12.51
13.1
16.03
9.76
10.83
13.13
14.68
19.11
12.52
18.37
10.52
10.75
16.32
21.73
35.88
17.64
8.28
12.66
9.14
27.61
18.14
8.45
25.45
12.3
10.73
10.92
19.95
12.65
12.94
7.57
14.5
28.85
12.39
11.45
11.15
18.88
29.76
18.3
9.9
10.81
19.49
7.51
8.18
7.05
17.35
9.14
9.58
11.18
15.08
10.58
6.78
14.75
9.91
11.52
14.32
9.35
20.83
15.57
17.91
15.21
13.54
14.04
6.68
18.74
11.06
8.43
5.13
12.41
19.02
8.44
12.96
8.29
8.34
9.55
9.3
9.11
13.42
7.58
19.75
7.73
6.28
11.23
18.69
12.54
7.71
8.46
10.29
16.99
8.98
12.09
5.32
5.98
11.44
10.03
10.36
8.02
12.48
19.72
17.61
6.52
7.75
13.79
9.07
7.46
19.83
14.53
23.24
9.25
9.11
9.83
30.35
14.6
11.92
20.46
18.9
32.77
28.06
12.76
20.14
32.12
17.83
25.6
12.77
14.53
14.79
12
10.45
10.28
20.97
16.02
14.24
21.72
14.38
10.66
11.72
16.24
6.06
9.17
9.72
9.1
16.98
17.36
15.08
6.81
17.24
19.84
15.46
6.3
11.94
17.56
16.64
33.51
24.99
22.63
11.15
16.13
11.83
11.44
9.37
17.02
12.42
17.73
11.27
12.04
8.24
14.37
7.45
11.76
14.77
9.46
7.47
6.36
14.97
9.55
14.44
14.07
9.78
14.01
16.36
21.11
11.84
8.79
17.19
7.99
6.64
5.3
8.89
7.72
17.19
15.18
17.14
12.54
12.77
22.82
16.45
11.76
15.3
9.73
14.64
12.92
10.53
17.29
19.15
10.69
9.54
14.54
12.58
12.78
6.08
8.48
10.48
12.29
15.77
14.18
15.16
16.92
10.02
17.31
7.13
17.83
10.39
18.71
10.15
6.87
5.94
16
7.08
11.22
5.74
11.6
12.77
7.43
8.9
4.29
7.52
5.49
8.67
9.34
21.07
12.63
7.19
8.31
9.7
10.7
15.13
9.53
10.35
6.22
18.06
7.97
12.44
13.26
11.27
7.47
8.73
6.72
6.75
7.46
11.19
17.2
20.97
20.98
11.08
9.4
13.26
16.73
15.34
19.65
19.24
14.02
9.68
14.99
16.68
9.19
14.5
16.31
12.07
13.13
6.97
12.35
6.02
7.76
5.41
9.02
8.15
9.04
8.58
6.68
4.71
4.79
6.94
3.33
5.16
13.6
5.78
19.33
9.06
14.69
12.64
6.54
15.01
3.79
9.34
4.9
8.05
11.11
9.63
7.38
10.59
17.29
6.03
5.57
7.02
5.72
4.56
6.4
5.21
4.96
16.31
7.97
8.11
9.35
8.77
6.58
8.38
10.63
8.12
13.47
21.31
6.23
7.29
5.07
5.28
4.96
10.51
9.9
13.26
5.71
8.44
11.03
8.73
8.95
6.58
12.76
5.09
4.82
3.57
7.56
13.08
10.99
8.78
7.08
13.9
5.36
8.09
6.85
9.01
11.44
6.4
6.4
9.42
5.19
5.14
16.52
6.21
6.69
7.93
6.67
13.62
16.31
8.94
12.43
6.53
6.44
13.64
14.53
13.98
16.18
11.19
26.37
8.21
8.72
8.14
6.27
11.16
6.42
5.79
5.88
7.53
7.91
11.53
6.75
7.1
9.42
6.5
6.81
7.48
8.49
5.3
6.93
9.31
9.98
5.86
7.32
7.43
6.86
10.88
7.94
5.6
9.9
10.02
9.32
6.34
6.69
7.09
19.46
23.41
5.23
4.49
6.81
5.31
5.77
7.81
5.39
8.56
14.29
7.22
8.34
9.76
11.06
8.22
13.43
9.31
5.43
5.66
10.57
13.64
8.84
7.83
4.92
15.13
7.54
6.32
8.21
6.89
8.14
5.62
8.98
13.71
7.17
11.03
21.12
12.54
13.15
11.8
9.11
6.21
15.61
7.61
9.08
9.05
12.26
8.44
10.27
9.65
10.07
5.09
8.2
10.57
6.23
6.21
10.75
10.49
7.76
8.74
6.92
14.49
18.62
9.59
13.49
5.75
6
12.84
7.33
12.81
11.11
10.31
6.29
11.55
6.4
8.81
4.98
5.91
14.63
10.16
6.21
10.41
15.09
8.59
5.38
7.66
6.6
10.88
10.12
9.75
7.79
8.93
8.63
6.74
8.41
10.48
9.42
7.73
11.72
7.55
9.53
15.86
13.42
12.34
21.3
17.67
8.6
7.27
7
9.72
19.34
16.23
16.17
14
10.83
13.88
23.91
16.46
13.61
14.86
15.65
11.71
9.93
12.82
9.76
7.15
12.16
4.39
11.67
22.39
10.64
16.74
4.71
14.94
10.13
10.69
8.4
17.17
11.2
21.4
10.4
16.96
17.75
14.48
19.57
15.96
13
24.47
11.11
12.69
10.72
16.06
10.66
12.2
19.81
17.53
12.87
13.88
20.5
14.4
9.86
10.47
12.92
13.47
9.12
6.72
4.58
12.63
7.1
8.56
14.15
15.42
9.09
17.97
11.17
12.38
8.72
13.34
6.57
9.21
13.71
16.26
13.25
12.75
20.38
7.22
19.43
19.04
8.27
5.82
14.71
4.97
8.34
10.91
12.36
7.68
6.63
8.62
18.01
19.45
11.1
5.5
9.39
6.27
9.65
8.43
10.83
10.54
15.49
8.33
12.95
9.19
7.35
14.38
16.78
16.01
11.92
6.94
14.85
14.61
4.98
10.25
14.52
13.11
8.74
14.35
13.09
9.18
11.48
7.06
9.1
12.25
6.67
10.3
6.34
8.83
6.8
7.98
7.38
17.56
17.82
11.21
11.53
4.74
5.61
9.51
7.36
5.1
12.85
8.52
8.06
8.4
23.43
7.51
5.85
6.46
13.54
4.97
13.62
12.11
13.8
16.23
8.11
8.67
9.07
7.62
11.19
5.61
10.94
10.45
7.96
7.52
9.67
9.48
8.12
10.16
15.83
5.3
6.23
7.94
12.09
7.31
12.51
10.71
8.99
7.47
4
16.15
5.77
5.45
7.95
9.71
12.9
9.42
6.89
11.01
7.36
15.37
12.43
7.63
17.34
7.48
14.02
22.19
8.13
11.87
12.73
17.58
20.06
20.73
8.48
14.67
27.64
21.24
14.35
7.99
6.71
8.22
6.58
9.49
11.79
10
7.39
11.9
14.12
6.35
8.34
5.36
21.07
8.34
5.38
7.04
10.45
8.03
11.63
7.02
8.16
11.92
6.58
14.08
7.69
5.03
9.4
7.88
8.68
5.69
12.29
6.36
9.63
12.13
9.97
9.93
9.16
7.08
17.05
12.69
10.52
6.37
6
10.83
7.44
6.78
6.36
11.87
10.93
15.31
15.06
22.6
5.86
5.26
13.66
9.05
7.77
7.85
5.61
21.68
15.28
6.77
11.49
3.39
5.69
4.4
10.46
7.51
4.93
11.13
7.4
7.16
7.2
7.06
14.55
7.64
4.67
5.15
3.97
11.61
5.23
10.41
7.68
13.89
2.93
6.93
5.92
5.12
6.04
6.56
6.24
5.7
5.09
4.59
6.97
6.9
7.56
12.2
9.55
11.42
9.37
11.46
5.77
6.71
11
7.69
5.24
11.92
11.7
5.55
9.51
7.13
9.31
8.6
7.92
5.42
10.53
9.7
10.77
7.86
17.23
4.84
8.14
13.68
13.01
6.83
8.22
17.48
6.14
8.5
15.4
11.47
7.42
8.48
7.87
8.93
5.01
6.94
11.51
18.43
18.25
11.54
8.78
6.76
6.45
9.23
12.79
12.99
13.46
5.5
15.63
11.69
16.34
6.76
15.19
6.17
13.84
7.65
8.41
5.51
15.9
13.22
21.64
8.56
5.03
18.46
8.62
6.33
7.26
6.39
14.71
10.81
11.89
13.66
20.29
10.87
10.18
9.9
12.53
8.35
13.96
11.47
11.69
14.81
11.45
11
9.79
25.72
17.44
4.56
3.08
4.74
12.77
13.74
7.97
5.3
6.1
12.31
6.61
9.03
9.75
10.93
10.67
6.26
16.23
12.9
17.62
10.45
9.35
13.57
8.89
6.05
11.09
5.8
5.35
10.54
9.94
10.56
5.7
14.87
6.88
4.68
11.76
8.42
12.94
10.3
10.4
12.67
14.1
12.45
19.26
6.83
13.08
11.58
17.17
11.33
9.54
15.71
11.44
8.62
13.97
14.75
14.43
13.91
18.38
10.44
7.08
11.37
18.24
9.64
11.21
6.45
10.2
7.92
5.19
11.62
11.34
6.82
8.03
15.62
11.55
11.19
6.67
7.63
7.66
10.47
12.64
10.15
10.09
9.44
10.2
13.14
13.59
14.76
11.68
15.38
12.65
8.28
15.45
7.59
11.8
14.96
8.32
26.29
8.35
19.95
12.44
9.05
23.91
13.23
11.34
16.63
19.7
11.69
10.02
10.6
11.24
12.66
19.94
19.49
21.18
13.79
17.58
29.45
14.29
23.21
20.64
7.34
14.47
4.98
9.37
11.01
17.09
10.63
14.16
6.76
11.9
7.78
9.73
13.42
9.26
7.94
15.16
10.56
8.1
7.22
10.26
9.48
5.75
8.45
19.29
22.69
10.24
10.46
7.26
16.35
6.89
12.61
6.7
13.98
10.23
17.37
9.85
10.4
14.58
22.73
12.86
13.36
16.45
12.49
28.16
11.68
19.18
24.21
19.03
17.25
15.92
19.67
30.82
20.34
20.88
10.97
13.79
11.73
13.95
11.49
24.01
15.59
11.79
8.77
16.65
22.21
7.36
15.89
11.72
8.45
12.87
12.29
11.72
9.99
7.89
21.06
8.19
18.18
9.35
16.62
17.67
9.91
12.16
17.69
25.44
22.21
13.77
18.19
24.41
18.08
17.32
19.34
12.16
15.2
6.46
9.57
10.33
13.78
9.9
13.2
16.79
15.87
19.51
7.76
5.97
13
12.12
12.01
11.11
6.73
16.19
15.83
16.19
8.34
17.76
6.84
15.89
19.49
12.51
16.07
8.12
13.83
15.89
9.21
12.79
15.57
6.46
14.44
11.04
22.22
6.13
18.67
5.48
6.3
7.51
10.52
4.68
11.4
5
4.94
9.17
6.48
11.47
7.94
10.63
9.46
17.25
8.23
18.87
17.57
16.05
14.67
7.94
13.32
16.69
14.42
13.06
6.44
9.4
3.65
18.62
7.07
21.58
10.38
22.31
9.35
28.09
7.92
25.7
16.08
29.42
9.81
12
13.22
12.82
14.12
8.48
17.49
11.41
11.74
16.19
16.5
25.62
27.3
26.04
19.9
24.75
10.91
24.83
5.42
13.2
11.69
15.77
17.86
14.01
6.71
18.17
19.27
17.7
15.89
28.74
22.05
24.17
39.41
7.81
13.55
8.98
7.37
10.55
7.54
8.95
13.85
17.06
24.61
12.39
26.51
15.48
12.15
14.97
18.61
7.46
20.84
11.41
15.05
6.92
24.95
11.45
13.28
10
18.41
5.19
10.95
11.95
20.61
11.55
9.89
14.04
20.61
29.29
24.37
20.92
13.98
9.98
16.5
20.74
16.05
18.25
10.78
10.84
10.93
8.69
24.07
14.47
14.84
8.01
8.57
13.35
18.13
16.86
22.01
8.66
17.49
19.74
19.8
26.27
18.92
15.48
15.8
30.68
16.92
50.23
26.01
15.66
17.38
15.62
16.46
24.33
15.79
28.19
52.34
44.95
19.48
11.3
30.64
11.9
17.78
14.54
35.78
15.09
21
8.32
14.7
31.34
12.38
12.55
11.05
9.74
19.32
10.42
6.98
8.07
12.87
9.32
16.22
18.47
8.47
11.64
13.51
4.92
12.89
16.22
19.25
5.16
11.31
11.82
6.49
8.01
10.17
8.75
15.64
6.64
24.55
9.32
11.59
8.87
5.66
7.4
8.42
12.29
8.02
12.88
12.52
8.15
13.84
8.96
12.67
21.92
7.03
15.2
8.75
7.05
4.55
11.31
4.01
6.68
5.58
14.23
5.66
9.03
9.59
12.01
12.78
12.99
6.93
5.53
8.2
7.89
10.17
7.8
9.06
10.25
7.16
5.93
9.74
11.43
5.36
9.52
12.9
10.83
11.99
14.43
17.54
9.9
10.32
9.48
8.18
14.91
7.81
5.25
7.48
18.26
10.9
13.52
7.3
8.18
6.48
13.72
14.99
13.26
15.04
7.32
5.65
9.95
5.51
15.63
8.6
11.1
8.85
12.49
7.59
8.44
12.32
22.07
16.48
5.4
9.29
10.7
22.21
5.91
14.44
20.6
13.2
11.95
19
18.57
11.06
11.75
7.82
17.6
14.02
9.17
17.85
14.58
15.11
12.5
12.07
15.52
12.52
12.63
11.11
9.34
7.35
15.02
12.53
14.8
10.91
13.24
9.53
9.29
16.18
10.98
21.05
11.01
25.16
14.09
13.37
16.45
24.43
12.4
20.83
25.94
23.58
25.63
19.42
20.7
27.15
23.04
13.23
21.91
19.3
16.74
10.99
17.16
12.01
12.88
13.08
24.94
15.71
10.81
22.04
22.67
20.4
21.54
10.64
27.48
21.63
17.93
23.58
15.48
13.36
16.49
13.83
22.52
38.87
27.25
20.5
25.34
31.17
21.45
20.48
26.44
24.37
19.25
22.78
37.68
18.31
15.53
23.04
37.12
21.23
22.88
11.05
21.51
17.52
33.83
16.69
23.51
25.12
30.82
22.77
16.85
16.39
24.76
23.14
39.89
20.13
17.69
27.6
24.21
31.38
21.36
19.83
18.74
17.07
21
14.24
17.13
40.47
13.18
24.86
30.64
15.62
20.93
36.78
20.98
10.98
21.42
20.17
29.49
48.06
16.68
26.51
18.01
15.43
18.68
26.2
18.46
23.53
25.07
29.41
35.02
20.97
35.26
27.34
20.62
14.37
33.96
23.49
30.7
31.34
11.57
14.76
18.7
22.6
23.46
16.24
10.95
18.89
14.54
29.21
24.18
25.23
19.03
24.04
19.22
24.84
23.6
21.48
18.32
10.45
20.79
29.39
12.26
29
17.33
10.65
11.56
12.91
8.95
11.41
11.24
12.64
14.24
18.77
38.85
19.35
16.49
27.79
23.33
25.56
22.98
25.07
21.57
26.27
24.01
24.23
18.64
28.64
15.67
41.91
11.12
37.35
22.83
34.04
20.9
42.92
16.09
33.68
32.24
28.84
9.38
18.32
33.62
17.73
40.85
30.27
23.02
15.72
28.95
14.85
24.36
29.12
12.73
31.9
41.46
24.82
36.44
28.94
13.45
9.43
13.18
7.42
19.1
16.3
18.69
11.63
28.86
14.38
30.4
36.54
22.17
33.58
24.38
17
18.98
13.87
13.74
13.67
25.15
27.67
18.78
28.82
16.93
12.19
18.75
34.1
11.77
36.9
24.79
16.45
35.86
28.47
32
19.46
25.67
22.66
21.34
20.15
16.74
31.26
32.21
31.36
44.51
17.66
22.7
27.49
27.31
18.89
54.74
22.72
22.97
24.75
23.61
40.53
13.44
18.83
28.99
30.24
37.49
23.63
27.97
29.46
43.73
13.83
17.81
24.71
21.81
33.01
53.91
53.24
31.54
26.39
20.94
22.39
27.12
32.62
14.27
23.26
18.07
22.49
16.6
29.1
38.09
31.58
28.57
16.52
15.07
28.79
27.44
10.44
28.38
16.05
26.43
36.88
12.56
13.61
16.55
28.9
14.59
18.52
20.84
22.36
26.67
19.66
41.7
36.59
16.26
27.24
23.64
15.17
51.56
38.39
20.3
27.94
52.58
30.16
32.2
37.72
10.67
17.59
41.41
28.82
18.16
28.75
45.78
31.11
24.7
42.38
35.06
30.24
36.56
22.64
22.67
46.05
43.11
25.14
25.64
32.23
37.65
22.51
30.82
27.74
35.71
17.85
21.62
43.4
45.48
30.36
50.25
15.32
51.79
63.32
18.65
29.39
17.82
30.71
23.61
25.8
16.47
60.24
27.66
26.65
29.05
37.26
26.99
20.82
36
36.32
22.81
24.38
23.47
47.7
37.89
29.84
51.22
36.22
28.91
22.6
44.11
41.71
29.19
48.1
49.74
19.19
38.27
18.15
29.37
26.71
31.97
78.17
67.6
45.8
34.96
48.59
27.12
59.69
39.78
81.77
35.22
36.95
36.16
22.21
21.69
43.43
47.48
38.85
33.62
54.19
45.04
44.93
44.13
32.01
35.66
14.22
40.01
34.8
20.67
23.59
26.56
39.36
19.12
29.57
21.18
34.78
32.83
37.06
27.14
20.25
30.62
50.62
23.41
46.91
29.69
68.48
29.25
48.23
31.68
49.81
33.75
82.67
99.63
78.12
133.73
83.24
34.82
20.23
30.21
23.58
56.2
41.15
59.77
62.88
34.04
54.44
33.17
55.79
55.34
45.08
64.96
27.46
40.57
55.22
61.22
52.99
50.3
43.35
60.24
15.77
53.1
36.46
34.48
71.41
60.3
35.73
60.05
27.39
87.62
25.3
59.88
49.87
25.41
34.56
29.86
48.65
47.58
36.71
64.45
41.17
58.1
56.65
36.37
54.33
22.12
29.54
90.25
27.71
33.65
68.66
65.19
60.54
40.5
52.37
68.99
38.83
42.16
45.26
80.26
27.24
50.08
32.68
45.51
40.28
89.75
23.32
40
26.14
78.35
27.29
37.87
34.99
32.39
44.48
41.5
43.96
67.93
58.82
28.07
48.83
27.09
31.16
51.67
25.92
24.74
24.82
24.01
22.18
39.52
26.51
20.42
55.1
46.34
30.12
28.92
39.31
41.98
53.07
42.28
63.21
35.96
65.52
38.52
70.97
49.86
63.21
43.39
19.89
51.96
23
45.63
28.57
82.29
46.75
48.67
39.54
41.35
50.6
56.6
21.27
33.88
32
36.68
60.88
39.13
69.94
59.32
31.37
90.35
44.35
26.05
24.95
48.19
57.6
30.99
40.74
28.54
60.92
41.76
36.96
32.71
27.37
52.06
26.88
43.11
55.99
67.41
73.48
21.43
39.03
21.34
32.13
44.24
22.01
23.04
39.78
48.95
28.05
57.03
40.83
41.58
48.17
46.85
64.25
23.31
44.74
27.87
45.71
60.24
43.57
70.9
64.53
114.09
78.8
56.18
29.61
74.63
58.69
60.16
140.43
153.03
62.3
60.96
94.19
95.94
26.71
29.03
61.66
55.44
90.02
95.93
137.94
45.77
58.44
44.74
207.96
58.95
50.72
57.86
90.26
122.66
30.38
39.05
61.09
39.57
42.51
64.42
31.23
55.93
64.25
97.49
99.86
121.37
92.81
33.35
32.36
59.52
21.95
43.48
45.7
54.94
27.73
41.27
23.15
40.48
64.99
34.2
58.82
19.75
52.44
97.79
48.95
33.26
30.29
21.01
22.96
40.87
45.21
63.04
47.03
65.44
23.44
35.35
59.83
64.67
34.51
15.94
29.01
25.1
23.02
18.75
34.16
30.39
26.32
11.79
7.44
16.52
12.49
23.59
9.98
34.14
19.84
13.4
17.2
14.57
13.23
13.67
21.32
12.16
6.75
26.93
19.28
32.19
10.85
7.83
8.64
7.57
6.15
16.57
9.15
10.05
11.2
10.8
9.98
15.24
13.08
8.84
8.99
8.61
4.68
10.45
19.36
7.14
7.96
15.02
11.5
16.82
14.2
20
12.62
13.97
16.3
9.8
14.82
12.46
22.76
17.14
8.14
21.99
12.88
7.86
16.84
9.68
19.8
29.77
16.54
17.58
6.05
12.68
23.91
29.2
14.88
7.92
10.15
11.97
6.75
7.31
16.88
9.29
12.9
15.54
9.08
8.01
10.83
14.71
9.05
20.15
11.29
7.75
7.65
17.51
8.66
20.41
9.66
13.45
15.87
9.42
14.86
16.37
8.18
19.45
14.47
13.91
8.96
6.64
12.36
10.17
7.81
15.24
8.99
14.31
21.16
6.36
14.92
15.56
11.66
13.15
9.31
14.37
11.24
9.99
4.85
10.56
10.59
11.71
9.78
6.81
8.6
6.29
6.12
5.63
10.07
10.11
9.32
7.31
7.6
13.61
16.39
8.31
14.3
5.32
11.95
9.2
10.81
14.04
9.44
14.15
11.94
11.79
15.32
14.42
9.47
8.92
7.4
12.66
8.16
11.4
8.53
8.75
7.53
9.97
16.72
15.95
10.51
7.74
17.98
16.47
21.69
8.95
12.57
11.01
13.23
20.7
35.33
44.71
13.9
23.42
22.81
11.55
11.74
7.4
13.5
13.56
7.4
7.91
10.21
19.06
6.05
8.47
6.16
9.1
13.85
17.22
5.33
8.83
16.85
8.64
7.93
13.69
7.75
6.42
12.34
8.01
10.37
5.09
11.06
10.77
7.51
12.66
7.68
11.14
15.27
13.41
9.69
4.8
3.77
9.83
4.27
10.39
14.77
6.24
17.32
7.71
16.04
10.64
7.35
10.17
8.6
9.68
9.13
9.86
6.3
7.33
12.66
11.88
7.77
7.31
15.28
10.77
23.97
4.11
5.06
6.07
8.68
6.21
4.45
9.47
13.09
5.28
7.72
7.57
2.67
10.21
7.24
14.15
6.31
7.69
5.24
5.93
8.84
6.4
4.54
5.05
3.52
4.45
6.08
8.8
9.51
6.73
6.17
3.72
13.43
7.19
4.25
4.54
6.51
7.64
5.86
9.8
3.32
4.21
7.34
4.32
4.51
6.98
14.53
6.09
5.76
4.45
6.27
10.82
7.97
11.5
4.17
5.51
5.98
4.3
11.12
14.87
3.43
10.75
12.09
8.15
7.02
13.35
10.4
23
12.2
11.48
12.79
7.19
7.83
6.86
4.86
6.94
8.89
9.15
6.05
17.4
5.68
11.47
4.6
5.6
7.05
15.35
15.63
10.97
13.79
5.15
8.72
8.85
14.98
24.68
14.24
11.89
4.78
8.95
3.55
11.88
3.44
2.23
4.13
4.54
4.62
7.46
3.87
5.87
18.72
7.77
6
7.66
16.23
7.74
11.58
3.82
6.19
6.74
5.49
5.51
8.49
8.23
4.43
3.99
4.44
5.07
5.06
3.48
6.71
3.07
4.31
5.34
2.83
2.49
2.87
2.74
3.3
3.83
4.02
6.36
11.61
5.22
3.3
6.52
1.29
3.02
3.23
5.38
5.83
5.9
3.95
2.34
2.72
4.5
3.06
5.4
4.38
6.38
5.69
5.25
6.44
10.71
6.73
4.13
4.92
4.94
6.76
3.47
3.11
2.27
4.16
5.84
6.66
3.54
5.63
4.43
3.17
3.79
4.34
4.36
3.87
8.18
4.01
3.68
2.85
2.74
3.46
5.58
3.43
4.88
1.57
4.57
2.5
4.69
6.66
5.65
14.02
2.75
5.18
2.58
2.11
4.64
2.67
5.38
2.22
2.33
3.03
2.71
4.36
3.37
3.62
1.76
4.72
2.8
1.68
4.79
4.97
4.55
2.5
5.16
4.39
2.06
2.06
2.92
3.91
2.67
4.54
2.58
2.63
7.29
3.94
5.22
3.57
6.84
5.56
10.51
5.1
2.88
2.21
5.05
2.12
3.39
6.53
3.65
2.48
3.19
5.07
3.25
3.82
2.08
3.45
4.71
4.47
18.96
9.41
2.45
3.5
2.58
4.26
3.46
6.86
2.72
1.63
3.35
2.36
3.22
3.46
6.81
7.11
2.56
3.7
4.28
6.67
4.86
3.07
2.6
2.88
4.35
2.34
5.53
5.85
4.71
1.86
3.19
4.71
5.91
3.65
4.4
2.69
3.72
4.79
6.17
8.89
8.22
8.4
7.48
5.83
3.09
2.05
6.15
6.94
4.49
7.17
7.85
27.89
24.58
6.43
8.19
5.21
3.14
3.96
11.98
7.16
2.36
6.14
2.53
4.73
4.42
4.62
2.72
2.49
4.86
2.09
4.65
3.45
3.32
3.39
4.68
2.2
3.82
3.62
3.6
3.21
4.18
6.23
4.12
4.59
5.13
2.77
4.68
1.4
2.82
2.67
3.01
4.61
4.18
3.64
3.95
4.17
4.15
4.47
4.03
7.84
4.74
3.77
2.94
2.05
10.47
7.94
5.31
4.37
4.4
4.6
1.93
2.26
3.86
2.57
4.86
2.75
4.49
5.56
3.4
4.16
2.78
2.7
4.74
4.23
4.74
5.31
2.96
4.32
2.77
6.27
3.76
7.25
1.39
4.01
6.19
5.34
2.02
2.96
7.62
4.62
5.33
1.92
2.72
4.18
4.64
3.47
4.03
2.73
1.68
5.26
2.93
4.39
5.53
5.02
5.31
5.21
9.89
2.07
4.09
4.59
3.09
2.37
5.32
8.23
4.86
3.12
3.32
2.62
5.77
2.34
5.04
3.92
3.86
5.24
6.91
16.36
4.09
3.73
7.04
2.86
7.26
7.19
4.5
3.55
11.27
7.06
4.39
2.8
8.16
4.48
7.83
4.07
4.06
4.09
4.85
8.92
3.5
6.39
4.04
10.27
10.98
3.22
3.94
9.5
2.76
4.19
7.13
9.29
8.27
4.84
4.95
7.22
7.02
2.57
5.32
3.46
4.37
4.41
5.84
5.01
8.75
9.42
4.76
3.88
3.14
3.45
3.98
5.88
3.05
6.75
3.86
2.57
5.85
4.11
4.1
6.97
2.51
2.57
3.28
3.6
2.63
3.93
5.68
4.31
9.33
5.05
4.31
2.73
3.17
3.63
3.07
3.33
7.58
10.84
2.99
4.11
2.21
2.16
9.58
5.09
2.26
1.67
3.23
2.71
1.56
5.3
4.37
2.91
4.97
3.41
9.34
3.12
6.78
5.32
3.01
3.03
9.56
2.69
5.14
7.42
2.54
2.41
1.64
3.34
2.31
4.88
2.69
2.84
2.61
5.35
4.3
2.09
3.16
3.71
3.71
3.51
2.82
6.16
4.12
8.1
5.91
3.34
4.7
5.98
4.99
3.2
3.96
4.19
6.15
3.79
4.5
4.08
6.38
10.54
2.53
4.91
16.22
3.2
3.68
6.65
4.69
2.6
4.8
3.34
2.51
4.56
6.72
5.06
4.03
2.51
3.49
2.99
2.33
2.51
3.96
3.68
6.43
3.35
2.86
3.84
5.29
6.27
3.35
3.75
3.77
7.52
3.07
2.57
4.45
3.71
11.03
4.18
4.89
3.55
2.65
5.26
2.91
4.37
3.7
3.08
2.86
3.61
3.56
3.49
2.03
3.94
5.53
3.39
5.04
3.14
3.95
10.66
12.73
7.48
6.56
9.27
4.71
13.95
11.58
5.19
11.43
8.9
2.03
6.99
5.37
3.3
3.19
7.13
4.61
4.67
6.67
2.84
5.16
5.23
13.16
8.14
9.47
3.61
3.83
3.37
2.77
3.97
2.04
4.82
4.48
2.41
2.46
3.17
5.67
5.03
6.31
6.7
3.47
2.97
4.14
5.57
4.64
3.96
7.35
3.93
3.86
6.92
2.74
2.6
7.77
4.23
4.16
7.56
13.57
3.41
1.92
3.82
3.99
6.97
6.17
2.44
2.94
2.69
3.1
1.74
2.29
2.32
2.5
3.14
1.36
1.44
2.97
1.98
6.27
4.87
2.97
3.39
2.07
1.78
2.56
5.41
1.82
2.43
2.72
2.48
2.77
3.14
1.65
1.98
3.51
5
5
3.05
2.27
1.94
3.84
2.19
4.17
2.73
2.56
1.57
2.51
4.01
6.9
2.14
1.12
1.28
2.93
1.86
2.73
1.44
2.06
2.68
2.23
2.27
1.4
3.43
2.23
2.23
2.36
2.15
2.72
2.18
1.07
1.86
2.19
2.69
5.04
5.41
4.01
5.57
2.64
4.22
6.89
0.99
5.25
9.05
3.14
1.66
1.73
1.52
1.71
0.93
1.49
1.61
1.81
3.68
7.35
3.75
2.87
2.77
1.78
3.06
2.73
2.68
3.96
3.68
6.03
4.09
2.97
2.19
4.83
3.56
0.99
1.83
2.04
2.61
2.61
3.25
4.93
5.54
3.88
3.68
5.48
2.71
2.47
1.77
2.99
2.97
3.02
1.84
5.53
3.27
2.71
1.88
0.97
1.04
2.78
2.09
3.76
2.78
1.77
3.82
3.86
3.4
5.25
5.14
2.78
4.52
3.51
3.59
2.27
1.5
1.87
2.99
1.04
1.18
1.21
3.2
1.77
2.71
2.33
2.82
3.2
1.25
1.01
2.67
3.26
1.43
1.98
1.91
1.89
2.21
1.19
3.45
1.48
2.57
3.05
0.97
1.25
1.5
1.18
1.7
0.87
1.21
1.32
1.64
1.6
1.22
0.66
1.91
1.6
2.37
1.98
2.82
2.37
1.32
2.08
2.71
2.36
3.44
1.13
4.7
5.04
5.01
1.32
3.48
2.26
4.67
2.41
1.09
3.8
1.58
1.05
0.82
1.2
2.92
2.03
2.83
2.63
1.65
1.35
1.91
4.14
1.5
1.88
1.11
1.31
1.88
0.87
1.09
1.06
1.39
2.11
2.03
1.39
1.54
1.13
3.54
3.74
2.01
0.92
1.86
1.41
2.8
3.97
2.98
1.24
1.77
2.95
2.03
1.85
2.29
1.88
1.31
1.09
3.12
1.99
1.54
2.54
2.2
5.23
2.56
2.71
3.44
2.92
3.67
3.61
1.5
0.76
2.29
3.01
5.07
3.46
1.05
2.2
1.35
2.44
3.92
3.81
2.96
4.47
2.41
0.76
0.58
1.49
1.76
1.22
0.89
2.39
2.13
1.53
1.4
3.88
1.38
1.41
2
2.51
0.89
2.37
1.19
0.72
3.07
1.63
1.01
1.01
3.37
2.39
1.66
1.56
0.71
1.31
2.21
1.76
0.84
1.74
2.65
1.93
1.76
1.58
2.17
3.18
1.09
0.78
2.73
2.03
4.86
2.66
2
1.84
2.38
2.18
1.27
1.17
1.24
1.06
1.36
2.77
1.7
3.77
3.59
2.16
4.34
1.1
1.35
3.01
1.51
1.68
1.96
2.92
1.27
2.33
2
0.51
1.03
