6.9544
7.0199
7.0809
7.1367
7.1865
7.2297
7.2655
7.2932
7.3124
7.3223
7.3228
7.3135
7.2945
7.2657
7.2275
7.1804
7.1248
7.0616
6.9913
6.9149
6.833
6.7465
6.6562
6.5626
6.4666
6.3687
6.2695
6.1696
6.0697
5.9702
5.872
5.7755
5.6817
5.5912
5.5048
5.4235
5.3481
5.2794
5.2182
5.1652
5.1209
5.0857
5.0599
5.0433
5.0359
5.0373
5.0471
5.0646
5.0891
5.1198
5.156
5.1968
5.2413
5.2889
5.3388
5.3901
5.4424
5.4948
5.5468
5.5978
5.6472
5.6945
5.7392
5.7807
5.8185
5.8523
5.8816
5.906
5.925
5.9384
5.9458
5.947
5.9416
5.9295
5.9105
5.8843
5.851
5.8105
5.7627
5.7078
5.646
5.5774
5.5025
5.4216
5.3356
5.2449
5.1505
5.0533
4.9543
4.8544
4.7546
4.6558
4.5587
4.464
4.3721
4.2834
4.1978
4.1155
4.0363
3.9599
3.8861
3.8144
3.7446
3.6762
3.6089
3.5422
3.4761
3.41
3.3439
3.2775
3.2108
3.1436
3.076
3.0079
2.9395
2.8708
2.802
2.7334
2.6652
2.5977
2.5313
2.4664
2.4036
2.3432
2.286
2.2326
2.1836
2.1398
2.102
2.0709
2.0472
2.0316
2.0247
2.0269
2.0385
2.0596
2.0903
2.1304
2.1793
2.2367
2.3018
2.374
2.4523
2.5361
2.6243
2.7164
2.8114
2.9086
3.0074
3.1072
3.2072
3.3068
3.4053
3.5023
3.5968
3.6882
3.7756
3.8584
3.9355
4.0063
4.0699
4.1256
4.1728
4.2109
4.2397
4.2589
4.2686
4.269
4.2604
4.2434
4.2184
4.1863
4.1476
4.1033
4.0541
4.0006
3.9436
3.8837
3.8216
3.7577
3.6925
3.6265
3.56
3.4934
3.4269
3.3608
3.2952
3.2304
3.1663
3.1032
3.0408
2.9793
2.9185
2.8583
2.7985
2.7387
2.6788
2.6184
2.5572
2.4946
2.4304
2.364
2.2951
2.2233
2.1483
2.0697
1.9875
1.9015
1.812
1.7192
1.6235
1.5255
1.4261
1.3262
1.2266
1.1284
1.0325
0.93997
0.85149
0.76783
0.68961
0.61731
0.55131
0.4919
0.43925
0.39348
0.35466
0.32277
0.29778
0.2796
0.26812
0.2632
0.26464
0.27224
0.28577
0.30495
0.3295
0.35908
0.39334
0.43191
0.47436
0.52028
0.56921
0.62066
0.67414
0.72913
0.78508
0.84142
0.89755
0.95283
1.0066
1.0581
1.1067
1.1515
1.1918
1.2266
1.2553
1.2769
1.2908
1.2964
1.293
1.2804
1.2584
1.2269
1.1861
1.1364
1.0784
1.0126
0.93993
0.86112
0.77706
0.68859
0.59651
0.50159
0.40451
0.30592
0.20638
0.10642
0.0065336
-0.092802
-0.1911
-0.28788
-0.38258
-0.47464
-0.56342
-0.64824
-0.72835
-0.80298
-0.87133
-0.93261
-0.98608
-1.0311
-1.067
-1.0935
-1.1102
-1.1171
-1.1142
-1.1019
-1.0804
-1.0505
-1.0127
-0.96773
-0.91631
-0.85922
-0.79716
-0.73082
-0.66083
-0.58773
-0.51203
-0.43414
-0.3544
-0.27312
-0.1905
-0.10672
-0.021893
0.063921
0.1507
0.23846
0.32726
0.41716
0.50827
0.60067
0.69443
0.78959
0.88614
0.98398
1.0829
1.1826
1.2826
1.3823
1.4809
1.5777
1.6717
1.7619
1.8475
1.9275
2.0011
2.0677
2.1267
2.1778
2.2208
2.2557
2.2825
2.3016
2.3131
2.3177
2.3158
2.3079
2.2948
2.277
2.2553
2.2304
2.2031
2.1741
2.1442
2.1142
2.0849
2.0571
2.0317
2.0095
1.9913
1.978
1.9704
1.9693
1.9752
1.9888
2.0106
2.0409
2.0797
2.1271
2.1827
2.2463
2.3173
2.3949
2.4784
2.5669
2.6596
2.7554
2.8536
2.9531
3.0531
3.1526
3.2509
3.347
3.4401
3.5294
3.6139
3.6928
3.7653
3.8306
3.8881
3.9372
3.9773
4.0082
4.0296
4.0416
4.0443
4.038
4.023
4
3.9694
3.932
3.8884
3.8392
3.7851
3.7267
3.6645
3.599
3.5307
3.4599
3.3869
3.312
3.2354
3.1572
3.0774
2.9962
2.9135
2.8292
2.7434
2.6559
2.5666
2.4755
2.3826
2.2878
2.1913
2.0933
1.9942
1.8943
1.7944
1.6951
1.5974
1.502
1.4101
1.3225
1.2402
1.1639
1.0943
1.032
0.97716
0.93009
0.89081
0.85919
0.835
0.8179
0.80745
0.80316
0.80444
0.8107
0.82128
0.8355
0.85266
0.87203
0.89288
0.91445
0.93598
0.95669
0.97578
0.99246
1.0059
1.0154
1.0201
1.0192
1.0122
0.99837
0.97721
0.94833
0.91149
0.86659
0.81369
0.75303
0.68499
0.61011
0.52905
0.44257
0.35152
0.2568
0.15936
0.060185
-0.039749
-0.13945
-0.23791
-0.33416
-0.42723
-0.5162
-0.60018
-0.67838
-0.7501
-0.81475
-0.87189
-0.92124
-0.96267
-0.99623
-1.0221
-1.0407
-1.0525
-1.0581
-1.0581
-1.0534
-1.0446
-1.0326
-1.0182
-1.0024
-0.98579
-0.96934
-0.95383
-0.94008
-0.92886
-0.92096
-0.91712
-0.91806
-0.92446
-0.93694
-0.95607
-0.9823
-1.016
-1.0574
-1.1067
-1.1637
-1.2282
-1.2998
-1.378
-1.462
-1.551
-1.644
-1.7401
-1.8384
-1.9379
-2.0379
-2.1376
-2.2366
-2.3343
-2.4306
-2.5251
-2.6178
-2.7086
-2.7975
-2.8845
-2.9696
-3.0528
-3.134
-3.2132
-3.2903
-3.3652
-3.4375
-3.5071
-3.5736
-3.6367
-3.6958
-3.7505
-3.8002
-3.8443
-3.8823
-3.9135
-3.9373
-3.9531
-3.9604
-3.9589
-3.9482
-3.9281
-3.8987
-3.8601
-3.8125
-3.7564
-3.6924
-3.6209
-3.5429
-3.4592
-3.3704
-3.2776
-3.1816
-3.0834
-2.9838
-2.8838
-2.7844
-2.6866
-2.5912
-2.4992
-2.4117
-2.3293
-2.2531
-2.1835
-2.1212
-2.0665
-2.0197
-1.9807
-1.9494
-1.9254
-1.9083
-1.8975
-1.8922
-1.8917
-1.895
-1.9014
-1.9099
-1.9195
-1.9293
-1.9385
-1.946
-1.9509
-1.9524
-1.9497
-1.9418
-1.9281
-1.9079
-1.8806
-1.8458
-1.8032
-1.7527
-1.6944
-1.6286
-1.5557
-1.4763
-1.3913
-1.3015
-1.2078
-1.1113
-1.0128
-0.91312
-0.81314
-0.71346
-0.61466
-0.51718
-0.4214
-0.32762
-0.2361
-0.14707
-0.06076
0.022613
0.10279
0.1795
0.25242
0.32118
0.38538
0.44455
0.49819
0.54579
0.58678
0.62061
0.64675
0.6647
0.67402
0.67435
0.66544
0.64715
0.61947
0.58254
0.53662
0.4821
0.4195
0.34943
0.27259
0.18977
0.10179
0.0095277
-0.086098
-0.18415
-0.28365
-0.38361
-0.48305
-0.58097
-0.67639
-0.76839
-0.85611
-0.93878
-1.0158
-1.0867
-1.1511
-1.209
-1.2604
-1.3056
-1.3449
-1.3791
-1.4087
-1.4346
-1.4575
-1.4785
-1.4985
-1.5184
-1.5393
-1.562
-1.5876
-1.6168
-1.6506
-1.6896
-1.7343
-1.7854
-1.8429
-1.9071
-1.9777
-2.0546
-2.1372
-2.2249
-2.3169
-2.4124
-2.5103
-2.6098
-2.7097
-2.8093
-2.9074
-3.0031
-3.0957
-3.1842
-3.2678
-3.3458
-3.4173
-3.4817
-3.5382
-3.5863
-3.6256
-3.6554
-3.6756
-3.6859
-3.6863
-3.6768
-3.6575
-3.6288
-3.5911
-3.5448
-3.4905
-3.4286
-3.36
-3.2851
-3.2046
-3.1192
-3.0296
-2.9364
-2.8404
-2.7422
-2.6427
-2.5428
-2.4432
-2.3449
-2.249
-2.1562
-2.0677
-1.9842
-1.9066
-1.8354
-1.7712
-1.7142
-1.6645
-1.622
-1.5863
-1.5571
-1.5336
-1.5152
-1.501
-1.4902
-1.4818
-1.4748
-1.4683
-1.4612
-1.4527
-1.4416
-1.4271
-1.4084
-1.3845
-1.3548
-1.3187
-1.2758
-1.2257
-1.1684
-1.1039
-1.0326
-0.95486
-0.87132
-0.78274
-0.68998
-0.59396
-0.49566
-0.39604
-0.29608
-0.19673
-0.098929
-0.0035745
0.088449
0.17628
0.25909
0.33606
0.40643
0.46946
0.5245
0.57096
0.60835
0.63631
0.65458
0.66307
0.66179
0.6509
0.63069
0.60153
0.5639
0.51832
0.46535
0.4056
0.33964
0.26806
0.19141
0.11021
0.024963
-0.063853
-0.15577
-0.25034
-0.34706
-0.44545
-0.54493
-0.6449
-0.74465
-0.84342
-0.94037
-1.0346
-1.1251
-1.2111
-1.2915
-1.3656
-1.4327
-1.4923
-1.5439
-1.5876
-1.6232
-1.6511
-1.6717
-1.6855
-1.6932
-1.6956
-1.6936
-1.688
-1.6799
-1.6701
-1.6597
-1.6497
-1.6411
-1.6347
-1.6317
-1.6328
-1.6391
-1.6512
-1.67
-1.696
-1.7296
-1.7712
-1.8209
-1.8784
-1.9436
-2.016
-2.0949
-2.1795
-2.2689
-2.3623
-2.4587
-2.5572
-2.6569
-2.7568
-2.8563
-2.9546
-3.0509
-3.1447
-3.2351
-3.3216
-3.4035
-3.48
-3.5507
-3.6146
-3.6713
-3.72
-3.7602
-3.7914
-3.8131
-3.825
-3.827
-3.8191
-3.8012
-3.7737
-3.7368
-3.6911
-3.6372
-3.5755
-3.5068
-3.4318
-3.3512
-3.2656
-3.1759
-3.0826
-2.9866
-2.8885
-2.789
-2.6891
-2.5894
-2.4909
-2.3945
-2.3011
-2.2116
-2.1271
-2.0483
-1.9759
-1.9108
-1.8532
-1.8035
-1.7618
-1.7279
-1.7016
-1.6824
-1.6697
-1.6628
-1.6608
-1.6629
-1.6681
-1.6756
-1.6842
-1.6931
-1.7012
-1.7075
-1.7112
-1.7112
-1.7066
-1.6966
-1.6805
-1.6576
-1.6272
-1.5892
-1.5432
-1.4892
-1.4275
-1.3584
-1.2824
-1.2004
-1.113
-1.0214
-0.92627
-0.8287
-0.72955
-0.62966
-0.52977
-0.43058
-0.33268
-0.23662
-0.1429
-0.05199
0.035643
0.11954
0.19923
0.2742
0.34393
0.40788
0.46547
0.51611
0.55924
0.5943
0.62078
0.63824
0.64632
0.64478
0.63349
0.61245
0.5818
0.54181
0.49288
0.43551
0.3703
0.29793
0.21913
0.13471
0.045474
-0.047714
-0.14398
-0.24241
-0.34207
-0.44202
-0.54128
-0.63886
-0.73378
-0.82511
-0.91194
-0.99348
-1.0691
-1.1381
-1.2004
-1.2556
-1.3039
-1.3454
-1.3805
-1.4098
-1.4339
-1.4536
-1.4698
-1.4833
-1.4952
-1.5064
-1.5178
-1.5306
-1.5456
-1.5638
-1.586
-1.6132
-1.6459
-1.6849
-1.7305
-1.7831
-1.8428
-1.9094
-1.9827
-2.0622
-2.1473
-2.2372
-2.331
-2.4278
-2.5266
-2.6264
-2.7263
-2.8253
-2.9227
-3.0175
-3.1089
-3.1962
-3.2786
-3.3554
-3.4259
-3.4894
-3.5453
-3.5929
-3.6318
-3.6614
-3.6814
-3.6916
-3.6918
-3.682
-3.6624
-3.6332
-3.5947
-3.5473
-3.4918
-3.4285
-3.3582
-3.2815
-3.1992
-3.112
-3.0206
-2.9259
-2.8286
-2.7295
-2.6297
-2.5298
-2.4311
-2.3343
-2.2405
-2.1506
-2.0654
-1.9859
-1.9125
-1.8459
-1.7861
-1.7335
-1.6877
-1.6486
-1.6157
-1.5883
-1.5658
-1.5473
-1.532
-1.5188
-1.5069
-1.4953
-1.4829
-1.4688
-1.4521
-1.4317
-1.407
-1.377
-1.3412
-1.299
-1.2501
-1.1941
-1.1312
-1.0615
-0.98541
-0.90337
-0.8161
-0.72443
-0.62923
-0.53147
-0.43211
-0.33215
-0.23255
-0.13428
-0.038268
0.054587
0.1434
0.22732
0.30552
0.37722
0.44168
0.49824
0.5463
0.58537
0.61507
0.63514
0.64547
0.64607
0.63708
0.61876
0.59148
0.5557
0.51192
0.4607
0.40262
0.33825
0.26817
0.19291
0.113
0.028927
-0.058838
-0.14984
-0.24363
-0.33973
-0.43766
-0.53687
-0.63676
-0.73665
-0.83579
-0.93334
-1.0284
-1.1201
-1.2074
-1.2894
-1.3653
-1.4344
-1.4961
-1.55
-1.5959
-1.634
-1.6642
-1.6871
-1.7032
-1.7132
-1.7177
-1.7177
-1.714
-1.7076
-1.6995
-1.6906
-1.682
-1.6745
-1.6692
-1.6671
-1.669
-1.6759
-1.6886
-1.7078
-1.734
-1.7678
-1.8095
-1.8591
-1.9167
-1.9818
-2.054
-2.1328
-2.2173
-2.3067
-2.4001
-2.4965
-2.595
-2.6947
-2.7946
-2.8941
-2.9922
-3.0882
-3.1814
-3.2711
-3.3566
-3.4371
-3.512
-3.5804
-3.6418
-3.6955
-3.7409
-3.7774
-3.8045
-3.8219
-3.8295
-3.827
-3.8147
-3.7926
-3.761
-3.7205
-3.6715
-3.6146
-3.5505
-3.4797
-3.4031
-3.3212
-3.2347
-3.1443
-3.0506
-2.9544
-2.8561
-2.7567
-2.6567
-2.557
-2.4585
-2.3619
-2.2683
-2.1786
-2.0936
-2.0144
-1.9416
-1.876
-1.8179
-1.7678
-1.7258
-1.6918
-1.6654
-1.6464
-1.634
-1.6277
-1.6265
-1.6297
-1.6362
-1.6452
-1.6557
-1.6666
-1.677
-1.6859
-1.6923
-1.6953
-1.694
-1.6875
-1.6749
-1.6557
-1.6292
-1.5949
-1.5527
-1.5024
-1.4442
-1.3783
-1.3053
-1.2259
-1.1408
-1.051
-0.95729
-0.86075
-0.76223
-0.6626
-0.56262
-0.46299
-0.36435
-0.26726
-0.17222
-0.079703
0.0098214
0.0959
0.17806
0.25582
0.32865
0.396
0.45731
0.51199
0.55944
0.59908
0.63038
0.65285
0.66607
0.66975
0.66368
0.64782
0.62224
0.58714
0.54288
0.48991
0.4288
0.36019
0.28479
0.20337
0.11672
0.02568
-0.068905
-0.16616
-0.2652
-0.36509
-0.46489
-0.56364
-0.66036
-0.75409
-0.84387
-0.92884
-1.0082
-1.0813
-1.1475
-1.2067
-1.2585
-1.3031
-1.3407
-1.3716
-1.3965
-1.4159
-1.4307
-1.4418
-1.45
-1.4562
-1.4616
-1.467
-1.4734
-1.4819
-1.4933
-1.5087
-1.5288
-1.5544
-1.5862
-1.6248
-1.6704
-1.7234
-1.7837
-1.8512
-1.9254
-2.0059
-2.0918
-2.1825
-2.2768
-2.374
-2.473
-2.5729
-2.6727
-2.7717
-2.8691
-2.964
-3.0559
-3.144
-3.2276
-3.3063
-3.3792
-3.4458
-3.5054
-3.5576
-3.6016
-3.637
-3.6633
-3.6802
-3.6873
-3.6846
-3.6719
-3.6495
-3.6174
-3.5761
-3.5259
-3.4674
-3.4012
-3.3279
-3.2484
-3.1634
-3.0737
-2.9801
-2.8836
-2.785
-2.6852
-2.5853
-2.4862
-2.3889
-2.2945
-2.2037
-2.1174
-2.0365
-1.9613
-1.8924
-1.83
-1.7741
-1.7244
-1.6807
-1.6425
-1.6091
-1.5797
-1.5536
-1.5297
-1.5073
-1.4852
-1.4626
-1.4385
-1.412
-1.382
-1.348
-1.3091
-1.2646
-1.2143
-1.1576
-1.0946
-1.0251
-0.94952
-0.86819
-0.78168
-0.69071
-0.5961
-0.49875
-0.39962
-0.29969
-0.19997
-0.10145
-0.0051045
0.088107
0.17726
0.26145
0.33985
0.41167
0.47619
0.53278
0.58093
0.62023
0.65042
0.67135
0.68302
0.68556
0.67923
0.66438
0.64144
0.61091
0.57332
0.52923
0.47918
0.42371
0.36332
0.29845
0.22952
0.15689
0.080855
0.0016828
-0.080412
-0.16525
-0.25266
-0.34251
-0.43464
-0.52887
-0.62499
-0.72271
-0.82168
-0.92144
-1.0214
-1.1209
-1.2192
-1.3152
-1.4082
-1.4972
-1.5812
-1.6593
-1.7309
-1.7953
-1.8522
-1.9014
-1.9427
-1.9763
-2.0027
-2.0221
-2.0351
-2.0425
-2.0449
-2.0431
-2.038
-2.0304
-2.0211
-2.0111
-2.0013
-1.9926
-1.9858
-1.9818
-1.9816
-1.9859
-1.9955
-2.0112
-2.0336
-2.0631
-2.1001
-2.1448
-2.1974
-2.2575
-2.325
-2.3993
-2.4798
-2.5658
-2.6565
-2.7509
-2.8481
-2.9472
-3.0471
-3.1468
-3.2455
-3.342
-3.4356
-3.5251
-3.6098
-3.6887
-3.7611
-3.8263
-3.8837
-3.9329
-3.9736
-4.0055
-4.0288
-4.0435
-4.05
-4.0487
-4.0402
-4.0249
-4.0036
-3.9769
-3.9456
-3.9103
-3.8716
-3.8303
-3.7869
-3.7419
-3.6959
-3.6494
-3.6029
-3.5567
-3.5112
-3.4668
-3.4237
-3.3823
-3.3428
-3.3055
-3.2704
-3.2378
-3.2077
-3.1804
-3.1557
-3.1339
-3.1149
-3.0987
-3.0853
-3.0747
-3.0667
-3.0614
-3.0587
-3.0585
-3.0607
-3.0652
-3.072
-3.0809
-3.092
-3.1051
-3.1203
-3.1374
-3.1565
-3.1775
-3.2005
-3.2255
-3.2525
-3.2817
-3.3131
-3.3469
-3.3832
-3.4222
-3.4641
-3.509
-3.5573
-3.6091
-3.6646
-3.7242
-3.788
-3.8561
-3.9287
-4.0059
-4.0875
-4.1734
-4.2632
-4.3566
-4.4528
-4.5512
-4.6508
-4.7508
-4.8501
-4.9477
-5.0427
-5.1343
-5.2218
-5.3047
-5.3825
-5.4549
-5.522
-5.5835
-5.6398
-5.6908
-5.7369
-5.7782
-5.8151
-5.8479
-5.8769
-5.9025
-5.9248
-5.9443
-5.9613
-5.976
-5.9888
-5.9999
-6.0096
-6.0181
-6.0259
-6.033
-6.0397
-6.0464
-6.0532
-6.0603
-6.0681
-6.0766
-6.0861
-6.0969
-6.109
-6.1227
-6.1381
-6.1554
-6.1746
-6.196
-6.2195
-6.2453
-6.2733
-6.3037
-6.3362
-6.371
-6.4079
-6.4468
-6.4876
-6.53
-6.5739
-6.619
-6.6651
-6.7118
-6.7588
-6.8056
-6.852
-6.8973
-6.9412
-6.983
-7.0222
-7.0581
-7.0902
-7.1178
-7.1401
-7.1566
-7.1666
-7.1694
-7.1645
-7.1515
-7.1302
-7.1001
-7.0615
-7.0143
-6.9587
-6.8953
-6.8246
-6.7472
-6.6638
-6.5754
-6.4827
-6.3868
-6.2885
-6.1889
-6.089
-5.9897
-5.892
-5.7968
-5.7053
-5.6182
-5.5363
-5.4605
-5.3913
-5.3292
-5.2744
-5.2272
-5.1874
-5.1548
-5.129
-5.1096
-5.0959
-5.0872
-5.0826
-5.0813
-5.0824
-5.0851
-5.0883
-5.0911
-5.0927
-5.0921
-5.0884
-5.0808
-5.0683
-5.0504
-5.0263
-4.9954
-4.9572
-4.9116
-4.8584
-4.7976
-4.7295
-4.6546
-4.5735
-4.4869
-4.3958
-4.3012
-4.2038
-4.1048
-4.005
-3.905
-3.8058
-3.7077
-3.6114
-3.5172
-3.4255
-3.3366
-3.2507
-3.1683
-3.0895
-3.0146
-2.9441
-2.8782
-2.8174
-2.7622
-2.7129
-2.6701
-2.6343
-2.6059
-2.5855
-2.5735
-2.5702
-2.5758
-2.5906
-2.6147
-2.6479
-2.6901
-2.7409
-2.8
-2.8668
-2.9406
-3.0208
-3.1066
-3.197
-3.2913
-3.3883
-3.4873
-3.5872
-3.687
-3.7858
-3.8826
-3.9765
-4.0669
-4.1532
-4.2348
-4.3114
-4.383
-4.4497
-4.5116
-4.5692
-4.6231
-4.6739
-4.7224
-4.7694
-4.8159
-4.8625
-4.9104
-4.9601
-5.0127
-5.0686
-5.1286
-5.1931
-5.2623
-5.3365
-5.4155
-5.4993
-5.5873
-5.6793
-5.7744
-5.872
-5.9712
-6.0711
-6.1708
-6.2695
-6.366
-6.4596
-6.5494
-6.6345
-6.7143
-6.7881
-6.8553
-6.9156
-6.9687
-7.0144
-7.0528
-7.0839
-7.1082
-7.1259
-7.1376
-7.1438
-7.1452
-7.1423
-7.136
-7.127
-7.1159
-7.1035
-7.0905
-7.0777
-7.0657
-7.0553
-7.0472
-7.042
-7.0404
-7.043
-7.0504
-7.0632
-7.0819
-7.107
-7.1389
-7.1779
-7.2241
-7.2778
-7.3387
-7.4067
-7.4813
-7.5621
-7.6484
-7.7392
-7.8338
-7.931
-8.0301
-8.13
-8.2298
-8.329
-8.4268
-8.5229
-8.617
-8.7087
-8.7981
-8.8852
-8.9698
-9.0522
-9.1324
-9.2105
-9.2865
-9.3605
-9.4325
-9.5024
-9.57
-9.6354
-9.6983
-9.7584
-9.8155
-9.8692
-9.919
-9.9646
-10.005
-10.041
-10.071
-10.094
-10.11
-10.119
-10.12
-10.113
-10.097
-10.072
-10.039
-9.9969
-9.9464
-9.8877
-9.8214
-9.748
-9.6682
-9.5829
-9.4927
-9.3988
-9.3019
-9.203
-9.1031
-9.0033
-8.9044
-8.8075
-8.7135
-8.623
-8.537
-8.4559
-8.3801
-8.3099
-8.2453
-8.1863
-8.1326
-8.0836
-8.0388
-7.9975
-7.9589
-7.9222
-7.8864
-7.8506
-7.8138
-7.7753
-7.734
-7.6893
-7.6403
-7.5866
-7.5275
-7.463
-7.3927
-7.3168
-7.2355
-7.1493
-7.0587
-6.9644
-6.8674
-6.7684
-6.6686
-6.5688
-6.47
-6.3733
-6.2796
-6.1898
-6.1049
-6.0256
-5.9529
-5.8873
-5.8296
-5.7802
-5.7397
-5.7082
-5.6859
-5.673
-5.6693
-5.6746
-5.6886
-5.711
-5.7412
-5.7788
-5.8232
-5.874
-5.9307
-5.9927
-6.0596
-6.131
-6.2065
-6.2857
-6.3685
-6.4545
-6.5434
-6.635
-6.729
-6.8251
-6.9229
-7.022
-7.1218
-7.2217
-7.321
-7.4189
-7.5144
-7.6066
-7.6945
-7.7773
-7.854
-7.9241
-7.9869
-8.0422
-8.0897
-8.1295
-8.1618
-8.187
-8.2057
-8.2184
-8.2258
-8.2288
-8.2282
-8.2249
-8.2197
-8.2137
-8.2078
-8.2028
-8.1997
-8.1995
-8.2029
-8.211
-8.2243
-8.2438
-8.2699
-8.3031
-8.3438
-8.3922
-8.4482
-8.5117
-8.5822
-8.6593
-8.7424
-8.8305
-8.9229
-9.0187
-9.1168
-9.2164
-9.3164
-9.4158
-9.5137
-9.6091
-9.7011
-9.7887
-9.8712
-9.9475
-10.017
-10.079
-10.133
-10.179
-10.215
-10.243
-10.261
-10.271
-10.272
-10.265
-10.25
-10.228
-10.199
-10.165
-10.125
-10.08
-10.032
-9.9795
-9.9244
-9.8667
-9.8069
-9.7452
-9.6821
-9.6177
-9.5521
-9.4857
-9.4183
-9.3501
-9.2811
-9.2111
-9.14
-9.0678
-8.9942
-8.9189
-8.8419
-8.7627
-8.6813
-8.5973
-8.5107
-8.4214
-8.3294
-8.2348
-8.1381
-8.0396
-7.94
-7.8401
-7.7406
-7.6426
-7.547
-7.4548
-7.3669
-7.2841
-7.2071
-7.1365
-7.0726
-7.0157
-6.9661
-6.9236
-6.8884
-6.8601
-6.8385
-6.8235
-6.8146
-6.8115
-6.8138
-6.821
-6.8327
-6.8484
-6.8676
-6.8897
-6.9143
-6.9407
-6.9684
-6.9968
-7.0252
-7.0531
-7.0797
-7.1044
-7.1265
-7.1453
-7.1601
-7.1701
-7.1747
-7.1733
-7.1652
-7.1499
-7.1271
-7.0964
-7.0576
-7.0108
-6.956
-6.8936
-6.824
-6.7477
-6.6654
-6.5779
-6.4861
-6.3907
-6.2929
-6.1935
-6.0935
-5.994
-5.8959
-5.8001
-5.7077
-5.6194
-5.5361
-5.4583
-5.3865
-5.3212
-5.2625
-5.2103
-5.1647
-5.1251
-5.0912
-5.0623
-5.0378
-5.0168
-4.9985
-4.982
-4.9663
-4.9505
-4.9337
-4.9149
-4.8931
-4.8676
-4.8374
-4.802
-4.7606
-4.7128
-4.6583
-4.597
-4.5289
-4.4543
-4.3737
-4.2876
-4.197
-4.1025
-4.0053
-3.9063
-3.8064
-3.7066
-3.6077
-3.5106
-3.4161
-3.3248
-3.2375
-3.1547
-3.077
-3.0051
-2.9396
-2.8809
-2.8297
-2.7864
-2.7516
-2.7256
-2.7089
-2.7016
-2.7041
-2.7163
-2.7382
-2.7696
-2.8103
-2.86
-2.918
-2.9839
-3.057
-3.1365
-3.2216
-3.3116
-3.4054
-3.5022
-3.6011
-3.7009
-3.8008
-3.8997
-3.9967
-4.091
-4.1819
-4.2687
-4.351
-4.4286
-4.5013
-4.5694
-4.6331
-4.6928
-4.7492
-4.8029
-4.8548
-4.9055
-4.9561
-5.0072
-5.0597
-5.1144
-5.172
-5.2331
-5.2981
-5.3673
-5.4411
-5.5194
-5.6022
-5.6891
-5.7798
-5.8738
-5.9704
-6.0689
-6.1686
-6.2685
-6.368
-6.4661
-6.5621
-6.6552
-6.7446
-6.83
-6.9106
-6.9863
-7.0566
-7.1217
-7.1815
-7.2363
-7.2865
-7.3324
-7.3748
-7.4142
-7.4515
-7.4874
-7.5228
-7.5587
-7.5958
-7.6351
-7.6773
-7.7232
-7.7736
-7.8289
-7.8896
-7.956
-8.0282
-8.106
-8.1891
-8.277
-8.3692
-8.4647
-8.5626
-8.6621
-8.7621
-8.8615
-8.9596
-9.0553
-9.1478
-9.2362
-9.3199
-9.398
-9.47
-9.5351
-9.5928
-9.6426
-9.6839
-9.7163
-9.7394
-9.753
-9.7568
-9.7507
-9.7348
-9.7092
-9.6741
-9.6298
-9.5768
-9.5157
-9.4469
-9.3712
-9.2894
-9.2022
-9.1106
-9.0155
-8.9178
-8.8185
-8.7185
-8.6189
-8.5205
-8.4241
-8.3305
-8.2403
-8.1537
-8.0712
-7.9925
-7.9177
-7.8465
-7.7782
-7.7125
-7.6485
-7.5857
-7.5232
-7.4603
-7.3964
-7.3306
-7.2625
-7.1916
-7.1174
-7.0398
-6.9586
-6.8738
-6.7855
-6.6941
-6.5998
-6.5033
-6.405
-6.3055
-6.2056
-6.1058
-6.0067
-5.9091
-5.8134
-5.7201
-5.6296
-5.542
-5.4576
-5.3763
-5.298
-5.2224
-5.149
-5.0774
-5.007
-4.9371
-4.867
-4.796
-4.7236
-4.649
-4.5717
-4.4914
-4.4078
-4.3208
-4.2304
-4.137
-4.0409
-3.9428
-3.8434
-3.7434
-3.6438
-3.5455
-3.4495
-3.3566
-3.2679
-3.1842
-3.1063
-3.035
-2.971
-2.9149
-2.8673
-2.8285
-2.7988
-2.7786
-2.7679
-2.7666
-2.7747
-2.792
-2.8182
-2.8529
-2.8958
-2.9464
-3.0042
-3.0688
-3.1395
-3.216
-3.2977
-3.3839
-3.4742
-3.568
-3.6644
-3.7628
-3.8625
-3.9624
-4.0618
-4.1596
-4.2548
-4.3465
-4.4338
-4.516
-4.5923
-4.6624
-4.7259
-4.7828
-4.8333
-4.8775
-4.9161
-4.9496
-4.9787
-5.0042
-5.0269
-5.0478
-5.0676
-5.0875
-5.1082
-5.1306
-5.1557
-5.1842
-5.2169
-5.2544
-5.2973
-5.346
-5.4008
-5.4618
-5.5291
-5.6024
-5.6814
-5.7657
-5.8546
-5.9475
-6.0434
-6.1416
-6.2412
-6.3412
-6.4406
-6.5385
-6.6341
-6.7265
-6.8148
-6.8984
-6.9767
-7.0492
-7.1156
-7.1758
-7.2298
-7.2778
-7.32
-7.3569
-7.3891
-7.4172
-7.4421
-7.4645
-7.4852
-7.5053
-7.5255
-7.5469
-7.5703
-7.5967
-7.6267
-7.6614
-7.7012
-7.7468
-7.7986
-7.8569
-7.9218
-7.9932
-8.0708
-8.1541
-8.2424
-8.3349
-8.4307
-8.5289
-8.6285
-8.7285
-8.8279
-8.926
-9.0219
-9.1149
-9.2044
-9.2897
-9.3702
-9.4454
-9.5148
-9.5777
-9.6338
-9.6826
-9.7234
-9.756
-9.7799
-9.7949
-9.8005
-9.7967
-9.7834
-9.7606
-9.7285
-9.6872
-9.6372
-9.5789
-9.5128
-9.4396
-9.36
-9.2748
-9.1849
-9.091
-8.9943
-8.8955
-8.7957
-8.6958
-8.5967
-8.4991
-8.4038
-8.3112
-8.2219
-8.136
-8.0535
-7.9743
-7.8982
-7.8246
-7.7531
-7.6829
-7.6135
-7.5441
-7.474
-7.4027
-7.3294
-7.2538
-7.1754
-7.0939
-7.0093
-6.9215
-6.8307
-6.7371
-6.6412
-6.5434
-6.4442
-6.3444
-6.2445
-6.1451
-6.047
-5.9507
-5.8568
-5.7657
-5.6779
-5.5935
-5.5127
-5.4356
-5.3618
-5.2913
-5.2235
-5.158
-5.0942
-5.0314
-4.9689
-4.9059
-4.8418
-4.7757
-4.707
-4.6352
-4.5599
-4.4807
-4.3975
-4.3104
-4.2197
-4.1256
-4.0289
-3.9303
-3.8306
-3.7306
-3.6315
-3.5341
-3.4394
-3.3484
-3.2619
-3.1809
-3.1062
-3.0385
-2.9784
-2.9266
-2.8836
-2.8499
-2.8256
-2.8111
-2.8065
-2.8116
-2.8265
-2.8509
-2.8845
-2.927
-2.9778
-3.0365
-3.1025
-3.1752
-3.2541
-3.3383
-3.4272
-3.5201
-3.6161
-3.7143
-3.8139
-3.9138
-4.0132
-4.111
-4.2062
-4.2979
-4.3854
-4.4679
-4.5451
-4.6166
-4.6822
-4.7422
-4.7967
-4.8462
-4.8913
-4.9326
-4.971
-5.0073
-5.0422
-5.0768
-5.1119
-5.1483
-5.1869
-5.2284
-5.2736
-5.3229
-5.377
-5.4362
-5.5006
-5.5705
-5.6456
-5.7258
-5.8108
-5.9
-5.9928
-6.0886
-6.1866
-6.286
-6.386
-6.4857
-6.5842
-6.6809
-6.7749
-6.8657
-6.9526
-7.0353
-7.1134
-7.1869
-7.2558
-7.3202
-7.3804
-7.437
-7.4905
-7.5416
-7.5911
-7.6397
-7.6883
-7.7378
-7.7889
-7.8426
-7.8994
-7.9601
-8.0252
-8.095
-8.1697
-8.2494
-8.3337
-8.4225
-8.5151
-8.6108
-8.7089
-8.8084
-8.9084
-9.0078
-9.1057
-9.2012
-9.2932
-9.3808
-9.4633
-9.5396
-9.6092
-9.6713
-9.7252
-9.7704
-9.8065
-9.8332
-9.8502
-9.8574
-9.8547
-9.8424
-9.8206
-9.7897
-9.7499
-9.7019
-9.646
-9.5829
-9.5131
-9.4372
-9.3559
-9.2696
-9.1793
-9.0854
-8.9888
-8.8902
-8.7905
-8.6905
-8.5913
-8.4938
-8.3989
-8.3076
-8.2209
-8.1394
-8.0638
-7.9946
-7.932
-7.876
-7.8267
-7.7836
-7.7463
-7.7141
-7.6864
-7.6623
-7.641
-7.6215
-7.6029
-7.5843
-7.5647
-7.5432
-7.5188
-7.4908
-7.4584
-7.4209
-7.3777
-7.3285
-7.2729
-7.2109
-7.1424
-7.0678
-6.9874
-6.9017
-6.8115
-6.7175
-6.6207
-6.5219
-6.422
-6.3222
-6.2233
-6.1264
-6.0323
-5.9421
-5.8567
-5.7767
-5.7029
-5.6359
-5.5762
-5.5241
-5.4799
-5.4435
-5.4148
-5.3936
-5.3795
-5.372
-5.3706
-5.3745
-5.3832
-5.3958
-5.4118
-5.4302
-5.4504
-5.4716
-5.4932
-5.5144
-5.5346
-5.553
-5.5691
-5.5822
-5.5916
-5.5967
-5.5971
-5.5921
-5.5812
-5.564
-5.54
-5.509
-5.4707
-5.4249
-5.3717
-5.3111
-5.2433
-5.1688
-5.0882
-5.0021
-4.9113
-4.8169
-4.7197
-4.6207
-4.5208
-4.4209
-4.3217
-4.2238
-4.1276
-4.0334
-3.9414
-3.8517
-3.7641
-3.6787
-3.5953
-3.5137
-3.4339
-3.3556
-3.2789
-3.2035
-3.1296
-3.057
-2.9859
-2.9165
-2.8487
-2.783
-2.7195
-2.6586
-2.6007
-2.5463
-2.4959
-2.45
-2.4093
-2.3743
-2.3456
-2.324
-2.31
-2.3041
-2.3068
-2.3183
-2.339
-2.3688
-2.4077
-2.4555
-2.5117
-2.5759
-2.6475
-2.7256
-2.8096
-2.8985
-2.9914
-3.0876
-3.1859
-3.2856
-3.3855
-3.4848
-3.5825
-3.6776
-3.7691
-3.8561
-3.9379
-4.0135
-4.0824
-4.144
-4.198
-4.2444
-4.2829
-4.314
-4.3379
-4.3551
-4.3663
-4.3722
-4.3736
-4.3713
-4.3662
-4.3593
-4.3515
-4.3438
-4.3369
-4.332
-4.3298
-4.3312
-4.3372
-4.3484
-4.3657
-4.3896
-4.4207
-4.4593
-4.5056
-4.5598
-4.6216
-4.6908
-4.7667
-4.8487
-4.9361
-5.0277
-5.1229
-5.2205
-5.3196
-5.4195
-5.5194
-5.6187
-5.7168
-5.8133
-5.9079
-6.0003
-6.0901
-6.1772
-6.2613
-6.3422
-6.4196
-6.4931
-6.5625
-6.6273
-6.6871
-6.7415
-6.7899
-6.8317
-6.8666
-6.8938
-6.913
-6.9237
-6.9255
-6.9182
-6.9015
-6.8756
-6.8404
-6.7962
-6.7433
-6.6823
-6.6136
-6.5381
-6.4564
-6.3694
-6.2779
-6.1828
-6.0851
-5.9858
-5.8858
-5.7862
-5.688
-5.592
-5.4993
-5.4106
-5.3267
-5.2481
-5.1754
-5.1086
-5.0479
-4.9932
-4.9441
-4.9002
-4.8609
-4.8254
-4.793
-4.7627
-4.7337
-4.705
-4.6756
-4.6447
-4.6112
-4.5743
-4.5333
-4.4875
-4.4363
-4.3793
-4.3163
-4.2472
-4.1721
-4.0913
-4.0055
-3.9151
-3.8209
-3.7239
-3.625
-3.5251
-3.4253
-3.3266
-3.2298
-3.1361
-3.0462
-2.9612
-2.8819
-2.809
-2.7432
-2.6854
-2.6359
-2.5954
-2.564
-2.542
-2.5295
-2.5265
-2.5327
-2.548
-2.5718
-2.6038
-2.6435
-2.6904
-2.7438
-2.8034
-2.8685
-2.9387
-3.0136
-3.0927
-3.1756
-3.262
-3.3516
-3.4439
-3.5387
-3.6355
-3.7339
-3.8334
-3.9334
-4.0331
-4.1319
-4.2288
-4.323
-4.4134
-4.4992
-4.5794
-4.6533
-4.7202
-4.7797
-4.8314
-4.8754
-4.9116
-4.9404
-4.9622
-4.9776
-4.9873
-4.9922
-4.9929
-4.9905
-4.9858
-4.9798
-4.9735
-4.9677
-4.9636
-4.962
-4.9638
-4.9699
-4.9813
-4.9985
-5.0223
-5.0533
-5.0917
-5.1379
-5.1918
-5.2533
-5.3221
-5.3977
-5.4794
-5.5664
-5.6579
-5.753
-5.8506
-5.9499
-6.0498
-6.1495
-6.248
-6.3444
-6.4378
-6.5273
-6.6121
-6.6914
-6.7643
-6.8301
-6.888
-6.9376
-6.9782
-7.0096
-7.0314
-7.0437
-7.0463
-7.0396
-7.0238
-6.9993
-6.9667
-6.9266
-6.8794
-6.8259
-6.7666
-6.702
-6.6328
-6.5593
-6.482
-6.4013
-6.3175
-6.2309
-6.1416
-6.0501
-5.9564
-5.8609
-5.7637
-5.6652
-5.5657
-5.4658
-5.3659
-5.2668
-5.1691
-5.0739
-4.9819
-4.8941
-4.8115
-4.735
-4.6652
-4.6028
-4.5482
-4.5018
-4.4635
-4.4332
-4.4106
-4.3952
-4.3866
-4.3839
-4.3864
-4.3933
-4.4036
-4.4166
-4.4312
-4.4465
-4.4616
-4.4754
-4.4872
-4.4958
-4.5004
-4.5002
-4.4942
-4.4818
-4.4623
-4.4351
-4.4
-4.3568
-4.3053
-4.2459
-4.179
-4.105
-4.0247
-3.9388
-3.8483
-3.7541
-3.657
-3.5582
-3.4583
-3.3584
-3.2593
-3.1617
-3.0665
-2.9745
-2.8864
-2.803
-2.7251
-2.6534
-2.5888
-2.5318
-2.4831
-2.4434
-2.4129
-2.3922
-2.3812
-2.3802
-2.3889
-2.4071
-2.4346
-2.4707
-2.515
-2.5669
-2.6256
-2.6907
-2.7615
-2.8374
-2.9178
-3.0022
-3.0901
-3.1811
-3.2747
-3.3706
-3.4682
-3.5671
-3.6668
-3.7668
-3.8664
-3.9649
-4.0615
-4.1553
-4.2454
-4.3309
-4.4109
-4.4845
-4.551
-4.6098
-4.6605
-4.7028
-4.7367
-4.7625
-4.7804
-4.791
-4.7949
-4.7929
-4.7857
-4.7744
-4.7597
-4.7428
-4.7245
-4.7058
-4.6878
-4.6713
-4.6574
-4.647
-4.6411
-4.6405
-4.646
-4.6584
-4.6783
-4.7061
-4.7422
-4.7866
-4.8394
-4.9002
-4.9686
-5.0439
-5.1254
-5.2121
-5.3033
-5.3979
-5.495
-5.5939
-5.6936
-5.7936
-5.8932
-5.9918
-6.0889
-6.1841
-6.277
-6.3671
-6.4539
-6.537
-6.6159
-6.69
-6.7588
-6.8216
-6.8778
-6.9268
-6.9679
-7.0006
-7.0244
-7.0389
-7.0437
-7.0386
-7.0236
-6.9989
-6.9646
-6.9211
-6.869
-6.8088
-6.7413
-6.667
-6.5868
-6.5015
-6.4117
-6.3184
-6.2222
-6.1239
-6.0244
-5.9244
-5.8248
-5.7265
-5.6305
-5.5375
-5.4487
-5.3648
-5.2867
-5.2153
-5.1511
-5.0947
-5.0463
-5.0062
-4.9741
-4.9499
-4.9331
-4.9232
-4.9195
-4.9212
-4.9275
-4.9374
-4.9501
-4.9646
-4.9798
-4.995
-5.0091
-5.0212
-5.0304
-5.0357
-5.0363
-5.0314
-5.0203
-5.0023
-4.9768
-4.9434
-4.902
-4.8524
-4.7947
-4.7294
-4.6569
-4.5779
-4.4933
-4.4038
-4.3104
-4.2141
-4.1158
-4.0163
-3.9164
-3.8165
-3.7174
-3.6194
-3.5228
-3.4279
-3.335
-3.2444
-3.1562
-3.0707
-2.9881
-2.9088
-2.833
-2.7613
-2.694
-2.6317
-2.5748
-2.524
-2.4799
-2.443
-2.414
-2.3934
-2.3816
-2.3791
-2.386
-2.4026
-2.4287
-2.4643
-2.5091
-2.5625
-2.6241
-2.6932
-2.769
-2.8509
-2.9379
-3.0293
-3.1242
-3.2216
-3.3207
-3.4207
-3.5204
-3.6191
-3.7157
-3.8093
-3.8989
-3.9836
-4.0626
-4.1353
-4.2008
-4.259
-4.3094
-4.3521
-4.3872
-4.4148
-4.4356
-4.4501
-4.459
-4.4631
-4.4633
-4.4604
-4.4554
-4.4492
-4.4429
-4.4374
-4.4336
-4.4324
-4.4349
-4.4417
-4.4539
-4.4721
-4.497
-4.529
-4.5686
-4.616
-4.6712
-4.7341
-4.8042
-4.881
-4.9638
-5.0518
-5.144
-5.2395
-5.3374
-5.4367
-5.5366
-5.6365
-5.7355
-5.8333
-5.9292
-6.023
-6.1141
-6.2023
-6.2872
-6.3685
-6.4457
-6.5185
-6.5865
-6.6492
-6.7061
-6.7567
-6.8004
-6.8367
-6.8651
-6.8851
-6.8963
-6.8983
-6.8911
-6.8743
-6.8481
-6.8125
-6.7678
-6.7145
-6.653
-6.584
-6.5081
-6.4261
-6.3388
-6.247
-6.1518
-6.054
-5.9547
-5.8547
-5.7551
-5.657
-5.5612
-5.4686
-5.3802
-5.2965
-5.2183
-5.1459
-5.0796
-5.0193
-4.965
-4.9163
-4.8728
-4.8338
-4.7987
-4.7665
-4.7365
-4.7077
-4.6791
-4.6497
-4.6187
-4.5852
-4.5482
-4.5071
-4.4611
-4.4097
-4.3524
-4.2892
-4.2198
-4.1446
-4.0636
-3.9776
-3.8871
-3.7929
-3.6958
-3.5968
-3.497
-3.3972
-3.2984
-3.2018
-3.1081
-3.0184
-2.9336
-2.8544
-2.7817
-2.7163
-2.6587
-2.6095
-2.5691
-2.5379
-2.516
-2.5034
-2.5
-2.5057
-2.5202
-2.543
-2.5737
-2.6117
-2.6566
-2.7077
-2.7647
-2.8269
-2.8939
-2.9654
-3.0408
-3.12
-3.2026
-3.2882
-3.3768
-3.468
-3.5615
-3.6572
-3.7546
-3.8534
-3.9531
-4.0531
-4.1527
-4.2511
-4.3475
-4.4409
-4.5303
-4.6149
-4.6937
-4.7661
-4.8313
-4.889
-4.939
-4.9811
-5.0156
-5.0427
-5.0629
-5.0768
-5.0851
-5.0885
-5.0879
-5.0841
-5.078
-5.0706
-5.0627
-5.0553
-5.0494
-5.0459
-5.0456
-5.0494
-5.0583
-5.0728
-5.0938
-5.1217
-5.1571
-5.2001
-5.2509
-5.3093
-5.3752
-5.448
-5.5272
-5.6121
-5.7019
-5.7955
-5.8922
-5.991
-6.0907
-6.1906
-6.2897
-6.3869
-6.4813
-6.5721
-6.6583
-6.739
-6.8135
-6.881
-6.9408
-6.9923
-7.0351
-7.0688
-7.0934
-7.1088
-7.1151
-7.1126
-7.1017
-7.0829
-7.0568
-7.0239
-6.985
-6.9405
-6.8911
-6.8374
-6.7799
-6.7191
-6.6555
-6.5893
-6.5208
-6.4504
-6.3782
-6.3044
-6.2289
-6.152
-6.0734
-5.9933
-5.9114
-5.8278
-5.7423
-5.6548
-5.5651
-5.4734
-5.3796
-5.2838
-5.1862
-5.0873
-4.9876
-4.8876
-4.7882
-4.6903
-4.5948
-4.5027
-4.4148
-4.3322
-4.2556
-4.1855
-4.1225
-4.0669
-4.0188
-3.9783
-3.9452
-3.9193
-3.9003
-3.8878
-3.8813
-3.8802
-3.884
-3.8921
-3.9038
-3.9186
-3.9357
-3.9544
-3.974
-3.9939
-4.0132
-4.0313
-4.0473
-4.0606
-4.0704
-4.0759
-4.0764
-4.0712
-4.0597
-4.0414
-4.0158
-3.9827
-3.9417
-3.8929
-3.8364
-3.7725
-3.7015
-3.624
-3.5408
-3.4525
-3.3599
-3.2641
-3.1659
-3.0664
-2.9664
-2.867
-2.7692
-2.674
-2.5822
-2.4947
-2.4121
-2.3353
-2.2646
-2.2004
-2.1428
-2.0919
-2.0475
-2.0092
-1.9766
-1.9491
-1.926
-1.9064
-1.8896
-1.8746
-1.8605
-1.8464
-1.8313
-1.8143
-1.7944
-1.7709
-1.7428
-1.7095
-1.6702
-1.6246
-1.5722
-1.513
-1.4469
-1.3741
-1.2951
-1.2105
-1.1211
-1.0276
-0.93105
-0.83243
-0.73268
-0.63275
-0.5335
-0.43576
-0.34026
-0.2477
-0.1587
-0.073855
0.0062574
0.081091
0.15011
0.21277
0.26855
0.31693
0.35744
0.3896
0.41301
0.42733
0.43228
0.42769
0.41348
0.3897
0.3565
0.31415
0.26302
0.2036
0.13646
0.06227
-0.018238
-0.10426
-0.19493
-0.28935
-0.38657
-0.48562
-0.58552
-0.68531
-0.78404
-0.88084
-0.97495
-1.0657
-1.1526
-1.2353
-1.3137
-1.3878
-1.4579
-1.5243
-1.5875
-1.6481
-1.707
-1.7647
-1.8223
-1.8803
-1.9397
-2.001
-2.065
-2.1323
-2.2031
-2.2778
-2.3566
-2.4394
-2.5261
-2.6164
-2.7099
-2.806
-2.9041
-3.0035
-3.1034
-3.2032
-3.3019
-3.3989
-3.4935
-3.5849
-3.6727
-3.7564
-3.8356
-3.9102
-3.98
-4.0453
-4.1061
-4.163
-4.2163
-4.2666
-4.3148
-4.3614
-4.4073
-4.4534
-4.5005
-4.5494
-4.601
-4.6559
-4.7148
-4.7782
-4.8465
-4.9198
-4.9983
-5.0817
-5.1697
-5.2617
-5.357
-5.4548
-5.5541
-5.6541
-5.7537
-5.8518
-5.9477
-6.0402
-6.1285
-6.2119
-6.2894
-6.3604
-6.4241
-6.48
-6.5275
-6.566
-6.5952
-6.6147
-6.6243
-6.624
-6.6137
-6.5936
-6.5637
-6.5246
-6.4765
-6.42
-6.3557
-6.2842
-6.2061
-6.1223
-6.0335
-5.9407
-5.8446
-5.7462
-5.6466
-5.5466
-5.4474
-5.3498
-5.2547
-5.1631
-5.0754
-4.9924
-4.9142
-4.841
-4.7728
-4.7093
-4.6502
-4.5949
-4.5427
-4.4929
-4.4447
-4.3973
-4.3499
-4.3015
-4.2515
-4.1991
-4.1435
-4.0844
-4.0212
-3.9536
-3.8815
-3.8047
-3.7234
-3.6378
-3.5484
-3.4555
-3.3599
-3.2621
-3.1628
-3.0629
-2.9631
-2.8641
-2.7667
-2.6715
-2.5791
-2.49
-2.4046
-2.323
-2.2454
-2.1718
-2.1018
-2.0352
-1.9714
-1.9099
-1.8501
-1.7911
-1.7322
-1.6726
-1.6116
-1.5483
-1.4823
-1.4127
-1.3394
-1.2619
-1.1802
-1.0943
-1.0046
-0.91131
-0.81519
-0.71693
-0.61735
-0.51739
-0.41798
-0.32011
-0.22475
-0.13284
-0.045321
0.036947
0.11314
0.1825
0.24434
0.29807
0.34317
0.37923
0.40597
0.42319
0.43083
0.42893
0.41765
0.39721
0.36795
0.33026
0.28458
0.23139
0.17118
0.10448
0.031803
-0.046313
-0.12934
-0.21672
-0.30789
-0.40224
-0.49912
-0.59781
-0.69756
-0.7975
-0.89673
-0.9943
-1.0892
-1.1806
-1.2674
-1.3489
-1.4245
-1.4935
-1.5557
-1.611
-1.6595
-1.7014
-1.7371
-1.7673
-1.7926
-1.8137
-1.8316
-1.8471
-1.8612
-1.8748
-1.8889
-1.9043
-1.9221
-1.943
-1.9679
-1.9976
-2.0326
-2.0736
-2.1209
-2.1748
-2.2355
-2.3027
-2.3763
-2.4558
-2.5407
-2.6303
-2.7238
-2.8203
-2.919
-3.0187
-3.1186
-3.2177
-3.3149
-3.4093
-3.5
-3.5861
-3.6668
-3.7414
-3.8093
-3.8699
-3.923
-3.9683
-4.0059
-4.0358
-4.0583
-4.0739
-4.0829
-4.086
-4.0838
-4.0771
-4.0665
-4.0529
-4.0371
-4.0197
-4.0015
-3.9834
-3.966
-3.95
-3.9363
-3.9253
-3.918
-3.9148
-3.9165
-3.9236
-3.9367
-3.9562
-3.9826
-4.0163
-4.0574
-4.1062
-4.1624
-4.2261
-4.2968
-4.374
-4.4572
-4.5455
-4.638
-4.7338
-4.8319
-4.9313
-5.0313
-5.131
-5.2298
-5.3273
-5.4231
-5.5169
-5.6086
-5.6983
-5.7859
-5.8715
-5.9552
-6.037
-6.1171
-6.1955
-6.2722
-6.3473
-6.4205
-6.4918
-6.5611
-6.6281
-6.6925
-6.7539
-6.8121
-6.8664
-6.9164
-6.9616
-7.0012
-7.0349
-7.0618
-7.0814
-7.0932
-7.0966
-7.0913
-7.077
-7.0535
-7.0208
-6.9791
-6.9286
-6.8699
-6.8033
-6.7296
-6.6496
-6.564
-6.4737
-6.3796
-6.2827
-6.1838
-6.0839
-5.9841
-5.8852
-5.7883
-5.6944
-5.6042
-5.5189
-5.4391
-5.3657
-5.299
-5.2397
-5.1878
-5.1435
-5.1067
-5.077
-5.054
-5.0372
-5.0257
-5.019
-5.016
-5.0159
-5.0179
-5.0209
-5.0239
-5.0262
-5.0266
-5.0243
-5.0184
-5.008
-4.9923
-4.9707
-4.9424
-4.9069
-4.8641
-4.8135
-4.7554
-4.6898
-4.6172
-4.5381
-4.4534
-4.3637
-4.2702
-4.1737
-4.0752
-3.9755
-3.8755
-3.776
-3.6775
-3.5805
-3.4857
-3.3933
-3.3038
-3.2176
-3.1348
-3.056
-2.9814
-2.9115
-2.8466
-2.7874
-2.7341
-2.6874
-2.6477
-2.6156
-2.5915
-2.5758
-2.569
-2.5713
-2.5829
-2.6039
-2.6342
-2.6737
-2.722
-2.7788
-2.8434
-2.9154
-2.9939
-3.0782
-3.1674
-3.2607
-3.3571
-3.4557
-3.5554
-3.6554
-3.7545
-3.8518
-3.9465
-4.0377
-4.1247
-4.207
-4.2841
-4.3559
-4.4224
-4.4836
-4.5399
-4.5919
-4.6401
-4.6852
-4.7281
-4.7696
-4.8106
-4.8521
-4.8949
-4.9398
-4.9878
-5.0394
-5.0953
-5.156
-5.2218
-5.2928
-5.3692
-5.4506
-5.5367
-5.6271
-5.721
-5.8177
-5.9164
-6.0162
-6.1161
-6.2152
-6.3124
-6.407
-6.4978
-6.5841
-6.6652
-6.7401
-6.8084
-6.8696
-6.9232
-6.969
-7.0068
-7.0368
-7.0591
-7.074
-7.0819
-7.0832
-7.0785
-7.0684
-7.0536
-7.0346
-7.0122
-6.987
-6.9596
-6.9306
-6.9006
-6.8702
-6.84
-6.8103
-6.7818
-6.7549
-6.7301
-6.7077
-6.6882
-6.6721
-6.6595
-6.6511
-6.6469
-6.6475
-6.6531
-6.664
-6.6804
-6.7027
-6.731
-6.7655
-6.8064
-6.8539
-6.9078
-6.9683
-7.0351
-7.1082
-7.187
-7.2712
-7.3602
-7.4532
-7.5493
-7.6477
-7.7474
-7.8473
-7.9466
-8.0444
-8.1399
-8.2326
-8.322
-8.4079
-8.4902
-8.5688
-8.6441
-8.716
-8.785
-8.8513
-8.9153
-8.9772
-9.0374
-9.0962
-9.1539
-9.2106
-9.2666
-9.3221
-9.377
-9.4316
-9.4857
-9.5394
-9.5927
-9.6453
-9.6971
-9.7479
-9.7974
-9.8454
-9.8914
-9.9352
-9.9761
-10.014
-10.048
-10.078
-10.102
-10.122
-10.135
-10.142
-10.142
-10.134
-10.118
-10.095
-10.063
-10.022
-9.9736
-9.917
-9.8528
-9.7816
-9.7038
-9.6203
-9.5318
-9.4391
-9.3431
-9.2449
-9.1453
-9.0453
-8.946
-8.8481
-8.7526
-8.6603
-8.5718
-8.4877
-8.4084
-8.3342
-8.265
-8.2008
-8.1412
-8.0859
-8.0341
-7.9853
-7.9386
-7.8932
-7.8482
-7.8028
-7.756
-7.7071
-7.6551
-7.5995
-7.5397
-7.4752
-7.4056
-7.331
-7.2514
-7.1669
-7.0781
-6.9855
-6.8897
-6.7916
-6.6921
-6.5922
-6.4927
-6.3947
-6.2991
-6.2069
-6.119
-6.0363
-5.9595
-5.8893
-5.8265
-5.7715
-5.7247
-5.6865
-5.6569
-5.636
-5.6236
-5.6197
-5.6237
-5.6354
-5.6542
-5.6798
-5.7114
-5.7486
-5.7909
-5.8378
-5.8888
-5.9435
-6.0015
-6.0626
-6.1264
-6.1927
-6.2614
-6.3324
-6.4056
-6.481
-6.5586
-6.6384
-6.7206
-6.8051
-6.892
-6.9813
-7.073
-7.1671
-7.2632
-7.3611
-7.4602
-7.5601
-7.66
-7.759
-7.8562
-7.9507
-8.0415
-8.1276
-8.2083
-8.2828
-8.3507
-8.4115
-8.465
-8.5112
-8.5501
-8.5821
-8.6073
-8.6263
-8.6394
-8.6473
-8.6505
-8.6497
-8.6454
-8.6384
-8.6294
-8.6191
-8.6081
-8.5972
-8.5871
-8.5785
-8.5723
-8.569
-8.5694
-8.5743
-8.5842
-8.5998
-8.6215
-8.6499
-8.6852
-8.7277
-8.7775
-8.8344
-8.8984
-8.969
-9.0459
-9.1284
-9.2159
-9.3076
-9.4028
-9.5004
-9.5996
-9.6996
-9.7993
-9.8979
-9.9946
-10.089
-10.179
-10.266
-10.348
-10.426
-10.499
-10.567
-10.632
-10.692
-10.749
-10.803
-10.856
-10.907
-10.958
-11.01
-11.063
-11.118
-11.176
-11.238
-11.304
-11.374
-11.449
-11.529
-11.613
-11.702
-11.794
-11.889
-11.987
-12.086
-12.186
-12.286
-12.384
-12.48
-12.573
-12.662
-12.745
-12.823
-12.894
-12.958
-13.015
-13.063
-13.102
-13.133
-13.154
-13.167
-13.171
-13.167
-13.155
-13.135
-13.108
-13.075
-13.035
-12.989
-12.939
-12.883
-12.823
-12.759
-12.692
-12.621
-12.546
-12.469
-12.389
-12.306
-12.22
-12.132
-12.041
-11.947
-11.852
-11.755
-11.656
-11.557
-11.457
-11.357
-11.259
-11.162
-11.069
-10.98
-10.896
-10.817
-10.745
-10.68
-10.623
-10.572
-10.53
-10.494
-10.466
-10.444
-10.428
-10.417
-10.411
-10.409
-10.41
-10.414
-10.419
-10.425
-10.43
-10.435
-10.437
-10.437
-10.434
-10.426
-10.414
-10.396
-10.371
-10.34
-10.302
-10.256
-10.204
-10.144
-10.077
-10.003
-9.9231
-9.8379
-9.7479
-9.6541
-9.5574
-9.4586
-9.3588
-9.259
-9.16
-9.0629
-8.9686
-8.878
-8.7919
-8.711
-8.6359
-8.5669
-8.5044
-8.4485
-8.3992
-8.3561
-8.3191
-8.2875
-8.2607
-8.238
-8.2186
-8.2017
-8.1864
-8.1717
-8.1567
-8.1405
-8.1222
-8.1008
-8.0755
-8.0455
-8.0101
-7.9687
-7.9208
-7.8663
-7.8048
-7.7366
-7.6618
-7.5811
-7.4949
-7.4041
-7.3096
-7.2123
-7.1132
-7.0133
-6.9135
-6.8146
-6.7175
-6.6228
-6.5312
-6.4433
-6.3597
-6.2809
-6.2074
-6.1398
-6.0786
-6.0242
-5.9771
-5.938
-5.907
-5.8848
-5.8715
-5.8676
-5.873
-5.888
-5.9125
-5.9463
-5.9891
-6.0407
-6.1005
-6.168
-6.2424
-6.3232
-6.4094
-6.5002
-6.5947
-6.6919
-6.791
-6.8909
-6.9907
-7.0895
-7.1864
-7.2808
-7.3721
-7.4597
-7.5436
-7.6235
-7.6997
-7.7723
-7.8419
-7.9089
-7.9741
-8.038
-8.1015
-8.1653
-8.2302
-8.2967
-8.3656
-8.4374
-8.5123
-8.5908
-8.6729
-8.7586
-8.8477
-8.94
-9.035
-9.1322
-9.231
-9.3307
-9.4307
-9.5302
-9.6284
-9.7248
-9.8187
-9.9094
-9.9967
-10.08
-10.159
-10.234
-10.305
-10.372
-10.435
-10.495
-10.553
-10.608
-10.663
-10.716
-10.77
-10.826
-10.883
-10.942
-11.006
-11.072
-11.144
-11.219
-11.3
-11.384
-11.473
-11.566
-11.662
-11.76
-11.859
-11.959
-12.059
-12.157
-12.252
-12.344
-12.432
-12.515
-12.591
-12.661
-12.723
-12.777
-12.823
-12.859
-12.886
-12.903
-12.91
-12.907
-12.895
-12.873
-12.841
-12.8
-12.75
-12.693
-12.627
-12.555
-12.476
-12.392
-12.303
-12.21
-12.114
-12.016
-11.916
-11.816
-11.717
-11.619
-11.524
-11.433
-11.346
-11.263
-11.186
-11.114
-11.048
-10.987
-10.931
-10.88
-10.833
-10.789
-10.747
-10.707
-10.667
-10.628
-10.587
-10.545
-10.5
-10.452
-10.4
-10.343
-10.282
-10.215
-10.144
-10.067
-9.9856
-9.8997
-9.8097
-9.7163
-9.6201
-9.5218
-9.4222
-9.3223
-9.2227
-9.1243
-9.0278
-8.9341
-8.8436
-8.7569
-8.6744
-8.5964
-8.5229
-8.4539
-8.3892
-8.3284
-8.2712
-8.2168
-8.1646
-8.1138
-8.0636
-8.0133
-7.9618
-7.9085
-7.8526
-7.7933
-7.7301
-7.6625
-7.5901
-7.513
-7.431
-7.3446
-7.254
-7.1599
-7.063
-6.9642
-6.8644
-6.7645
-6.6656
-6.5686
-6.4746
-6.3843
-6.2989
-6.219
-6.1455
-6.0791
-6.0206
-5.9704
-5.9291
-5.897
-5.8746
-5.8618
-5.859
-5.8658
-5.8823
-5.9081
-5.943
-5.9864
-6.0379
-6.097
-6.1631
-6.2357
-6.3141
-6.3977
-6.4859
-6.578
-6.6732
-6.7709
-6.8701
-6.97
-7.0697
-7.1683
-7.2647
-7.3579
-7.4472
-7.5315
-7.6103
-7.683
-7.7492
-7.8087
-7.8617
-7.9083
-7.949
-7.9843
-8.0148
-8.0414
-8.0649
-8.0862
-8.1061
-8.1258
-8.146
-8.1677
-8.1919
-8.2194
-8.251
-8.2873
-8.3291
-8.3767
-8.4305
-8.4906
-8.5572
-8.6299
-8.7085
-8.7926
-8.8813
-8.9741
-9.0701
-9.1684
-9.268
-9.3679
-9.4673
-9.565
-9.6602
-9.7518
-9.8391
-9.9213
-9.9975
-10.067
-10.13
-10.185
-10.233
-10.273
-10.306
-10.331
-10.35
-10.362
-10.368
-10.369
-10.365
-10.358
-10.348
-10.336
-10.322
-10.307
-10.293
-10.279
-10.267
-10.258
-10.251
-10.249
-10.25
-10.257
-10.27
-10.288
-10.314
-10.346
-10.386
-10.434
-10.489
-10.551
-10.621
-10.697
-10.779
-10.866
-10.958
-11.054
-11.151
-11.251
-11.351
-11.45
-11.549
-11.647
-11.743
-11.837
-11.93
-12.02
-12.107
-12.193
-12.277
-12.358
-12.438
-12.516
-12.591
-12.665
-12.736
-12.805
-12.871
-12.935
-12.995
-13.052
-13.105
-13.153
-13.197
-13.234
-13.266
-13.291
-13.308
-13.318
-13.319
-13.312
-13.295
-13.27
-13.235
-13.192
-13.14
-13.08
-13.012
-12.938
-12.856
-12.77
-12.679
-12.584
-12.487
-12.388
-12.288
-12.188
-12.09
-11.993
-11.9
-11.811
-11.727
-11.648
-11.576
-11.51
-11.45
-11.398
-11.352
-11.313
-11.279
-11.251
-11.227
-11.206
-11.189
-11.174
-11.159
-11.145
-11.13
-11.112
-11.092
-11.068
-11.04
-11.006
-10.966
-10.92
-10.867
-10.807
-10.74
-10.667
-10.587
-10.502
-10.412
-10.318
-10.222
-10.123
-10.023
-9.9232
-9.8241
-9.7267
-9.6319
-9.5402
-9.4526
-9.3696
-9.292
-9.2205
-9.1556
-9.0979
-9.0482
-9.0069
-8.9744
-8.9513
-8.9377
-8.934
-8.9402
-8.9563
-8.9822
-9.0176
-9.0622
-9.1154
-9.1767
-9.2455
-9.3211
-9.4027
-9.4896
-9.5809
-9.6757
-9.7732
-9.8724
-9.9724
-10.072
-10.17
-10.267
-10.36
-10.449
-10.533
-10.612
-10.685
-10.753
-10.814
-10.869
-10.919
-10.964
-11.004
-11.041
-11.075
-11.107
-11.138
-11.168
-11.2
-11.233
-11.269
-11.309
-11.353
-11.401
-11.455
-11.514
-11.579
-11.65
-11.727
-11.809
-11.896
-11.987
-12.082
-12.179
-12.278
-12.378
-12.478
-12.577
-12.673
-12.766
-12.856
-12.94
-13.019
-13.092
-13.158
-13.216
-13.267
-13.31
-13.345
-13.371
-13.391
-13.403
-13.408
-13.407
-13.4
-13.388
-13.372
-13.352
-13.329
-13.303
-13.276
-13.248
-13.219
-13.191
-13.163
-13.136
-13.112
-13.089
-13.069
-13.053
-13.04
-13.032
-13.028
-13.029
-13.035
-13.047
-13.065
-13.09
-13.121
-13.159
-13.203
-13.255
-13.314
-13.379
-13.451
-13.529
-13.612
-13.701
-13.793
-13.889
-13.988
-14.087
-14.187
-14.287
-14.385
-14.481
-14.574
-14.665
-14.753
-14.838
-14.919
-14.998
-15.074
-15.148
-15.219
-15.289
-15.357
-15.424
-15.489
-15.554
-15.617
-15.68
-15.742
-15.804
-15.864
-15.924
-15.983
-16.04
-16.096
-16.15
-16.202
-16.251
-16.298
-16.34
-16.379
-16.413
-16.441
-16.464
-16.48
-16.489
-16.49
-16.484
-16.469
-16.445
-16.413
-16.372
-16.323
-16.265
-16.2
-16.127
-16.048
-15.963
-15.874
-15.78
-15.683
-15.585
-15.485
-15.385
-15.286
-15.189
-15.095
-15.004
-14.918
-14.837
-14.762
-14.694
-14.632
-14.576
-14.527
-14.483
-14.446
-14.414
-14.386
-14.361
-14.34
-14.32
-14.301
-14.282
-14.262
-14.24
-14.215
-14.186
-14.152
-14.114
-14.069
-14.018
-13.961
-13.896
-13.826
-13.749
-13.666
-13.578
-13.486
-13.39
-13.292
-13.193
-13.093
-12.993
-12.895
-12.799
-12.707
-12.618
-12.533
-12.454
-12.381
-12.315
-12.256
-12.205
-12.162
-12.129
-12.105
-12.09
-12.086
-12.091
-12.106
-12.131
-12.166
-12.21
-12.262
-12.323
-12.391
-12.465
-12.546
-12.633
-12.723
-12.818
-12.915
-13.014
-13.114
-13.213
-13.312
-13.409
-13.502
-13.592
-13.677
-13.757
-13.831
-13.899
-13.961
-14.017
-14.067
-14.111
-14.151
-14.187
-14.22
-14.25
-14.279
-14.307
-14.336
-14.367
-14.399
-14.435
-14.474
-14.519
-14.568
-14.623
-14.684
-14.75
-14.823
-14.902
-14.985
-15.074
-15.166
-15.262
-15.36
-15.459
-15.559
-15.659
-15.757
-15.852
-15.944
-16.032
-16.115
-16.192
-16.262
-16.325
-16.38
-16.428
-16.468
-16.499
-16.523
-16.539
-16.548
-16.55
-16.546
-16.536
-16.522
-16.503
-16.48
-16.455
-16.428
-16.398
-16.368
-16.338
-16.307
-16.278
-16.249
-16.223
-16.198
-16.177
-16.158
-16.144
-16.133
-16.126
-16.125
-16.128
-16.137
-16.152
-16.173
-16.2
-16.234
-16.274
-16.321
-16.375
-16.436
-16.503
-16.576
-16.656
-16.741
-16.83
-16.924
-17.021
-17.119
-17.219
-17.319
-17.418
-17.516
-17.611
-17.704
-17.793
-17.879
-17.962
-18.042
-18.119
-18.193
-18.264
-18.333
-18.4
-18.466
-18.53
-18.593
-18.654
-18.716
-18.776
-18.836
-18.895
-18.954
-19.012
-19.07
-19.126
-19.182
-19.236
-19.288
-19.339
-19.386
-19.431
-19.473
-19.511
-19.544
-19.572
-19.594
-19.611
-19.62
-19.622
-19.616
-19.601
-19.579
-19.547
-19.507
-19.459
-19.402
-19.338
-19.266
-19.188
-19.104
-19.015
-18.922
-18.826
-18.727
-18.628
-18.528
-18.428
-18.331
-18.236
-18.145
-18.058
-17.976
-17.9
-17.83
-17.766
-17.708
-17.656
-17.611
-17.57
-17.534
-17.502
-17.474
-17.448
-17.423
-17.399
-17.374
-17.348
-17.319
-17.287
-17.251
-17.211
-17.165
-17.113
-17.054
-16.99
-16.919
-16.842
-16.759
-16.671
-16.579
-16.484
-16.386
-16.286
-16.186
-16.087
-15.989
-15.893
-15.801
-15.712
-15.628
-15.551
-15.479
-15.415
-15.358
-15.31
-15.27
-15.24
-15.22
-15.209
-15.209
-15.218
-15.237
-15.266
-15.304
-15.351
-15.406
-15.468
-15.538
-15.614
-15.696
-15.782
-15.873
-15.967
-16.064
-16.163
-16.263
-16.363
-16.462
-16.559
-16.653
-16.744
-16.829
-16.91
-16.984
-17.052
-17.113
-17.167
-17.214
-17.255
-17.291
-17.321
-17.346
-17.368
-17.387
-17.404
-17.421
-17.437
-17.455
-17.474
-17.497
-17.523
-17.554
-17.59
-17.632
-17.68
-17.735
-17.797
-17.865
-17.939
-18.02
-18.106
-18.196
-18.29
-18.387
-18.486
-18.586
-18.686
-18.785
-18.882
-18.975
-19.065
-19.15
-19.229
-19.302
-19.367
-19.425
-19.474
-19.514
-19.546
-19.568
-19.582
-19.586
-19.582
-19.569
-19.549
-19.521
-19.487
-19.447
-19.4
-19.349
-19.294
-19.234
-19.171
-19.104
-19.035
-18.963
-18.888
-18.811
-18.732
-18.651
-18.567
-18.481
-18.393
-18.303
-18.211
-18.117
-18.021
-17.923
-17.824
-17.725
-17.625
-17.525
-17.427
-17.331
-17.239
-17.15
-17.067
-16.99
-16.919
-16.856
-16.799
-16.751
-16.71
-16.676
-16.65
-16.631
-16.618
-16.61
-16.608
-16.61
-16.616
-16.624
-16.635
-16.648
-16.66
-16.673
-16.685
-16.695
-16.702
-16.706
-16.705
-16.7
-16.689
-16.671
-16.647
-16.616
-16.577
-16.531
-16.476
-16.415
-16.346
-16.271
-16.189
-16.103
-16.012
-15.917
-15.819
-15.72
-15.62
-15.521
-15.422
-15.326
-15.233
-15.144
-15.06
-14.981
-14.909
-14.843
-14.784
-14.732
-14.687
-14.649
-14.617
-14.592
-14.571
-14.556
-14.544
-14.535
-14.528
-14.522
-14.517
-14.511
-14.503
-14.493
-14.48
-14.463
-14.44
-14.412
-14.378
-14.337
-14.288
-14.233
-14.17
-14.1
-14.024
-13.942
-13.854
-13.762
-13.667
-13.569
-13.47
-13.37
-13.27
-13.171
-13.074
-12.979
-12.887
-12.798
-12.712
-12.63
-12.553
-12.48
-12.412
-12.349
-12.293
-12.243
-12.199
-12.163
-12.134
-12.113
-12.101
-12.098
-12.103
-12.118
-12.142
-12.175
-12.216
-12.267
-12.325
-12.392
-12.465
-12.545
-12.63
-12.72
-12.813
-12.91
-13.009
-13.109
-13.209
-13.308
-13.405
-13.501
-13.593
-13.682
-13.767
-13.849
-13.927
-14.002
-14.073
-14.142
-14.21
-14.276
-14.342
-14.408
-14.475
-14.544
-14.615
-14.689
-14.766
-14.846
-14.93
-15.018
-15.109
-15.202
-15.299
-15.397
-15.496
-15.596
-15.696
-15.795
-15.892
-15.987
-16.079
-16.167
-16.251
-16.331
-16.407
-16.477
-16.543
-16.604
-16.661
-16.714
-16.764
-16.812
-16.857
-16.901
-16.945
-16.989
-17.035
-17.083
-17.134
-17.189
-17.247
-17.311
-17.38
-17.453
-17.532
-17.616
-17.705
-17.798
-17.893
-17.991
-18.091
-18.191
-18.29
-18.388
-18.484
-18.575
-18.663
-18.746
-18.823
-18.893
-18.956
-19.012
-19.059
-19.097
-19.126
-19.145
-19.155
-19.155
-19.145
-19.125
-19.095
-19.056
-19.008
-18.952
-18.887
-18.815
-18.737
-18.653
-18.564
-18.471
-18.374
-18.276
-18.176
-18.076
-17.977
-17.879
-17.784
-17.692
-17.604
-17.519
-17.439
-17.362
-17.29
-17.22
-17.154
-17.09
-17.028
-16.967
-16.906
-16.844
-16.782
-16.717
-16.65
-16.579
-16.506
-16.429
-16.348
-16.263
-16.175
-16.084
-15.99
-15.894
-15.796
-15.696
-15.596
-15.497
-15.397
-15.299
-15.203
-15.109
-15.018
-14.929
-14.843
-14.76
-14.68
-14.601
-14.525
-14.45
-14.375
-14.301
-14.226
-14.15
-14.073
-13.992
-13.91
-13.824
-13.735
-13.644
-13.549
-13.452
-13.354
-13.254
-13.154
-13.055
-12.957
-12.861
-12.769
-12.681
-12.598
-12.522
-12.451
-12.388
-12.334
-12.287
-12.249
-12.221
-12.201
-12.191
-12.19
-12.199
-12.216
-12.242
-12.277
-12.319
-12.369
-12.425
-12.489
-12.558
-12.633
-12.713
-12.798
-12.887
-12.979
-13.074
-13.172
-13.271
-13.371
-13.471
-13.57
-13.666
-13.76
-13.85
-13.934
-14.014
-14.087
-14.153
-14.213
-14.267
-14.313
-14.354
-14.389
-14.419
-14.445
-14.467
-14.487
-14.505
-14.523
-14.54
-14.559
-14.579
-14.602
-14.629
-14.66
-14.696
-14.738
-14.785
-14.839
-14.899
-14.965
-15.037
-15.116
-15.199
-15.288
-15.38
-15.476
-15.574
-15.673
-15.773
-15.873
-15.971
-16.067
-16.16
-16.248
-16.333
-16.412
-16.485
-16.552
-16.614
-16.669
-16.718
-16.762
-16.8
-16.834
-16.863
-16.89
-16.914
-16.937
-16.96
-16.982
-17.006
-17.032
-17.062
-17.095
-17.133
-17.176
-17.224
-17.28
-17.341
-17.409
-17.484
-17.564
-17.649
-17.74
-17.834
-17.931
-18.03
-18.13
-18.229
-18.328
-18.425
-18.52
-18.611
-18.698
-18.781
-18.858
-18.93
-18.995
-19.053
-19.103
-19.146
-19.18
-19.205
-19.222
-19.228
-19.226
-19.213
-19.191
-19.159
-19.119
-19.069
-19.011
-18.945
-18.872
-18.793
-18.707
-18.617
-18.524
-18.427
-18.328
-18.228
-18.128
-18.029
-17.932
-17.837
-17.745
-17.657
-17.572
-17.491
-17.414
-17.341
-17.27
-17.202
-17.137
-17.072
-17.008
-16.944
-16.878
-16.812
-16.742
-16.671
-16.596
-16.517
-16.435
-16.35
-16.261
-16.169
-16.075
-15.978
-15.879
-15.779
-15.679
-15.58
-15.481
-15.384
-15.289
-15.197
-15.109
-15.023
-14.942
-14.864
-14.79
-14.719
-14.651
-14.586
-14.522
-14.46
-14.399
-14.337
-14.275
-14.211
-14.145
-14.075
-14.002
-13.926
-13.845
-13.76
-13.672
-13.58
-13.485
-13.387
-13.288
-13.188
-13.088
-12.99
-12.893
-12.8
-12.711
-12.627
-12.548
-12.476
-12.412
-12.355
-12.307
-12.268
-12.238
-12.218
-12.207
-12.207
-12.216
-12.235
-12.263
-12.3
-12.345
-12.399
-12.46
-12.528
-12.602
-12.682
-12.768
-12.858
-12.951
-13.048
-13.146
-13.246
-13.346
-13.445
-13.542
-13.637
-13.728
-13.815
-13.897
-13.973
-14.043
-14.107
-14.165
-14.216
-14.263
-14.305
-14.342
-14.376
-14.407
-14.437
-14.466
-14.495
-14.525
-14.556
-14.59
-14.628
-14.67
-14.717
-14.768
-14.826
-14.889
-14.957
-15.032
-15.112
-15.196
-15.286
-15.378
-15.474
-15.573
-15.672
-15.772
-15.872
-15.97
-16.066
-16.159
-16.248
-16.333
-16.413
-16.487
-16.556
-16.62
-16.677
-16.73
-16.778
-16.821
-16.86
-16.896
-16.93
-16.963
-16.994
-17.026
-17.06
-17.095
-17.134
-17.176
-17.222
-17.274
-17.331
-17.394
-17.463
-17.538
-17.619
-17.704
-17.795
-17.889
-17.986
-18.084
-18.184
-18.284
-18.383
-18.48
-18.574
-18.664
-18.75
-18.831
-18.906
-18.975
-19.036
-19.089
-19.135
-19.171
-19.198
-19.216
-19.224
-19.222
-19.21
-19.188
-19.157
-19.116
-19.067
-19.009
-18.943
-18.87
-18.791
-18.705
-18.616
-18.522
-18.425
-18.326
-18.226
-18.127
-18.028
-17.931
-17.836
-17.745
-17.658
-17.576
-17.498
-17.425
-17.356
-17.292
-17.232
-17.174
-17.119
-17.066
-17.014
-16.962
-16.909
-16.855
-16.799
-16.739
-16.677
-16.61
-16.539
-16.464
-16.385
-16.301
-16.213
-16.122
-16.028
-15.931
-15.832
-15.733
-15.633
-15.533
-15.435
-15.338
-15.245
-15.154
-15.067
-14.984
-14.905
-14.83
-14.759
-14.692
-14.629
-14.569
-14.511
-14.455
-14.4
-14.346
-14.29
-14.234
-14.175
-14.113
-14.048
-13.979
-13.905
-13.827
-13.745
-13.658
-13.567
-13.473
-13.376
-13.277
-13.177
-13.077
-12.978
-12.881
-12.787
-12.697
-12.612
-12.532
-12.458
-12.392
-12.333
-12.283
-12.241
-12.209
-12.187
-12.174
-12.171
-12.177
-12.194
-12.22
-12.254
-12.298
-12.35
-12.409
-12.475
-12.548
-12.627
-12.711
-12.799
-12.892
-12.987
-13.085
-13.185
-13.285
-13.384
-13.482
-13.578
-13.671
-13.759
-13.843
-13.921
-13.993
-14.058
-14.117
-14.17
-14.217
-14.258
-14.295
-14.327
-14.356
-14.382
-14.407
-14.431
-14.455
-14.481
-14.508
-14.539
-14.573
-14.611
-14.655
-14.704
-14.758
-14.819
-14.886
-14.959
-15.038
-15.122
-15.21
-15.303
-15.399
-15.497
-15.596
-15.696
-15.796
-15.894
-15.989
-16.082
-16.17
-16.254
-16.332
-16.404
-16.469
-16.528
-16.581
-16.626
-16.665
-16.698
-16.726
-16.748
-16.766
-16.78
-16.792
-16.801
-16.809
-16.817
-16.826
-16.836
-16.849
-16.865
-16.885
-16.91
-16.94
-16.977
-17.02
-17.07
-17.127
-17.191
-17.262
-17.339
-17.423
-17.511
-17.603
-17.699
-17.797
-17.897
-17.997
-18.096
-18.195
-18.292
-18.386
-18.478
-18.566
-18.651
-18.732
-18.809
-18.881
-18.948
-19.01
-19.067
-19.118
-19.162
-19.199
-19.229
-19.252
-19.267
-19.273
-19.271
-19.26
-19.24
-19.211
-19.174
-19.128
-19.074
-19.012
-18.943
-18.867
-18.786
-18.699
-18.608
-18.513
-18.416
-18.316
-18.217
-18.117
-18.018
-17.92
-17.824
-17.731
-17.64
-17.552
-17.466
-17.383
-17.301
-17.221
-17.142
-17.063
-16.984
-16.904
-16.822
-16.739
-16.653
-16.565
-16.475
-16.382
-16.287
-16.19
-16.091
-15.992
-15.892
-15.792
-15.693
-15.596
-15.5
-15.408
-15.319
-15.233
-15.151
-15.074
-15.001
-14.932
-14.868
-14.807
-14.75
-14.695
-14.643
-14.593
-14.543
-14.493
-14.443
-14.391
-14.337
-14.28
-14.22
-14.155
-14.085
-14.011
-13.932
-13.848
-13.76
-13.667
-13.572
-13.474
-13.375
-13.275
-13.175
-13.077
-12.981
-12.889
-12.801
-12.718
-12.64
-12.569
-12.506
-12.45
-12.402
-12.363
-12.334
-12.314
-12.303
-12.303
-12.312
-12.331
-12.36
-12.399
-12.446
-12.502
-12.566
-12.637
-12.715
-12.799
-12.888
-12.981
-13.077
-13.175
-13.275
-13.375
-13.474
-13.572
-13.668
-13.761
-13.851
-13.937
-14.019
-14.098
-14.174
-14.247
-14.318
-14.388
-14.456
-14.524
-14.592
-14.661
-14.732
-14.805
-14.881
-14.96
-15.042
-15.126
-15.214
-15.305
-15.399
-15.495
-15.592
-15.691
-15.791
-15.891
-15.991
-16.09
-16.187
-16.283
-16.377
-16.468
-16.558
-16.645
-16.73
-16.813
-16.896
-16.977
-17.058
-17.139
-17.221
-17.304
-17.39
-17.477
-17.567
-17.659
-17.753
-17.85
-17.948
-18.048
-18.148
-18.248
-18.346
-18.442
-18.536
-18.625
-18.71
-18.789
-18.862
-18.927
-18.985
-19.035
-19.075
-19.107
-19.13
-19.143
-19.147
-19.141
-19.126
-19.102
-19.07
-19.029
-18.98
-18.923
-18.86
-18.79
-18.714
-18.633
-18.546
-18.456
-18.362
-18.265
-18.167
-18.067
-17.967
-17.868
-17.771
-17.676
-17.585
-17.499
-17.418
-17.342
-17.273
-17.209
-17.152
-17.1
-17.053
-17.011
-16.973
-16.939
-16.906
-16.876
-16.846
-16.816
-16.785
-16.752
-16.717
-16.678
-16.636
-16.588
-16.536
-16.479
-16.416
-16.348
-16.274
-16.195
-16.111
-16.023
-15.93
-15.835
-15.738
-15.639
-15.539
-15.439
-15.34
-15.242
-15.147
-15.055
-14.965
-14.88
-14.798
-14.72
-14.646
-14.575
-14.508
-14.443
-14.38
-14.318
-14.256
-14.195
-14.132
-14.067
-14
-13.93
-13.857
-13.779
-13.698
-13.612
-13.523
-13.43
-13.335
-13.237
-13.137
-13.038
-12.938
-12.839
-12.743
-12.65
-12.561
-12.477
-12.399
-12.328
-12.263
-12.206
-12.158
-12.118
-12.087
-12.065
-12.052
-12.048
-12.053
-12.066
-12.088
-12.116
-12.153
-12.196
-12.245
-12.3
-12.361
-12.426
-12.496
-12.571
-12.65
-12.732
-12.818
-12.907
-12.999
-13.093
-13.19
-13.288
-13.387
-13.487
-13.587
-13.686
-13.782
-13.876
-13.966
-14.051
-14.131
-14.204
-14.27
-14.329
-14.381
-14.425
-14.462
-14.492
-14.516
-14.534
-14.547
-14.556
-14.561
-14.564
-14.566
-14.566
-14.567
-14.569
-14.572
-14.579
-14.589
-14.604
-14.624
-14.65
-14.682
-14.721
-14.767
-14.82
-14.881
-14.948
-15.023
-15.103
-15.188
-15.279
-15.373
-15.47
-15.569
-15.669
-15.768
-15.867
-15.964
-16.058
-16.148
-16.233
-16.312
-16.385
-16.452
-16.511
-16.563
-16.607
-16.643
-16.672
-16.694
-16.709
-16.718
-16.722
-16.721
-16.716
-16.708
-16.697
-16.685
-16.673
-16.66
-16.649
-16.639
-16.632
-16.628
-16.628
-16.632
-16.643
-16.659
-16.682
-16.712
-16.749
-16.794
-16.847
-16.907
-16.974
-17.048
-17.129
-17.215
-17.306
-17.4
-17.497
-17.596
-17.696
-17.796
-17.895
-17.994
-18.091
-18.186
-18.279
-18.37
-18.459
-18.546
-18.631
-18.713
-18.793
-18.871
-18.947
-19.02
-19.091
-19.158
-19.222
-19.283
-19.339
-19.391
-19.438
-19.48
-19.515
-19.544
-19.565
-19.579
-19.584
-19.581
-19.569
-19.547
-19.517
-19.477
-19.429
-19.372
-19.308
-19.236
-19.157
-19.073
-18.984
-18.891
-18.794
-18.696
-18.596
-18.496
-18.397
-18.3
-18.205
-18.114
-18.028
-17.947
-17.871
-17.802
-17.74
-17.685
-17.636
-17.593
-17.556
-17.525
-17.498
-17.476
-17.456
-17.439
-17.422
-17.406
-17.389
-17.371
-17.35
-17.325
-17.296
-17.261
-17.221
-17.175
-17.122
-17.062
-16.995
-16.922
-16.843
-16.758
-16.668
-16.575
-16.478
-16.379
-16.28
-16.18
-16.081
-15.983
-15.888
-15.797
-15.709
-15.627
-15.55
-15.479
-15.415
-15.359
-15.311
-15.271
-15.241
-15.22
-15.209
-15.208
-15.217
-15.235
-15.264
-15.301
-15.348
-15.403
-15.466
-15.537
-15.614
-15.696
-15.784
-15.876
-15.971
-16.069
-16.168
-16.268
-16.368
-16.466
-16.562
-16.655
-16.743
-16.827
-16.905
-16.977
-17.043
-17.102
-17.155
-17.202
-17.244
-17.28
-17.313
-17.342
-17.368
-17.393
-17.418
-17.442
-17.468
-17.496
-17.528
-17.563
-17.602
-17.647
-17.698
-17.755
-17.818
-17.887
-17.962
-18.043
-18.129
-18.22
-18.314
-18.411
-18.51
-18.61
-18.71
-18.808
-18.905
-18.999
-19.088
-19.173
-19.253
-19.325
-19.391
-19.449
-19.499
-19.54
-19.573
-19.597
-19.613
-19.62
-19.619
-19.611
-19.596
-19.575
-19.547
-19.515
-19.478
-19.436
-19.392
-19.344
-19.294
-19.241
-19.187
-19.132
-19.075
-19.017
-18.958
-18.899
-18.839
-18.779
-18.718
-18.656
-18.593
-18.53
-18.465
-18.399
-18.331
-18.261
-18.189
-18.114
-18.036
-17.955
-17.872
-17.784
-17.694
-17.601
-17.505
-17.407
-17.308
-17.208
-17.108
-17.01
-16.914
-16.821
-16.732
-16.648
-16.57
-16.498
-16.432
-16.373
-16.32
-16.275
-16.236
-16.204
-16.178
-16.159
-16.146
-16.138
-16.136
-16.139
-16.146
-16.158
-16.174
-16.193
-16.215
-16.24
-16.266
-16.295
-16.324
-16.354
-16.384
-16.413
-16.44
-16.466
-16.49
-16.51
-16.526
-16.538
-16.545
-16.545
-16.54
-16.527
-16.507
-16.479
-16.443
-16.399
-16.348
-16.288
-16.222
-16.148
-16.068
-15.983
-15.893
-15.799
-15.702
-15.604
-15.504
-15.404
-15.305
-15.208
-15.114
-15.023
-14.937
-14.855
-14.78
-14.709
-14.645
-14.587
-14.534
-14.486
-14.443
-14.404
-14.369
-14.336
-14.305
-14.274
-14.243
-14.212
-14.178
-14.141
-14.1
-14.055
-14.004
-13.948
-13.887
-13.819
-13.745
-13.666
-13.581
-13.491
-13.398
-13.301
-13.203
-13.103
-13.003
-12.904
-12.807
-12.712
-12.621
-12.535
-12.454
-12.379
-12.311
-12.25
-12.198
-12.154
-12.12
-12.095
-12.08
-12.075
-12.079
-12.094
-12.118
-12.151
-12.193
-12.244
-12.302
-12.368
-12.44
-12.518
-12.602
-12.69
-12.782
-12.877
-12.974
-13.074
-13.174
-13.273
-13.372
-13.468
-13.562
-13.651
-13.736
-13.815
-13.888
-13.954
-14.013
-14.065
-14.111
-14.15
-14.183
-14.211
-14.235
-14.255
-14.272
-14.287
-14.301
-14.315
-14.331
-14.348
-14.368
-14.392
-14.421
-14.455
-14.495
-14.541
-14.594
-14.654
-14.72
-14.793
-14.872
-14.957
-15.046
-15.14
-15.236
-15.335
-15.435
-15.535
-15.634
-15.731
-15.825
-15.916
-16.002
-16.083
-16.157
-16.224
-16.284
-16.335
-16.378
-16.412
-16.436
-16.452
-16.459
-16.457
-16.446
-16.428
-16.403
-16.37
-16.332
-16.288
-16.239
-16.185
-16.128
-16.067
-16.002
-15.935
-15.865
-15.793
-15.719
-15.642
-15.564
-15.483
-15.4
-15.316
-15.229
-15.14
-15.049
-14.956
-14.86
-14.764
-14.665
-14.566
-14.466
-14.366
-14.267
-14.17
-14.077
-13.987
-13.901
-13.822
-13.749
-13.682
-13.623
-13.572
-13.528
-13.491
-13.462
-13.44
-13.424
-13.414
-13.41
-13.41
-13.415
-13.423
-13.434
-13.446
-13.46
-13.474
-13.488
-13.501
-13.511
-13.519
-13.524
-13.524
-13.52
-13.509
-13.493
-13.47
-13.439
-13.401
-13.356
-13.303
-13.242
-13.174
-13.1
-13.019
-12.933
-12.843
-12.748
-12.651
-12.552
-12.452
-12.353
-12.254
-12.157
-12.063
-11.974
-11.888
-11.808
-11.734
-11.666
-11.605
-11.55
-11.502
-11.46
-11.424
-11.393
-11.366
-11.344
-11.324
-11.307
-11.291
-11.275
-11.259
-11.241
-11.22
-11.196
-11.168
-11.135
-11.096
-11.051
-10.999
-10.941
-10.876
-10.804
-10.726
-10.642
-10.554
-10.461
-10.365
-10.266
-10.167
-10.067
-9.9674
-9.8694
-9.7736
-9.6807
-9.5913
-9.5062
-9.4257
-9.3507
-9.2815
-9.2187
-9.163
-9.1147
-9.0744
-9.0425
-9.0195
-9.0056
-9.0012
-9.0064
-9.0212
-9.0457
-9.0795
-9.1225
-9.1743
-9.2343
-9.302
-9.3767
-9.4576
-9.544
-9.635
-9.7297
-9.8271
-9.9262
-10.026
-10.126
-10.225
-10.321
-10.415
-10.505
-10.592
-10.674
-10.752
-10.826
-10.896
-10.962
-11.025
-11.086
-11.144
-11.202
-11.26
-11.318
-11.377
-11.439
-11.503
-11.571
-11.642
-11.717
-11.796
-11.879
-11.966
-12.057
-12.15
-12.246
-12.345
-12.444
-12.544
-12.644
-12.743
-12.839
-12.934
-13.025
-13.113
-13.197
-13.276
-13.351
-13.421
-13.487
-13.548
-13.606
-13.66
-13.712
-13.761
-13.81
-13.858
-13.906
-13.956
-14.008
-14.062
-14.12
-14.182
-14.249
-14.32
-14.397
-14.478
-14.564
-14.655
-14.749
-14.845
-14.944
-15.044
-15.144
-15.243
-15.34
-15.434
-15.524
-15.61
-15.69
-15.764
-15.831
-15.89
-15.941
-15.983
-16.016
-16.04
-16.053
-16.057
-16.051
-16.035
-16.009
-15.973
-15.929
-15.876
-15.815
-15.746
-15.671
-15.59
-15.503
-15.412
-15.318
-15.22
-15.121
-15.021
-14.922
-14.823
-14.727
-14.633
-14.544
-14.459
-14.379
-14.304
-14.234
-14.17
-14.11
-14.055
-14.004
-13.956
-13.911
-13.867
-13.824
-13.78
-13.736
-13.69
-13.642
-13.59
-13.535
-13.475
-13.411
-13.342
-13.268
-13.189
-13.106
-13.018
-12.927
-12.832
-12.735
-12.637
-12.537
-12.437
-12.338
-12.24
-12.144
-12.051
-11.961
-11.876
-11.794
-11.717
-11.644
-11.575
-11.511
-11.45
-11.392
-11.336
-11.283
-11.23
-11.177
-11.124
-11.07
-11.013
-10.953
-10.889
-10.822
-10.749
-10.673
-10.591
-10.505
-10.415
-10.322
-10.225
-10.127
-10.027
-9.9271
-9.8279
-9.7305
-9.6358
-9.5448
-9.4584
-9.3774
-9.3027
-9.235
-9.1749
-9.1231
-9.0802
-9.0464
-9.0221
-9.0075
-9.0027
-9.0076
-9.0222
-9.046
-9.0789
-9.1204
-9.1701
-9.2274
-9.2917
-9.3626
-9.4395
-9.5217
-9.6085
-9.6995
-9.7938
-9.8907
-9.9895
-10.089
-10.189
-10.288
-10.386
-10.48
-10.571
-10.657
-10.738
-10.812
-10.881
-10.942
-10.998
-11.046
-11.089
-11.125
-11.157
-11.184
-11.208
-11.23
-11.249
-11.268
-11.287
-11.307
-11.329
-11.355
-11.384
-11.417
-11.455
-11.5
-11.55
-11.607
-11.67
-11.739
-11.815
-11.896
-11.982
-12.073
-12.167
-12.264
-12.363
-12.463
-12.563
-12.662
-12.759
-12.852
-12.942
-13.027
-13.106
-13.18
-13.246
-13.305
-13.357
-13.402
-13.438
-13.468
-13.49
-13.506
-13.515
-13.52
-13.519
-13.514
-13.506
-13.496
-13.484
-13.47
-13.457
-13.444
-13.433
-13.424
-13.418
-13.415
-13.417
-13.423
-13.435
-13.453
-13.478
-13.51
-13.549
-13.596
-13.65
-13.712
-13.781
-13.857
-13.938
-14.025
-14.117
-14.212
-14.31
-14.409
-14.509
-14.608
-14.708
-14.806
-14.902
-14.996
-15.089
-15.179
-15.267
-15.353
-15.436
-15.518
-15.598
-15.675
-15.75
-15.823
-15.894
-15.962
-16.027
-16.09
-16.148
-16.203
-16.254
-16.3
-16.34
-16.375
-16.403
-16.424
-16.437
-16.442
-16.439
-16.427
-16.406
-16.376
-16.337
-16.29
-16.233
-16.169
-16.098
-16.02
-15.936
-15.847
-15.754
-15.658
-15.56
-15.46
-15.36
-15.261
-15.163
-15.069
-14.977
-14.891
-14.809
-14.733
-14.664
-14.6
-14.544
-14.494
-14.449
-14.411
-14.378
-14.349
-14.324
-14.302
-14.282
-14.263
-14.243
-14.223
-14.201
-14.176
-14.147
-14.113
-14.075
-14.03
-13.979
-13.922
-13.858
-13.787
-13.71
-13.628
-13.54
-13.448
-13.353
-13.255
-13.155
-13.055
-12.956
-12.857
-12.762
-12.669
-12.58
-12.496
-12.417
-12.345
-12.279
-12.221
-12.171
-12.13
-12.098
-12.076
-12.063
-12.061
-12.068
-12.085
-12.112
-12.148
-12.193
-12.247
-12.309
-12.377
-12.453
-12.534
-12.62
-12.711
-12.805
-12.902
-13.001
-13.101
-13.201
-13.3
-13.397
-13.491
-13.581
-13.666
-13.747
-13.821
-13.888
-13.95
-14.004
-14.052
-14.094
-14.13
-14.161
-14.188
-14.211
-14.233
-14.252
-14.271
-14.29
-14.311
-14.334
-14.36
-14.39
-14.425
-14.465
-14.512
-14.564
-14.623
-14.689
-14.761
-14.839
-14.923
-15.011
-15.104
-15.2
-15.298
-15.398
-15.498
-15.597
-15.695
-15.79
-15.881
-15.968
-16.05
-16.126
-16.194
-16.255
-16.308
-16.353
-16.388
-16.415
-16.432
-16.44
-16.44
-16.432
-16.415
-16.391
-16.36
-16.323
-16.28
-16.232
-16.18
-16.123
-16.062
-15.998
-15.931
-15.862
-15.79
-15.715
-15.638
-15.559
-15.478
-15.395
-15.31
-15.223
-15.133
-15.041
-14.948
-14.852
-14.754
-14.656
-14.556
-14.456
-14.356
-14.258
-14.162
-14.069
-13.981
-13.897
-13.819
-13.748
-13.684
-13.627
-13.578
-13.536
-13.502
-13.475
-13.455
-13.441
-13.433
-13.43
-13.431
-13.436
-13.445
-13.455
-13.467
-13.48
-13.493
-13.506
-13.516
-13.525
-13.53
-13.531
-13.528
-13.519
-13.504
-13.483
-13.455
-13.419
-13.376
-13.325
-13.267
-13.202
-13.129
-13.051
-12.967
-12.878
-12.784
-12.688
-12.59
-12.49
-12.39
-12.291
-12.193
-12.099
-12.007
-11.92
-11.839
-11.763
-11.693
-11.629
-11.572
-11.522
-11.478
-11.439
-11.407
-11.379
-11.355
-11.335
-11.317
-11.301
-11.285
-11.269
-11.252
-11.233
-11.21
-11.184
-11.153
-11.117
-11.074
-11.025
-10.97
-10.907
-10.838
-10.762
-10.681
-10.594
-10.503
-10.408
-10.31
-10.211
-10.111
-10.011
-9.9125
-9.8158
-9.7216
-9.6307
-9.5438
-9.4613
-9.384
-9.3122
-9.2467
-9.1879
-9.1363
-9.0924
-9.0568
-9.0298
-9.0118
-9.0031
-9.0039
-9.0144
-9.0344
-9.064
-9.1028
-9.1506
-9.2069
-9.2711
-9.3427
-9.4208
-9.5048
-9.5938
-9.6869
-9.7831
-9.8816
-9.9812
-10.081
-10.18
-10.278
-10.373
-10.466
-10.554
-10.639
-10.719
-10.795
-10.867
-10.935
-11
-11.062
-11.122
-11.181
-11.239
-11.298
-11.358
-11.419
-11.484
-11.551
-11.621
-11.695
-11.774
-11.856
-11.942
-12.032
-12.125
-12.22
-12.318
-12.417
-12.517
-12.617
-12.716
-12.814
-12.909
-13.001
-13.09
-13.175
-13.256
-13.332
-13.404
-13.471
-13.534
-13.593
-13.649
-13.702
-13.753
-13.803
-13.852
-13.901
-13.951
-14.003
-14.058
-14.117
-14.179
-14.246
-14.317
-14.394
-14.475
-14.561
-14.651
-14.745
-14.841
-14.94
-15.04
-15.14
-15.239
-15.336
-15.43
-15.521
-15.607
-15.687
-15.761
-15.829
-15.888
-15.94
-15.982
-16.016
-16.039
-16.053
-16.057
-16.051
-16.036
-16.01
-15.975
-15.931
-15.878
-15.818
-15.75
-15.675
-15.594
-15.508
-15.417
-15.322
-15.225
-15.126
-15.026
-14.927
-14.828
-14.731
-14.638
-14.548
-14.463
-14.382
-14.307
-14.237
-14.173
-14.113
-14.059
-14.008
-13.96
-13.915
-13.872
-13.83
-13.788
-13.745
-13.701
-13.654
-13.604
-13.55
-13.492
-13.429
-13.362
-13.29
-13.212
-13.13
-13.044
-12.954
-12.86
-12.764
-12.665
-12.566
-12.466
-12.366
-12.268
-12.171
-12.078
-11.987
-11.9
-11.818
-11.74
-11.666
-11.597
-11.532
-11.47
-11.412
-11.357
-11.304
-11.252
-11.201
-11.149
-11.096
-11.041
-10.984
-10.923
-10.858
-10.789
-10.715
-10.636
-10.552
-10.465
-10.373
-10.278
-10.18
-10.081
-9.9812
-9.8816
-9.7831
-9.6869
-9.5938
-9.5048
-9.4209
-9.3428
-9.2713
-9.2071
-9.1509
-9.1032
-9.0645
-9.0352
-9.0155
-9.0056
-9.0055
-9.0151
-9.0343
-9.0627
-9.0999
-9.1456
-9.1993
-9.2604
-9.3283
-9.4025
-9.4824
-9.5673
-9.6566
-9.7496
-9.8456
-9.9437
-10.043
-10.143
-10.243
-10.341
-10.436
-10.529
-10.617
-10.7
-10.777
-10.848
-10.912
-10.97
-11.021
-11.066
-11.106
-11.14
-11.169
-11.195
-11.218
-11.239
-11.259
-11.279
-11.3
-11.323
-11.348
-11.377
-11.41
-11.448
-11.492
-11.541
-11.597
-11.659
-11.728
-11.802
-11.883
-11.968
-12.058
-12.152
-12.249
-12.348
-12.447
-12.547
-12.646
-12.743
-12.838
-12.928
-13.014
-13.095
-13.169
-13.237
-13.298
-13.351
-13.397
-13.436
-13.467
-13.491
-13.508
-13.52
-13.525
-13.527
-13.524
-13.518
-13.509
-13.498
-13.487
-13.476
-13.465
-13.455
-13.448
-13.444
-13.444
-13.447
-13.456
-13.471
-13.492
-13.519
-13.554
-13.596
-13.646
-13.703
-13.768
-13.839
-13.917
-14.001
-14.09
-14.183
-14.279
-14.377
-14.477
-14.577
-14.676
-14.775
-14.872
-14.968
-15.062
-15.153
-15.242
-15.329
-15.414
-15.497
-15.577
-15.655
-15.731
-15.804
-15.875
-15.943
-16.008
-16.07
-16.128
-16.182
-16.232
-16.276
-16.316
-16.349
-16.376
-16.395
-16.407
-16.411
-16.407
-16.393
-16.371
-16.339
-16.299
-16.25
-16.193
-16.128
-16.056
-15.977
-15.893
-15.803
-15.71
-15.613
-15.515
-15.415
-15.315
-15.216
-15.119
-15.024
-14.933
-14.847
-14.766
-14.69
-14.62
-14.557
-14.499
-14.447
-14.401
-14.359
-14.322
-14.289
-14.258
-14.23
-14.202
-14.174
-14.145
-14.114
-14.08
-14.043
-14.001
-13.954
-13.902
-13.843
-13.779
-13.708
-13.631
-13.549
-13.462
-13.37
-13.275
-13.177
-13.078
-12.978
-12.878
-12.78
-12.684
-12.591
-12.503
-12.419
-12.342
-12.27
-12.207
-12.151
-12.104
-12.065
-12.037
-12.017
-12.008
-12.008
-12.018
-12.037
-12.066
-12.103
-12.148
-12.201
-12.261
-12.327
-12.399
-12.477
-12.559
-12.646
-12.736
-12.829
-12.926
-13.024
-13.123
-13.223
-13.323
-13.421
-13.518
-13.612
-13.701
-13.786
-13.866
-13.939
-14.005
-14.063
-14.114
-14.158
-14.194
-14.223
-14.246
-14.263
-14.275
-14.282
-14.287
-14.289
-14.289
-14.29
-14.291
-14.293
-14.298
-14.307
-14.319
-14.337
-14.361
-14.392
-14.43
-14.474
-14.527
-14.587
-14.654
-14.728
-14.808
-14.894
-14.984
-15.079
-15.176
-15.275
-15.375
-15.474
-15.573
-15.67
-15.765
-15.855
-15.941
-16.022
-16.097
-16.165
-16.226
-16.278
-16.322
-16.357
-16.382
-16.397
-16.402
-16.398
-16.384
-16.361
-16.329
-16.289
-16.241
-16.186
-16.124
-16.057
-15.984
-15.906
-15.824
-15.738
-15.649
-15.557
-15.462
-15.365
-15.267
-15.168
-15.068
-14.968
-14.869
-14.772
-14.677
-14.586
-14.5
-14.418
-14.343
-14.275
-14.215
-14.162
-14.118
-14.082
-14.053
-14.033
-14.019
-14.011
-14.01
-14.013
-14.02
-14.029
-14.041
-14.054
-14.067
-14.079
-14.089
-14.096
-14.099
-14.097
-14.09
-14.076
-14.056
-14.027
-13.991
-13.947
-13.895
-13.834
-13.766
-13.692
-13.611
-13.524
-13.433
-13.338
-13.241
-13.142
-13.043
-12.943
-12.843
-12.745
-12.649
-12.556
-12.466
-12.38
-12.298
-12.222
-12.151
-12.087
-12.029
-11.98
-11.939
-11.906
-11.883
-11.87
-11.867
-11.873
-11.89
-11.916
-11.951
-11.996
-12.049
-12.11
-12.178
-12.252
-12.333
-12.418
-12.507
-12.601
-12.697
-12.795
-12.894
-12.994
-13.094
-13.192
-13.289
-13.382
-13.471
-13.556
-13.634
-13.707
-13.772
-13.829
-13.878
-13.92
-13.953
-13.979
-13.998
-14.011
-14.017
-14.019
-14.016
-14.01
-14.002
-13.993
-13.983
-13.974
-13.967
-13.962
-13.961
-13.964
-13.973
-13.988
-14.01
-14.038
-14.075
-14.12
-14.172
-14.232
-14.3
-14.375
-14.456
-14.543
-14.634
-14.728
-14.825
-14.924
-15.024
-15.124
-15.223
-15.322
-15.418
-15.513
-15.605
-15.694
-15.779
-15.861
-15.939
-16.011
-16.079
-16.141
-16.196
-16.244
-16.285
-16.318
-16.342
-16.358
-16.364
-16.36
-16.347
-16.324
-16.291
-16.249
-16.199
-16.14
-16.073
-15.999
-15.919
-15.834
-15.743
-15.649
-15.553
-15.454
-15.354
-15.254
-15.155
-15.058
-14.964
-14.874
-14.788
-14.708
-14.634
-14.566
-14.506
-14.452
-14.405
-14.365
-14.331
-14.303
-14.28
-14.26
-14.245
-14.231
-14.219
-14.207
-14.195
-14.181
-14.164
-14.145
-14.12
-14.091
-14.056
-14.015
-13.967
-13.911
-13.849
-13.78
-13.705
-13.623
-13.536
-13.445
-13.35
-13.252
-13.153
-13.053
-12.953
-12.855
-12.758
-12.665
-12.575
-12.489
-12.408
-12.334
-12.266
-12.205
-12.152
-12.107
-12.071
-12.045
-12.028
-12.021
-12.025
-12.038
-12.061
-12.093
-12.135
-12.185
-12.243
-12.309
-12.382
-12.461
-12.545
-12.634
-12.727
-12.822
-12.92
-13.02
-13.12
-13.219
-13.318
-13.413
-13.506
-13.594
-13.677
-13.754
-13.824
-13.888
-13.945
-13.996
-14.039
-14.076
-14.107
-14.133
-14.155
-14.173
-14.188
-14.202
-14.215
-14.229
-14.244
-14.26
-14.281
-14.305
-14.334
-14.368
-14.409
-14.456
-14.51
-14.571
-14.639
-14.713
-14.794
-14.879
-14.97
-15.064
-15.161
-15.26
-15.36
-15.46
-15.559
-15.655
-15.749
-15.839
-15.924
-16.004
-16.078
-16.144
-16.203
-16.253
-16.294
-16.326
-16.349
-16.361
-16.365
-16.358
-16.343
-16.318
-16.285
-16.244
-16.196
-16.141
-16.08
-16.013
-15.94
-15.863
-15.782
-15.697
-15.609
-15.517
-15.423
-15.327
-15.229
-15.13
-15.03
-14.93
-14.831
-14.733
-14.638
-14.546
-14.458
-14.375
-14.298
-14.228
-14.166
-14.111
-14.064
-14.025
-13.994
-13.97
-13.954
-13.943
-13.938
-13.938
-13.942
-13.948
-13.957
-13.966
-13.976
-13.985
-13.991
-13.995
-13.995
-13.99
-13.98
-13.963
-13.94
-13.909
-13.87
-13.823
-13.768
-13.706
-13.636
-13.56
-13.477
-13.389
-13.297
-13.202
-13.104
-13.005
-12.905
-12.805
-12.706
-12.61
-12.516
-12.425
-12.339
-12.257
-12.181
-12.112
-12.049
-11.995
-11.949
-11.912
-11.884
-11.866
-11.858
-11.86
-11.871
-11.892
-11.923
-11.963
-12.01
-12.066
-12.128
-12.197
-12.272
-12.352
-12.437
-12.525
-12.617
-12.712
-12.809
-12.907
-13.007
-13.107
-13.206
-13.305
-13.401
-13.495
-13.584
-13.669
-13.748
-13.821
-13.887
-13.944
-13.994
-14.036
-14.069
-14.094
-14.112
-14.123
-14.128
-14.127
-14.122
-14.113
-14.101
-14.087
-14.073
-14.059
-14.046
-14.035
-14.027
-14.024
-14.025
-14.032
-14.046
-14.066
-14.095
-14.131
-14.176
-14.229
-14.29
-14.358
-14.433
-14.515
-14.601
-14.693
-14.787
-14.885
-14.983
-15.083
-15.183
-15.283
-15.381
-15.478
-15.573
-15.665
-15.754
-15.84
-15.923
-16.001
-16.074
-16.141
-16.203
-16.258
-16.306
-16.346
-16.378
-16.401
-16.415
-16.419
-16.414
-16.398
-16.373
-16.338
-16.294
-16.242
-16.181
-16.113
-16.038
-15.957
-15.871
-15.78
-15.686
-15.589
-15.49
-15.391
-15.291
-15.192
-15.094
-15
-14.909
-14.823
-14.742
-14.667
-14.599
-14.539
-14.486
-14.441
-14.404
-14.373
-14.35
-14.333
-14.322
-14.316
-14.313
-14.314
-14.316
-14.32
-14.324
-14.327
-14.329
-14.327
-14.322
-14.312
-14.297
-14.276
-14.248
-14.213
-14.17
-14.119
-14.061
-13.995
-13.923
-13.843
-13.758
-13.669
-13.575
-13.478
-13.38
-13.28
-13.18
-13.081
-12.982
-12.886
-12.791
-12.7
-12.611
-12.526
-12.446
-12.37
-12.299
-12.233
-12.174
-12.122
-12.076
-12.039
-12.01
-11.989
-11.978
-11.976
-11.983
-12.001
-12.028
-12.064
-12.109
-12.163
-12.226
-12.295
-12.372
-12.454
-12.542
-12.634
-12.729
-12.827
-12.927
-13.027
-13.126
-13.224
-13.32
-13.412
-13.5
-13.584
-13.661
-13.733
-13.799
-13.858
-13.911
-13.959
-14.001
-14.039
-14.073
-14.103
-14.131
-14.159
-14.185
-14.213
-14.241
-14.273
-14.308
-14.346
-14.39
-14.439
-14.494
-14.555
-14.623
-14.696
-14.775
-14.859
-14.949
-15.042
-15.138
-15.236
-15.336
-15.436
-15.535
-15.633
-15.727
-15.818
-15.905
-15.986
-16.061
-16.128
-16.188
-16.24
-16.283
-16.318
-16.342
-16.358
-16.364
-16.362
-16.35
-16.33
-16.302
-16.267
-16.225
-16.176
-16.122
-16.062
-15.998
-15.929
-15.855
-15.779
-15.699
-15.615
-15.529
-15.44
-15.349
-15.255
-15.159
-15.062
-14.963
-14.863
-14.763
-14.664
-14.565
-14.469
-14.375
-14.286
-14.201
-14.122
-14.05
-13.984
-13.926
-13.876
-13.834
-13.799
-13.772
-13.752
-13.738
-13.729
-13.726
-13.727
-13.731
-13.737
-13.745
-13.754
-13.762
-13.769
-13.774
-13.776
-13.774
-13.767
-13.755
-13.736
-13.71
-13.677
-13.637
-13.589
-13.533
-13.469
-13.399
-13.321
-13.238
-13.15
-13.057
-12.962
-12.864
-12.764
-12.664
-12.565
-12.467
-12.371
-12.279
-12.192
-12.109
-12.033
-11.963
-11.901
-11.847
-11.802
-11.765
-11.738
-11.719
-11.71
-11.709
-11.716
-11.731
-11.753
-11.781
-11.816
-11.856
-11.9
-11.948
-12
-12.055
-12.112
-12.172
-12.233
-12.295
-12.359
-12.424
-12.489
-12.556
-12.622
-12.69
-12.759
-12.828
-12.898
-12.97
-13.043
-13.118
-13.194
-13.273
-13.354
-13.438
-13.525
-13.614
-13.707
-13.801
-13.898
-13.997
-14.097
-14.197
-14.296
-14.394
-14.489
-14.58
-14.667
-14.749
-14.825
-14.894
-14.957
-15.013
-15.061
-15.103
-15.137
-15.164
-15.185
-15.199
-15.207
-15.21
-15.206
-15.198
-15.186
-15.169
-15.149
-15.125
-15.099
-15.072
-15.042
-15.012
-14.981
-14.951
-14.922
-14.894
-14.869
-14.847
-14.829
-14.815
-14.806
-14.803
-14.807
-14.817
-14.835
-14.861
-14.895
-14.937
-14.988
-15.046
-15.112
-15.185
-15.264
-15.349
-15.438
-15.532
-15.628
-15.727
-15.827
-15.927
-16.026
-16.123
-16.217
-16.308
-16.393
-16.474
-16.548
-16.616
-16.678
-16.732
-16.78
-16.82
-16.855
-16.883
-16.906
-16.925
-16.94
-16.952
-16.962
-16.971
-16.98
-16.989
-17.001
-17.015
-17.033
-17.055
-17.082
-17.115
-17.155
-17.201
-17.255
-17.316
-17.383
-17.458
-17.538
-17.624
-17.715
-17.809
-17.906
-18.005
-18.105
-18.205
-18.304
-18.402
-18.497
-18.589
-18.678
-18.764
-18.844
-18.92
-18.991
-19.056
-19.114
-19.166
-19.21
-19.246
-19.275
-19.295
-19.305
-19.307
-19.299
-19.282
-19.255
-19.219
-19.174
-19.12
-19.059
-18.989
-18.913
-18.831
-18.744
-18.652
-18.557
-18.459
-18.36
-18.26
-18.16
-18.062
-17.965
-17.872
-17.782
-17.696
-17.614
-17.537
-17.463
-17.394
-17.327
-17.264
-17.203
-17.144
-17.085
-17.027
-16.967
-16.906
-16.842
-16.776
-16.707
-16.633
-16.556
-16.475
-16.39
-16.301
-16.209
-16.114
-16.016
-15.917
-15.817
-15.717
-15.618
-15.52
-15.425
-15.332
-15.243
-15.158
-15.078
-15.002
-14.932
-14.866
-14.805
-14.748
-14.696
-14.648
-14.602
-14.559
-14.517
-14.476
-14.435
-14.393
-14.349
-14.302
-14.252
-14.198
-14.139
-14.075
-14.006
-13.931
-13.851
-13.767
-13.677
-13.584
-13.487
-13.389
-13.289
-13.189
-13.09
-12.993
-12.898
-12.807
-12.72
-12.639
-12.563
-12.494
-12.433
-12.379
-12.333
-12.297
-12.269
-12.252
-12.244
-12.246
-12.258
-12.279
-12.311
-12.351
-12.401
-12.459
-12.525
-12.598
-12.677
-12.762
-12.852
-12.946
-13.043
-13.141
-13.241
-13.341
-13.44
-13.537
-13.632
-13.723
-13.811
-13.894
-13.973
-14.048
-14.12
-14.187
-14.251
-14.313
-14.374
-14.433
-14.492
-14.551
-14.612
-14.675
-14.74
-14.808
-14.88
-14.955
-15.034
-15.117
-15.204
-15.294
-15.387
-15.483
-15.58
-15.68
-15.779
-15.879
-15.979
-16.077
-16.173
-16.267
-16.359
-16.447
-16.533
-16.615
-16.695
-16.771
-16.846
-16.918
-16.99
-17.06
-17.131
-17.202
-17.275
-17.35
-17.428
-17.508
-17.592
-17.679
-17.769
-17.862
-17.958
-18.056
-18.155
-18.255
-18.355
-18.453
-18.55
-18.643
-18.732
-18.816
-18.895
-18.967
-19.031
-19.088
-19.137
-19.177
-19.208
-19.229
-19.241
-19.244
-19.238
-19.222
-19.198
-19.165
-19.125
-19.076
-19.021
-18.959
-18.891
-18.817
-18.738
-18.654
-18.566
-18.474
-18.379
-18.282
-18.183
-18.084
-17.984
-17.885
-17.787
-17.693
-17.602
-17.516
-17.435
-17.36
-17.292
-17.231
-17.176
-17.128
-17.086
-17.051
-17.02
-16.994
-16.972
-16.953
-16.936
-16.92
-16.905
-16.888
-16.871
-16.85
-16.827
-16.799
-16.767
-16.729
-16.685
-16.636
-16.579
-16.516
-16.447
-16.372
-16.291
-16.205
-16.114
-16.02
-15.923
-15.824
-15.724
-15.625
-15.526
-15.429
-15.335
-15.244
-15.158
-15.078
-15.003
-14.934
-14.872
-14.816
-14.767
-14.725
-14.688
-14.658
-14.632
-14.611
-14.594
-14.579
-14.567
-14.556
-14.545
-14.533
-14.52
-14.504
-14.486
-14.462
-14.435
-14.401
-14.361
-14.315
-14.262
-14.202
-14.135
-14.061
-13.982
-13.896
-13.806
-13.712
-13.615
-13.516
-13.416
-13.317
-13.217
-13.12
-13.024
-12.931
-12.842
-12.756
-12.674
-12.596
-12.524
-12.456
-12.395
-12.339
-12.29
-12.248
-12.214
-12.187
-12.169
-12.159
-12.157
-12.165
-12.182
-12.207
-12.242
-12.286
-12.338
-12.398
-12.465
-12.54
-12.62
-12.706
-12.796
-12.891
-12.988
-13.086
-13.186
-13.286
-13.385
-13.483
-13.579
-13.672
-13.763
-13.85
-13.935
-14.017
-14.097
-14.175
-14.251
-14.327
-14.403
-14.48
-14.557
-14.637
-14.718
-14.802
-14.889
-14.978
-15.07
-15.164
-15.261
-15.359
-15.458
-15.558
-15.658
-15.757
-15.855
-15.951
-16.044
-16.134
-16.221
-16.304
-16.383
-16.458
-16.528
-16.595
-16.659
-16.719
-16.777
-16.833
-16.888
-16.942
-16.997
-17.053
-17.111
-17.171
-17.235
-17.302
-17.374
-17.45
-17.531
-17.616
-17.706
-17.799
-17.895
-17.993
-18.093
-18.193
-18.292
-18.39
-18.485
-18.577
-18.664
-18.746
-18.822
-18.891
-18.953
-19.006
-19.051
-19.087
-19.114
-19.131
-19.138
-19.135
-19.122
-19.099
-19.066
-19.024
-18.974
-18.915
-18.849
-18.775
-18.695
-18.61
-18.52
-18.425
-18.329
-18.23
-18.13
-18.03
-17.931
-17.834
-17.74
-17.649
-17.562
-17.48
-17.402
-17.328
-17.258
-17.193
-17.131
-17.071
-17.013
-16.957
-16.902
-16.846
-16.789
-16.73
-16.669
-16.605
-16.537
-16.466
-16.391
-16.312
-16.229
-16.142
-16.052
-15.959
-15.863
-15.766
-15.666
-15.567
-15.467
-15.367
-15.269
-15.172
-15.078
-14.986
-14.896
-14.809
-14.725
-14.643
-14.563
-14.485
-14.408
-14.332
-14.256
-14.179
-14.1
-14.02
-13.938
-13.853
-13.765
-13.674
-13.58
-13.484
-13.386
-13.287
-13.187
-13.087
-12.989
-12.892
-12.798
-12.708
-12.622
-12.542
-12.468
-12.401
-12.342
-12.291
-12.248
-12.214
-12.189
-12.173
-12.166
-12.168
-12.179
-12.199
-12.226
-12.262
-12.305
-12.355
-12.411
-12.474
-12.542
-12.616
-12.695
-12.778
-12.865
-12.955
-13.049
-13.146
-13.244
-13.343
-13.443
-13.543
-13.641
-13.737
-13.83
-13.918
-14.002
-14.08
-14.151
-14.216
-14.273
-14.324
-14.368
-14.406
-14.438
-14.464
-14.486
-14.505
-14.52
-14.534
-14.546
-14.559
-14.572
-14.586
-14.603
-14.624
-14.648
-14.677
-14.712
-14.752
-14.799
-14.853
-14.912
-14.979
-15.052
-15.13
-15.214
-15.303
-15.396
-15.492
-15.59
-15.69
-15.79
-15.889
-15.987
-16.083
-16.175
-16.263
-16.346
-16.424
-16.495
-16.561
-16.62
-16.673
-16.72
-16.761
-16.796
-16.827
-16.854
-16.877
-16.897
-16.916
-16.934
-16.952
-16.971
-16.992
-17.016
-17.044
-17.076
-17.113
-17.156
-17.206
-17.261
-17.324
-17.393
-17.469
-17.55
-17.637
-17.729
-17.823
-17.921
-18.02
-18.12
-18.22
-18.319
-18.415
-18.509
-18.6
-18.687
-18.77
-18.847
-18.919
-18.985
-19.044
-19.097
-19.141
-19.178
-19.206
-19.226
-19.236
-19.237
-19.229
-19.211
-19.184
-19.147
-19.102
-19.048
-18.986
-18.916
-18.84
-18.757
-18.67
-18.578
-18.483
-18.385
-18.285
-18.185
-18.086
-17.987
-17.891
-17.797
-17.706
-17.618
-17.534
-17.454
-17.377
-17.302
-17.231
-17.161
-17.092
-17.023
-16.955
-16.886
-16.815
-16.742
-16.666
-16.588
-16.506
-16.421
-16.333
-16.241
-16.147
-16.051
-15.953
-15.854
-15.754
-15.654
-15.555
-15.457
-15.361
-15.268
-15.178
-15.091
-15.008
-14.929
-14.853
-14.782
-14.713
-14.647
-14.584
-14.522
-14.462
-14.401
-14.341
-14.279
-14.215
-14.149
-14.079
-14.006
-13.929
-13.848
-13.762
-13.673
-13.58
-13.485
-13.387
-13.287
-13.187
-13.088
-12.989
-12.894
-12.801
-12.713
-12.63
-12.553
-12.483
-12.42
-12.366
-12.32
-12.283
-12.255
-12.238
-12.23
-12.232
-12.243
-12.265
-12.295
-12.335
-12.384
-12.44
-12.504
-12.575
-12.652
-12.735
-12.823
-12.915
-13.01
-13.108
-13.207
-13.307
-13.407
-13.505
-13.601
-13.694
-13.782
-13.866
-13.945
-14.017
-14.085
-14.146
-14.202
-14.253
-14.3
-14.343
-14.383
-14.421
-14.457
-14.493
-14.529
-14.566
-14.606
-14.649
-14.695
-14.745
-14.8
-14.86
-14.925
-14.995
-15.071
-15.151
-15.237
-15.326
-15.419
-15.515
