1.9349
2.0788
2.2357
2.4043
2.5821
2.7648
2.9466
3.1212
3.282
3.4234
3.5407
3.6303
3.6893
3.7148
3.7038
3.6526
3.5571
3.4132
3.219
2.9781
2.7025
2.4128
2.1326
1.8803
1.6649
1.4868
1.3417
1.2237
1.1269
1.0465
0.97848
0.91988
0.86842
0.8224
0.78054
0.7419
0.70576
0.6716
0.639
0.60765
0.57733
0.54785
0.51906
0.49086
0.46317
0.43591
0.40904
0.3825
0.35628
0.33033
0.30464
0.2792
0.25398
0.22899
0.20421
0.17963
0.15526
0.1311
0.10714
0.083383
0.059837
0.036506
0.013394
-0.0094897
-0.032136
-0.054534
-0.076669
-0.098527
-0.12009
-0.14134
-0.16224
-0.18277
-0.2029
-0.22258
-0.24177
-0.26041
-0.27844
-0.29577
-0.31232
-0.32795
-0.34252
-0.35587
-0.36777
-0.37795
-0.38606
-0.39166
-0.39419
-0.39292
-0.38692
-0.37495
-0.35537
-0.32602
-0.28402
-0.22554
-0.14556
-0.037733
0.10551
0.29187
0.52642
0.8066
1.1172
1.431
1.7183
1.959
2.146
2.2815
2.3722
2.4253
2.4471
2.4429
2.4169
2.3724
2.3121
2.2385
2.1536
2.0597
1.9585
1.852
1.742
1.6301
1.5181
1.407
1.2982
1.1925
1.0905
0.99269
0.89939
0.8107
0.72663
0.64711
0.572
0.50113
0.4343
0.3713
0.31193
0.25597
0.20325
0.15358
0.10681
0.062783
0.021375
-0.017527
-0.054022
-0.088189
-0.1201
-0.14979
-0.17731
-0.20268
-0.22589
-0.24695
-0.26581
-0.28243
-0.29674
-0.30865
-0.31803
-0.32474
-0.32858
-0.32933
-0.32669
-0.32032
-0.3098
-0.2946
-0.2741
-0.24751
-0.2139
-0.17213
-0.12081
-0.058305
0.017307
0.10819
0.21664
0.34484
0.49441
0.66571
0.85699
1.0637
1.2784
1.4915
1.6935
1.8761
2.0337
2.1638
2.2654
2.3392
2.3863
2.4079
2.4051
2.3786
2.329
2.2568
2.1626
2.0473
1.9128
1.7616
1.5975
1.4254
1.2505
1.0782
0.91301
0.75842
0.61658
0.48844
0.37405
0.27282
0.1838
0.10588
0.037934
-0.021129
-0.072298
-0.11645
-0.15435
-0.18664
-0.2139
-0.23659
-0.25509
-0.26975
-0.28082
-0.28854
-0.29307
-0.29455
-0.29308
-0.28873
-0.28154
-0.27152
-0.25866
-0.24291
-0.2242
-0.20242
-0.17745
-0.14913
-0.11725
-0.081589
-0.041859
0.0022551
0.051116
0.10514
0.16477
0.2305
0.30286
0.38237
0.46954
0.56478
0.6684
0.78047
0.90072
1.0285
1.1626
1.3014
1.4425
1.5833
1.7209
1.8522
1.9745
2.0851
2.1818
2.2627
2.3261
2.3704
2.3939
2.3946
2.3701
2.3175
2.2336
2.1149
1.9589
1.7654
1.5383
1.2877
1.0288
0.77841
0.55028
0.35228
0.18649
0.051069
-0.057672
-0.14392
-0.21162
-0.26414
-0.30429
-0.33432
-0.35602
-0.37081
-0.37984
-0.38399
-0.38398
-0.3804
-0.3737
-0.36427
-0.35242
-0.33839
-0.3224
-0.30462
-0.28519
-0.26424
-0.24186
-0.21814
-0.19314
-0.16691
-0.13952
-0.11099
-0.081343
-0.050613
-0.018809
0.01406
0.047993
0.082993
0.11907
0.15624
0.19453
0.23396
0.27457
0.31641
0.35952
0.40397
0.44984
0.4972
0.54615
0.59681
0.64932
0.70381
0.76048
0.81951
0.88114
0.94563
1.0133
1.0844
1.1594
1.2387
1.3227
1.4118
1.5065
1.6072
1.7141
1.8274
1.947
2.0725
2.203
2.3372
2.4731
2.6084
2.7402
2.8656
2.9812
3.0838
3.1699
3.2362
3.279
3.2938
3.2755
3.2173
3.1112
2.9485
2.723
2.4369
2.1084
1.771
1.4603
1.1987
0.99077
0.83074
0.70893
0.61605
0.54452
0.48859
0.44403
0.4078
0.37769
0.35212
0.32994
0.31032
0.29264
0.27646
0.26144
0.24733
0.23393
0.22111
0.20876
0.19678
0.18512
0.17371
0.16253
0.15153
0.14069
0.12999
0.11941
0.10894
0.098568
0.088284
0.078082
0.067954
0.057897
0.047907
0.037981
0.028116
0.018312
0.0085667
-0.0011192
-0.010746
-0.020312
-0.029816
-0.039256
-0.04863
-0.057933
-0.067161
-0.07631
-0.085372
-0.094339
-0.1032
-0.11195
-0.12057
-0.12904
-0.13734
-0.14545
-0.15333
-0.16095
-0.16826
-0.17519
-0.18166
-0.18759
-0.19283
-0.19721
-0.20053
-0.2025
-0.20272
-0.20068
-0.1957
-0.18682
-0.17273
-0.15163
-0.121
-0.077307
-0.015632
0.070837
0.19121
0.35679
0.57918
0.86462
1.2039
1.5654
1.9045
2.1869
2.4
2.548
2.6414
2.6912
2.7066
2.6945
2.6606
2.609
2.5432
2.4659
2.3796
2.2865
2.1884
2.087
1.9839
1.8804
1.7775
1.6761
1.5769
1.4805
1.3871
1.2969
1.2102
1.1269
1.0469
0.9703
0.89684
0.82643
0.75894
0.69421
0.63211
0.57249
0.51523
0.4602
0.40729
0.3564
0.30744
0.26032
0.21497
0.17133
0.12934
0.088948
0.050125
0.012837
-0.02294
-0.057222
-0.090014
-0.12132
-0.15112
-0.1794
-0.20613
-0.23128
-0.25478
-0.27657
-0.29656
-0.31466
-0.33074
-0.34464
-0.35619
-0.36514
-0.37124
-0.37414
-0.37343
-0.36863
-0.3591
-0.34408
-0.32262
-0.29355
-0.25539
-0.20634
-0.14416
-0.066186
0.030691
0.14984
0.29448
0.46685
0.66691
0.8908
1.1299
1.3716
1.6021
1.8094
1.9862
2.1292
2.2387
2.3164
2.3648
2.3865
2.3836
2.3578
2.3107
2.2434
2.1574
2.0541
1.9354
1.8035
1.6615
1.5128
1.3608
1.2093
1.0615
0.91996
0.78669
0.66286
0.54905
0.4453
0.35131
0.26655
0.19038
0.1221
0.061033
0.0065302
-0.042003
-0.085099
-0.12322
-0.15679
-0.18614
-0.21158
-0.23335
-0.25166
-0.26668
-0.27855
-0.28734
-0.29314
-0.29597
-0.29585
-0.29274
-0.28659
-0.27733
-0.26481
-0.2489
-0.22938
-0.20602
-0.17852
-0.14653
-0.10964
-0.067354
-0.019115
0.035721
0.097877
0.16815
0.24738
0.33642
0.43607
0.54695
0.66936
0.80311
0.9473
1.1002
1.259
1.4204
1.58
1.7337
1.8773
2.0075
2.1215
2.2172
2.2933
2.3487
2.3823
2.3932
2.3801
2.3414
2.2752
2.1797
2.0533
1.8955
1.7083
1.4969
1.2703
1.0399
0.81764
0.61296
0.43154
0.27536
0.14371
0.034363
-0.055484
-0.12868
-0.18783
-0.23516
-0.27257
-0.30159
-0.32349
-0.33929
-0.34983
-0.35578
-0.3577
-0.35602
-0.35112
-0.34329
-0.33279
-0.31982
-0.30453
-0.28706
-0.26753
-0.24601
-0.22258
-0.19728
-0.17015
-0.14121
-0.11046
-0.07792
-0.043559
-0.0073578
0.030718
0.070714
0.11268
0.1567
0.20282
0.25116
0.30179
0.35483
0.4104
0.46862
0.52963
0.59357
0.66058
0.7308
0.80437
0.88138
0.96194
1.0461
1.1338
1.2249
1.3194
1.4168
1.5166
1.6184
1.7212
1.8241
1.9259
2.0252
2.1206
2.2105
2.2929
2.3658
2.4271
2.4741
2.5038
2.5123
2.4948
2.4451
2.3552
2.2158
2.0177
1.7568
1.4416
1.0989
0.76684
0.47742
0.24454
0.066608
-0.065244
-0.16116
-0.22998
-0.27861
-0.31224
-0.33467
-0.34868
-0.3563
-0.35903
-0.35797
-0.35396
-0.34761
-0.33941
-0.32971
-0.31879
-0.30688
-0.29414
-0.28071
-0.26671
-0.25221
-0.23728
-0.222
-0.20639
-0.19051
-0.17438
-0.15803
-0.14148
-0.12476
-0.10788
-0.090848
-0.073686
-0.056399
-0.038997
-0.021487
-0.0038768
0.013829
0.031625
0.049508
0.067473
0.085519
0.10364
0.12184
0.14012
0.15847
0.1769
0.1954
0.21398
0.23264
0.25138
0.27022
0.28915
0.30818
0.32733
0.34661
0.36604
0.38564
0.40544
0.42547
0.4458
0.46648
0.4876
0.50927
0.53166
0.55495
0.57943
0.60548
0.63362
0.66457
0.69934
0.73934
0.78657
0.84381
0.91503
1.0057
1.1232
1.277
1.4775
1.7327
2.0411
2.3832
2.7229
3.0226
3.2603
3.4314
3.5419
3.6009
3.617
3.5972
3.5474
3.4722
3.3756
3.2617
3.1343
2.9973
2.8546
2.7097
2.5658
2.4253
2.2902
2.1615
2.0399
1.9255
1.8181
1.7173
1.6227
1.5337
1.4497
1.3702
1.2948
1.2229
1.1543
1.0885
1.0254
0.96451
0.90578
0.84898
0.79393
0.74051
0.6886
0.6381
0.58892
0.54098
0.49422
0.44859
0.40404
0.36054
0.31805
0.27654
0.236
0.1964
0.15774
0.12001
0.083203
0.047324
0.012377
-0.021628
-0.054677
-0.086751
-0.11783
-0.14787
-0.17685
-0.20471
-0.23141
-0.25688
-0.28105
-0.30382
-0.3251
-0.34475
-0.36262
-0.37853
-0.39226
-0.40355
-0.41208
-0.41745
-0.41917
-0.41664
-0.40911
-0.39562
-0.37499
-0.3457
-0.30585
-0.25302
-0.18423
-0.095809
0.016451
0.15702
0.32971
0.5361
0.77319
1.0315
1.2955
1.5473
1.7717
1.9599
2.1089
2.2201
2.2968
2.3427
2.3613
2.3556
2.328
2.2806
2.2151
2.1333
2.0368
1.9278
1.8082
1.6806
1.5475
1.4117
1.2759
1.1423
1.013
0.88953
0.7729
0.66376
0.56238
0.46873
0.3826
0.30364
0.23143
0.16552
0.10546
0.050808
0.0011618
-0.043847
-0.08455
-0.12124
-0.15416
-0.18353
-0.20954
-0.23233
-0.25202
-0.2687
-0.28243
-0.29324
-0.30114
-0.30611
-0.30809
-0.30701
-0.30273
-0.29512
-0.28396
-0.26902
-0.25
-0.22652
-0.19816
-0.16439
-0.1246
-0.07805
-0.023914
0.038773
0.11108
0.19417
0.28921
0.3973
0.51928
0.65546
0.80536
0.96739
1.1386
1.3148
1.4907
1.6609
1.82
1.9638
2.0889
2.1935
2.2762
2.3364
2.3737
2.3877
2.3779
2.3435
2.2834
2.1966
2.0823
1.9405
1.773
1.5836
1.3788
1.1674
0.95863
0.76089
0.58017
0.4197
0.28029
0.16109
0.060327
-0.024131
-0.094432
-0.15256
-0.20025
-0.239
-0.27004
-0.29442
-0.31297
-0.3264
-0.3353
-0.34012
-0.34125
-0.33902
-0.33368
-0.32544
-0.31447
-0.30091
-0.28485
-0.26639
-0.24556
-0.22242
-0.19697
-0.16921
-0.13912
-0.10668
-0.071822
-0.03449
0.0054012
0.047946
0.093259
0.14147
0.19271
0.24714
0.30493
0.36626
0.4313
0.50024
0.57324
0.65046
0.73201
0.81795
0.90826
1.0028
1.1014
1.2036
1.3088
1.4163
1.525
1.6338
1.7413
1.846
1.9463
2.0404
2.1265
2.2028
2.2673
2.3177
2.3516
2.366
2.3573
2.3209
2.2511
2.141
1.9834
1.773
1.5108
1.2094
0.89376
0.59404
0.3329
0.11976
-0.046705
-0.1731
-0.26722
-0.33616
-0.38568
-0.42025
-0.44328
-0.45733
-0.46433
-0.46574
-0.46269
-0.45603
-0.44643
-0.43439
-0.42034
-0.40459
-0.38741
-0.36899
-0.34952
-0.32914
-0.30795
-0.28606
-0.26355
-0.24048
-0.21691
-0.19289
-0.16847
-0.14367
-0.11855
-0.093112
-0.067394
-0.041418
-0.015202
0.011234
0.037873
0.0647
0.0917
0.11886
0.14616
0.1736
0.20116
0.22883
0.25659
0.28443
0.31234
0.3403
0.36829
0.3963
0.42431
0.45228
0.4802
0.50803
0.53572
0.56322
0.59049
0.61742
0.64394
0.66991
0.69517
0.71952
0.74268
0.76429
0.78385
0.80071
0.81396
0.82237
0.82418
0.81696
0.7972
0.75993
0.698
0.60134
0.45637
0.24694
-0.040136
-0.40135
-0.80132
-1.181
-1.4929
-1.7226
-1.8785
-1.9765
-2.0311
-2.0538
-2.0528
-2.0343
-2.0025
-1.9606
-1.911
-1.8557
-1.796
-1.733
-1.6678
-1.6009
-1.533
-1.4646
-1.396
-1.3276
-1.2597
-1.1924
-1.1259
-1.0603
-0.99575
-0.93234
-0.8701
-0.80908
-0.74932
-0.69083
-0.63363
-0.57773
-0.52313
-0.46983
-0.41783
-0.36713
-0.31772
-0.2696
-0.22278
-0.17724
-0.13299
-0.090041
-0.048391
-0.008051
0.030965
0.068638
0.10495
0.13986
0.17335
0.20536
0.23585
0.26475
0.292
0.31749
0.34113
0.3628
0.38233
0.39956
0.41426
0.42617
0.43498
0.4403
0.44166
0.43847
0.43002
0.41542
0.39355
0.36302
0.3221
0.26865
0.20002
0.11308
0.0042754
-0.13008
-0.29311
-0.4861
-0.70683
-0.94804
-1.1974
-1.4398
-1.6615
-1.8529
-2.0096
-2.1312
-2.2196
-2.2776
-2.3082
-2.3139
-2.297
-2.2592
-2.2021
-2.127
-2.0355
-1.9292
-1.8101
-1.6805
-1.5433
-1.4014
-1.258
-1.1159
-0.9778
-0.84567
-0.72102
-0.60478
-0.49738
-0.39887
-0.30903
-0.22745
-0.15364
-0.087042
-0.027111
0.02668
0.074819
0.11775
0.15585
0.18948
0.21893
0.24445
0.26624
0.28448
0.29929
0.31078
0.31901
0.32401
0.32578
0.32429
0.31948
0.31125
0.29945
0.28391
0.2644
0.24065
0.21232
0.17902
0.14028
0.095551
0.044208
-0.014459
-0.081236
-0.15697
-0.24253
-0.33876
-0.44633
-0.56568
-0.69674
-0.83882
-0.99035
-1.1488
-1.3108
-1.4723
-1.6288
-1.7763
-1.9111
-2.0302
-2.1316
-2.2138
-2.2757
-2.3165
-2.3353
-2.3311
-2.3026
-2.2482
-2.1662
-2.055
-1.9137
-1.7431
-1.5466
-1.331
-1.1063
-0.88348
-0.67298
-0.48211
-0.31466
-0.17136
-0.050913
0.048995
0.13103
0.19776
0.25152
0.29429
0.32773
0.35322
0.37188
0.38463
0.39221
0.39523
0.39419
0.38949
0.38147
0.3704
0.35651
0.33997
0.32094
0.29954
0.27585
0.24995
0.22191
0.19175
0.15951
0.1252
0.088822
0.050365
0.0098118
-0.032864
-0.077697
-0.12473
-0.17401
-0.2256
-0.27954
-0.33591
-0.39476
-0.45615
-0.52014
-0.58676
-0.65606
-0.72803
-0.80267
-0.87992
-0.95968
-1.0418
-1.1261
-1.2122
-1.2998
-1.3884
-1.4775
-1.5662
-1.6539
-1.7396
-1.8222
-1.9006
-1.9734
-2.0391
-2.0959
-2.1418
-2.1741
-2.1899
-2.1851
-2.1544
-2.091
-1.9863
-1.8303
-1.614
-1.335
-1.006
-0.6587
-0.3326
-0.056389
0.16055
0.32274
0.44012
0.5229
0.57959
0.61677
0.63931
0.6508
0.65388
0.65048
0.64207
0.62971
0.61423
0.59627
0.57629
0.55468
0.53173
0.50769
0.48274
0.45703
0.43069
0.40382
0.37652
0.34884
0.32085
0.29261
0.26416
0.23555
0.2068
0.17794
0.14902
0.12006
0.091073
0.062095
0.033149
0.0042563
-0.024559
-0.053272
-0.081858
-0.11029
-0.13855
-0.16659
-0.19439
-0.22191
-0.24912
-0.27595
-0.30238
-0.32832
-0.35372
-0.37849
-0.40254
-0.42575
-0.44797
-0.46905
-0.48877
-0.50687
-0.52304
-0.53686
-0.54783
-0.55529
-0.55837
-0.55597
-0.54662
-0.52836
-0.49859
-0.45384
-0.38946
-0.29943
-0.17617
-0.011093
0.20342
0.46961
0.77795
1.1038
1.4143
1.6823
1.8951
2.0527
2.1616
2.2299
2.2651
2.2734
2.2595
2.2272
2.1797
2.1193
2.0483
1.9685
1.8816
1.7892
1.6929
1.594
1.4937
1.3931
1.2934
1.1951
1.0991
1.0059
0.91578
0.82906
0.7459
0.66638
0.5905
0.51824
0.44952
0.38424
0.32228
0.26354
0.20788
0.15519
0.10534
0.058249
0.013804
-0.028077
-0.067468
-0.10443
-0.13902
-0.17126
-0.20118
-0.22879
-0.25408
-0.27702
-0.29758
-0.31568
-0.33125
-0.34417
-0.3543
-0.36145
-0.36542
-0.36592
-0.36262
-0.35513
-0.34294
-0.32545
-0.30193
-0.27147
-0.23299
-0.18516
-0.12643
-0.054927
0.031435
0.13492
0.25776
0.40173
0.56752
0.75395
0.95717
1.1704
1.3844
1.5897
1.7774
1.9415
2.0786
2.1876
2.2689
2.3235
2.3527
2.3577
2.3392
2.2981
2.2347
2.1497
2.0438
1.9185
1.7758
1.619
1.4523
1.2806
1.1091
0.94256
0.78481
0.63855
0.50527
0.38544
0.27882
0.18467
0.10202
0.02981
-0.033036
-0.087505
-0.1345
-0.1748
-0.20909
-0.23797
-0.26193
-0.28139
-0.29668
-0.30811
-0.3159
-0.32025
-0.32128
-0.31912
-0.31382
-0.30544
-0.29398
-0.27941
-0.2617
-0.24075
-0.21646
-0.18869
-0.15725
-0.12195
-0.082526
-0.038696
0.0098688
0.063534
0.1227
0.18781
0.2593
0.33763
0.42321
0.5164
0.6174
0.72623
0.84262
0.96595
1.0951
1.2287
1.3645
1.5004
1.6336
1.7614
1.8813
1.9908
2.0878
2.1705
2.237
2.2858
2.3151
2.3232
2.3076
2.2656
2.1939
2.0888
1.9472
1.7674
1.5513
1.3065
1.0466
0.7888
0.54893
0.33758
0.15898
0.012479
-0.10521
-0.19833
-0.27105
-0.32706
-0.36944
-0.40066
-0.42271
-0.43717
-0.4453
-0.44807
-0.44629
-0.4406
-0.4315
-0.41941
-0.40469
-0.38759
-0.36837
-0.34721
-0.32427
-0.29968
-0.27358
-0.24604
-0.21715
-0.18699
-0.1556
-0.12305
-0.089379
-0.054619
-0.018803
0.018042
0.055894
0.094734
0.13455
0.17532
0.21705
0.25972
0.30334
0.3479
0.39339
0.43983
0.48721
0.53555
0.58484
0.6351
0.68633
0.73855
0.79176
0.84599
0.90124
0.95753
1.0149
1.0733
1.1327
1.1933
1.2549
1.3177
1.3815
1.4464
1.5123
1.5793
1.6472
1.716
1.7855
1.8556
1.926
1.9966
2.0668
2.1363
2.2043
2.2701
2.3324
2.3897
2.4401
2.4809
2.5081
2.5164
2.498
2.4416
2.3311
2.1447
1.8598
1.4709
1.0189
0.58752
0.24295
-0.0017315
-0.16497
-0.27047
-0.33714
-0.37813
-0.40215
-0.41488
-0.42002
-0.42004
-0.41654
-0.41062
-0.403
-0.39418
-0.38452
-0.37425
-0.36353
-0.35249
-0.34121
-0.32976
-0.31817
-0.30648
-0.29472
-0.2829
-0.27103
-0.25914
-0.24721
-0.23527
-0.22332
-0.21135
-0.19938
-0.18741
-0.17543
-0.16345
-0.15148
-0.1395
-0.12753
-0.11557
-0.10362
-0.091666
-0.079726
-0.067796
-0.055876
-0.043969
-0.032074
-0.020194
-0.0083288
0.003519
0.015348
0.027157
0.038943
0.050705
0.062439
0.074143
0.085814
0.097447
0.10904
0.12058
0.13207
0.1435
0.15486
0.16613
0.17732
0.18839
0.19933
0.21011
0.22071
0.23108
0.24117
0.25093
0.26026
0.26907
0.27721
0.2845
0.29068
0.29544
0.29831
0.29868
0.29569
0.28816
0.27441
0.25206
0.21772
0.16657
0.091718
-0.016415
-0.17044
-0.38476
-0.67009
-1.0214
-1.4057
-1.7703
-2.0725
-2.2971
-2.4501
-2.5449
-2.5946
-2.6098
-2.5986
-2.5668
-2.5189
-2.4585
-2.3884
-2.3107
-2.2274
-2.1402
-2.0503
-1.9589
-1.867
-1.7754
-1.6847
-1.5955
-1.508
-1.4227
-1.3396
-1.2589
-1.1807
-1.1049
-1.0316
-0.96072
-0.89219
-0.82594
-0.7619
-0.7
-0.64013
-0.58225
-0.52625
-0.47209
-0.41968
-0.36898
-0.31992
-0.27246
-0.22655
-0.18215
-0.13924
-0.097791
-0.057775
-0.019182
0.017999
0.053767
0.08812
0.12105
0.15253
0.18253
0.21103
0.23797
0.2633
0.28693
0.3088
0.32877
0.34674
0.36253
0.37596
0.38681
0.39478
0.39955
0.4007
0.39772
0.38998
0.37671
0.35693
0.32945
0.29277
0.24501
0.1839
0.10666
0.010058
-0.10943
-0.25519
-0.42962
-0.63267
-0.86027
-1.1033
-1.3484
-1.5812
-1.7896
-1.9662
-2.1082
-2.2161
-2.292
-2.3387
-2.3589
-2.3548
-2.3283
-2.2809
-2.2141
-2.1293
-2.0279
-1.9118
-1.7833
-1.6451
-1.5004
-1.3527
-1.2051
-1.0607
-0.92202
-0.79091
-0.66857
-0.5556
-0.45215
-0.35801
-0.27274
-0.19579
-0.12654
-0.064367
-0.0086737
0.041095
0.085442
0.12481
0.15959
0.19012
0.21669
0.23953
0.25885
0.27481
0.28752
0.29709
0.30357
0.30699
0.30734
0.3046
0.2987
0.28954
0.27699
0.26088
0.24098
0.21704
0.18872
0.15566
0.11739
0.073403
0.023081
-0.034261
-0.099392
-0.17315
-0.2564
-0.35
-0.45469
-0.571
-0.69904
-0.8383
-0.98749
-1.1444
-1.3058
-1.4678
-1.6261
-1.7764
-1.9149
-2.0384
-2.1445
-2.2316
-2.2985
-2.3443
-2.368
-2.3686
-2.3449
-2.2951
-2.2175
-2.1104
-1.9726
-1.8047
-1.6095
-1.3937
-1.167
-0.94096
-0.72649
-0.5315
-0.36022
-0.21359
-0.090384
0.01178
0.095654
0.16392
0.219
0.26295
0.29751
0.32408
0.34383
0.35771
0.36648
0.37077
0.37108
0.36784
0.36138
0.35198
0.33988
0.32525
0.30826
0.28903
0.26764
0.24419
0.21872
0.19129
0.16192
0.13062
0.097406
0.062256
0.025157
-0.013922
-0.05502
-0.098185
-0.14348
-0.19096
-0.24072
-0.29282
-0.34738
-0.40447
-0.46421
-0.5267
-0.59204
-0.66032
-0.73165
-0.80608
-0.88365
-0.96438
-1.0482
-1.135
-1.2246
-1.3168
-1.411
-1.5068
-1.6035
-1.7003
-1.7962
-1.8901
-1.9807
-2.0667
-2.1463
-2.2179
-2.2796
-2.3289
-2.3631
-2.3789
-2.3718
-2.3364
-2.2654
-2.1499
-1.9799
-1.7478
-1.4546
-1.1183
-0.77406
-0.45988
-0.1991
0.0035073
0.15454
0.26427
0.34245
0.39703
0.43403
0.45791
0.47192
0.47846
0.47928
0.47567
0.46862
0.45884
0.44689
0.4332
0.4181
0.40184
0.38463
0.36663
0.34796
0.32873
0.30903
0.28892
0.26846
0.24769
0.22667
0.20542
0.18397
0.16235
0.14057
0.11867
0.096649
0.074529
0.052324
0.030048
0.0077104
-0.014675
-0.037099
-0.059549
-0.082015
-0.10449
-0.12695
-0.1494
-0.17181
-0.19418
-0.21649
-0.23872
-0.26085
-0.28286
-0.30473
-0.32642
-0.34789
-0.3691
-0.39
-0.41052
-0.43058
-0.45007
-0.46887
-0.48681
-0.50368
-0.5192
-0.53303
-0.54469
-0.55356
-0.55879
-0.55925
-0.55337
-0.539
-0.51316
-0.47166
-0.40867
-0.3162
-0.18371
0.0013348
0.25018
0.56459
0.92537
1.2906
1.6148
1.8719
2.0588
2.1847
2.2618
2.3012
2.3113
2.2987
2.2682
2.2237
2.168
2.1035
2.032
1.9553
1.8746
1.7912
1.706
1.6199
1.5337
1.448
1.3632
1.2798
1.1981
1.1182
1.0404
0.96487
0.89156
0.82054
0.75182
0.68539
0.62122
0.55927
0.49948
0.44181
0.3862
0.33259
0.28095
0.23121
0.18333
0.13727
0.092999
0.050484
0.0097001
-0.029369
-0.066734
-0.1024
-0.13636
-0.1686
-0.19909
-0.22782
-0.25472
-0.27974
-0.30281
-0.32383
-0.3427
-0.35926
-0.37336
-0.38479
-0.3933
-0.39859
-0.40029
-0.39795
-0.39101
-0.37879
-0.36046
-0.33497
-0.30104
-0.25707
-0.20114
-0.1309
-0.043605
0.063797
0.1944
0.35078
0.53395
0.74212
0.96942
1.2058
1.4385
1.6551
1.8461
2.0063
2.1339
2.2297
2.2957
2.3342
2.3473
2.3368
2.3042
2.2508
2.1776
2.086
1.9773
1.8535
1.717
1.5711
1.4191
1.265
1.1123
0.96419
0.82336
0.69156
0.5698
0.45852
0.35761
0.26669
0.18513
0.11225
0.047317
-0.01037
-0.061466
-0.10656
-0.14619
-0.18081
-0.21081
-0.23654
-0.25828
-0.27627
-0.29069
-0.30171
-0.30942
-0.31392
-0.31525
-0.31343
-0.30843
-0.30021
-0.28868
-0.27373
-0.25521
-0.23291
-0.20661
-0.176
-0.14076
-0.10047
-0.054675
-0.0028461
0.055614
0.12136
0.19509
0.27752
0.36934
0.47113
0.58327
0.70578
0.8382
0.97944
1.1277
1.2802
1.4339
1.585
1.7299
1.865
1.9872
2.0943
2.1843
2.2557
2.3074
2.3381
2.3467
2.3316
2.2908
2.2223
2.1237
1.9931
1.8299
1.6359
1.4169
1.1828
0.94618
0.71979
0.51338
0.33243
0.17842
0.050087
-0.055236
-0.14069
-0.20933
-0.26388
-0.30665
-0.33954
-0.36413
-0.38167
-0.39319
-0.39951
-0.40129
-0.39909
-0.39335
-0.38443
-0.37262
-0.35817
-0.34128
-0.32212
-0.30082
-0.2775
-0.25224
-0.22512
-0.1962
-0.16552
-0.13312
-0.099014
-0.063219
-0.025739
0.013427
0.05429
0.096867
0.14118
0.18726
0.23514
0.28486
0.33646
0.39
0.44551
0.50306
0.5627
0.62448
0.68844
0.75463
0.82307
0.89379
0.96677
1.042
1.1194
1.1988
1.2802
1.3632
1.4475
1.5329
1.6187
1.7045
1.7894
1.8727
1.9533
2.0301
2.1018
2.1667
2.2229
2.2682
2.2996
2.3135
2.305
2.2676
2.193
2.07
1.8865
1.6325
1.3103
0.94479
0.58143
0.26332
0.010939
-0.17687
-0.31132
-0.40511
-0.46896
-0.51104
-0.53727
-0.55191
-0.55798
-0.55768
-0.55258
-0.54384
-0.53229
-0.51858
-0.50318
-0.48643
-0.46863
-0.44997
-0.43063
-0.41072
-0.39036
-0.36963
-0.34858
-0.32729
-0.30578
-0.28409
-0.26226
-0.24032
-0.21828
-0.19616
-0.17399
-0.15176
-0.12951
-0.10725
-0.084972
-0.062703
-0.040449
-0.018222
0.0039682
0.026111
0.048196
0.07021
0.092141
0.11398
0.1357
0.1573
0.17875
0.20003
0.22112
0.24199
0.26261
0.28294
0.30293
0.32254
0.34168
0.36029
0.37826
0.39548
0.41178
0.42698
0.44084
0.45304
0.46318
0.47073
0.47502
0.47513
0.46983
0.45748
0.43585
0.40188
0.35139
0.2787
0.17629
0.034682
-0.15653
-0.40528
-0.70991
-1.0511
-1.3926
-1.6971
-1.9424
-2.1248
-2.2506
-2.3299
-2.3718
-2.384
-2.3724
-2.3415
-2.2949
-2.2354
-2.1655
-2.0872
-2.0023
-1.9124
-1.819
-1.7233
-1.6265
-1.5297
-1.4336
-1.339
-1.2464
-1.1563
-1.0689
-0.98443
-0.90308
-0.82487
-0.74982
-0.67787
-0.60898
-0.54305
-0.47998
-0.41968
-0.36204
-0.30695
-0.25432
-0.20406
-0.15608
-0.1103
-0.066647
-0.025069
0.014489
0.052067
0.087698
0.1214
0.15319
0.18307
0.21102
0.23702
0.26103
0.28299
0.30284
0.32048
0.3358
0.34864
0.35885
0.36619
0.3704
0.37117
0.36809
0.3607
0.34838
0.33043
0.30595
0.27384
0.23276
0.18107
0.11679
0.037613
-0.059103
-0.17613
-0.31604
-0.48048
-0.66924
-0.87911
-1.1031
-1.3311
-1.5513
-1.7532
-1.9294
-2.0758
-2.1914
-2.277
-2.3343
-2.3651
-2.371
-2.3536
-2.3138
-2.2526
-2.171
-2.07
-1.9512
-1.8167
-1.6695
-1.5132
-1.3519
-1.1901
-1.0318
-0.88032
-0.73826
-0.60712
-0.4876
-0.37974
-0.28313
-0.19706
-0.12072
-0.053225
0.0062655
0.058539
0.10431
0.14419
0.17875
0.20844
0.23366
0.25476
0.27201
0.28564
0.29583
0.30274
0.30646
0.30708
0.30463
0.29912
0.29054
0.27884
0.26392
0.24568
0.22397
0.1986
0.16933
0.1359
0.097983
0.055203
0.00713
-0.046724
-0.1069
-0.17399
-0.24862
-0.33141
-0.42295
-0.52373
-0.63403
-0.75382
-0.88265
-1.0195
-1.1627
-1.3099
-1.4582
-1.6044
-1.745
-1.8768
-1.9968
-2.1028
-2.1926
-2.2648
-2.3178
-2.3504
-2.361
-2.348
-2.309
-2.2416
-2.1431
-2.011
-1.8443
-1.6447
-1.4181
-1.1753
-0.9305
-0.69759
-0.48707
-0.3044
-0.15062
-0.023904
0.078951
0.16148
0.22702
0.27846
0.31823
0.3483
0.37026
0.38541
0.39476
0.39914
0.39923
0.39555
0.38856
0.3786
0.36598
0.35093
0.33366
0.31432
0.29307
0.27
0.24522
0.2188
0.1908
0.16127
0.13025
0.097778
0.063865
0.028526
-0.0082333
-0.046413
-0.086022
-0.12707
-0.16958
-0.21358
-0.2591
-0.30618
-0.35485
-0.40517
-0.4572
-0.51098
-0.5666
-0.62412
-0.68361
-0.74515
-0.80883
-0.87473
-0.94292
-1.0135
-1.0865
-1.1619
-1.2399
-1.3204
-1.4032
-1.4885
-1.5759
-1.6651
-1.7559
-1.8477
-1.94
-2.0318
-2.1224
-2.2105
-2.2949
-2.3739
-2.4457
-2.5081
-2.5585
-2.5934
-2.6087
-2.5987
-2.5559
-2.4702
-2.3289
-2.1186
-1.8311
-1.4766
-1.093
-0.73304
-0.43467
-0.20761
-0.043168
0.072829
0.15342
0.20872
0.24605
0.27057
0.28591
0.2946
0.29845
0.29872
0.29632
0.29192
0.286
0.27891
0.27091
0.26221
0.25294
0.24323
0.23316
0.2228
0.2122
0.2014
0.19044
0.17934
0.16812
0.1568
0.14539
0.13391
0.12237
0.11077
0.099119
0.087424
0.075689
0.063918
0.052116
0.040284
0.028427
0.016545
0.0046415
-0.0072819
-0.019224
-0.031182
-0.043157
-0.055145
-0.067147
-0.079161
-0.091185
-0.10322
-0.11526
-0.12732
-0.13937
-0.15144
-0.16351
-0.17558
-0.18766
-0.19974
-0.21182
-0.22389
-0.23596
-0.24802
-0.26007
-0.2721
-0.28411
-0.29609
-0.30803
-0.31991
-0.33172
-0.34343
-0.35502
-0.36642
-0.37759
-0.38844
-0.39883
-0.4086
-0.41749
-0.42512
-0.43098
-0.43425
-0.43375
-0.42769
-0.41336
-0.38657
-0.3409
-0.26647
-0.14833
0.034725
0.30767
0.68453
1.1372
1.5846
1.9479
2.2024
2.3629
2.4538
2.4961
2.5046
2.4894
2.4575
2.4139
2.3618
2.3037
2.2414
2.1763
2.1093
2.0412
1.9725
1.9036
1.835
1.7667
1.6991
1.6322
1.5661
1.5008
1.4366
1.3733
1.311
1.2497
1.1894
1.1301
1.0719
1.0146
0.95827
0.90295
0.84858
0.79517
0.74271
0.69117
0.64056
0.59087
0.54209
0.4942
0.44722
0.40113
0.35594
0.31164
0.26823
0.22572
0.18412
0.14343
0.10366
0.064818
0.02693
-0.0099898
-0.045919
-0.080832
-0.1147
-0.14748
-0.17913
-0.20961
-0.23886
-0.26681
-0.29337
-0.31846
-0.34197
-0.36376
-0.38369
-0.40157
-0.41718
-0.43025
-0.44046
-0.44741
-0.45062
-0.44949
-0.44327
-0.43102
-0.41157
-0.38343
-0.34472
-0.29309
-0.2256
-0.1387
-0.028251
0.1101
0.28013
0.4835
0.7175
0.97321
1.2356
1.4872
1.7128
1.9031
2.0549
2.1693
2.2492
2.2984
2.3203
2.3179
2.2937
2.2497
2.1877
2.1093
2.0162
1.9102
1.7935
1.6682
1.5371
1.4026
1.2674
1.134
1.0043
0.88001
0.76228
0.65185
0.54907
0.45401
0.36651
0.28627
0.2129
0.14596
0.085022
0.02965
-0.020558
-0.065971
-0.10692
-0.1437
-0.17657
-0.20574
-0.23139
-0.25369
-0.27273
-0.28862
-0.3014
-0.31112
-0.31775
-0.32129
-0.32165
-0.31875
-0.31246
-0.30259
-0.28894
-0.27122
-0.24912
-0.22223
-0.19007
-0.15209
-0.10762
-0.055909
0.003933
0.072882
0.152
0.24239
0.34509
0.46096
0.59045
0.73336
0.88852
1.0536
1.225
1.3982
1.568
1.7291
1.8772
2.0086
2.1208
2.2123
2.2823
2.3301
2.3552
2.3572
2.3351
2.2881
2.2149
2.1144
1.9859
1.8303
1.65
1.4502
1.239
1.0256
0.81954
0.62821
0.45638
0.30599
0.17686
0.067532
-0.02409
-0.10025
-0.16308
-0.21448
-0.25611
-0.28933
-0.31531
-0.33499
-0.34914
-0.35842
-0.36334
-0.36433
-0.36175
-0.35588
-0.34696
-0.33518
-0.32069
-0.30361
-0.28403
-0.26203
-0.23764
-0.2109
-0.18182
-0.15039
-0.1166
-0.0804
-0.04175
-0.00058575
0.043166
0.089593
0.13879
0.19087
0.24595
0.30416
0.36561
0.43044
0.49876
0.57068
0.64629
0.72563
0.8087
0.89544
0.98569
1.0792
1.1756
1.2743
1.3748
1.4762
1.5774
1.6774
1.775
1.8686
1.9569
2.0382
2.1109
2.173
2.2225
2.2569
2.2734
2.2682
2.2367
2.1732
2.0703
1.9202
1.7161
1.4569
1.153
0.82929
0.51825
0.24596
0.024132
-0.14797
-0.27731
-0.37233
-0.4407
-0.48864
-0.52095
-0.54123
-0.55222
-0.55593
-0.55391
-0.54732
-0.53704
-0.52379
-0.50807
-0.49034
-0.4709
-0.45005
-0.42798
-0.40489
-0.38091
-0.35616
-0.33076
-0.30477
-0.27829
-0.25135
-0.22403
-0.19637
-0.16841
-0.14019
-0.11174
-0.083091
-0.054275
-0.025317
0.0037571
0.032923
0.062156
0.091432
0.12073
0.15002
0.17927
0.20847
0.23758
0.26657
0.2954
0.32403
0.35242
0.38051
0.40824
0.43555
0.46234
0.48852
0.51396
0.5385
0.56197
0.58413
0.60469
0.62328
0.63941
0.65249
0.66169
0.66596
0.66388
0.65354
0.63236
0.59683
0.54214
0.46184
0.3475
0.18892
-0.024096
-0.29679
-0.62101
-0.96915
-1.3015
-1.585
-1.8058
-1.9656
-2.0733
-2.1391
-2.1717
-2.1782
-2.1638
-2.1327
-2.088
-2.0324
-1.9678
-1.8962
-1.8189
-1.7373
-1.6526
-1.5659
-1.478
-1.3898
-1.3019
-1.215
-1.1294
-1.0456
-0.96392
-0.88448
-0.80748
-0.73302
-0.66116
-0.59192
-0.52531
-0.46128
-0.39981
-0.34084
-0.28433
-0.23021
-0.17842
-0.12892
-0.081654
-0.036569
0.0063719
0.047201
0.085945
0.12262
0.15724
0.18979
0.22026
0.24864
0.27486
0.29889
0.32065
0.34004
0.35695
0.37122
0.38268
0.39111
0.39623
0.39772
0.39518
0.3881
0.3759
0.35783
0.33299
0.30026
0.25828
0.20541
0.13967
0.058748
-0.039938
-0.15907
-0.30102
-0.46719
-0.657
-0.86686
-1.0896
-1.315
-1.5318
-1.7299
-1.9023
-2.0454
-2.1584
-2.242
-2.2978
-2.3277
-2.3332
-2.3157
-2.2762
-2.2156
-2.1347
-2.0346
-1.9167
-1.7832
-1.6368
-1.4812
-1.3204
-1.1588
-1.0004
-0.8487
-0.70624
-0.57463
-0.45464
-0.34637
-0.24942
-0.16313
-0.086702
-0.019258
0.040038
0.091972
0.13726
0.17652
0.2103
0.23908
0.26326
0.28317
0.29908
0.31124
0.31981
0.32494
0.32673
0.32525
0.32053
0.31257
0.30133
0.28677
0.26877
0.2472
0.22191
0.19267
0.15924
0.12133
0.078585
0.030623
-0.023002
-0.082779
-0.14924
-0.22292
-0.30439
-0.39415
-0.49261
-0.59999
-0.71625
-0.84095
-0.97318
-1.1114
-1.2537
-1.3973
-1.5394
-1.6769
-1.8066
-1.926
-2.0325
-2.1242
-2.1994
-2.2567
-2.2947
-2.3118
-2.3063
-2.276
-2.2183
-2.1304
-2.0094
-1.8535
-1.6629
-1.442
-1.2002
-0.95132
-0.71025
-0.48936
-0.29601
-0.13251
0.0023686
0.11168
0.19908
0.26812
0.32195
0.36318
0.39398
0.41608
0.43087
0.43947
0.44279
0.44153
0.43629
0.42753
0.41565
0.40096
0.38373
0.36417
0.34246
0.31876
0.29319
0.26586
0.23685
0.20624
0.17409
0.14046
0.10538
0.068897
0.031033
-0.0081869
-0.048744
-0.090625
-0.13382
-0.17832
-0.22412
-0.27123
-0.31963
-0.36933
-0.42034
-0.47265
-0.52626
-0.58117
-0.63738
-0.69489
-0.75367
-0.81371
-0.87499
-0.93745
-1.0011
-1.0657
-1.1314
-1.1979
-1.2651
-1.3329
-1.401
-1.4691
-1.5369
-1.604
-1.6698
-1.7337
-1.7949
-1.8524
-1.9051
-1.9513
-1.9891
-2.0157
-2.0276
-2.0201
-1.9862
-1.917
-1.7997
-1.6192
-1.3612
-1.0234
-0.63191
-0.24136
0.0949
0.35359
0.53873
0.66532
0.74872
0.80118
0.83162
0.84634
0.84975
0.84494
0.83409
0.81879
0.80014
0.77897
0.7559
0.73136
0.70569
0.67916
0.65196
0.62424
0.59612
0.56769
0.53904
0.51021
0.48127
0.45225
0.42318
0.3941
0.36503
0.33598
0.30699
0.27807
0.24923
0.2205
0.19187
0.16338
0.13503
0.10684
0.078814
0.050978
0.023344
-0.0040712
-0.031249
-0.058171
-0.084816
-0.11116
-0.13717
-0.16283
-0.1881
-0.21294
-0.23731
-0.26115
-0.28442
-0.30703
-0.32891
-0.34997
-0.37009
-0.38912
-0.4069
-0.42323
-0.43785
-0.45045
-0.46062
-0.46787
-0.47155
-0.47085
-0.46469
-0.45168
-0.42999
-0.39719
-0.35009
-0.28447
-0.1949
-0.074703
0.083658
0.28693
0.53757
0.82854
1.14
1.4434
1.7125
1.9324
2.1
2.2195
2.2976
2.3412
2.356
2.3468
2.3174
2.2707
2.2093
2.1355
2.0511
1.9582
1.8585
1.7538
1.6458
1.5361
1.4261
1.3172
1.2103
1.1064
1.006
0.90975
0.8178
0.73035
0.64742
0.56897
0.4949
0.42504
0.35923
0.29727
0.23899
0.18419
0.1327
0.084353
0.039
-0.0034934
-0.043246
-0.080362
-0.11493
-0.14701
-0.17666
-0.20393
-0.22882
-0.25135
-0.2715
-0.28923
-0.30449
-0.3172
-0.32724
-0.33449
-0.33876
-0.33985
-0.33748
-0.33133
-0.32101
-0.30602
-0.28577
-0.25956
-0.2265
-0.18555
-0.13544
-0.07467
-0.0015008
0.086031
0.19001
0.31246
0.45492
0.61795
0.80033
0.99843
1.206
1.4146
1.6153
1.7999
1.9623
2.0992
2.2089
2.2916
2.348
2.3791
2.3857
2.3686
2.3281
2.2647
2.1786
2.0704
1.9415
1.794
1.6313
1.4581
1.2797
1.102
0.93023
0.76852
0.61964
0.48503
0.36497
0.259
0.16615
0.085272
0.015127
-0.045465
-0.09759
-0.14221
-0.18017
-0.21218
-0.23885
-0.2607
-0.27816
-0.29158
-0.30127
-0.30745
-0.31032
-0.31003
-0.30669
-0.30039
-0.29117
-0.27906
-0.26403
-0.24607
-0.2251
-0.20104
-0.17376
-0.14313
-0.10895
-0.071024
-0.029093
0.017125
0.067953
0.12375
0.1849
0.25182
0.32494
0.40469
0.49144
0.58549
0.68703
0.79602
0.91216
1.0348
1.1628
1.2947
1.4286
1.5621
1.6928
1.818
1.9352
2.042
2.1363
2.2162
2.28
2.3258
2.3519
2.356
2.3357
2.2877
2.2084
2.0939
1.9407
1.7478
1.5183
1.2619
0.99463
0.73508
0.49874
0.29455
0.12486
-0.012413
-0.12143
-0.20681
-0.27286
-0.32321
-0.36086
-0.38818
-0.40706
-0.41897
-0.42509
-0.42634
-0.42346
-0.41704
-0.40756
-0.3954
-0.38088
-0.36426
-0.34575
-0.32553
-0.30374
-0.28051
-0.25595
-0.23015
-0.20317
-0.17508
-0.14595
-0.1158
-0.084677
-0.052618
-0.019646
0.014217
0.048956
0.084558
0.12101
0.15832
0.19648
0.23548
0.27535
0.31608
0.3577
0.40022
0.44367
0.48808
0.53348
0.57992
0.62745
0.67612
0.72602
0.77723
0.82984
0.88397
0.93978
0.99742
1.0571
1.119
1.1835
1.2508
1.3214
1.3957
1.4742
1.5576
1.6464
1.7415
1.8435
1.9534
2.0717
2.1989
2.335
2.4797
2.6315
2.7884
2.9471
3.1037
3.2538
3.3925
3.5152
3.6178
3.6962
3.7464
3.7639
3.7436
3.6791
3.5629
3.3878
3.1502
2.857
2.5301
2.2035
1.9083
1.6612
1.4639
1.3096
1.1893
1.0944
1.0183
0.95578
0.90313
0.85766
0.81745
0.78111
0.74765
0.71634
0.68667
0.65825
0.6308
0.60411
0.57803
0.55244
0.52725
0.50239
0.47781
0.45347
0.42935
0.4054
0.38163
0.35801
0.33453
0.31119
0.28798
0.26489
0.24192
0.21907
0.19633
0.17372
0.15123
0.12886
0.10661
0.084491
0.062505
0.040658
0.018954
-0.0025975
-0.02399
-0.045213
-0.066255
-0.087104
-0.10775
-0.12816
-0.14834
-0.16825
-0.18786
-0.20715
-0.22609
-0.24462
-0.26269
-0.28026
-0.29723
-0.31353
-0.32905
-0.34364
-0.35716
-0.36938
-0.38004
-0.38883
-0.39531
-0.39894
-0.39902
-0.39461
-0.38448
-0.367
-0.33997
-0.30044
-0.24446
-0.16675
-0.060511
0.082518
0.27102
0.51106
0.80037
1.1223
1.4465
1.7405
1.9833
2.1686
2.3005
2.3866
2.435
2.4524
2.4445
2.4155
2.3689
2.3076
2.2339
2.1501
2.0581
1.9598
1.857
1.7512
1.6441
1.5369
1.4307
1.3266
1.2253
1.1273
1.033
0.94274
0.85651
0.77439
0.69631
0.62218
0.55185
0.48516
0.42195
0.36205
0.30528
0.25148
0.20051
0.15223
0.10651
0.063236
0.022315
-0.01634
-0.052802
-0.08713
-0.11937
-0.14955
-0.1777
-0.20382
-0.2279
-0.24991
-0.26983
-0.28758
-0.30309
-0.31625
-0.32695
-0.335
-0.34022
-0.34236
-0.34112
-0.33613
-0.32695
-0.31302
-0.29369
-0.26813
-0.23533
-0.19407
-0.14288
-0.079967
-0.0032481
0.089639
0.20121
0.33383
0.48921
0.66755
0.86664
1.081
1.3021
1.5194
1.7227
1.9038
2.0578
2.1825
2.2778
2.3449
2.3852
2.4001
2.3909
2.3585
2.3036
2.2269
2.1293
2.012
1.877
1.7271
1.5661
1.3985
1.2293
1.0631
0.90409
0.75515
0.61815
0.49392
0.38249
0.28335
0.19565
0.11842
0.05063
-0.0086846
-0.060424
-0.10539
-0.14429
-0.17772
-0.20621
-0.23019
-0.25003
-0.26604
-0.27847
-0.28753
-0.29338
-0.29614
-0.2959
-0.29273
-0.28665
-0.27767
-0.26574
-0.25082
-0.23281
-0.2116
-0.18703
-0.15893
-0.12705
-0.091133
-0.050866
-0.0058822
0.04423
0.099937
0.16175
0.23023
0.30596
0.3895
0.4814
0.58207
0.69176
0.81039
0.93749
1.0721
1.2126
1.3567
1.5019
1.6449
1.7826
1.9118
2.0298
2.1341
2.2228
2.2941
2.3465
2.3785
2.3884
2.3743
2.3336
2.2636
2.1611
2.0236
1.8497
1.6416
1.4061
1.1554
0.90513
0.66985
0.45991
0.28002
0.13032
0.0082347
-0.089927
-0.168
-0.22945
-0.27725
-0.31381
-0.34112
-0.36073
-0.3739
-0.38162
-0.3847
-0.38378
-0.37938
-0.37193
-0.36175
-0.34915
-0.33434
-0.31753
-0.29887
-0.27848
-0.25649
-0.23298
-0.20802
-0.18168
-0.154
-0.12502
-0.09478
-0.063292
-0.030572
0.0033734
0.038544
0.074947
0.11259
0.15151
0.19171
0.23324
0.27613
0.32043
0.36621
0.41352
0.46244
0.51306
0.56548
0.6198
0.67617
0.7347
0.79557
0.85895
0.92503
0.99402
1.0661
1.1416
1.2207
1.3036
1.3906
1.4818
1.5774
1.6774
1.7816
1.8899
2.0016
2.1161
2.2324
2.349
2.4642
2.5762
2.6828
2.7814
2.8695
2.944
3.0018
3.0391
3.0511
3.0319
2.9738
2.8672
2.701
2.4663
2.1635
1.813
1.4547
1.131
0.86567
0.66147
0.50938
0.39754
0.31535
0.25459
0.20923
0.17493
0.14863
0.12816
0.11197
0.098956
0.088314
0.079465
0.071985
0.065558
0.059951
0.054988
0.050537
0.046496
0.042787
0.03935
0.036137
0.033111
0.030242
0.027508
0.024889
0.022371
0.01994
0.017588
0.015305
0.013085
0.010923
0.0088133
0.0067536
0.0047403
0.0027712
0.00084451
-0.001041
-0.0028863
-0.0046917
-0.0064572
-0.0081823
-0.0098666
-0.011509
-0.013107
-0.014659
-0.016163
-0.017614
-0.019008
-0.02034
-0.021603
-0.022791
-0.023893
-0.024896
-0.025787
-0.026547
-0.027154
-0.02758
-0.027788
-0.027734
-0.027361
-0.026592
-0.025332
-0.023453
-0.020789
-0.017117
-0.012139
-0.0054497
0.0035005
0.01547
0.03151
0.053089
0.082275
0.12199
0.17636
0.25122
0.35461
0.49711
0.69115
0.9475
1.2667
1.628
1.9891
2.3058
2.5539
2.731
2.8462
2.9112
2.9365
2.9304
2.8991
2.8476
2.7798
2.699
2.608
2.5092
2.405
2.2972
2.1876
2.0778
1.969
1.8622
1.7581
1.6572
1.5599
1.4663
1.3766
1.2906
1.2082
1.1294
1.054
0.98167
0.91236
0.84585
0.78197
0.72055
0.66145
0.60451
0.54961
0.49665
0.44551
0.3961
0.34835
0.30217
0.25752
0.21433
0.17255
0.13216
0.093114
0.055392
0.018975
-0.016147
-0.049979
-0.082519
-0.11376
-0.14368
-0.17225
-0.19945
-0.22523
-0.24953
-0.27228
-0.29341
-0.3128
-0.33034
-0.34588
-0.35924
-0.3702
-0.3785
-0.38382
-0.38577
-0.38387
-0.37752
-0.36599
-0.34836
-0.32348
-0.28993
-0.2459
-0.18918
-0.11706
-0.026303
0.086724
0.22572
0.39369
0.59157
0.81653
1.0605
1.3104
1.5511
1.769
1.9554
2.1063
2.222
2.3044
2.3566
2.3813
2.381
2.3579
2.3136
2.2498
2.1677
2.069
1.9556
1.8296
1.6938
1.5512
1.4051
1.2588
1.1152
0.97684
0.84559
0.72272
0.60889
0.50431
0.40883
0.32207
0.24351
0.17255
0.10859
0.051047
-0.00062511
-0.046926
-0.088299
-0.12513
-0.15777
-0.1865
-0.21157
-0.23319
-0.25151
-0.26668
-0.27879
-0.28792
-0.29409
-0.29733
-0.29762
-0.29489
-0.28909
-0.28008
-0.26772
-0.25182
-0.23214
-0.20839
-0.18022
-0.14722
-0.1089
-0.064689
-0.013918
0.044165
0.11041
0.18574
0.27113
0.36751
0.47573
0.59632
0.72937
0.87424
1.0294
1.1921
1.3588
1.525
1.6861
1.8374
1.975
2.096
2.1981
2.28
2.3406
2.3791
2.3949
2.3868
2.3537
2.2941
2.2064
2.0891
1.942
1.7663
1.5664
1.3496
1.1261
0.90686
0.70145
0.51629
0.35438
0.21596
0.099496
0.0026249
-0.077257
-0.14264
-0.19572
-0.23841
-0.27227
-0.29861
-0.31849
-0.33279
-0.3422
-0.34731
-0.34859
-0.34644
-0.34115
-0.333
-0.32219
-0.3089
-0.29327
-0.2754
-0.25539
-0.23329
-0.20916
-0.18304
-0.15492
-0.12483
-0.092735
-0.058624
-0.022458
0.015811
0.056245
0.098916
0.14391
0.19132
0.24127
0.29386
0.34924
0.40754
0.46892
0.53353
0.60153
0.67306
0.74827
0.82727
0.91012
0.99685
1.0874
1.1816
1.2792
1.3797
1.4826
1.5871
1.6923
1.7969
1.8997
1.9992
2.0938
2.1817
2.261
2.3298
2.3857
2.4262
2.4482
2.4477
2.4201
2.359
2.2568
2.1048
1.8958
1.6286
1.3149
0.98253
0.66636
0.39308
0.17316
0.0042138
-0.12194
-0.21444
-0.28124
-0.32865
-0.36142
-0.38313
-0.39638
-0.40313
-0.40483
-0.40256
-0.39715
-0.38922
-0.37926
-0.36763
-0.35463
-0.3405
-0.32541
-0.30951
-0.29292
-0.27574
-0.25804
-0.2399
-0.22136
-0.20247
-0.18326
-0.16378
-0.14405
-0.12409
-0.10392
-0.083559
-0.063023
-0.042326
-0.021478
-0.00049091
0.020627
0.041869
0.063225
0.084691
0.10626
0.12793
0.14969
0.17154
0.19348
0.2155
0.2376
0.25978
0.28203
0.30436
0.32676
0.34923
0.37177
0.39439
0.41707
0.43983
0.46267
0.48559
0.50859
0.53169
0.55489
0.57821
0.60167
0.62529
0.6491
0.67316
0.69753
0.7223
0.74759
0.77358
0.80052
0.82875
0.85878
0.89133
0.92747
0.96873
1.0174
1.0768
1.1518
1.2496
1.3801
1.5564
1.7927
2.0976
2.4609
2.8441
3.1943
3.474
3.673
3.7991
3.865
3.8828
3.8623
3.8108
3.7342
3.6376
3.5255
3.4018
3.2704
3.1348
2.9981
2.8628
2.7307
2.6032
2.4812
2.3649
2.2545
2.1498
2.0505
1.9561
1.8664
1.7808
1.699
1.6205
1.5452
1.4726
1.4025
1.3347
1.2689
1.2051
1.1431
1.0826
1.0238
0.96628
0.91016
0.8553
0.80166
0.74917
0.69779
0.64748
0.5982
0.54992
0.50263
0.45628
0.41088
0.3664
0.32283
0.28017
0.23841
0.19754
0.15757
0.11851
0.080351
0.043113
0.0068067
-0.02855
-0.062937
-0.096327
-0.12869
-0.15999
-0.19018
-0.21922
-0.24704
-0.27356
-0.29872
-0.32241
-0.34451
-0.36489
-0.38339
-0.3998
-0.4139
-0.42539
-0.43393
-0.43909
-0.44034
-0.43702
-0.42833
-0.41322
-0.39041
-0.35826
-0.31469
-0.2571
-0.18228
-0.086379
0.034957
0.18608
0.37022
0.58762
0.83317
1.0951
1.3566
1.6001
1.8125
1.9873
2.1232
2.2225
2.2887
2.3255
2.3362
2.3237
2.2902
2.2377
2.1678
2.0824
1.983
1.8718
1.7508
1.6226
1.4897
1.3547
1.2203
1.0886
0.96141
0.84024
0.72599
0.6192
0.52009
0.42858
0.34445
0.26736
0.19688
0.13257
0.074013
0.020777
-0.027521
-0.071233
-0.11067
-0.14611
-0.17779
-0.20592
-0.23065
-0.25213
-0.27046
-0.28572
-0.29796
-0.30719
-0.31341
-0.31658
-0.31662
-0.31343
-0.30687
-0.29676
-0.28287
-0.26491
-0.24255
-0.21537
-0.18287
-0.14448
-0.099506
-0.047154
0.013488
0.08344
0.16381
0.25574
0.3603
0.47836
0.61036
0.75601
0.91399
1.0818
1.2555
1.4304
1.601
1.762
1.909
2.0386
2.1483
2.2368
2.3033
2.3473
2.3683
2.366
2.3394
2.2876
2.2094
2.1039
1.9707
1.8109
1.6275
1.4262
1.2152
1.0038
0.80108
0.61389
0.4464
0.30012
0.17465
0.068396
-0.020717
-0.094886
-0.15618
-0.20643
-0.24721
-0.27986
-0.30548
-0.32496
-0.33907
-0.34842
-0.35352
-0.35476
-0.35251
-0.34702
-0.33853
-0.32722
-0.31324
-0.29669
-0.27766
-0.25623
-0.23242
-0.20627
-0.17777
-0.14692
-0.11368
-0.078027
-0.039891
0.00079609
0.04412
0.090177
0.13908
0.19095
0.24593
0.30415
0.36577
0.43093
0.49977
0.57244
0.64903
0.72961
0.81422
0.90278
0.99516
1.0911
1.1902
1.2919
1.3955
1.5
1.6044
1.7076
1.808
1.9042
1.9945
2.0774
2.1511
2.2135
2.2626
2.2959
2.3104
2.3024
2.2673
2.1993
2.0912
1.9354
1.726
1.4632
1.1591
0.83911
0.53461
0.26955
0.053942
-0.11358
-0.23993
-0.33324
-0.40085
-0.4487
-0.48139
-0.50238
-0.51429
-0.51909
-0.51827
-0.51295
-0.50399
-0.49209
-0.47775
-0.46139
-0.44333
-0.42385
-0.40315
-0.38141
-0.35877
-0.33535
-0.31124
-0.28654
-0.2613
-0.2356
-0.20947
-0.18298
-0.15616
-0.12904
-0.10165
-0.074032
-0.046204
-0.018192
0.0099814
0.038294
0.066725
0.095254
0.12386
0.15252
0.18122
0.20993
0.23863
0.26729
0.29589
0.3244
0.35277
0.38098
0.40896
0.43668
0.46406
0.49103
0.5175
0.54334
0.56843
0.59258
0.61558
0.63715
0.65692
0.67444
0.68909
0.70008
0.70634
0.70642
0.69836
0.67947
0.64605
0.59296
0.51319
0.39743
0.23423
0.012015
-0.27497
-0.61635
-0.97908
-1.3182
-1.6001
-1.8137
-1.9639
-2.0621
-2.1193
-2.1447
-2.1456
-2.1271
-2.0935
-2.0477
-1.9923
-1.9292
-1.86
-1.7862
-1.709
-1.6293
-1.548
-1.4659
-1.3836
-1.3017
-1.2206
-1.1406
-1.0622
-0.98537
-0.91045
-0.83753
-0.76668
-0.69798
-0.63143
-0.56705
-0.50484
-0.44477
-0.38681
-0.33094
-0.27712
-0.22532
-0.17549
-0.12762
-0.081658
-0.037593
0.0045995
0.044933
0.083415
0.12005
0.15482
0.18772
0.21873
0.24779
0.27487
0.2999
0.32279
0.34345
0.36175
0.37753
0.39062
0.40077
0.40773
0.41116
0.41063
0.40566
0.39563
0.37978
0.35718
0.32669
0.28688
0.23602
0.17204
0.092441
-0.0055659
-0.12495
-0.2684
-0.43763
-0.63219
-0.84826
-1.078
-1.3102
-1.5325
-1.7342
-1.9081
-2.0509
-2.1623
-2.2434
-2.2963
-2.3231
-2.3256
-2.3053
-2.2636
-2.2015
-2.1199
-2.0203
-1.9041
-1.7734
-1.631
-1.4804
-1.3252
-1.1693
-1.0165
-0.86974
-0.73137
-0.60289
-0.48505
-0.37803
-0.28155
-0.19507
-0.11791
-0.049302
0.01149
0.065177
0.11241
0.15376
0.18975
0.2208
0.24731
0.26959
0.2879
0.30245
0.31343
0.32097
0.32516
0.32605
0.32369
0.31806
0.30912
0.29681
0.28101
0.26159
0.23835
0.21109
0.17952
0.14333
0.10213
0.055501
0.0029481
-0.056076
-0.12217
-0.19596
-0.27809
-0.36915
-0.46964
-0.57985
-0.69976
-0.8289
-0.96624
-1.1101
-1.258
-1.4071
-1.5541
-1.6955
-1.828
-1.9487
-2.0553
-2.1459
-2.2188
-2.2729
-2.3068
-2.3191
-2.3084
-2.2725
-2.2091
-2.1158
-1.9901
-1.831
-1.6395
-1.4207
-1.1841
-0.94277
-0.71024
-0.49742
-0.31067
-0.15194
-0.020104
0.087604
0.1745
0.24381
0.29844
0.34084
0.37302
0.39662
0.41297
0.42314
0.428
0.42823
0.42441
0.41699
0.40635
0.3928
0.3766
0.35795
0.33702
0.31398
0.28892
0.26196
0.23317
0.20262
0.17037
0.13646
0.10092
0.063774
0.025049
-0.015247
-0.057107
-0.10053
-0.14552
-0.19207
-0.24021
-0.28995
-0.34128
-0.39424
-0.44883
-0.50507
-0.56297
-0.62253
-0.68377
-0.74665
-0.81119
-0.87733
-0.94503
-1.0142
-1.0848
-1.1567
-1.2296
-1.3035
-1.3779
-1.4527
-1.5274
-1.6015
-1.6744
-1.7455
-1.8139
-1.8786
-1.9384
-1.9918
-2.0371
-2.0717
-2.0928
-2.0962
-2.0765
-2.0265
-1.9361
-1.7929
-1.5833
-1.2986
-0.9473
-0.56542
-0.20504
0.094805
0.32268
0.48625
0.59932
0.67495
0.72339
0.75218
0.76669
0.77076
0.76711
0.75769
0.74393
0.72687
0.70727
0.68571
0.66262
0.63833
0.6131
0.58711
0.56054
0.53349
0.50608
0.47837
0.45044
0.42233
0.39409
0.36576
0.33738
0.30896
0.28054
0.25214
0.22378
0.19547
0.16723
0.13909
0.11106
0.083145
0.055375
0.027763
0.0003262
-0.026917
-0.053947
-0.080741
-0.10728
-0.13353
-0.15947
-0.18507
-0.21029
-0.23508
-0.25941
-0.28321
-0.30643
-0.32898
-0.35078
-0.37173
-0.39168
-0.4105
-0.42798
-0.44391
-0.45797
-0.46982
-0.479
-0.48491
-0.48681
-0.48373
-0.4744
-0.45714
-0.42974
-0.38927
-0.33183
-0.25235
-0.1444
-0.0003911
0.18734
0.4236
0.70534
1.0167
1.33
1.6159
1.8547
2.0401
2.1746
2.2649
2.3184
2.3415
2.3392
2.3158
2.2746
2.2182
2.1491
2.0692
1.9804
1.8846
1.7834
1.6786
1.5717
1.464
1.3569
1.2514
1.1484
1.0485
0.95237
0.8602
0.77223
0.68854
0.60912
0.53391
0.46279
0.39561
0.3322
0.2724
0.21603
0.16293
0.11295
0.065939
0.021768
-0.019678
-0.058501
-0.094787
-0.12861
-0.16002
-0.18906
-0.21576
-0.24011
-0.26213
-0.28177
-0.29898
-0.31371
-0.32585
-0.33527
-0.34183
-0.34532
-0.34551
-0.34209
-0.33471
-0.32292
-0.30618
-0.28384
-0.25509
-0.21897
-0.17431
-0.11969
-0.053483
0.02623
0.12154
0.2346
0.36733
0.52092
0.69517
0.88768
1.0934
1.3045
1.512
1.7069
1.8817
2.0319
2.1551
2.2507
2.3195
2.3623
2.3802
2.3741
2.3446
2.2922
2.2172
2.1201
2.0019
1.8644
1.7102
1.5434
1.3688
1.1922
1.0187
0.85311
0.69876
0.55773
0.43084
0.31803
0.21861
0.13156
0.055723
-0.010083
-0.066957
-0.1159
-0.15779
-0.1934
-0.22337
-0.24827
-0.26854
-0.28459
-0.29674
-0.30524
-0.31031
-0.31212
-0.3108
-0.30644
-0.2991
-0.28881
-0.27558
-0.25938
-0.24016
-0.21783
-0.19229
-0.1634
-0.13098
-0.094821
-0.054691
-0.010307
0.038648
0.092528
0.15172
0.21666
0.28776
0.36548
0.45022
0.54234
0.64205
0.74941
0.86419
0.98584
1.1134
1.2454
1.38
1.5149
1.6476
1.7755
1.8959
2.0064
2.1048
2.1892
2.2577
2.3087
2.3404
2.3509
2.3376
2.2979
2.2281
2.1245
1.9837
1.8036
1.586
1.3384
1.0747
0.813
0.56976
0.35602
0.17604
0.028972
-0.088726
-0.18153
-0.25378
-0.30928
-0.3512
-0.38205
-0.40385
-0.4182
-0.42636
-0.42931
-0.42786
-0.42263
-0.41413
-0.40279
-0.38894
-0.37285
-0.35476
-0.33485
-0.31328
-0.29019
-0.26568
-0.23985
-0.21277
-0.18453
-0.15516
-0.12473
-0.09327
-0.060814
-0.027392
0.0069752
0.042268
0.078473
0.11558
0.15358
0.19248
0.23228
0.27297
0.31458
0.35711
0.40058
0.445
0.49042
0.53686
0.58435
0.63295
0.68269
0.73366
0.78591
0.83954
0.89463
0.95132
1.0097
1.07
1.1324
1.197
1.2641
1.3341
1.4073
1.484
1.5647
1.6499
1.7401
1.836
1.938
2.0468
2.1628
2.2861
2.4167
2.554
2.6968
2.8432
2.9905
3.1355
3.2743
3.403
3.5173
3.6132
3.6865
3.7327
3.7469
3.7227
3.6525
3.5269
3.3369
3.078
2.7595
2.41
2.0703
1.7738
1.534
1.3481
1.2061
1.0975
1.0129
0.94573
0.89082
0.84469
0.80483
0.76949
0.73744
0.70779
0.67992
0.65339
0.62786
0.60311
0.57895
0.55527
0.53196
0.50896
0.4862
0.46366
0.4413
0.41909
0.39701
0.37506
0.35323
0.33149
0.30986
0.28832
0.26686
0.2455
0.22422
0.20303
0.18193
0.16092
0.13999
0.11916
0.098423
0.077784
0.057248
0.036818
0.016501
-0.0036976
-0.02377
-0.043708
-0.063504
-0.083145
-0.10262
-0.12191
-0.14101
-0.15989
-0.17854
-0.19692
-0.215
-0.23276
-0.25014
-0.26709
-0.28356
-0.29947
-0.31472
-0.32919
-0.34276
-0.35524
-0.36641
-0.37598
-0.3836
-0.38879
-0.39094
-0.38925
-0.38266
-0.36975
-0.3486
-0.31664
-0.27036
-0.20504
-0.11443
0.009474
0.17592
0.39347
0.6652
0.98149
1.316
1.6333
1.9044
2.1166
2.271
2.3749
2.437
2.4652
2.4659
2.444
2.4035
2.3475
2.2787
2.1993
2.1113
2.0167
1.9173
1.8146
1.7101
1.6051
1.5008
1.3981
1.2978
1.2004
1.1064
1.016
0.92941
0.84664
0.76769
0.69248
0.62089
0.5528
0.48805
0.42649
0.36796
0.31232
0.25941
0.20912
0.16132
0.11591
0.072774
0.031841
-0.0069651
-0.043706
-0.07843
-0.11117
-0.14197
-0.17082
-0.19773
-0.22269
-0.24568
-0.26664
-0.28552
-0.30223
-0.31669
-0.32876
-0.33827
-0.34504
-0.34882
-0.34932
-0.34619
-0.33899
-0.32718
-0.3101
-0.28696
-0.25676
-0.2183
-0.17009
-0.11037
-0.037002
0.052426
0.16056
0.28999
0.44276
0.61952
0.8185
1.0346
1.2593
1.4816
1.6907
1.8776
2.0369
2.1661
2.2653
2.3356
2.3785
2.3958
2.3888
2.3588
2.3065
2.2327
2.1385
2.025
1.8941
1.7486
1.5919
1.4283
1.2625
1.0989
0.94152
0.79326
0.65609
0.53101
0.41819
0.31728
0.22757
0.14818
0.078147
0.016562
-0.037443
-0.084647
-0.12574
-0.16132
-0.1919
-0.21793
-0.23976
-0.25772
-0.27205
-0.28297
-0.29063
-0.29518
-0.29669
-0.29523
-0.29083
-0.28349
-0.27318
-0.25984
-0.24339
-0.22371
-0.20063
-0.17398
-0.1435
-0.10894
-0.06996
-0.026187
0.02281
0.07752
0.13848
0.20629
0.28155
0.3649
0.45692
0.55809
0.66868
0.78866
0.91757
1.0544
1.1974
1.3444
1.4924
1.6381
1.7782
1.9094
2.0289
2.1341
2.2232
2.2945
2.3464
2.3777
2.3868
2.3717
2.3301
2.2595
2.157
2.0201
1.848
1.6428
1.4111
1.1648
0.91855
0.68633
0.47818
0.29888
0.14883
0.025766
-0.073752
-0.15337
-0.21643
-0.26582
-0.30393
-0.33269
-0.35365
-0.36808
-0.37695
-0.38108
-0.3811
-0.37755
-0.37084
-0.36133
-0.34929
-0.33496
-0.31853
-0.30016
-0.27999
-0.25812
-0.23464
-0.20962
-0.18313
-0.1552
-0.12589
-0.095205
-0.063174
-0.029804
0.0049017
0.040949
0.078349
0.11712
0.15729
0.19889
0.24196
0.28655
0.33272
0.38053
0.43006
0.48138
0.53461
0.58983
0.64718
0.70678
0.76877
0.8333
0.90055
0.97068
1.0439
1.1203
1.2001
1.2835
1.3705
1.4613
1.5557
1.6538
1.7552
1.8595
1.9661
2.0742
2.1828
2.2904
2.3955
2.4964
2.591
2.677
2.752
2.813
2.8566
2.8787
2.8741
2.8359
2.7552
2.6212
2.4224
2.1525
1.8198
1.4554
1.1052
0.80555
0.56974
0.39314
0.26409
0.17068
0.1032
0.054362
0.018934
-0.006816
-0.025529
-0.039083
-0.04882
-0.055704
-0.060437
-0.063531
-0.065363
-0.066215
-0.066297
-0.065769
-0.064751
-0.063338
-0.061602
-0.059599
-0.057374
-0.054961
-0.052389
-0.04968
-0.046852
-0.04392
-0.040897
-0.03779
-0.03461
-0.031362
-0.028051
-0.024682
-0.021259
-0.017784
-0.014259
-0.010686
-0.0070665
-0.0034005
0.00031184
0.0040708
0.0078772
0.011732
0.015638
0.019596
0.02361
0.027685
0.031824
0.036034
0.040322
0.044697
0.049168
0.053751
0.058462
0.06332
0.06835
0.073584
0.079062
0.084835
0.090965
0.097536
0.10466
0.11246
0.12115
0.13095
0.14219
0.15533
0.17095
0.1899
0.2133
0.24274
0.28045
0.32952
0.3943
0.4808
0.5971
0.75338
0.96067
1.2266
1.547
1.898
2.2395
2.5344
2.7639
2.9272
3.0325
3.0899
3.1084
3.0953
3.0564
2.9961
2.9183
2.8262
2.7228
2.6109
2.4933
2.3722
2.2499
2.1283
2.0089
1.8928
1.7808
1.6735
1.571
1.4735
1.3809
1.293
1.2094
1.1301
1.0546
0.98263
0.91399
0.84839
0.78558
0.72536
0.66753
0.6119
0.55833
0.50669
0.45684
0.40869
0.36214
0.31711
0.27353
0.23134
0.19049
0.15095
0.11266
0.075611
0.039777
0.005144
-0.028295
-0.060541
-0.091589
-0.12142
-0.15003
-0.17737
-0.20342
-0.22812
-0.25141
-0.27323
-0.29349
-0.31207
-0.32886
-0.34369
-0.35638
-0.36671
-0.37439
-0.3791
-0.38043
-0.37787
-0.37079
-0.35841
-0.33976
-0.31363
-0.27848
-0.23239
-0.17297
-0.097327
-0.0019946
0.11688
0.26311
0.43956
0.64658
0.8801
1.1304
1.383
1.622
1.8346
2.0131
2.1551
2.2614
2.3348
2.3784
2.3951
2.3874
2.3574
2.3068
2.2372
2.1502
2.0473
1.9307
1.8026
1.666
1.5237
1.379
1.2351
1.0945
0.95968
0.83212
0.71289
0.60251
0.50107
0.40837
0.32401
0.24746
0.17815
0.11552
0.059007
0.0080956
-0.03768
-0.078734
-0.11543
-0.1481
-0.177
-0.20236
-0.22438
-0.24321
-0.25897
-0.27176
-0.28164
-0.28863
-0.29276
-0.29399
-0.29227
-0.28752
-0.27962
-0.26842
-0.25372
-0.23528
-0.2128
-0.18593
-0.15425
-0.11726
-0.074361
-0.024872
0.031996
0.097133
0.17152
0.25619
0.35218
0.46042
0.58157
0.71579
0.86251
1.0202
1.186
1.3562
1.5261
1.6906
1.8449
1.9849
2.1075
2.2107
2.2929
2.3533
2.3912
2.4061
2.3969
2.3627
2.3021
2.2136
2.0962
1.9495
1.7753
1.5777
1.3641
1.1441
0.92839
0.72588
0.54279
0.38209
0.2441
0.12745
0.029924
-0.050932
-0.1175
-0.17193
-0.21604
-0.25137
-0.27921
-0.30059
-0.31639
-0.32729
-0.33387
-0.3366
-0.33587
-0.33198
-0.3252
-0.31573
-0.30375
-0.28939
-0.27275
-0.25393
-0.23298
-0.20995
-0.18487
-0.15774
-0.12856
-0.097307
-0.063955
-0.028455
0.0092549
0.049247
0.09161
0.13645
0.18387
0.23402
0.28703
0.34306
0.4023
0.4649
0.53107
0.60099
0.67483
0.75276
0.83491
0.92134
1.0121
1.107
1.2059
1.3084
1.414
1.5218
1.6309
1.7402
1.8482
1.9534
2.0542
2.1485
2.2347
2.3107
2.3743
2.4232
2.4545
2.4651
2.4506
2.406
2.3246
2.1988
2.021
1.787
1.5014
1.1828
0.862
0.56949
0.32367
0.12863
-0.02061
-0.13228
-0.21456
-0.27435
-0.31704
-0.34671
-0.36641
-0.37844
-0.38449
-0.38583
-0.38345
-0.37808
-0.37028
-0.36051
-0.3491
-0.33634
-0.32242
-0.30754
-0.29182
-0.27538
-0.25832
-0.24071
-0.22262
-0.20409
-0.18518
-0.16591
-0.14633
-0.12646
-0.10632
-0.085934
-0.065316
-0.044482
-0.023445
-0.002214
0.0192
0.040791
0.062552
0.084478
0.10656
0.12881
0.15121
0.17377
0.19648
0.21936
0.2424
0.26561
0.28899
0.31256
0.33633
0.36032
0.38455
0.40904
0.43383
0.45897
0.4845
0.51051
0.53707
0.56431
0.59238
0.62148
0.65187
0.6839
0.71803
0.75488
0.79528
0.84037
0.89169
0.95132
1.0221
1.1078
1.2134
1.3451
1.51
1.7146
1.9619
2.2466
2.5514
2.8498
3.116
3.3331
3.4956
3.6056
3.6682
3.6888
3.6722
3.6226
3.5433
3.4376
3.3093
3.1626
3.0023
2.8339
2.6629
2.4942
2.3318
2.1785
2.0357
1.9039
1.7829
1.6719
1.5701
1.4764
1.3897
1.3092
1.234
1.1634
1.0967
1.0334
0.97312
0.91543
0.86003
0.80667
0.75513
0.70521
0.65679
0.60971
0.56389
0.51922
0.47565
0.43309
0.3915
0.35083
0.31106
0.27215
0.23408
0.19682
0.16037
0.12472
0.089868
0.055806
0.022542
-0.009915
-0.041554
-0.072358
-0.1023
-0.13137
-0.15951
-0.1867
-0.21288
-0.23801
-0.262
-0.28479
-0.30628
-0.32636
-0.3449
-0.36173
-0.37666
-0.38947
-0.39988
-0.40753
-0.412
-0.41278
-0.40919
-0.40042
-0.38543
-0.3629
-0.33115
-0.28803
-0.23084
-0.15621
-0.060046
0.062331
0.21567
0.40359
0.62646
0.8788
1.1478
1.4151
1.6621
1.8754
2.0487
2.1816
2.2769
2.3386
2.3707
2.3767
2.3596
2.3217
2.2652
2.1919
2.1035
2.0019
1.8893
1.7678
1.6399
1.5082
1.3752
1.2433
1.1145
0.99035
0.8722
0.76081
0.6566
0.55972
0.47006
0.38738
0.31133
0.24152
0.17753
0.11895
0.065382
0.016469
-0.028122
-0.068686
-0.10548
-0.13874
-0.16864
-0.19536
-0.21902
-0.23972
-0.25756
-0.27256
-0.28477
-0.29418
-0.30076
-0.30445
-0.30517
-0.3028
-0.29719
-0.28812
-0.27537
-0.25861
-0.23749
-0.21156
-0.18029
-0.14305
-0.099095
-0.047541
0.01262
0.082533
0.16346
0.25671
0.36355
0.48503
0.62171
0.77329
0.93829
1.1138
1.2952
1.4771
1.6532
1.8178
1.9663
2.0952
2.2025
2.2869
2.3482
2.3859
2.4001
2.3902
2.3558
2.296
2.2101
2.0976
1.9587
1.7951
1.6106
1.4115
1.2056
1.0017
0.8076
0.62909
0.46944
0.32966
0.20921
0.10656
0.019795
-0.053063
-0.11389
-0.16435
-0.20587
-0.23967
-0.26677
-0.28801
-0.30407
-0.31554
-0.32288
-0.32648
-0.32666
-0.32367
-0.31772
-0.30899
-0.2976
-0.28366
-0.26725
-0.2484
-0.22716
-0.20353
-0.1775
-0.14904
-0.1181
-0.084632
-0.048538
-0.0097205
0.031938
0.076578
0.12435
0.17544
0.23004
0.28835
0.3506
0.41701
0.48782
0.56325
0.64347
0.72866
0.81886
0.91407
1.0141
1.1187
1.2272
1.339
1.453
1.5679
1.6822
1.7944
1.9026
2.0048
2.0993
2.184
2.257
2.3163
2.3595
2.3842
2.3872
2.3647
2.3121
2.2235
2.0926
1.9137
1.6844
1.4108
1.11
0.80796
0.5304
0.29339
0.10152
-0.048389
-0.16287
-0.24886
-0.3125
-0.35874
-0.39144
-0.41356
-0.42734
-0.43452
-0.43639
-0.43396
-0.42802
-0.41918
-0.40791
-0.39461
-0.37957
-0.36304
-0.34523
-0.3263
-0.30638
-0.28559
-0.26401
-0.24174
-0.21883
-0.19534
-0.17133
-0.14683
-0.12188
-0.096516
-0.070758
-0.044633
-0.018162
0.0086364
0.035747
0.063155
0.090849
0.11882
0.14705
0.17554
0.20429
0.23328
0.26251
0.29198
0.32169
0.35164
0.38183
0.41226
0.44295
0.4739
0.50511
0.53662
0.56843
0.60058
0.6331
0.66603
0.69944
0.73339
0.76799
0.80335
0.83965
0.8771
0.91598
0.95668
0.99971
1.0458
1.0958
1.151
1.2131
1.2844
1.368
1.468
1.5895
1.7387
1.9219
2.1437
2.4033
2.6908
2.9859
3.2637
3.503
3.6923
3.8289
3.9154
3.9561
3.9553
3.9166
3.8433
3.7382
3.6049
3.4479
3.273
3.0869
2.8971
2.7103
2.5319
2.3654
2.2126
2.0736
1.9478
1.8339
1.7305
1.636
1.5492
1.4688
1.3938
1.3234
1.2569
1.1936
1.1331
1.075
1.019
0.96489
0.91235
0.86126
0.81147
0.76287
0.71536
0.66886
0.62331
0.57866
0.53485
0.49185
0.44963
0.40817
0.36744
0.32744
0.28814
0.24955
0.21166
0.17447
0.13798
0.10219
0.067121
0.032773
-0.00083617
-0.033688
-0.065762
-0.097031
-0.12746
-0.15703
-0.18568
-0.21337
-0.24004
-0.26562
-0.29004
-0.31319
-0.33499
-0.35528
-0.37392
-0.39072
-0.40547
-0.41788
-0.42762
-0.4343
-0.4374
-0.4363
-0.43021
-0.41814
-0.39882
-0.37064
-0.33156
-0.27897
-0.20958
-0.11938
-0.0036696
0.14252
0.3234
0.54041
0.78951
1.0591
1.3312
1.5861
1.8087
1.9913
2.1326
2.2352
2.3032
2.3408
2.3518
2.3394
2.3062
2.2542
2.1855
2.1019
2.0051
1.8971
1.7801
1.6564
1.5284
1.3985
1.2689
1.1417
1.0185
0.90057
0.78885
0.68383
0.58576
0.49464
0.4103
0.33246
0.26078
0.19488
0.13439
0.078943
0.028181
-0.018211
-0.060521
-0.099004
-0.13388
-0.16535
-0.19357
-0.21867
-0.24077
-0.25992
-0.2762
-0.28963
-0.3002
-0.30789
-0.31265
-0.31439
-0.31299
-0.30829
-0.3001
-0.28816
-0.27218
-0.25178
-0.22651
-0.19585
-0.15915
-0.11566
-0.064498
-0.0046382
0.065077
0.14592
0.23922
0.34627
0.46812
0.60532
0.75756
0.92334
1.0996
1.2818
1.4643
1.6409
1.8057
1.9542
2.0829
2.1898
2.2738
2.3346
2.372
2.3859
2.3759
2.3415
2.282
2.1967
2.085
1.9474
1.7854
1.6028
1.4056
1.2014
0.99894
0.80577
0.62767
0.46799
0.32786
0.20683
0.10349
0.015991
-0.057598
-0.11912
-0.17021
-0.21229
-0.24658
-0.27408
-0.29564
-0.31195
-0.32358
-0.33101
-0.33462
-0.33473
-0.3316
-0.32543
-0.31641
-0.30465
-0.29026
-0.27332
-0.25386
-0.23192
-0.20751
-0.18061
-0.15119
-0.11919
-0.084553
-0.047187
-0.0069877
0.036168
0.082422
0.13193
0.18488
0.24144
0.30184
0.36628
0.43497
0.50812
0.58591
0.66849
0.75595
0.84828
0.94536
1.0469
1.1526
1.2616
1.3731
1.486
1.5989
1.7104
1.8187
1.9221
2.0188
2.1068
2.1844
2.2495
2.3
2.3336
2.3476
2.3385
2.3021
2.2333
2.1258
1.9734
1.7713
1.5205
1.2316
0.92676
0.63313
0.37278
0.15643
-0.01545
-0.14802
-0.24824
-0.32277
-0.37721
-0.41601
-0.4426
-0.45961
-0.46902
-0.47236
-0.47081
-0.46526
-0.45643
-0.44486
-0.431
-0.41519
-0.39772
-0.37882
-0.35868
-0.33744
-0.31524
-0.29219
-0.26838
-0.24387
-0.21875
-0.19307
-0.16687
-0.14019
-0.11308
-0.085575
-0.057693
-0.029465
-0.00091462
0.027936
0.057068
0.086462
0.1161
0.14597
0.17605
0.20634
0.2368
0.26744
0.29824
0.32917
0.36023
0.3914
0.42267
0.454
0.48538
0.51679
0.54819
0.57955
0.61083
0.64198
0.67293
0.70361
0.73392
0.76374
0.7929
0.82121
0.84839
0.87408
0.8978
0.9189
0.9365
0.94937
0.95581
0.95341
0.93875
0.90689
0.85077
0.76031
0.62171
0.41812
0.1347
-0.22741
-0.63383
-1.0229
-1.3435
-1.5792
-1.739
-1.8396
-1.8965
-1.9216
-1.9234
-1.9081
-1.8802
-1.8427
-1.798
-1.748
-1.6939
-1.6369
-1.5777
-1.5169
-1.4552
-1.3929
-1.3303
-1.2677
-1.2054
-1.1435
-1.0822
-1.0215
-0.96153
-0.90243
-0.84422
-0.78694
-0.73064
-0.67533
-0.62105
-0.5678
-0.51561
-0.46448
-0.41443
-0.36546
-0.31757
-0.27078
-0.22509
-0.18051
-0.13706
-0.094736
-0.05356
-0.013548
0.025281
0.062902
0.099287
0.1344
0.16821
0.20067
0.23171
0.26129
0.28932
0.31571
0.34036
0.36315
0.38393
0.40252
0.41871
0.43226
0.44284
0.4501
0.45357
0.4527
0.44678
0.43496
0.41615
0.38901
0.35182
0.30249
0.2384
0.15637
0.052753
-0.076404
-0.23468
-0.4241
-0.64336
-0.88597
-1.1398
-1.3892
-1.6189
-1.8183
-1.982
-2.1095
-2.2026
-2.2645
-2.2983
-2.3069
-2.2927
-2.2576
-2.2034
-2.1316
-2.0437
-1.9413
-1.8264
-1.7012
-1.5683
-1.4306
-1.2909
-1.1519
-1.0162
-0.8857
-0.76194
-0.64591
-0.53812
-0.43872
-0.3476
-0.26443
-0.1888
-0.12021
-0.058167
-0.0021826
0.048204
0.093413
0.13382
0.16976
0.20153
0.22936
0.25347
0.27402
0.29115
0.30496
0.31551
0.32285
0.32697
0.32786
0.32544
0.31963
0.31029
0.29725
0.2803
0.25915
0.23348
0.20291
0.16695
0.12508
0.076644
0.020928
-0.042883
-0.11568
-0.1984
-0.29197
-0.39722
-0.51471
-0.64461
-0.7864
-0.93869
-1.0991
-1.2642
-1.4297
-1.5911
-1.7438
-1.8839
-2.0082
-2.1145
-2.2013
-2.2674
-2.3122
-2.3349
-2.3348
-2.3106
-2.2611
-2.1847
-2.08
-1.9461
-1.7836
-1.5952
-1.3869
-1.1676
-0.94762
-0.73721
-0.54409
-0.37272
-0.22457
-0.098908
0.0062139
0.093233
0.16463
0.22268
0.26938
0.30641
0.33519
0.35686
0.37238
0.3825
0.38788
0.38901
0.38634
0.38019
0.37086
0.35858
0.34353
0.32587
0.30572
0.28318
0.25832
0.23119
0.20183
0.17027
0.13651
0.10054
0.062362
0.021936
-0.020772
-0.065807
-0.11322
-0.16308
-0.21545
-0.2704
-0.328
-0.38833
-0.45147
-0.51746
-0.58637
-0.65823
-0.73304
-0.81076
-0.89134
-0.97462
-1.0604
-1.1484
-1.2383
-1.3295
-1.4215
-1.5136
-1.6049
-1.6944
-1.7812
-1.8639
-1.9413
-2.0119
-2.074
-2.1257
-2.1647
-2.1883
-2.1929
-2.1742
-2.1263
-2.0418
-1.912
-1.7276
-1.4829
-1.1825
-0.84765
-0.51376
-0.21485
0.030458
0.21997
0.36073
0.46244
0.53411
0.58304
0.6148
0.63355
0.64236
0.6435
0.63869
0.62919
0.61597
0.59976
0.58115
0.56057
0.53838
0.51484
0.4902
0.46463
0.43827
0.41125
0.38367
0.35562
0.32717
0.29838
0.26931
0.24001
0.21051
0.18085
0.15108
0.12121
0.091292
0.061339
0.031383
0.0014509
-0.028431
-0.058236
-0.087936
-0.1175
-0.14691
-0.17611
-0.20509
-0.23379
-0.26218
-0.29021
-0.31783
-0.34496
-0.37154
-0.39748
-0.42267
-0.44701
-0.47034
-0.49248
-0.51322
-0.53229
-0.54935
-0.56399
-0.57566
-0.58368
-0.58716
-0.58494
-0.57547
-0.55672
-0.52598
-0.47961
-0.41277
-0.31917
-0.19101
-0.019608
0.20233
0.47585
0.78925
1.1159
1.4225
1.6836
1.8886
2.039
2.1419
2.2053
2.2368
2.2421
2.2262
2.1926
2.1442
2.0835
2.0127
1.9334
1.8474
1.7562
1.6613
1.5639
1.4652
1.3663
1.2682
1.1715
1.077
0.98513
0.89626
0.81066
0.72849
0.64982
0.57469
0.50306
0.43487
0.37003
0.30846
0.25003
0.19464
0.14217
0.092523
0.045602
0.0013163
-0.040412
-0.079652
-0.11646
-0.15087
-0.18293
-0.21264
-0.24001
-0.26503
-0.28765
-0.30785
-0.32553
-0.34061
-0.35296
-0.36243
-0.36883
-0.37191
-0.37139
-0.3669
-0.35802
-0.34419
-0.32479
-0.299
-0.26588
-0.22424
-0.17267
-0.10951
-0.032813
0.059604
0.17002
0.30053
0.45259
0.6263
0.81954
1.0273
1.2419
1.4537
1.6531
1.8325
1.9868
2.1135
2.2122
2.2835
2.3287
2.349
2.3454
2.3189
2.2698
2.1989
2.1066
1.994
1.8626
1.715
1.5546
1.386
1.2142
1.0443
0.88066
0.72684
0.58507
0.45649
0.3413
0.23907
0.14899
0.070032
0.001141
-0.058722
-0.11051
-0.15509
-0.19321
-0.2255
-0.25254
-0.27478
-0.29261
-0.30636
-0.3163
-0.32264
-0.32555
-0.32516
-0.32156
-0.31482
-0.30494
-0.29194
-0.27578
-0.2564
-0.2337
-0.20755
-0.1778
-0.14426
-0.10669
-0.064841
-0.018397
0.032984
0.089681
0.15211
0.2207
0.2959
0.37813
0.46777
0.56507
0.67014
0.78284
0.9027
1.0288
1.16
1.2943
1.4297
1.5637
1.6935
1.8166
1.9306
2.0331
2.1221
2.196
2.2531
2.2917
2.3101
2.3061
2.2772
2.2203
2.1319
2.0084
1.8472
1.6482
1.4159
1.1611
0.89984
0.64925
0.42289
0.22804
0.066175
-0.064982
-0.16939
-0.25135
-0.31481
-0.36318
-0.3992
-0.42511
-0.44268
-0.4533
-0.45809
-0.45793
-0.45354
-0.44548
-0.43422
-0.42014
-0.40355
-0.3847
-0.3638
-0.34104
-0.31656
-0.29048
-0.26292
-0.23397
-0.20369
-0.17217
-0.13945
-0.10558
-0.070611
-0.034575
0.0024944
0.040571
0.079632
0.11966
0.16062
0.20252
0.24534
0.28906
0.33367
0.37918
0.42556
0.47281
0.52092
0.56989
0.61971
0.67036
0.72185
0.77415
0.82726
0.88115
0.93581
0.99119
1.0473
1.104
1.1613
1.2192
1.2775
1.3361
1.3948
1.4536
1.5121
1.57
1.6271
1.6827
1.7363
1.787
1.8337
1.8751
1.9091
1.933
1.9432
1.9343
1.8988
1.8259
1.7003
1.5029
1.2158
0.83862
0.41071
0.0038093
-0.32572
-0.56436
-0.72588
-0.83031
-0.89468
-0.93138
-0.94897
-0.95328
-0.94827
-0.93664
-0.92028
-0.90051
-0.87825
-0.85417
-0.82874
-0.80232
-0.77515
-0.74744
-0.71933
-0.69092
-0.6623
-0.63353
-0.60467
-0.57574
-0.5468
-0.51785
-0.48894
-0.46006
-0.43124
-0.40249
-0.37383
-0.34526
-0.3168
-0.28845
-0.26023
-0.23214
-0.2042
-0.1764
-0.14878
-0.12132
-0.094048
-0.066971
-0.040102
-0.013454
0.012958
0.039119
0.065009
0.090609
0.1159
0.14085
0.16543
0.18961
0.21336
0.23663
0.25936
0.28151
0.30299
0.32374
0.34364
0.36258
0.38041
0.39697
0.41204
0.42534
0.43656
0.44527
0.45094
0.4529
0.45027
0.44192
0.42635
0.4016
0.36509
0.31337
0.24197
0.14512
0.015871
-0.15334
-0.3686
-0.63049
-0.92892
-1.2411
-1.538
-1.7956
-2.0021
-2.157
-2.2652
-2.3338
-2.3692
-2.3771
-2.3618
-2.3271
-2.2756
-2.2099
-2.1322
-2.0444
-1.9484
-1.8461
-1.7393
-1.6296
-1.5188
-1.4081
-1.2988
-1.192
-1.0884
-0.9887
-0.89323
-0.80226
-0.71588
-0.63408
-0.55679
-0.48388
-0.41517
-0.35047
-0.28959
-0.23234
-0.17851
-0.12794
-0.080456
-0.035913
0.0058245
0.044874
0.081336
0.1153
0.14682
0.17596
0.20276
0.22722
0.24936
0.26916
0.28658
0.30156
0.31401
0.32385
0.33091
0.33503
0.336
0.33354
0.32732
0.31695
0.30195
0.28171
0.25552
0.22251
0.18161
0.13155
0.070831
-0.0023169
-0.089871
-0.19395
-0.31658
-0.45937
-0.62287
-0.80587
-1.0047
-1.2131
-1.4225
-1.6238
-1.8087
-1.9713
-2.108
-2.2175
-2.2998
-2.3557
-2.3862
-2.3921
-2.3743
-2.3331
-2.2689
-2.1821
-2.0733
-1.9438
-1.7958
-1.6329
-1.4597
-1.2816
-1.1043
-0.93307
-0.77198
-0.62374
-0.48972
-0.37018
-0.26463
-0.17212
-0.09148
-0.021495
0.039012
0.091117
0.13578
0.17382
0.20597
0.23282
0.25489
0.2726
0.28631
0.2963
0.30282
0.30606
0.30617
0.30325
0.2974
0.28865
0.27703
0.26253
0.24512
0.22473
0.20127
0.17463
0.14466
0.11117
0.073957
0.032768
-0.012686
-0.062728
-0.11772
-0.17807
-0.2442
-0.31654
-0.39555
-0.48164
-0.57513
-0.67625
-0.78501
-0.90114
-1.024
-1.1526
-1.2854
-1.4205
-1.5555
-1.6879
-1.8149
-1.9341
-2.0428
-2.1391
-2.2209
-2.2864
-2.334
-2.3618
-2.3677
-2.3492
-2.3033
-2.2263
-2.1146
-1.9646
-1.775
-1.5488
-1.295
-1.0292
-0.76959
-0.53193
-0.32561
-0.15344
-0.013665
0.097703
0.18522
0.25317
0.30523
0.3444
0.3731
0.39323
0.4063
0.41351
0.41577
0.41386
0.40837
0.39978
0.38847
0.37479
0.35897
0.34125
0.32179
0.30076
0.27827
0.25443
0.22932
0.20303
0.17561
0.14712
0.1176
0.087094
0.055622
0.023213
-0.010116
-0.044348
-0.079477
-0.11549
-0.1524
-0.1902
-0.2289
-0.26852
-0.30906
-0.35056
-0.39304
-0.43653
-0.48108
-0.52673
-0.57354
-0.62158
-0.67093
-0.72169
-0.77396
-0.82788
-0.8836
-0.94131
-1.0012
-1.0636
-1.1286
-1.1968
-1.2685
-1.344
-1.4241
-1.5092
-1.6
-1.6972
-1.8014
-1.9134
-2.0335
-2.1619
-2.2984
-2.4423
-2.5918
-2.7445
-2.8973
-3.0463
-3.1873
-3.316
-3.4282
-3.52
-3.5875
-3.6267
-3.6332
-3.6013
-3.5244
-3.3945
-3.2048
-2.9532
-2.6494
-2.3189
-1.9965
-1.711
-1.4755
-1.2892
-1.1444
-1.0319
-0.94353
-0.87288
-0.81512
-0.76674
-0.72522
-0.68874
-0.65598
-0.62601
-0.59814
-0.57186
-0.5468
-0.5227
-0.49935
-0.4766
-0.45433
-0.43245
-0.41089
-0.3896
-0.36855
-0.3477
-0.32702
-0.3065
-0.28611
-0.26586
-0.24572
-0.2257
-0.20579
-0.18597
-0.16626
-0.14664
-0.12712
-0.1077
-0.08838
-0.069157
-0.050037
-0.031023
-0.012119
0.0066711
0.025341
0.043883
0.062291
0.080554
0.098663
0.1166
0.13436
0.15192
0.16926
0.18636
0.20319
0.21971
0.23589
0.25168
0.26702
0.28184
0.29606
0.30956
0.32222
0.33388
0.34431
0.35325
0.36037
0.36521
0.3672
0.36558
0.35933
0.3471
0.32707
0.29675
0.25279
0.19061
0.10413
-0.014536
-0.17474
-0.38562
-0.6517
-0.96549
-1.3023
-1.6262
-1.9059
-2.1264
-2.2876
-2.3966
-2.4625
-2.4934
-2.496
-2.4754
-2.4358
-2.3804
-2.3119
-2.2327
-2.1449
-2.0504
-1.9509
-1.8482
-1.7436
-1.6386
-1.5343
-1.4315
-1.3311
-1.2336
-1.1395
-1.049
-0.96222
-0.87926
-0.80009
-0.72461
-0.65273
-0.5843
-0.51917
-0.45718
-0.39819
-0.34203
-0.28858
-0.23769
-0.18925
-0.14315
-0.099288
-0.05758
-0.017951
0.019662
0.055309
0.08903
0.12086
0.1508
0.17887
0.20506
0.22935
0.2517
0.27206
0.29037
0.30653
0.32044
0.33194
0.34088
0.34704
0.35016
0.34993
0.34596
0.33778
0.32481
0.30636
0.28154
0.24929
0.20829
0.15695
0.093338
0.015178
-0.080114
-0.19529
-0.33293
-0.4948
-0.68091
-0.88841
-1.1108
-1.3382
-1.5591
-1.7627
-1.9414
-2.0906
-2.2091
-2.2974
-2.3572
-2.3901
-2.3978
-2.3818
-2.3431
-2.2826
-2.2012
-2.1
-1.9805
-1.8448
-1.696
-1.5378
-1.3746
-1.2108
-1.0506
-0.89758
-0.75428
-0.62222
-0.5021
-0.39389
-0.29713
-0.21107
-0.13482
-0.067486
-0.0081752
0.04392
0.089531
0.1293
0.16379
0.19347
0.21875
0.23998
0.25744
0.27136
0.28194
0.28933
0.29364
0.29495
0.29331
0.28874
0.28122
0.27072
0.25717
0.24047
0.22048
0.19704
0.16993
0.1389
0.10365
0.063837
0.019054
-0.031166
-0.087342
-0.15006
-0.21993
-0.29763
-0.3838
-0.47903
-0.58379
-0.6983
-0.82241
-0.95549
-1.0963
-1.2428
-1.3924
-1.542
-1.6881
-1.8271
-1.9559
-2.0717
-2.1722
-2.2555
-2.3202
-2.3648
-2.388
-2.3883
-2.3636
-2.3116
-2.2297
-2.1153
-1.9664
-1.7833
-1.5695
-1.3335
-1.088
-0.84751
-0.62463
-0.42736
-0.25883
-0.11845
-0.003545
0.089333
0.16366
0.22258
0.26874
0.30433
0.33114
0.3506
0.36385
0.37181
0.37523
0.3747
0.37071
0.36365
0.35385
0.34158
0.32704
0.31042
0.29187
0.27151
0.24945
0.22576
0.2005
0.17374
0.14552
0.11586
0.084785
0.052307
0.01843
-0.016851
-0.053548
-0.091679
-0.13127
-0.17236
-0.21499
-0.25921
-0.30507
-0.35266
-0.40204
-0.45331
-0.50656
-0.56191
-0.61947
-0.67938
-0.74179
-0.80685
-0.87473
-0.94559
-1.0196
-1.0969
-1.1778
-1.2622
-1.3503
-1.442
-1.5375
-1.6363
-1.7383
-1.8429
-1.9494
-2.0569
-2.1642
-2.27
-2.3726
-2.4701
-2.5607
-2.6418
-2.7111
-2.7655
-2.8016
-2.815
-2.8002
-2.75
-2.6551
-2.5045
-2.288
-2.002
-1.6605
-1.2992
-0.96221
-0.68007
-0.46068
-0.29723
-0.17798
-0.091752
-0.029577
0.015204
0.0474
0.070442
0.086777
0.098153
0.10583
0.11072
0.11348
0.11462
0.11449
0.11337
0.11146
0.10892
0.10588
0.10242
0.098616
0.09453
0.090206
0.085678
0.080976
0.076123
0.071138
0.066037
0.060831
0.055532
0.050148
0.044686
0.039151
0.033549
0.027882
0.022154
0.016367
0.010522
0.0046203
-0.0013374
-0.0073514
-0.013423
-0.019552
-0.025742
-0.031995
-0.038314
-0.044705
-0.051171
-0.057719
-0.064359
-0.071099
-0.077953
-0.084933
-0.09206
-0.099354
-0.10685
-0.11457
-0.12257
-0.1309
-0.13963
-0.14886
-0.1587
-0.16931
-0.18089
-0.1937
-0.20811
-0.2246
-0.24382
-0.26667
-0.29436
-0.3286
-0.37174
-0.42706
-0.49908
-0.59398
-0.71985
-0.88647
-1.1036
-1.3763
-1.697
-2.0396
-2.3662
-2.6446
-2.86
-3.0125
-3.1099
-3.1612
-3.1747
-3.1569
-3.113
-3.0473
-2.9634
-2.8645
-2.7538
-2.6343
-2.5088
-2.3802
-2.2509
-2.1229
-1.9979
-1.8772
-1.7616
-1.6515
-1.5471
-1.4484
-1.3551
-1.267
-1.1838
-1.105
-1.0303
-0.95939
-0.89189
-0.82752
-0.766
-0.7071
-0.65059
-0.5963
-0.54404
-0.49369
-0.4451
-0.39817
-0.35281
-0.30892
-0.26644
-0.2253
-0.18546
-0.14687
-0.1095
-0.073316
-0.038301
-0.0044404
0.028273
0.059841
0.090257
0.11951
0.14757
0.17443
0.20003
0.22433
0.24729
0.26881
0.28882
0.30722
0.32387
0.33862
0.3513
0.36168
0.36949
0.3744
0.37601
0.37382
0.36722
0.35543
0.33749
0.31221
0.27807
0.23317
0.17513
0.10106
0.0074712
-0.10953
-0.25389
-0.4287
-0.63462
-0.86796
-1.1192
-1.3739
-1.6158
-1.8314
-2.0128
-2.1571
-2.2654
-2.3403
-2.3851
-2.4027
-2.3957
-2.3664
-2.3164
-2.2475
-2.1611
-2.0589
-1.9431
-1.8159
-1.68
-1.5386
-1.3948
-1.2515
-1.1116
-0.97716
-0.84987
-0.73077
-0.62037
-0.5188
-0.42585
-0.34114
-0.26417
-0.19439
-0.13122
-0.074122
-0.02259
0.023841
0.065582
0.103
0.1364
0.16607
0.19223
0.21508
0.23476
0.25141
0.26512
0.27595
0.28393
0.28909
0.2914
0.29081
0.28724
0.28059
0.2707
0.25738
0.24042
0.21951
0.19432
0.16444
0.12938
0.088555
0.041298
-0.013173
-0.075745
-0.14741
-0.22922
-0.32228
-0.42759
-0.54595
-0.67772
-0.82257
-0.97917
-1.145
-1.3165
-1.4888
-1.6568
-1.8154
-1.9603
-2.0881
-2.1964
-2.2837
-2.3491
-2.3919
-2.4116
-2.4074
-2.3783
-2.3232
-2.2407
-2.1297
-1.9897
-1.822
-1.6302
-1.4209
-1.2033
-0.9875
-0.78292
-0.59628
-0.43118
-0.28849
-0.16722
-0.065353
0.019482
0.089646
0.14729
0.1943
0.23225
0.26245
0.286
0.30378
0.31653
0.32483
0.32918
0.32998
0.32755
0.32216
0.31403
0.30334
0.29023
0.27481
0.25717
0.23737
0.21547
0.19148
0.16542
0.13728
0.10705
0.074688
0.040146
0.003362
-0.035741
-0.077258
-0.12129
-0.16797
-0.21744
-0.26984
-0.32535
-0.38416
-0.44645
-0.51244
-0.58233
-0.65631
-0.73458
-0.81728
-0.9045
-0.99628
-1.0925
-1.193
-1.2973
-1.4049
-1.515
-1.6265
-1.7382
-1.8486
-1.956
-2.0587
-2.1549
-2.2425
-2.3196
-2.3839
-2.4331
-2.4645
-2.4748
-2.46
-2.415
-2.3336
-2.2082
-2.0319
-1.8006
-1.5191
-1.2052
-0.88836
-0.5981
-0.35269
-0.1567
-0.0057718
0.10789
0.19221
0.25395
0.29844
0.32974
0.35093
0.36428
0.37151
0.37392
0.3725
0.36799
0.36097
0.3519
0.34113
0.32893
0.31554
0.30112
0.28582
0.26976
0.25303
0.23572
0.21789
0.1996
0.18088
0.16178
0.14234
0.12257
0.10251
0.082175
0.061579
0.040737
0.019664
-0.0016326
-0.023143
-0.04486
-0.06678
-0.088898
-0.11121
-0.13372
-0.15643
-0.17934
-0.20245
-0.22577
-0.24931
-0.27308
-0.2971
-0.32138
-0.34596
-0.37085
-0.39611
-0.42177
-0.44789
-0.47456
-0.50187
-0.52994
-0.55892
-0.58902
-0.6205
-0.65371
-0.68907
-0.7272
-0.76886
-0.8151
-0.86731
-0.92734
-0.99766
-1.0815
-1.183
-1.3074
-1.4605
-1.6479
-1.8729
-2.1329
-2.4164
-2.7032
-2.97
-3.1985
-3.3793
-3.5105
-3.595
-3.6367
-3.6399
-3.6079
-3.5438
-3.4501
-3.33
-3.1869
-3.0257
-2.8519
-2.6718
-2.4917
-2.3167
-2.151
-1.997
-1.8557
-1.727
-1.6101
-1.5041
-1.4076
-1.3194
-1.2383
-1.1633
-1.0934
-1.028
-0.96632
-0.90793
-0.85234
-0.7992
-0.74821
-0.6991
-0.65167
-0.60574
-0.56118
-0.51786
-0.47569
-0.43458
-0.39445
-0.35526
-0.31695
-0.27949
-0.24285
-0.20699
-0.1719
-0.13756
-0.10397
-0.071124
-0.039014
-0.0076451
0.022973
0.05283
0.081907
0.11018
0.13763
0.16422
0.18991
0.21466
0.23839
0.26106
0.28257
0.30284
0.32175
0.33916
0.35492
0.36881
0.38062
0.39005
0.39673
0.40023
0.40001
0.39536
0.38544
0.36913
0.34505
0.31139
0.2659
0.20566
0.12708
0.025807
-0.10309
-0.26445
-0.46162
-0.69401
-0.95442
-1.228
-1.4951
-1.7374
-1.9429
-2.1069
-2.2302
-2.3163
-2.3694
-2.3937
-2.3925
-2.3689
-2.3252
-2.2633
-2.1853
-2.0929
-1.9881
-1.8731
-1.7501
-1.6217
-1.4903
-1.3585
-1.2283
-1.1017
-0.9802
-0.86477
-0.75611
-0.65453
-0.5601
-0.47266
-0.39195
-0.31761
-0.24925
-0.18646
-0.12885
-0.076037
-0.027681
0.016532
0.056884
0.093618
0.12695
0.15706
0.18409
0.20818
0.22943
0.24789
0.26362
0.27665
0.28697
0.29454
0.29933
0.30123
0.30014
0.29589
0.2883
0.27713
0.26207
0.24277
0.21879
0.18961
0.1546
0.11301
0.063983
0.0064816
-0.060658
-0.13874
-0.22916
-0.3333
-0.45238
-0.58717
-0.73768
-0.90268
-1.0794
-1.2635
-1.4492
-1.6301
-1.8
-1.9538
-2.0877
-2.1995
-2.288
-2.3528
-2.3938
-2.4109
-2.4039
-2.3724
-2.3158
-2.2335
-2.1249
-1.9904
-1.8316
-1.6519
-1.4571
-1.2546
-1.0529
-0.8595
-0.68042
-0.51916
-0.37709
-0.25392
-0.14837
-0.05866
0.017106
0.080749
0.13391
0.17803
0.21431
0.24379
0.26731
0.28557
0.29917
0.30858
0.31419
0.31634
0.31528
0.31122
0.30435
0.2948
0.28267
0.26804
0.25096
0.23145
0.20954
0.1852
0.1584
0.1291
0.097218
0.062671
0.025348
-0.01488
-0.058166
-0.10468
-0.15462
-0.2082
-0.26566
-0.32724
-0.39322
-0.46387
-0.53943
-0.62017
-0.70626
-0.79783
-0.89488
-0.99729
-1.1047
-1.2166
-1.3321
-1.4501
-1.5693
-1.6879
-1.8042
-1.9162
-2.0217
-2.1189
-2.2057
-2.2801
-2.3399
-2.3832
-2.4072
-2.4091
-2.3852
-2.331
-2.2411
-2.1095
-1.9312
-1.7045
-1.4356
-1.1411
-0.84546
-0.57275
-0.33839
-0.14716
0.0035734
0.11975
0.2079
0.27389
0.32252
0.35756
0.38193
0.39786
0.40704
0.41081
0.41016
0.40589
0.39861
0.38882
0.37689
0.36314
0.34782
0.33114
0.31327
0.29433
0.27446
0.25373
0.23224
0.21005
0.18721
0.16379
0.13982
0.11533
0.090354
0.064924
0.039058
0.012776
-0.013907
-0.040977
-0.068424
-0.096239
-0.12442
-0.15295
-0.18185
-0.2111
-0.24072
-0.2707
-0.30106
-0.33182
-0.36298
-0.39457
-0.42662
-0.45917
-0.49225
-0.52593
-0.56026
-0.59534
-0.63127
-0.66818
-0.70625
-0.74568
-0.78675
-0.8298
-0.87527
-0.92375
-0.97596
-1.0329
-1.0957
-1.166
-1.2459
-1.338
-1.4452
-1.5713
-1.7201
-1.8948
-2.0972
-2.3249
-2.5707
-2.8218
-3.0627
-3.2788
-3.4599
-3.6009
-3.7006
-3.7596
-3.7795
-3.7615
-3.7066
-3.6157
-3.49
-3.3322
-3.147
-2.9418
-2.7262
-2.5106
-2.3042
-2.1133
-1.9413
-1.7889
-1.6548
-1.5372
-1.4335
-1.3415
-1.2592
-1.1848
-1.1168
-1.0542
-0.99585
-0.94111
-0.88934
-0.84005
-0.79287
-0.74748
-0.70362
-0.66111
-0.61977
-0.57948
-0.54013
-0.50163
-0.46391
-0.42692
-0.39061
-0.35494
-0.31987
-0.28539
-0.25148
-0.21811
-0.18529
-0.153
-0.12124
-0.090016
-0.059325
-0.029176
0.00042263
0.029457
0.057912
0.085767
0.113
0.13958
0.16547
0.19063
0.21503
0.23859
0.26126
0.28296
0.30361
0.32308
0.34126
0.35799
0.37309
0.38633
0.39743
0.40605
0.41178
0.41408
0.41229
0.40558
0.39287
0.37279
0.34356
0.3029
0.24786
0.17471
0.078821
-0.045222
-0.20308
-0.39924
-0.63436
-0.90188
-1.1862
-1.4656
-1.7191
-1.9329
-2.1021
-2.2281
-2.3149
-2.3678
-2.3913
-2.3893
-2.3652
-2.3216
-2.2606
-2.1844
-2.0949
-1.9941
-1.884
-1.7667
-1.6447
-1.5199
-1.3947
-1.2707
-1.1498
-1.0332
-0.92171
-0.8161
-0.71666
-0.62351
-0.53658
-0.4557
-0.38059
-0.31095
-0.24645
-0.18677
-0.13158
-0.080583
-0.033514
0.0098794
0.049816
0.086489
0.12007
0.15068
0.17847
0.2035
0.22586
0.24558
0.26271
0.27723
0.28913
0.29837
0.30487
0.30852
0.3092
0.30673
0.30089
0.29142
0.278
0.26021
0.23759
0.20955
0.17539
0.13428
0.085236
0.027095
-0.041479
-0.12198
-0.21602
-0.32517
-0.45081
-0.59372
-0.75369
-0.92897
-1.1159
-1.309
-1.5014
-1.6858
-1.8558
-2.0064
-2.1345
-2.2384
-2.3175
-2.372
-2.4021
-2.4081
-2.3899
-2.3475
-2.2803
-2.1883
-2.0715
-1.9309
-1.7689
-1.5896
-1.3989
-1.204
-1.0121
-0.82964
-0.66127
-0.50962
-0.37555
-0.25866
-0.15776
-0.071275
0.002431
0.064949
0.11772
0.16199
0.19886
0.22922
0.25385
0.27339
0.28836
0.2992
0.30627
0.30986
0.31023
0.30755
0.30199
0.29367
0.28266
0.26903
0.25281
0.23402
0.21263
0.18862
0.16194
0.13249
0.10018
0.064882
0.026452
-0.015286
-0.060532
-0.10951
-0.16248
-0.21971
-0.28151
-0.34818
-0.42006
-0.49744
-0.58061
-0.6698
-0.76513
-0.86661
-0.97402
-1.0869
-1.2046
-1.326
-1.4497
-1.5741
-1.6971
-1.8167
-1.9306
-2.0367
-2.1328
-2.217
-2.2872
-2.3416
-2.3779
-2.3937
-2.3862
-2.3518
-2.2861
-2.1843
-2.0411
-1.8531
-1.621
-1.3533
-1.0673
-0.78574
-0.52886
-0.30871
-0.12844
0.014721
0.12613
0.21158
0.27625
0.32444
0.35958
0.38434
0.40078
0.41049
0.41473
0.41445
0.41042
0.40324
0.39338
0.38123
0.3671
0.35125
0.33387
0.31513
0.29519
0.27416
0.25213
0.22919
0.20541
0.18086
0.15558
0.12961
0.103
0.075769
0.047951
0.019568
-0.0093627
-0.038826
-0.068809
-0.099304
-0.1303
-0.16181
-0.19381
-0.22632
-0.25935
-0.29289
-0.32698
-0.36161
-0.39683
-0.43266
-0.46913
-0.5063
-0.54422
-0.58296
-0.62261
-0.66328
-0.70509
-0.74822
-0.79286
-0.83927
-0.88777
-0.93875
-0.99272
-1.0503
-1.1123
-1.1797
-1.2538
-1.3361
-1.4285
-1.5331
-1.6525
-1.7893
-1.9456
-2.1226
-2.3195
-2.5324
-2.754
-2.9742
-3.1818
-3.3669
-3.5223
-3.6437
-3.729
-3.7774
-3.7884
-3.7612
-3.695
-3.5886
-3.4421
-3.2574
-3.0406
-2.8023
-2.5565
-2.3177
-2.0973
-1.9014
-1.7316
-1.5864
-1.4626
-1.3567
-1.2652
-1.1852
-1.1145
-1.051
-0.99327
-0.94012
-0.89064
-0.84413
-0.80002
-0.75789
-0.71741
-0.6783
-0.64037
-0.60344
-0.56739
-0.5321
-0.4975
-0.46352
-0.4301
-0.3972
-0.36479
-0.33283
-0.3013
-0.2702
-0.23949
-0.20918
-0.17926
-0.14972
-0.12057
-0.091808
-0.063434
-0.035456
-0.0078855
0.019268
0.045989
0.07226
0.098062
0.12337
0.14815
0.17238
0.19602
0.21901
0.24132
0.26286
0.28358
0.30338
0.32216
0.3398
0.35614
0.37099
0.38415
0.39533
0.40418
0.4103
0.41313
0.41201
0.40606
0.39417
0.3749
0.34635
0.30609
0.25092
0.17674
0.07844
-0.050055
-0.21509
-0.42159
-0.66978
-0.95119
-1.247
-1.5325
-1.7857
-1.9942
-2.1549
-2.271
-2.3479
-2.3912
-2.406
-2.3963
-2.3656
-2.3165
-2.2514
-2.1723
-2.0814
-1.9805
-1.8718
-1.7573
-1.6391
-1.519
-1.3991
-1.2808
-1.1654
-1.0542
-0.9477
-0.84652
-0.75088
-0.66088
-0.57645
-0.49743
-0.42361
-0.35473
-0.2905
-0.23065
-0.17491
-0.12302
-0.074756
-0.029894
0.011754
0.050357
0.086062
0.11899
0.14925
0.17693
0.20208
0.22475
0.24497
0.26273
0.27803
0.29081
0.30102
0.30856
0.31332
0.31514
0.31382
0.30912
0.30075
0.28835
0.27146
0.24957
0.22201
0.18802
0.14664
0.096772
0.037083
-0.033954
-0.11805
-0.21705
-0.33274
-0.46659
-0.6193
-0.79025
-0.97687
-1.1743
-1.3757
-1.573
-1.7583
-1.9254
-2.0697
-2.189
-2.2824
-2.35
-2.3923
-2.41
-2.4036
-2.3731
-2.3187
-2.2403
-2.1381
-2.0128
-1.8663
-1.7015
-1.523
-1.3369
-1.1498
-0.96779
-0.79618
-0.63845
-0.49643
-0.37056
-0.26028
-0.16448
-0.081763
-0.010678
0.050156
0.10199
0.14593
0.18293
0.21379
0.2392
0.25972
0.27582
0.28791
0.2963
0.30126
0.30301
0.30171
0.2975
0.29049
0.28072
0.26826
0.25311
0.23527
0.21469
0.19133
0.16509
0.13588
0.10355
0.067943
0.028867
-0.013902
-0.060617
-0.11157
-0.16707
-0.22748
-0.29316
-0.36449
-0.44188
-0.52567
-0.61616
-0.71355
-0.81789
-0.92898
-1.0464
-1.1692
-1.2963
-1.4261
-1.5565
-1.6854
-1.8102
-1.9286
-2.0382
-2.1367
-2.2222
-2.2926
-2.3462
-2.381
-2.3947
-2.3847
-2.3478
-2.28
-2.177
-2.0345
-1.8498
-1.6243
-1.3661
-1.0909
-0.81911
-0.56903
-0.35213
-0.1721
-0.027087
0.087383
0.17646
0.24495
0.29689
0.33559
0.36364
0.38309
0.39553
0.4022
0.40409
0.40196
0.39642
0.38799
0.37704
0.36389
0.34882
0.33204
0.31372
0.29402
0.27305
0.25091
0.22771
0.20351
0.17837
0.15234
0.12547
0.097795
0.069347
0.040151
0.010225
-0.020414
-0.051754
-0.083789
-0.11652
-0.14993
-0.18405
-0.21887
-0.25441
-0.29069
-0.32773
-0.36556
-0.40422
-0.44375
-0.48422
-0.52568
-0.56822
-0.61194
-0.65696
-0.70341
-0.75147
-0.80134
-0.85329
-0.90761
-0.96469
-1.025
-1.089
-1.1575
-1.2312
-1.3112
-1.3984
-1.4943
-1.6003
-1.7177
-1.8481
-1.9922
-2.1504
-2.3217
-2.5035
-2.6912
-2.8789
-3.0596
-3.2263
-3.373
-3.4949
-3.5885
-3.651
-3.6802
-3.6734
-3.6275
-3.5392
-3.4048
-3.2228
-2.9959
-2.734
-2.4549
-2.1798
-1.9273
-1.7076
-1.5232
-1.3711
-1.2464
-1.1436
-1.0579
-0.98542
-0.92306
-0.86846
-0.8198
-0.77574
-0.73526
-0.69758
-0.66211
-0.62841
-0.59614
-0.56503
-0.53489
-0.50554
-0.47688
-0.44879
-0.42121
-0.39407
-0.36733
-0.34093
-0.31486
-0.28908
-0.26359
-0.23835
-0.21336
-0.18862
-0.16411
-0.13983
-0.11578
-0.091957
-0.068363
-0.045001
-0.021876
0.0010049
0.023635
0.046003
0.068097
0.089902
0.1114
0.13258
0.1534
0.17385
0.19389
0.21348
0.23258
0.25113
0.26906
0.28632
0.30279
0.31837
0.33292
0.34628
0.35824
0.36853
0.37684
0.38275
0.38575
0.38514
0.38008
0.3694
0.35161
0.32472
0.28608
0.2322
0.15847
0.059004
-0.073357
-0.2463
-0.4659
-0.7323
-1.0344
-1.3484
-1.6446
-1.8993
-2.1019
-2.2523
-2.3559
-2.4199
-2.4509
-2.4543
-2.4346
-2.3953
-2.3392
-2.2689
-2.1866
-2.0943
-1.9941
-1.8878
-1.7774
-1.6647
-1.5512
-1.4385
-1.3278
-1.22
-1.1159
-1.016
-0.92074
-0.83018
-0.74438
-0.66328
-0.58675
-0.51461
-0.44665
-0.38265
-0.32241
-0.26569
-0.21231
-0.16207
-0.1148
-0.07035
-0.028574
0.010647
0.047417
0.081824
0.11394
0.14382
0.17151
0.19704
0.22041
0.24161
0.26062
0.27741
0.2919
0.30401
0.31362
0.3206
0.32476
0.32588
0.3237
0.31788
0.30801
0.29361
0.27407
0.24865
0.21647
0.17643
0.12723
0.067289
-0.0052193
-0.092392
-0.19648
-0.31971
-0.46385
-0.6296
-0.81581
-1.0187
-1.2315
-1.4451
-1.65
-1.8374
-2.0012
-2.138
-2.2465
-2.3271
-2.3808
-2.4087
-2.4119
-2.3912
-2.3472
-2.2804
-2.1912
-2.0805
-1.9499
-1.8017
-1.6395
-1.4679
-1.2923
-1.118
-0.95008
-0.79219
-0.64681
-0.51518
-0.39751
-0.29329
-0.20161
-0.12138
-0.051424
0.0093725
0.062035
0.10748
0.1465
0.17978
0.2079
0.23136
0.25057
0.26587
0.27755
0.28584
0.29092
0.29294
0.29201
0.28821
0.28159
0.27216
0.25991
0.24482
0.22682
0.20581
0.18168
0.15428
0.12341
0.088862
0.050373
0.0076377
-0.039689
-0.091999
-0.14973
-0.21336
-0.2834
-0.36037
-0.44479
-0.53712
-0.63769
-0.74667
-0.86394
-0.98899
-1.1208
-1.258
-1.3983
-1.5393
-1.6782
-1.812
-1.9376
-2.0526
-2.1544
-2.2411
-2.3109
-2.3622
-2.3933
-2.4023
-2.3869
-2.3444
-2.2717
-2.1652
-2.0219
-1.8406
-1.6236
-1.3788
-1.1201
-0.86435
-0.627
-0.41805
-0.24133
-0.096046
0.021121
0.11435
0.18773
0.24487
0.28878
0.32188
0.34613
0.36306
0.3739
0.37961
0.38097
0.37859
0.37299
0.36456
0.35363
0.34047
0.32531
0.30833
0.28967
0.26948
0.24784
0.22486
0.2006
0.17512
0.14847
0.12069
0.091811
0.061858
0.030846
-0.0012156
-0.034322
-0.068476
-0.10369
-0.13997
-0.17734
-0.21583
-0.25547
-0.2963
-0.33838
-0.38177
-0.42653
-0.47275
-0.52052
-0.56997
-0.62121
-0.67441
-0.72972
-0.78737
-0.84758
-0.91062
-0.97679
-1.0464
-1.1199
-1.1977
-1.2803
-1.3681
-1.4616
-1.5614
-1.6677
-1.7808
-1.9007
-2.0272
-2.1593
-2.2959
-2.4351
-2.5744
-2.711
-2.8416
-2.9628
-3.0712
-3.1635
-3.2362
-3.2857
-3.3081
-3.2986
-3.251
-3.1582
-3.0119
-2.8054
-2.5385
-2.2242
-1.8914
-1.575
-1.3011
-1.079
-0.90562
-0.7725
-0.67045
-0.59162
-0.52989
-0.4807
-0.44072
-0.40753
-0.37939
-0.35503
-0.33353
-0.3142
-0.29655
-0.2802
-0.26486
-0.25034
-0.23646
-0.2231
-0.21017
-0.19759
-0.18531
-0.17327
-0.16144
-0.1498
-0.13831
-0.12696
-0.11573
-0.10462
-0.093607
-0.082686
-0.071851
-0.061097
-0.050419
-0.039815
-0.029282
-0.018818
-0.008422
0.0019054
0.012164
0.022353
0.032471
0.042515
0.052481
0.062366
0.072164
0.08187
0.091475
0.10097
0.11034
0.11958
0.12867
0.13759
0.14632
0.15482
0.16305
0.17098
0.17855
0.18568
0.19228
0.19824
0.20341
0.20759
0.21053
0.21189
0.21123
0.20795
0.20125
0.19002
0.17275
0.14735
0.1109
0.059341
-0.01295
-0.11362
-0.25256
-0.44121
-0.68934
-0.9975
-1.3473
-1.7005
-2.0156
-2.2677
-2.4523
-2.5767
-2.6516
-2.6872
-2.6915
-2.6708
-2.6298
-2.5724
-2.5017
-2.4203
-2.3306
-2.2346
-2.1342
-2.031
-1.9265
-1.8219
-1.7184
-1.6167
-1.5175
-1.4212
-1.3282
-1.2387
-1.1527
-1.0703
-0.99127
-0.91565
-0.84327
-0.77399
-0.70766
-0.64412
-0.58322
-0.52483
-0.46881
-0.41503
-0.36339
-0.31378
-0.26611
-0.22029
-0.17626
-0.13395
-0.093302
-0.054278
-0.016838
0.019044
0.05339
0.08621
0.11751
0.14727
0.1755
0.20215
0.22719
0.25058
0.27224
0.29211
0.31007
0.32601
0.33978
0.3512
0.36005
0.36606
0.36892
0.36822
0.36347
0.35409
0.33932
0.31826
0.28976
0.2524
0.20444
0.14374
0.06771
-0.026651
-0.14264
-0.28345
-0.45145
-0.64696
-0.86673
-1.103
-1.3437
-1.5752
-1.7855
-1.9664
-2.1141
-2.2284
-2.3108
-2.3636
-2.3894
-2.3902
-2.3679
-2.3238
-2.2593
-2.1756
-2.0741
-1.9567
-1.8256
-1.6837
-1.5344
-1.3813
-1.2283
-1.0785
-0.93502
-0.79972
-0.67398
-0.55841
-0.45311
-0.35779
-0.27191
