1.2699e-06
-4.0866e-06
1.8127e-05
-3.1564e-05
4.5169e-05
-6.0321e-05
7.9433e-05
-0.00012994
0.0013731
-0.0022801
-0.00086397
-0.00071913
-0.0048775
-0.0056479
0.0020171
-8.3693e-05
0.0013695
0.0054395
0.0024698
-0.0044633
-0.0056358
0.0027017
0.00066543
-0.0056609
-0.0025993
0.0090239
0.0064444
-0.0046437
0.005961
-0.00475
-0.0020324
-0.0025242
0.0035715
0.0047005
-0.0076338
0.0010521
0.0056068
-0.018201
-0.0019874
-0.0042908
0.0024332
-0.021054
-0.017699
0.014234
0.0039296
-0.0081201
0.0079792
-0.00052766
0.021587
0.0055207
-0.00095336
-0.014185
0.014983
0.0026152
0.0040314
0.0078148
0.02398
0.0054237
-0.014691
-0.0027642
-0.0046876
0.0064726
0.0093564
0.0048228
-0.0041847
-0.0061497
-0.0095766
0.0053575
-0.0048346
0.016766
-0.0025188
-0.005216
-0.0089546
-0.0042198
-0.0035668
0.014717
-0.0014637
0.0013992
-0.0039368
0.0080272
-0.018029
0.010942
-0.0043303
0.021148
-0.0047001
-0.0015171
-0.00802
0.0022927
-0.02052
-0.028048
0.0032862
0.021714
0.034937
-0.0035432
0.0015594
-0.025354
-0.0068385
0.032462
0.013886
0.0044822
0.014651
-0.0018809
-0.0085845
-0.020411
0.0084527
0.005738
0.0076627
-0.0081045
-0.018838
-0.0083623
0.010721
-0.0044831
-0.0038137
-0.0051112
0.0016623
0.0036703
-0.015123
-0.0036919
-0.001007
0.0087382
-0.010052
-0.0019542
-0.0065589
0.013019
0.014914
0.0072898
0.00056282
0.013768
-0.019874
0.0053865
-0.0013722
0.010109
0.0051037
-0.0030512
-0.0048797
-0.017243
-0.0037576
-0.0014491
0.017505
-0.0038367
-0.00022119
0.0089691
-0.0086313
-0.0061922
-0.010106
0.0091772
0.011725
0.0018729
-0.0060323
-0.011799
-0.013809
-0.0024979
9.2148e-05
0.015834
-0.0086089
-0.0024284
0.0025403
0.0017157
0.010432
-0.012108
0.0070207
0.028873
-0.0055669
0.0023464
-0.0087855
-0.0030988
-0.030688
0.0023317
-0.0041904
0.012278
0.0083832
0.017519
-0.038235
-0.0011406
-0.018328
0.028608
0.022624
0.012151
0.014535
-0.019551
-0.018104
0.012103
-0.015691
0.061565
-0.0098268
0.011717
-0.093626
0.040791
-0.012108
0.017984
-0.034406
0.038404
-0.051411
0.046874
0.017263
-0.0080599
-0.053267
0.044894
-0.010989
0.034991
-0.035987
0.02465
0.0057618
-0.028606
0.022851
-0.0098742
0.0022288
0.0088311
-0.03695
-0.016375
-0.03319
0.0069315
0.021935
0.070754
-0.098785
0.059585
-0.033433
-0.034086
0.062856
-0.049893
0.00358
0.01582
0.0050813
0.0015353
-0.0096168
-0.0068973
0.057908
-0.028905
0.0090065
-0.0030348
-0.010175
0.056992
0.010504
-0.064565
0.028964
0.013915
-0.048215
0.04909
-0.019232
0.025577
-0.035271
0.0089789
-0.034316
-0.02791
0.017761
0.049704
-0.0028332
0.0012685
0.013415
-0.072891
0.034218
-0.027842
0.019
0.07223
-0.070987
0.047245
-0.067715
-0.015973
0.051043
-0.02169
0.025831
0.015382
-0.075104
0.074191
-0.086712
0.039311
0.018669
-0.0026159
-0.048211
0.029744
0.013145
-0.0059272
-0.016234
0.06536
-0.0065155
-0.0508
0.030093
-0.023826
0.027536
0.029288
-0.026393
0.019858
-0.016013
-0.014558
0.010927
-0.04643
0.040986
0.016758
0.021443
-0.016304
-0.010165
-0.04767
-0.0027777
0.042107
-0.0091042
0.061137
-0.031397
0.061673
-0.088616
-0.15129
0.12621
-0.0071728
0.072968
0.024391
-0.046369
-0.067174
0.029279
0.041457
0.080142
-0.019829
-0.10299
-0.028979
0.043656
0.076418
0.070005
-0.029452
-0.26805
-0.018833
0.18554
0.060627
0.18292
-0.043916
-0.1939
-0.061878
-0.011239
-0.018184
0.31142
-0.10642
-0.060098
-0.028606
0.019868
-0.070935
-0.013595
0.056872
-0.064433
0.091597
0.064265
-0.08554
0.12738
-0.046244
-0.17832
-0.057211
0.028464
0.04457
0.23049
-0.014839
-0.11613
-0.07992
-0.001864
-0.042935
0.091564
0.064547
-0.02832
-0.075758
0.002766
-0.021394
0.081688
0.089375
-0.11281
-0.029769
-0.047973
-0.038853
0.083502
0.040007
-0.10737
-0.026982
0.049414
-0.086804
0.013923
0.067315
-0.010271
0.041362
-0.063357
-0.041269
0.13245
0.034534
0.030695
0.027896
-0.063298
0.00016483
0.019445
0.038407
0.018621
0.04137
-0.032579
-0.087769
-0.010642
0.043182
0.022619
-0.046341
-0.011435
-0.041712
0.020748
0.049442
-0.045685
-0.050612
-0.011016
-0.01087
0.063929
-0.031645
0.01451
0.0047791
-0.042045
-0.00063716
-0.025391
0.041789
0.099133
-0.038698
0.028339
0.01817
-0.054173
-0.014087
0.051348
-0.017499
0.040197
0.0045925
-0.010835
-0.028647
0.038001
-0.0034175
-0.027203
-0.01832
0.02672
-0.038832
0.034555
-0.021996
-0.062576
0.028481
0.019145
-0.036772
-0.0057641
0.025635
0.0019096
-0.003961
-0.018836
-0.0025424
0.035427
0.057261
-0.019789
-0.031417
0.013322
-0.015904
0.030737
-0.019231
0.027396
0.020817
0.027802
-0.029164
-0.024261
0.010815
0.012707
0.016777
0.00096522
-0.028704
-0.05318
0.037268
0.020238
-0.01383
0.0042811
-0.019417
-0.023299
-0.0056079
0.0043715
-0.00047354
-0.019027
0.019846
-0.043033
0.0046945
0.00097663
0.038743
-0.039095
0.011654
-0.037661
0.0068704
0.025895
0.051785
-0.0036873
0.027464
-0.023972
-0.030042
0.0053375
0.02408
0.0088229
0.023393
-0.020726
0.01049
-0.0042604
-0.020772
-0.019857
0.027705
-0.01855
0.027952
-0.013701
-0.019766
-0.0054193
-0.024293
-0.0048473
0.01132
0.019762
0.034399
-0.035855
-0.036735
0.00052075
0.0078888
0.038983
-0.0026675
0.018972
-0.0054223
-0.010648
-0.026096
0.013409
0.00049029
0.015715
0.045715
-0.012603
-0.025482
-0.012385
-0.029813
0.024682
0.011767
-0.016381
0.0059788
-0.0062571
-0.0059024
-0.014829
-0.0088083
0.0055319
-0.0090249
-0.0034808
0.026012
-0.018913
-0.0065915
0.015122
-0.0016417
0.0084318
0.023609
0.0032915
0.0044076
-0.017886
0.020729
0.0087523
0.00059066
0.01437
-0.030587
0.0078005
0.013288
-0.000256
-0.0080383
0.023508
-0.02585
0.0051463
0.0071427
-0.021713
-0.0016441
0.029405
-0.018305
-0.0074363
-0.0023005
-0.023407
0.030046
0.015767
-0.015582
-0.0015198
0.00075224
-0.0073859
0.0025426
0.003822
4.169e-05
0.012412
-0.020883
-0.011783
0.0063794
0.012029
0.0091341
-0.0095116
0.0074498
-0.00039083
-0.015205
0.019899
-0.026663
0.0085789
0.023778
-0.0069705
0.013999
-0.0061977
-0.016834
0.0024137
0.010573
0.0018281
0.014208
-0.008422
0.0017677
-0.0040881
-0.012519
-9.0934e-05
-0.0028475
0.010306
-0.0020045
-0.0057513
-0.0036887
-0.0035927
-0.0039459
0.017488
-0.013184
-0.0086955
0.011279
-0.014155
0.0024048
0.010207
-0.0092179
0.0049304
0.0030172
-0.020766
0.011803
0.010963
0.018812
-0.012244
-0.008733
-0.01161
0.0040547
0.01047
0.0028937
0.0044566
0.012857
0.0038579
-0.02562
0.00084135
0.00088091
0.012064
0.0097482
0.0019568
-0.01919
8.0558e-05
-0.012207
-0.0014513
0.011759
0.026583
0.0053811
-0.036717
-0.026843
0.022121
0.011397
-0.0042204
0.015391
0.0034222
-0.0012773
0.0046296
0.0049275
-0.0038048
-0.0181
0.023094
0.0081407
-0.01508
-0.021651
-0.013966
0.0078465
0.0087777
-0.004912
-0.013182
0.024455
-0.014827
0.015595
-0.0069358
0.0067029
-0.013856
0.0057112
0.0086313
-0.0065238
0.0047509
-0.0013542
0.007773
-0.013238
0.0087129
-0.0040207
-0.0019992
0.012838
-0.0011857
0.0082371
-0.013548
-0.0065155
0.014931
-0.00097742
-0.00075553
0.0090698
0.011376
0.0022037
-0.011599
-0.010672
-0.0032634
0.012743
-0.0014642
-0.0045371
-0.0042317
0.012782
-0.0072433
-0.001076
-0.0013422
0.0029551
0.0050515
-0.0078064
-0.00097561
-0.0076694
-0.0026501
0.0051247
-0.0039457
-0.00048552
7.9e-05
0.00074796
0.002499
0.0047642
-0.0029668
0.0035358
-0.0086401
-0.0027243
0.0040989
-0.0060232
-0.00080791
0.0053232
-0.0085469
0.0034193
0.0013397
-0.0057692
0.0068513
0.0073092
-0.0064939
0.0034138
-0.008111
0.0066976
-0.0029468
0.0034279
0.0062224
0.001374
-0.00414
-0.0070443
0.0072593
-0.0013004
-0.0070081
0.0026989
-0.0014757
0.0064547
-0.0045328
-0.0030014
0.0082161
0.0017397
-0.0051323
-0.0022918
-0.00055051
-0.0027165
0.010709
0.0021176
-0.0085478
0.0016988
-0.0032557
-0.0061631
0.0086447
-0.0012808
-0.00038566
0.0063323
-0.0067176
-0.0078633
0.0021006
0.0041745
0.0038574
0.00079296
-0.00695
-0.009291
-0.00032689
0.0076848
0.0010358
0.0060544
-0.0013852
-0.011274
0.0039067
-0.0042674
0.005615
0.0091919
-0.0036863
-0.0030582
-0.001795
0.0041981
-0.0038349
0.0030258
0.008873
0.0025909
-0.0074976
-0.0039093
-0.0010905
0.00038133
0.011318
-0.0059093
0.0014776
-0.0019117
-0.0036753
0.0030515
0.0016307
0.0027211
-0.0015439
-0.0071403
0.0062779
-0.0039586
0.0027049
-0.0026068
0.0012041
-0.00038041
-0.002745
-0.0051091
0.0047283
-0.0064124
0.0013766
0.0029055
0.0046313
0.0040669
-0.0036032
-0.0065822
0.0063136
-0.0050157
0.0042686
0.0084841
-0.0034935
0.0047002
-0.0065794
-0.002495
0.0054064
-0.00055872
-0.0024956
0.0075158
-0.0044717
-0.0020052
0.0026468
-0.0019219
-0.0035765
0.0025045
-0.0017423
0.0025531
-0.0045527
-0.00588
0.0063985
-0.0044885
-0.0019306
0.0020176
0.0093797
0.0022776
-0.0054449
-0.0081554
0.0053919
-0.00020234
0.0078477
-0.0024272
-0.0043425
-0.0011896
-0.004392
-0.0041869
0.0013574
0.00048416
0.0034713
0.0013841
-0.012801
-0.0032673
0.0032435
0.0084779
0.0056494
-0.004113
0.0014317
-0.0013767
-0.0035863
0.0025176
0.0063154
0.0012789
0.0023137
-0.0012049
-0.0037765
-0.0032269
0.0017559
0.0033227
0.004289
0.00063591
0.0011056
0.0022984
0.00025233
-0.0034148
0.0015883
0.0077981
-0.0049653
0.00091867
-0.0079396
-0.0038437
0.0064208
0.0033677
0.0018455
0.0029342
-0.0055989
-0.0085908
-0.0016175
0.0017906
0.0019408
0.0067979
-0.0040527
-0.0070209
-0.0068024
-0.0043946
0.0052219
0.0082044
-0.0063649
-0.0014117
-0.0029001
-0.0043819
0.0068705
-0.00083798
0.0030075
0.0037317
-0.0037751
-0.00070171
-0.00075079
0.0010541
-0.00070936
0.0095283
-0.0033733
-0.0043819
-0.0052526
0.0020408
0.0036008
0.0051025
-0.0050168
8.8159e-05
-0.0059202
-0.0014182
0.0020637
0.0032295
0.0027701
0.0051642
-0.0032843
-0.0042551
-0.0024238
-0.00043644
0.013722
-0.0021978
-0.0031579
-0.0031867
-0.0049368
-0.0047802
-0.0057881
0.010573
0.0042814
0.0019801
0.00077059
-0.0047668
-0.002351
0.0057325
0.0035608
-0.0014842
0.0016578
-0.007673
-0.004194
-0.0016957
0.0016469
0.0076119
-0.00043067
0.0028717
-0.001315
-0.0023361
-0.0022203
0.0043632
0.0020248
0.0024566
0.00072851
-0.00058126
-0.0010029
0.0032003
-0.0016719
0.00089446
0.0040242
-0.0054015
0.00051198
0.0034793
-0.0028317
0.00021567
0.0057032
-0.0036481
0.0012619
0.0045296
-0.0046236
-0.00070149
0.0061933
-0.0024139
-0.0002941
0.002217
-0.0038342
-0.0020537
0.0022054
0.0049327
-0.006214
0.0012562
-0.00030435
-0.0018784
0.0014895
0.0023351
0.0051424
0.0043403
-0.001822
0.0022428
-0.0017203
-0.0025772
-0.0057273
0.0022869
0.0014263
0.0004947
-0.0013653
-0.0058093
-0.0021705
0.001015
-0.0036418
0.0039832
0.0016093
-0.00059658
0.00053425
-0.0061468
0.0011795
-0.0020922
0.0066108
0.0093214
0.00050329
-0.003658
-0.001609
-0.0038838
0.0027685
0.003734
0.001734
0.002572
-0.0020094
-0.0034912
-0.0024273
1.3436e-05
0.0017156
0.0032402
0.0063916
-0.0023644
-0.0094912
-6.4721e-05
0.0010022
-0.0054869
0.0072509
0.00078467
0.0044354
-0.0018461
-0.0049182
0.0013384
-0.0059508
0.0050528
0.0045945
0.0012845
-0.0085266
-0.012576
0.0035765
-0.0025171
-0.0026341
0.00423
7.3616e-05
-0.0051666
-0.0059153
-0.0033191
0.0030603
0.0033727
0.0042607
-0.0028162
0.0032526
-0.0067827
-0.0067824
0.011518
-1.6389e-05
0.0040491
-0.003994
-0.004981
0.0024076
-0.0085257
0.0015098
0.0036816
0.0028676
-0.003544
-0.0085612
-0.00086299
0.0039629
0.0065352
-0.0026582
0.0035143
-0.0075475
-0.0082472
0.0039919
0.0077873
0.0047723
-0.0044713
-0.0019325
0.0072894
-0.012984
-0.0064929
0.0030852
-0.00055982
0.0049558
0.0045934
-0.007197
0.0029801
-0.0079733
0.000676
0.006293
0.012717
-0.0066364
-0.0018926
0.0018161
-0.0085496
0.0086562
0.0043651
0.0066871
-0.0032039
-0.0019194
-0.0080678
-0.002802
-0.0016247
0.0047059
0.0062129
0.0042947
-0.0026264
-0.0018079
-0.0023999
0.0059743
0.003414
-0.0034437
-0.0003173
0.0032053
0.0032482
-0.0064209
-4.3104e-05
-0.0062666
0.0046118
0.0023349
0.0040291
-0.0020283
-0.0025997
-0.0031685
-0.002072
0.0022697
-0.0031114
0.0066289
0.0046473
-0.0012484
-0.0032815
0.0016012
-0.00098961
-0.00031266
0.0015829
-0.0068599
-0.0012114
0.0029958
-0.0043162
-0.0010189
0.0018561
-0.0040155
8.5046e-05
-0.0017965
-0.0010115
0.0028147
-0.00015467
0.0026044
-0.0027908
0.00057979
-0.00069141
0.00094507
0.0062408
0.0015122
-0.0015778
0.0021494
-0.0085268
0.0050018
-0.0018744
0.0042088
-0.0004679
0.0024615
-0.0067072
0.0044576
-0.0038709
-0.00051721
0.00026428
0.0040847
0.0014853
0.0041544
0.0011372
-0.0020291
0.0031209
-0.010704
-0.0016688
0.0027386
0.0038868
-0.0025196
0.0010946
-0.006171
-0.0038844
0.0018143
0.0024918
0.0056745
-0.00076493
0.0034838
-0.0072666
0.0023854
-0.0029103
-0.0014922
0.0066131
0.0046477
-0.0035224
-0.00058395
-0.0050576
0.0015438
0.0015273
-0.0027524
0.0029161
-0.00050645
0.0034466
-0.00061054
-0.0018704
-0.0012418
-0.00053905
0.0040489
0.0054685
-0.0039375
0.0048278
0.00036943
-0.006423
0.00802
-0.001693
0.00066403
0.0051937
-0.0067463
-0.00074399
0.0068
-0.0061069
0.0041401
-0.0048843
1.7919e-05
-0.0018121
-0.0012597
-0.00085346
0.0054109
-0.0055113
-0.0020391
-0.0028736
-0.005463
0.00093855
0.0013304
0.0027678
-0.003173
-0.0055032
-0.0021222
0.0037299
-0.0014974
0.0047625
-0.0031741
0.0010437
-0.0012741
-0.0076181
0.0019999
0.0032586
0.0025792
0.010893
-0.0045422
0.0011702
-0.0016665
0.00097519
0.0024104
0.0024737
-0.00037251
-0.0049533
-0.0029639
-0.0024314
-0.0025101
0.0046165
0.0024904
0.0011763
0.00088975
-0.0048709
-0.0047598
-0.0003426
0.0024882
5.3864e-05
0.0057075
-0.0058705
-1.698e-05
0.0015601
-5.0723e-05
0.0047907
-0.0015588
-0.00029536
0.0026347
-0.0057742
0.00011753
-0.00026915
0.00074684
0.0011602
-0.0017592
1.5482e-05
-5.5953e-06
-3.4678e-05
0.00064275
0.0024067
0.00042745
0.0018256
0.0006012
-0.00071204
0.0015117
-0.00033604
-0.0026856
0.0033872
-0.00031798
0.0010691
-0.0011086
0.0022901
0.00078954
-0.00045651
-0.0028377
0.00060262
-0.0010938
0.0028164
0.0022453
-0.0015623
0.0021466
-0.00045206
-0.001892
0.00062002
0.0028465
-0.00067368
0.00026999
1.6312e-05
-0.0022441
0.001747
-0.001234
0.00028908
0.00040338
-0.00028704
0.00025726
-0.00030169
0.00045407
0.0020153
-0.00072303
0.0012132
-0.0011456
-0.0027021
0.00025119
-1.5735e-05
0.0033495
-0.0013067
-0.0016487
-0.00019242
0.0040413
-0.0028376
0.0042209
-0.0045263
-0.00022712
-0.004384
0.0014172
0.0017055
0.0016904
-0.002533
0.0025026
-0.0019759
-0.0014898
0.00078769
0.0037166
0.0013051
-0.0021922
-0.0028591
0.0021996
0.0013392
0.00060913
-0.00027201
-0.0028314
-0.001926
-0.0010381
0.0028208
-0.00016924
0.0008798
-0.0021304
-0.0050076
0.001322
-0.0010308
7.0773e-05
-0.0026111
-0.00044941
-0.00021088
-0.00038236
-0.0008481
0.00033799
0.0011385
-0.0026097
0.0018676
-0.00051824
0.0024603
0.00045259
-0.0019894
-0.00027803
-0.0012897
0.0013586
0.0015588
-0.0032948
-0.00094937
-0.0038413
-0.0013617
-0.00053524
0.00031423
-0.00056118
-0.0018148
-0.0017109
0.00010799
-0.0013507
0.00097551
0.0017055
-0.0031925
0.0012228
-0.0019744
-0.0020764
0.0045341
0.0023197
-0.00061001
0.0015774
-0.0054847
-0.0019082
0.00096873
-0.001047
0.0024596
0.0015133
-0.0014199
0.0004228
0.00016354
0.0024862
0.0024046
2.4201e-05
-0.0011977
-0.0034235
-0.00048189
-0.0011302
-0.00012562
6.5604e-06
-0.00034266
0.0011365
-0.002184
0.000702
-0.001069
0.0013466
0.0021805
-0.00059443
-0.0046038
0.0028382
-0.00023424
-0.0020328
0.0047184
-0.0016358
0.00067927
0.00066916
-0.0018143
0.0028567
-0.0016711
-0.0020148
0.0067749
0.00010191
-0.0010035
-0.00099296
0.00079839
0.0020226
0.0036966
-0.00063029
0.0023851
0.00027488
5.0582e-05
-0.00020895
0.00044353
-0.001458
-0.001217
-0.00095761
-0.0018717
0.0022666
0.00021489
0.00041922
0.0033279
5.5228e-05
0.00065273
0.001063
-0.0026565
-0.0024885
-0.0011021
-0.0014949
0.0011459
0.00048132
-2.026e-05
-2.8296e-05
4.6016e-05
-7.036e-05
0.00011097
-0.00017936
0.00031719
-0.00071112
-0.0017941
-0.00014513
0.0016763
0.00097365
-0.00024301
-5.4669e-05
0.00038732
-0.0015013
-0.00028482
0.00045808
0.0019588
0.00022499
4.276e-05
-0.00031311
0.001086
0.0029
-0.00059902
0.00032071
-0.00020878
0.00016013
-0.00014666
0.0001619
-0.001325
0.00030045
-0.00048051
0.00099976
0.0019982
-0.0042995
0.00072431
-0.00036876
0.00018897
-6.1501e-05
-3.7516e-05
-0.0017655
-0.0016205
-0.0013437
-0.0016126
0.003592
-0.0042654
0.0018148
0.002062
-0.0016495
0.00055318
-0.00027652
7.5375e-05
0.0020795
-0.00088507
-0.00010551
0.00030795
0.0014128
-0.0023396
-7.9842e-05
0.00265
-0.0010977
0.00047847
-0.00028381
0.0001799
-0.00011484
7.1232e-05
-4.235e-05
2.2017e-05
0.0011072
2.1216e-06
-2.2675e-06
8.8173e-06
-2.1647e-05
4.0443e-05
-6.9083e-05
0.00011176
0.00093991
0.00028036
-0.00048618
0.0014823
-0.0020036
0.0013358
0.00087637
-0.00041425
0.00024904
-0.00015789
9.9907e-05
-6.1141e-05
3.73e-05
-2.2389e-05
1.5821e-05
-1.6472e-05
2.3547e-05
-3.7125e-05
5.7777e-05
-9.2914e-05
0.00016613
-0.00043598
-0.0042328
0.00014398
-6.2731e-05
5.5994e-06
4.9807e-05
-0.00012345
0.00028146
0.0019591
-0.0022248
2.4865e-05
0.00023584
-0.0031008
-0.00060228
0.00025437
-0.00014715
8.8147e-05
-4.8783e-05
-0.0010988
1.1081e-05
-4.0204e-05
7.5776e-05
-0.0001246
0.00020251
-0.0003623
0.00099378
0.0017592
-0.00041072
0.00018405
-6.5304e-05
-3.009e-05
0.00013467
-0.00029734
0.00081249
1.3e-05
-0.00084358
0.00034884
-0.00022399
0.00017672
-0.00016907
0.00019439
-0.00025992
0.00039948
-0.00081629
-0.0016097
-0.00082389
-0.0030228
0.00066767
-0.00034931
0.00019865
-0.00010031
2.2718e-05
5.1017e-05
-0.00014249
0.00032515
-0.0020427
0.00055473
0.00022846
-0.00013137
8.2746e-05
-5.3097e-05
3.3479e-05
-2.018e-05
9.8372e-06
-2.4143e-06
-3.7081e-06
9.9323e-06
-1.5972e-05
2.4969e-05
-3.914e-05
6.4853e-05
-0.00013098
0.0010785
0.0001769
-7.68e-05
4.4807e-05
-2.8336e-05
1.8177e-05
-1.1427e-05
6.8491e-06
-3.7911e-06
1.8364e-06
-6.8044e-07
0
0
0
0
0
0
0
0
0
0
0
0
0
0
0
0
0
0
0
0
0
0
0
0
0
0
0
0
0
0
0
0
0
0
0
0
0
0
0
0
0
0
0
0
0
0
0
0
0
0
0
0
0
0
0
0
0
0
0
0
0
0
0
0
0
0
0
0
2.2675e-06
-5.1136e-06
9.6949e-06
-1.6658e-05
2.6956e-05
-4.2238e-05
6.6027e-05
-0.00010799
0.00020817
-0.00097179
-0.00038131
0.0001465
-7.8471e-05
4.2229e-05
-1.68e-05
-5.6615e-06
3.3344e-05
-9.5166e-05
0.002146
0.00025515
-0.0002537
-0.0021498
0.00010265
-4.6675e-05
2.7714e-05
-1.8119e-05
1.2861e-05
-9.9323e-06
8.9522e-06
-9.984e-06
1.2863e-05
-1.8177e-05
2.8336e-05
-4.2673e-05
7.1251e-05
-0.00016563
-0.0010987
0.00016446
-0.00011795
0.00012189
-0.00015634
0.00024444
-0.00057127
-0.002043
0.00033602
-0.0001714
0.00010517
-6.7207e-05
4.2927e-05
-2.6591e-05
1.5536e-05
-8.2485e-06
3.7037e-06
0
0
0
0
-6.1633e-06
1.4002e-05
-2.6649e-05
4.5902e-05
-7.4388e-05
0.00011665
-0.00018231
0.00029763
-0.00057075
0.0028537
0.001163
-0.00043698
0.00024732
-0.00015507
9.9502e-05
-6.2904e-05
3.811e-05
-2.1467e-05
1.0721e-05
-4.255e-06
0
0
0
0
0
0
0
0
0
0
0
0
0
0
0
0
0
0
0
0
0
0
-1.5972e-21
-6.1633e-06
1.4002e-05
-2.6649e-05
4.5902e-05
-7.4388e-05
0.00011665
-0.00018231
0.00029763
-0.00057075
0.0039698
0.001163
-0.00043698
0.00024732
-0.00015507
9.9502e-05
-6.2904e-05
3.811e-05
-2.1467e-05
1.0721e-05
-4.255e-06
0
0
0
0
0
0
0
0
0
0
0
0
0
0
0
0
0
0
0
0
0
0
0
0
0
0
0
0
-4.5812e-06
1.0925e-05
-2.1307e-05
3.7241e-05
-6.0886e-05
9.5848e-05
-0.00014947
0.00024074
-0.00044011
0.0014065
0.0014065
-0.00044011
0.00024074
-0.00014947
9.5848e-05
-6.0886e-05
3.7241e-05
-2.1307e-05
1.0925e-05
-4.5812e-06
1.8051e-20
-2.4053e-20
3.0028e-20
-3.5438e-20
3.9757e-20
3.7037e-06
-0.0011243
1.5536e-05
-2.6591e-05
4.2927e-05
-6.7207e-05
0.00010517
-0.00017284
0.00033915
-0.0020488
-0.00056134
0.00022846
-0.00013137
8.2746e-05
-5.0963e-05
2.793e-05
-8.9071e-06
-8.9071e-06
2.793e-05
-5.0963e-05
8.2746e-05
-0.00013137
0.00022846
-0.00056134
-0.0020488
0.00033915
-0.00017284
0.00010517
-6.7207e-05
4.2927e-05
-2.6591e-05
1.5536e-05
-8.2485e-06
3.7037e-06
0
0
0
0
0
0
0
0
0
0
0
0
0
0
0
0
0
0
0
0
0
0
0
2.1334e-06
-5.5492e-06
1.1273e-05
-2.018e-05
3.3479e-05
-5.3097e-05
8.2746e-05
-0.00013137
0.00022846
-0.00056134
-0.0020488
0.00033915
-0.00017284
0.00010517
-6.7207e-05
4.2927e-05
-0.0011427
1.41e-05
-5.1136e-06
-2.1378e-06
9.9323e-06
-1.5972e-05
2.4969e-05
-3.914e-05
6.4853e-05
-0.00013098
0.0021946
0.0001769
-7.68e-05
4.4807e-05
-2.8336e-05
1.8177e-05
-1.1427e-05
6.8491e-06
-3.7911e-06
1.8364e-06
-2.8139e-06
5.5492e-06
-1.1273e-05
2.018e-05
-3.3479e-05
5.3097e-05
-8.2746e-05
0.00013137
-0.00022846
0.00056134
0.0020488
-0.00033915
0.00017284
-0.00010517
6.7207e-05
-4.2927e-05
2.6591e-05
-1.5536e-05
8.2485e-06
-3.7037e-06
0
0
0
0
0
0
0
0
0
0
0
0
0
0
0
0
0
0
0
0
0
0
0
0
0
0
0
0
0
0
0
0
0
0
0
0
0
0
0
0
0
0
0
0
0
0
0
0
0
0
0
0
-6.8044e-07
4.0028e-07
-6.5625e-07
1.0077e-06
-1.4945e-06
2.2055e-06
-3.367e-06
5.6661e-06
-1.1947e-05
4.5915e-05
0.003273
4.5915e-05
-1.1947e-05
5.6661e-06
-3.367e-06
2.2055e-06
-1.4945e-06
1.0077e-06
-6.5625e-07
4.0028e-07
-6.8044e-07
0
0
0
0
0
0
0
0
0
6.7146e-06
-1.6474e-05
3.258e-05
-5.7422e-05
9.4365e-05
-0.00014895
0.00023222
-0.00037211
0.00067461
-0.0019825
-0.0034266
0.00072869
-0.00033064
0.00012387
4.0827e-05
-0.00022349
0.00052794
-0.0017541
-0.0023961
0.00065656
-0.00034873
0.0002155
-0.00013809
8.7842e-05
-5.39e-05
3.1002e-05
-1.6038e-05
6.8488e-06
0
0
0
0
0
0
0
0
0
0
0
0
0
0
0
0
0
0
0
0
0
0
0
0
0
0
0
0
0
0
0
0
0
0
0
0
0
0
0
0
0
0
0
0
0
0
0
0
0
0
0
0
0
0
0
0
0
0
0
0
0
0
0
0
0
0
0
0
0
0
0
0
0
0
0
0
0
0
0
0
0
0
0
0
0
0
0
0
0
0
0
0
0
0
0
0
0
0
0
0
0
0
0
0
0
0
0
0
0
0
0
0
0
0
0
0
0
0
0
0
0
0
0
0
0
0
0
0
0
0
0
0
0
0
0
0
0
0
0
0
0
0
0
0
0
0
0
0
0
0
0
0
0
0
0
0
0
0
0
0
0
0
0
0
0
0
0
0
0
0
0
0
0
0
0
0
0
0
0
0
0
0
0
0
0
0
0
0
0
0
0
0
0
0
0
0
0
0
0
0
0
0
0
0
0
0
0
0
0
0
0
0
0
0
0
0
0
0
0
0
0
0
0
0
0
0
0
0
0
0
0
0
0
0
0
0
0
0
0
0
0
0
0
0
0
0
0
0
0
0
0
0
0
0
0
0
0
0
0
0
0
0
0
0
0
0
0
0
0
0
0
0
0
0
0
0
0
0
0
0
0
0
0
0
0
0
0
0
0
0
0
0
0
0
0
0
0
0
0
0
0
0
0
0
0
0
0
0
0
0
0
0
0
0
0
0
0
0
0
0
0
0
0
0
0
0
-6.8044e-07
1.8364e-06
-3.7911e-06
6.8491e-06
-1.1427e-05
1.8177e-05
-2.8336e-05
4.4807e-05
-7.68e-05
0.0001769
0.0010785
-0.00013098
6.4853e-05
-3.914e-05
2.4969e-05
-1.5972e-05
9.9323e-06
-5.8415e-06
3.1349e-06
-1.4361e-06
0
0
0
0
0
0
0
0
0
0
0
0
0
0
0
0
0
0
0
0
0
0
0
0
0
0
0
0
0
0
0
0
0
0
0
0
0
0
0
0
0
0
0
0
0
0
0
0
0
0
0
0
0
0
0
0
0
0
0
0
0
0
0
0
0
0
0
0
0
0
0
0
0
0
0
0
0
0
0
0
0
0
0
0
0
0
0
0
0
0
0
0
-2.1334e-06
5.5492e-06
-1.1273e-05
2.018e-05
-3.3479e-05
5.3097e-05
-8.2746e-05
0.00013137
-0.00022846
0.00056134
0.0020488
-0.00033915
0.00017284
-0.00010517
6.7207e-05
-4.2927e-05
2.6591e-05
-1.5536e-05
8.2485e-06
-3.7037e-06
