12.379
12.814
7.922
-0.84327
-8.914
-11.46
-9.3161
-3.7228
1.5381
7.0373
8.1043
7.0032
4.1968
0.79481
-4.6045
-9.5005
-11.251
-10.072
-7.1412
-3.2834
0.31265
3.7382
5.6004
6.5923
5.1402
4.1385
2.8155
1.7608
-0.81491
-3.1864
-4.7363
-4.4126
-2.3723
-0.46725
-0.7265
-0.82112
0.063469
-1.3661
-3.0607
-3.2196
-2.0991
0.87289
3.8774
6.5908
6.7476
4.5701
1.8398
-0.52068
-1.1818
0.59769
2.5469
2.4063
0.30503
-3.3846
-5.6736
-5.9825
-5.7882
-5.7624
-4.8122
-2.8822
0.59931
2.5023
3.5623
5.0842
3.4065
2.8692
3.9512
4.7093
4.7569
6.1563
5.5962
4.4153
2.3276
0.92524
-1.15
-2.4747
-3.407
-4.1258
-3.4905
-2.9611
-3.0819
-2.8419
-1.4143
0.32327
2.213
2.6081
1.8118
1.5123
0.33121
-0.35663
0.15891
1.0314
1.4548
1.4589
-0.54665
-2.8268
-5.8506
-7.9169
-9.8015
-9.5756
-7.9368
-5.1138
-1.6575
4.1683
7.5335
8.3261
7.542
5.292
1.271
-1.173
-2.3807
-3.7241
-3.0167
-2.1264
0.19944
1.1893
2.2467
3.468
2.3292
1.6768
-0.37182
-3.2905
-4.8613
-5.3751
-1.5388
1.4212
3.9853
4.3818
4.0267
3.079
1.8739
2.2097
1.0416
1.1432
0.37419
-0.82276
-1.5291
0.22996
0.66673
1.6782
0.76639
-0.38749
-1.0859
-1.7388
-0.35526
0.34524
0.9501
1.9555
2.0178
1.0288
-2.3106
-2.842
-1.3396
1.2552
2.6469
1.9574
-2.9132
-4.5018
-1.928
3.4175
5.6721
2.2763
-2.6912
-3.7871
0.90338
4.9264
3.8648
-2.3663
-5.7575
-2.2538
4.6046
6.3965
-0.017008
-5.6099
-6.0107
0.69173
5.2028
2.6978
-3.7819
-3.2889
2.9155
3.8744
1.3714
-2.1747
-3.1066
0.8808
4.0419
-0.15204
-4.1645
-4.3127
1.903
4.5188
0.76573
-1.9345
-3.3358
0.093441
4.1503
2.7963
-1.3168
-3.3021
-1.7957
1.5902
1.1166
-1.0647
-2.5763
-0.99243
2.9542
3.7625
0.29352
-3.5773
-4.8473
-1.505
3.0699
4.7518
1.8128
-2.356
-5.1273
-3.4295
0.86816
5.4124
6.9759
3.9162
-2.5738
-6.415
-4.6199
1.4565
5.9643
5.4538
0.4675
-4.0368
-5.2155
-2.8638
1.2266
4.1375
5.1522
3.5275
1.6524
-0.20506
-3.2141
-3.9057
-1.1363
2.1572
3.3474
3.0153
1.8307
0.38936
-1.6578
-1.9161
-1.0831
-1.5845
-1.6268
0.68077
2.7638
4.0682
3.5887
1.1085
-2.1128
-5.4163
-6.3529
-5.0661
-3.52
-0.74504
4.4772
7.9643
9.1276
8.4626
5.4204
0.88689
-2.6133
-3.5652
-1.4211
0.56053
1.6682
3.7291
3.8131
0.91842
-3.5413
-5.9812
-4.9231
-1.3868
0.049497
-0.33221
-0.58168
0.18313
-0.36506
-0.54021
0.30954
1.1783
0.60963
0.051474
1.5292
1.1571
0.057508
-1.5983
-2.8876
-4.617
-4.381
-2.5517
1.1648
4.2175
7.1558
7.4358
7.7149
7.3024
4.3196
1.888
-2.0727
-5.7359
-8.502
-9.6531
-9.3239
-8.4996
-4.5233
0.036382
3.9183
6.5896
7.7565
7.0508
5.6224
3.8481
3.4302
4.3158
4.6203
2.5746
1.1829
-1.3926
-4.6201
-7.6275
-8.7927
-7.6046
-6.1437
-2.9903
-0.82487
1.0238
2.4985
4.8529
5.1478
4.269
2.4313
0.10486
-2.0797
-2.8875
-1.8605
0.55563
1.0383
0.27101
0.13842
-0.42033
0.096646
-0.34934
-1.1688
-0.76102
2.1087
4.6363
6.3133
6.655
4.3852
1.0831
-2.3518
-4.0897
-5.9283
-5.0549
-2.4316
0.61707
4.2294
6.7864
6.7261
2.6636
-2.9125
-6.2979
-6.583
-5.2396
-2.4893
0.82679
3.6912
6.1577
4.1572
-0.077807
-2.2945
-3.8337
-1.7798
2.2087
3.322
1.6477
-1.8975
-4.8293
-4.3824
-1.7992
1.4599
3.6517
2.7022
0.76568
-0.99944
-2.0561
-0.15111
-0.21524
0.39762
0.12296
-0.24805
-0.071677
-0.61737
0.7445
1.1326
0.45536
0.64609
0.75603
0.64317
-1.1492
-1.0703
-1.8639
-1.5731
0.47934
2.5621
3.7782
1.0827
-3.2556
-5.2725
-1.0637
3.2409
2.066
-2.403
-4.1781
-2.6386
2.3592
3.5211
0.37782
-3.0743
-1.2957
0.25651
1.9576
2.5628
1.5282
-2.848
-3.3643
0.19605
1.8363
-0.95185
-1.5747
-0.73403
1.3723
1.1918
-0.077309
-0.75916
-0.57983
1.0801
0.069309
-0.84835
1.4665
1.2166
0.61885
0.75251
-1.1769
-2.0845
-0.70616
1.3005
0.46533
-0.77482
-2.4518
-2.5662
0.81055
2.2711
1.4966
-1.7835
-3.1158
-0.29268
2.6072
3.1727
1.989
-0.42305
-0.50393
-0.98185
-0.41801
0.78902
2.6137
2.4438
1.8839
0.11279
-1.8673
-1.6235
-1.3889
0.18176
0.9032
1.9311
0.58201
-0.22198
-0.82103
0.062198
0.10652
-0.23379
0.11381
1.3908
2.6267
3.5181
2.4037
0.70113
0.15424
-0.55492
-1.0725
-1.4643
-0.79525
0.18969
0.27237
0.20321
-1.2057
-1.0939
-0.5541
-0.42892
0.075395
1.888
2.0664
2.4694
1.9257
1.1515
0.018178
-1.4706
-3.7053
-6.4004
-6.5003
-4.1712
0.30443
5.38
8.0982
7.9002
4.7077
-0.45005
-5.7016
-11.061
-14.515
-14.596
-10.414
-5.0037
2.6736
8.7858
13.393
14.834
14.132
10.684
5.9903
0.91198
-3.6172
-6.5919
-9.3715
-9.2899
-7.474
-4.5386
-1.6732
0.46584
0.83206
-0.48871
-1.0331
-0.28995
1.0579
1.947
4.2341
5.061
3.2932
1.0943
-0.51468
-2.2586
-4.5453
-5.1545
-4.3417
-3.035
-0.83981
-0.41962
0.72437
3.508
4.569
4.5686
3.9358
2.8724
0.5368
-1.992
-4.9197
-5.1505
-3.9848
-2.1414
0.36956
1.907
1.0954
1.1901
0.50915
-0.81921
-3.3573
-4.3594
-3.9763
-1.8917
1.3387
2.9086
2.481
0.82491
0.51849
0.44277
0.74382
-2.4189
-6.0273
-9.0325
-8.7411
-7.2157
-4.2694
-0.49598
3.7766
5.9353
4.5274
1.9982
-1.1715
-5.6947
-8.691
-7.8805
-3.9025
1.2273
4.6583
6.0723
6.9447
5.353
1.2239
-3.3542
-5.9193
-6.7905
-5.0415
-2.4422
-0.15128
3.6487
4.29
1.5437
-1.35
-4.443
-4.9413
-2.5781
1.9157
5.4739
5.2624
3.021
0.37958
-2.087
-2.9651
-2.8516
-1.0637
1.7422
4.038
3.6616
1.4374
-2.6785
-4.6897
-3.7056
0.25075
4.0153
4.8996
3.4691
-0.73927
-3.4915
-1.6432
2.293
6.2955
5.2426
1.4449
-3.6072
-2.8552
-0.29018
1.4746
1.3223
-0.49286
-1.8296
-0.54922
2.0184
3.3503
0.34239
-1.5009
-1.4242
-0.87477
1.2644
2.2331
-0.10199
-1.8395
-1.2224
0.8941
-0.59024
0.033238
0.77566
-0.76683
0.14314
1.0017
0.97199
1.5776
1.4065
0.62939
-0.81683
-0.89464
0.17054
0.95358
1.5824
0.95091
-0.23005
-0.2964
0.91066
1.1734
-0.13485
-1.1928
-0.80526
1.0222
1.4562
1.1345
0.21093
-2.6494
-3.1276
-2.5759
0.8705
4.1755
2.2528
-2.0416
-1.7036
-0.97548
0.73628
2.5069
1.3293
0.431
1.0999
-0.3032
-1.9472
-3.5205
-3.1291
-0.28711
0.9825
-0.79287
-0.97485
-1.1727
-0.29409
0.46092
1.388
1.8503
1.8949
2.0157
-0.1192
-2.337
-4.3242
-3.5129
-1.6066
1.8712
2.5262
1.8325
-0.31615
-3.2022
-6.5965
-7.7391
-5.0422
0.64916
7.4584
12.218
11.937
7.0458
0.87222
-3.9136
-5.8145
-6.4053
-5.4744
-3.4441
0.2223
2.5115
5.2169
6.8117
5.7558
1.6137
-4.1174
-9.4283
-12.406
-12.165
-10.35
-3.8202
3.4039
9.2176
12.99
12.197
9.389
4.4651
-1.2826
-7.7235
-10.203
-10.744
-9.9466
-7.986
-5.4772
-0.55251
1.5734
2.8593
3.3876
1.8505
-0.22439
-2.129
-4.9489
-6.3694
-5.1714
-3.5133
-1.9509
-0.58479
0.075182
-0.58597
0.032939
0.82411
0.68715
0.25616
-0.9745
-1.3419
-2.3396
-3.2292
-2.4283
-1.5284
0.22385
3.8729
4.9472
5.4046
5.6133
3.3428
2.5592
1.3828
0.13011
-2.0259
-3.4184
-4.8768
-5.9692
-8.0719
-9.1252
-8.8386
-7.835
-4.8431
-1.1447
2.5422
4.5208
6.5124
5.5459
2.0288
-0.77375
-1.4186
-1.4144
-1.1009
-1.1214
-0.85508
-0.36617
0.72939
2.0817
2.1151
1.2701
-0.47038
-0.018263
0.18346
1.1178
0.27622
-0.96979
-1.324
-2.7706
-5.3458
-8.1892
-8.1702
-7.166
-2.7177
2.3691
5.6578
7.4075
8.422
6.4514
2.6318
-1.3711
-3.5472
-5.6492
-6.0807
-4.485
-0.87323
1.0784
2.1125
1.1723
-0.11116
-0.36167
-0.19046
-0.52662
0.31338
-0.48147
-0.2321
1.1894
1.9763
0.10115
-2.6269
-4.8767
-4.9251
-2.5706
-0.16088
1.3121
0.7568
-0.49289
-1.5382
-2.3961
-1.16
-0.41002
-0.9582
-1.0014
1.3434
2.6408
1.7595
-2.2494
-5.2637
-2.974
1.6135
5.0154
3.8022
-1.1413
-4.8305
-3.5157
1.6135
2.7096
0.96101
-2.337
-3.3967
0.13286
3.7908
3.7786
-1.004
-4.4161
-3.4934
0.28474
3.3693
1.726
-4.0135
-5.971
-0.87454
6.1104
4.6823
-1.3036
-3.9044
-1.0872
4.4448
5.9171
1.2197
-2.9905
-4.4996
-0.32749
4.9662
3.4802
-1.9732
-5.1923
-0.83509
5.0878
0.52157
-5.0972
-3.4827
2.7605
6.1955
-0.29801
-5.4845
-4.2465
1.6506
3.6426
1.7929
-0.64343
-1.2943
1.5914
2.7209
1.2545
-1.2485
-3.5395
-1.1298
1.4227
1.0938
0.10463
-0.10472
-0.059104
0.72731
-0.31001
-1.2041
-0.2811
1.3573
1.4185
0.97983
-0.86656
-2.846
-1.7605
0.48396
1.0963
1.6133
0.90434
0.72896
0.3117
0.48428
1.1076
0.22604
-0.78065
-0.80906
-1.251
-1.2886
-1.7833
-1.8276
-2.758
-3.2695
-3.8996
-3.255
-1.2909
2.2517
3.207
4.3091
5.3273
3.1734
1.9929
-2.0655
-4.9563
-7.3562
-7.3263
-4.9498
-0.86686
3.7386
6.7302
9.2007
8.4482
6.8011
1.9028
-1.3244
-3.9968
-6.7754
-7.9778
-4.5866
-0.79955
2.642
4.2399
4.4067
3.9106
3.1833
1.8395
-1.7588
-3.9356
-4.4251
-3.8898
-1.9036
-1.0594
-2.0575
-2.3458
-0.071816
1.8856
3.5113
6.5577
7.7709
8.2395
6.3679
3.1065
-1.9092
-4.6577
-7.3127
-8.6635
-7.8331
-5.8133
-3.8611
-1.8849
-0.058733
1.0356
1.69
1.2528
0.66532
1.4973
2.2072
3.8052
6.114
6.544
6.4628
5.3167
3.3836
0.40194
-1.6283
-3.7521
-5.2073
-5.3523
-4.9565
-2.0192
0.21678
1.9251
2.7386
2.1958
1.3703
0.34183
0.525
-0.1973
-1.024
-2.0399
-1.0873
0.56354
0.82866
-0.85647
-2.6922
-4.0133
-5.3001
-5.3994
-5.5805
-3.9565
-1.4525
2.1382
5.0215
6.0363
6.391
6.5113
5.8304
4.3085
2.6807
1.4274
0.37573
-1.2515
-3.3587
-4.2984
-2.9827
-1.1405
0.52066
1.1029
0.90747
0.18732
-0.79837
-1.0777
-1.3468
-0.42446
-0.13716
-0.91517
-1.6696
-1.9426
-1.5549
-0.57409
1.5116
3.055
2.0268
0.5542
-2.0855
-3.289
-3.2779
-2.5839
0.093052
1.9759
2.985
3.4124
3.4372
1.537
-0.7723
-1.644
-2.6553
-0.73866
2.2654
3.3968
1.8633
1.1887
-0.83972
-1.063
-1.9041
-2.7556
-2.9003
-1.2257
0.63119
2.1184
0.74587
-2.3566
-4.3699
-3.9273
0.13295
3.6533
4.4651
0.019723
-4.6875
-5.566
-1.1764
4.1795
4.911
2.2252
-0.087118
-1.861
-1.6028
1.1075
2.9875
1.7749
-1.1459
-3.4105
-2.1075
0.63762
1.1517
-0.64353
-1.5367
-0.0037035
2.0695
2.571
0.53932
-2.4693
-2.3075
0.60083
2.7085
1.0721
-0.82659
-0.86726
1.4583
1.0031
-2.8807
-3.1855
-0.20563
2.6816
0.89935
-0.28665
-0.88203
0.081759
-0.79636
-0.71016
-2.3023
-1.4076
1.4389
3.0688
1.2078
-2.0143
-3.2035
-0.034614
4.1183
4.4652
0.2434
-3.7239
-3.4681
-0.94303
0.90967
1.414
0.16291
-0.31423
-0.70999
-1.4226
-0.54092
-0.91238
-0.22915
1.1528
0.59557
-0.84479
-2.8391
-3.7313
-2.0013
1.9962
5.15
3.8784
-1.624
-4.6324
-4.6695
-2.2298
3.1226
8.0398
9.0914
5.7545
0.10225
-4.8737
-6.4773
-3.2927
2.2206
7.9654
9.03
6.2795
-0.95944
-9.5894
-12.852
-11.976
-7.0529
-0.11023
7.5344
10.49
9.5161
3.8337
-2.699
-7.2613
-8.8556
-5.8447
-0.68927
4.4381
7.3637
9.3901
9.2207
7.0764
3.2571
-0.42433
-5.848
-8.8413
-8.8874
-5.2879
0.005766
6.6121
13.098
15.947
13.594
7.4876
0.68268
-6.6155
-12.303
-16.498
-17.087
-13.276
-5.4781
4.4024
14.114
19.569
20.655
17.596
11.754
5.2055
-2.2279
-8.4035
-12.066
-14.493
-15.559
-14.777
-11.975
-8.9745
-4.2337
1.5252
5.7442
7.4662
8.0929
8.3206
8.8086
6.5964
4.2077
2.0864
-0.43214
-1.6815
-3.3737
-4.1131
-2.9977
-1.1877
2.6333
8.093
12.479
14.708
13.569
11.793
9.6619
4.9585
-0.70284
-4.9683
-6.4547
-6.0163
-5.5572
-4.7768
-5.7442
-7.7097
-8.0933
-5.8821
-1.8988
1.0865
3.5968
5.1654
7.1009
8.2587
7.6518
5.9771
4.0912
0.20284
-2.2275
-2.4173
-1.7414
-0.3049
2.6478
4.1374
4.419
5.4796
6.3885
5.8075
3.2012
-1.2268
-5.6462
-8.5974
-9.8541
-8.9314
-5.9817
-3.0357
0.95235
5.3486
8.1826
9.019
4.3978
-1.6434
-7.4061
-10.612
-11.486
-7.1195
-0.2394
5.3095
7.1061
4.6961
1.0386
-2.8413
-6.5911
-5.2449
-1.6536
1.5261
6.0438
7.0392
3.4221
-0.67965
-5.1546
-7.5937
-6.206
0.19229
5.8932
6.2972
5.0674
0.46958
-5.6879
-9.2643
-6.638
-0.3866
4.6698
5.6123
4.0094
-0.059824
-4.8275
-5.2002
-1.0536
4.0129
3.7185
1.2753
-2.1652
-4.208
-1.256
4.4764
5.2416
0.87592
-5.3368
-5.8814
-0.55292
5.4262
6.5166
0.62487
-5.9376
-3.6446
3.5033
5.1221
0.71764
-4.2111
-4.0388
1.7284
4.0675
-0.0746
-2.5758
-2.131
0.58284
1.888
1.1632
-2.1081
-5.3264
1.109
5.7437
2.6118
-4.8004
-5.4303
-0.7116
5.1892
3.5147
-1.4946
-4.065
-1.3006
2.6086
3.1238
1.1973
-2.8762
-3.7438
1.8017
5.0944
2.0896
-2.3037
-3.6441
-1.8512
2.7212
5.4645
2.9796
-2.7884
-4.0679
-1.4975
1.2337
3.0941
1.576
-2.2139
-5.3269
-4.2176
0.073207
3.2055
2.4953
1.7121
-0.49037
-2.1388
-3.4138
-2.7881
-1.0364
2.0337
3.4816
2.7497
0.82527
-2.2721
-5.253
-5.8123
-6.09
-3.9926
2.3381
6.2692
6.2845
4.786
0.93241
-3.5993
-5.4758
-3.9504
-0.70807
2.1624
2.5522
3.6269
5.4534
4.1386
0.53614
-4.0575
-8.5953
-10.422
-9.8731
-4.9633
1.8543
5.2546
6.2028
5.5297
2.9507
-0.32936
-1.3207
-2.9444
-3.5431
-3.0957
-1.8498
0.8168
2.3329
3.1111
3.1379
2.2987
1.9442
-0.51121
-1.2485
-1.4341
-1.4422
0.11206
1.4464
1.1574
1.1934
0.017971
-1.3932
-1.4692
-0.98504
0.080035
-0.39001
-0.8129
-0.59211
1.2842
3.1442
3.0221
2.6545
1.8751
0.85707
-1.3191
-2.5382
-4.8836
-6.5225
-6.5398
-6.3263
-5.0481
-3.8176
-0.98667
3.6477
7.8993
10.849
10.868
9.0288
3.7313
0.57066
-2.926
-6.5812
-8.6512
-8.7451
-8.9077
-10.249
-10.151
-8.0918
-5.2116
-1.5622
2.4994
5.6421
6.9483
8.6186
8.698
8.0541
6.1058
3.4892
0.55306
-1.7948
-4.9929
-9.0859
-11.758
-10.227
-5.7031
-0.44769
4.7191
8.9098
11.679
12.121
11.642
10.472
7.8099
2.8713
-1.7954
-3.6396
-5.6716
-6.566
-7.5707
-6.0918
-2.0096
0.96686
2.4999
3.1329
4.4611
5.2473
3.5631
2.3847
1.6045
1.4542
0.14834
0.55056
1.6765
2.7344
3.7164
1.9572
-0.85836
-3.5719
-3.6911
-1.8425
1.4502
4.278
6.7211
8.5663
4.6023
-1.1852
-7.1599
-8.4574
-5.8519
-0.42585
6.0173
8.9867
6.4704
1.4511
-2.8986
-6.7891
-6.3317
-2.6427
3.4732
5.7469
4.0072
0.37112
-2.8381
-3.5131
-0.92793
0.61049
1.696
2.4264
0.53596
-0.10199
-0.94586
0.84053
1.8182
-0.098318
-1.6463
-2.1543
-0.46853
0.73674
0.28436
0.92666
2.0085
1.0282
0.084368
-0.27729
-0.093673
-1.4089
-2.7142
-1.4393
0.65586
1.5763
-0.26867
-0.79196
-0.32112
1.0027
1.8133
0.46547
-1.5739
-0.81441
1.1199
3.2527
-0.90164
-4.7789
-2.5134
3.358
4.8613
-0.16379
-4.5187
-3.6829
1.2615
5.3289
2.0057
-3.7989
-5.0505
1.9471
6.0486
2.7745
-3.0895
-3.3719
1.8438
3.6914
0.91296
-1.7953
-1.1013
1.9461
3.5281
2.393
0.0083325
-2.2746
-1.0077
0.27032
0.36827
-1.8275
-2.745
-1.9858
0.49382
3.8503
5.2646
2.8748
-2.3159
-6.0218
-5.9956
-1.5366
2.792
5.4342
3.9157
-0.48717
-3.2895
-2.8941
-1.6513
0.57139
1.9797
2.1666
0.70659
-1.8424
-4.0197
-5.6973
-5.0745
-3.0192
-0.13004
0.17986
-0.84052
-0.30462
1.3258
2.5057
3.1292
2.6589
1.6691
-0.95138
-4.5814
-8.8005
-9.0637
-6.6709
-3.4213
1.1892
4.0903
7.5126
8.6057
6.6472
4.8092
0.66793
-4.2197
-6.986
-6.9101
-6.3015
-4.4011
-1.8933
0.6588
1.943
2.4721
2.1171
2.1493
1.7739
2.3519
1.6144
-0.60149
-0.56059
1.1894
2.5928
2.1827
0.17446
-2.0509
-2.5125
-2.3491
-2.0931
-2.201
-2.3272
-1.2162
-0.65722
-2.0882
-1.2693
0.24455
3.6626
5.3303
5.6934
4.803
3.4764
2.6304
1.1478
-1.2356
-2.0886
-2.5427
-1.1746
0.24202
2.0783
5.6976
7.9255
8.8073
8.3825
5.8442
2.2505
-2.7041
-6.4379
-7.9129
-7.7686
-8.0647
-7.1871
-3.1344
1.7259
6.0112
7.957
8.9757
8.5171
7.017
4.5505
1.2777
-2.0751
-4.9993
-5.9771
-4.9656
-4.5885
-2.9365
-0.83442
1.1036
4.1913
6.8131
7.6144
6.3057
3.8006
-0.39308
-3.0696
-4.9556
-6.4031
-6.4494
-4.3776
-0.37839
4.4659
5.5125
4.5904
1.6815
-1.9354
-5.2802
-7.5082
-7.1386
-4.8458
-1.2748
2.7796
3.8636
4.663
5.0152
2.0998
-1.0756
-4.3616
-6.2425
-7.6453
-7.3853
-4.5192
-0.31676
5.2804
9.0854
7.9126
4.0162
0.011534
-5.162
-7.0916
-4.7969
0.079341
5.0387
8.1342
5.5705
-0.68074
-5.1669
-8.1308
-6.1396
-1.3522
4.2907
7.0817
4.5411
0.17482
-3.817
-5.2213
-1.563
3.1773
4.9002
3.398
-1.3535
-6.1608
-7.374
-3.1159
2.237
5.2646
5.6714
2.7173
-4.243
-5.8004
-2.7854
1.6861
4.1898
2.7516
-1.5995
-4.4425
-4.1546
-0.89107
2.3938
3.9676
0.53373
-3.8478
-3.8753
1.8021
5.3975
3.5248
-1.2169
-3.2663
-0.68788
3.0949
2.4131
-2.9241
-2.9557
1.9934
4.1959
0.54616
-3.0487
-1.9548
1.1169
0.17178
0.70818
0.028865
-0.2157
0.8483
-0.18722
-1.467
1.9484
3.5571
-0.5282
-2.9169
-1.0781
1.2947
1.1331
-0.91716
-2.2863
-2.2539
0.011941
0.72767
2.8308
1.1024
-1.5349
-2.3145
-2.0234
-0.19618
1.1876
1.0337
0.038515
-2.4689
-0.66617
0.79151
0.6221
-1.8568
-1.3796
0.99114
0.78508
1.2858
1.4362
0.01349
-1.9198
-2.8276
-2.668
-0.69366
2.277
4.3956
1.8192
-1.7816
-3.1361
-3.2638
-1.8959
-0.18586
2.753
4.3861
1.955
-2.2626
-5.0945
-5.008
-2.9912
0.5655
4.0079
5.5614
4.1579
0.044935
-2.7286
-1.6342
-0.070906
1.828
2.5767
3.6255
4.4913
3.7941
2.629
0.27297
-0.98589
-0.59688
-0.62048
0.11829
1.6794
3.8934
6.1562
7.9568
7.2179
4.3825
1.3926
-2.3495
-2.8803
-2.7943
-1.0156
-0.1501
0.78787
0.6595
-0.13673
-0.69382
-1.4867
-2.0299
-1.2186
1.515
2.996
3.0784
3.1135
3.3043
2.7436
2.504
0.58357
-2.7994
-4.7246
-3.4484
-2.0075
0.098501
0.77147
1.2377
2.5506
3.3346
3.2037
1.3122
0.82447
1.4463
0.079956
-1.9189
-2.0279
-2.2186
-1.1781
-0.66139
-1.0214
-2.0604
-1.8171
-2.6263
-3.5582
-4.4295
-2.9232
0.032196
2.0106
3.2461
4.1614
4.7768
5.0565
4.6358
3.5068
2.5986
1.7853
1.1568
-1.1516
-1.6231
-2.5548
-3.0815
-1.8574
0.2773
1.1695
2.3968
3.6406
4.8308
5.9547
4.5986
1.792
-0.35803
-1.7101
-1.8415
-2.9112
-2.4926
-1.2082
0.33951
2.9554
3.1998
2.8445
3.1112
1.6423
-1.5756
-4.931
-6.2434
-5.5809
-5.1935
-2.8136
-0.96917
0.053461
0.2645
-1.6588
-2.1755
-2.8945
-2.6214
-1.9048
0.14845
3.0685
5.5158
6.3494
5.4512
4.5249
1.92
-0.72625
-5.0971
-6.9152
-6.0815
-4.028
-0.24837
2.6439
5.2368
4.9342
2.0977
-1.6571
-3.753
-3.9042
-1.6431
0.6709
4.5703
8.1329
7.9197
4.4574
-3.2319
-9.2297
-9.1318
-4.022
4.3307
9.3983
7.8717
1.5157
-3.5976
-7.3916
-5.2999
0.60562
4.1791
4.1357
1.1327
-3.341
-4.9973
0.37479
5.5455
4.6371
0.21601
-4.1161
-1.766
1.2167
2.6752
0.5459
-1.2831
-3.3878
-2.2692
2.1578
2.8811
0.17584
-2.6202
-2.5486
0.33026
2.274
-0.13398
-1.2606
-0.61086
-0.50168
-0.73724
-0.47369
0.54106
0.52973
0.66842
-0.39199
-2.0233
-2.8499
-0.44219
2.1861
0.79381
-1.7389
-0.29761
0.12708
1.625
1.4881
-0.24178
0.2359
-0.021337
0.59539
-0.24535
-0.23299
-0.80738
-0.3913
0.26781
1.6462
2.7573
0.78363
-2.2151
-3.3955
-0.56892
3.5202
5.0564
-0.093218
-3.8995
-3.0782
-1.6185
-2.1449
-1.1247
0.33432
0.45327
1.7021
0.69458
1.5831
1.6435
1.5001
-0.13767
-1.0799
-3.0369
-3.0192
0.06948
1.7712
3.4024
1.7516
0.30862
-1.7794
-3.614
-2.9899
-1.6604
-1.319
0.37507
1.3663
2.405
1.5149
-1.2516
-5.9795
-8.9478
-8.4254
-2.7124
3.0684
8.6897
11.623
9.0469
3.1464
-1.4095
-4.2526
-3.2475
-2.8847
-1.4171
0.078309
2.9997
4.3906
4.2612
2.8322
-0.55869
-3.6346
-7.0085
-8.0279
-8.4412
-8.5036
-4.0481
1.8708
7.0908
10.556
11.346
11.692
9.6018
6.8609
2.4915
-1.0671
-4.8812
-7.7947
-9.6284
-9.7805
-7.3005
-3.1033
1.3551
5.4257
8.9867
11.777
13.099
11.106
6.8586
-0.60698
-8.4567
-13.577
-16.582
-16.79
-14.349
-10.422
-6.6213
-1.8536
1.9653
4.1541
4.2084
1.4132
0.028238
-1.3769
-1.8929
-3.1292
-2.2385
-2.8802
-2.2382
-0.90618
0.91904
2.5261
4.4044
4.3232
2.1198
-0.15742
-1.6909
-2.3952
-3.613
-3.8022
-4.2954
-3.3131
-3.1628
-4.5114
-6.1113
-4.8736
-1.6269
0.819
2.2369
3.0272
2.9513
2.9852
2.9303
2.3281
1.0883
0.035878
1.6584
2.1812
1.5668
0.84412
1.0868
2.4504
4.3269
4.5665
3.2582
-0.16779
-4.4232
-7.9889
-9.437
-7.6251
-3.6708
1.5623
4.9927
5.769
4.2663
3.8921
2.0323
-0.38845
-3.3371
-5.5809
-4.2191
-1.1607
1.7956
3.525
3.2438
2.0631
-0.61473
-1.0033
-0.029918
0.53594
0.41783
-0.73937
-3.218
-5.4304
-6.6843
-5.6825
-1.4519
3.0849
4.5764
2.8941
1.1636
-1.5302
-2.7011
-2.6344
-1.1114
2.5058
4.7875
4.567
1.894
-0.87226
-4.2974
-6.0271
-2.8406
2.2286
5.7824
4.7225
1.3671
-1.4398
-2.965
-2.3116
0.45775
2.8153
2.1998
0.6547
-1.1615
-2.0169
-1.3514
0.76802
1.6797
1.0061
-0.017409
-1.7701
-1.491
1.6963
1.384
-1.8146
-1.8141
0.52196
3.7036
4.7025
-0.10447
-3.5448
-1.608
2.2835
5.2456
2.4805
-5.2785
-5.8772
-0.45814
4.9747
0.59598
-2.7301
-4.0813
-0.56821
1.2984
2.6321
-0.97059
-4.4596
-1.3618
2.3396
2.6404
-0.29386
-2.5812
-1.3357
-0.23738
0.85609
2.0937
0.5276
-2.4424
-1.9852
-0.20498
2.6007
3.7291
4.1203
-0.4564
-4.1839
-3.5984
0.69978
2.7768
2.9348
1.5907
-0.45188
-1.6491
-1.7919
-1.8077
-2.3104
-1.1917
1.3545
1.6053
1.7731
-0.92404
-2.385
-1.8006
0.94995
2.6108
3.3501
3.4802
0.50325
-4.2974
-6.5975
-3.8477
0.26724
3.2614
3.3865
2.8717
-0.073931
-2.6166
-3.3762
-3.136
0.35741
2.6699
5.6628
6.3833
4.1452
0.23325
-2.9618
-6.5281
-7.7029
-5.5781
-1.4227
2.6691
5.8653
6.8361
6.677
6.4443
6.7733
4.392
-0.70987
-3.3004
-5.3451
-7.6271
-7.4961
-5.2577
0.1077
5.9714
8.43
8.7941
8.4046
6.533
4.0233
0.68779
-1.5466
-2.1229
-2.0482
-2.3874
-3.4103
-3.7489
-3.473
-1.6731
0.86138
3.4367
4.9113
5.6964
4.3869
2.397
0.72527
0.074173
-0.0033784
-1.0529
-2.4106
-2.5182
-1.3115
-0.21007
0.13424
1.9902
3.0196
3.428
2.7616
1.3888
0.1181
-1.255
-2.9584
-4.4454
-5.2886
-5.9599
-5.4445
-3.1413
-1.2229
0.10151
0.26064
1.076
2.871
5.0517
6.5964
7.3013
5.113
1.6953
-3.2872
-7.6885
-9.1818
-8.1936
-6.8701
-4.9931
-1.9029
-0.36214
1.5887
2.3963
4.4045
5.655
5.0826
4.6141
3.3865
0.042994
-2.5883
-2.3357
-1.1832
0.60896
1.2766
2.088
2.3332
1.3406
-0.45571
-1.3236
-1.0738
-0.6442
1.6963
4.6877
6.3133
6.0822
6.4839
4.6159
1.5438
-0.68533
-1.2186
-1.569
-1.2166
-1.6644
-3.835
-7.2771
-7.6723
-5.2484
-0.29544
5.6654
9.4553
9.1903
5.3843
0.9434
-3.4877
-7.1877
-6.863
-4.1711
0.1796
3.2494
5.8661
8.3184
7.0378
3.4759
-1.7388
-6.6837
-6.8804
-4.6461
-0.3032
3.4287
5.907
5.025
2.9027
-2.029
-5.4792
-5.9493
-2.1272
4.351
7.2059
6.016
2.1064
-3.0969
-6.6217
-5.5644
-0.21703
5.8618
6.597
1.4831
-3.9486
-4.2256
-1.4418
4.041
4.0094
1.847
-1.7736
-4.763
-4.053
0.41803
3.3149
2.1848
0.087148
-1.9639
-1.8124
2.0166
2.1643
0.96798
-1.8512
-0.62524
1.554
1.2949
0.41524
-1.3765
-0.30681
1.0366
2.1076
0.065659
-2.4865
-2.2742
-0.12417
2.0526
-0.38877
-2.1087
-2.7335
2.1869
4.7809
0.39584
-4.6612
-3.0977
2.8368
3.972
-0.81482
-3.6419
-1.8336
1.8396
2.9084
-0.82757
-2.9967
-3.3117
1.4831
3.4867
3.7779
-0.91411
-4.0707
-1.7642
0.66423
3.2391
0.47001
-0.72325
-2.0597
-1.2992
0.58887
1.8673
1.3823
0.53346
-1.9034
-0.69255
3.9441
5.1094
1.5841
-2.7579
-4.831
-5.0246
-3.3171
-0.2737
2.6484
4.7674
2.3958
0.77466
-0.60542
-0.55365
0.17144
2.4528
3.1924
3.9189
2.9429
2.8179
1.8841
1.4612
1.5794
1.1137
0.066081
-0.84305
-1.8498
-3.0366
-2.228
-0.535
0.57042
1.712
2.9238
5.3141
5.3861
3.966
0.52259
-2.1417
-5.147
-6.9432
-6.735
-5.1391
-2.8304
-0.28302
2.3641
2.7244
2.6621
2.6024
2.5588
2.0501
0.98346
0.46706
-0.81187
-1.4914
-2.9517
-2.9203
-2.4398
-1.6829
-0.95258
0.062173
2.0887
1.5943
1.0074
-0.65382
-1.9359
-3.9751
-5.2434
-7.1471
-7.8943
-7.0895
-5.4914
-4.0859
-1.249
1.7507
2.8032
3.0052
3.5111
4.3356
3.649
2.774
0.59666
-0.43523
-2.1446
-1.5346
-0.62555
0.44466
0.87604
1.3726
1.6856
1.3271
0.23639
0.4696
1.5607
2.441
2.7239
3.4166
5.0567
6.6789
8.1215
8.4549
7.3555
4.5678
0.41245
-3.0624
-8.3117
-9.7699
-9.1049
-6.9269
-3.1898
1.148
4.9451
7.408
9.0473
9.2132
9.0168
8.2974
7.3483
5.5824
2.4576
-0.52034
-2.288
-5.3612
-5.8125
-5.0912
-4.9737
-5.5604
-4.6086
-2.1239
0.71356
1.9141
2.4287
2.7695
2.9016
3.2689
3.5994
2.9623
2.3473
2.015
0.72735
-1.5289
-3.6585
-5.2952
-4.7524
-3.6433
-1.6947
0.97901
3.7257
5.1323
6.0345
5.5864
5.8512
5.2904
2.7597
-1.7184
-4.3351
-5.7551
-6.0398
-3.2349
0.22335
2.6595
3.055
2.4102
0.30344
-2.4053
-3.0963
-2.5982
-0.7726
1.1391
0.63098
-0.60384
-1.9094
-1.5589
-0.43341
0.042612
1.142
2.4716
0.9408
-0.50521
-0.11183
-0.67489
-0.027778
0.68354
1.5897
0.96038
0.1533
-2.3296
-2.4812
-0.31928
1.9234
1.7328
-0.33753
-1
-2.9216
-2.2801
0.37444
3.7319
2.2475
-1.5993
-3.8859
-0.59471
1.7684
1.2958
-0.74975
-1.5431
-0.78223
0.021072
0.24089
-1.0707
0.021817
2.6737
2.1624
-0.26046
-2.3822
-0.05181
2.3401
1.0739
-1.0415
-1.3762
1.4762
1.2964
0.31332
-1.6376
-1.6696
-1.0979
1.6829
1.8308
-0.41156
-1.6663
-0.86482
3.0194
2.1998
-1.6518
-2.7736
-1.1413
1.7228
2.0398
-0.58156
-2.1174
-1.3836
1.1541
3.0939
3.3781
-0.7853
-5.3532
-4.677
-2.4824
2.8208
6.4863
5.5723
0.93631
-3.1421
-5.3359
-3.4973
0.8082
3.9052
3.8959
0.85831
-2.7738
-3.2553
-0.56993
1.5261
4.3079
3.9446
1.8186
-1.3714
-3.5932
-3.3217
-2.3371
-2.0265
-1.31
1.0885
2.7425
2.723
-0.28132
-2.6966
-3.4936
-2.6564
0.71898
3.9815
6.0399
4.9472
3.4043
1.1355
-2.3628
-4.7451
-6.4258
-5.8389
-4.3225
-0.71907
3.5986
5.9585
7.2359
5.4416
2.2852
-1.384
-4.4291
-5.9979
-5.1216
-3.7569
-0.5011
1.5351
2.5638
3.8418
4.6691
4.6031
3.6283
2.0654
-0.45787
-3.8374
-5.4645
-6.6692
-5.3067
-4.3044
-1.9134
-0.878
2.275
2.9946
3.448
1.2077
0.48357
0.6324
-0.61787
-2.2188
-3.0693
-1.1468
1.1656
3.5143
7.2901
8.4677
7.253
6.0772
3.2532
0.66081
-1.3088
-3.7178
-3.1132
-2.1148
-1.1669
0.3218
0.53037
-0.27334
-1.2262
-1.3097
-1.897
-1.6706
-0.79649
0.72694
1.0905
0.62903
1.2328
0.051577
0.30326
1.13
4.5773
6.1541
7.7632
8.6684
8.7766
7.4138
4.5843
2.6747
0.036973
-3.0531
-4.4509
-5.7674
-6.5612
-4.8814
-2.0939
1.0666
5.2895
8.0101
10.461
10.524
8.9365
6.1846
2.2861
-1.3559
-4.4444
-5.251
-4.252
-2.6554
-0.22915
0.46712
1.2814
3.0561
3.9306
4.036
2.7382
1.3299
-0.83368
-3.8667
-5.0117
-5.5508
-3.8535
-2.2932
-0.48851
1.2851
4.5807
4.5818
3.0701
-0.23117
-3.4401
-6.0617
-8.9255
-8.8364
-6.7736
-1.975
3.5798
6.4913
5.639
3.0243
-1.3674
-2.9773
-3.7583
-2.2455
0.062545
3.5657
4.0971
1.5295
-2.5934
-5.1461
-2.373
1.34
3.1516
2.5004
-1.7146
-4.991
-3.6373
1.3655
5.6998
4.1009
-1.7583
-6.5495
-3.5961
1.5601
6.8138
5.5909
-1.2186
-5.0047
-2.6304
2.497
2.8643
-1.3176
-3.1329
-3.1604
-0.43463
4.1558
3.6403
-2.136
-6.1695
-2.7353
4.5346
6.6196
-0.35917
-5.5215
-4.111
0.99388
5.3309
3.1513
-2.1845
-3.7847
-0.24266
4.213
2.7726
-2.1933
-2.7238
-0.8091
1.4964
2.3441
0.36529
-0.70147
-0.33497
-0.23096
0.001368
0.62967
-1.0175
-0.57026
1.7639
2.6977
1.8263
-0.1751
-1.9811
-1.689
-0.15062
1.4621
0.17292
-3.4851
-2.9047
-0.049646
2.8435
2.687
-1.276
-4.3759
-3.8924
0.43172
3.904
3.85
3.2322
1.3121
-1.7683
-2.6931
-2.2252
-1.3582
0.98376
2.8898
1.6222
-0.19387
-2.3984
-1.5869
-0.04966
0.31194
0.96454
-0.42334
-1.3619
-2.0952
-1.581
-2.4249
-3.0391
-2.3191
0.081253
0.99244
1.7704
2.9782
2.0869
2.1979
0.5351
0.03823
-0.32802
-1.47
-1.1896
-0.61829
-0.21111
1.1607
3.3892
4.6877
4.9989
4.3614
2.4558
-0.70833
-3.4554
-5.5247
-5.428
-4.0412
-3.0566
-2.3929
-0.31841
2.5575
2.9803
2.9849
3.298
3.3765
4.5583
4.6511
4.4915
4.1179
2.5045
2.7295
1.8688
0.025007
-1.3924
-2.2756
-2.3651
-2.4443
-3.4612
-3.5864
-2.7137
-1.2507
0.2544
-0.23151
-0.53983
-1.5103
-1.5847
-1.1548
0.12166
0.58059
0.14183
-0.12708
0.41523
1.4514
1.1862
1.3199
-1.0627
-2.9631
-5.4912
-7.9125
-7.6971
-5.8777
-2.5847
0.63135
3.8209
5.7146
6.0322
6.6964
8.0955
5.9511
5.2374
3.5791
-0.26924
-4.2479
-6.2254
-8.7394
-8.8077
-8.14
-5.5281
-2.207
0.19092
3.311
5.4856
4.7777
3.9251
3.5263
2.9374
1.1855
-0.67633
-2.9025
-5.439
-6.3776
-6.4103
-4.4388
-1.1859
2.935
5.279
6.7042
6.0001
6.0357
6.0264
4.5644
4.4686
4.0118
1.824
-0.3231
-3.3191
-4.7493
-4.4049
-2.3412
-0.50294
1.1121
1.8902
0.45083
-1.2433
-2.3003
-4.3875
-3.8325
-1.8952
0.20611
2.3937
4.2351
6.6602
7.5013
6.5837
3.4827
-3.0576
-8.2108
-9.2789
-4.4872
2.5833
7.7348
9.2955
6.7619
3.1319
-1.9237
-5.754
-5.9136
-3.9744
1.3592
3.8115
3.7548
0.80797
-4.619
-6.5203
-3.3022
1.6967
6.1899
5.1387
0.95905
-3.0375
-4.458
-0.75209
3.0604
2.5333
-0.86514
-4.1039
-2.9002
-0.99286
0.93834
2.6601
0.79749
-2.5009
-2.5115
1.5586
4.2381
3.2151
-0.78571
-3.5641
-2.3424
2.4162
4.5878
0.92026
-2.0291
-1.9527
-0.40631
2.5106
2.9123
-0.77563
-5.0099
-4.1278
1.8812
3.056
-0.16461
-1.5914
-2.383
1.2778
3.2769
1.5383
-4.667
-5.6751
-1.4835
5.6031
3.7029
-2.0449
-5.2611
-2.0988
3.2311
3.7816
-1.5572
-4.8148
-1.6869
3.1724
4.0217
0.93689
-3.5342
-4.9622
-1.0068
4.3078
4.0783
-0.49624
-3.9229
-4.6412
-0.65886
4.2379
6.1788
2.6515
-1.8542
-6.1459
-5.0965
-0.18126
2.8043
2.3354
0.79312
-0.92315
-1.1989
-2.3169
0.89419
4.1183
4.1615
1.2885
-1.8471
-3.3001
-4.0961
-3.1002
-1.3828
-0.9929
-0.85464
0.6565
1.2312
2.3517
1.3145
-0.17946
-1.9774
-4.4191
-5.1095
-3.8996
-1.2002
2.6729
5.2442
6.3722
4.2178
-0.28442
-5.0185
-6.8202
-8.7141
-7.5812
-4.5833
0.55267
4.4372
5.1051
3.7106
-0.10455
-4.367
-6.9853
-6.4673
-6.17
-3.9796
-1.031
1.054
2.5489
3.8092
4.9444
5.3991
4.9037
3.7048
2.1467
-1.6397
-5.6512
-9.5567
-11.474
-10.832
-8.0458
-5.1423
-1.3105
2.5455
4.5098
5.9605
7.9941
7.4487
5.5753
2.0728
0.4192
-0.28074
-1.1171
-1.6165
-1.4553
-2.2471
-3.0102
-5.5217
-8.569
-10.677
-9.5331
-5.9471
-0.59546
3.0286
4.0877
4.291
3.3378
1.787
-1.2174
-4.4387
-5.4543
-5.1513
-2.7606
0.67485
4.4311
8.9128
12.746
13.016
10.6
6.4858
1.3413
-4.5
-9.8108
-11.994
-12.265
-11.257
-8.2123
-4.0832
1.1224
6.4126
9.3497
9.5941
6.9829
3.7565
0.71147
-2.9866
-5.7445
-7.7011
-8.8504
-6.5541
-3.812
-2.2972
-2.3373
-2.0821
-0.45762
2.9907
5.3209
6.1338
5.5391
3.0267
-1.0999
-6.7288
-9.0571
-9.7432
-6.168
0.49286
4.9431
8.0317
7.1905
3.8166
0.78879
-1.6482
-2.0363
-1.5846
0.12634
1.3475
0.92979
-0.40692
-1.5566
-1.0748
0.84964
1.2155
1.4214
0.31
-1.0501
-2.648
-2.73
-0.83842
2.2638
3.2181
3.0956
1.8309
-0.31682
-1.2245
-0.77568
-0.82807
-0.78704
-0.80639
-0.9729
-0.94126
-0.097871
1.1104
0.89253
1.2171
1.6981
1.2192
0.27764
-0.085852
-0.25153
-0.90313
-0.39146
1.1757
3.3287
2.2778
-1.1482
-2.795
-3.9359
-1.5298
1.6843
3.3878
1.8056
-0.689
-1.8757
-1.2332
-0.55888
1.5452
1.3123
-1.1532
-1.0606
-0.27411
1.1515
-0.0075845
-1.8255
-1.3266
0.62518
0.056932
-2.8492
-2.2692
1.9641
3.2671
-1.2297
-4.0917
-2.815
1.2627
2.6463
-0.64673
-1.4259
1.7013
0.68864
-2.5817
-0.67331
2.6545
4.0008
0.32306
-3.4442
-2.2098
2.6555
3.7252
-1.2282
-3.1979
-0.98069
1.7155
2.4479
0.15523
-2.0168
-1.1611
0.38644
0.63348
1.3589
-0.65034
-1.3196
-1.6668
-0.42969
0.97335
2.0873
2.0452
0.89535
-2.3677
-3.3723
0.14516
4.7342
6.2257
2.382
-3.2802
-5.2906
-2.1939
2.0978
5.1339
4.6219
2.0263
-1.7283
-4.9376
-5.5749
-2.6334
0.82018
4.0224
3.8537
3.153
0.5255
-4.7192
-9.0008
-6.9555
-0.89975
5.7412
9.6895
9.2923
6.9148
1.9838
-1.4581
-4.9883
-6.7757
-5.8376
-3.9332
-1.487
1.5073
4.2538
5.7791
4.9496
2.6581
-1.1188
-5.1081
-7.2218
-8.0467
-5.9991
-2.1975
3.8549
10.833
15.6
15.812
12.54
6.1468
-0.62113
-5.465
-7.8289
-7.3578
-5.8573
-4.2268
-2.1786
-1.2501
1.2637
5.1808
9.1414
10.858
10.912
9.7896
7.3292
3.3066
-1.1568
-4.3526
-6.05
-5.6321
-4.0927
-2.4582
1.6505
4.5421
8.2647
12.199
14.754
13.743
11.696
5.4338
-2.0616
-9.2786
-14.12
-16.725
-15.515
-12.113
-7.2032
-1.3742
5.1449
10.393
14.166
14.886
14.637
13.021
9.2101
3.7196
-1.1778
-5.7854
-7.0425
-5.3915
-2.8378
-0.77015
1.8991
3.5141
3.6785
3.7331
2.039
-0.68876
-4.6768
-7.3666
-9.2216
-8.9168
-7.9068
-4.9416
-1.8784
1.3958
3.7786
5.7045
5.8875
4.3725
1.3887
-0.10593
-1.5481
-0.60626
-1.1959
-1.4634
-1.7278
-1.7337
-2.4231
-0.74539
0.21848
0.87377
1.2747
1.1429
0.73638
0.47671
-0.47623
-1.5133
-2.164
-1.5114
0.057238
0.68653
-0.046351
-0.6682
-0.66843
-0.98071
1.3526
2.9749
5.7363
7.6011
6.8504
2.017
-3.6781
-9.0283
-10.31
-5.0499
3.1284
8.6509
8.8949
4.1922
-5.2766
-12.139
-14.165
-8.997
0.050331
8.786
10.929
6.4156
1.0065
-3.8184
-5.4501
-4.2095
-0.36531
4.1364
5.4425
4.1115
0.40581
-3.8969
-3.5077
-1.1123
0.27734
0.97507
0.50588
-0.48322
-0.4578
0.099322
-1.0755
-2.8145
-1.1592
1.3737
3.5674
0.56324
-3.4808
-1.6159
2.2345
3.9789
1.7906
-2.9481
-3.3743
0.58722
2.0978
-0.31595
-1.4083
-2.0353
1.1927
2.7958
1.2695
-2.3444
-2.3068
1.3777
2.4292
-1.0566
-3.3637
-1.3892
2.4808
2.5665
-0.68278
-2.4416
-0.98945
1.1142
1.1865
-0.65077
-1.6816
-1.2145
-0.27337
0.91965
1.0312
-0.84494
-1.2631
0.28211
0.34675
0.41909
-2.0228
-2.4408
-0.51272
0.57265
1.3839
0.47012
-1.6322
-1.1892
0.42724
1.9549
2.3637
2.53
0.60028
-1.9653
-2.7669
-1.7266
-0.0086721
2.1061
2.7803
2.2213
-0.2267
-2.7335
-4.3023
-4.5929
-3.0362
-0.2037
2.822
3.114
1.5103
-0.86386
-2.9354
-4.1582
-3.5973
-0.40148
2.572
3.6337
2.4536
0.15182
-2.5714
-4.3553
-4.3849
-3.1751
-0.92738
0.51216
2.2335
2.8146
3.8883
3.8524
5.1041
7.0608
6.5933
4.2583
1.19
-2.7711
-5.2106
-5.4843
-3.1914
0.20407
2.8443
2.9709
0.53333
-1.0541
-1.5145
-2.3442
-2.1488
-1.2707
0.30432
0.52171
1.7897
2.626
2.1201
1.5893
-0.19085
-1.6032
-1.8928
-2.8686
-3.3148
-5.2728
-5.3973
-6.9346
-7.3695
-6.6983
-4.2496
-1.1342
3.0761
5.4634
6.1027
4.918
2.3139
2.0869
2.4866
1.1266
-1.0631
-2.751
-4.8283
-5.4227
-4.9669
-4.7682
-4.1246
-4.0815
-4.1988
-4.7675
-3.4139
0.42222
3.5663
5.4425
7.1272
8.1389
8.3866
8.6224
6.4682
2.937
-0.92163
-4.6942
-6.9862
-7.0873
-4.5441
-1.5027
1.4642
2.0813
1.9386
1.0356
0.51668
-2.0619
-4.1364
-4.2635
-3.4069
-2.27
-0.65854
1.0901
3.7128
5.2956
6.6198
6.7003
4.134
0.50176
-2.623
-4.4766
-5.463
-6.0544
-4.7584
-2.2152
1.7996
6.1239
8.5149
8.7614
7.1266
3.8599
1.6328
0.919
-0.17314
-0.72886
-2.0472
-1.8503
-4.0511
-6.1369
-5.1572
-1.1805
4.6741
9.6983
11.638
10.478
5.4194
0.33682
-6.3453
-10.346
-8.248
-3.3164
2.2463
6.7855
8.5742
7.0795
1.4316
-5.1921
-8.5151
-7.6192
-4.1498
1.2456
4.6635
7.539
8.6266
6.3902
2.2888
-3.3318
-7.6641
-5.7264
-1.0978
1.1566
3.2386
4.9622
1.7795
-3.2829
-7.3599
-5.5133
-0.93907
3.4823
4.0929
3.572
0.4963
-4.5358
-5.6309
-2.37
1.5504
5.5522
4.3643
-1.6019
-4.0345
-4.1315
-0.47173
2.2786
2
-0.65704
-2.0399
-0.66851
2.2814
1.5605
0.058947
-0.9739
-0.57668
0.45071
2.0052
2.3146
-0.87784
-3.4925
-2.6619
0.2554
2.7658
1.9888
-1.3205
-1.4862
-0.15558
3.6756
2.3514
-0.75014
-3.4975
-0.62361
3.7316
1.5588
-1.2541
-1.2411
1.7679
1.4002
-1.2443
-0.8825
-0.1622
2.4102
0.72415
-0.87791
-1.7193
0.81135
2.4898
1.9307
-1.4811
-4.7159
-4.8323
-0.54998
4.5954
3.7239
-1.5379
-4.5914
-1.9378
2.2634
4.6338
1.8663
-2.8031
-3.911
-3.3493
-0.023492
2.8422
4.7035
3.3035
1.4217
-1.6664
-3.0033
-0.26823
1.9349
2.4387
2.9819
1.2377
0.20169
-2.2997
-3.6998
-4.7609
-1.6252
2.2389
4.3002
3.2556
1.2349
-2.5712
-4.4066
-5.0394
-4.097
-1.1462
2.8002
5.0103
4.3902
4.0112
1.9612
0.77479
0.41483
1.3037
0.84973
0.46947
-0.54852
-2.4829
-4.9108
-5.9712
-6.532
-4.7258
-1.3908
1.9928
5.6649
6.4884
5.7672
5.4102
3.5917
0.59937
-2.6952
-4.5225
-3.9569
-3.6399
-1.6428
1.0095
3.4784
3.8615
2.4754
-0.41847
-3.293
-2.9288
-1.0737
0.32825
2.7528
5.3952
6.6191
5.6784
4.5829
3.5846
2.0148
1.4105
-0.47449
-1.5551
-3.505
-6.4429
-8.2138
-5.9479
-4.4361
0.13817
4.0554
7.0996
9.4168
10.557
10.905
8.3329
3.9476
0.85746
-1.0825
-3.959
-4.9095
-4.4842
-3.8584
-3.3804
-1.7285
-0.037019
1.7289
4.5864
7.7542
9.2155
7.9487
4.7252
-0.30596
-3.7184
-7.5149
-9.1881
-8.5736
-6.7686
-3.9492
-0.884
3.1393
6.2265
7.236
6.3221
4.1242
1.3085
-0.64783
-0.93776
-0.30759
-0.17517
0.63951
0.40446
1.0265
0.85952
0.92057
0.81515
0.58503
1.9913
3.3608
3.1065
0.964
-0.74014
-1.2879
-2.81
-3.5095
-3.2444
-2.954
-0.14972
2.8409
5.8811
6.4787
5.2951
3.3249
-0.36558
-4.3206
-5.8791
-6.6037
-4.8148
-0.22798
2.6856
6.0429
8.163
8.1284
3.8624
-3.002
-7.6796
-8.2628
-5.2903
-0.57495
3.1771
4.2202
0.80141
-1.182
-0.90572
-0.86418
-0.94873
-0.037134
0.7238
0.62351
3.4187
2.6848
0.51865
-1.0799
-0.498
0.10509
0.98161
-0.15178
0.19466
-1.6447
-3.1869
-1.4483
1.7604
0.84771
-0.8165
-0.32328
-0.53193
-0.070481
1.0997
1.1082
-0.46115
0.12428
0.4598
0.77898
0.77943
-0.62812
-0.80117
-0.31449
0.57345
1.5882
1.2252
-1.8029
-2.6103
1.3497
2.7901
0.66108
-0.27356
-1.0042
-0.9115
1.4487
3.473
-1.018
-5.0064
-1.9374
6.4102
6.7155
-0.6892
-7.3554
-4.2708
4.6154
6.7655
-0.64401
-4.6863
-0.63522
4.2566
2.9154
-2.3665
-4.6003
-2.1204
3.2335
4.1452
-2.2357
-4.1206
-2.8731
1.6602
4.5296
0.29721
-4.3027
-3.1328
-0.22949
3.7391
1.9055
-2.6587
-3.2381
0.33858
2.6454
2.4048
0.44661
0.69011
0.94951
-1.6666
-1.3405
-0.65331
0.85651
-0.18162
-1.3287
-1.0282
-0.4536
0.24418
1.3697
2.5656
2.2116
0.84386
-0.29261
-0.85022
-0.12944
-1.4686
-2.1544
-1.4888
-0.7789
0.40541
0.83671
-0.010199
0.23554
1.775
1.5352
0.89424
1.1069
1.0201
0.035133
-1.1527
-2.5933
-3.9314
-4.0677
-2.7806
-0.4305
2.6223
3.013
1.5674
0.16044
1.1797
1.8461
0.65218
-1.0622
-2.0173
-3.4012
-2.8764
-3.4137
-1.4629
1.1237
4.2382
8.2176
11.228
10.201
6.8645
1.8994
-4.6457
-9.3559
-11.853
-9.5527
-5.6068
1.8818
8.3236
11.64
13.054
10.259
4.3993
-1.2644
-6.1944
-9.2781
-10.449
-9.4681
-6.611
-1.7844
2.5493
4.4029
6.6283
8.1964
6.711
3.46
2.3458
1.3802
0.65832
0.42656
-0.62859
-1.2618
-2.2317
-2.2474
-2.5831
-1.7627
0.69665
2.61
3.5855
3.1664
1.1412
-1.5385
-4.7728
-6.5332
-6.0764
-3.0163
-1.1603
3.2548
7.761
10.211
10.236
9.8602
8.4252
5.0126
1.4237
-1.8677
-4.7436
-6.2606
-4.9994
-3.4388
-1.1838
2.9913
6.519
6.8496
5.5253
3.5368
-0.18901
-3.3703
-6.8629
-9.0265
-9.636
-7.3241
-4.7047
-2.0772
-1.4496
-0.69783
0.83707
0.62959
0.1471
-0.20356
0.15996
0.82876
2.1009
1.7524
0.81465
0.38916
2.2173
2.4965
2.2178
0.7027
-1.3239
-2.8896
-4.2595
-3.5211
-3.4851
-3.3271
-4.722
-4.9506
-2.4077
1.1622
4.6597
4.9644
2.0349
-0.59758
-3.0223
-3.3748
-3.4341
-4.656
-4.6922
-3.0263
0.50041
1.2409
0.17722
0.3847
0.14651
-1.0024
-0.86187
1.3654
3.2819
3.8743
0.78051
-3.2166
-2.8675
-1.614
0.41591
2.4128
2.6786
1.127
-1.2217
-1.2566
-0.59562
-0.15098
-1.3071
-2.3978
-1.5955
1.4856
2.2902
1.3993
-0.27378
-0.078111
0.22439
0.60219
0.36698
-0.49423
1.169
2.2702
-0.33891
-0.90573
-1.019
0.45176
1.5053
2.082
-0.90401
-3.3268
-1.0931
1.9882
1.5124
-1.8158
-2.8225
0.57191
2.2819
1.7961
-0.63006
-1.5914
-1.1336
0.89345
1.7369
1.0789
1.3819
-0.25981
-1.1958
1.0026
3.3891
1.4246
-1.5111
-2.9177
-0.81638
2.2364
3.4972
-0.82284
-3.2612
-2.4658
0.5112
2.1973
1.4079
-1.2677
-1.8365
-1.8406
0.48993
2.3524
3.0948
0.71704
-3.4489
-5.264
-0.935
1.9673
2.3289
0.90743
-0.80888
-3.0927
-2.8207
-1.4407
2.6405
5.2676
4.0006
0.44012
-2.6917
-4.2707
-3.4171
-0.99263
2.8191
4.193
1.9413
1.1032
-0.23445
-2.2815
-3.9547
-3.7552
-2.8779
-2.1586
-0.99665
-0.039858
2.5897
5.1496
7.0407
5.448
-0.17246
-5.7199
-8.8381
-7.7099
-1.6336
4.0413
7.7834
8.8271
6.0059
0.97874
-3.5535
-6.3381
-6.6666
-5.9269
-4.8825
-3.1759
-0.79404
1.4412
3.1536
5.2307
5.3965
4.3326
2.9426
0.22591
-0.43521
-1.2661
-1.6261
-1.8273
-0.36854
2.39
4.8712
6.5795
6.3791
6.0793
5.2938
2.9872
-0.93422
-4.5867
-8.9365
-12.229
-12.253
-11.239
-5.8821
1.3281
8.7481
15.252
17.013
16.228
9.6314
2.0288
-4.3986
-10.229
-12.542
-11.71
-9.6506
-6.8846
-4.5964
-2.5666
-1.4067
1.778
5.5488
8.1729
8.7347
9.2219
8.2316
5.5955
3.0809
-0.2263
-2.7697
-6.7947
-8.8128
-9.6299
-9.6186
-7.8772
-4.209
-1.8982
0.38237
2.1295
4.4514
6.6656
8.1339
7.0444
4.3583
2.1749
0.34727
-1.0061
-3.1894
-3.9497
-3.8185
-2.574
-0.055003
2.8286
5.0183
6.1367
4.6105
4.3144
4.4067
4.8086
3.5537
0.69155
-3.6063
-6.6101
-7.6652
-6.4853
-2.8456
1.6408
4.7418
7.071
9.2
8.4538
5.5578
0.77312
-1.9523
-4.5421
-4.6407
-4.4475
-3.4886
-1.0859
0.31085
1.5926
3.2498
4.7712
4.1096
1.6285
-0.58543
-2.638
-3.3548
-4.3283
-4.0054
-0.76451
2.5319
4.6649
3.696
2.0975
-0.52276
-1.7972
-2.753
-1.6946
1.8561
4.6712
3.8471
1.1417
-5.0404
-6.8791
-3.3001
0.91769
3.4289
2.2217
-2.0313
-4.3577
-4.774
-2.1626
2.1333
4.0383
2.2046
-2.6053
-4.2211
-3.0828
0.93006
2.8937
2.4288
0.022061
-2.7001
-3.4055
-1.3777
1.5626
1.6093
0.97441
-1.9076
-0.93263
2.2428
3.7851
-1.0416
-4.6912
-2.7134
3.9438
5.385
0.33542
-5.9452
-4.334
4.1545
6.8189
0.75649
-5.4584
-5.5033
1.1867
5.2106
2.5933
-3.1185
-6.2353
-2.2548
3.6884
3.1742
-3.1
-5.2938
-0.18265
4.0251
1.8555
-1.6527
-3.2618
-0.82646
2.4887
2.5724
-0.93523
-3.8509
-3.603
1.6788
7.2766
4.6334
-0.5924
-4.2424
-4.3463
-0.46451
4.9208
5.1256
1.2207
-4.4783
-7.2247
-3.8847
4.5543
9.2153
8.2957
1.6189
-4.7171
-8.5094
-7.2968
-1.4884
5.6937
7.6758
4.259
-2.2035
-5.4454
-4.5174
-0.24807
1.6935
2.6685
1.9206
-1.8233
-6.0938
-5.9869
-3.4045
-0.13394
2.427
5.9475
6.3442
5.0203
2.3636
0.69318
-0.52224
-3.0288
-4.1814
-4.4418
-2.2825
0.055111
0.71843
2.6042
3.2308
4.5934
5.2296
4.3284
2.0872
-0.80263
-2.404
-1.4711
0.15089
3.2408
4.9857
6.1668
4.8995
3.173
0.15951
-0.96651
-2.321
-3.0199
-3.863
-4.0668
-2.9426
-1.4956
0.77057
3.537
2.8073
0.77114
-1.1551
-3.7052
-4.7603
-6.3676
-6.7839
-6.5143
-7.5818
-7.0713
-6.5211
-5.8703
-4.9959
-1.5931
1.914
6.1414
8.5145
10.62
11.163
8.725
5.9085
1.9847
-0.98942
-4.7106
-7.8552
-9.785
-9.5818
-5.6767
-2.311
1.4597
6.1272
11.113
14.03
13.764
8.856
3.3338
-2.0206
-6.5175
-8.8205
-9.7202
-9.9199
-8.404
-6.1575
-4.0187
-0.70768
2.5172
4.6909
4.5771
3.1136
2.3538
1.168
-0.23753
-2.3041
-4.4814
-4.7771
-4.4492
-2.4786
0.78269
3.1665
3.0287
1.9529
-0.43314
-2.9374
-2.9384
-3.6052
-4.657
-4.45
-3.7423
-1.2588
1.6755
4.1216
6.6024
6.9945
3.7466
0.68212
-2.2869
-4.7224
-4.7536
-3.227
-0.22701
3.0501
4.6866
5.869
4.405
1.436
-1.9761
-3.2428
-3.1633
-2.6202
-1.4531
0.81174
4.2507
6.2846
5.0329
2.0973
-2.0891
-4.6847
-6.7099
-5.4553
-3.7914
-1.3728
-0.062899
1.9806
1.3098
-0.021672
-0.28092
0.50978
1.2042
2.0442
1.4934
1.7326
-0.15334
-0.35928
-0.31624
-0.10232
1.8113
1.0252
0.23653
-2.3217
-5.405
-4.6092
1.7122
7.2452
7.4682
1.9564
-5.0043
-6.52
-1.956
3.5798
5.125
0.40914
-6.0147
-6.4952
-0.8248
5.1959
7.2946
1.0762
-6.1018
-5.8692
2.2123
5.9519
2.8332
-1.6655
-4.4135
-0.97846
3.0162
1.6438
-0.94434
-2.6019
-1.2809
1.4617
1.3241
-1.0238
-1.8281
-1.2374
3.5827
2.6712
-0.11968
-2.6939
-1.8458
2.9041
3.4765
-0.63602
-3.6489
-2.9047
0.59802
2.9268
1.4078
-1.9851
-3.3627
-1.1166
2.2332
2.6645
1.1118
-0.57835
-1.268
-0.13055
1.8745
2.2009
1.9476
-1.5811
-2.6954
-1.1713
0.20888
1.0092
0.7342
-1.0622
-3.0382
-2.4265
-0.001935
1.2378
2.681
1.0973
-1.884
-3.6324
-0.72948
1.7321
1.495
-1.6423
-3.2881
-4.5758
-1.0783
3.3199
5.4322
4.4498
1.4499
-4.0381
-7.8171
-6.7706
-3.0935
1.3275
3.6663
4.4501
2.89
0.04259
-1.987
-2.5599
-3.4418
-0.68614
1.625
2.5323
2.085
0.039104
-2.122
-0.51277
0.48493
-0.82166
-1.0048
-1.9202
-3.1275
-4.3256
-3.5153
-1.9727
0.78725
1.7343
2.2989
3.0857
3.481
3.0974
1.8028
1.3395
-0.7603
-3.8298
-5.6622
-7.6905
-6.7992
-4.2517
-1.1264
2.6132
5.0777
5.2371
3.8207
1.3623
-1.3868
-2.2242
-2.6243
-2.107
-0.39312
0.63311
2.1953
3.1847
4.3045
3.3277
4.3619
5.8789
6.0687
4.362
1.3555
-4.3445
-8.3956
-8.418
-6.9481
-3.9435
0.11826
2.0998
4.6277
4.8394
4.6556
3.326
0.5768
-1.2784
-2.6833
-3.172
-1.7035
-1.2544
-2.5155
-4.3643
-4.0663
-2.4228
-0.99996
0.65568
2.6314
5.7276
6.675
6.1172
5.7587
4.8008
3.7739
4.8814
4.4573
3.8173
1.2981
-1.0496
-2.2045
-3.3411
-3.7183
-2.6681
-1.8108
-0.49052
1.0412
0.99038
0.48602
-0.87141
-2.1187
-2.4817
-2.7428
-3.6242
-5.2447
-7.2476
-7.1071
-4.7211
-0.92986
3.0087
7.5343
10.054
8.9941
4.9821
0.031371
-3.7812
-8.1871
-10.036
-9.035
-5.8814
0.56237
6.9311
11.304
11.807
8.9225
2.9643
-4.4773
-8.6847
-9.2921
-6.0889
-1.6324
3.8295
6.4898
6.2523
4.1799
0.12161
-3.5036
-5.6693
-4.0401
0.28521
4.891
6.5318
4.4052
0.30634
-3.5516
-5.1593
-4.2967
-0.24534
2.7602
4.2406
3.8086
0.32685
-4.2305
-4.9071
-2.0771
2.1263
4.8212
2.0569
-2.826
-4.6535
-2.4766
2.5326
4.7103
2.1854
-2.895
-4.5963
-3.0636
1.2189
4.1835
2.1685
-2.364
-4.7491
-1.2393
2.7002
4.2194
1.6664
-2.9966
-4.105
-2.0005
1.2893
2.9206
0.23317
-0.15224
0.048688
-0.28542
-0.78942
0.15285
-0.1225
1.2764
-1.0833
-3.9853
-0.19085
2.9427
2.8128
-1.129
-3.6038
-1.3658
2.9968
2.008
-1.8602
-1.5245
1.0531
2.4449
0.99002
-0.31778
-1.4233
-2.7842
-1.5204
3.407
4.0044
-0.5517
-4.9373
-4.1797
2.3229
7.7222
3.8294
-5.6442
-8.2884
-1.432
8.2493
9.8836
2.4048
-4.9966
-7.8509
-4.5937
3.0909
10.219
8.1612
1.8924
-6.118
-9.0843
-5.8667
2.1949
8.4009
8.8565
5.0291
-1.7561
-5.2816
-6.8266
-5.9402
-1.1169
4.254
6.9391
6.9925
3.8828
1.1824
-2.0068
-4.1628
-2.9153
0.29838
2.8238
4.7569
4.6543
4.1565
0.91338
-0.72137
-1.9065
-3.8268
-3.9478
-3.6485
-2.4132
-0.54638
0.83164
1.3431
2.64
2.7785
1.9108
0.80368
-0.26041
-0.56898
0.057555
0.04805
-0.00084593
0.38442
0.63951
0.43054
-0.12671
-1.2288
-1.653
-1.4657
-1.2968
-0.13496
-1.2088
-0.96484
-0.51011
-1.5972
-1.5621
-0.21359
0.88124
1.513
0.8504
1.7151
2.7879
2.6694
1.6027
1.1312
-0.064586
0.79453
1.879
2.8773
4.1997
3.9513
2.34
-0.94222
-4.4047
-6.4747
-8.2571
-7.9423
-5.0469
-0.99261
2.5382
4.946
5.4605
5.0989
3.4207
1.669
0.81889
-0.49516
-1.2184
-0.58166
0.47066
1.1785
1.5025
3.0025
4.5215
3.9286
1.9642
1.0684
-1.4566
-1.5065
-3.1715
-4.4373
-5.3128
-4.4037
-2.309
0.41739
2.0136
2.7492
2.0218
1.5645
-0.33306
-3.1852
-6.337
-9.6676
-9.8441
-8.1054
-4.1847
-0.52228
2.6446
5.1393
5.8891
4.9049
2.178
-0.72475
-3.2296
-3.9898
-3.4486
-1.8945
-0.92026
-0.051215
0.3715
0.24265
-1.7861
-3.3176
-5.2992
-6.7161
-5.3273
-2.6755
0.59644
4.3438
5.1825
4.337
2.5801
0.70667
-1.5717
-1.142
0.78198
2.1647
3.687
2.2085
-1.7176
-4.5441
-5.5638
-4.3997
0.070682
3.6318
6.6597
6.7685
3.816
-0.56133
-5.1309
-6.837
-5.8072
-0.15901
5.7517
7.4315
6.7748
3.7507
0.032863
-2.6505
-4.6357
-4.179
-1.3692
2.0205
5.236
5.1168
0.96216
-2.0637
-4.0048
-3.1412
-0.65296
1.8634
3.5482
1.2473
-1.2153
-3.1164
-4.9208
-1.1355
2.6567
5.8125
2.4303
-3.2289
-5.2305
-0.13242
4.5764
2.0698
-2.9685
-2.9237
1.095
2.8847
1.9077
-0.62747
-2.3335
-2.4417
0.35002
2.0981
0.85535
-1.3798
-1.9112
-0.90813
1.0126
1.7578
2.4473
0.47782
-0.98399
-0.51741
-0.53985
-0.033525
1.8428
1.6607
0.18619
-1.8863
-1.3886
-2.0502
0.52589
2.2756
1.8437
-0.2284
-1.7792
-0.064219
1.7546
3.1902
0.62292
-3.1421
-3.843
0.058138
3.6057
2.706
1.097
-1.4355
-1.5373
-0.52019
0.76974
1.936
1.6804
0.67863
-0.2289
-0.050911
-0.54552
0.41584
0.90691
0.7117
0.085058
-0.51854
-1.9104
-3.6472
-4.1701
-1.4567
1.7611
5.9903
5.7199
2.5336
-1.1603
-4.6747
-4.2656
-2.7794
-1.0712
1.0223
1.095
-0.1849
-2.0077
-3.0946
-2.1455
1.2842
4.3162
5.0764
2.1838
-0.0030449
0.40441
0.19399
-1.3418
-1.5519
-0.62999
-1.5314
-2.6382
-3.5882
-1.2149
0.69728
3.0884
5.8553
5.796
3.5063
1.9877
0.82551
-0.17087
-0.98358
-0.84338
0.33551
2.1794
2.7517
4.3501
4.5921
5.8773
6.2558
6.1028
6.4222
3.7763
2.0023
-0.043549
-1.9184
-3.7903
-3.0859
-3.1537
-1.8691
-1.1435
0.70737
1.9649
2.8177
2.5709
2.4942
2.0222
0.57612
0.99515
2.5057
5.8011
5.7549
4.0415
2.7236
1.4638
0.29622
1.7953
1.6947
-0.29456
-2.2116
-1.6407
-0.6722
2.3726
5.6319
7.2856
6.6233
5.1294
2.7769
-0.74614
-4.0651
-6.2784
-6.0407
-4.8098
-4.2052
-1.8872
1.3738
2.487
1.659
2.8866
2.9621
4.4413
5.9644
8.1281
7.1646
4.0443
-1.5402
-6.0622
-9.1969
-10.014
-8.2708
-4.3622
-0.80632
3.5944
7.251
7.2514
4.623
1.9164
-1.9675
-4.3064
-6.8864
-8.4841
-7.7707
-4.1777
0.70985
4.1596
4.7807
5.533
4.8844
2.8483
0.10027
-1.3667
-3.8237
-6.9304
-7.2337
-5.1384
-1.6911
0.84793
3.7749
5.8122
5.2164
3.9723
2.6632
-0.14868
-3.4188
-5.4844
-5.56
-2.4383
1.9282
4.4296
5.0884
2.529
-1.4819
-5.2115
-6.0468
-4.8102
-2.7616
0.64846
3.6622
6.4496
6.6336
1.9661
-2.7167
-4.7466
-2.6779
-0.60129
0.43347
1.3271
1.3799
1.0624
-0.64904
-2.4214
-1.4162
-0.53089
-0.46257
1.0077
1.3424
1.5368
0.49685
-0.32909
-1.9009
-1.7591
1.1371
2.6491
1.3799
-2.4277
-4.0431
-0.54781
2.7395
2.4279
0.0086465
-2.0301
-2.1687
0.89774
1.8057
-1.1539
-2.3404
-2.4093
-0.089591
1.9146
0.11749
-1.2137
-1.8705
-0.57276
0.70226
0.016184
-0.32165
-0.45499
-2.3914
-0.21649
1.652
2.9198
0.96343
-1.075
-1.266
1.3114
1.1081
0.42055
-0.89227
-0.012662
-0.472
-0.38887
-0.70026
-0.22983
1.5003
1.0766
-0.22358
0.75586
-0.24105
-0.95884
-0.32296
2.547
2.9488
1.2376
-2.3576
-4.4794
-2.5151
1.5237
3.9592
2.6514
-1.3555
-4.7292
-4.4256
0.43748
2.1118
3.0682
0.71589
-1.0249
-2.63
-4.0756
-4.8161
-1.74
0.83606
1.6842
-0.52104
-1.3082
-1.0277
0.53301
1.7007
0.5923
-1.7655
-4.0343
-5.7282
-5.3719
-1.7767
0.38237
2.326
3.565
2.8784
-0.34325
-3.9724
-6.0207
-5.9966
-1.2552
4.2104
6.5869
7.8451
6.9467
2.3021
-1.1859
-3.5841
-5.747
-6.3461
-7.5207
-6.4103
-3.634
1.8556
6.5549
7.9371
7.6903
6.2063
2.2365
-2.7858
-4.9386
-5.2017
-3.5771
-2.4806
-1.6426
-0.39859
1.4474
2.8106
2.4068
1.3012
0.28745
1.2003
1.8218
2.4407
2.6595
2.2032
1.3108
1.1341
-1.137
-4.4317
-5.651
-5.2426
-4.9328
-4.1254
-1.3236
1.1324
3.5609
5.3696
6.8231
5.8143
3.2938
0.34108
-1.4608
-2.1905
-3.1262
-4.9044
-5.0727
-3.1821
-0.43994
2.7871
5.8916
8.425
8.7291
6.7755
4.5901
1.8858
-1.2629
-3.2853
-4.2754
-2.5366
-0.23182
3.2246
7.6475
10.107
11.706
11.135
9.3637
7.0654
4.5135
0.89356
-1.8889
-2.9938
-3.7945
-4.4419
-4.2045
-2.5837
-2.2474
-3.4001
-3.634
-2.5865
-1.913
0.0022658
1.1228
2.4012
3.3971
3.3734
2.7161
4.5764
5.7304
5.1312
3.6702
0.35812
-3.4384
-4.6392
-4.1521
-2.198
1.1017
4.3391
6.5208
7.7342
6.3497
3.7814
1.8728
0.44555
0.70805
1.5148
3.3984
3.4119
2.8385
2.0747
0.23553
-1.2639
0.37822
1.1845
2.8179
4.4961
3.0251
0.029993
-1.8584
-2.4253
-1.554
-1.0316
-1.0476
-0.49763
1.0906
1.109
1.4339
0.79967
-0.39495
-2.2276
-1.6065
-0.57858
2.5241
3.4759
2.0105
-0.58993
-4.3711
-4.528
-0.30889
4.0563
5.1181
2.2566
-1.6466
-4.5681
-3.3682
0.6324
3.066
3.0307
0.49703
-4.9297
-5.6947
-0.42573
4.2119
3.0551
-1.4749
-4.0868
-1.7386
1.8462
3.3949
0.85781
-3.0308
-3.0292
-0.993
0.22946
1.4684
0.73707
-1.9588
-2.7872
-0.95401
2.4936
3.6551
-0.18661
-2.5874
-4.767
-1.444
3.6344
2.2899
-2.7676
-2.7565
1.4307
3.9285
1.2765
-5.3626
-3.8242
2.4158
2.856
-1.3451
-4.4661
-1.2674
4.1965
4.1942
0.40638
-3.463
-5.1358
0.33844
2.9254
1.6111
-0.62846
-2.354
-1.5398
0.7981
2.0902
0.60732
-0.78605
-0.47947
0.067033
2.6759
2.5414
0.50796
1.4464
-0.29626
-0.53739
-0.24567
0.70878
0.56798
-0.39718
-2.3473
-4.225
-4.7179
-3.7055
0.021553
4.4462
5.8188
2.7946
-1.5153
-4.2092
-5.4975
-3.4514
-0.66327
2.7059
2.8916
1.746
0.42554
0.033163
-1.0402
-3.1334
-3.692
-2.2649
-0.85171
0.49943
0.94781
1.102
1.3077
2.5447
2.8317
1.2471
-0.1537
-0.89808
-0.43166
-0.14034
-0.10123
0.65187
0.25158
-2.2346
-4.0926
-4.2034
-1.8339
0.53981
3.3744
5.6137
6.444
4.6199
3.3382
2.0766
1.3726
0.85476
0.22584
1.34
1.1674
0.3882
-1.1459
-3.2146
-5.9221
-7.9184
-9.7504
-10.171
-7.4982
-2.5636
2.1967
5.2852
7.3729
7.465
5.8268
3.3217
1.2987
-0.2009
-1.6726
-2.7975
-3.1993
-1.6459
0.77639
1.2804
0.77
0.24102
-1.2764
-2.1937
-3.3826
-5.1026
-4.9728
-4.1866
-3.2137
-3.4872
-3.3081
-4.7797
-5.5373
-5.2026
-5.0642
-4.251
-1.6831
1.9288
4.9523
8.9439
11.534
10.931
9.8552
5.4432
-1.8823
-8.2955
-14.865
-18.314
-17.006
-11.681
-3.7425
4.0716
10.411
14.849
16.642
15.817
12.637
7.6888
3.1386
-2.9006
-6.7491
-10.235
-11.823
-11.875
-9.5332
-4.2417
0.038345
4.4638
8.5037
10.004
9.4132
5.8353
0.49742
-3.6933
-6.536
-6.3242
-3.1898
0.16652
3.643
3.4597
3.9444
3.7515
0.2526
-3.7604
-6.5452
-7.1119
-5.1909
-1.952
1.3718
3.188
3.158
2.3858
1.9687
0.83953
0.22705
0.28997
0.60417
0.86015
2.6903
3.4235
3.0201
2.5441
2.2182
1.8727
0.26684
-0.88417
-1.7123
-2.189
-0.93474
1.2802
4.5249
4.9101
-0.40337
-5.2643
-6.2526
-2.7966
2.0012
5.4206
5.3142
1.5154
-4.0347
-5.04
-2.9175
3.2677
7.2727
4.9683
-2.3733
-5.0939
-3.5818
2.8971
6.1796
0.84926
-3.8627
-3.2551
1.4289
1.8702
-1.9817
-4.297
-0.66178
3.8669
1.0231
-0.21579
-0.16737
-1.8855
-2.3123
1.6105
2.2072
0.66309
-1.3881
-1.8163
-1.2704
1.3195
1.3033
-0.84878
-0.75408
0.15807
2.9262
0.96902
-2.6585
-3.0209
1.2819
3.0707
1.6153
-2.1456
-3.6197
0.54058
4.4368
2.4091
-1.5501
-3.6545
-2.1955
0.18299
1.3353
1.423
0.79466
0.92636
0.48213
0.19306
-2.2382
-2.5867
-0.09395
2.2171
3.937
2.7428
0.29093
-2.0691
-1.6292
-0.26734
1.5126
0.61274
0.79835
0.72154
0.36979
0.5295
0.23568
-1.1347
-2.5619
-1.7756
-0.69875
0.67496
0.34438
0.016584
-0.12829
-0.0067871
0.71715
1.9699
2.1817
2.1708
0.85662
0.43042
-1.1421
0.27651
0.97217
1.3276
-0.83869
-4.6198
-5.0717
-3.6472
-3.1155
-0.8538
0.39603
3.2444
4.4815
3.095
-0.55957
-4.9163
-6.5554
-5.6217
-4.1169
-0.85793
2.7612
3.2802
2.7707
3.9558
3.7081
4.1694
2.27
-1.034
-3.3807
-4.0465
-5.407
-6.6546
-5.5299
-2.9486
-1.0989
1.1076
2.868
5.4132
6.9674
7.484
5.4591
2.0741
-1.9245
-5.1952
-7.819
-8.1903
-6.356
-3.528
-1.5688
-0.43269
0.69605
3.2001
4.5981
4.4202
2.3488
0.23394
-3.4721
-7.1423
-9.6467
-10.957
-10.028
-7.5103
-4.6382
-1.9455
0.6782
5.1538
7.4201
9.4815
10.002
7.5511
4.5002
0.53013
-3.1948
-4.1924
-4.965
-6.1245
-7.1301
-6.1804
-4.3997
-1.1526
1.3469
4.5394
6.4939
7.0156
7.5135
7.2133
5.3084
2.3362
-1.1286
-5.8674
-8.0366
-7.5599
-6.5802
-4.4592
-0.24593
3.6895
6.7313
8.0161
5.2824
-0.11097
-5.3104
-8.6118
-9.7417
-7.3455
-2.4889
0.49221
1.157
2.8014
3.6069
3.4611
1.4787
-0.49339
-1.6413
-3.6607
-6.0442
-7.3869
-5.6314
-3.3957
-1.3312
1.7506
5.7124
9.4241
10.166
8.6652
3.8083
-2.6181
-8.2619
-12.185
-12.225
-7.2003
-0.218
6.5344
10.656
9.0756
5.5244
1.2092
-3.7042
-6.5415
-6.876
-5.2737
-1.6505
2.4485
5.5368
5.2086
0.63443
-4.019
-5.1325
-3.3423
-0.054433
1.4122
1.8191
0.33805
-2.599
-4.5384
-3.3081
2.1449
5.3321
5.5371
0.81549
-3.9869
-5.4444
-4.1403
0.79637
6.1866
6.7038
0.40953
-6.3314
-5.6712
-0.1177
5.0539
6.578
1.5361
-5.2732
-6.4598
-1.0215
5.16
4.4036
-0.77148
-2.7261
-0.42608
4.0388
2.897
-1.2635
-3.805
-0.029389
1.8034
2.6153
0.58888
-1.9008
-0.78045
0.14966
-0.051158
-1.0262
-1.813
-1.1966
-1.1797
0.50106
-0.3577
-1.7637
-0.1805
0.051003
-0.06905
-0.61889
-1.5292
0.22027
2.2233
1.4048
0.17584
-2.1596
-1.1893
-0.79523
0.53257
2.7771
1.1829
-2.2873
-4.575
-2.0859
4.5216
6.5768
0.13526
-5.0149
-3.5596
1.3108
4.0477
2.7504
-0.06671
-3.0128
-3.4169
-1.0076
1.4916
4.1209
2.6308
1.2288
-1.1889
-2.5055
-2.5089
0.68757
4.413
6.1392
3.1856
-2.1541
-5.6825
-4.0174
-1.4406
1.6591
2.1599
1.5835
0.44929
-1.6647
-4.0109
-3.6045
-1.5826
1.4421
3.2195
5.2213
4.9058
2.2833
-2.4677
-5.8651
-7.1792
-5.5444
-2.9532
0.18532
2.4708
4.7171
5.7272
5.5314
4.5856
2.499
-2.8844
-7.9601
-8.3003
-7.3306
-4.5018
0.73091
4.4325
8.1372
10.154
8.8776
6.0261
2.4284
-0.28616
-1.7949
-4.1282
-4.9857
-3.4703
-2.1411
-0.088236
2.5844
3.1802
3.409
3.1882
1.9256
1.1851
1.5039
3.4787
1.9271
-1.349
-3.3925
-4.5266
-4.6037
-3.3927
-1.7859
0.24743
2.857
4.9882
7.3968
7.8062
7.8662
5.823
4.1227
1.5483
-2.7771
-6.2276
-8.5239
-9.9311
-8.2091
-5.118
-1.5103
2.9059
7.3818
10.033
9.8478
7.468
4.4986
2.7532
2.0631
0.56543
-1.6978
-3.6577
-4.5822
-2.9848
0.061713
2.6447
4.213
5.266
6.2917
7.0816
7.8845
5.9453
4.0776
-1.3022
-7.2505
-10.795
-9.7297
-6.005
-1.017
2.6515
4.8906
4.7274
3.3148
-1.4536
-5.7051
-8.7243
-9.4768
-7.6484
-3.4663
-0.5516
2.5892
4.47
4.9251
3.787
3.8469
4.181
3.4734
2.7941
1.6363
-0.25362
-3.7263
-6.3668
-7.0039
-4.3865
0.01212
3.6347
6.3786
8.2707
8.2169
4.6916
-1.3476
-5.468
-6.0206
-3.7786
0.64283
6.1499
9.8498
8.4091
2.3248
-5.0266
-11.114
-9.7517
-3.0618
3.65
5.6842
4.1235
0.30388
-3.9191
-5.1178
-2.1623
1.7078
6.4041
4.7125
-0.25338
-4.2818
-4.4448
-1.3024
3.0566
4.8446
4.0491
2.2884
-1.9222
-3.8528
-2.6345
1.4138
2.2938
1.1995
-1.3377
-1.7713
-0.23103
1.6404
4.1314
3.2842
0.84928
-1.2809
-2.1215
-0.43352
1.7096
1.7402
2.9046
0.98901
-2.0294
-1.0329
0.43729
1.1029
-1.6692
-2.7737
-0.091869
2.6662
1.7302
-1.6361
-3.618
0.82335
2.5967
1.1047
-1.1501
-0.38401
0.44125
2.608
2.2251
-0.91251
-1.0555
-0.27205
1.4831
2.0045
0.77659
-0.62611
-0.99239
0.47642
1.9067
2.517
0.68843
-1.8949
-0.37072
0.92087
-0.68886
-2.8522
-1.7257
0.25597
3.9113
4.6297
0.99869
-3.4508
-3.6236
-1.6863
-0.40857
2.4618
0.087952
-2.6587
-3.6819
-0.96779
1.9425
2.723
2.7122
2.7386
1.3029
-3.7839
-4.6324
-0.65559
2.7429
1.0218
-1.4168
-3.6237
-4.294
-2.4255
0.65981
2.8749
2.7035
0.39493
-1.9613
-4.0502
-4.713
-4.1224
-0.87949
1.4679
1.8057
0.84386
-0.17351
-0.59146
-0.30056
1.2231
1.6234
1.6621
-0.088396
-3.591
-6.6459
-7.0047
-3.4241
0.23195
3.7122
5.3888
3.8075
1.7912
-0.1568
-3.4853
-6.696
-6.6175
-5.3493
-4.5281
-3.4807
-1.0681
2.5459
7.413
10.1
8.1613
2.9352
-3.7469
-8.9727
-12.371
-12.794
-9.774
-5.3045
-0.27726
4.3727
8.3424
10.633
10.788
8.0713
4.0915
-0.035211
-2.8576
-4.9121
-4.8074
-5.1858
-4.3643
-3.6273
-1.4797
-0.90163
-0.056604
0.25625
1.0826
2.3628
4.5086
6.1992
6.6543
5.9034
3.4
-1.4983
-4.8678
-7.4259
-9.857
-10.63
-11.562
-10.093
-6.854
-1.4521
1.4379
2.9631
3.8496
4.0647
5.2735
3.8011
2.3998
-0.7764
-3.6234
-4.9088
-5.1668
-4.1606
-2.0659
-1.5675
-0.24605
1.0558
2.5191
4.6933
6.1948
6.7837
5.342
3.2011
0.77415
-0.14658
-1.0546
-0.90918
-1.7306
-1.5985
-0.24458
1.0018
1.3743
2.3828
1.0634
-1.179
-3.0981
-3.7707
-3.5267
-2.5942
-2.0961
-0.046266
2.177
2.1513
2.3898
0.90225
-1.0325
-2.0092
0.3061
1.1473
2.0807
2.6004
2.1359
1.9448
1.283
-1.2068
-2.9962
-3.8599
-2.7591
-1.2781
1.455
3.7571
3.8782
3.1987
0.50744
-2.5163
-3.6294
-2.6097
-1.0891
1.54
4.0269
3.9866
3.4445
1.509
-0.03488
-0.62661
-0.051954
3.001
5.5113
4.7356
0.12227
-4.0711
-6.2121
-1.1153
4.314
4.9247
2.0698
-1.9961
-2.4329
-2.2865
-0.93478
0.69668
2.1309
1.5201
-0.03662
-1.8056
-2.1328
0.95589
2.4387
1.9256
-0.6886
0.047694
2.2288
0.84436
-0.73921
-1.0549
-1.2568
0.35502
3.6849
3.8178
0.025909
-4.1739
-3.753
-1.1733
1.8444
2.171
0.69744
-1.155
-1.5152
1.0795
3.1676
-0.42546
-3.8237
0.23007
3.1434
0.60459
-3.2843
-4.2432
0.36066
3.1453
2.3587
-1.1751
-2.6517
0.57018
3.1262
1.7697
-0.46852
-2.864
-0.13308
4.4395
4.2958
-0.69317
-5.0732
-3.112
3.3305
5.3243
1.715
-3.0937
-4.4713
-0.99894
1.0895
2.86
0.18236
-3.4962
-4.9319
-3.3238
-0.54008
2.2053
5.0147
2.9715
-1.0874
-1.8258
-1.1627
2.0716
3.2116
2.5227
1.9168
0.94851
-1.1694
-3.9004
-4.9456
-3.0201
0.58572
5.5507
7.0489
4.4401
-0.87214
-5.2961
-7.9394
-7.8497
-5.9514
-0.42347
4.4434
8.7557
11.16
9.371
3.6426
-3.6763
-8.1808
-9.786
-8.0792
-5.1017
-0.71268
3.4764
5.9308
5.7995
4.7091
2.7279
0.39268
-2.5119
-5.1643
-5.7199
-5.5919
-4.1194
-2.3595
-2.4894
-2.5608
-1.0908
1.1741
1.8221
1.0228
-1.4804
-3.4865
-5.4349
-5.6526
-5.7354
-2.9496
1.7079
5.6209
8.5412
9.626
8.3844
5.4022
0.78772
-3.1818
-7.0423
-11.257
-12.055
-10.501
-6.0188
-2.0318
1.1864
4.593
5.9599
6.6566
5.6051
4.1876
2.0565
-0.062859
-3.5449
-5.831
-5.5485
-3.5648
-0.16429
3.5148
6.536
9.6686
11.783
12.783
10.874
9.0054
4.8783
0.15923
-4.0821
-7.7306
-8.4865
-6.0378
-2.6868
1.2193
4.2319
6.3077
7.7096
8.0922
5.9041
2.7791
-0.68301
-3.7374
-5.4858
-5.6166
-5.8991
-2.1811
1.5824
4.1405
7.2769
8.2565
7.8138
4.6077
2.5638
-0.8119
-3.5893
-5.3154
-5.9709
-5.2964
-3.8761
-1.8125
1.076
3.0833
3.8264
4.643
3.0047
2.1706
1.4095
0.79896
0.90175
2.6008
1.873
1.0473
0.51732
-1.8265
-5.2401
-6.1303
-5.4839
-2.0503
1.2674
4.482
4.4688
3.8769
3.9129
2.2098
-0.17613
-3.0267
-5.863
-5.6049
-3.103
2.1607
6.5981
8.8783
6.5677
0.45552
-4.9971
-6.0607
-3.467
-1.3863
1.7301
3.5185
2.5904
0.033221
-2.4698
-2.9343
-1.4838
-0.012466
-0.90442
0.19087
0.75286
0.060891
-0.51749
-0.88719
1.327
1.368
1.7241
0.80205
-1.0117
-1.2159
0.99927
1.5313
0.34686
-1.4446
-2.9706
-2.0953
0.95783
2.8625
0.49534
-2.3897
-1.4222
0.74619
0.26541
-1.574
0.1156
1.8116
2.1049
-0.10432
-2.5091
-0.23682
2.0063
1.1977
1.6457
1.7245
-1.2973
-2.9992
-0.54992
0.92595
0.33246
0.15038
-1.2772
0.11181
1.2126
-0.94679
-0.21966
0.81735
0.11929
-1.2255
0.68231
0.09704
0.47088
-1.066
0.09079
1.2193
0.17527
-0.46727
-1.7212
0.85498
1.9873
0.49786
0.50673
1.1504
0.20525
-0.77121
-0.60091
1.3547
2.2746
1.7269
-1.1589
-2.8048
-2.0364
-0.12332
1.1073
-0.053875
-0.54959
0.52886
2.663
3.7495
0.45296
-4.1421
-4.3046
-1.5642
1.6614
2.7932
1.4291
-0.65128
-2.6345
-1.5319
-0.28252
0.7584
-0.90748
-1.4338
-1.1194
0.25515
0.49439
-0.4778
-3.0121
-4.5845
-3.4058
-1.6424
0.73348
3.1893
3.7241
2.315
-0.91473
-4.8146
-7.741
-8.6817
-6.3863
-1.8469
1.6044
2.9478
3.3694
2.5469
1.4897
0.68358
-0.78002
-2.8197
-3.0131
-4.9586
-5.031
-3.1103
-0.96234
0.0088256
2.3415
4.5169
6.2368
6.482
5.2216
2.8496
-0.60637
-3.1642
-4.245
-4.0162
-2.9429
-1.58
-1.9786
-2.2367
-3.2604
-5.0437
-4.286
-3.2732
-2.8718
-1.82
0.95338
4.2788
6.5643
6.9952
5.8992
6.6923
4.8944
1.9933
-1.5452
-4.6069
-6.5288
-7.8379
-6.4566
-2.6124
1.4989
2.9941
4.5377
4.2036
3.1401
2.0269
0.64994
0.057927
-1.6404
-2.0185
-3.5937
-4.1633
-2.3888
-0.040879
1.9671
5.173
7.2727
7.4616
5.0453
3.5079
-1.6938
-5.0385
-7.044
-7.6258
-6.7248
-3.8363
-1.6676
0.18326
1.2698
1.6361
1.8001
1.5988
1.3352
3.4103
4.0434
5.5641
4.8356
2.9205
-0.65272
-4.2797
-5.7891
-6.7756
-5.7345
-2.3892
2.5357
5.7998
6.0543
3.0515
-0.31445
-4.3726
-7.8979
-9.834
-8.1024
-3.3797
1.6328
4.9685
6.1232
4.8306
3.6228
2.3416
-0.98021
-5.4716
-8.4798
-9.0542
-6.1782
-0.45454
6.0025
9.2334
8.5888
4.2192
-2.0367
-7.4356
-8.4872
-5.7211
-0.61872
4.1191
7.8633
8.8846
6.279
0.40025
-7.1944
-12.201
-10.424
-3.5276
3.7279
8.9591
9.2381
2.9533
-3.1098
-9.0675
-9.7679
-2.9547
4.4431
9.5562
8.2894
0.14182
-9.2054
-7.7836
-1.2466
5.0898
7.259
3.4988
-3.696
-5.0329
-1.5647
2.69
1.2143
-1.294
-2.8312
-0.32611
0.77865
0.90903
-1.0317
0.9396
0.63219
0.2099
1.0139
-0.81412
-0.95117
1.9265
2.592
-1.0617
-3.3819
-1.3901
2.3088
1.189
-1.7737
-1.122
-0.58637
-1.0061
-1.8124
0.97296
1.565
1.1683
0.69719
0.42454
0.39647
-3.432
-2.8399
2.4169
3.9269
0.70508
-3.8619
-4.1631
-1.3652
1.8641
1.501
0.035636
-1.9542
-0.05843
2.3718
2.158
0.10165
-4.2005
-5.6389
-0.32238
4.5397
4.6346
0.54035
-2.2773
-2.1889
0.27422
1.8423
0.56132
1.0583
0.90363
0.97515
0.34489
-2.1807
-2.812
-2.1665
1.2347
4.1336
3.9997
1.9527
-1.425
-4.0029
-4.8155
-3.0912
-0.72242
1.4246
3.3343
4.2886
2.715
-0.0099231
-0.81312
-1.3223
-1.913
-2.1288
-2.7651
-1.7468
1.0178
4.1362
5.3666
3.4112
1.278
-1.8475
-2.2092
-1.2052
-0.94264
0.71953
2.9921
3.9455
4.7151
5.1364
6.2516
5.0842
2.3804
-0.15553
-3.1209
-5.9711
-7.9022
-8.5771
-4.6159
-2.5547
0.88293
4.6044
6.526
7.0981
6.368
3.843
0.084789
-1.7005
-3.5383
-6.2792
-6.6377
-5.1467
-1.6212
2.3577
6.5657
7.7257
8.2597
8.1479
6.1084
1.3049
-4.1225
-7.5524
-9.4649
-9.4871
-8.6814
-8.4128
-7.1569
-5.5556
-1.9599
1.0032
3.0893
6.4764
8.7821
9.1583
8.4846
4.237
-0.47763
-6.2192
-10.441
-13.268
-13.681
-12.956
-10.683
-7.3738
-2.6939
1.9426
7.5255
12.552
15.274
12.771
8.449
0.40015
-6.6271
-10.672
-13.383
-13.258
-8.0903
-1.9851
3.8735
8.5111
12.34
13.701
11.868
8.9533
4.0115
-2.4141
-7.1475
-8.7419
-8.3947
-6.9561
-6.2936
-3.2909
-0.52383
2.6749
5.1871
6.9544
6.1296
2.3881
-0.2028
-3.4614
-3.6033
-3.4431
-2.7365
-2.1545
-1.9714
-2.1907
-0.2304
1.6262
2.2897
4.4619
4.8724
3.9809
2.5007
0.63939
-1.7946
-3.6425
-5.5003
-5.1491
-4.936
-2.0187
2.5481
5.2438
6.0846
5.7391
4.3999
1.3228
-2.8803
-5.8556
-4.4183
-1.4468
2.2249
4.8756
3.9237
1.5306
-2.4047
-6.2291
-7.0162
-4.8849
-0.22251
5.5127
7.6678
5.5557
-0.85956
-5.6699
-5.5519
-2.4464
1.6642
4.0233
3.7303
-0.35101
-3.9239
-3.9996
-0.84345
1.6497
1.8403
1.902
-0.38569
-2.8913
-2.8545
-1.5036
1.8911
4.7273
1.2478
-2.9793
-4.4109
-1.4943
1.5865
2.2384
0.61654
-2.55
-2.3992
0.89401
1.5611
0.78981
-0.95208
-2.5529
-0.93577
3.6406
4.6633
-0.19251
-2.9175
-0.71791
2.0682
1.6041
0.67796
-0.88312
-0.57861
1.779
2.421
0.6973
-2.3524
-4.3543
-2.1006
2.3719
3.9683
0.92782
-1.9806
-1.7294
-0.52773
1.7491
0.62982
-1.1001
-0.75944
2.3139
3.5168
1.8053
-2.6212
-2.2211
-1.3422
2.4471
2.3
1.0331
-2.1158
-3.4837
-1.4842
2.2553
3.8677
3.7107
1.3777
-1.2392
-2.9131
-3.3919
-1.2072
2.9659
3.102
1.3155
-0.29671
-2.6951
-1.7316
-1.508
-1.0558
0.66546
2.0971
2.6296
1.1921
-0.38119
-1.722
-1.6791
-2.007
-2.8589
-2.6199
-1.9439
1.1211
1.7656
2.6295
2.6525
2.0108
0.15453
-1.2066
-0.58272
-0.80466
-1.4745
-2.787
-2.2137
-1.8883
0.23855
1.6819
1.7965
-0.75104
-2.3314
-2.9081
-2.8808
-0.33881
1.5675
3.6451
4.895
4.0091
0.2519
-3.7619
-5.5208
-5.3391
-5.5469
-5.1043
-3.5403
-0.86167
1.504
4.4691
6.6364
6.2271
4.4219
1.5759
-1.6788
-1.8597
-0.20511
0.31523
0.018811
-1.6371
-0.49218
0.015249
0.87031
3.0271
4.9827
4.9098
3.7745
1.6919
0.58821
-1.3275
-2.303
-3.3825
-4.146
-3.4941
-2.5916
-0.91899
-0.66654
-1.1319
-0.91287
-2.0823
-2.4468
-2.8253
-1.8195
-1.4245
-2.5845
-2.5924
-3.748
-2.696
-0.40064
3.6499
6.8762
9.3118
9.4399
6.568
2.712
-0.36736
-2.8845
-3.8636
-2.3506
-1.7091
-1.1153
-1.987
-2.9685
-2.8923
-1.7918
-0.71397
1.3018
4.1023
6.4751
6.0022
5.1569
2.5039
1.5681
3.481
2.7756
0.68392
-0.013714
-0.32206
2.056
2.4014
2.0831
-0.30444
-3.3119
-4.6977
-6.2057
-6.215
-5.0863
-3.119
-1.8807
0.59829
3.3562
3.715
3.9781
4.7584
4.2006
2.3401
0.0087766
-0.66244
-1.9435
-2.2883
-2.6973
-2.0217
-1.2359
-0.10636
0.38284
1.196
-0.084754
-1.7867
-1.7688
-0.67594
1.5045
2.2335
2.0454
0.81038
1.5388
2.2364
0.74553
0.50955
-1.3798
-0.92402
-0.89868
-1.0739
-1.6948
-0.09052
2.5303
1.9083
1.0396
-0.17958
-1.3382
-1.0907
-0.32097
0.42832
-0.70357
-2.1823
2.0639
3.6911
3.5921
1.4113
-0.29685
-1.8176
-2.0768
1.4412
2.426
-0.087266
-4.5835
-4.6495
0.53335
5.9747
3.9682
-1.5246
-6.4982
-0.53133
4.1435
1.6816
-1.8253
-3.1733
-2.3557
0.68307
5.0487
3.4066
-2.2441
-3.9837
0.72991
3.2809
1.0281
-1.8572
-1.2883
2.5871
1.2698
-2.5628
-2.4489
0.73256
2.0747
-0.70168
-0.26713
1.3531
0.79519
-0.83532
-0.70434
-0.90494
0.61437
2.5945
-1.0278
-3.7511
-0.80515
4.0844
4.1419
0.36519
-4.5155
-4.4775
0.2957
3.2258
1.5161
-2.4824
-1.9198
1.0012
3.159
1.5103
-0.59676
-1.4605
-1.9446
-0.64733
0.74333
2.0036
2.1231
-0.063296
-1.4704
-0.59792
-1.3019
-0.36461
0.048872
0.40704
0.69599
0.13705
-1.4423
-3.4201
-1.8641
-0.90436
-0.75088
-0.53634
-0.62154
-0.085644
0.29732
-0.1317
0.50252
0.83812
1.6413
1.4923
1.4978
1.5281
0.36918
-2.6274
-5.3578
-4.6237
-3.1192
-0.015474
1.4894
1.138
1.6839
1.2316
-0.24349
-0.4052
-1.6982
-2.1065
0.29208
3.4461
7.3555
7.7247
6.6769
3.2569
-0.19419
-6.1629
-11.109
-14.002
-13.049
-9.1419
-3.2775
4.1858
10.042
14.978
16.649
12.742
8.2259
1.2726
-4.517
-7.8755
-10.046
-9.6228
-8.579
-5.1687
0.70122
5.3201
9.0859
12.579
13.837
11.421
6.4207
-0.15283
-4.7808
-7.3904
-8.5724
-9.5709
-10.104
-9.0366
-7.3225
-4.6875
-2.8566
-1.3041
-0.783
-0.27326
-0.0072132
0.66147
3.1141
2.6744
1.907
1.6963
0.99873
0.91666
0.61436
0.25377
-1.2478
-2.2327
-2.174
-2.473
-2.1013
-2.0839
-2.7618
-2.2168
-0.93567
0.98623
3.1088
4.3912
4.3533
2.9598
0.065239
-2.4456
-3.7032
-4.4242
-4.2361
-2.4268
-0.90357
1.2628
3.9536
6.678
8.1778
7.6877
4.1502
-0.2444
-3.473
-7.0763
-7.622
-7.1277
-5.4906
-3.9947
-1.4838
0.9525
4.0266
5.1768
5.5589
5.1434
3.5466
0.81931
-1.0628
-3.2817
-4.7865
-4.5092
-0.74264
2.2937
3.4313
3.6962
3.0718
2.0717
-1.0332
-3.1845
-4.577
-5.6236
-5.5685
-3.8996
-0.51955
3.1807
3.9606
2.7875
1.6964
0.16866
-1.1577
-2.2896
-1.6908
1.793
4.8061
5.7474
3.4953
0.73827
-3.4425
-4.6454
-4.0344
-1.6075
0.99597
3.0832
2.5516
0.088663
-2.0554
-1.444
-0.088521
0.79609
-0.34057
-1.0166
0.58436
-0.57054
-2.4428
-0.90564
1.2183
2.8529
1.6564
-1.238
-2.5094
0.41746
1.6649
0.48766
0.70896
2.1423
0.87179
-1.5569
-0.69462
2.0756
2.3313
0.66235
-1.6363
-1.5002
-1.0742
1.5261
1.2502
1.223
0.3022
-0.36224
1.1763
0.48048
-1.438
-2.0331
0.19709
2.5923
2.4013
0.2374
-1.0185
-1.6263
-0.281
1.8278
0.56426
-2.4863
-2.8667
2.08
3.1192
0.23477
-3.8745
-1.437
2.6753
3.5338
0.021375
-5.311
-5.0216
1.3262
5.9813
3.3543
-0.80284
-4.8221
-5.5423
-1.1788
5.5787
5.7089
0.018445
-4.443
-2.8088
-1.1812
0.9782
2.8667
3.4342
1.7508
-1.868
-2.5104
-1.1147
1.7335
0.74641
0.64961
-0.18531
-0.16715
0.91731
1.9288
2.3438
0.78298
-0.77562
-1.123
-0.2842
0.37491
2.2609
3.1758
3.8299
3.3587
0.88851
-1.8389
-4.2122
-5.2014
-4.7507
-2.4337
0.84412
6.2425
10.767
10.851
7.0849
2.3901
-3.8364
-8.445
-10.367
-9.7769
-6.2677
-2.4285
2.6928
5.736
8.2864
8.7915
7.4344
3.9419
0.28728
-4.3282
-7.9927
-9.5891
-10.232
-6.6294
-0.97561
4.058
6.3885
6.4648
4.575
2.5359
1.3031
-0.92332
-2.4823
-2.5998
-1.3827
-0.84641
-0.41952
0.91391
1.9834
3.7517
4.3488
4.5563
3.487
2.1203
1.6012
-0.25145
-2.5007
-4.1453
-5.9069
-5.531
-3.7917
-2.0256
0.95645
4.5848
8.8389
10.401
9.5263
7.9943
4.7256
-0.17304
-4.4633
-8.6578
-10.462
-8.3055
-4.7348
1.271
6.3034
9.7966
10.472
10.765
8.4993
5.8094
2.8546
1.4733
-1.8019
-3.7044
-4.9492
-6.6807
-6.2729
-5.6483
-3.7286
-0.026925
3.5363
6.7504
10.299
10.025
6.2719
1.1955
-4.0949
-9.3325
-13.767
-14.559
-11.794
-6.7121
-1.1706
4.1849
9.2522
11.854
10.536
8.0853
5.4082
2.0353
-2.2474
-5.3636
-8.1866
-10.726
-10.192
-8.662
-6.6494
-4.5643
-1.6309
3.0776
7.18
10.617
10.706
7.3067
1.6502
-4.4816
-8.9482
-10.692
-7.883
-4.2264
0.27514
5.2073
8.2709
7.9881
4.5989
0.99455
-3.7241
-7.6639
-6.7743
-3.9196
0.2633
3.2095
5.9233
6.8518
3.2517
-0.49367
-3.1592
-5.244
-5.7133
-4.3557
-1.6613
0.83537
4.9719
5.5882
4.5435
0.29505
-4.2567
-3.1717
-0.33541
2.2398
4.3264
1.6155
-2.6841
-4.5413
-1.6484
3.7635
4.2856
0.94524
-1.2672
-3.2245
-2.7835
-1.5196
1.965
2.771
2.1401
-1.7367
-3.5147
-2.6149
0.13427
3.7782
2.6149
-0.93248
-3.7361
-0.67501
2.7172
1.5644
-2.4246
-2.1865
0.13982
1.4813
0.33216
-0.99288
0.014879
1.116
-0.62425
-1.2207
-1.458
0.27016
1.9042
2.35
-1.1579
-2.8788
0.060492
3.4944
1.7007
-3.7301
-3.2372
0.39254
2.1765
2.6031
-0.69449
-3.4596
-1.9071
2.4977
3.51
0.696
-2.5305
-2.5651
-0.42598
4.1384
2.8059
-0.30805
-4.2529
-4.257
-0.78564
1.7692
0.29339
-1.1819
0.18336
1.8046
2.3319
2.3709
0.72411
-0.70288
-0.98617
0.54177
1.2512
0.75743
0.65857
0.65319
0.0025443
-0.45752
0.74929
1.7658
3.3723
2.4218
0.23137
-3.2456
-4.6793
-2.523
0.32271
2.5504
4.0674
4.5304
1.7598
-1.3114
-3.3981
-6.0967
-6.5251
-5.0271
-1.4255
2.2642
4.4024
5.2281
4.2594
1.1966
-4.1567
-7.3286
-8.8461
-6.8563
-2.684
1.6391
6.2315
9.7192
12.137
10.732
8.7441
4.4251
-0.19886
-4.0179
-6.6721
-8.3131
-7.5104
-4.1509
0.35874
2.0216
3.1529
5.0742
7.0543
8.501
9.397
8.0825
4.3134
1.4124
-0.17689
-2.1131
-3.2653
-2.5794
-3.1638
-3.0701
-1.8219
-1.3716
-1.4458
-1.8749
-2.4512
-1.5496
1.0167
3.5898
6.1718
6.1683
4.7251
0.75833
-2.9155
-5.8964
-7.8107
-9.2786
-9.6361
-8.5166
-6.9003
-5.7053
-1.9939
2.7705
6.1583
10.862
12.409
11.212
8.6022
5.8913
1.8863
-3.4061
-7.427
-9.7699
-9.983
-10.372
-9.2724
-7.825
-4.8764
-1.7535
1.2523
2.5741
2.8095
1.9337
0.096694
-1.9277
-3.2421
-4.8225
-5.0004
-5.3784
-4.7537
-2.6386
0.70815
5.4604
8.9333
11.862
11.632
7.8023
2.8152
-1.09
-4.9104
-6.6277
-5.8732
-5.3815
-4.4263
-1.3602
2.2425
5.797
8.5108
7.3917
4.1585
0.068479
-4.4153
-8.7947
-9.3403
-9.1458
-4.9678
-0.77357
3.0196
3.2942
2.0493
-0.31492
-3.0431
-4.7975
-4.7869
-1.7552
1.4424
2.4987
2.6407
1.4713
-0.13328
-2.2725
-4.0018
-3.1701
-0.62235
1.9372
2.6504
0.98462
-1.1169
0.54882
0.83354
0.12695
-0.86699
-1.8031
-2.0481
-0.95618
0.49101
3.463
3.0765
-0.41671
-4.1869
-4.9584
-1.7235
2.249
4.5864
5.1115
1.9609
-1.7855
-2.5403
0.61886
1.3202
0.85429
-1.5301
-1.2822
2.3076
3.2479
0.034661
-1.8835
-1.5178
-1.6449
-0.81826
0.013542
0.56796
-0.37977
-1.8965
-1.8111
-0.37035
2.2107
2.9365
0.4384
-2.2175
-1.1682
0.54483
1.5693
-0.51494
-2.3947
-2.3619
1.0064
2.6076
0.76059
-1.4706
0.025028
0.57241
-0.64404
-0.78095
-0.28514
1.0081
1.3019
0.22251
-1.9609
-0.29225
1.7972
1.9104
-0.79613
-3.653
-2.7049
3.1158
5.625
0.043238
-6.5028
-5.6322
1.4937
6.8099
3.1031
-2.354
-5.1563
-2.096
4.7488
5.1021
0.14303
-4.3536
-4.9355
0.29773
5.597
5.5349
2.4486
-1.0033
-1.8495
-1.9292
-0.36976
1.0161
2.237
1.4209
-0.85052
-2.4059
-2.1922
-0.76276
1.0563
3.5223
2.7974
-0.54024
-2.2629
-2.7922
-3.0646
-2.7245
-0.9666
1.668
2.5713
2.5862
0.74979
0.11024
-1.6443
-3.4801
-3.2008
-1.2543
-0.080651
0.58622
0.70066
1.2279
0.92031
0.65177
-0.30461
-0.18513
-0.2282
-0.090595
-1.1279
-3.556
-5.0969
-4.6701
-2.7082
-0.1831
2.8248
6.5902
8.9009
8.2491
5.8186
2.5584
-1.6695
-6.161
-8.5864
-9.6528
-9.8909
-10.005
-8.6308
-4.5955
1.3932
5.8672
9.6433
11.592
11.424
7.689
3.4327
-1.4103
-6.9954
-10.318
-12.279
-12.003
-9.8157
-6.8648
-1.1419
3.3653
7.2899
8.7021
9.0907
7.4201
3.8495
-0.40961
-4.0704
-7.2934
-10.357
-11.524
-12.225
-10.688
-6.6584
-1.6252
3.4815
6.413
8.0531
9.4271
7.965
6.4461
4.1289
-0.76616
-6.0563
-8.5962
-9.6813
-10.016
-9.1777
-8.727
-7.8618
-2.795
1.45
5.5739
7.9177
8.0852
6.6423
4.64
2.3393
1.3985
-0.13952
-0.72779
-1.5276
-0.9477
-1.7652
-3.0271
-2.6247
-0.36723
2.6554
4.1464
5.0823
4.0917
1.9013
-1.04
-4.6517
-7.1239
-6.4867
-3.7702
-0.22428
3.1984
7.1753
9.3686
9.648
7.3444
3.2058
-1.9146
-7.609
-10.142
-8.2988
-3.4274
0.90802
4.8793
5.9035
5.5659
3.0772
-0.3941
-3.189
-4.2242
-5.1508
-4.7453
-3.3878
-0.81114
1.7009
1.853
1.2075
-0.20103
-1.7902
-2.4153
-1.8404
-0.72486
-0.0019102
0.95397
1.1744
0.2554
-0.1493
-0.60797
-1.322
-0.789
0.32396
1.6224
1.2545
0.13612
-1.8589
-1.8268
0.043348
1.7183
1.9513
-0.32725
-0.35375
-0.8041
-0.022253
-0.43907
1.2578
1.28
-0.91539
-3.6598
-3.0754
-2.0204
-0.78099
0.065138
-0.82348
-2.0611
-2.7812
-0.33261
2.2644
0.82452
-2.2332
0.39215
3.4899
1.7327
-2.4675
-1.4204
0.39709
1.3229
-0.55345
-3.2393
-1.3609
0.88445
3.4065
1.7594
-2.9435
-3.5745
0.94927
2.6141
-1.2048
-2.6049
0.83177
1.445
-0.75315
-2.5676
0.37295
0.11502
0.46043
-0.91521
-0.87682
-1.1692
1.6027
2.9664
1.4881
-3.9553
-4.2569
-1.4554
0.63548
1.9917
-0.34758
-1.12
-1.1157
0.23491
2.3731
2.8012
2.5787
1.3503
-0.78845
-0.26886
-0.22226
-0.64309
0.044672
0.29736
2.687
4.9084
2.0043
-1.1684
-3.7735
-3.861
-3.0227
-1.454
-1.2174
0.92319
2.0527
2.4186
2.059
1.4192
-0.4113
-4.3354
-7.2592
-6.9215
-3.9832
2.1424
6.8319
10.715
11.051
7.2388
0.93788
-4.3637
-5.1683
-5.0216
-2.1033
1.4306
4.241
3.2034
0.6409
-1.9805
-5.1121
-5.4712
-3.4623
-2.1999
-1.3904
-2.0523
-2.7978
-3.0102
-2.5725
0.23491
2.3283
1.9111
0.45636
-1.4238
-2.8478
-4.092
-2.8152
-1.1063
-0.80145
-1.0303
-1.4961
-2.0516
-2.0042
-1.8476
-2.2689
-3.3154
-2.5905
-2.4904
-2.4701
-2.7024
-1.9788
-3.3322
-3.964
-2.5321
-0.6809
2.4227
2.7436
4.0809
4.8783
4.614
2.9604
-0.65439
-3.1707
-5.1987
-6.4058
-6.5432
-4.8486
-3.2885
-2.4264
-1.5445
-0.54391
0.57114
1.0761
1.1029
0.046652
0.56488
1.3286
3.2268
3.8565
4.6279
3.7734
0.60997
-1.2353
-1.9626
-1.0462
1.3939
2.7169
4.1582
6.3909
8.7262
9.6496
11.963
11.819
9.5756
5.0969
0.83284
-2.4353
-5.8637
-7.044
-8.0542
-8.3145
-5.8105
-1.7599
1.1409
1.3137
2.9548
3.5322
2.6297
0.27534
-1.8165
-4.0954
-4.6621
-3.9665
-2.0984
0.087322
3.3201
5.9698
7.1079
6.2717
4.075
-0.11999
-3.374
-4.9926
-6.7472
-5.8779
-3.3098
0.51421
2.3922
2.0258
1.0775
0.044674
-1.4444
-3.2852
-3.32
-2.1594
-0.17598
1.1716
3.6621
5.6397
5.7088
1.9403
-1.7394
-2.9166
-0.79329
-0.025061
1.4126
0.0053376
-4.381
-4.1619
-0.67293
2.7518
5.9858
4.7318
-0.45758
-6.9479
-8.8043
-4.0205
2.4469
8.0159
8.1298
1.994
-5.2682
-6.6365
-2.517
4.2398
7.6601
4.225
-2.2289
-5.4302
-2.9756
2.4376
3.641
-0.62431
-4.0655
-3.2127
-0.05878
3.1187
1.615
-1.537
-4.4989
-2.4647
1.3735
2.3288
1.3357
-1.0237
-0.66542
-1.121
-0.26825
1.7699
1.0911
-3.7925
-4.3672
1.3074
4.4693
1.4909
-3.9877
-4.5753
-0.57624
3.6395
1.9599
-1.605
-2.394
-0.049475
1.6048
-0.40958
-0.57902
-1.1383
-0.31543
0.57657
-1.4192
-0.9039
1.456
2.4386
-0.1265
-2.3662
-1.0688
1.5586
3.3192
1.9928
-1.9719
-5.0772
-1.8176
1.0682
1.4177
1.6176
0.68028
-1.1303
-1.2166
0.89074
3.9092
3.8282
2.2474
0.37907
-1.1121
-3.1088
-3.9083
-0.46054
4.2507
5.1207
2.9329
-0.3397
-3.8038
-5.8647
-4.9208
-1.1834
3.0121
5.0357
4.7471
1.8692
-2.86
-4.4975
-3.1233
-0.60767
4.596
5.6247
3.0987
0.39905
-1.9822
-3.1487
-3.0508
-2.7752
-2.8861
-2.0522
-1.0255
0.1324
1.0275
-0.28421
-2.3349
-4.8092
-4.7543
-4.5619
-3.8433
-1.3202
0.63099
0.77472
-0.50381
-0.48107
-0.18683
-1.7984
-3.2599
-3.2858
-3.1846
-1.8492
-0.17796
2.3899
3.9178
6.071
5.9331
3.4552
-0.063362
-2.2999
-3.3857
-3.2503
-1.9273
0.89364
3.7321
5.1291
6.0093
4.3135
2.4062
-0.05074
-0.29166
-0.043912
0.78512
2.3092
3.335
2.8197
1.9197
0.95591
2.1315
4.0259
5.1493
4.9663
3.2107
2.7818
1.8495
0.2919
-1.6647
-3.4097
-5.6123
-8.5274
-9.0084
-8.4695
-5.5605
-1.1393
5.6571
11.399
14.487
14.205
12.939
9.694
5.2052
0.23301
-4.2575
-5.9877
-5.9891
-4.4687
-1.327
-0.21731
1.6163
2.5214
3.6915
5.7598
6.2116
4.8338
3.2765
1.2199
-0.42456
0.33295
2.1324
3.576
4.6545
4.9437
4.268
3.0547
1.4831
-0.05443
-3.0723
-6.8298
-7.2493
-6.0853
-5.6109
-3.2535
-0.81068
2.4017
3.6635
5.8683
6.2745
5.7206
2.8389
-0.72724
-4.5797
-7.0476
-6.7625
-2.395
2.6874
6.6264
5.6763
4.4923
2.8125
-0.42348
-2.8248
-3.2745
-3.3144
-3.3123
-4.6172
-4.8033
-2.7975
1.0929
4.7558
7.4405
7.9527
5.1667
-1.4235
-6.7243
-7.2338
-3.3463
2.2853
5.2235
5.866
2.9495
-1.505
-3.2513
-4.3786
-0.80173
2.0224
3.0926
3.1983
2.6176
-0.2479
-2.8452
-3.1131
-1.9313
1.0094
3.7634
3.8463
0.75401
-2.6784
-1.3651
0.95775
1.61
0.3149
-1.6169
-2.7598
-0.62996
2.641
2.0007
-0.97599
-4.1601
-1.4199
1.8131
4.1432
1.0612
-2.9715
-4.3484
0.11837
3.982
1.3293
-1.8139
-3.1628
0.59174
3.1681
2.1408
-2.3211
-3.0444
-0.9058
3.4239
3.5747
-0.62884
-2.7832
-2.401
0.76842
2.8727
1.4634
-3.5358
-2.4347
0.98734
3.8776
1.1684
-3.5166
-5.5116
-0.33462
5.9413
4.9401
-2.1485
-7.4107
-4.914
4.2605
7.3414
4.3583
-1.8882
-5.5951
-2.7359
1.0336
3.3487
3.7115
2.2995
-2.1998
-3.8481
-3.3647
0.17125
3.9086
3.6782
1.8965
-2.3048
-4.2293
-3.0759
-0.075079
2.4609
3.4301
2.6505
0.53287
-2.3301
-3.3693
-3.0267
-0.64763
2.4877
4.6485
5.2301
1.5073
-3.7273
-7.1439
-6.2091
-3.1788
0.76663
4.2606
7.6045
8.7016
7.924
5.8032
2.0483
-1.7624
-4.0049
-3.8566
-2.8365
0.30718
3.493
5.0221
4.9441
3.0941
-0.44309
-3.5799
-5.7408
-6.528
-6.309
-5.0231
-2.0466
1.6824
4.5873
5.6087
6.7173
5.8969
3.0533
0.97573
-2.7194
-5.5157
-6.7233
-5.5154
-2.1253
2.0758
6.0932
6.9675
5.8965
3.8668
1.5122
-1.5846
-3.8541
-6.6626
-7.9733
-7.2433
-4.5452
-0.13433
5.1053
7.2028
6.9802
6.4198
5.3428
3.2202
1.6901
0.023662
-2.167
-2.7015
-3.8629
-3.5608
-0.2868
1.2062
1.3595
0.91259
-0.70122
-1.4041
-1.7868
-4.0498
-4.9233
-4.9434
-4.2072
-2.2714
0.92779
4.275
6.4297
6.1057
4.4318
2.554
0.42419
-3.0703
-7.4112
-9.4291
-10.107
-9.9538
-10.111
-9.9576
-9.9738
-8.2146
-7.7426
-7.5139
-3.5948
1.3914
5.424
10.088
12.505
12.936
10.5
7.1501
1.2279
-3.8556
-8.2199
-9.1671
-7.6162
-4.1818
0.52238
2.8986
2.8448
0.91984
-2.8023
-6.4935
-8.1162
-7.484
-4.2179
-0.70771
2.4912
5.6207
8.3927
6.9497
4.3328
1.248
-1.2077
-1.5122
-2.8977
-3.271
-2.7991
-2.2485
-1.9117
-0.80307
1.2674
2.13
1.2721
-0.41213
-1.3154
0.42298
1.8083
2.4069
2.3794
2.0159
1.7596
2.3646
3.4091
2.9435
0.78754
-1.3713
-1.3655
-1.849
-0.28477
0.47559
0.098264
-1.8036
-2.1207
-2.3039
0.29965
3.6374
4.5274
1.8212
-2.674
-4.9689
-3.3682
2.5467
6.4051
6.9201
1.5287
-5.049
-6.4911
-1.5654
4.1042
6.572
1.6572
-3.9606
-4.2274
1.3604
6.3502
2.9313
-3.4103
-6.4522
-2.9053
4.2871
5.3502
-1.5876
-3.3763
-2.0445
2.6992
4.9994
1.2875
-3.7874
-2.6568
1.2946
4.4471
1.1898
-2.6843
-2.6559
-0.014022
3.1727
2.0616
-1.3022
-2.0909
-1.5242
0.55571
1.0242
1.7695
1.2849
-1.1541
-0.87637
0.90219
1.1222
-0.90809
-1.8196
-0.34117
-0.5978
0.91832
0.87708
0.35448
-1.8716
-2.8874
0.055101
2.1761
1.7008
1.2057
1.0489
-0.69296
-3.7287
-3.48
-0.1866
3.0651
4.397
1.5701
-1.5329
-3.6243
-3.8061
-0.28368
5.2332
5.8582
3.3034
-1.2787
-4.5127
-4.355
-1.1503
2.2346
5.7664
6.9194
4.8423
0.60693
-3.3975
-4.3677
-3.1635
-1.655
1.7567
5.1694
5.2185
3.3517
0.4652
-1.1457
-2.4604
-2.685
-2.9533
