-11.61
-10.098
-6.1958
-2.1904
4.2148
8.8649
11.57
12.947
12.386
10.885
9.0926
7.648
4.2651
-0.31083
-3.6027
-7.1501
-11.137
-16.096
-19.903
-23.113
-25.222
-24.096
-22.159
-17.843
-13.525
-7.3068
-1.1259
4.2345
9.2816
13.597
15.099
15.546
15.578
15.285
13.599
11.398
7.9616
5.7302
3.6709
1.1659
-0.38046
-1.8797
-3.7416
-5.1557
-6.3137
-5.1778
-3.6754
-1.3563
1.0463
2.6354
3.0607
3.7559
4.726
6.1197
6.9591
7.6701
7.7236
7.698
7.0901
6.9162
5.4759
4.6213
3.2607
2.5251
0.79357
0.12448
-1.3533
-2.5601
-2.9515
-2.8296
-3.948
-4.2795
-3.2188
-0.88242
1.2594
3.1011
4.6829
6.0335
6.6342
7.9914
9.4273
8.8257
6.7154
4.8112
4.3039
4.6236
5.4527
5.2125
4.5537
4.7655
3.2263
0.27493
-3.437
-5.7235
-6.3741
-8.2388
-11.245
-12.796
-13.499
-13.677
-11.574
-6.3424
-1.0727
3.65
9.2064
15.126
19.781
21.777
22.163
20.324
18.237
14.931
11.973
7.4581
1.9649
-1.1064
-3.4873
-3.8734
-3.4764
-4.4322
-2.7707
-2.1268
-0.18014
2.74
4.3588
6.9116
7.3009
9.0638
11.696
11.398
9.1953
7.3605
6.7295
3.5553
0.23802
-2.1448
-2.9726
-4.2402
-3.8223
-3.1104
-3.4752
-5.0774
-4.518
-3.4882
-1.4654
1.5815
4.5549
4.5584
4.6656
2.5918
1.0069
-0.34732
0.49191
2.9667
4.5798
4.4606
3.9825
2.837
-1.5642
-2.6942
-2.8395
-3.0924
-2.8891
-2.4748
-1.9949
-2.0654
-1.6325
-1.4601
-2.3578
-3.434
-2.3562
-2.2767
-3.1776
-1.4898
-0.038284
1.683
2.3631
0.3309
-1.9543
-2.7965
-3.8416
-3.4445
-1.5233
0.65186
2.5651
4.79
4.3478
4.6114
2.2224
1.8892
1.2925
1.9755
-0.15322
-2.6082
-3.3393
-3.8426
-3.5427
-1.5046
2.6884
5.6625
7.9088
9.944
9.723
7.7138
5.4122
3.9002
3.3759
1.668
-1.2604
-3.5187
-5.2387
-5.3063
-2.3655
0.3266
2.3639
3.4263
3.7153
3.7263
3.9091
4.1253
3.6019
1.1641
-1.7739
-4.9407
-8.485
-10.142
-9.2585
-7.4825
-6.0265
-3.4232
-2.4493
-1.6917
0.36087
2.6608
3.6773
5.0969
5.1617
5.0671
4.2973
3.7666
1.8128
-0.26385
-1.6851
-3.7986
-5.2369
-6.4069
-8.1253
-9.1643
-9.0918
-6.4382
-3.0159
2.5649
5.9786
10.569
13.738
16.018
13.872
11.041
9.5806
6.4527
4.3547
2.523
0.34072
-1.2364
-2.0886
-2.9062
-3.347
-4.7348
-4.9754
-4.0852
-3.9725
-4.9672
-5.7173
-5.0212
-4.8375
-3.41
-0.9475
0.57375
3.7106
5.06
5.4519
3.1426
1.177
0.032697
-0.070156
-0.90153
-3.0838
-6.0227
-8.7211
-11.154
-11.485
-10.187
-8.0766
-4.9732
-2.1084
1.2553
3.6957
5.9901
7.9092
8.5529
8.788
6.6003
4.2474
3.9206
3.1253
2.2697
1.7002
0.76045
-1.3307
-3.5409
-4.9995
-4.8585
-4.0719
-3.5112
-2.8592
1.0565
4.1714
5.7962
8.2778
8.992
9.7438
8.8179
6.18
3.9217
0.83897
-1.9764
-5.2977
-8.2651
-10.569
-11.907
-11.865
-10.913
-9.9663
-9.2588
-8.428
-7.1778
-7.0595
-7.2492
-7.8872
-7.2534
-6.0469
-6.1198
-4.2531
-4.6827
-3.6668
-3.1214
-1.6889
0.54293
1.4162
1.1058
2.0351
3.4531
3.305
2.6841
1.9943
-0.49118
-2.8808
-5.6964
-6.009
-5.0862
-2.46
-1.6888
-1.6944
-1.3609
-2.533
-5.2728
-7.8568
-9.5423
-11.724
-13.707
-16.922
-18.608
-19.106
-18.722
-16.247
-11.369
-6.2614
0.69706
6.7699
11.195
12.182
10.362
7.2526
3.5835
0.63273
-0.39746
-1.5179
-0.10319
1.2745
3.5955
4.6392
6.0129
8.5629
10.995
13.855
14.857
14.64
11.302
5.8758
-0.39397
-7.4565
-11.926
-16.499
-19.378
-18.77
-14.767
-8.3462
-3.1682
2.0251
7.382
10.961
11.351
10.947
10.092
8.3516
5.7692
2.6849
-1.2414
-4.9143
-8.2833
-9.6999
-10.46
-10.134
-7.989
-3.8439
2.1768
7.9291
13.84
15.531
16.025
12.526
7.2343
1.5936
-3.1384
-5.3922
-4.62
-2.2326
0.71272
3.4912
4.4274
3.8198
2.823
0.69379
-1.6368
-2.9042
-2.4417
-2.0341
-2.5654
-2.376
-0.6733
-1.0242
-2.3513
-2.0497
-1.4587
-1.487
-0.45369
0.23614
1.8016
2.0646
2.5255
2.5673
2.1653
3.3815
4.0943
3.1156
0.78313
-0.65505
-3.612
-4.6902
-7.458
-9.1414
-8.6597
-7.8411
-5.8595
-3.3618
-0.85209
2.4178
6.5038
10.326
13.108
13.836
12.732
10.293
8.8329
6.8027
4.4513
1.92
0.085042
-2.0045
-2.6379
-2.9642
-3.5467
-1.9389
-0.29084
0.67539
3.6971
5.9454
6.65
7.463
7.2161
6.9814
6.964
5.7081
6.0595
7.1894
7.4428
5.648
4.067
2.0437
0.8664
-0.24259
-1.0187
-2.4706
-3.0232
-4.3789
-5.0681
-5.9969
-6.1276
-6.5444
-6.2716
-4.8485
-2.7613
-0.97155
1.9295
3.5585
5.6513
5.9722
4.5956
3.6517
1.5113
-0.33788
0.18033
1.5624
2.6192
1.9187
0.31449
-3.0666
-5.8911
-8.3042
-9.9082
-11.497
-12.372
-13.428
-14.286
-15.116
-15.162
-14.671
-15.161
-14.791
-14.229
-13.52
-11.758
-9.8606
-7.85
-6.6231
-5.2828
-3.4563
-3.1552
-3.072
-4.783
-5.086
-3.2247
-3.4009
-6.5997
-8.8499
-8.9761
-8.3101
-6.0783
-3.849
0.65811
5.3897
6.5471
8.2755
10.561
11.861
12.902
13.937
13.092
13.065
15.153
15.244
14.878
11.312
5.9337
1.3285
-3.0671
-6.9725
-7.3945
-5.7722
-3.3904
-0.3221
2.6679
3.1594
3.2331
3.4276
2.7883
1.5691
0.79205
0.22744
0.55757
0.42484
-0.57999
-1.7064
-1.6955
-1.0269
-1.2735
-2.6243
-1.9811
-0.49087
1.1899
3.1079
4.0447
7.1586
10.65
14.086
16.955
17.105
15.555
11.711
6.7223
2.0893
-2.4876
-6.749
-8.4882
-8.4419
-7.6188
-7.8864
-8.1901
-9.6451
-11.511
-13.299
-11.594
-8.7927
-3.9784
1.6741
6.0742
9.0599
9.4009
7.0607
3.9013
0.81858
-1.7663
-3.3472
-3.1195
-1.5925
-1.6987
-2.1659
-3.0551
-3.888
-4.5038
-3.3903
-1.6656
0.81747
2.5923
2.0372
1.6556
1.9856
3.0921
3.7442
3.225
1.7109
-1.3079
-4.1053
-7.393
-9.6208
-9.9405
-9.6473
-10.43
-10.574
-7.2352
-1.6292
3.8694
9.5474
15.307
17.369
15.585
11.446
4.5702
-1.8274
-8.1388
-13.032
-14.265
-12.494
-9.9018
-6.794
-1.3177
5.3756
8.296
9.1521
8.3292
4.8011
0.89404
-3.0086
-6.2423
-7.3075
-7.906
-8.0117
-6.5793
-3.7058
-0.8382
0.60667
2.2895
3.2871
3.3532
2.5588
2.2531
1.7837
0.44742
-2.9955
-5.8422
-7.5583
-7.3065
-7.3357
-6.3813
-4.7164
-2.0258
1.5889
4.5332
7.973
9.1571
10.096
10.596
9.2647
7.2786
3.9193
1.8069
0.41715
-1.7475
-4.4335
-5.4078
-3.1464
-1.7121
1.0485
3.4601
4.0168
3.5511
3.8546
5.2222
7.515
9.5593
9.662
9.5269
5.9755
1.6478
-3.5609
-8.9543
-13.403
-15.52
-16.526
-18.166
-18.742
-16.717
-13.298
-6.9474
0.12872
4.8024
7.8059
9.7549
11.027
11.61
11.372
10.522
8.6257
7.9627
9.0471
8.0545
6.3414
3.7138
0.13852
-3.0234
-7.3172
-9.807
-11.068
-10.422
-9.6059
-7.9756
-7.4772
-6.3632
-5.9023
-6.1144
-7.7518
-9.3013
-10.386
-9.3064
-6.4838
-3.7508
-1.0513
1.5513
2.293
3.0278
3.6468
5.4496
5.183
4.5644
2.7098
1.7386
1.7915
1.3084
1.952
1.8732
2.4733
3.014
3.8748
4.9101
4.9832
5.6105
5.8136
7.1514
9.1316
11.2
13.678
15.565
15.052
12.482
9.5509
5.8965
1.9654
-0.70066
-2.5912
-5.232
-8.1075
-9.928
-11.23
-10.991
-10.835
-9.6331
-7.8804
-6.2589
-4.5797
-2.5966
-1.5977
-1.256
-1.1286
-1.6568
-2.2752
-0.90518
0.26362
2.1424
2.7961
1.8338
0.83694
0.91969
-1.0374
-5.2214
-8.3924
-9.9194
-11.265
-11.735
-10.642
-10.478
-10.433
-10.142
-8.2425
-5.8567
-3.0598
-0.15259
2.6153
5.7856
10.369
13.828
15.852
15.526
15.179
13.294
9.7966
5.4216
-0.034252
-4.3631
-8.6653
-13.571
-18.696
-21.792
-22.073
-19.647
-16.151
-12.139
-8.5857
-4.3621
1.0278
5.1876
7.6978
9.6942
11.123
11.4
9.0094
5.9224
3.5874
-0.51537
-4.0597
-7.2591
-8.5318
-8.3823
-9.2283
-7.8168
-5.0859
-1.2815
0.19756
0.9214
3.1518
3.6189
4.315
4.8939
5.8746
4.6453
2.296
1.3253
-0.64678
-3.3996
-3.2716
-3.9379
-2.5525
-1.7594
0.76574
4.6908
7.2959
6.3142
4.1565
1.1274
-0.55545
-1.5953
-2.4958
-3.5204
-5.1362
-3.5676
-1.2996
1.3064
5.3344
8.0732
10.199
11.393
10.217
8.1316
5.1182
1.8203
-2.4082
-6.9294
-11.037
-12.915
-11.964
-7.9068
-1.3928
4.9439
8.7265
11.978
13.902
12.565
7.9836
1.9825
-2.6121
-6.8091
-7.909
-7.2729
-4.5203
-3.8963
-3.4257
-3.9397
-3.6253
-1.4108
0.93313
2.2547
2.778
0.48507
-1.4876
-4.0828
-7.1028
-7.7271
-9.4042
-9.255
-8.381
-5.6619
-2.9564
-1.0431
1.1443
3.6109
6.2639
6.3334
6.1099
4.5335
0.84341
-1.9325
-4.0498
-5.1084
-5.8161
-5.6252
-5.9346
-4.9126
-2.7065
-0.28597
2.8048
6.3332
9.2659
9.5551
9.2418
8.3458
7.0054
5.3346
3.4072
2.0526
0.69089
-0.1063
-0.37816
-0.57499
-0.95182
-0.092454
0.48047
-0.82273
-1.8115
-1.7144
-1.9138
-0.71934
0.65599
1.4384
2.1465
2.2599
1.2528
-0.75463
-1.9535
-2.6747
-2.8634
-2.9531
-2.7658
-1.2662
-0.65254
0.0072605
0.041916
-0.057678
-0.98922
-0.13272
-0.54789
-1.2678
-0.61302
-0.35523
0.18337
1.5512
2.8125
3.0168
3.7388
5.976
8.64
10.911
11.668
11.938
11.526
11.101
9.1636
7.0122
3.3296
-0.38532
-5.4019
-10.724
-13.766
-16.208
-17.429
-17.984
-17.14
-15.825
-15.286
-13.198
-11.089
-8.192
-5.1027
-1.4266
1.193
3.6456
5.7543
7.4069
9.6675
10.079
9.9615
10.979
9.7712
7.5561
4.333
1.4485
-1.9825
-4.876
-8.0661
-11.284
-14.49
-17.104
-19.851
-20.919
-20.641
-19.794
-17.476
-15.967
-13.114
-10.188
-5.7024
-0.38053
5.4814
10.206
14.118
17.351
19.499
19.843
18.217
15.416
11.233
7.831
3.5196
-1.6175
-5.5489
-8.3476
-11.155
-12.791
-12.816
-13.337
-11.658
-8.8206
-3.9077
1.8377
6.3754
9.8387
13.178
16.187
17.43
18.566
18.372
17.021
15.102
13.136
9.8238
5.1082
1.7106
-2.1804
-5.936
-10.066
-14.11
-16.647
-17.126
-15.439
-12.312
-7.734
-3.5747
2.2883
8.5253
14.585
17.706
17.293
15.662
13.664
9.7283
4.7473
-0.77646
-5.0673
-8.9717
-12.2
-15.516
-16.823
-17.457
-16.672
-12.275
-7.8454
-0.090455
5.087
7.6552
6.4516
3.3007
-0.48299
-3.2566
-3.7369
-4.0898
-3.4185
-0.71979
2.4769
6.3749
9.4983
10.254
8.99
5.5344
2.0228
0.4018
-0.77394
-0.52056
0.35145
-0.19261
0.72049
-1.4564
-2.7777
-4.9662
-6.368
-5.7523
-4.2731
-2.5147
0.95704
3.3048
3.839
3.434
2.1114
0.63857
-0.75835
-2.4215
-4.3058
-4.5673
-2.7443
0.32589
2.7088
3.9487
6.0467
7.7512
9.5284
9.0802
7.5985
5.4903
2.5583
-0.99832
-4.2453
-5.892
-5.5786
-3.8991
-1.4753
1.0665
2.8602
5.0218
6.336
6.4552
7.3963
7.0026
6.4581
6.536
5.6307
2.7438
-0.3158
-3.2731
-5.1101
-6.3006
-6.5546
-6.0058
-5.8948
-5.9362
-5.0444
-2.3317
0.72825
4.8027
6.9533
8.2107
9.5975
10.072
6.855
4.9371
2.0737
0.39587
-1.1993
-3.527
-6.472
-8.0679
-6.8264
-4.3194
-1.6492
1.3631
3.2535
5.3547
7.5897
9.3467
8.6933
7.8857
7.4994
6.954
6.5238
4.9607
0.68049
-4.1537
-7.0469
-10.391
-12.98
-13.537
-12.615
-11.569
-10.814
-8.5179
-6.4419
-4.5377
-2.1988
-2.0772
-3.3414
-4.1023
-4.7553
-5.8117
-7.6627
-8.6918
-9.1213
-10.147
-9.7715
-9.6469
-9.9962
-8.5948
-7.3644
-5.3696
-2.4514
0.72838
2.6589
2.9555
4.4407
6.7059
7.4344
7.4703
6.3933
5.6214
2.5657
0.56106
-3.3975
-5.9034
-8.5261
-10.447
-11.374
-11.318
-9.9106
-7.1897
-1.6671
3.3461
7.4353
12.146
16.125
18.353
18.462
17.297
16.158
14.371
10.635
5.203
-0.62484
-8.0199
-13.16
-17.756
-20.974
-23.914
-24.194
-22.994
-18.121
-12.979
-6.0349
-0.016313
5.2474
9.541
13.543
17.779
21.03
22.363
21.528
18.431
12.833
4.0986
-4.7484
-12.472
-18.942
-22.832
-25.456
-26.456
-24.3
-21.182
-17.035
-11.765
-6.2048
0.3151
6.0804
10.545
12.297
13.233
13.215
10.74
7.9523
5.9588
4.9715
4.3776
4.7343
5.3925
5.8906
5.8305
4.1991
3.1257
1.5883
0.26978
-1.5192
-2.9918
-4.3502
-5.6686
-5.5626
-7.3888
-7.6423
-6.9519
-6.1402
-3.3417
-0.90888
1.9528
4.0769
5.8865
6.5054
5.5059
2.9646
1.2268
0.10671
0.074598
0.6705
2.3244
2.2927
1.6025
1.0141
0.92751
-0.46207
-1.4102
-1.6268
-1.256
-0.41391
-0.97755
-1.8113
-3.0668
-3.6451
-3.0949
-2.8034
-3.4395
-2.8521
-0.79526
0.94935
1.1814
0.54137
-1.683
-2.5518
-4.4835
-5.7313
-7.3139
-7.6207
-6.6328
-5.8374
-3.8841
-1.5055
0.70074
5.0902
8.1528
8.7085
6.3048
2.0497
-1.9336
-6.2514
-9.1393
-8.9068
-6.1898
-1.6704
0.99086
3.6362
4.2169
4.0685
4.5117
6.2057
5.0185
3.2168
1.4753
-0.72416
-3.3538
-3.6776
-1.9643
-0.47842
2.7024
6.2924
9.585
11.204
10.135
6.8456
2.2555
-1.3173
-5.0269
-8.8616
-11.377
-12.918
-12.608
-10.023
-7.4879
-4.2665
-0.705
1.7037
3.3235
4.5883
4.7673
5.0282
4.412
3.1242
1.1279
-0.26088
-1.8251
-3.0864
-2.4558
0.70122
3.6686
5.7119
6.0119
5.2664
5.4742
3.4209
1.4757
-0.8731
-1.665
-3.1864
-3.6536
-4.0501
-5.455
-7.1505
-6.8202
-7.5054
-8.4066
-6.9572
-5.6068
-3.7302
0.070194
3.2531
6.2009
7.8874
6.6647
5.2154
5.0092
4.8711
5.8681
3.6929
2.4422
0.20098
-2.0434
-4.9073
-5.7565
-5.2233
-3.4867
-1.2616
2.2376
5.6212
7.0236
7.2309
6.161
3.7882
1.4146
-1.4078
-4.8572
-6.2987
-8.6733
-11.102
-13.669
-15.682
-14.9
-13.33
-12.465
-11.936
-10.712
-10.719
-10.55
-8.5828
-5.2458
-1.2648
3.4248
7.0136
10.329
12.115
14.441
13.426
11.231
8.3178
6.0171
4.0064
0.67942
-1.6521
-4.2227
-6.8462
-8.583
-9.473
-7.9019
-5.6604
-3.1513
-0.80696
2.8391
5.6567
8.1032
10.406
10.27
8.6732
4.8365
1.1851
-1.4089
-5.4305
-8.3149
-9.4113
-10.263
-10.31
-8.6984
-7.3395
-6.7694
-6.1282
-4.5642
-3.3805
-1.0281
-0.014021
0.58764
0.81959
2.4703
4.2752
5.1868
5.1512
5.6652
5.1051
4.3249
1.6365
-0.31997
-3.0775
-4.5807
-5.5483
-7.2299
-8.017
-9.6305
-11.061
-12.71
-13.8
-12.469
-9.5033
-5.8302
-1.3685
1.7622
3.3943
2.4706
0.77276
-0.084613
-1.3403
-1.5812
-1.848
-1.6049
0.024519
2.1684
4.0074
4.9024
5.0542
6.5464
8.0745
7.7976
7.6433
8.7176
6.4299
3.791
-1.324
-6.5172
-10.058
-12.253
-13.075
-12.388
-8.9911
-7.3034
-6.53
-4.8067
-3.7203
-1.9109
0.66349
1.0412
1.4105
1.748
1.4868
1.5232
2.0379
3.2389
3.8615
4.9383
5.8949
4.3189
3.5908
3.1876
1.8516
-0.21577
-1.5974
-2.1242
-3.1234
-4.9742
-6.3127
-6.7969
-8.2001
-9.5984
-8.0956
-5.4809
-1.0696
3.8931
7.4653
9.3887
11.963
14.477
13.384
9.2691
2.873
-4.0742
-10.282
-14.722
-16.06
-15.372
-12.425
-8.4374
-3.2964
2.2406
5.8533
7.8167
8.2289
7.2191
5.7199
2.7942
-0.32333
-2.8096
-3.2519
-2.0765
-1.5597
-1.1508
-0.67493
0.22157
0.6888
0.36659
0.21521
-1.8451
-2.1742
-0.88198
1.1167
2.658
3.1167
2.8375
2.5922
1.1747
0.52529
0.083788
0.52214
2.0524
3.0249
4.9575
7.3933
9.715
10.043
10.213
10.678
8.5688
5.0175
2.4076
0.72742
-1.5549
-2.4143
-3.8497
-5.4922
-5.5138
-5.4793
-4.0554
-2.1871
-0.7892
1.9602
5.7482
7.7329
9.579
9.2603
9.3789
9.0922
8.9445
6.9435
4.4201
2.2722
0.74669
-1.4179
-3.2622
-3.3408
-2.569
-2.2762
-2.3302
-2.0632
-1.6975
-0.91902
-1.3563
-1.1129
-0.80045
-1.0328
-1.1735
-0.73355
0.083059
2.2496
5.0583
8.8031
10.22
11.533
8.965
6.3661
4.6619
2.346
0.65172
-1.3511
-3.3477
-6.7447
-8.9607
-10.726
-11.468
-11.746
-11.643
-9.6509
-7.2941
-4.1971
-2.0337
1.2614
5.9562
9.9153
12.916
14.189
16.031
16.7
17.319
17.622
17.152
16.033
14.74
12.175
10.519
7.9688
5.1896
2.6544
1.0746
0.018894
-1.6802
-4.1826
-4.5509
-4.9054
-5.2321
-5.0219
-3.8883
-3.0153
-2.1133
-1.8566
-2.3194
-2.3379
-0.45663
-0.034599
1.0885
2.0679
2.0134
1.5314
2.2723
3.6344
5.3329
6.7941
8.6345
10.068
11.516
10.399
10.092
9.8918
10.435
9.4675
6.4825
4.0729
0.99463
-2.7916
-6.2163
-8.469
-10.673
-12.186
-13.437
-14.549
-14.637
-14.48
-11.99
-7.7909
-2.1769
0.52432
1.5776
1.5837
1.4361
-0.2404
-1.9445
-2.8547
-5.2601
-8.2689
-11.07
-13.09
-14.75
-13.692
-11.77
-10.57
-7.2044
-3.1388
0.55161
4.6603
8.007
9.9687
10.335
7.9836
4.8088
0.62928
-3.0434
-7.4045
-11.169
-14.825
-15.731
-14.209
-11.297
-7.5517
-4.1909
-0.26429
1.6769
3.4831
8.05
11.071
12.002
9.3947
6.5183
2.9783
-0.41859
-3.2651
-6.844
-9.7983
-11.218
-10.166
-7.5922
-2.2817
3.7028
9.3276
14.285
17.097
16.385
12.568
7.1944
0.35876
-6.3822
-11.959
-14.95
-15.087
-13.915
-9.9675
-5.1129
0.87892
5.1488
9.6725
12.503
12.726
10.922
6.8855
4.1596
2.6295
-0.31521
-3.4012
-5.48
-8.8458
-11.368
-12.405
-11.402
-9.3884
-7.0149
-5.0351
-2.3404
-1.0152
0.88232
1.8471
1.86
1.8896
1.9648
1.4505
1.4816
-0.4765
-3.3639
-6.158
-7.4182
-9.2622
-10.457
-10.759
-10.827
-8.5092
-5.3508
-0.99488
1.6408
3.1489
3.7184
3.2423
1.4364
-1.4126
-2.4099
-3.5374
-3.6437
-2.5624
-2.412
-2.0785
-1.36
1.1895
6.1796
9.7903
12.391
13.441
12.83
10.479
7.0675
3.3709
-1.0598
-4.9745
-7.0393
-6.5522
-6.9644
-5.9726
-3.821
-1.8925
-1.4644
-0.75627
-0.79849
-2.2263
-3.5709
-4.4892
-6.0462
-7.8201
-8.1291
-8.5346
-7.8296
-6.2362
-4.7681
-3.605
-2.1611
-0.12454
0.75398
2.1461
3.3638
3.9816
4.8462
4.5942
4.2207
2.607
1.1866
-0.19234
-1.4671
-1.2791
-2.2396
-3.159
-4.1566
-6.0411
-5.693
-5.0886
-5.3965
-4.4093
-4.4014
-4.9109
-3.7365
-3.002
-3.0227
-3.5846
-3.7471
-3.9095
-5.7342
-9.0195
-11.893
-13.122
-13.218
-13.146
-11.671
-9.1013
-6.5155
-2.7642
0.90928
3.1266
4.4565
3.3898
3.007
3.5819
4.1468
4.4411
4.6796
4.4221
3.6279
1.5894
-1.498
-3.6811
-6.6069
-9.0103
-11.134
-12.191
-13.847
-13.194
-10.693
-8.611
-4.4368
1.8573
7.0876
12.329
16.554
17.198
17.934
16.03
12.802
10.092
7.3462
3.6749
-0.21541
-2.7839
-5.0362
-5.9216
-7.3325
-6.307
-5.4425
-6.3372
-6.2677
-7.3503
-7.9845
-7.3311
-6.7947
-6.5423
-4.1103
-0.46319
3.0274
7.2534
9.3177
10.816
12.752
12.995
12.735
11.368
9.8481
5.375
-0.69883
-6.1006
-11.15
-15.799
-17.94
-18.434
-16.144
-13.037
-9.2192
-6.5717
-5.0016
-2.811
-1.7858
0.79907
3.8099
5.0253
6.5537
6.3086
6.0697
5.8439
5.9928
5.8223
5.7695
6.3565
7.6297
8.9958
9.4608
11.579
12.625
12.868
11.075
8.2819
5.2383
0.70834
-4.3118
-10.407
-15.118
-17.926
-17.409
-16.312
-11.995
-5.6234
-0.46829
3.4345
6.454
9.0258
8.2001
7.4222
5.3813
1.6534
-2.3936
-7.872
-11.725
-13.795
-12.942
-7.5661
-1.7609
3.4504
7.1814
9.7741
10.713
10.822
8.7815
4.747
0.20461
-4.0056
-5.4773
-5.5062
-6.4246
-5.5618
-3.7259
-2.6137
-1.4182
-1.2548
-1.901
-3.1592
-5.0868
-5.5354
-4.6532
-2.754
1.7839
4.9933
7.5344
10.778
11.987
12.249
9.4418
6.4043
0.36233
-6.074
-9.5113
-12.762
-14.098
-11.934
-7.1815
-0.51223
5.1865
8.8002
9.4963
9.5723
7.118
4.8857
1.1023
-3.1677
-7.9034
-11.378
-12.87
-12.088
-10.243
-6.4899
-3.9262
-1.6741
0.50694
2.3256
4.1658
3.9755
2.8172
2.3842
0.41462
-0.17413
-0.16461
-0.37326
0.066922
1.0156
1.579
1.027
-1.3454
-3.4537
-2.5473
-2.6762
-3.3184
-5.0038
-4.6865
-4.509
-4.7837
-5.8251
-6.2318
-6.5853
-7.5046
-7.9629
-7.6176
-7.8044
-7.6707
-6.3238
-3.9839
-1.7579
1.2567
3.0392
4.7507
5.9214
6.1918
6.5183
7.8984
9.3932
10.952
11.182
9.8612
9.7329
10.025
10.452
9.7063
8.0656
4.9874
2.9718
0.24516
-2.2112
-5.4642
-9.6309
-13.201
-15.436
-16.606
-16.412
-14.538
-11.609
-5.0827
0.20959
3.9489
6.3638
8.3914
8.8527
7.3733
4.8462
3.4981
-0.92573
-4.6627
-8.4446
-10.27
-9.7719
-9.4637
-9.948
-10.127
-8.8641
-7.0144
-5.9103
-4.5427
-3.3671
-1.135
0.82873
0.20061
-0.34327
-0.030038
-1.4077
-3.3112
-4.8999
-6.468
-7.3754
-7.3708
-7.7045
-9.3735
-9.9063
-10.071
-9.7969
-10.284
-8.8956
-6.8371
-3.9849
-1.9696
2.2297
4.7571
7.9445
10.319
12.417
13.677
13.842
11.211
7.9911
3.9093
1.9451
1.1747
-1.8718
-4.2038
-6.4968
-7.2255
-7.5651
-6.2444
-5.1055
-3.7485
-2.6392
-1.46
0.0035361
1.1886
1.5368
2.5445
3.0165
2.698
2.2313
4.7808
5.1936
3.4182
2.1515
1.5334
-0.069712
-1.4692
-2.9419
-4.3609
-4.1624
-2.5909
-0.88248
0.31562
1.1236
1.0539
1.0137
2.1822
2.7664
-0.048855
-1.9882
-4.5482
-4.4325
-3.9614
-1.0976
1.29
3.7633
5.3095
6.1538
8.2976
11.322
11.881
12.077
11.056
9.3381
8.1701
5.5919
3.6253
2.3746
0.22433
-2.2802
-3.2047
-4.1674
-5.5487
-6.6729
-5.9899
-2.7706
1.8223
5.8012
9.4077
10.197
10.37
10.003
6.3023
3.6894
0.20892
-2.4894
-3.8409
-3.7122
-1.5483
0.028351
1.1295
2.5715
2.6583
2.1579
0.92185
-0.6958
-1.7321
-2.7316
-3.0468
-3.1018
-3.3277
-1.59
-0.27209
1.775
3.359
4.0512
5.0969
4.6231
2.7423
0.9729
-1.064
-2.2489
-2.9071
-2.0234
-1.1688
-0.19458
3.0253
5.5363
8.6393
8.9862
7.7475
5.4588
3.4442
0.41807
-1.4927
-2.6342
-1.0668
0.24576
0.12792
-0.31124
0.32516
0.43543
-0.13295
-1.8247
-2.9675
-5.1236
-6.9584
-5.9661
-2.3691
0.88405
5.1473
7.8609
7.6121
7.357
6.1961
3.9785
0.079295
-3.1152
-4.8288
-5.6323
-5.5131
-4.8279
-2.8464
0.087649
2.6568
5.125
5.5151
5.3006
4.0366
0.65463
-1.994
-1.7424
-1.2942
-0.33168
1.0027
2.3463
2.3373
0.57525
-0.15997
-0.87809
-1.4997
-0.14214
0.8716
0.0015357
-1.6875
-4.5762
-5.5619
-6.6564
-6.8565
-4.7186
-1.6357
1.7721
4.8909
7.4165
9.5314
11.014
9.9116
11.192
10.336
7.5164
4.8396
2.1063
-0.90488
-4.1938
-9.2683
-14.921
-18.429
-20.412
-20.377
-18.221
-14.847
-12.558
-9.9563
-6.642
-3.2739
0.009309
2.3993
2.8902
2.4348
0.55565
-1.6226
-2.9972
-4.1939
-4.3035
-3.3697
-1.1429
0.56525
3.4573
7.1899
10.403
13.06
14.844
15.984
14.225
13.815
13.785
13.401
11.932
7.8726
4.0961
1.5335
-1.3244
-2.4831
-2.801
-2.7247
-4.6624
-5.0192
-5.821
-6.1038
-5.026
-4.0863
-4.044
-3.8378
-1.5701
0.86775
3.982
7.0817
11.082
14.892
17.265
19.056
19.094
18.109
15.126
11.813
6.768
2.5862
-1.7139
-4.7146
-5.9757
-7.7484
-9.1558
-8.9763
-9.7435
-9.9497
-10.5
-11.223
-12.945
-14.102
-14.655
-13.575
-12.949
-12.397
-11.338
-10.437
-10.187
-7.8776
-5.701
-3.6323
-2.2123
-0.046059
2.0647
2.715
2.7473
2.1109
1.8915
1.2157
2.2381
2.8571
2.2856
-0.0027537
-1.8817
-3.5569
-4.5301
-4.8702
-6.2264
-7.7397
-8.9803
-10.98
-10.574
-9.7755
-9.4356
-8.0055
-7.1392
-4.216
-0.68737
1.9777
4.2407
6.0904
6.9621
6.6887
6.1988
6.1225
4.1189
1.1231
-1.9436
-3.1383
-5.8192
-8.4335
-10.821
-13.076
-14.183
-13.787
-11.079
-5.9579
-1.9394
0.97115
2.85
5.377
6.441
7.9038
7.9711
5.421
2.2219
1.0372
-0.20149
-0.72356
-0.60455
1.2222
4.586
8.8563
10.94
10.974
8.0696
2.5456
-2.4078
-5.5299
-6.2239
-7.4633
-5.8505
-4.4788
-3.886
-2.1714
-1.4395
-2.0538
-3.921
-7.1311
-11.112
-12.557
-10.885
-8.1636
-2.8168
4.9925
11.612
14.519
12.931
10.453
6.8969
3.3927
-0.24121
-3.1874
-5.7991
-7.9006
-8.3342
-8.9223
-7.9321
-6.3204
-4.3721
-1.0638
0.81154
1.7364
2.2859
4.149
5.7389
6.4163
5.6061
4.3219
0.91576
-1.629
-5.7804
-8.1727
-6.3691
-2.5035
1.2811
3.854
5.4961
5.7686
6.2226
4.9298
4.4006
4.8786
7.4014
8.4925
8.4784
6.4969
4.5314
1.8536
-0.045974
-3.6339
-6.7641
-8.5492
-8.3156
-6.8727
-5.6813
-4.4718
-3.2575
-3.5829
-4.0869
-3.7331
-1.9328
-0.11966
0.18809
-0.46005
-1.4356
-1.8883
-3.1746
-4.7874
-4.4057
-2.901
-0.15025
2.0715
3.0325
3.1144
1.704
1.0576
-0.32765
-0.78988
-1.4688
-3.7117
-6.9448
-9.825
-12.582
-15.627
-17.253
-19.121
-19.392
-17.451
-16
-12.252
-6.2025
-1.284
2.6219
5.7981
9.0258
11.731
14.602
14.639
14.708
14.047
13.231
12.318
11.757
10.378
8.7935
7.8463
6.928
5.4424
4.0074
-0.42164
-5.6244
-10.814
-14.366
-15.958
-16.138
-13.232
-8.2997
-2.8452
0.81493
3.9841
7.1801
7.5279
8.2493
10.078
9.5237
10.073
10.272
8.4669
6.0112
1.6366
-0.90407
-2.5745
-4.4922
-6.3432
-7.9086
-8.8809
-9.3193
-8.7832
-7.3446
-5.1518
-2.8524
-0.28444
1.6197
3.0749
4.104
3.6193
2.0189
1.2388
2.5964
3.2913
4.5627
4.8435
4.3413
3.0398
1.6524
-0.49774
-1.6463
-1.0976
0.83484
2.2096
3.1303
2.8164
2.6167
2.3814
2.6469
1.8823
1.4644
0.64358
0.43023
0.18354
-1.6767
-3.0859
-3.521
-2.8883
-1.8996
-1.5369
-2.0346
-1.8247
-2.8022
-2.5991
-2.9063
-4.0111
-4.9097
-3.777
-0.57129
1.9594
5.2799
5.6345
6.5473
8.1349
10.094
11.481
11.672
9.506
7.8363
8.1621
8.1285
6.098
3.6329
1.7045
-0.29352
-2.811
-3.9079
-2.5454
-0.45887
0.67577
1.8547
2.9184
3.3957
3.701
4.1875
3.3215
3.1528
1.6819
-0.7469
-3.2285
-5.7407
-7.0757
-7.173
-7.7263
-6.9918
-5.8793
-6.3855
-5.8789
-4.3397
-0.83043
1.7194
4.4496
5.3906
5.2399
4.0984
2.0048
-1.9779
-5.0881
-7.9666
-9.9886
-10.535
-9.6883
-7.7167
-4.7513
-1.1796
3.4926
7.4174
10.599
10.375
9.3106
7.0612
5.4329
1.0235
-3.3247
-6.6337
-8.241
-9.165
-9.3372
-6.1371
-1.8806
3.8065
7.8118
10.814
11.368
10.427
6.6232
3.5451
0.62091
-1.4198
-3.5519
-5.3207
-5.085
-4.005
-1.7792
2.0167
5.1845
6.3496
6.6109
5.1273
3.0803
1.9642
0.84705
-0.7723
-3.0279
-2.7606
-4.1839
-2.2657
0.49751
2.4456
3.9443
3.9278
4.5453
4.718
4.3925
3.27
2.1315
0.099336
-2.6073
-4.8408
-4.3228
-3.1622
-1.1958
0.6568
2.3539
3.6419
3.0765
2.4799
1.1553
0.5297
1.1708
1.2153
0.86922
-0.61881
-2.7574
-5.8398
-7.3413
-9.1369
-10.192
-9.5645
-7.2817
-5.3346
-2.5996
-0.49825
0.87662
4.0467
7.01
7.1207
7.7836
7.1678
6.9362
7.1717
5.9952
4.1965
3.1473
1.1253
0.80707
0.068274
1.0765
3.2758
4.7163
7.5651
11.172
12.922
13.049
11.412
9.6598
5.9482
1.1595
-2.5018
-6.2
-10.48
-14.372
-16.831
-17.127
-18.1
-18.86
-18.374
-16.841
-13.635
-8.9355
-5.91
-3.8831
-2.3915
-0.77796
0.93751
2.6152
5.0383
8.1395
10.468
10.509
8.4475
7.1693
6.1887
3.5676
2.4392
2.1771
1.1465
0.068891
-2.1073
-3.8589
-5.7678
-7.1089
-8.4831
-8.2557
-7.4202
-6.6788
-7.1205
-7.2021
-8.3502
-9.2152
-7.27
-6.7521
-6.0835
-5.7314
-4.8533
-3.6539
-2.3539
-3.0221
-4.6301
-7.2753
-9.4376
-11.181
-9.7585
-6.7167
-3.4469
-0.46623
1.858
3.5653
4.7297
5.2193
7.8641
10.088
11.725
11.402
9.9502
7.2988
5.9188
4.6878
2.2399
-0.44789
-3.9297
-7.5443
-11.284
-13.001
-10.718
-8.1071
-3.9635
-0.50377
3.7956
7.8328
10.68
11.957
11.564
8.6107
3.5431
-0.51313
-2.4574
-4.8273
-7.0155
-9.5689
-9.9668
-6.4683
-2.4376
3.3775
8.4586
13.078
15.936
16.26
14.149
9.5158
3.842
-1.0001
-5.2096
-6.4226
-6.5013
-7.6829
-8.9543
-8.6114
-7.9738
-8.4305
-7.1439
-6.3036
-5.1833
-3.7672
-3.3196
-2.4025
-1.6363
-1.4176
-1.3778
-1.5674
-2.4647
-4.0712
-3.6958
-3.719
-2.7012
-0.81623
1.3009
5.0206
6.0262
5.5045
4.5275
4.8956
4.4041
4.8522
5.4717
5.1551
4.0875
3.9363
2.2131
-0.87151
-3.0763
-4.0621
-4.1755
-2.5852
-0.2373
4.5297
7.8656
10.198
11.343
12.423
11.247
9.3152
7.1135
4.5342
0.44808
-3.7317
-5.9874
-5.4824
-3.5092
-0.44525
2.2713
5.3157
7.1382
8.2385
9.0088
7.9924
6.5169
4.8929
2.7691
-2.0905
-6.4632
-10.988
-13.275
-13.775
-10.324
-5.6228
-0.2639
4.6899
11.434
14.261
12.766
9.7883
5.7352
0.081289
-5.8325
-11.384
-17.467
-19.169
-17.175
-12.505
-7.0368
-1.2156
3.5149
7.9539
12.11
14.005
13.104
10.507
5.6522
0.38919
-5.3303
-10.103
-13.673
-14.781
-13.837
-11.646
-9.3672
-5.9374
-3.4358
-2.3518
-0.69629
3.8751
6.7257
7.6283
7.454
6.2106
3.8066
1.9727
-2.021
-5.7655
-9.5268
-11.013
-12.555
-14.642
-14.442
-11.692
-8.8248
-4.7253
-0.83954
4.0761
6.7185
7.7552
10.458
13.118
14.621
13.934
12.079
7.6585
3.338
-1.1044
-4.2241
-6.1982
-8.6242
-9.5291
-9.9936
-10.024
-9.0083
-7.5691
-6.4255
-2.2032
0.88002
2.9756
3.3712
3.434
4.104
4.11
3.8685
2.0422
0.33416
-2.8387
-4.1832
-5.6447
-5.6196
-4.1072
-3.4394
-2.605
-2.6555
-1.292
0.41005
1.4081
2.2883
2.7498
2.9946
1.7161
-0.21279
-1.0269
-3.6868
-7.7723
-10.966
-12.874
-14.285
-15.73
-16.346
-15.947
-14.907
-12.584
-10.162
-8.2122
-5.5629
-2.8588
0.50021
4.2808
7.1611
8.8153
12.023
14.005
15.365
17.069
17.954
17.779
18.248
18.144
17.043
14.543
12.335
9.87
8.1709
4.4561
0.097738
-5.0314
-7.3388
-9.9386
-11.525
-11.355
-11.705
-11.984
-12.208
-12.727
-12.456
-10.225
-7.3358
-3.3511
0.55259
4.4878
8.088
13.223
16.297
18.63
20.509
21.202
22.15
21.84
19.339
15.691
10.204
7.0275
5.166
5.4402
3.3948
1.5276
0.81771
-0.26869
-0.82411
-0.88875
-0.78896
-1.2057
-1.4461
-1.3454
-1.7305
-1.8688
-3.097
-5.0624
-5.6286
-5.0668
-4.4835
-4.7637
-3.8277
-4.37
-4.1143
-3.3979
-0.70031
-0.34755
1.6398
5.1302
7.1976
7.7477
8.4353
8.0788
7.137
6.4637
4.4243
2.1359
-0.63722
-2.8911
-4.0502
-4.6167
-4.8551
-4.7271
-4.1918
-2.8874
-1.8035
1.4311
2.7147
4.7532
5.4361
4.4111
2.7626
2.0622
0.21745
-0.99953
-2.0173
-2.8305
-2.8345
-5.5074
-7.2863
-8.9092
-9.3215
-6.7347
-3.1382
0.098995
2.4412
3.1291
2.6275
1.2479
-0.15824
-2.7121
-4.1362
-6.954
-8.0637
-8.6819
-8.2543
-5.1796
-2.4749
-0.19369
2.9163
6.6148
9.9985
10.748
10.036
8.7345
7.3841
5.2473
2.7085
0.044352
-3.525
-8.6345
-11.882
-12.969
-12.341
-9.7325
-6.2207
-0.53476
4.9154
7.6321
10.505
8.4938
6.6632
3.5804
-0.96955
-4.6894
-7.4987
-8.5895
-9.3109
-8.0442
-4.7371
0.86458
4.8328
8.6981
10.277
9.0161
7.2098
5.9325
4.833
2.3642
-0.54427
-2.0347
-1.8454
-1.3505
-0.7006
-0.43515
0.032309
1.0669
2.7372
2.669
2.4082
2.4595
2.2659
3.9829
6.2351
7.2064
6.0019
4.1373
0.76792
-3.0628
-6.7139
-8.7423
-10.404
-10.389
-8.4605
-5.5765
-2.2478
1.425
5.7764
7.8533
9.5195
10.144
8.6628
6.0608
4.4217
2.6412
-0.11917
-0.36263
-1.7622
-2.7967
-3.317
-3.4447
-2.7966
-0.866
1.6021
4.3479
6.8228
9.7533
10.889
11.01
10.864
9.1339
6.5642
1.7454
-2.7397
-5.1644
-6.3519
-4.4211
-2.2631
1.2525
3.286
7.736
10.855
11.731
12.187
13.271
15.239
15.388
13.652
11.161
8.7901
5.1104
0.18371
-4.9969
-8.4815
-9.3316
-8.2182
-6.9871
-5.2664
-4.2798
-2.6465
-1.096
-0.26301
-0.57813
-1.0013
-2.6244
-3.5904
-2.7105
-1.9763
-2.1571
-0.072385
1.2673
1.2708
1.8661
2.8903
3.6737
2.2874
1.2595
0.86638
-0.13752
-1.2754
-2.7992
-4.0451
-4.5611
-4.5929
-3.6605
-4.1298
-5.3678
-7.216
-7.9694
-5.6541
-2.8542
-0.36997
1.5777
3.0831
3.587
3.5467
4.2767
5.0649
4.8133
3.7158
2.5297
1.9671
0.73863
-1.5327
-3.398
-6.3368
-9.9051
-13.398
-14.686
-14.283
-12.738
-10.625
-8.0336
-4.3419
0.71175
6.6738
10.914
15.36
17.571
17.535
15.252
12.048
7.0315
2.0573
-3.9635
-9.6082
-13.719
-16.354
-18.416
-16.054
-12.198
-6.1138
-0.99986
4.1592
6.7575
7.9566
6.2724
3.4789
1.5895
-0.96765
-2.7171
-4.3692
-7.0841
-7.9687
-8.043
-6.8848
-5.464
-4.8258
-4.334
-3.3325
-2.8472
-1.3243
0.92952
2.8156
3.5778
5.2169
4.7318
3.2938
1.2765
0.69012
1.6955
3.6648
5.7193
7.0489
6.0375
3.6984
0.40015
-4.1342
-5.3824
-5.7014
-5.0127
-1.7019
3.3868
7.3759
9.936
11.508
11.104
9.5004
7.0682
5.6088
2.8232
0.5671
-0.89225
-1.8825
-3.3097
-4.8692
-4.8382
-3.9301
-0.92319
4.344
8.3221
9.8418
8.0101
5.3622
3.3107
-0.37775
-3.7597
-5.2337
-6.5178
-8.3547
-6.6771
-4.7262
-1.8361
2.6102
4.934
7.07
8.2064
8.2083
5.7182
2.8594
1.5087
1.1629
2.469
3.8529
4.1585
3.3129
2.7903
2.0548
2.6433
1.3862
-0.26964
-0.95816
-3.9488
-4.4531
-4.5027
-2.5733
-0.27703
2.174
5.0007
6.428
5.0801
3.4865
4.4315
4.365
2.3099
-2.2479
-4.8289
-5.1843
-4.8379
-3.4992
-2.7974
-2.3024
-1.2532
0.60892
2.0432
1.6058
1.9996
2.8502
1.6295
1.1758
0.13235
-1.0662
-1.6365
-0.96484
-1.6407
-2.4236
-1.9123
-1.5059
-0.59329
-0.2253
0.5007
0.50758
0.27673
0.37465
2.127
2.9806
4.1015
6.3705
8.5451
10.159
10.109
10.491
9.6739
5.6275
0.26103
-4.4411
-7.6242
-9.2189
-9.6624
-10.194
-11.151
-11.607
-12.379
-12.248
-11.374
-9.7279
-7.4415
-4.2442
-1.0256
0.22344
3.19
7.9722
11.324
13.155
14.96
14.33
12.507
8.8184
4.8916
0.11783
-3.8526
-5.3303
-5.7161
-3.9322
-0.97765
2.9502
5.9669
9.4432
11.974
12.6
12.875
12.553
10.99
8.0102
3.8284
0.9285
-1.4033
-4.0133
-6.054
-9.2782
-10.65
-9.672
-9.5402
-9.0657
-7.8235
-4.3824
-2.1554
-1.322
-0.012748
-0.29207
0.0074469
-1.0921
-0.73737
0.36443
2.6333
5.0688
8.6687
11.682
15.061
15.632
15.826
14.992
14.665
13.301
10.918
7.8574
4.419
-0.25281
-3.2356
-5.043
-5.4295
-5.7729
-6.7905
-6.4703
-5.6835
-5.5735
-6.2294
-6.32
-6.5015
-7.484
-9.4233
-10.361
-10.279
-8.0599
-5.2906
-4.2873
-2.6857
0.8086
3.1088
7.365
10.792
14.393
16.985
19.416
20.033
18.103
13.345
7.6701
1.4607
-2.5618
-5.3026
-7.4004
-8.8422
-8.7442
-6.8088
-3.9933
1.1143
5.7446
8.0894
7.5593
5.7239
3.3575
0.25779
-1.8879
-2.31
-0.52492
0.25181
0.91858
1.356
0.64267
0.5262
0.46325
0.74079
1.3154
0.68202
3.5822
7.3904
10.634
12.6
14.3
13.263
9.0287
3.7223
-2.6671
-7.1898
-10.072
-11.125
-9.4713
-5.3268
2.4174
7.9612
12.342
14.317
13.481
10.591
4.0419
-2.5167
-7.8262
-8.7949
-9.1891
-9.4779
-8.993
-7.1585
-5.2632
-0.79278
3.1277
6.5181
7.4929
7.169
6.361
5.1429
1.3513
-2.4262
-5.6616
-8.5964
-9.1665
-8.9532
-8.4954
-5.27
-0.37257
2.291
3.6124
3.8255
3.279
0.81661
-4.0749
-7.4554
-9.1521
-8.5222
-7.8249
-9.3761
-10.004
-9.6113
-8.6465
-4.9976
0.3046
4.4666
8.3584
10.452
9.9953
8.2341
3.9268
-0.53405
-4.5321
-7.8003
-10.83
-12.651
-10.565
-9.5761
-9.4031
-9.0703
-7.3255
-5.9018
-4.6995
-2.7732
0.1753
3.9721
6.6213
8.0951
8.6887
7.3686
5.7561
3.0788
1.6736
0.7965
-0.65291
-4.2877
-9.4823
-13.556
-15.453
-17.557
-16.592
-14.179
-9.358
-5.1716
-1.124
4.5092
8.4633
9.2719
9.9326
7.1757
3.8141
-0.36395
-2.9771
-3.6043
-4.4606
-4.9949
-3.6262
-3.415
-3.7617
-3.9791
-2.9433
-1.3435
0.10305
1.24
1.5774
1.0642
-0.54275
-0.63747
-0.56873
0.87172
1.9599
2.8156
4.4893
4.629
4.0956
3.3791
2.9267
3.2213
2.5636
1.0297
0.068955
0.70118
1.6121
2.2861
3.689
7.0751
9.5041
11.249
13.004
14.103
13.213
13.541
11.78
12.205
12.09
12.03
11.523
11.347
10.135
6.4602
3.7473
1.4823
-0.02298
-1.9855
-2.0441
-1.5789
-0.91355
-2.1933
-1.2463
-1.1681
-0.45982
-1.008
-2.2369
-2.6238
-3.7651
-4.0385
-2.9974
-1.7982
-1.9203
-1.3832
-0.88439
-1.0964
-2.7127
-4.727
-4.5109
-3.685
-3.6112
-0.13624
2.835
6.7175
9.8267
10.618
9.7264
9.6427
9.7934
8.9728
8.793
7.4357
5.3383
1.787
-1.4641
-4.2924
-6.815
-9.2848
-9.9445
-9.5804
-9.1982
-8.7213
-6.3408
-4.5623
-2.0353
0.34137
3.924
6.1569
8.1765
9.0523
10.263
10.285
9.5663
6.4204
2.1648
-3.4744
-9.7592
-14.035
-16.333
-17.092
-14.854
-11.182
-6.2515
-2.3174
1.4535
5.3135
9.0217
12.253
13.364
12.97
10.308
7.2409
4.4537
1.1119
-2.4381
-5.0704
-6.6973
-6.7821
-4.7046
-1.019
3.1328
5.3031
7.3057
8.7773
8.5487
8.1987
7.0513
3.6772
-0.084633
-4.2748
-7.6175
-8.7938
-9.7462
-8.9748
-5.9765
-1.2064
3.7276
7.8111
10.302
10.701
11.307
11.748
9.2303
4.4802
-0.74417
-3.9865
-4.7479
-5.4277
-4.4111
-2.4377
0.11157
2.9397
3.8193
4.2137
4.1035
3.6242
3.2267
0.7064
-3.0487
-6.0702
-6.9677
-5.6902
-2.1537
1.6553
4.0694
5.7327
5.4055
4.3513
2.7871
1.1132
0.99676
1.583
2.1764
2.2356
1.8651
1.4874
0.03747
-0.90832
0.48358
2.1405
3.4249
3.6636
2.7639
2.5109
1.4168
1.811
1.3067
-0.36096
-3.1698
-6.0655
-9.2176
-11.088
-11.375
-9.4506
-5.6715
-1.6456
2.3238
6.9301
9.6364
9.6853
8.6919
8.3346
7.6533
6.9728
4.276
0.68966
-2.0684
-4.8405
-5.6058
-5.8459
-6.1429
-5.4234
-4.2108
-1.5404
-0.20314
1.7112
3.9731
4.827
4.7217
3.8562
2.9702
2.127
-0.10286
-2.379
-4.0012
-5.5765
-6.8548
-8.3296
-9.041
-9.0138
-7.0322
-3.6349
-1.173
2.4669
6.1121
7.9187
9.9633
11.441
12.123
12.494
12.838
12.362
9.3503
5.257
0.65899
-2.0549
-3.596
-5.7145
-8.6402
-11.134
-11.747
-11.567
-10.572
-8.1006
-5.7372
-3.1157
-0.41071
1.157
3.0845
6.6093
10.61
11.711
12.176
10.423
7.4198
4.3477
0.021561
-4.231
-7.4814
-10.145
-14.296
-16.488
-16.964
-17.342
-17.254
-16.121
-14.145
-12.219
-10.247
-7.462
-3.6177
-0.27113
3.1355
4.4696
6.5164
7.0142
7.8712
8.5295
7.8679
7.1714
5.3593
3.2649
0.87583
0.38206
-0.86548
-2.2964
-4.0398
-4.2393
-3.7721
-4.8278
-5.989
-4.3806
-2.0425
-0.82571
0.63037
0.20292
-0.16805
-0.69641
-1.5731
-3.471
-4.5282
-6.4703
-7.9276
-8.3273
-6.8237
-5.5712
-3.6134
-1.6098
-0.42866
2.4306
5.1579
6.4881
6.0094
5.8654
4.0928
3.1505
1.4857
2.1273
3.7347
6.1342
8.0301
8.0619
7.2002
4.3985
1.1199
-1.793
-2.4517
-2.9355
-2.4075
-0.78601
0.47517
2.8275
5.9759
8.6091
10.414
10.451
9.0068
6.8509
3.9659
0.22814
-5.7294
-8.984
-12.288
-13.495
-14.596
-12.97
-10.347
-7.4059
-5.0176
-1.8792
0.40044
3.2912
7.0352
10.318
12.519
13.411
14.172
14.156
12.469
7.7428
4.4548
1.7807
1.1251
-0.025579
-0.49319
-0.55057
-2.1238
-5.1203
-5.987
-6.0452
-5.4309
-4.765
-2.9146
-0.70804
0.4468
-0.90229
-2.5239
-2.2911
-2.9713
-4.7672
-5.9824
-5.5189
-3.8733
-0.89611
2.0236
4.1302
3.7413
3.9532
3.2478
1.3738
0.3013
0.77359
0.50612
0.4224
0.68609
0.14784
0.7955
1.501
0.67563
-0.69953
-0.98314
-0.68862
-0.2123
1.4847
3.1616
4.2174
5.8746
8.3576
11.049
12.413
9.7207
7.5024
5.1552
3.5361
2.5908
0.97038
0.068969
-0.41316
-1.6835
-2.8657
-1.8025
1.5137
4.379
5.084
5.588
6.3514
5.3467
4.9743
2.9817
1.3729
-0.55493
-2.5699
-1.7969
-0.83239
0.80253
3.3594
6.2989
9.8272
11.537
12.04
10.7
7.3567
3.59
0.53037
-1.9416
-5.2716
-7.1257
-7.4948
-5.8353
-4.201
-2.8664
-0.83713
2.4326
4.7029
6.1225
9.0824
11.268
12.205
11.123
7.8011
4.1482
0.68889
-2.3599
-4.907
-5.6563
-7.2079
-7.1442
-5.9324
-2.8838
0.16586
2.2631
3.7704
6.3239
9.5452
9.1134
8.9492
10.161
12.405
14.474
16.266
15.591
12.874
9.3924
6.5567
2.8052
-1.4606
-7.0012
-13.082
-17.937
-21.373
-22.892
-21.894
-19.134
-14.903
-7.7271
-0.092514
7.0997
13.189
18.24
22.357
23.733
24.859
25.302
24.937
24.203
21.253
16.21
11.338
5.2805
-0.66311
-6.4694
-10.28
-13.849
-15.832
-18.332
-21.383
-22.451
-21.141
-17.481
-12.893
-9.3131
-4.8957
-1.298
2.1693
3.0478
2.8973
1.6219
1.3298
1.4291
2.2175
3.0215
2.797
2.9728
2.5709
1.4563
-0.57972
-2.5799
-2.7671
-3.3199
-3.271
-3.7616
-4.0888
-4.3388
-4.5911
-4.2062
-3.0057
0.028322
1.985
4.1127
4.326
4.0707
3.9232
3.5735
1.9689
-0.19172
-4.4555
-8.3358
-9.5737
-10.64
-10.521
-10.366
-10.446
-9.8126
-9.5657
-8.2811
-7.3369
-6.7751
-6.1636
-6.2769
-4.9436
-5.9165
-5.5189
-6.2828
-5.4116
-5.033
-6.1583
-6.3207
-6.3194
-6.3013
-6.8888
-7.0078
-8.6323
-9.2837
-7.8604
-5.4496
-3.3556
-1.4138
-0.033141
1.8504
4.0059
4.98
4.7789
3.2532
3.2915
4.258
5.7902
6.3158
4.967
0.057731
-4.6134
-7.8588
-12.1
-14.371
-14.229
-12.611
-10.351
-5.9466
-1.5301
2.4984
6.8095
12.477
16.514
16.593
15.439
11.766
7.989
4.8973
2.1548
-0.61164
-2.5381
-2.3351
-0.90862
-0.43991
0.12132
0.72647
1.0346
2.8575
4.4681
4.6902
5.8791
4.9747
3.1914
2.9833
3.4045
1.3922
-0.98433
-4.7808
-8.6197
-11.228
-12.431
-11.467
-8.4295
-4.1325
-0.087766
3.8112
7.4896
7.9158
8.0481
6.5232
3.3533
0.43863
-1.3982
-2.2077
-2.0261
-1.6279
-1.1578
1.2955
4.1225
7.8834
9.9137
10.544
9.7606
8.1948
4.6509
0.99761
-2.3477
-4.4044
-5.9708
-7.5252
-7.3411
-5.4854
-3.4336
-1.6542
0.53687
2.3085
3.2031
4.8248
4.0578
2.4954
1.4319
1.7436
-0.51944
-1.7564
-3.8582
-2.335
-1.4094
-0.75015
-0.6962
-0.62555
-1.7208
-1.6971
0.020583
2.2579
4.2711
5.3704
6.0485
7.813
8.6797
10.546
12.698
12.867
10.479
7.5834
5.4962
4.0183
0.7366
-1.5919
-3.434
-4.2815
-5.8814
-6.2148
-5.142
-4.4159
-2.7311
1.0601
3.2903
5.7135
7.116
7.2557
6.4366
4.7081
3.7699
3.4905
0.50172
-2.0872
-4.919
-6.8529
-8.0157
-8.9676
-7.4803
-5.223
-1.9252
1.7972
5.4234
9.9943
11.718
14.357
16.22
15.944
11.995
5.9665
0.11746
-4.8206
-8.9941
-12.789
-15.473
-16.473
-15.88
-13.721
-10.182
-7.4007
-4.2928
-1.404
1.5298
4.0031
4.8822
4.7661
4.3142
2.0414
-0.33143
-2.3216
-4.9636
-8.1703
-10.37
-11.043
-10.734
-10.498
-9.9546
-8.7339
-6.0274
-3.5855
-0.92191
2.9468
5.8497
8.6764
13.034
15.434
17.947
17.816
17.329
14.045
10.684
6.2682
3.243
-0.044436
-3.3932
-5.8546
-8.5415
-10.021
-11.25
-11.707
-11.593
-9.282
-6.2949
-3.1067
-0.068829
3.2463
5.6637
6.8844
6.4144
4.4506
3.082
2.724
1.3216
-0.40587
-1.9378
-3.2495
-4.0963
-3.6578
-3.8078
-4.2903
-2.8913
-1.3646
-0.4104
0.29718
1.0526
0.31711
-0.21044
-0.60343
-1.109
-2.3841
-2.304
-0.61495
2.1186
4.1814
5.6376
6.5546
8.5837
9.0963
7.3596
4.1456
0.6915
-2.4765
-3.782
-5.7509
-8.4029
-10.357
-8.8323
-6.7499
-4.4699
-2.1305
1.4678
5.2308
7.4634
9.3132
10.207
9.6895
9.4293
8.5691
6.5486
3.2505
-0.29763
-4.5972
-8.8105
-11.383
-12.186
-11.409
-9.3726
-7.4558
-3.8078
-0.20099
1.1944
2.1059
2.0794
2.9877
3.0673
2.5441
2.3873
1.1464
0.021038
-0.50354
0.0080585
0.59863
0.96777
0.59832
1.1089
0.51939
-0.47429
-0.25098
1.3393
2.517
3.0509
3.663
2.6399
0.43877
-1.7138
-3.9281
-4.6325
-5.2807
-6.4014
-6.1974
-5.3812
-3.8578
-2.8124
-2.393
-2.1528
-1.6115
-0.72529
-0.34737
-0.24778
0.52319
-0.21813
1.3778
0.64782
-1.611
-4.4963
-6.5572
-6.261
-6.835
-5.0668
-3.1011
-0.40921
2.7578
5.0387
5.904
4.2439
3.329
-0.21068
-2.0711
-1.8478
-1.6655
-1.2827
-2.03
-2.8207
-2.4001
-1.6579
-1.0962
0.12171
0.72422
0.77512
0.8388
0.92475
2.5071
2.7888
2.1509
1.6995
1.1787
-1.984
-4.5565
-6.7014
-8.3462
-8.1219
-6.0546
-2.4844
1.5162
5.793
8.0896
8.4917
6.4503
4.7143
2.8282
-0.20027
-3.6187
-6.8516
-10.472
-13.516
-15.107
-14.924
-12.504
-8.4177
-4.4504
-0.90048
2.677
5.2701
7.6711
7.806
5.7878
3.4395
1.8025
1.9639
0.61893
-0.17897
0.42406
1.4652
1.5873
1.8125
2.7993
2.7545
-0.052567
-2.6673
-4.5568
-5.8448
-6.6744
-7.2239
-9.7637
-12.313
-13.491
-13.464
-11.431
-9.3796
-7.0564
-5.6047
-4.3431
-1.4863
0.019381
1.6581
2.8515
3.29
4.4313
4.6456
5.1931
5.5805
4.3394
3.3507
1.1338
-0.66225
-2.8921
-4.6539
-6.4844
-7.991
-9.1486
-10.449
-11.623
-12.557
-13.677
-13.393
-12.878
-11.972
-10.156
-7.4302
-4.0082
-2.4011
-1.209
-1.3243
-2.8698
-5.7471
-7.9266
-8.1811
-8.2337
-7.2204
-4.1795
-0.8874
3.5692
7.8398
9.8697
11.978
13.321
11.762
9.6995
7.7367
4.8354
3.5525
3.3171
3.3061
0.60131
-1.5139
-4.3956
-7.2305
-9.0198
-9.6305
-8.8555
-8.0059
-8.1774
-8.5996
-8.9526
-8.5367
-7.527
-4.6748
-1.9794
0.84006
4.1736
8.7363
12.571
15.205
16.623
16.765
15.164
12.146
7.4694
2.9967
0.74847
-1.2878
-1.7227
-1.9551
-2.5783
-0.557
-0.2294
-0.79494
-1.937
-3.3101
-6.0577
-6.2808
-6.4008
-7.7453
-7.6748
-7.7275
-8.9503
-9.043
-8.6326
-7.5113
-4.0952
-1.5149
1.4786
4.9816
8.1061
9.6051
10.437
9.6169
7.3092
5.2591
1.3736
-3.8583
-7.9308
-11.686
-13.778
-13.365
-12.283
-11.377
-9.5382
-7.1821
-4.7342
-3.4455
-0.20184
2.2705
4.2757
5.6142
5.1758
5.3907
5.0215
2.7618
0.6281
-1.0399
-2.3936
-3.5005
-3.1491
-1.7168
-1.2104
-1.9003
-2.6309
-2.9125
-3.4511
-4.6612
-4.3986
-3.1527
-0.38501
1.7121
2.6126
4.1164
5.8228
5.7328
4.2065
3.5239
4.8704
5.2302
6.95
8.6377
9.3156
9.1763
8.7425
8.1795
7.8962
6.5684
5.6851
4.6401
3.0565
2.3632
0.44874
-0.87931
0.807
3.1442
4.1671
4.7249
5.1715
3.9455
1.7076
0.68553
0.1686
-0.12978
1.1627
1.6703
2.1424
0.95607
1.1587
0.15065
-1.5483
-2.9565
-3.657
-2.7613
-2.1969
-1.8459
-1.0342
0.14367
-0.91182
-1.1011
-1.9551
-2.1061
-1.1143
-0.071433
2.4609
5.2818
8.2773
10.877
12.891
13.783
12.746
10.068
7.5131
4.5629
1.6524
0.44813
-1.5372
-4.073
-7.8376
-9.5819
-9.1744
-7.3616
-5.2445
-1.8364
1.9276
4.8519
6.4042
5.3531
4.3822
3.4801
3.1315
2.8067
2.4257
1.6164
2.9649
4.7431
5.7141
5.9642
6.2071
5.0957
3.1879
2.5701
1.4287
-0.2586
-3.1928
-5.1432
-6.1172
-6.6495
-6.9307
-6.2548
-4.626
-2.83
-2.6544
-2.5311
-2.4527
-2.8225
-5.2622
-6.0541
-5.3436
-4.302
-4.698
-4.0349
-2.3754
-0.21289
0.96054
2.2562
5.3598
7.2106
7.6495
6.1339
4.3727
1.7579
-0.12714
-3.3537
-8.5237
-13.851
-17.715
-20.474
-21.665
-22.862
-22.606
-20.669
-18.167
-14.723
-11.47
-7.837
-4.1201
-1.0654
1.3247
2.8381
5.0938
5.9898
5.0861
5.2288
5.4062
7.1398
8.1863
9.0724
9.975
8.3835
7.4616
5.9892
4.1629
1.639
-1.2938
-3.62
-6.235
-6.6883
-7.3963
-6.1596
-5.4679
-5.1376
-4.8892
-4.2995
-4.6451
-3.4382
-2.6547
-0.70189
1.6017
3.0101
2.7332
0.447
-2.3222
-4.9593
-7.2011
-8.8242
-10.439
-13.278
-14.864
-15.363
-14.809
-13.276
-11.349
-7.46
-3.571
0.36798
4.4871
7.6625
11.096
11.745
12.269
13.28
12.551
10.461
7.4691
4.0264
0.78015
-0.59483
-3.1746
-6.4718
-8.875
-10.421
-10.392
-9.4342
-7.687
-5.2882
-3.4259
-2.072
0.8316
3.2848
4.7134
5.0437
5.4145
6.2804
6.0937
4.9777
2.9539
0.89058
1.0321
0.3468
0.65626
0.19327
-0.42113
-2.2285
-4.6304
-5.6536
-6.1326
-5.38
-4.7362
-5.1546
-4.7676
-2.7402
-1.0426
0.78031
2.8417
3.9532
5.9904
8.3874
9.816
9.109
7.4591
3.8424
0.54439
-1.774
-3.4947
-3.4479
-2.0339
-2.7263
-2.5551
-0.16875
0.42803
0.86593
-0.16021
-1.0636
-1.8568
-0.70253
3.1135
5.5557
10.368
12.227
13.342
12.015
8.6385
2.467
-2.6776
-7.226
-9.3749
-8.8945
-6.8024
-3.9606
-1.3985
1.6466
4.1345
6.3265
6.4273
4.9535
3.5333
3.2264
2.8571
1.7396
1.4556
0.5264
-0.87655
-3.1419
-4.1248
-5.2124
-6.0751
-6.3129
-5.1864
-3.9806
-0.33062
4.0153
6.4426
7.9426
7.6253
5.6532
3.2328
0.21462
-1.0684
-1.6546
-1.627
-0.67073
-0.60281
0.97287
1.9833
2.9695
1.5046
-0.16971
-0.76086
-1.5355
-2.4808
-2.6771
-2.4983
-1.4607
-1.5687
-0.9666
-0.52956
-0.39292
-0.2554
-0.13736
0.31477
0.75467
-0.50816
-1.0489
-0.81019
-0.64772
-2.746
-6.1115
-7.5364
-7.781
-7.6889
-6.2415
-3.832
-0.0934
2.7457
4.0982
4.4548
5.1384
5.6584
5.0139
3.3584
0.35134
-1.9448
-4.5081
-3.8681
-2.4334
-0.028099
1.5424
2.3607
3.5196
3.2818
1.9269
1.4244
0.54069
0.59943
1.9472
3.6627
3.8173
4.5277
4.4562
3.1123
1.288
1.457
1.0475
-0.030443
-0.49346
0.021578
0.35911
-0.45008
-0.15652
1.0862
0.92857
0.004216
-0.45643
0.41268
0.7924
1.287
2.3111
4.445
6.7409
8.6863
9.2267
9.0873
7.1504
4.5736
2.0821
0.1404
-2.6022
-3.8339
-4.9295
-4.1248
-5.3782
-4.8182
-3.6717
-2.3606
-2.6453
-0.62735
1.4111
3.2983
6.2228
9.4985
10.83
11.241
10.603
9.0131
7.8675
7.527
5.4731
2.7983
0.19912
-0.89603
-1.1291
0.23086
2.6912
3.7022
4.853
5.4841
7.0133
7.8791
9.1135
10.819
11.294
11.311
9.7898
8.0955
4.4772
0.86791
-1.6898
-3.534
-5.5422
-6.277
-6.3838
-6.1061
-6.8158
-5.8587
-3.8885
-1.7452
1.7875
5.7871
8.7591
9.989
12.156
13.176
14.049
13.778
12.207
10.164
6.8868
4.6351
3.8635
3.4585
3.0226
1.2838
0.22162
0.7091
0.86097
1.2294
1.1906
2.8531
5.2742
9.5025
13.119
13.644
13.72
10.328
4.6697
-0.02545
-3.4503
-6.0842
-8.0079
-8.2741
-6.1918
-6.2175
-4.9521
-4.0079
-3.4559
-3.8356
-4.441
-3.2411
-1.841
0.24147
1.8674
2.7099
3.349
2.3864
1.1213
0.38688
0.31784
-0.19979
-0.30894
-2.0374
-4.0097
-4.0653
-4.7747
-5.7726
-6.898
-7.9809
-7.8808
-7.2733
-6.5055
-5.1713
-2.8797
0.86411
3.2971
5.2953
4.7067
2.4131
-1.7058
-5.7665
-8.1783
-8.9482
-8.638
-6.9491
-5.5203
-4.1739
-2.4423
-0.32025
1.0127
2.3631
3.9933
4.8803
5.3696
4.3284
1.5794
-0.85437
-4.2889
-6.9967
-8.265
-8.0467
-6.2866
-4.8108
-2.4884
1.0228
5.8063
11.869
14.255
13.217
10.332
7.9976
4.0945
0.74397
-2.3028
-5.1214
-7.0113
-10.455
-13.726
-14.448
-15.178
-11.887
-7.3026
-3.2293
-0.27906
-0.16162
-0.94831
-2.5204
-2.5281
-0.99247
0.91735
1.644
0.19247
-0.58061
-1.0222
-0.826
0.68764
2.3205
2.4764
3.4625
2.7695
0.74083
-1.1653
-3.7397
-5.2022
-4.3291
-3.1588
-2.1637
-2.9816
-2.6888
-2.1161
-0.53999
-0.86352
-2.5882
-4.3506
-5.2511
-5.1012
-4.6656
-5.7873
-6.37
-6.6374
-6.1726
-5.0862
-4.8767
-4.5913
-4.0471
-2.5046
-0.89798
2.3535
4.4734
5.749
7.0526
8.3893
8.5125
7.5932
5.4514
2.8869
-0.80116
-2.9178
-3.8233
-3.433
-3.1716
-2.1436
-1.466
-0.47711
-0.16333
-1.067
-1.5736
-1.215
-0.79471
1.7296
3.3965
3.8101
4.2006
4.2932
6.1802
6.4008
5.2517
4.6191
2.4487
-1.1623
-3.8559
-6.2956
-10.731
-13.856
-15.819
-17.504
-17.037
-17.023
-16.789
-14.312
-11.781
-8.8291
-5.5058
-2.5545
0.075664
2.2909
4.3681
7.0999
6.9425
6.51
5.2224
2.6778
-0.79005
-4.4214
-6.5649
-7.7737
-6.8546
-5.7216
-5.4788
-5.8198
-5.2305
-4.0526
-3.0737
-1.976
-0.33999
-2.0591
-3.5073
-3.399
-4.7386
-5.6078
-5.61
-4.4887
-3.46
-2.8084
-1.1914
1.6071
3.7983
4.7291
4.8874
3.9273
3.5311
3.7451
4.2889
4.0618
3.1168
1.0044
-0.18566
-0.07004
1.0467
3.2878
4.713
4.3662
4.142
4.2642
3.9673
2.3258
0.098686
-1.0473
-1.3074
-0.96795
0.30984
2.7144
5.1869
7.6536
9.4268
10.5
11.916
9.273
6.0425
1.7487
-2.807
-6.6828
-8.6259
-9.8321
-8.2848
-5.9617
-1.9
2.9783
7.0837
10.18
9.2928
8.2486
6.897
6.1155
3.3582
0.88069
-2.0486
-2.6025
-3.019
-3.9571
-3.1734
-3.1384
-3.9739
-4.7384
-5.3535
-4.4807
-1.1177
1.5259
4.4325
6.2498
6.9746
6.371
4.8474
2.5537
-0.4258
-3.1291
-4.8437
-2.71
0.37932
4.2408
6.5185
5.5691
3.1758
1.6296
0.17895
-3.4246
-7.0052
-7.3975
-5.7002
-3.1711
0.15256
5.2241
8.6851
9.3102
8.3072
4.5871
1.4586
1.2567
3.6589
4.9073
5.0796
4.1212
2.4499
0.61982
-1.0908
-3.1648
-3.8048
-3.1003
-1.4407
0.70568
3.0379
3.9222
4.1662
3.8316
3.0165
0.39488
-1.5344
-2.3164
-3.813
-4.18
-2.1234
0.99575
2.6493
3.7941
3.072
1.4565
-1.2072
-3.8264
-5.5523
-6.3777
-4.4295
-2.8557
-2.755
-1.7057
-0.41267
2.4923
4.1015
5.2127
5.7514
3.9492
0.024259
-4.7941
-7.8056
-8.6425
-9.5225
-9.1974
-8.2726
-7.4291
-6.365
-4.1802
-3.4515
-2.8391
-2.2722
-1.6706
-0.67759
0.7324
3.5686
6.8073
9.9295
11.802
12.724
11.076
10.62
7.8288
3.5889
-0.93083
-4.1678
-8.3856
-10.329
-11.283
-9.719
-8.8969
-8.007
-6.6112
-5.0547
-3.0482
0.71626
3.5355
5.0459
6.1137
6.9593
6.1034
5.2641
5.2095
4.281
3.7076
2.3617
1.6781
0.19036
-1.258
-2.6833
-4.0413
-4.791
-5.6504
-7.0312
-7.7778
-8.1777
-9.6175
-9.4398
-7.2731
-5.5578
-3.5815
-2.306
-1.8297
-0.66117
-0.5976
-1.2307
-0.91599
-0.9655
-0.97602
-1.452
-0.95041
-1.5407
-2.3452
-4.3624
-8.1079
-10.722
-11.911
-12.031
-13.518
-13.611
-13.612
-13.793
-14.156
-12.543
-10.384
-8.9521
-7.1013
-5.8559
-5.6619
-7.0553
-7.4999
-7.3423
-5.7452
-3.4008
-0.6816
0.9408
1.3621
2.6393
3.9576
4.6404
7.0931
12.69
16.9
18.314
18.165
16.732
14.909
12.481
10.797
8.1596
5.0614
2.6918
1.2498
-0.26709
-0.83371
-1.2029
2.3321
4.3749
5.658
8.0201
9.0677
11.047
12.695
13.683
15.328
16.297
16.201
12.94
8.6118
4.6647
1.0811
-2.5416
-5.647
-7.3705
-7.257
-7.7049
-7.1539
-8.1278
-7.7712
-6.4069
-4.8943
-2.8938
-0.45212
1.9652
4.9566
8.8306
12.148
13.263
13.769
10.87
6.2725
0.80458
-4.6197
-6.9435
-8.3307
-8.8309
-7.5885
-4.9357
-1.2493
1.3823
4.8149
6.4698
9.2671
11.502
13.148
14.216
14.26
12.546
9.1127
5.5766
2.8534
1.3153
0.16349
-3.09
-5.61
-9.1283
-11.619
-12.658
-11.567
-8.5519
-3.5749
0.43742
4.6604
6.6227
9.0991
11.401
11.262
7.9895
2.9675
-0.73804
-4.3322
-8.7941
-10.826
-11.748
-12.001
-9.4352
-6.4602
-1.7635
2.5129
4.8497
5.3018
4.0827
2.1319
0.23804
-0.8425
-2.0541
-2.526
-4.1884
-6.2222
-6.0035
-4.7737
-3.6915
-0.96412
1.6562
3.415
4.0371
3.7416
2.8842
1.6046
1.7526
2.1131
2.0329
1.2614
-0.35345
-0.58808
0.1867
1.8462
1.8324
2.919
5.0259
5.1263
3.9002
3.8073
0.010742
-2.2867
-4.6719
-8.0578
-10.564
-11.898
-11.104
-10.634
-8.7869
-5.1031
-0.66193
5.3074
9.796
13.079
15.001
15.015
12.606
9.56
6.0505
3.1603
2.4049
1.1786
-0.47014
-3.2437
-4.8877
-5.7315
-5.1513
-4.4067
-3.3112
-1.3405
2.794
5.4875
8.7767
11.608
14.061
13.408
12.079
10.369
6.7326
4.2199
2.2904
0.99179
-0.55933
-2.3646
-3.5423
-3.2564
-2.7107
-1.0482
-1.2236
-0.92793
-1.2665
-1.7978
-1.0724
-1.049
-0.84933
-0.32542
0.030855
0.30927
0.99022
3.1161
4.67
4.94
5.8364
5.0948
4.4878
2.2886
1.5461
-0.39706
-2.7243
-4.3943
-7.5585
-8.9553
-9.8341
-9.3242
-5.2785
-0.030619
5.0294
8.6058
10.638
12.727
14.402
15.153
15.421
15.674
17.022
16.934
16.556
15.449
13.09
10.914
8.5919
7.0117
4.2317
1.0998
-3.0276
-6.7396
-8.6457
-9.2082
-7.9493
-5.5191
-1.628
3.1183
7.5791
11.964
16.468
19.754
21.662
22.003
19.976
17.137
11.287
5.2748
-0.35913
-6.1341
-10.301
-13.919
-17.169
-19.43
-20.33
-20.984
-20.851
-21.508
-18.676
-12.596
-6.348
1.5997
9.9113
15.812
18.443
18.248
17.499
16.743
13.738
10.312
6.9097
3.5552
1.5385
-0.65984
-2.1212
-3.5758
-2.8412
-0.54242
0.70056
2.6073
3.169
1.0723
-0.31802
-1.9059
-3.3211
-3.6977
-3.5055
-3.1298
-1.6963
0.17653
3.5759
6.1466
8.9986
12.8
16.054
19.134
20.345
18.446
14.465
9.6676
5.3938
1.568
-1.3987
-3.581
-6.5373
-6.7896
-4.2356
-0.94379
2.7567
5.5531
7.8048
7.3767
7.0662
7.3994
7.1097
5.804
5.0529
3.1753
1.8202
0.39304
-0.24128
-2.1132
-2.4816
-2.2884
-1.2113
-0.37507
0.17289
-0.5117
-0.64438
-0.68674
-2.5645
-4.9103
-5.8169
-7.9972
-9.3378
-9.3993
-8.9542
-7.29
-3.9715
1.0131
5.3793
7.8679
8.975
8.4581
7.6555
5.2149
2.7848
-1.4692
-5.5501
-8.7511
-11.059
-9.9442
-6.3227
-1.0913
4.2745
8.0935
8.5568
8.3425
5.9952
4.3841
0.44649
-3.0756
-4.925
-5.4877
-3.4654
-1.2808
-0.081874
0.63179
1.8242
3.0841
3.6461
5.182
6.2516
7.1378
7.2208
6.0522
4.552
0.36029
-1.7478
-2.5629
-2.893
-2.3188
-2.0888
-1.1202
0.17242
0.8509
2.0314
2.08
1.5979
-0.5132
-3.0774
-4.4813
-6.5383
-8.4157
-9.5733
-9.3063
-8.3814
-5.4155
-1.0847
4.203
9.1692
10.974
12.118
9.5637
4.8812
2.3793
-0.35286
-2.4844
-3.6804
-6.0799
-5.3351
-3.948
-3.7424
-3.3725
-3.1019
-3.1768
-1.3421
1.2199
2.5283
5.0936
6.0898
6.0858
5.3757
4.0838
3.3049
0.83706
-1.5227
-5.4949
-8.6378
-12.256
-15.054
-14.762
-12.773
-8.9889
-5.1231
-1.4597
2.9372
6.1504
8.2371
9.2169
7.0468
4.4524
0.99654
-2.5754
-5.6645
-8.2268
-10.63
-12.817
-14.719
-14.516
-12.555
-10.119
-7.6244
-3.7711
-1.0148
1.4725
4.1262
7.8489
10.331
12.796
12.716
9.6776
6.6928
4.1815
2.2756
-1.2275
-3.8473
-5.6483
-7.1336
-7.3829
-6.2072
-3.644
0.10003
1.9768
3.452
4.476
6.0313
6.6337
6.2865
6.5144
6.7552
6.2357
5.624
3.9479
2.7293
3.0854
2.7583
2.4242
1.6273
-0.040307
-1.1331
-0.91148
-2.0423
-3.2288
-4.4831
-5.9852
-6.8671
-6.7158
-6.3331
-5.7337
-5.4364
-5.589
-6.8843
-9.4742
-10.446
-8.8009
-5.9048
-1.4202
3.8479
7.5165
10.523
12.606
12.689
11.685
7.17
3.1086
-0.82984
-4.774
-7.386
-9.3609
-10.838
-12.872
-13.508
-12.233
-9.8502
-7.7908
-4.5571
-1.9549
0.96435
3.3071
4.7412
4.5979
4.4602
3.7836
2.3178
0.76991
-0.18229
-1.8409
-4.6866
-5.8331
-3.9957
-2.2143
-0.4973
2.6908
6.2696
10.861
15.232
18.865
20.023
19.963
18.338
16.176
12.774
7.1201
0.7275
-6.9139
-12.781
-16.178
-16.479
-14.842
-12.626
-9.1595
-5.3124
-0.62161
3.1551
5.2224
7.4647
7.6822
6.5773
6.4333
5.5444
2.538
-0.35474
-2.8231
-4.6594
-4.7943
-3.1983
-1.1815
0.91216
2.9522
4.7194
4.4921
3.5343
2.2913
1.2266
3.2216
2.8568
3.3036
3.7608
4.9493
5.4446
5.1604
4.4138
3.0132
1.4312
0.16723
-2.6349
-4.4583
-5.4457
-4.5554
-3.7648
-2.5288
-0.92604
-0.41145
-0.61417
0.10212
0.73967
1.3569
2.7507
3.0462
1.5933
0.37426
-0.77343
-1.4502
-0.59878
0.049674
0.29244
0.04589
0.17185
0.045789
-0.32943
0.54167
2.1882
3.0256
5.1594
8.0731
9.034
8.1844
6.6925
3.0147
0.18821
-3.6136
-6.3306
-8.2076
-9.0286
-8.7914
-6.964
-3.6819
-0.42913
2.2183
5.0632
6.4925
5.6605
4.7436
1.74
-0.42458
-2.276
-4.903
-7.3461
-9.026
-9.2918
-7.0958
-3.9942
-0.39308
5.3031
10.615
12.766
12.977
11.423
8.954
3.4732
-1.678
-5.1006
-8.8862
-10.795
-10.906
-8.7496
-5.8445
-2.0227
1.1039
5.0995
7.2511
7.1022
5.2326
2.333
0.50356
-3.3304
-5.8993
-7.7668
-8.6774
-10.196
-8.9648
-7.6611
-6.0374
-5.1945
-4.8413
-3.8962
-3.8131
-5.068
-5.8704
-5.3966
-3.9676
-1.4143
0.27437
1.8077
2.3304
1.268
0.19128
-1.6531
-3.9209
-6.5521
-9.8737
-12.725
-13.282
-13.263
-11.192
-7.4707
-3.1077
1.4144
5.3457
9.6226
13.819
17.024
17.46
17.484
14.872
12.141
9.8555
7.2945
3.2438
-0.27205
-4.5308
-7.3111
-8.8551
-9.4165
-9.6882
-8.2453
-5.6466
-3.0951
-0.91248
1.0941
3.4464
6.6867
9.5233
11.251
13.432
14.9
12.718
9.6774
6.7431
4.038
2.0684
-0.013461
-2.0639
-3.9617
-6.07
-8.7449
-12.488
-15.439
-16.108
-16.484
-16.28
-14.62
-11.014
-6.956
-4.9043
-4.8563
-3.9532
-3.7357
-2.7851
-2.3885
-2.0356
-1.3797
-1.1334
-1.5744
-3.6219
-7.6218
-10.334
-11.996
-12.932
-12.424
-13.28
-14.115
-12.902
-11.524
-9.6134
-5.5166
-1.0523
3.4336
6.8843
10.798
13.468
14.016
13.089
13.018
12.892
10.067
7.0342
3.5303
-1.0701
-4.465
-8.0365
-8.8372
-9.5966
-8.7959
-6.9097
-5.759
-5.2269
-5.2822
-4.6525
-2.7104
-1.0706
1.6429
5.748
9.435
10.71
11.356
10.993
9.4019
9.2984
8.3151
7.9837
6.8015
5.3049
3.7186
0.95147
-3.6511
-7.418
-9.6008
-9.4769
-8.3975
-6.5113
-4.2719
-4.1169
-3.383
-2.3382
-2.3554
-2.4201
-3.1659
-2.7931
-4.5858
-6.1898
-6.2042
-2.8385
1.9846
6.2573
8.7471
10.103
10.571
8.5779
4.7178
1.2223
-3.6536
-6.6632
-7.5159
-6.7756
-3.7189
0.32791
4.0131
6.4355
7.4058
5.9304
3.3376
-0.23728
-4.4259
-7.2488
-9.7069
-10.168
-7.4884
-3.0993
0.51458
3.3261
3.6991
2.4513
0.14515
-1.7807
-3.716
-3.1611
-1.982
0.42427
3.6312
7.5447
9.6391
8.7059
5.0698
-0.55309
-7.3147
-13.25
-15.101
-14.08
-11.628
-8.2379
-4.5753
0.25571
3.5663
5.347
5.5561
5.2582
2.188
0.12516
-1.2226
-1.121
-0.26672
0.64177
-0.8351
-2.9601
-4.832
-6.0111
-6.271
-5.9573
-5.8676
-5.389
-3.4269
-0.85348
1.7624
3.8703
6.6548
7.0474
6.6836
3.504
-1.0943
-5.7625
-9.8368
-13.296
-15.062
-14.613
-12.338
-9.1867
-5.4261
-1.3369
4.057
9.2013
13.206
16.195
18.05
19.227
19.065
17.956
16.657
13.975
10.03
3.6942
-0.007443
-3.9509
-8.0756
-10.308
-10.232
-10.031
-10.247
-10.587
-10.696
-11.048
-9.5017
-7.0852
-4.9937
-1.4887
3.3637
7.9036
9.9217
12.002
12.848
11.178
6.5789
2.0583
-2.4292
-7.2444
-10.528
-11.432
-10.927
-9.2072
-6.6174
-4.5216
-1.6146
2.7936
4.5933
4.8362
3.3655
2.9797
0.63323
0.71236
1.2637
2.213
1.4561
2.1122
3.3266
3.6721
2.8481
2.5724
1.154
-0.49486
-2.481
-2.6788
-2.6787
-2.0818
-1.2558
-0.24695
1.8933
4.0824
6.4689
7.0415
7.854
7.3244
5.0951
3.5402
0.68486
-3.2192
-6.7804
-8.2264
-8.3606
-7.1445
-4.9747
-2.5735
0.083438
3.0583
5.1519
6.6924
6.4055
4.9482
2.1891
-2.9492
-6.8329
-10.308
-11.578
-12.536
-13.016
-12.994
-13.429
-13.667
-11.829
-10.624
-9.4461
-8.2916
-6.8742
-4.8236
-2.0919
1.2026
3.8124
6.8498
9.9582
13.996
16.343
17.679
18.713
18.666
17.039
13.273
8.1639
1.6607
-4.5349
-8.2672
-10.516
-9.6338
-10.844
-11.572
-10.31
-9.6129
-7.813
-6.6137
-5.6739
-4.2486
-2.8632
0.24849
4.2822
7.5931
7.6826
7.2126
6.885
7.2283
6.5146
5.3912
3.4242
-0.069376
-3.8972
-8.0245
-10.515
-12.07
-11.813
-10.825
-8.714
-4.8824
-0.37597
2.8685
5.1632
6.5186
7.8311
7.2936
6.7565
3.4041
0.71592
-3.6254
-7.702
-10.741
-11.168
-8.6851
-5.3516
-3.1433
-1.6841
-1.2
-0.92725
-0.24823
1.2175
2.2178
3.214
7.0485
8.5802
8.2387
5.9382
3.3476
1.2859
-1.5683
-2.8942
-3.805
-3.5584
-1.703
-1.7532
0.74488
2.5637
2.6611
3.2562
4.2809
4.696
4.691
4.4264
2.5014
0.046186
-2.0344
-4.9196
-6.2171
-6.1028
-4.598
-2.659
-0.56912
2.0685
3.4138
5.4385
6.4667
2.853
0.86142
-1.5672
-3.4307
-6.1557
-7.1343
-6.7541
-5.8369
-5.7716
-5.6003
-4.9213
-3.5203
-2.1861
-1.052
0.14592
0.86608
0.80972
1.1721
1.3622
-0.34782
-2.7235
-4.3916
-3.808
-2.6094
-1.5656
0.92281
3.3819
5.1206
6.8334
7.2331
5.2107
3.4565
1.6134
1.426
-0.41655
-2.6825
-4.6536
-7.0368
-8.5726
-9.1142
-9.5145
-10.784
-9.0381
-5.0867
-1.2705
1.803
2.9187
3.4061
3.084
3.212
3.041
2.4926
2.054
0.68666
0.18186
-0.9966
-2.3239
-3.2822
-3.079
-1.8795
-2.8421
-2.5451
-2.731
-1.8106
-1.2875
-1.1797
-0.66018
-1.5595
-2.2287
-3.4324
-5.2357
-5.945
-5.9758
-3.8064
-0.3534
4.0145
9.18
14.376
16.923
18.453
19.344
18.443
16.592
14.1
11.343
8.5704
6.561
5.7342
3.5718
1.2135
-2.947
-6.0433
-9.8289
-12.43
-14.243
-15.248
-15.848
-16.524
-15.072
-13.788
-13.292
-10.488
-7.8422
-4.9376
-3.7395
-2.1754
-0.94584
-0.065348
1.1447
3.5296
6.2851
8.1261
7.5378
5.3112
2.7563
-0.88425
-5.411
-8.5144
-11.909
-13.156
-11.421
-8.7261
-3.5588
2.6608
7.7044
10.621
12.825
13.396
13.022
10.259
6.883
2.1612
-2.7588
-5.7835
-6.8934
-8.1
-7.5011
-6.6629
-4.3435
-1.9189
1.0568
2.7685
5.9425
9.9448
12.588
16.205
20.308
21.553
19.637
18.704
19.222
19.596
18.681
16.495
12.271
7.8312
1.9174
-3.4758
-7.9424
-11.161
-10.984
-8.018
-4.6624
-1.4823
3.0313
6.0317
8.6878
10.465
12.756
14.02
13.166
12.252
12.06
12.159
10.268
7.8358
5.0113
0.16926
-1.1365
-4.0387
-7.2028
-7.8648
-8.2434
-6.271
-4.8014
-2.2176
-1.0362
-0.97751
-0.12552
0.41147
-1.0598
-3.0801
-4.367
-2.9911
-2.0093
-0.77958
-1.7554
-1.0671
-0.46631
-0.63019
-1.3042
-1.2237
-1.56
-1.6861
-2.508
-2.649
-2.6536
-1.7151
-0.3715
-0.13834
0.064067
-1.7203
-2.6908
-1.6809
0.23326
2.2423
2.7103
3.8266
2.9867
2.3548
1.726
2.2579
2.1828
1.3037
0.6684
-1.6966
-3.4376
-3.8377
-4.8378
-5.0085
-4.5533
-3.4999
-0.85187
1.7368
3.0849
4.1654
4.9942
5.6071
3.6162
1.8816
-0.86031
-3.8869
-5.3239
-6.8983
-7.1254
-6.7811
-5.8884
-4.1838
-1.8174
0.70956
3.8925
5.1829
6.725
6.808
5.7345
3.7797
1.5672
-0.041537
-3.8381
-5.8225
-6.709
-7.0559
-6.1951
-4.431
-3.1141
-2.2575
-3.7337
-3.5547
-3.3631
-3.9109
-4.5711
-3.5247
-1.799
-0.39595
2.6086
4.1072
4.7398
4.6714
3.5208
1.987
0.76465
-0.46026
0.52173
2.2205
2.0144
0.4217
-3.0953
-6.5524
-8.207
-8.841
-8.1639
-8.9169
-8.1534
-6.2864
-4.5506
-2.1475
-0.97735
-0.90561
-2.3002
-1.8843
-0.5951
1.0784
3.0517
4.4826
5.1411
5.0222
5.5264
5.5276
4.861
3.7595
2.8229
1.3541
-2.4906
-5.3472
-6.9025
-7.8584
-8.5611
-9.5102
-8.8432
-8.317
-6.449
-4.6401
-1.8918
0.79589
3.7867
4.7176
4.9818
3.0417
-0.14232
-1.9779
-4.4428
-7.395
-8.8981
-9.4916
-8.1624
-6.8106
-5.5262
-2.4825
1.3795
5.1852
7.4584
9.7551
10.888
11.164
11.883
13.811
14.004
9.9408
5.5168
0.75677
-4.2693
-6.4875
-8.555
-10.623
-12.527
-14.749
-15.911
-15.679
-11.941
-8.1213
-4.0969
0.042562
2.6769
7.2196
11.261
16.454
19.874
21.712
23.018
22.231
18.441
13.623
7.0757
1.787
-1.1599
-3.3186
-6.185
-8.1995
-11.658
-13.946
-17.87
-20.581
-22.103
-23.524
-22.864
-20.059
-17.309
-14.007
-10.478
-5.2558
-2.4618
-0.90055
1.2465
2.8928
3.6172
4.5241
4.107
1.8546
-0.938
-3.4234
-2.1877
-0.1705
3.2112
5.733
7.0342
8.0526
8.6793
9.2293
7.9072
5.65
1.9596
-1.5683
-5.776
-9.3982
-11.756
-12.947
-13.537
-13.152
-11.124
-9.3124
-8.2634
-5.8963
-4.1662
-0.71864
2.2531
4.2535
4.695
5.788
8.3355
10.194
10.718
9.2116
9.4688
9.0896
9.1054
7.1996
7.3457
5.9088
4.7592
5.5399
6.0479
5.6699
5.1295
5.0312
4.4824
3.3251
3.0243
1.696
2.916
2.5868
0.14315
-2.1354
-3.7627
-2.6859
-2.1277
-0.71524
0.091741
0.26527
1.5217
2.8604
2.7924
2.7545
0.32528
-1.4972
-1.9806
-2.1258
-3.5194
-4.3934
-3.8107
-4.4833
-5.7284
-5.4167
-3.598
-3.527
-3.0851
-1.6321
0.61283
1.254
-0.26843
-1.7574
-4.3831
-4.7658
-3.4729
-2.9827
-2.4046
-2.4447
-1.2488
-1.6871
-2.0938
-2.6636
-3.7823
-3.2547
-2.1227
-0.66895
0.75941
-0.2656
1.2188
2.7749
4.3117
5.7046
4.3247
2.9465
2.3043
0.44804
-1.6347
-1.9689
-1.9024
-0.26771
1.2744
1.5357
1.2042
1.9514
3.8394
5.2918
7.5564
9.079
7.5688
6.1045
3.3886
-0.29296
-3.2945
-5.32
-5.9487
-5.3697
-4.2015
-3.7668
-3.8665
-1.8975
1.3881
4.5252
6.7571
8.1206
8.8767
8.8036
8.6016
9.0489
7.7003
5.3832
2.1531
-1.7482
-5.2051
-6.6461
-7.1851
-6.4828
-5.4383
-4.6408
-1.8095
0.98999
1.8915
2.9433
3.7201
2.604
1.2523
-1.1396
-4.6428
-6.8961
-9.0414
-9.8853
-11.458
-12.057
-10.471
-7.6276
-5.3954
-1.6051
2.6982
6.2544
8.788
10.627
12.437
12.149
11.18
9.4272
6.3854
2.9515
0.54827
-2.9884
-5.7686
-8.682
-10.704
-10.322
-9.1225
-8.3749
-6.2544
-2.3137
2.1635
6.0459
10.296
13.567
15.267
14.239
11.885
8.5453
5.9866
2.4128
0.018207
-1.8987
-4.5319
-5.8632
-8.2429
-9.0797
-8.7541
-7.3788
-7.2518
-6.477
-4.6481
-1.5651
1.2933
4.6969
6.1116
7.9227
8.5122
7.4557
7.6745
7.4342
7.5664
7.5223
6.8239
7.2692
6.3462
5.2062
5.2486
4.3746
2.5768
0.8189
-1.5337
-4.6631
-6.6862
-9.6828
-11.468
-12.655
-13.912
-13.735
-12.222
-10.49
-7.5127
-4.9464
-3.9106
-1.9812
-0.45731
0.60036
1.9147
2.9671
3.3507
3.2435
2.611
3.1456
3.994
3.8915
3.2473
1.8078
0.98717
0.57399
-0.62305
-1.2196
-2.1101
-2.6901
-4.0446
-3.2695
-4.5267
-4.531
-3.7149
-4.1643
-6.0287
-7.6008
-6.6588
-3.518
-0.20065
1.9849
5.4582
8.7692
11.829
13.107
13.977
12.731
11.047
7.9941
5.5379
3.4085
0.23895
-2.5435
-4.03
-6.3815
-8.3594
-8.9286
-7.9938
-5.5243
-1.4134
1.8604
5.7249
10.037
11.548
11.261
10.375
8.9195
6.2148
3.178
-1.8462
-5.2707
-7.9541
-9.9791
-10.804
-9.4711
-7.4369
-4.6321
-2.2932
0.069221
1.9544
2.0719
1.8482
-0.45888
-3.1941
-6.6136
-8.4776
-9.3211
-8.7186
-6.2708
-4.213
-1.6744
0.6899
1.0769
0.069494
-0.95217
-1.9268
-2.5941
-4.5997
-5.8947
-6.4934
-5.7659
-5.3205
-3.4481
-2.3716
-2.4711
-1.2945
-0.89948
1.0893
0.93146
0.6926
0.2081
1.7329
2.4717
2.8069
2.6294
1.7707
-1.5602
-3.723
-3.8216
-2.9505
-2.597
-1.7642
-1.842
-0.4356
1.1474
1.9539
2.3562
2.4612
2.6527
1.7121
-0.090495
-0.52907
-0.8591
-0.74222
0.06021
1.5969
2.754
3.8446
4.1588
3.1815
0.83712
-1.6839
-2.103
-3.4717
-4.5758
-5.1968
-4.2308
-2.3788
0.094875
3.2799
4.8063
6.2134
5.5978
5.7615
4.4479
2.2922
0.32514
-1.2139
-3.1249
-4.5331
-4.8142
-4.3165
-3.72
-2.4882
-3.228
-5.0929
-7.9319
-11.219
-13.855
-15.627
-16.692
-16.317
-14.697
-13.45
-12.669
-12.419
-11.02
-9.2068
-6.4716
-2.142
1.5796
4.5945
9.0829
13.725
15.936
18.321
18.152
15.838
13.913
12.934
12.595
11.608
9.8085
7.956
4.9739
1.5691
-1.2919
-2.0567
-1.7303
-1.5854
-0.70179
-1.354
-2.119
-1.7831
0.090167
2.4756
4.5235
7.3264
9.1143
12.504
15.01
16.705
16.9
16.399
15.634
13.882
12.665
11.907
8.5519
5.3941
3.0799
0.32605
-3.0831
-5.9145
-6.9936
-7.9198
-8.6681
-8.3242
-6.2267
-3.4239
-0.89805
1.8057
5.2675
6.9246
9.7508
12.882
14.844
15.962
16.39
15.311
12.918
11.13
9.2301
8.1784
6.8743
3.3121
0.22627
-2.7312
-5.0392
-8.0467
-10.849
-10.82
-10.075
-9.0708
-7.2203
-4.5127
-3.4497
-2.5589
-2.1569
-0.83596
-0.28092
-0.72372
-1.2825
-2.962
-6.2769
-10.09
-14.096
-17.138
-19.116
-19.297
-18.745
-16.621
-15.395
-16.008
-13.786
-8.6147
-4.1414
1.3249
5.7885
9.1531
11.103
12.033
11.003
10.864
10.187
8.2134
5.8497
5.1381
3.9143
-0.21584
-4.5312
-7.9425
-10.071
-9.9954
-11.464
-12.148
-11.497
-8.5582
-4.4785
2.3682
8.4163
14.473
19.811
21.924
20.266
17.193
11.193
6.322
0.83729
-4.1918
-8.7434
-13.3
-15.278
-13.364
-10.644
-7.3493
-3.2821
-1.2563
3.1075
7.5768
11.195
13.832
13.314
10.504
6.9102
2.9149
-1.1435
-4.981
-6.7371
-6.9036
-6.4746
-3.77
-0.22295
3.4348
5.7176
10.21
15.793
19.373
19.925
18.543
13.2
4.9271
-3.6878
-11.33
-17.725
-21.209
-21.852
-18.646
-10.101
-0.95734
8.2774
14.575
20.006
22.103
20.104
14.064
5.9836
-2.6688
-11.554
-15.88
-16.634
-15.755
-11.558
-5.7864
1.9097
8.4489
13.981
17.135
16.663
14.326
9.9056
2.4315
-4.9613
-8.7339
-9.016
-6.8917
-4.3399
-2.5834
0.30494
3.1948
6.5515
8.3667
9.3953
8.7041
5.4358
1.7872
-2.7439
-5.9395
-7.1491
-6.6206
-6.2689
-5.1464
-2.3108
0.59917
2.6127
6.2081
9.4517
11.57
10.823
7.6581
2.185
-2.516
-4.2872
-5.9287
-7.2663
-6.3039
-3.9934
-0.54496
4.4035
8.4553
9.9065
9.3285
7.7316
3.7863
-1.0006
-5.0414
-8.4906
-10.64
-9.9916
-7.4362
-4.517
-1.3282
2.5139
5.3902
5.9466
5.9172
5.9416
5.7972
6.1551
5.2256
3.3156
1.0859
-0.6121
-3.8047
-6.043
-9.0539
-9.7668
-8.5269
-7.5193
-7.3487
-7.9016
-6.1614
-3.9221
-2.2645
-0.0071862
1.5902
1.9281
0.40203
-1.473
-4.0266
-8.3749
-11.193
-13.182
-14.198
-14.565
-14.61
-12.773
-9.8721
-8.0875
-6.6713
-5.4869
-3.9185
-3.277
-1.2032
-0.0176
2.735
3.8982
4.7216
6.2026
7.4822
8.498
9.7515
11.141
11.271
9.4305
7.2777
2.3008
-1.6145
-5.4782
-8
-10.076
-10.818
-11.615
-11.548
-11.67
-10.653
-9.5975
-7.9672
-7.5965
-7.3946
-6.5152
-5.4714
-5.0009
-4.1089
-1.7095
1.5357
3.7752
4.1979
2.4829
1.9405
1.7546
1.5851
-0.66691
-1.8669
-2.4024
-1.5721
-1.1683
1.432
2.5161
3.4029
3.186
2.442
1.309
-0.028413
-2.0645
-2.9318
-3.8679
-4.813
-4.2561
-2.874
-3.376
-3.8733
-4.8085
-5.5477
-4.2652
-3.1141
-0.30515
1.9867
2.4491
1.4375
0.035191
-0.94361
-1.8868
-0.29775
2.3495
4.3914
6.059
7.0218
7.5239
7.6521
9.2303
9.101
5.729
1.5276
-1.2572
-4.3239
-6.0163
-7.398
-6.6385
-5.2237
-2.6497
-0.065091
1.0026
2.7526
3.6547
4.0571
4.0998
3.7962
3.2918
1.8711
0.92524
-0.36909
-3.9276
-7.9762
-11.862
-15.232
-16.997
-16.488
-13.697
-10.144
-5.4858
-1.1416
4.1746
7.4344
9.6307
10.905
11.181
8.9109
4.8394
2.089
-0.91493
-3.6355
-5.6409
-6.3486
-6.2157
-5.0657
-4.265
-2.8169
-2.0254
-3.9221
-3.8608
-3.9698
-1.8121
0.048251
2.1147
4.2549
6.435
8.0868
8.9479
8.5074
8.6678
8.648
6.0806
1.9588
-2.5871
-5.909
-7.4271
-9.3428
-10.905
-13.209
-13.021
-12.782
-9.7221
-6.1809
-2.4381
1.1665
4.1874
4.9265
3.3951
-0.6097
-4.9223
-8.3244
-11.465
-10.857
-8.3825
-5.541
-1.8234
3.3898
6.4163
6.5155
5.2404
1.5857
-3.1469
-6.2249
-6.747
-7.5758
-7.006
-8.0351
-7.9265
-6.757
-5.5206
-4.0357
-1.0105
1.1212
2.6642
4.1414
7.189
9.0246
10.287
9.0616
6.5041
4.8534
4.4497
3.6067
2.5203
2.1865
4.4526
5.9113
7.8945
8.9857
10.867
12.272
11.342
8.6902
6.546
3.977
1.9833
-1.0339
-3.5105
-5.4722
-7.0623
-8.0967
-7.681
-7.766
-7.7211
-6.7127
-4.8609
-2.8903
0.4351
2.3771
2.8833
4.109
6.6678
9.1442
11.537
11.477
10.436
8.4467
6.6326
3.8722
1.173
-1.1492
-2.3604
-4.7475
-4.9246
-4.8763
-4.518
-5.0547
-4.2036
-2.3608
0.3784
3.3026
4.9252
6.5583
9.3272
10.345
10.86
10.497
10.916
11.095
10.963
10.141
9.2795
8.5301
6.8623
6.0455
5.4675
4.5008
3.1155
1.5901
0.037331
-0.89032
-2.6223
-4.358
-4.5578
-4.9723
-5.2112
-5.3363
-4.0013
-1.4194
0.38517
2.4653
5.6938
7.4625
9.0803
11.048
12.323
13.438
12.094
11.036
9.7858
8.7117
8.1158
7.2732
5.3487
3.8613
4.5446
6.0755
9.8564
13.583
16.232
17.872
18.29
16.839
15.039
12.052
8.1811
5.1555
3.0187
1.0223
0.083733
-2.163
-5.0484
-6.5914
-5.667
-6.0778
-5.5594
-5.2046
-4.357
-4.5879
-4.5387
-3.1488
-1.8855
-1.3814
-1.224
-1.6824
-1.5946
-2.739
-1.7393
0.17586
2.2985
4.8501
6.8284
7.6253
8.5359
8.0448
7.4364
7.2595
6.9951
5.4776
2.3202
-0.95721
-4.6393
-8.3721
-13.206
-13.819
-11.556
-9.7939
-7.3252
-4.9657
-3.9257
-3.936
-2.7543
-1.0203
1.6835
4.4214
6.0403
7.2252
8.2667
9.8462
9.6485
8.7552
6.3708
3.0502
-1.168
-4.9505
-7.1921
-9.0114
-10.421
-10.409
-8.326
-5.051
-2.703
-0.017339
1.8575
3.8289
5.0299
5.4081
6.0602
7.0313
8.1299
6.869
3.7831
0.076494
-4.8469
-9.6968
-13.239
-12.821
-10.429
-6.9367
-3.4124
-0.28553
2.6849
4.8623
7.4957
8.8338
8.5988
5.9829
1.7065
-0.79784
-2.7685
-3.853
-4.0991
-4.3455
-4.5374
-1.8619
1.6046
2.8152
4.479
5.6824
6.758
6.3608
3.8519
0.86299
-3.0462
-5.2676
-5.5014
-5.5772
-4.6041
-2.0246
0.094672
2.2306
3.5161
5.5048
6.2261
5.2356
4.4812
3.5875
2.1781
1.9987
1.9176
1.9174
2.5436
5.4613
7.3034
6.6877
4.567
3.6399
2.681
2.6376
1.3858
-0.92459
-2.0816
-2.4737
-4.3926
-5.4162
-5.2306
-3.6939
-2.7261
-3.29
-4.0851
-4.131
-3.5068
-3.1265
-2.5439
-2.5812
-0.76124
2.6591
5.5252
6.6995
6.1958
5.2524
2.6123
0.23163
-0.48208
-2.1966
-1.4997
-1.5439
-0.06028
1.3885
2.3623
1.9786
2.8698
2.1577
2.3035
2.9276
2.0134
0.86532
-0.40595
-2.3967
-2.8634
-2.9107
-3.3809
-3.0723
-3.046
-1.9523
-2.7831
-2.9831
-2.4234
-0.72584
-0.89572
-1.1044
0.68016
2.9241
2.9952
4.0735
4.1877
3.3792
3.7979
4.8363
5.9596
7.1049
7.4215
8.1826
6.2999
4.5138
2.3985
0.68411
-0.98935
-3.2808
-4.437
-4.4616
-4.4373
-3.7013
-2.4223
-1.2654
0.14857
1.4135
2.4744
3.0661
3.494
4.7352
5.3577
3.6442
0.75316
-1.9164
-4.1936
-6.4866
-8.6481
-10.73
-11.436
-11.254
-10.63
-9.2731
-6.1685
-2.6061
1.81
4.3768
5.3268
5.4694
5.9009
5.6808
5.4538
6.3318
8.2344
9.9322
12.289
13.573
13.642
13.256
10.967
9.8683
7.5312
4.438
-0.087172
-2.0867
-3.0033
-4.3321
-5.7422
-8.3757
-9.9702
-10.52
-10.005
-9.3629
-6.3065
-2.8108
0.16403
2.1896
2.8665
3.4998
4.9811
6.4797
6.7577
7.3197
7.839
8.5024
9.4239
10.461
9.7766
6.7571
1.8754
-2.3786
-5.524
-9.238
-11.439
-11.649
-11.12
-9.9902
-9.0431
-8.2611
-5.7175
-2.0304
2.1383
6.1958
9.8282
11.112
10.628
8.5426
4.6481
0.86642
-2.329
-3.6775
-3.8972
-3.8713
-3.1058
-1.8167
-1.247
0.1938
1.7397
3.4711
4.5237
5.3961
5.8359
5.2168
3.6216
0.8408
-2.0386
-3.5402
-4.8071
-5.7334
-5.3619
-4.3336
-3.2455
-1.4089
1.8264
4.1275
5.7068
6.1489
6.0608
4.2005
2.1047
0.4416
-2.1387
-3.0641
-3.2451
-4.108
-3.594
-3.1359
-2.0236
-0.35639
0.7611
0.80785
0.75827
1.755
1.1539
0.68605
1.016
-0.061045
-2.0628
-2.8525
-2.4095
-1.5947
-1.7273
-1.7319
-2.0292
-1.7849
-1.0181
-1.4231
-1.9774
-1.8838
-2.237
-2.3328
-1.6559
-0.22181
0.75178
2.8775
2.5472
2.2863
2.4364
1.7293
2.881
2.9351
3.0919
2.199
1.7242
0.89407
-1.6971
-3.0979
-3.0137
-3.6238
-3.8656
-5.4595
-6.5112
-4.6174
-0.97861
2.8324
5.4795
7.1215
6.081
5.3093
5.3797
2.0793
-2.3132
-6.1366
-7.7117
-7.4348
-5.841
-3.6281
-3.7093
-1.7044
1.5763
3.2378
3.9142
3.7511
4.4002
6.1431
6.1647
4.9436
3.0345
0.16098
-3.1349
-5.6835
-9.0995
-9.4784
-7.6068
-5.2992
-2.2002
1.2262
5.2397
7.8932
9.2462
9.653
10.335
9.0597
5.1032
1.1885
-2.261
-6.9835
-9.3865
-9.6628
-7.602
-5.9646
-4.005
-2.4222
-1.0113
3.3586
6.3741
8.8491
10.516
12.018
10.516
8.8452
5.9095
4.2568
2.1649
1.4447
0.80886
0.9741
3.9125
5.9756
6.502
5.6414
4.3086
3.2949
0.59263
-3.3916
-5.8034
-6.259
-5.227
-4.2805
-2.5825
-1.1494
2.027
5.1223
8.7561
11.213
12.769
13.387
14.45
14.669
12.799
10.785
7.2805
2.9818
0.5233
-1.5926
-2.9057
-3.8926
-6.6208
-7.0342
-4.743
-3.9118
-1.9709
-0.061728
4.3105
8.5702
12.524
15.882
18.792
19.215
19.269
17.703
14.381
9.326
4.3385
-1.3651
-6.1098
-9.5274
-12.877
-15.051
-14.817
-13.2
-10.183
-5.8938
-2.1716
-1.0299
-0.40999
-1.2136
-2.2174
-2.1861
-3.4246
-4.2965
-4.4081
-4.8411
-5.1128
-6.5719
-6.1659
-4.4029
-2.8227
-0.98341
0.11722
1.2743
2.2904
2.9722
3.6577
4.2129
5.5273
5.1823
3.0332
-0.29084
-4.4823
-8.5894
-10.039
-10.206
-9.9477
-9.241
-7.2969
-4.6865
-2.7416
-0.26388
1.1461
1.9629
3.1356
4.4035
4.9622
4.4247
3.435
1.257
-1.8973
-4.3922
-7.3649
-9.9354
-10.895
-9.6512
-6.5179
-3.1965
-1.1439
0.50959
0.47286
0.11514
-1.2698
-0.78952
-0.025192
0.041551
-0.59538
-2.0112
-1.2027
-1.1401
0.30061
2.4867
2.7522
1.7923
0.31221
-1.1137
-2.3711
-5.2614
-6.968
-6.3186
-3.3306
0.76164
5.6833
10.98
14.277
15.251
12.155
7.7293
1.8286
-2.4049
-4.6624
-5.2785
-5.2218
-3.9567
-0.37363
4.9442
8.7996
10.874
10.183
7.4202
2.9316
-1.3019
-4.4387
-6.9973
-7.6472
-6.6377
-5.3327
-4.8365
-3.7783
-3.1052
-2.5911
1.8382
6.4717
10.647
10.487
7.6226
4.7961
1.8147
-2.1354
-3.7206
-7.0984
-8.8811
-10.031
-8.438
-6.2656
-2.1663
1.8373
5.918
7.0954
7.3444
6.5698
5.9524
4.4897
3.6021
3.1567
2.949
2.9294
2.5315
2.1913
-1.0645
-3.6809
-6.7919
-8.106
-7.1199
-4.009
-0.69687
2.9033
6.8532
10.244
11.452
13.274
12.65
12.247
8.8816
3.0272
-3.284
-8.189
-12.326
-15.816
-16.86
-16.743
-14.722
-13.112
-10.387
-5.8169
-0.023077
5.8425
11.441
16.356
17.631
16.559
13.396
8.9135
5.427
2.4334
1.9394
2.1698
0.78371
-0.11295
-0.71286
-0.58805
0.13774
1.6263
3.9143
5.1918
6.6049
7.0423
7.0641
5.8831
6.0618
4.2548
0.17158
-2.9041
-4.0318
-4.2916
-4.3826
-4.5037
-2.5467
-2.0314
-3.2039
-3.9495
-3.8061
-4.1377
-2.5914
-1.1031
-1.0034
-0.32218
1.4363
2.1009
4.3542
6.1669
7.1066
8.1008
8.3942
6.9313
5.2839
3.0525
0.016232
-2.6652
-3.3376
-2.8976
-0.85253
1.8938
4.9962
9.3422
11.137
11.643
11.375
9.6852
6.8937
3.8251
2.0445
0.62393
-0.90382
-1.9954
-4.3244
-6.3486
-7.9751
-9.9883
-11.06
-8.9928
-5.7626
-2.2276
0.77295
3.2806
5.8306
8.278
10.214
10.276
10.679
9.0202
5.3588
2.4331
-1.4281
-4.2722
-7.4559
-10.856
-13.008
-13.125
-13.379
-11.625
-9.0511
-5.2881
-1.9881
1.2509
3.8227
5.5474
7.8615
10.23
11.237
10.833
9.9481
9.6007
9.3986
10.129
8.3418
8.3652
7.2115
5.146
4.5423
2.1673
-0.89992
-5.587
-9.2183
-13.2
-16.835
-18.794
-19.52
-19.475
-17.058
-12.61
-7.2294
-1.0415
5.1579
8.9987
11.785
12.251
9.9639
7.1296
1.4584
-4.3887
-8.5091
-12.438
-14.569
-13.614
-12.293
-9.0799
-4.2124
-0.077152
3.8696
8.4613
11.798
13.775
14.581
13.626
10.226
6.8787
2.1699
-1.4908
-4.497
-7.8316
-10.44
-11.007
-9.975
-8.233
-4.9954
-2.5035
0.067577
3.6434
5.0476
5.1081
5.5259
6.3106
6.3866
5.2864
5.3868
3.7505
2.0074
-0.70277
-2.8876
-4.8791
-6.4229
-7.0969
-7.5269
-5.7032
-2.7849
1.6137
6.663
11.542
15.386
14.693
12.276
7.0874
1.22
-6.1913
-13.737
-19.047
-21.108
-20.653
-16.402
-10.106
-3.9764
1.922
5.9737
9.466
11.025
13.271
14.127
12.55
7.176
0.88541
-5.5099
-11.109
-13.648
-13.622
-11.314
-5.4989
1.7446
8.6896
12.552
13.671
13.343
12.206
7.8619
3.4947
-1.018
-4.826
-6.2873
-5.4077
-3.624
-1.4022
2.6344
5.5357
6.9194
7.8611
8.5003
6.8356
5.1036
3.3476
2.0337
0.43622
-1.889
-3.4986
-5.0533
-7.4604
-8.8187
-8.9014
-9.2282
-9.7072
-6.7946
-1.969
2.7833
7.2016
8.6993
8.8316
9.7167
8.862
8.8586
6.9508
3.7273
1.4262
-1.2098
-3.3496
-5.6861
-7.1767
-7.6123
-8.4802
-9.2962
-9.8404
-8.6238
-6.5707
-4.0032
-1.4459
1.6112
3.3391
2.8452
2.247
2.6284
2.3779
2.3091
1.6186
0.45718
-1.8259
-2.1485
-2.5054
-1.7984
-2.7116
-3.5358
-4.6074
-5.0159
-4.7011
-4.7232
-3.8401
-2.72
-2.7478
-2.08
-0.24111
1.7025
3.7998
4.2534
5.0031
5.3829
4.3252
4.1509
2.8811
2.9367
3.6356
4.5259
6.726
6.9866
4.7806
2.7076
0.74765
-1.7919
-3.8323
-4.5374
-4.1223
-3.6794
-0.53455
2.5206
4.8882
8.9747
13.451
18.124
20.924
22.369
20.698
18.489
15.696
10.972
7.4845
6.077
4.3038
1.2903
-2.818
-6.3828
-8.8554
-10.854
-12.587
-13.719
-13.686
-13.116
-12.133
-9.9038
-7.3791
-3.8607
-1.985
-0.13324
0.063862
-0.81179
-1.7134
-3.9821
-4.8283
-3.8262
-4.0866
-4.8707
-5.5693
-4.6822
-2.297
1.8697
5.7213
7.4255
8.089
8.9196
8.1574
6.9462
6.4542
4.6007
2.4808
1.0244
-0.54223
-1.4226
-1.4155
-2.1293
-2.4412
-2.239
-2.6623
-1.4703
-0.36973
-0.13343
0.43669
-0.24825
-1.9661
-2.3821
-1.6718
-1.6669
-1.8158
-1.1399
-1.1755
-2.2505
-3.8054
-4.0431
-4.2565
-4.0659
-3.6622
-2.5544
-0.85896
1.0564
1.0864
1.6235
2.9703
3.7001
4.5269
4.9943
3.9024
3.0219
2.9441
1.7517
-0.57411
-3.0848
-4.6382
-6.1768
-6.908
-6.0527
-5.2812
-3.9933
-3.3768
-2.0443
-0.55077
-0.36033
0.8725
2.3088
4.679
6.2517
7.2365
9.7383
10.463
9.7959
8.6007
7.638
5.961
2.0557
-2.5702
-6.6695
-9.9995
-12.443
-11.859
-9.9029
-6.4462
-4.9202
-1.6428
2.4677
5.5302
8.1615
7.6734
6.2334
4.5522
3.4262
2.6442
2.4529
2.2238
2.1062
2.0082
2.8866
3.283
4.4739
4.2731
2.9062
0.90237
-0.5906
-0.024471
1.7806
2.7865
3.6486
4.0832
3.1433
2.0591
1.1829
-0.73649
-1.662
-2.8132
-4.1751
-4.8886
-6.283
-6.5925
-6.1023
-5.8921
-5.7357
-4.8621
-2.6644
-0.98417
0.53869
1.5104
2.6881
4.6704
6.453
6.9884
5.5903
5.1484
4.4689
3.6969
3.142
2.1799
2.4682
3.1499
3.9909
2.9126
2.6709
0.65795
-1.1653
-1.3943
-2.8286
-3.3446
-3.0605
-2.0564
0.084485
0.67281
-0.0028
0.0079015
0.68444
2.1962
2.9566
2.0234
3.1464
2.8456
3.4064
2.8201
3.933
5.4279
7.4956
9.061
12.305
13.288
12.37
10.002
8.1084
4.3609
1.0422
-2.4825
-6.5285
-8.6029
-10.246
-12.357
-14.443
-15.49
-17.643
-17.67
-15.577
-11.517
-7.8962
-1.8577
3.7229
9.4037
13.669
16.204
18.722
19.713
19.875
17.974
15.713
11.804
6.5538
2.6166
-3.018
-8.2772
-13.79
-18.909
-22.483
-23.863
-23.286
-20.834
-16.787
-11.944
-6.5277
-2.3824
0.85463
2.8972
4.8048
5.6291
4.8287
5.5049
5.4559
6.4594
8.7497
9.5841
8.3555
7.1694
3.7048
-0.35662
-3.7861
-7.8535
-11.587
-14.479
-14.273
-12.491
-11.872
-11.502
-9.3897
-8.2157
-6.349
-5.4783
-1.9011
0.8018
3.3516
6.1261
10.043
13.385
15.133
15.484
14.991
12.941
9.9045
6.3233
2.2598
-0.48224
-2.7207
-3.1717
-3.3876
-5.4633
-7.5702
-9.5564
-10.718
-12.732
-14.716
-16.523
-18.811
-18.923
-17.864
-15.954
-12.665
-8.4259
-3.1293
3.1716
9.9127
15.916
19.303
19.738
18.438
15.419
11.308
5.585
-0.028897
-7.352
-12.798
-17.205
-20.28
-21.379
-19.609
-16.179
-11.711
-7.3731
-4.4827
-1.4098
0.53211
3.5919
6.8516
9.2379
10.068
9.8161
9.3493
8.2771
8.898
7.2213
3.8911
-0.046993
-2.4882
-4.2083
-5.3128
-6.3015
-7.8816
-8.1934
-8.8558
-5.8263
-4.9814
-4.7949
-3.3468
-1.5466
1.9929
3.237
1.8607
1.8071
2.2934
3.4543
4.286
2.6349
0.48639
-0.84462
-1.7394
-2.4242
-5.7017
-7.1955
-6.7615
-5.7048
-3.2483
-1.0972
1.7924
5.6686
8.067
8.0917
5.8657
2.8887
-0.47948
-3.839
-6.1349
-8.2447
-8.1999
-7.0726
-4.9457
-1.8568
2.8231
8.5112
11.783
12.392
11.091
6.1074
-0.03423
-6.5181
-10.546
-12.351
-12.546
-10.037
-7.1388
-3.365
-0.19361
3.1838
4.8222
6.7212
8.749
9.7166
8.2699
6.3331
4.9752
2.9214
1.2934
0.93977
0.55936
-0.29454
-0.032517
1.2958
1.2149
0.20399
1.4565
2.6825
3.3053
2.5273
2.5091
2.572
1.4399
0.90474
1.1763
0.50254
-0.062304
-1.0066
-1.2527
-0.79177
0.91264
2.4745
3.1477
3.3698
2.1268
0.35252
-1.3581
-2.5057
-3.5989
-4.5924
-4.943
-3.7901
-2.1833
-0.72683
0.02754
0.37294
-0.063408
1.3611
2.4121
4.0445
5.8333
