-7.8741
-5.6889
-3.8041
-2.2177
-2.3333
-3.0536
-4.3732
-5.6763
-6.6179
-6.2225
-5.117
-4.585
-1.9993
0.42734
2.863
7.1446
10.518
12.786
14.226
14.303
12.12
10.081
7.0811
2.6224
-2.553
-6.8847
-9.3348
-10.659
-10.672
-8.8959
-6.4387
-4.3935
-3.7789
-2.5412
-2.6413
-3.0015
-2.5543
-1.9581
-0.88807
-0.012274
0.044274
-1.6268
-3.2786
-3.8065
-3.505
-2.3679
-2.0527
-1.7209
-1.672
0.69367
3.7063
6.6543
9.5332
12.122
10.986
9.0806
5.2022
3.1943
2.8376
0.28621
-1.7365
-0.40541
1.4229
2.9547
4.8638
6.0593
5.7447
4.4228
2.529
-0.15789
-2.964
-5.0127
-6.2637
-5.3619
-3.7289
-1.2718
-0.050587
0.88747
1.8828
2.5409
3.3092
2.856
2.1858
1.3673
-0.16258
-1.5719
-2.8928
-2.1705
0.015564
0.95287
0.88806
1.9905
1.5541
0.4916
0.071165
-2.3174
-2.849
-3.7125
-4.2819
-5.2362
-4.8975
-5.2032
-3.8925
-3.0735
-0.50251
0.32894
0.49549
0.61899
-0.28937
-2.3468
-3.5297
-4.0222
-4.5997
-4.6796
-3.8869
-1.7244
0.25717
2.0038
0.54569
0.4457
-1.3387
-3.6781
-7.1145
-10.158
-11.174
-11.556
-9.3652
-8.1292
-7.5844
-8.0813
-8.4967
-6.8452
-5.2932
-4.2295
-2.4544
-0.1792
2.7573
5.5224
7.4776
9.034
11.859
11.804
9.3201
7.2349
4.9169
2.5262
0.53754
-1.7029
-1.9108
-2.6689
-2.9115
-2.9509
-3.6804
-5.6361
-9.1347
-10.492
-12.439
-12.256
-10.049
-7.4138
-3.2176
0.79495
4.4689
7.0696
7.8426
8.5717
9.4253
10.346
10.167
7.9983
2.4511
-2.4358
-5.5357
-7.7973
-9.7462
-9.8133
-8.9821
-6.3087
-4.1481
-0.88628
1.5322
2.725
2.2149
-0.47812
-3.249
-3.8957
-4.2854
-2.4679
-0.89775
1.6475
2.5309
1.5856
-0.63279
-4.0332
-8.0767
-10.948
-13.297
-15.552
-17.508
-17.005
-14.236
-8.4954
-4.3424
-0.92538
4.0589
9.0671
11.979
14.16
15.568
16.429
16.828
17.174
14.854
11.262
5.9214
1.8272
-0.57138
-3.0652
-8.6653
-13.366
-15.851
-16.703
-15.531
-14.069
-10.605
-6.6613
-4.6445
0.57821
5.4749
10.434
14.35
18.095
20.276
20.124
17.508
11.899
6.8904
2.4848
-1.5021
-5.698
-9.3817
-12.086
-11.57
-11.001
-10.895
-9.9221
-7.2677
-4.0903
0.39972
4.2753
7.5374
11.195
13.586
14.489
14.044
12.545
10.167
5.741
0.09455
-6.2757
-12.661
-16.369
-19.612
-18.985
-15.014
-8.5608
-1.4244
6.0264
12.233
17.19
17.888
15.819
10.81
4.6218
0.25963
-3.7834
-4.7292
-6.1742
-7.3
-7.1134
-5.7391
-2.3423
0.51513
2.9371
2.8161
0.24139
-2.8737
-5.1482
-5.2366
-4.4686
-3.3467
-0.66025
0.91472
3.7917
7.0183
8.5286
8.3956
5.7599
2.3913
-0.80044
-3.4013
-3.4617
-2.4603
-0.32845
1.052
2.2869
3.8688
4.4862
3.4864
2.6726
1.5966
1.1314
0.37486
-2.7328
-4.7801
-7.0011
-9.3489
-8.5209
-6.7918
-4.0492
-2.0739
0.38956
1.6804
2.6193
3.5928
3.4981
1.7151
-0.66802
-2.9517
-4.6142
-3.9895
-4.009
-3.1129
-2.863
-1.535
0.056838
2.8632
5.5687
5.7323
5.2156
1.6065
-1.3116
-3.2853
-4.8895
-7.5414
-9.0327
-9.2881
-9.3391
-7.1899
-3.9822
-0.44768
2.4174
4.6781
7.8644
10.789
11.507
12.132
11.324
9.4104
7.4309
4.2422
-0.83814
-6.1473
-9.686
-12.663
-14.182
-14.453
-13.943
-10.702
-6.4943
-1.7621
3.8094
8.633
13.301
15.469
16.231
14.977
10.554
3.365
-4.1234
-9.764
-13.484
-15.034
-14.511
-12.086
-10.721
-7.4675
-3.7364
0.45189
3.7282
5.1011
6.8285
8.7035
9.9475
11.496
9.8322
5.9066
1.0443
-3.37
-8.5144
-13.507
-16.229
-16.955
-16.695
-13.303
-10.24
-5.7253
-0.58317
4.9539
10.372
13.678
15.089
13.205
11.026
7.1614
4.1039
-0.19192
-4.3821
-8.7913
-12.584
-14.764
-16.569
-16.862
-16.154
-14.799
-12.139
-8.6143
-3.8228
0.76221
5.3178
10.536
14.331
16.271
16.859
14.456
11.692
8.0325
4.8651
1.5413
-1.6738
-5.3432
-7.0017
-8.0701
-8.0174
-7.2428
-5.5513
-4.4208
-1.4477
0.99979
4.8804
6.7513
8.7259
9.9348
10.008
8.9133
5.9364
1.9588
-0.48556
-3.9754
-7.4505
-9.0999
-7.5048
-3.8212
0.91383
4.5083
6.9875
6.8321
6.0763
6.5962
6.6424
7.4036
7.3762
5.1114
2.8529
1.3589
0.54775
0.37824
-0.51095
-1.4519
-2.2891
-4.71
-8.2655
-11.031
-11.66
-11.196
-10.416
-8.2231
-4.7521
-1.9772
1.6666
5.2718
8.14
7.9865
6.1591
4.0588
-0.90917
-5.6365
-9.5771
-12.435
-14.08
-13.625
-10.513
-6.8372
-2.2211
1.8813
5.8155
9.107
11.546
12.125
13.141
13.238
13.705
10.99
6.8955
4.5781
3.1186
0.85708
-1.2514
-2.0923
-2.7896
-4.6919
-8.1751
-10.568
-10.441
-9.0267
-6.7655
-4.7352
-3.4635
-0.2497
1.5174
0.62032
-1.795
-4.4866
-5.5787
-5.7943
-5.0177
-2.7475
0.10392
1.7436
2.7318
3.7768
5.742
7.559
7.7619
7.3587
5.9987
4.3281
1.3263
-0.040252
-1.5482
-1.3577
-0.81253
0.28998
0.79434
0.99198
0.99739
2.588
3.2753
4.0439
4.6779
4.8
4.811
4.7072
3.138
1.2076
-1.4491
-3.9855
-6.618
-7.142
-7.3095
-5.31
-2.2734
2.4978
7.0672
10.251
12.004
12.131
8.7624
4.0485
-1.0803
-5.6897
-7.8701
-8.2969
-7.6764
-6.7106
-5.384
-0.97161
3.7996
7.5541
12.125
14.22
13.798
11.653
9.5114
6.957
2.6105
-0.94102
-5.1799
-8.8877
-10.411
-12.288
-13.565
-14.346
-12.774
-11.745
-10.542
-7.7029
-6.3335
-6.5084
-5.5987
-4.1001
-2.2678
-0.64435
0.21028
-0.40141
-1.201
-1.8802
-1.0656
-0.31572
2.21
2.238
3.0285
4.4704
5.7994
6.0842
4.9236
4.4918
3.9004
4.2021
4.0858
2.6543
-1.194
-4.3882
-6.6318
-6.0186
-4.9872
-0.96904
2.6855
4.7679
6.8023
8.8763
9.12
8.1134
6.7638
4.1429
2.9852
-0.3374
-3.1965
-5.8289
-7.4278
-7.4013
-7.0899
-5.6541
-4.6638
-3.9871
-2.247
-1.6762
-0.98362
-1.2151
-1.4306
-1.1016
-1.0299
-2.5255
-1.4886
-1.1012
-0.96015
0.51272
1.6011
2.6199
3.5468
4.9878
5.5946
3.689
1.6588
0.43764
-0.55513
-0.46816
0.13464
1.1209
0.2048
-0.49949
-1.0188
-3.947
-5.179
-5.2428
-3.9865
-1.5495
0.11411
2.0675
2.8863
4.5952
5.196
5.034
4.232
2.3507
-0.70712
-3.754
-5.0786
-7.9393
-10.97
-13.016
-11.756
-9.3947
-7.1651
-5.329
-3.6499
-2.0806
1.5664
5.5819
10.406
14.148
16.65
16.239
14.33
9.7044
4.5019
0.14342
-4.7903
-9.9712
-12.784
-14.129
-14.209
-14.211
-13.972
-13.258
-11.574
-10.341
-8.5007
-6.0416
-3.0782
0.91003
5.9973
9.186
11.512
13.104
14.658
14.821
13.747
13.485
11.801
8.5964
4.8256
0.43633
-4.0121
-7.0352
-8.9547
-12.287
-13.59
-12.93
-9.6794
-6.9749
-4.1538
-1.1007
0.75567
2.3935
3.6563
3.5544
0.75415
-2.211
-4.9539
-8.8647
-10.26
-9.7065
-7.5109
-4.688
-1.7119
2.128
6.2381
8.5031
7.4204
4.8588
1.6513
-1.504
-4.1116
-4.9486
-4.2557
-3.9464
-3.4623
-4.4598
-6.624
-8.4509
-7.3605
-6.2492
-3.6007
0.82922
5.1587
9.4599
12.532
14.541
13.221
9.2205
4.9528
0.99383
-1.5634
-5.0391
-8.9164
-11.416
-12.473
-12.512
-12.655
-11.853
-10.557
-9.4454
-7.1661
-4.0719
-1.7684
0.040336
1.0744
0.85745
1.1586
1.1868
2.5238
4.338
6.3656
5.5021
4.8279
3.8736
2.5664
2.2154
1.1357
1.0345
2.1861
4.4858
5.908
6.1193
7.1686
5.9008
5.6162
5.2521
4.0995
3.5019
1.6802
-1.3809
-4.2412
-7.0616
-9.5568
-10.905
-10.465
-10.249
-9.2507
-6.9451
-4.7401
-2.0275
0.22998
2.9621
4.3762
5.1104
6.2158
6.1539
5.9939
5.5593
4.8542
5.4423
4.3285
0.94456
-0.41824
-1.2325
-2.7172
-3.1413
-2.0656
-0.44182
3.2703
7.9432
10.264
12.609
11.096
7.6737
4.3239
0.26287
-3.7893
-7.9293
-11.117
-11.824
-10.099
-6.7166
-2.435
3.902
6.8154
7.8346
7.8496
7.4947
5.3294
2.6384
1.1207
-0.40694
-1.216
-1.1569
1.3093
4.0023
7.4271
9.6742
10.4
9.696
7.738
4.821
1.2736
-1.3947
-3.9434
-4.4098
-5.5868
-5.7262
-6.2591
-6.1702
-4.6504
-3.7474
-2.308
0.026312
2.3995
4.1258
5.239
6.337
7.2944
7.2568
5.1116
3.6379
2.7222
1.9399
0.71846
-0.58944
0.41368
2.0123
2.0421
2.1141
1.5228
0.85542
0.72804
1.3113
2.1904
3.587
5.1975
6.3955
7.4375
7.6056
5.8143
3.5877
1.5992
-0.06965
-1.9149
-4.7489
-6.318
-7.4645
-8.1746
-8.9595
-9.3814
-7.7006
-4.7277
-1.4526
2.2787
6.3185
9.7574
13.469
17.045
18.863
19.196
17.45
12.417
6.8557
0.57719
-5.2853
-9.6908
-11.842
-12.763
-10.642
-4.8679
-0.28854
3.5441
6.1727
7.0746
5.8383
1.775
-2.7545
-5.9924
-8.0464
-8.2006
-7.1984
-6.3352
-4.6213
-3.0468
-1.1092
1.388
3.7762
5.0265
5.7162
6.4617
6.1038
5.3171
4.1596
3.4437
2.6837
1.653
0.66069
-0.36749
-3.0228
-5.8068
-7.0516
-7.0824
-5.1411
-2.842
-1.3156
1.4916
4.1854
7.2624
10.221
11.192
11.01
10.944
8.0742
5.1788
1.8228
-0.11962
-1.756
-5.2545
-8.9669
-10.718
-12.745
-16.075
-17.834
-16.89
-15.848
-15.059
-13.356
-13.361
-13.641
-11.959
-8.5946
-5.4115
-3.2266
-1.86
-1.2175
-1.3304
-3.0875
-4.0282
-3.1492
-2.8644
-1.9062
-1.5835
-1.2335
0.29616
2.502
6.5414
9.2363
9.3882
7.8618
4.7577
3.2276
1.2978
1.2234
0.44806
0.46674
0.43483
-0.93596
-2.2479
-2.8951
-2.452
-2.5995
-2.1437
-0.35996
3.2546
4.7062
5.767
6.6371
8.4511
9.0299
9.473
7.5086
3.0799
-2.9168
-7.6243
-11.435
-12.361
-11.639
-8.8391
-5.8461
-1.5398
1.7379
4.6154
6.0696
6.6005
5.6959
3.2998
0.44962
-1.5674
-3.3458
-5.2643
-6.439
-6.2443
-5.4692
-4.2493
-2.8019
0.57423
1.7373
3.7265
4.9863
6.6246
6.387
5.8901
4.9122
4.6811
2.1187
0.69117
0.39446
0.093068
0.23007
-0.44105
-0.90722
-1.2532
0.14957
0.27541
1.6672
2.8418
2.3797
3.0425
3.3915
1.5547
0.27403
0.59548
2.038
4.0548
5.7412
7.0621
10.834
14.095
13.634
11.287
8.4612
6.8201
6.6209
7.9674
8.8335
9.3046
10.767
12.447
14.401
15.811
15.338
13.561
9.5205
3.5203
-2.8042
-9.2004
-13.325
-15.554
-16.705
-16.299
-15.457
-13.318
-10.251
-5.0986
-0.91336
4.5099
7.251
6.789
6.1951
4.2844
1.8802
-1.721
-5.5647
-7.4165
-9.4696
-10.063
-10.495
-9.1595
-6.0976
-1.2215
5.4712
11.197
14.82
17.783
17.736
15.208
8.9314
2.194
-4.495
-8.7074
-11.298
-10.112
-6.9101
-2.2138
1.9151
6.496
8.3711
8.5601
7.2601
4.5797
1.3486
-1.4794
-4.8355
-7.1503
-7.2288
-5.0519
-2.4747
-0.32351
0.49526
2.8725
4.4758
3.589
2.6024
1.9126
-0.10083
-2.2108
-4.9345
-7.5811
-8.6643
-10.073
-9.1925
-7.2839
-4.6143
-2.8855
-2.8081
-3.6199
-3.5135
-1.8466
-0.83963
-1.3749
-1.7239
-0.61178
-0.76987
-0.53058
-0.43768
1.3903
1.6399
2.0643
2.1282
1.2505
-0.6654
-0.19866
-0.31543
-0.93174
-1.8357
-3.0842
-4.265
-4.9548
-6.3292
-6.2276
-6.8074
-6.9639
-5.3838
-3.9561
-2.293
1.6676
6.0319
8.9495
9.7407
7.8609
4.0251
-0.57987
-2.6763
-4.4587
-4.708
-4.4944
-4.0731
-4.6942
-4.1998
-3.4941
-1.6988
0.55744
1.7773
5.4824
7.2031
7.4983
6.1512
5.0034
2.3674
-0.95779
-4.2196
-6.0086
-6.5668
-6.0528
-2.4786
2.171
4.9508
5.95
4.7714
1.3481
-1.6505
-4.8847
-8.1258
-10.567
-11.62
-9.4519
-6.0363
-2.0933
0.76096
2.4947
2.5945
2.7203
3.975
4.1125
5.3514
5.3818
5.2873
6.1907
6.2645
4.5633
4.4802
2.1532
0.57923
1.7267
2.5533
3.6381
5.2453
7.8311
9.1894
8.8797
7.6996
8.2748
8.838
8.6114
6.486
4.602
3.4789
1.7881
0.34411
-1.8394
-5.1824
-7.628
-9.6524
-10.052
-7.7003
-4.4257
0.66795
5.399
9.5352
12.922
15.094
17.75
19.062
18.583
17.961
17.441
14.821
10.638
6.3015
1.4719
-3.624
-7.9982
-11.931
-14.385
-16.928
-19.639
-22.295
-23.013
-20.771
-17.741
-13.253
-7.2933
0.88046
9.243
16.157
20.256
22.071
22.227
20.785
15.085
7.5449
1.297
-5.6149
-10.138
-12.534
-12.499
-10.407
-7.1414
-2.5039
1.9199
4.351
7.1364
10.849
13.365
12.36
9.9736
7.3061
4.568
0.9489
-3.375
-6.98
-10.654
-13.878
-14.712
-12.339
-7.4372
-3.4275
0.30487
3.6794
5.6981
7.4648
8.6581
8.0259
6.7005
5.0009
4.1173
2.4726
1.6097
1.1338
-0.60787
-1.5641
-2.9181
-4.8719
-4.9531
-5.1422
-4.8211
-3.6073
-2.9409
-0.85526
0.377
2.3259
4.2846
6.1674
6.483
6.4942
7.038
7.0479
5.3159
3.0514
0.60399
-2.0738
-4.8319
-7.1051
-8.0188
-8.1477
-9.049
-8.5531
-7.2643
-5.5437
-4.1712
-2.0595
0.23893
1.3964
1.094
2.4817
4.2665
6.876
9.349
12.412
16.941
19.966
20.341
19.968
18.111
15.119
10.075
4.8893
-1.8391
-8.0735
-11.227
-13.293
-12.236
-10.316
-6.3657
-3.8072
0.048123
4.3435
6.614
7.409
3.4248
1.3387
-0.16074
-1.2109
-2.1635
-4.6169
-6.3572
-7.5805
-6.8626
-5.0097
-3.9027
-2.1455
-0.095371
0.42604
1.2252
3.0398
3.8932
4.5437
4.4618
3.8142
1.5791
0.1953
-0.71824
-1.1182
-1.7152
-2.5766
-3.562
-4.0815
-3.9325
-3.9976
-1.4684
1.3895
3.0715
5.4412
5.3197
3.1464
1.9523
0.87545
0.55081
-2.6227
-3.5967
-4.2786
-3.6802
-2.1029
-0.44624
1.851
4.7458
7.9309
9.8346
11.038
8.1477
2.8495
-1.177
-4.9853
-6.9958
-8.5125
-10.407
-11.695
-13.399
-14.146
-13.057
-11.662
-11.222
-10.508
-9.2106
-6.3091
-3.2574
-0.27439
1.5617
1.7078
1.1662
1.918
3.0618
3.4872
2.42
1.5547
0.33126
-1.5498
-1.3299
0.14168
0.013015
0.38994
0.91552
2.0773
2.175
0.64194
-0.96169
-2.4492
-3.0692
-1.6499
-0.22961
0.19469
1.6125
1.3017
1.6713
1.6392
1.7268
0.98279
0.20426
-0.92202
-0.29382
1.264
2.268
4.4825
6.3635
7.1674
7.7462
7.6029
6.4634
3.1087
0.71646
-2.0497
-3.2661
-4.8222
-6.2384
-6.7635
-5.8273
-3.9477
-2.952
-1.4664
0.41737
0.84442
1.8314
3.8921
3.5028
2.0079
0.25649
-2.0536
-4.5628
-7.1487
-7.325
-6.9537
-4.8419
-3.811
-3.5805
-3.1592
-2.0335
0.87505
4.755
8.2716
11.148
12.169
13.059
12.066
9.1588
5.7104
1.4819
-3.4109
-8.2129
-11.461
-14.514
-15.307
-14.567
-13.285
-13.238
-12.76
-10.055
-7.1048
-5.2277
-3.2548
-2.3233
-1.7811
-1.9082
-1.1822
-0.033605
0.822
1.2845
0.090937
-0.35688
1.0119
2.8396
4.4041
6.7984
9.7401
11.604
12.822
11.946
9.5892
7.3157
4.1445
1.3412
-1.8503
-5.45
-8.4528
-11.44
-12.939
-12.41
-9.5193
-6.179
-1.4246
1.6719
2.9105
2.9723
1.8126
0.80135
-0.16101
1.506
2.9287
4.0849
4.6464
5.4815
5.2079
5.3119
3.5622
1.0854
-0.29131
-2.7209
-4.1092
-5.0999
-4.8836
-4.7659
-5.0604
-5.8482
-7.1837
-7.1653
-5.5977
-1.1752
3.3601
6.6186
9.1891
9.8078
9.1554
6.6984
4.7746
3.7139
0.84347
-0.35242
-3.7872
-6.9972
-8.6484
-8.4588
-8.1981
-6.9917
-4.1592
-1.4515
0.27929
2.7966
5.1879
7.5583
7.8989
6.4789
3.9022
0.57593
-1.3235
-3.4465
-6.2055
-7.9638
-8.9513
-7.991
-6.2885
-2.6047
1.1461
5.9359
9.7258
12.672
14.266
15.044
14.635
12.438
10.081
8.5141
5.7314
4.794
3.3935
1.0934
0.061276
-1.0746
-2.0787
-3.5026
-6.0817
-8.0188
-8.3005
-7.3918
-5.4203
-3.0859
-1.5006
-0.19433
1.2697
3.1965
5.5696
7.6862
9.6978
11.452
11.064
10.032
9.5199
10.864
11.497
10.609
8.6636
5.297
1.9837
0.066693
-0.63183
-2.1582
-3.938
-6.5641
-8.1407
-8.7274
-9.0787
-9.4646
-8.3697
-6.9947
-3.6122
-1.4427
2.842
6.7516
8.0315
7.9892
7.4538
6.8604
4.8621
2.555
-2.0169
-6.7235
-10.605
-12.732
-13.131
-11.398
-8.8585
-5.043
-0.0498
3.2395
4.8634
4.0381
4.0566
5.2075
7.0617
7.2252
6.3787
4.3799
2.088
-1.0288
-3.4838
-7.0453
-10.752
-12.67
-13.344
-13.419
-13.481
-13.376
-11.505
-9.2543
-6.6935
-4.3882
-4.1094
-4.5042
-4.2517
-3.1563
-0.69134
2.1901
4.8679
7.4439
7.4544
8.1911
7.6903
8.081
8.048
7.8903
7.7684
7.2925
6.3487
5.377
2.7409
-0.77777
-3.6084
-6.7157
-9.3394
-9.9994
-8.4081
-6.7187
-3.6953
1.4155
6.0721
10.018
11.414
13.116
14.442
14.645
14.438
13.049
10.461
7.5697
4.325
-0.40311
-6.7398
-11.575
-16.123
-20.994
-23.676
-25.019
-22.464
-19.866
-15.753
-10.317
-4.082
2.4559
9.3734
16.762
22.104
25.286
24.115
20.644
13.13
5.4666
-2.0859
-7.4721
-12.085
-13.765
-14.105
-12.969
-9.545
-3.8762
0.32631
4.5864
7.6361
9.9383
9.7743
7.1948
4.1112
0.47127
-2.287
-3.9415
-4.9276
-4.1279
-5.2399
-4.8478
-3.3069
-0.60504
0.8161
-0.11028
-1.4337
-2.1193
-2.1475
-2.6161
-4.0905
-5.6429
-6.8965
-7.217
-6.4353
-5.1536
-3.4002
-1.424
0.61257
1.6278
2.9922
2.8598
0.21213
-2.3104
-5.0797
-6.0563
-6.6505
-6.2854
-6.3461
-6.6752
-8.3392
-8.3826
-9.6763
-10.019
-9.6356
-8.7149
-8.8758
-5.9635
-1.1907
0.98475
1.3396
0.17946
-0.90374
-4.5367
-7.1658
-11.202
-13.003
-14.537
-14.168
-14.228
-13.355
-11.583
-9.4154
-4.9326
-1.7704
0.69541
2.7624
3.6653
4.5961
4.6014
4.582
4.9429
4.9075
6.1708
8.0275
10.77
10.947
9.5947
7.1429
5.5995
3.9313
3.2533
2.0754
-0.14549
-0.52367
-2.0288
-1.0125
0.43039
1.6175
1.9164
1.0235
-0.105
-2.6824
-2.1175
-2.1687
-1.3323
-0.43096
-0.041565
0.48216
1.1906
1.6585
1.8757
2.6282
2.6485
2.4021
2.4837
1.2335
0.38776
0.11922
-0.89686
-3.0606
-5.6332
-7.7159
-6.9382
-4.629
-3.4583
-1.6875
0.1974
1.7515
3.2149
5.1071
6.7905
7.1823
7.5049
7.8515
7.3733
4.5883
2.2629
-0.73512
-3.3942
-5.7292
-7.4756
-7.8635
-7.6774
-4.5545
-3.0537
-3.8263
-2.4864
-1.2108
0.030772
2.8911
4.7036
6.1215
7.5063
6.896
5.431
3.4919
2.8618
1.9598
1.1702
-0.79527
-2.4135
-4.7454
-7.3165
-7.4537
-7.9451
-7.5241
-5.707
-3.0325
1.2048
4.6007
7.6487
10.134
12.247
13.963
13.265
13.868
12.972
11.86
9.622
6.6559
3.2991
1.1991
-1.4154
-3.4701
-5.8663
-7.9056
-9.8224
-10.02
-9.9663
-7.4833
-5.039
-1.9746
-1.0584
0.030435
0.5989
1.1647
3.7985
5.7699
5.7193
5.2147
4.1379
2.8467
0.4106
0.028879
-0.26293
-2.5028
-4.4897
-4.9079
-2.3955
-2.2097
-2.6484
-2.4803
-2.995
-1.6965
0.81924
1.5611
1.5888
1.595
0.70085
-0.020921
-0.74297
-1.0318
-1.751
-1.5197
0.316
2.0612
2.0917
1.7752
1.8346
0.80558
-0.13674
-1.589
-1.8022
-0.17868
0.012597
-1.383
-4.3246
-6.5518
-7.3033
-6.565
-7.0761
-8.3114
-7.5985
-7.1997
-7.8048
-7.1691
-4.7261
-0.98822
2.0414
5.6723
8.9197
11.061
12.089
12.5
11.764
10.516
7.9198
5.7716
4.0165
2.1867
0.67433
0.63976
-0.2467
-1.4971
-2.6857
-5.3691
-6.8708
-8.4
-9.2346
-10.807
-11.22
-10.689
-9.7701
-8.1353
-8.6613
-10.26
-9.2631
-8.022
-7.241
-7.1324
-6.1045
-2.6159
2.2998
5.4092
8.9018
11
12.417
12.624
9.1303
5.6295
-0.29891
-7.7383
-13.822
-18.133
-20.669
-21.918
-21.061
-18.23
-13.553
-6.957
-0.70465
2.9108
7.3163
11.572
13.01
12.103
8.8127
4.7633
0.54125
-3.0197
-2.8995
-2.1048
-0.44153
0.46736
1.7956
1.5823
0.8844
-2.3456
-5.0379
-5.5196
-4.2555
-2.8688
-0.12144
2.0621
4.3078
5.8595
6.976
7.0393
6.1173
4.2782
2.5374
0.8793
-0.78184
-3.227
-5.1563
-5.7314
-5.9959
-4.1957
-2.9099
-1.2548
0.32672
1.7823
2.265
2.0028
2.4881
2.2653
1.4692
0.60225
0.19641
-1.2714
-2.3492
-5.5606
-7.8468
-9.3139
-10.498
-8.6989
-6.8279
-5.5187
-4.3913
-1.8017
0.30432
2.5558
4.4586
5.9007
6.6872
6.6076
6.1175
5.2493
4.2345
3.1753
1.8902
0.99437
-1.225
-1.9779
-2.9431
-3.0733
-4.7127
-4.6396
-5.3155
-7.6259
-7.9277
-7.4202
-7.5642
-8.2868
-7.8056
-5.9945
-5.0211
-4.7486
-3.9409
-2.4875
-1.2791
0.18197
2.2272
3.1377
3.5973
3.6475
2.6715
1.8822
1.669
1.9342
1.4251
-1.2592
-2.5013
-2.5197
-0.46201
1.9297
3.9379
5.7059
6.7796
6.6869
5.743
4.1761
1.9537
-0.25348
-1.9502
-1.314
-0.71695
0.027456
1.004
2.3025
2.5223
2.0697
0.25489
-0.7003
-2.8541
-4.9085
-5.7856
-7.0057
-8.2663
-9.0416
-9.3637
-8.4073
-4.9917
-1.1684
3.1146
5.9865
8.3262
9.4655
9.6314
8.6845
7.6469
6.2561
5.2287
5.9221
6.8475
7.0286
6.1872
5.2929
5.7553
5.5295
4.2498
4.2118
5.283
5.1788
3.8583
-0.13027
-4.2199
-8.0994
-11.304
-13.26
-15.676
-18.095
-18.029
-16.803
-13.701
-9.8301
-3.547
1.561
5.4404
8.5558
9.9583
11.635
12.842
14.898
14.381
12.8
11.004
7.9185
3.721
-0.8395
-5.263
-9.4803
-11.638
-11.855
-10.655
-7.7911
-3.3009
-0.58335
0.81956
1.5779
1.4781
0.9472
2.6447
3.7509
4.4541
5.6676
5.7974
3.9981
2.1807
-0.5435
-1.1735
-1.8182
-3.4304
-4.0222
-2.4725
-0.1504
2.2268
3.7833
5.176
6.2277
6.2298
5.6634
4.774
3.5258
1.742
0.02553
-1.2928
-2.3169
-2.2843
-0.61191
0.97936
2.8751
4.7704
6.2888
5.473
2.9315
1.2964
0.82992
0.0051412
-0.92377
-1.2401
-2.0533
-0.9862
-0.38981
0.56072
3.0527
5.9633
8.0399
9.5518
8.7395
7.2551
5.1664
2.723
1.0233
-0.81715
-3.2523
-3.1362
-3.802
-4.1464
-4.7687
-3.8956
-2.0778
0.1825
0.74557
0.88996
1.1233
2.7524
4.4695
6.3769
7.7883
8.6833
7.8712
8.0884
7.6174
7.293
6.2216
5.0777
4.4566
3.8331
2.5915
1.1113
-0.68555
-1.2566
-1.1551
-1.9983
-4.0248
-6.1228
-7.556
-8.3936
-9.151
-8.4593
-7.9971
-6.3939
-3.6042
0.62401
5.4647
9.0916
11.476
12.779
10.898
7.7724
3.924
0.93349
-2.3233
-6.257
-7.8311
-7.4436
-5.2344
-6.1125
-5.8089
-6.3029
-3.9364
-1.3294
1.229
3.7775
6.8544
8.7241
8.6143
7.5701
5.5911
3.4024
0.799
-1.8123
-2.4237
-3.1033
-1.6115
0.90213
0.66376
-1.7415
-2.701
-1.62
-1.0233
-1.8333
-2.1246
-2.0394
0.37607
2.942
4.9767
6.9903
7.6902
8.1607
8.1849
7.5945
7.0329
6.4756
3.4412
-0.75032
-5.1469
-9.0752
-12.922
-17.257
-21.256
-22.32
-21.602
-18.401
-13.396
-7.6178
-1.6648
3.5155
6.1697
7.3634
8.9302
8.4868
6.3541
1.98
-2.3481
-5.3265
-7.7697
-9.0266
-10.132
-10.351
-8.2231
-5.8653
-2.6952
-0.66073
0.67108
1.2326
0.98723
0.84671
0.85284
0.44206
1.0684
1.9837
0.94273
-0.93997
-2.7597
-3.4328
-4.1121
-4.5269
-6.2191
-8.4861
-7.9345
-7.4268
-6.9143
-6.3868
-5.1938
-3.418
-2.6325
-1.1973
1.9419
5.9852
10.654
14.159
16.489
16.549
15.217
11.876
6.884
1.6132
-2.5983
-5.1733
-7.637
-7.0467
-6.7769
-5.2167
-3.8268
-1.7297
1.3034
5.036
7.1061
9.0333
11.506
12.204
12.748
11.622
9.5714
6.6114
2.5037
-1.3831
-4.9132
-8.9411
-11.063
-12.11
-11.709
-10.041
-5.519
-1.0952
5.3037
11.46
14.926
16.355
15.151
11.47
6.2447
-0.47884
-5.4271
-10.32
-14.674
-16.944
-18.664
-17.448
-15.515
-12.573
-9.68
-7.0852
-4.7433
-2.9641
-2.4508
-3.3352
-5.2262
-6.9474
-8.3965
-9.9156
-11.417
-11.68
-12.734
-12.589
-9.5694
-7.0485
-6.1509
-5.1019
-3.7578
-1.9156
-1.0645
-0.70389
-1.2526
-2.8969
-3.8342
-3.347
-0.82085
2.1734
3.7497
3.7073
4.018
3.9557
4.988
5.1944
4.644
5.1869
5.5512
4.8539
5.4019
5.4275
5.3641
4.8306
4.5592
3.5839
3.7543
2.9407
1.8039
0.8205
-1.8961
-5.2151
-7.4373
-8.8174
-9.2509
-8.8587
-8.2486
-7.4087
-5.1379
-1.1136
2.8459
5.8269
7.2721
7.3234
6.0158
4.3037
1.46
-0.41505
-0.97324
-0.069957
2.4652
5.4838
8.6837
10.669
10.852
9.3905
4.9016
0.27157
-2.3543
-4.3327
-4.1483
-4.1821
-4.4458
-3.6211
-2.8452
-2.2351
-2.9661
-1.7246
-1.2967
0.63431
0.87656
2.0932
3.6875
4.2136
4.7644
7.1393
9.3895
12.119
13.946
13.394
12.963
10.54
7.9455
3.9311
1.5389
-2.5032
-5.7522
-7.8095
-7.8517
-6.4432
-3.5303
-2.0821
-1.4147
-1.2275
-0.91192
0.67016
3.0467
5.7157
7.4156
8.3886
8.8
7.801
5.0901
1.336
-0.49632
-1.3826
-0.48032
1.0696
1.9628
3.1675
7.2662
9.5682
9.6449
8.9489
8.8278
9.1141
9.7609
11.445
11.462
10.371
8.3499
6.6969
5.0292
2.8912
1.2151
-0.094527
-0.76216
-1.3733
-1.385
-0.333
1.4178
2.4191
2.8637
3.8905
4.8586
5.7542
6.7464
8.5896
9.1412
8.2088
6.9196
3.9767
0.91787
-1.7248
-4.2407
-6.2949
-7.133
-7.1436
-6.1616
-3.0902
-1.4087
0.3021
3.2703
4.6629
5.0892
2.5252
0.14958
-1.9911
-4.1808
-7.4785
-6.8326
-7.0249
-6.4298
-4.5592
-2.5311
-0.49598
1.8886
4.2412
5.8185
7.4274
7.2334
6.4472
4.7373
2.544
1.2793
-1.0013
-1.5865
-3.4545
-5.3871
-5.8772
-3.3947
0.79544
5.5181
7.9329
9.6196
10.254
8.3842
6.8742
4.638
1.7368
-2.3213
-5.7766
-7.5112
-9.6322
-12.686
-14.463
-14.778
-12.335
-9.8783
-6.3235
-2.7302
0.68369
3.754
6.7723
10.931
15.256
17.485
17.967
15.985
12.201
8.8664
5.1798
2.2039
-1.5081
-6.505
-11.346
-15.901
-18.416
-18.681
-17.622
-14.563
-11.269
-8.6296
-3.8944
0.94074
5.9575
11.893
16.713
20.355
21.753
22.23
20.922
18.62
15.2
9.4532
4.0024
-3.4135
-9.4376
-13.524
-15.986
-14.335
-9.14
-4.1709
-0.34382
3.7404
7.7607
9.4442
8.1839
6.3668
1.5126
-2.8027
-6.9247
-10.447
-11.672
-9.7531
-6.607
-3.4541
1.3125
5.2338
8.5761
10.825
10.648
7.5593
2.4093
-1.7994
-5.5011
-6.0838
-5.4266
-3.4892
0.55357
3.9941
7.4455
9.657
10.341
9.397
8.1047
7.1032
5.9008
4.2822
2.4656
0.89196
-0.23607
-1.6246
-2.5703
-3.3999
-3.7523
-3.1532
-0.94165
-0.38178
-0.18029
0.42661
1.4009
0.70936
-1.3143
-4.5925
-8.1913
-11.736
-14.222
-15.417
-17.366
-18.836
-19.913
-19.212
-18.743
-18.094
-17.517
-14.621
-10.77
-6.6909
-1.5937
2.4445
7.0932
11.968
13.939
15.673
16.096
15.068
13.367
11.258
9.059
6.9215
2.3016
-2.5846
-4.7058
-6.3616
-6.3092
-5.2809
-3.4605
-1.3422
-0.38613
1.0768
1.444
2.3986
2.7515
2.9762
1.8969
0.085541
1.282
1.7117
2.9274
2.5884
2.0094
2.0176
2.5459
2.7812
3.557
4.9678
5.6565
6.3798
7.5348
6.0085
3.7003
0.73844
-2.414
-4.6446
-4.5925
-5.0438
-5.8606
-3.9159
-1.9314
0.24781
0.76092
1.5036
1.8445
2.1642
1.8035
2.7847
2.8572
0.94851
-2.1904
-6.6105
-10.766
-14.197
-15.936
-16.095
-14.544
-11.834
-8.4154
-3.3319
1.3236
5.1989
7.8463
9.5975
10.08
9.3696
8.925
7.5353
5.7054
4.0141
0.96365
-0.18856
-1.605
-0.99711
-0.95409
-1.5571
-2.8492
-4.3955
-7.1441
-7.5389
-9.0138
-9.1919
-7.4742
-5.2615
-2.5659
1.2917
4.8578
7.8422
10.493
10.742
8.9107
5.9271
2.5246
-3.1117
-9.8015
-15.941
-21.661
-25.97
-28.379
-27.305
-23.257
-18.287
-12.879
-6.8477
-1.6302
4.5909
10.347
13.958
15.969
15.632
14.105
11.1
8.5291
4.706
3.3651
1.7804
0.34162
-0.27167
-1.0552
-1.5637
-2.734
-5.8641
-8.1735
-9.0934
-7.9803
-6.2831
-3.7044
-1.894
0.1243
3.593
6.0411
6.1302
4.7596
2.7426
0.38107
-2.993
-6.5117
-10.02
-13.435
-13.357
-13.064
-10.378
-5.6535
0.12802
5.319
9.6684
11.343
10.776
6.8492
0.74074
-4.2697
-7.2949
-9.8726
-11.644
-10.243
-8.0237
-4.6114
-2.115
2.3787
6.7187
9.9744
12.326
15.291
16.237
14.098
10.448
6.3226
2.0685
-2.4105
-6.3487
-9.4545
-12.007
-12.812
-12.86
-10.476
-6.4076
-3.6424
0.12245
2.5424
3.9333
5.8025
8.2589
10.518
13.598
14.897
16.023
17.438
17.124
14.796
12.121
9.2345
6.2688
2.095
-2.0339
-6.1124
-10.75
-14.976
-16.037
-15.557
-15.392
-13.457
-9.9707
-6.0387
-3.8649
0.65546
4.1236
5.337
7.2223
8.3672
8.5795
7.5313
6.9764
5.5885
3.831
1.4923
-0.89705
-2.9844
-5.0281
-4.7727
-4.971
-4.0445
-2.156
2.056
6.9505
11.262
14.132
15.332
14.316
10.665
6.1619
1.6381
-2.9195
-7.5718
-10.542
-11.939
-11.718
-8.8011
-3.5856
0.81655
4.6376
7.4066
8.5035
6.3201
4.8908
2.1543
0.18837
-1.6154
-2.5626
-3.4639
-3.0893
-3.6909
-3.449
-3.0839
-3.0168
-3.7663
-3.4403
-0.93881
1.5368
3.6624
6.4262
7.0448
6.6264
7.6927
6.3493
5.5692
4.129
2.2643
1.4427
-0.73309
-1.8977
-2.8911
-3.5633
-3.1013
-2.3846
-1.5964
-2.1047
-3.2462
-3.9618
-6.1272
-6.8756
-7.1528
-6.1979
-6.4636
-8.2237
-8.9056
-10.36
-11.432
-12.946
-13.168
-12.786
-11.265
-7.8669
-3.9281
1.1809
5.6084
9.9546
12.771
15.787
17.425
17.56
16.535
12.858
8.2652
3.8336
0.073708
-2.8547
-5.0027
-7.4571
-9.2156
-9.9449
-11.133
-10.42
-8.7395
-7.5423
-5.247
-0.57041
2.3959
3.8195
4.8466
4.8092
2.1417
-1.1608
-3.6713
-5.178
-5.1695
-4.364
-2.2635
-1.4009
-0.364
-1.1278
-2.1465
-1.4442
-0.30796
0.71741
1.7673
3.3676
4.0585
5.4051
6.7281
5.7583
4.6285
2.9434
1.85
-0.15344
-0.60233
-0.62836
-1.9961
-2.8936
-4.5466
-4.9642
-4.1922
-3.435
-2.3173
0.35852
4.7361
7.6826
9.4278
7.867
4.7923
2.1418
-0.63154
-0.78632
0.66442
1.8092
2.5592
4.7326
4.1426
2.3807
1.6123
1.9291
1.9024
-0.50704
-2.7735
-3.4187
-2.2257
0.041369
1.3039
3.0449
5.0857
4.5441
3.2737
0.91092
-1.2057
-2.3091
-2.7447
-3.2755
-3.0607
-1.9763
0.26107
2.7249
4.4292
6.4497
5.949
6.2636
6.5551
6.0771
5.1895
6.3297
5.6612
4.9044
5.5241
5.8229
6.2062
5.7414
3.3181
0.75242
-1.3116
-2.2071
-1.6716
0.29008
2.6902
4.5292
5.3828
5.2672
3.5558
2.7107
1.3223
-0.48373
-2.8731
-4.6904
-5.7071
-6.6658
-6.8885
-7.1916
-5.3098
-3.6474
0.34358
3.2906
6.0432
8.2973
8.333
8.0009
5.4991
2.6399
-1.1563
-3.7577
-5.8548
-4.995
-2.9158
0.044722
3.8103
7.4561
8.7968
7.6665
5.3467
2.7997
-1.1378
-3.8794
-6.9426
-9.4663
-11.54
-11.474
-11.51
-11.286
-8.9648
-5.5139
-0.69729
2.5241
4.3948
4.4113
6.3767
6.3455
5.2361
4.2604
3.3155
2.551
1.3261
-0.29695
-0.99746
-2.7175
-3.9204
-3.7706
-2.3523
0.94008
1.162
-0.81511
-1.9218
-1.3836
-0.38842
0.95254
5.2833
7.34
9.3128
9.8507
9.5396
9.677
7.3414
5.9642
2.8469
0.56731
-0.57781
-3.4248
-5.3585
-5.7683
-6.4284
-6.0437
-4.633
-4.8691
-4.4741
-2.3231
0.029049
2.4989
5.0815
6.1018
9.3216
12.9
14.541
13.438
10.334
7.5736
5.8858
4.5063
0.65951
-2.9886
-6.6476
-8.4133
-9.4117
-8.4966
-6.9813
-4.1444
-0.61796
4.2803
6.8743
9.5949
9.4646
8.7402
9.0804
6.9504
3.076
-0.72333
-3.3299
-6.4693
-9.1003
-8.9319
-5.6175
-1.9798
2.0489
4.4309
5.9768
6.6782
4.4653
1.766
-2.5438
-4.8622
-7.5259
-8.9753
-8.4266
-8.8079
-6.7429
-4.1291
-1.8302
-0.56411
-1.8719
-2.1678
-1.5272
-0.71549
-0.4005
-0.33452
1.1825
2.2513
3.5105
3.5872
4.0372
4.0609
4.2199
3.9657
4.8119
6.6578
8.3523
9.6015
9.5555
9.8662
11.134
11.143
9.9363
8.0504
5.1126
3.0279
0.94184
-1.1158
-3.6328
-6.4458
-7.8943
-9.2506
-10.334
-11.053
-10.631
-9.9888
-8.3254
-7.424
-5.5875
-3.8642
-2.9082
-1.9082
-1.4628
1.3273
3.6272
7.0896
10.117
13.248
14.75
12.692
9.465
5.3427
2.9179
1.884
2.8074
2.605
1.6685
0.25486
-2.4494
-5.2175
-7.6567
-9.125
-6.5933
-2.6407
0.87595
2.7485
3.4563
3.6786
3.796
4.3974
3.5133
3.7737
3.0039
2.1014
-0.10772
-3.1776
-3.3189
-2.8621
-2.7838
-2.2515
-0.30328
0.77882
0.019362
1.7971
3.2717
5.4311
5.1516
3.7616
1.663
-0.66879
-1.8353
-4.0382
-6.1383
-6.9051
-6.58
-5.6901
-4.6642
-1.6591
0.96979
1.4387
1.198
0.93681
-0.22964
-0.50211
0.38709
1.3719
4.9403
8.9227
11.846
13.699
12.966
10.387
8.2437
7.071
4.992
4.1364
4.613
4.5692
3.7532
2.0161
-0.6425
-2.4205
-3.3611
-4.3108
-5.4412
-7.4594
-9.0701
-9.805
-8.6785
-7.5782
-6.0651
-4.3143
-3.6873
-3.9728
-2.6114
-3.2575
-4.4535
-5.5912
-6.6242
-6.4887
-6.1853
-5.2865
-3.1657
0.6614
3.713
5.9951
8.7808
9.7177
9.4593
7.5334
5.4399
2.6429
1.3079
-0.13367
-2.6246
-6.3823
-8.4339
-9.4438
-10.25
-10.437
-9.4044
-8.2518
-5.3662
-2.3363
0.33158
3.081
4.7614
5.7305
6.2884
5.7501
3.3729
0.3619
-3.3115
-5.28
-6.463
-5.3895
-3.1297
-2.6651
-2.4307
-2.0316
-2.226
-3.2714
-2.7097
-3.2048
-3.7032
-3.4742
-3.825
-3.7738
-2.4058
-1.3827
0.49101
0.91845
1.4404
1.0379
0.0015229
-1.4852
-3.054
-2.7407
-2.8834
-2.8285
-3.048
-4.1469
-5.2826
-5.0345
-3.5918
-0.60832
2.213
5.2862
7.4143
8.0249
6.9691
6.7897
4.5889
2.7951
0.66209
-2.2627
-2.6575
-2.5297
-2.3111
-5.0249
-7.6047
-9.6335
-9.9322
-10.042
-10.811
-10.988
-9.7109
-8.2017
-4.9053
-2.0424
1.6812
5.2578
7.5125
7.56
7.622
5.6506
2.6508
1.9587
1.6512
0.89459
-0.25543
-1.324
-3.3026
-4.3007
-5.2356
-6.2559
-8.6748
-10.62
-11.771
-11.853
-11.06
-9.6889
-8.5865
-5.9602
-2.8185
-0.23744
1.6687
2.6107
4.1893
5.4276
7.8652
9.3401
7.3345
5.0639
1.4103
-1.8736
-5.4173
-7.1538
-8.5223
-8.6918
-7.9337
-4.1088
0.6533
4.3303
6.9209
8.1593
8.6963
7.4779
5.3534
3.5583
2.5021
1.6009
0.14443
-0.45845
-1.3461
-0.53359
0.72345
0.32704
-0.54256
-1.6199
-0.73741
-0.0028425
0.57982
1.6413
1.8758
1.9211
0.92425
-1.2777
-3.7239
-4.6098
-5.4642
-3.5784
-0.97872
3.3918
6.4734
7.8938
8.3695
7.5253
4.5058
1.282
-1.0886
-3.2155
-4.3317
-6.0197
-4.9829
-5.0413
-4.6669
-2.985
-0.53909
0.64806
1.7122
2.8501
4.3038
3.7953
1.8515
-0.79422
-2.3991
-5.7326
-8.7546
-11.094
-11.782
-11.848
-11.454
-10.655
-9.6991
-7.8365
-6.5777
-5.1425
-4.207
-2.8319
-1.5245
-0.30991
0.39757
0.76939
2.7903
4.0023
5.4153
6.5578
5.9401
6.7878
8.2289
8.9339
8.1606
8.174
5.4565
3.2418
1.2066
-2.2095
-3.3225
-2.0306
-1.6345
-2.1665
-2.9898
-2.4185
-2.1691
-3.4649
-5.9369
-5.6227
-4.621
-3.9568
-5.5047
-6.4703
-6.4664
-5.9273
-3.603
0.16916
2.0471
3.5904
4.3608
4.0357
3.1133
1.9394
1.5548
0.71127
0.16219
0.1538
0.28876
0.3208
-0.24477
1.0128
1.7225
3.6844
7.0224
8.6827
10.928
11.279
12.47
12.208
10.45
7.3363
4.7685
1.1049
-1.6842
-4.5419
-6.4122
-8.1853
-8.6618
-8.2429
-7.8789
-5.4777
-2.4751
-0.29869
2.5338
5.6501
8.5455
10.683
11.919
12.936
14.497
12.825
9.9906
7.0118
3.4312
0.24375
-1.1739
-2.3289
-3.3892
-6.218
-6.66
-6.1797
-5.0085
-5.3584
-3.4366
-0.79616
4.1607
8.0078
11.113
13.52
13.711
12.866
12.18
11.322
7.9093
5.3443
4.2824
3.0035
1.1219
-0.32318
-2.1405
-4.4343
-6.9717
-8.1758
-9.4498
-9.7024
-10.548
-9.9551
-9.8292
-8.0476
-3.7732
-1.249
3.6256
8.787
13.526
14.953
13.661
11.21
8.5468
5.9227
1.8371
-4.3388
-8.4708
-9.6957
-10.528
-10.209
-8.7875
-6.4978
-4.5957
-1.5106
2.381
5.5955
7.7971
7.834
6.9898
4.5386
2.0527
-1.7755
-5.0963
-5.2815
-6.1722
-7.0298
-5.021
-4.9262
-3.9562
-2.9578
-1.8877
-2.1041
-1.3536
-0.30409
1.0169
3.434
5.1743
6.2932
8.177
8.9023
8.2226
5.7262
1.5952
-2.5799
-6.5937
-10.248
-12.492
-14.592
-16.868
-15.153
-10.981
-5.966
-1.3627
2.9182
7.3968
9.7661
10.429
12.051
13.933
15.535
13.309
10.636
6.8941
2.3489
-1.4708
-5.5049
-9.187
-11.136
-12.536
-12.523
-11.992
-10.861
-7.5701
-4.5759
-0.27779
0.88551
2.4946
1.8153
1.0458
0.32034
0.47968
-0.98261
-2.9657
-4.9685
-5.8792
-5.1442
-5.3021
-4.8102
-4.4707
-3.0899
-0.60031
1.7846
3.4165
4.1639
5.2388
5.5748
3.9751
1.7521
-0.80167
-4.2442
-6.0915
-5.8291
-5.4542
-3.8276
-2.6212
0.65306
3.2549
7.3172
11.75
12.922
12.764
10.559
7.9363
7.953
6.8799
4.9289
4.1412
1.8187
-0.95069
-1.6852
-2.3927
-4.1439
-4.9152
-4.4948
-4.0337
-4.6676
-4.5968
-4.4327
-1.3638
1.1516
3.5002
6.0947
8.1077
8.2699
8.4888
8.277
4.6331
0.67569
-3.2554
-6.5988
-9.5161
-12.097
-12.75
-11.776
-9.8406
-6.6457
-1.5235
4.0315
7.1339
9.2872
10.612
11.007
9.9192
8.7255
8.9007
8.4091
7.8789
6.9712
6.973
7.5076
6.7507
4.7029
3.0925
1.4314
0.53511
-0.43124
-1.1837
-0.88681
0.71088
1.9708
2.034
0.60319
0.22846
0.8658
1.2797
3.6341
4.8781
3.2632
0.57915
-1.5274
-4.0853
-7.1186
-9.4948
-9.5663
-6.0658
-2.4144
1.6186
5.5408
9.3367
11.34
11.405
11.257
11.538
11.897
11.455
11.081
9.1619
6.8193
3.405
1.2063
0.47493
0.60271
1.7371
4.1551
6.406
8.1366
7.1789
4.2545
0.33432
-2.2163
-4.266
-6.7698
-8.0769
-7.91
-7.0307
-4.2852
-2.1399
-1.1789
0.13931
2.0175
3.6076
4.21
5.2405
6.865
6.553
5.7563
5.2043
3.7921
1.6892
2.0602
2.31
2.5235
2.2594
2.1867
2.3905
1.6567
2.2485
2.3444
2.9434
4.0587
3.7156
3.1382
2.1645
-0.14925
-1.2937
-0.90874
0.028198
1.634
3.6196
5.0572
3.4267
2.1869
0.50724
0.62143
0.10321
-1.9258
-4.3719
-8.1796
-10.418
-12.442
-12.109
-12.243
-10.876
-9.394
-6.1578
-1.7479
2.1223
4.8109
8.5459
9.9524
11.551
11.932
13.48
16.461
17.49
14.898
12.107
7.3915
2.7831
-2.5064
-7.0713
-11.449
-13.411
-15.21
-17.67
-17.958
-17.976
-14.867
-11.296
-6.8953
-2.1571
1.8554
3.9914
5.0746
5.525
4.8973
1.7148
-0.83973
-3.6242
-4.9238
-6.3033
-7.4759
-7.8342
-6.3168
-4.2473
-1.0034
0.92193
2.0779
4.9604
6.5705
6.905
7.3141
5.9318
4.1972
3.7563
1.5029
0.59136
1.8672
4.3807
5.0192
4.4278
1.7751
-1.5712
-4.5441
-6.2559
-8.6799
-10.055
-9.5144
-8.5854
-6.8355
-3.4408
0.48255
3.4663
4.9762
4.8845
4.117
2.472
-0.69549
-2.6165
-4.5005
-4.5292
-4.2835
-4.8497
-3.2819
-1.4692
0.068494
1.4707
2.7535
4.5228
5.6212
6.8817
7.3824
7.2464
5.3032
3.9253
2.5215
0.13419
-2.8847
-4.4601
-5.6275
-6.0256
-6.862
-6.2232
-6.5851
-5.9868
-4.0674
-3.1565
-1.8335
-2.3134
-3.8593
-4.855
-5.6082
-4.8179
-5.7605
-7.2385
-7.6078
-4.7355
-1.9073
0.45765
1.6756
2.8245
2.9656
3.8631
2.5149
0.23909
-2.8791
-7.1048
-10.385
-13.155
-13.909
-13.822
-11.689
-8.7575
-4.0987
1.0259
5.7972
9.1476
11.186
9.7728
7.7853
6.8211
4.8041
2.3261
-0.93893
-3.3948
-4.3887
-5.779
-4.7201
-4.0854
-2.543
0.52578
5.3857
10.832
12.974
12.032
9.8023
6.2403
4.5916
3.1974
1.8019
-0.49385
-0.83539
-2.1904
-4.1416
-6.0163
-6.6168
-7.5582
-7.5536
-6.5844
-4.9338
-4.1084
-2.883
-1.7436
-1.8848
-3.3904
-1.7979
-0.6007
0.13099
2.5296
6.0185
6.1844
4.0673
1.6781
-2.2521
-5.6313
-7.5117
-7.5987
-8.6046
-8.7916
-7.6733
-8.0553
-9.446
-9.3459
-7.4473
-5.1158
-0.5369
3.7826
6.5713
9.75
12.099
13.875
14.918
14.196
12.599
11.77
11.097
9.3524
7.2042
3.3953
-0.40033
-2.2285
-3.1664
-4.153
-6.0584
-8.0407
-8.7846
-9.5329
-10.08
-8.204
-4.1516
-0.059788
4.4487
8.6052
11.043
12.262
12.013
10.982
10.658
9.4189
8.7588
6.6553
2.6224
-2.7326
-10.025
-15.302
-19.092
-19.489
-16.723
-11.468
-6.9946
-1.7899
2.4102
6.3541
9.2674
13.673
17.334
17.748
14.593
9.9285
4.3648
-0.33712
-6.1899
-9.9323
-11.961
-10.983
-7.1258
0.19657
6.8514
10.046
11.498
12.309
10.226
8.2023
4.3309
1.4706
-1.4612
-4.3536
-5.5031
-6.3041
-5.3112
-3.5723
-2.0626
-1.0523
-0.17465
-0.85309
-1.6349
-3.2705
-3.8198
-2.4373
-1.3557
0.18045
1.2199
1.6307
0.75199
0.52663
-0.88122
-1.1775
-1.5832
-1.8839
-0.61066
1.3151
4.236
8.139
12.365
16.116
17.159
16.063
14.646
12.523
8.9418
4.9255
0.90076
-3.4082
-6.4957
-8.7057
-10.97
-12.183
-13.103
-12.618
-11.258
-10.601
-10.102
-9.363
-8.3563
-6.2187
-4.5239
-2.836
-0.67721
2.4432
6.3111
8.4573
9.9031
11.889
10.871
8.5569
5.0748
0.68433
-3.3886
-5.4426
-6.5065
-7.0119
-5.591
-3.6328
-2.2433
-2.9514
-5.1141
-4.5042
-3.7169
-1.4233
1.7675
6.3544
9.6112
10.08
10.663
10.575
9.6053
6.1422
0.93477
-3.5432
-6.8301
-7.9805
-9.8985
-10.474
-8.7683
-7.5814
-4.0167
-0.81506
2.8973
5.3331
5.2398
2.843
0.58877
0.40286
-0.086187
0.19451
-0.039937
-0.49766
-0.49813
-0.3575
-1.4032
-3.8166
-5.6021
-7.4328
-6.2614
-3.6432
-1.3964
0.0737
0.23858
1.0257
1.6156
0.01499
-1.0823
-1.9856
-2.6929
-2.5661
-1.5327
0.87267
3.4119
4.5828
4.8034
4.7134
3.7302
1.6068
-1.5122
-3.9738
-4.9149
-5.2276
-4.9599
-3.0586
-1.8174
-0.44965
1.7567
3.6193
6.0012
7.8061
9.8017
10.989
10.895
11.012
11.157
9.5009
7.6861
7.667
6.6064
5.4165
3.3258
0.643
-4.4835
-10.536
-14.42
-17.534
-20.067
-20.761
-19.479
-17.368
-12.766
-7.4516
-2.1466
3.947
8.4163
12.149
15.494
17.538
17.476
15.654
12.207
9.6944
5.5819
1.1707
-4.332
-7.6597
-8.6524
-7.9385
-6.3831
-3.9877
-1.9618
-1.0794
-0.50676
-1.45
-2.5068
-3.6061
-3.0938
-3.6337
-2.9481
-1.06
-0.39676
0.30134
1.6864
2.4232
1.8326
2.3404
2.5875
1.7217
-1.5621
-5.325
-8.3351
-7.9879
-7.6391
-4.4659
-1.2575
1.4597
3.8984
6.1142
8.8933
11.736
12.257
11.905
9.6006
5.0429
1.1383
-0.29624
-0.51873
-1.2345
-2.5999
-4.9615
-7.8722
-10.715
-13.238
-13.869
-12.443
-9.6478
-6.439
-4.0604
-1.1696
2.2952
3.5039
3.3165
1.9634
0.51131
-1.162
-1.6729
-3.5891
-4.4317
-7.9503
-12.008
-18.234
-23.382
-26.073
-25.059
-22.509
-18.964
-14.534
-9.9305
-4.093
1.6676
7.5714
12.809
16.799
20.382
21.821
21.316
19.883
17.514
13.553
10.053
5.3759
0.25413
-5.0181
-8.188
-11.991
-12.594
-11.647
-9.4555
-7.5673
-4.492
-1.6356
0.52251
2.0139
3.3933
5.395
7.6119
8.5416
8.0576
7.2749
4.9318
2.6909
0.14038
-2.3643
-1.6493
-0.34214
1.6776
3.9021
5.0072
6.1544
6.4504
6.6309
4.1056
0.70729
-1.9143
-2.5128
-3.6673
-4.8781
-5.4444
-4.9738
-4.6296
-4.7142
-5.3331
-5.6659
-5.0963
-4.3348
-4.0962
-2.3837
-0.45882
1.3129
3.1649
2.9923
2.9554
5.0532
8.1016
10.911
12.902
13.421
11.296
6.5857
3.3168
1.0951
-0.45017
-3.0004
-5.4817
-7.4437
-8.6991
-9.2483
-9.2564
-8.4812
-8.2457
-7.1985
-5.329
-3.1475
-1.5418
0.77193
2.0129
4.6081
4.301
3.0824
2.6404
1.1358
0.57936
-0.17462
-2.0723
-4.032
-5.829
-6.6167
-6.9352
-4.9334
-3.0474
0.17702
3.1577
6.2533
9.1538
11.223
13.135
14.703
15.763
14.533
11.738
7.0028
1.7299
-3.661
-8.9863
-13.29
-14.317
-14.602
-13.168
-10.647
-7.4786
-2.0889
3.7091
8.185
11.776
13.773
16.317
16.306
12.988
7.925
4.2699
0.83453
-3.5028
-5.7503
-6.4809
-7.8725
-6.5535
-4.6246
-2.0471
-0.16559
1.6916
3.0517
3.1108
1.9165
0.97093
0.88183
-0.54516
-1.8733
-0.80597
-2.1229
-1.5368
0.10425
2.7339
4.51
7.0555
8.9785
8.2104
6.6949
2.6972
-0.11676
-2.1573
-4.7372
-5.5585
-7.602
-8.8013
-8.1589
-7.6686
-5.2015
-2.4522
0.079125
2.5096
5.861
8.9889
10.917
12.441
14.541
15.296
13.97
11.256
8.2265
4.3094
1.8086
-1.4075
-3.1039
-2.662
-4.231
-7.1633
-8.5113
-9.8082
-8.2499
-4.8077
-0.2917
3.3691
5.4423
8.0214
9.2378
8.9182
10.118
9.758
6.7909
4.5086
3.2333
2.5407
1.5337
0.64421
0.51946
-0.28376
0.1613
0.98494
1.7758
3.5564
6.7831
9.8486
12.406
14.723
15.258
15.57
14.214
11.603
8.8755
4.5273
1.6336
-1.7393
-4.6056
-6.728
-6.1674
-4.7826
-2.8684
-1.3164
-1.3325
-2.4961
-2.5881
-0.82871
-0.087296
0.80186
1.434
3.07
3.2892
1.2283
-1.2728
-2.5707
-5.2944
-7.1586
-5.562
-3.8025
-1.3709
1.188
2.0944
2.0682
1.6665
0.58724
0.75602
2.4003
2.4607
3.2216
3.9261
3.8994
1.8102
-0.78286
-3.3924
-5.0741
-5.7592
-6.9051
-7.636
-9.5031
-9.9324
-8.9919
-9.3774
-6.7959
-2.8682
-2.4702
-2.6164
-2.2469
-0.97326
0.060264
1.7934
3.6975
3.8077
4.2909
5.6284
6.2409
5.8057
5.0291
3.6207
1.3553
0.049487
-1.84
-2.9179
-3.9683
-6.0033
-6.5296
-6.9458
-6.7918
-5.9385
-5.3842
-3.9337
-2.151
-0.45677
1.2834
3.4159
4.8741
6.3529
7.0305
6.8476
6.5109
5.6244
3.869
1.7322
-0.76127
-2.409
-3.9827
-6.0254
-8.1013
-11.142
-11.146
-8.8071
-5.8931
-3.3602
-1.5872
-1.5757
-4.3068
-6.4353
-6.9759
-6.4446
-5.5116
-3.4946
-1.4061
0.41943
2.7118
3.8013
3.8413
2.6916
0.6096
-1.5741
-2.6731
-3.1161
-2.2011
-1.025
1.5064
2.7238
4.8177
4.0588
3.3395
2.6087
1.2563
-0.51931
-2.4662
-3.6177
-2.6733
0.35087
2.9878
5.1055
4.7558
2.6632
-0.5337
-3.6877
-6.0776
-8.4512
-8.7865
-9.1049
-7.5222
-5.2172
-1.9952
1.9622
5.9208
9.0675
11.801
12.813
12.137
10.469
6.9714
3.3484
2.0013
-0.57407
-2.9442
-5.5657
-6.7261
-7.1422
-6.9206
-6.1433
-5.303
-1.9023
1.2439
3.1352
4.6415
5.0442
5.9142
4.3476
-0.64818
-5.1035
-8.0054
-10.256
-11.901
-13.62
-14.721
-14.727
-13.063
-9.5349
-4.0164
0.93478
4.2218
6.3522
8.6891
10.575
10.605
11.369
10.509
7.9737
3.2305
-2.0102
-4.3275
-3.9704
-2.8404
-1.4172
-0.59453
1.417
4.3997
5.5149
5.2669
3.9909
1.5755
0.68326
-0.53647
-1.6379
-3.3906
-6.3389
-7.2777
-8.6501
-9.0403
-8.3596
-7.1956
-5.3725
-0.82737
5.0589
8.7107
10.661
9.9869
6.9358
4.2824
0.54224
-2.3647
-6.1854
-8.3676
-8.6268
-6.6787
-1.5748
3.8249
9.1879
13.019
14.763
16.472
16.495
12.041
5.7807
-1.3907
-7.1175
-11.64
-14.643
-16.463
-15.887
-11.151
-4.9226
1.5608
7.1266
12.386
15.39
16.057
14.395
11.602
8.947
3.9674
-1.1316
-5.3671
-7.352
-8.5531
-9.3004
-10.624
-10.825
-10.344
-9.4208
-6.6925
-1.3508
3.9117
8.4517
13.891
17.914
18.878
17.841
15.917
14.137
12.26
9.3474
6.7054
3.517
0.48819
-3.5329
-6.3946
-9.7363
-12.803
-15.149
-14.755
-15.717
-14.856
-13.573
-10.266
-8.3651
-6.4784
-4.4494
-1.3021
2.7754
6.6874
10.62
16.718
18.826
18.462
16.941
14.716
12.808
10.449
8.2717
7.2853
6.2621
4.2273
3.8852
1.6333
-0.22406
-0.68763
-0.28727
-0.48394
-0.77291
-1.3736
-1.7839
-1.6528
-1.269
-2.6456
-4.6833
-6.7701
-8.5856
-7.4822
-3.8246
-0.90308
0.81121
2.8442
4.4113
4.7694
5.7724
6.5298
5.8639
2.3439
-3.0881
-8.7682
-11.495
-12.046
-11.69
-8.8329
-6.0836
-3.3789
-0.94843
1.3308
3.6493
5.8267
8.808
9.1002
9.3194
8.45
6.1194
2.9259
1.4828
0.37271
-0.97054
-3.8023
-5.4242
-6.5062
-6.5492
-6.963
-5.2094
-5.1968
-5.0652
-3.5076
-2.8183
-1.1681
1.0506
2.1871
3.3023
3.2321
1.545
-0.12914
-2.0114
-2.8826
-3.7571
-5.1753
-5.6439
-5.7759
-5.3975
-4.2918
-2.5353
-0.75582
-0.40886
0.85949
1.8162
3.3586
5.4971
9.4261
13.009
15.875
16.15
14.416
13.319
11.178
7.9308
3.8734
0.53898
-1.7674
-4.5067
-8.546
-12.585
-13.851
-14.764
-13.062
-10.019
-7.1489
-5.2352
-3.771
-1.3743
0.65911
1.7198
2.8384
4.9796
6.8439
7.3761
7.9612
7.6576
4.557
1.0569
-1.5478
-3.4601
-4.1806
-1.6379
-0.15378
0.63252
1.8908
3.0854
4.6475
4.4436
2.5436
-0.95592
-3.6919
-6.269
-7.3119
-5.1984
-1.6299
1.343
1.963
1.7133
2.0456
2.8889
3.1725
3.1559
1.0305
-1.6652
-4.4407
-7.5627
-10.992
-12.061
-11.639
-10.556
-10.545
-8.4985
-5.2195
-1.9764
1.0817
3.1905
3.5423
5.0173
5.5962
3.3306
2.999
3.0826
2.3179
0.97614
-1.1315
-3.7996
-7.7434
-11.857
-15.547
-20.46
-24.67
-27.292
-28.594
-27.459
-24.11
-20.214
-15.045
-10.061
-4.0934
2.5626
6.8194
11.536
13.483
12.998
12.412
10.628
8.464
5.7422
4.8992
6.574
8.2529
9.5043
8.0551
6.8258
6.1246
6.1045
3.8874
1.2137
-3.0325
-7.3626
-11.556
-14.007
-14.104
-12.75
-11.951
-10.395
-7.8127
-5.4765
-3.2617
-0.80958
1.5604
3.4109
4.7495
4.9641
5.3148
6.7581
6.8292
6.9515
5.8406
4.069
2.6647
2.6776
3.0006
2.7209
2.3336
0.84652
0.66937
0.35668
0.16409
-0.28231
1.3019
2.2922
2.7853
2.924
2.2179
2.7825
3.3566
4.4531
4.9462
4.5636
3.2328
0.3606
-2.4866
-4.7664
-4.2703
-2.8384
-2.6157
-2.6648
-2.7645
-2.4814
-3.3823
-2.9621
-2.8218
-4.1714
-4.2826
-5.6102
-5.0979
-4.1302
-4.664
-5.0956
-3.5949
-2.8186
-2.058
-0.11138
0.88259
1.7602
2.1174
1.4125
-1.2182
-2.8821
-4.3312
-6.0065
-7.2372
-9.2662
-10.098
-11.017
-11.649
-12.229
-12.294
-11.848
-11.155
-10.179
-10.837
-11.244
-9.124
-6.3775
-2.5694
-0.82085
0.83974
2.0432
3.1921
3.4794
2.8325
2.6565
1.9759
2.6766
3.436
4.0355
3.2865
3.9743
4.01
5.1534
6.6893
8.8333
10.605
9.4851
7.5257
4.5022
0.91991
-2.9814
-6.9831
-8.6404
-9.511
-9.61
-8.8774
-6.5257
-2.966
0.418
2.4255
2.6408
3.9404
2.928
1.4427
0.91062
0.47892
-1.2696
-2.2315
-2.2325
-2.3311
-3.4419
-3.3154
-2.157
-1.6057
-1.7664
-3.3501
-4.4767
-5.9524
-6.3857
-4.6245
-2.748
-1.3137
-0.57945
-0.32484
0.56423
1.9573
3.2644
4.786
4.6208
6.2608
7.9757
10.684
11.935
10.342
7.1491
4.6511
2.1918
0.46649
0.086453
-0.34551
-0.55336
-0.49836
-0.48128
-1.5421
-2.4967
-3.3037
-3.8703
-5.6857
-7.631
-9.3179
-11.187
-13.014
-13.666
-13.501
-10.262
-5.9795
-1.1053
3.6563
5.9439
8.2577
12.703
14.427
14.115
14.315
13.505
11.237
7.498
4.2205
-0.85874
-5.0775
-7.741
-10.529
-13.094
-12.847
-12.012
-9.2074
-4.8367
1.0328
3.8286
5.7123
6.8063
7.2493
5.9416
4.1941
2.8964
3.0252
4.4007
4.8401
2.9828
0.11742
-3.6641
-6.1119
-8.4414
-10.149
-10.21
-10.093
-8.9716
-6.1313
-3.4333
-1.2795
0.22966
2.2263
2.3081
2.4918
1.8494
2.7828
3.8107
4.3922
2.4603
1.1483
-0.72519
-1.6801
-1.1711
-0.60718
0.59242
0.27893
1.5157
1.0524
0.27619
-0.91905
-1.6658
-2.7307
-4.889
-2.6462
-0.64661
1.5851
2.6042
3.4511
4.0428
4.4868
4.5735
3.7196
2.3518
1.4405
1.0754
0.81162
0.9077
1.1433
0.60997
0.61529
-0.23788
-0.42143
-1.7631
-1.4161
-0.59327
0.029827
0.65082
0.41957
0.63072
0.047062
0.093374
1.3727
0.65988
-0.93147
-2.9308
-4.5303
-6.3621
-7.6311
-10.203
-11.951
-10.847
-8.6404
-7.4518
-8.1736
-9.5713
-11.025
-11.684
-10.797
-9.2685
-7.5336
-5.8065
-1.9728
1.0489
3.4968
7.7943
11.087
12.041
14.389
16.317
14.899
11.422
6.5707
-0.53218
-6.1272
-12.751
-18.266
-21.713
-22.38
-19.395
-14.882
-7.9538
0.0014948
5.5884
11.022
14.35
14.12
13.896
12.633
11.69
9.5118
6.4176
3.1072
-0.80445
-3.8149
-5.985
-5.2257
-4.4516
-1.284
3.2649
6.1776
8.7205
9.5723
8.1809
5.5927
3.4761
1.04
-0.5314
-3.8876
-6.3974
-6.5899
-7.3569
-6.4765
-6.0506
-4.6527
-2.2209
-1.6686
0.5019
3.3343
2.9967
1.6056
-0.91821
-2.1063
-2.5859
-1.5579
-0.59886
1.0208
2.638
3.161
4.5709
5.2413
5.2137
5.3102
4.059
3.2282
2.0797
0.10429
-1.1242
-2.2079
-3.2252
-2.477
0.33622
4.2453
6.868
7.9507
8.2838
6.9524
4.3668
1.8725
-0.16729
-1.852
-2.7852
-3.7651
-2.1998
-1.0312
-0.70323
-2.2946
-4.4484
-7.5844
-9.158
-9.9988
-10.768
-11.662
-11.633
-10.536
-9.273
-7.9571
-6.1571
-3.0822
-0.0086979
1.8956
3.9154
4.5649
3.8761
4.9278
6.4924
7.2352
7.1106
6.4954
6.4803
6.3262
5.307
4.1041
0.85513
-0.83162
-2.4414
-3.7217
-4.4048
-2.6775
-1.4535
0.29911
2.5422
4.482
4.4547
4.8413
4.8292
5.2566
2.7728
0.66058
-0.45616
-0.22825
1.2392
3.1869
6.4865
5.9141
5.0198
2.9572
0.048031
-2.6983
-4.191
-6.3886
-7.9462
-8.9959
-6.9474
-4.3272
-0.31999
4.1077
8.4104
11.709
13.256
11.482
10.141
6.4797
0.21086
-5.051
-11.496
-15.552
-18.922
-21.568
-23.73
-22.222
-19.963
-15.221
-7.4141
0.48912
7.3574
12.661
17.487
19.767
20.084
18.825
16.148
13.393
10.518
7.5523
1.9703
-2.5431
-6.7893
-10.356
-11.195
-11.515
-10.541
-7.6237
-4.8313
-1.4328
2.148
5.6017
8.2087
10.945
11.87
14.937
17.792
18.942
19.53
19.862
19.126
17.473
14.677
10.383
5.1911
-0.032081
-6.155
-9.8962
-12.942
-14.221
-14.254
-13.849
-10.894
-8.4936
-4.8285
-1.3496
2.9487
6.9561
9.5865
10.005
8.6814
6.7893
5.4238
4.0067
-0.29444
-5.3469
-8.2184
-9.3441
-7.7982
-5.0003
-0.40489
5.7874
9.4271
11.395
11.996
10.277
7.6821
3.7601
-1.1336
-5.0795
-9.935
-12.083
-11.637
-9.1252
-4.4892
-1.4137
1.3534
2.4174
2.9802
5.2674
6.0045
5.615
2.5405
-0.93509
-4.0652
-6.4672
-8.6787
-9.4328
-10.69
-10.683
-9.2452
-7.6958
-5.245
-3.4648
-1.3186
0.82599
1.1009
0.29865
-0.10223
-0.40102
-0.46435
-0.94738
-2.6061
-4.2818
-5.2273
-4.9355
-2.8494
-1.638
-0.3734
-0.59143
-1.8502
-3.5659
-5.3507
-7.8253
-9.3764
-9.1225
-7.1443
-5.4127
-3.4508
-1.952
-1.6357
-0.51704
2.0142
4.4847
8.2215
9.868
9.1022
7.9081
6.5793
5.1724
3.1668
2.0378
0.83043
-0.028813
0.11021
-0.54064
-1.0994
-1.9971
-2.1922
-0.45025
0.34546
1.5771
2.7128
2.4364
1.5809
1.0059
-0.13657
-1.5459
-3.1824
-3.9882
-5.3905
-5.085
-2.8613
-0.30554
1.8946
5.1647
8.0565
12.093
13.399
12.449
7.7644
1.62
-2.5269
-7.0893
-9.4936
-9.6001
-8.9129
-7.6458
-4.3498
-0.54872
1.9347
4.7304
5.0683
5.7863
6.9298
9.1089
8.3133
7.5445
5.2988
2.8837
0.96731
0.29121
1.5421
1.4519
0.7815
-1.7067
-4.9229
-7.0818
-6.7134
-6.4581
-4.751
-3.0959
-1.7272
1.2266
5.6722
9.4271
10.106
11.1
11.616
11.642
11.267
9.2463
5.8854
1.8754
-2.0765
-5.3113
-7.7968
-10.195
-10.211
-10.802
-9.4496
-8.0402
-5.3615
-2.1953
0.4371
3.2204
6.2688
7.701
6.754
4.9022
1.9067
-0.54584
-1.6468
-2.4857
-2.7025
-3.7504
-4.5425
-4.7711
-5.6091
-6.3568
-5.8408
-4.2135
-2.053
1.4437
7.2895
10.791
10.912
10.082
7.9766
5.1618
2.1545
-1.3355
-3.1713
-4.3652
-2.46
-0.97083
1.2682
1.0928
0.62131
-0.68369
-3.0829
-3.4798
-3.487
-2.4607
0.43445
3.42
6.3751
6.9807
6.1664
6.283
5.0566
3.3727
2.1524
2.23
2.8514
2.9879
3.5597
2.656
1.8186
0.75357
-0.28495
0.18083
0.36724
0.2834
-0.27792
-1.167
-0.88434
-1.1619
-2.4446
-2.8373
-3.1755
-2.302
-0.97266
-0.76567
-1.1247
-1.7346
-3.9119
-4.5977
-4.1988
-5.2976
-5.9433
-4.9581
-2.219
-1.9217
-2.348
-3.6464
-3.6026
-2.1732
-0.75761
0.69842
2.0333
3.4411
4.0362
4.1631
4.5684
4.9785
4.0375
2.8697
2.6862
3.4787
5.2895
4.8067
6.0724
8.4588
10.075
11.382
11.805
9.3063
6.6875
4.342
2.2165
0.45192
-0.94102
-1.0406
-2.4493
-4.7202
-7.2382
-7.4902
-7.784
-6.7279
-5.4631
-3.9999
-3.1063
-1.9899
-0.88117
0.6896
-0.26418
0.42819
2.3493
4.902
6.3849
6.8657
6.0093
3.8181
1.9815
0.34633
-0.54497
-2.2715
-3.0978
-4.2664
-6.0205
-5.6016
-4.235
-2.912
-0.97928
0.40612
2.3916
3.3315
4.3417
2.0607
-0.17942
-2.2389
-2.6649
-3.0191
-1.7296
-0.12853
1.8448
4.1098
4.2191
3.9729
3.8868
4.0866
3.2914
2.3822
0.95817
-2.4581
-5.0182
-8.2517
-9.7112
-10.25
-8.6948
-7.6867
-6.274
-2.6645
0.063367
2.8378
4.57
5.4477
4.9599
5.3389
5.3932
4.6063
5.1605
7.0298
7.4589
6.2962
5.5627
4.8145
4.0097
2.4266
0.3514
-2.3292
-6.1208
-8.0674
-11.721
-16.099
-20.307
-23.134
-24.677
-24.652
-22.354
-17.844
-13.932
-8.8946
-4.5359
0.035267
3.3661
5.3435
6.5775
6.7573
5.9685
3.4914
1.1006
-0.83673
-2.2888
-3.4131
-4.4366
-5.8721
-6.5031
-8.8961
-9.599
-9.0384
-8.6423
-8.9158
-7.535
-6.0744
-5.0209
-4.2791
-3.9687
-4.6616
-3.3217
-1.0142
1.8796
4.9656
6.6843
6.2266
5.3365
3.8291
-0.45747
-5.0067
-9.8781
-13.998
-14.79
-13.901
-12.291
-8.5254
-2.7149
0.92033
4.5741
6.3482
8.9485
8.9198
6.2425
2.931
-1.0284
-4.6592
-7.0765
-6.1491
-3.8709
-1.9636
-0.89338
-0.51159
-0.50361
-0.18913
0.17128
0.40891
-0.15193
-0.29244
-0.30302
0.26504
0.45917
0.68664
0.30679
-0.12374
1.0331
2.2475
1.7455
2.7174
3.9858
3.6006
2.5263
1.562
-1.045
-4.139
-7.3321
-9.2084
-8.2861
-7.1455
-6.3493
-4.9662
-3.8969
-3.6103
-5.0954
-4.9984
-3.8933
-0.9018
1.6517
4.3849
7.5209
10.573
13.741
18.722
22.404
25.645
27.276
28.901
28.165
27.847
27.338
25.628
22.834
19.046
14.257
9.14
4.3578
0.16253
-5.1325
-9.7004
-15.022
-20.868
-24.573
-25.254
-24.127
-21.649
-18.695
-11.983
-4.7044
3.2661
8.0325
12.345
13.527
12.549
9.1048
6.3091
1.1849
-5.2148
-9.8539
-12.741
-14.988
-13.395
-10.365
-7.7775
-4.0495
0.28746
2.8561
4.1031
4.2713
4.9714
5.9935
6.0789
3.8919
2.3174
1.1246
-0.3462
-0.10359
2.1204
1.844
-0.57236
-5.1998
-9.3239
-10.341
-10.097
-7.6389
-3.6159
1.997
9.7735
17.415
21.358
20.642
17.156
11.042
3.6151
-3.2585
-9.0543
-12.592
-15.397
-15.964
-12.923
-9.594
-4.9083
-0.37951
2.1575
3.9424
4.3631
5.0979
4.9943
3.0569
1.5466
0.1848
-2.0023
-4.2801
-5.2158
-6.4923
-8.8439
-8.7929
-7.9889
-7.1007
-6.5049
-5.64
-4.2088
-3.3406
-3.0312
-1.6819
0.86703
2.6784
5.0262
7.8322
9.4828
12.467
14.39
14.915
13.14
11.669
11.321
8.0922
4.6949
0.65329
-5.4042
-10.488
-15.126
-18.75
-19.01
-17.554
-14.407
-10.846
-6.4526
0.1421
6.494
10.384
13.743
18.291
20.05
20.002
17.163
12.794
8.8376
3.6736
-1.7253
-6.196
-8.7097
-11.248
-12.161
-10.005
-8.1288
-4.5874
0.60772
5.6192
9.9609
12.862
13.122
10.456
4.9391
0.42018
-4.5994
-7.6428
-10.535
-10.537
-8.9896
-5.4009
-1.7412
3.3927
8.7917
12.653
14.76
14.102
10.661
6.3596
1.5544
-3.5078
-7.3342
-9.2273
-10.141
-9.6252
-10.124
-10.347
-8.2466
-6.7133
-3.8838
-0.50684
1.6131
4.8586
6.475
8.9712
10.098
9.9422
7.4489
4.6103
0.027884
-3.606
-6.8593
-8.8969
-10.86
-12.895
-14.207
-14.409
-16.195
-16.95
-16.613
-16.212
-13.2
-9.6274
-6.68
-3.1487
-1.0431
1.3786
2.1386
3.1761
3.8669
4.0392
4.3542
5.063
6.7326
6.7242
3.5729
-1.1319
-5.2289
-7.6445
-10.538
-11.861
-14.031
-14.986
-14.174
-12.6
-9.9308
-5.5655
-0.97728
2.725
7.1674
12.007
15.301
15.927
13.593
11.037
6.8376
0.12774
-6.6207
-12.245
-16.511
-19.201
-18.526
-15.629
-10.171
-3.0546
6.0279
14.131
18.13
18.4
15.131
11.086
6.7532
2.7155
-1.3486
-3.8347
-4.9338
-4.0119
-0.51646
2.2592
6.1555
10.075
13.114
14.384
13.214
10.363
6.8087
2.5674
-1.2787
-4.7927
-7.7489
-9.547
-10.071
-7.8187
-3.9944
-0.62973
4.598
8.0657
10.349
10.621
9.1712
7.0522
3.9282
-0.074527
-4.4556
-6.8646
-10.115
-12.513
-13.805
-13.08
-12.977
-11.783
-9.9927
-5.7669
-1.7117
2.8735
6.2934
8.1065
9.11
9.6806
9.6019
8.2409
3.9016
1.7861
-1.4456
-5.7596
-8.792
-11.415
-13.082
-14.569
-15.518
-15.833
-15.535
-16.487
-16.861
-16.524
-14.703
-11.76
-6.6231
-0.34771
5.6359
11.122
13.762
13.561
13.195
14.203
14.096
13.042
11.608
10.227
7.8072
3.6737
-0.21759
-3.7785
-6.8894
-7.9961
-8.5954
-7.5943
-5.2237
-3.206
-2.1569
0.54824
3.3751
6.2606
7.5406
7.2734
5.6033
4.9074
4.7506
4.4117
2.8169
1.4717
1.1311
1.1208
3.1448
3.4514
3.58
4.155
3.1528
-0.10755
-3.9006
-7.0926
-8.7864
-9.1654
-7.6386
-3.8902
-0.40582
1.2759
0.93529
2.6677
3.4492
3.1888
1.5528
2.0397
3.0385
3.8585
3.1187
2.1781
3.336
3.9528
2.2061
1.5956
1.4663
1.0863
-0.080252
-0.23158
1.173
1.7584
1.9346
2.8985
3.0996
3.272
3.2812
3.0452
2.0416
1.5085
1.9995
1.9703
2.33
3.1803
3.3916
3.2794
4.7182
4.648
3.2049
1.9053
-0.031383
-2.1588
-4.595
-8.7509
-12.42
-16.905
-18.909
-18.622
-16.267
-13.255
-8.2014
-3.2241
3.6336
11.42
17.699
22.523
28.696
32.863
35.379
34.771
31.263
25.381
17.889
8.2595
-1.3455
-8.3607
-13.391
-16.722
-19.382
-18.608
-17.643
-13.448
-8.251
-2.2668
2.9935
8.3675
11.863
14.045
13.08
10.458
6.0736
0.53564
-6.7278
-9.9502
-11.585
-10.538
-6.1236
-1.4643
1.596
4.9681
7.7136
9.3443
8.97
7.1782
4.1429
0.089535
-3.5429
-4.3644
-5.5322
-3.9285
-3.1206
-1.9554
0.16113
2.4223
4.5349
6.6521
8.1614
7.5726
6.7956
5.6593
3.7836
1.8139
-0.035802
-1.4325
-3.4742
-5.4767
-7.1359
-6.6824
-6.5518
-7.3744
-8.4135
-6.9739
-4.3802
-2.4962
0.74997
4.0602
7.1242
11.116
14.221
15.226
16.127
14.699
12.028
8.3723
5.8386
4.919
3.637
1.3654
-1.2822
-3.8073
-5.0786
-5.5928
-6.9926
-7.8414
-8.624
-8.4944
-8.2934
-11.125
-12.556
-12.15
-11.412
-9.3072
-6.4351
-1.9697
2.4571
7.1057
10.37
10.535
7.531
3.333
-1.7495
-5.8076
-10.969
-13.392
-14.606
-13.334
-11.133
-6.8662
-2.9061
0.55088
4.0555
8.1408
12.26
15.43
14.491
11.717
7.3108
0.54804
-5.8998
-10.466
-12.776
-12.856
-11.512
-9.2048
-6.8994
-2.709
0.52216
3.1232
3.8623
2.5408
0.077189
-2.4569
-3.076
-2.3529
-1.2329
-1.4775
-1.4391
-0.77024
-0.81135
-1.6371
-1.8832
-1.5622
-2.6755
-3.0548
-2.5063
-3.628
-4.0409
-3.4246
-2.0071
-0.88467
0.45682
4.0195
7.4748
11.448
14.045
15.05
14.696
12.443
10.202
8.6346
5.6086
2.9529
0.56837
-1.0667
-2.8312
-4.0459
-5.9321
-8.4233
-9.3952
-10.081
-10.18
-9.349
-7.0632
-4.2525
-3.2431
-1.1649
-1.5695
-2.0089
-1.9981
-2.9784
-3.827
-5.7508
-6.3666
-6.7944
-5.3549
-3.5275
-1.9374
-0.60407
-0.41902
-1.0822
-1.4189
-1.8091
-3.1026
-3.2942
-5.7743
-6.5289
-5.8627
-5.5221
-5.5551
-6.6012
-7.4993
-7.013
-5.0909
-3.569
-1.2436
0.092415
2.2678
2.0652
0.83829
-0.46764
-0.19463
0.74014
0.89519
1.8177
1.8117
1.7465
2.6198
3.3394
3.0012
2.0585
0.76251
-0.41709
-0.64717
0.03601
1.6216
3.5969
5.2907
6.6504
6.8816
7.2806
4.4108
1.0243
-1.2654
-2.3341
-3.1881
-3.9633
-3.4474
-2.7727
-1.5578
-0.18775
0.2352
-0.84079
-0.29677
0.44186
1.3298
3.54
5.1848
6.9256
9.0138
9.2004
10.056
11.762
12.394
11.589
10.732
10.145
9.6397
9.0536
8.25
7.0726
3.43
0.58736
-0.90471
-2.2786
-2.4843
-1.2337
-0.80008
1.5374
2.6577
2.7765
2.159
2.1612
1.6274
0.51985
-0.39999
-2.0232
-2.1159
-2.1981
-1.0235
0.34663
2.8163
4.0647
3.8207
5.0605
5.7392
7.0054
7.554
7.3104
6.301
5.7759
4.9617
5.0091
4.0148
0.71651
-2.8689
-7.7269
-12.184
-15.48
-18.061
-18.112
-16.599
-13.066
-8.3397
-5.1837
-3.0474
-0.37592
1.7747
4.3477
6.0234
6.1548
5.6892
5.718
8.1581
10.232
11.157
9.2572
5.7073
1.2619
-1.5505
-3.5454
-3.4657
-3.7516
-1.1886
0.50318
3.2724
3.5823
2.6519
2.7875
2.3703
1.8118
0.46025
-0.98319
-3.458
-4.4122
-3.2624
-2.5868
-1.7939
-1.1083
-0.999
0.10607
0.67715
2.3741
4.4487
5.8053
5.9533
5.8628
5.6992
5.412
4.997
2.5415
0.88929
-1.2573
-4.1632
-5.2056
-6.5232
-8.2453
-10.324
-11.649
-11.252
-8.7225
-6.6894
-4.4389
-2.9477
-0.10762
2.5648
5.7024
7.5083
8.031
7.0843
4.1317
2.2066
1.3439
1.7222
1.7735
1.5344
-0.31522
-1.5403
-2.6974
-3.7508
-5.89
-8.1154
-8.1804
-6.3163
-2.5054
0.42933
2.6441
3.9498
4.7296
4.6175
5.1855
6.1055
7.5505
7.901
6.8202
5.9147
4.5306
5.0984
5.953
7.0455
6.5436
4.588
0.67242
-2.2528
-3.5156
-4.8919
-5.3057
-4.305
-2.3727
-2.5874
-2.9251
-3.29
-3.0835
-2.2043
-0.22951
2.2771
3.8605
3.2162
3.4948
3.6289
1.5035
-0.41958
-1.4571
-0.43895
1.2451
2.6563
4.7602
6.2332
6.3894
6.8874
5.9905
4.0875
0.20259
-4.5342
-7.7697
-8.8695
-8.6023
-5.7728
-3.0905
-0.51544
0.2678
1.0132
0.99121
1.4724
2.3388
2.3847
1.2264
-1.7888
-4.1808
-5.6164
-6.1479
-5.8085
-4.738
-2.2189
0.20786
2.2927
3.6142
5.7689
8.2338
9.7248
9.8187
7.7918
6.1348
3.6019
2.5808
3.3259
5.0549
7.7575
10.448
10.565
10.783
9.2016
7.9816
5.5824
2.6627
-1.471
-5.6106
-8.6163
-11.526
-13.514
-13.81
-13.394
-11.902
-8.2621
-5.8145
-4.2371
-4.0139
-2.1015
0.64142
4.0629
8.7236
13.072
15.146
16.064
15.54
15.067
12.806
9.3249
5.6752
0.88286
-4.2967
-11.009
-16.245
-19.702
-21.461
-21.25
-20.608
-17.478
-13.565
-7.4353
-1.1472
5.4677
11.275
14.774
16.003
16.208
14.364
8.8837
1.5939
-6.6065
-12.82
-18.077
-20.645
-19.644
-15.457
-9.8892
-3.647
2.8022
8.4335
11.412
10.613
8.3389
3.6735
-1.8841
-7.8533
-13.855
-17.359
-17.164
-14.499
-8.7021
-1.9657
4.3727
9.7191
12.749
12.382
11.017
8.7415
4.3528
0.90973
-0.5546
-2.524
-4.272
-5.0278
-6.253
-5.2975
-3.0738
-1.3737
-0.044065
-0.066874
-0.16487
-1.0569
-3.1539
-4.9469
-5.8994
-6.2172
-4.6583
-3.6626
-2.2269
-0.12989
1.4898
3.5189
8.2589
12.26
15.111
16.948
18.311
19.017
17.869
15.124
11.358
7.8179
3.6512
0.36954
-4.6376
-8.4489
-9.8685
-10.737
-11.156
-10.674
-9.879
-8.2421
-6.227
-2.8684
0.33667
3.3367
6.2247
8.5191
9.9335
9.1996
6.88
4.0581
-0.0039079
-4.44
-9.1846
-12.986
-15.556
-17.022
-17.927
-17.367
-15.116
-11.747
-8.0749
-5.2213
-1.3269
2.011
4.8822
6.2808
7.1227
7.4722
5.8481
5.0045
3.7905
2.633
1.0964
-0.30977
-1.2657
-3.0892
-4.3522
-4.8864
-4.8893
-2.9257
-0.11812
4.1438
7.5444
8.2248
7.0969
3.4914
-1.5366
-3.4097
-4.0693
-3.5602
-1.6371
-0.65696
-1.2325
-0.53656
-0.43473
0.27469
2.2215
2.6222
3.6197
5.4765
8.8628
10.398
11.925
12.832
12.592
11.802
10.775
8.4977
4.4049
0.17034
-2.3166
-3.9922
-5.3978
-7.6568
-10.453
-11.65
-11.245
-11.024
-11.174
-9.7715
-8.7687
-7.9598
-5.7635
-2.2087
1.6513
5.6469
9.4571
12.108
14.867
16.941
17.34
17.93
14.786
11.189
9.0812
6.3404
3.0381
1.0966
-0.85461
-2.8322
-4.8481
-7.3094
-9.0899
-10.106
-11.494
-11.538
-10.567
-10.779
-9.314
-6.55
-2.3091
2.4444
7.2453
11.09
13.42
14.045
14.216
12.779
11.354
8.2473
5.5896
2.8579
0.51473
-2.4573
-3.9728
-4.5443
-4.6153
-3.1125
-1.1394
0.48146
-0.21979
-0.73941
-2.5396
-4.0522
-4.1336
-2.9755
-0.037365
4.0814
6.7398
8.2848
7.7383
5.7521
0.60643
-5.7447
-9.8038
-10.566
-8.1516
-5.878
-3.6476
-0.57218
1.5287
4.8905
8.501
11.856
14.841
14.709
12.386
10.281
6.4546
2.1463
-3.5635
-7.4085
-11.673
-13.684
-14.396
-15.264
-15.01
-14.17
-10.807
-6.8539
-3.189
1.778
4.4635
6.2131
6.5716
6.1389
4.5095
4.1052
4.371
3.9138
4.7988
3.1754
1.4095
-1.044
-2.8128
-3.4868
-2.6013
-0.84666
1.2853
4.7325
9.6475
12.774
13.952
13.859
14.68
14.585
13.605
11.335
7.8151
2.7814
-3.6271
-8.5395
-13.23
-15.319
-15.116
-15.548
-15.666
-13.357
-11.037
-7.9288
-4.1583
-0.3898
4.3283
9.5096
14.713
18.482
20.722
20.691
17.063
11.611
4.668
-1.644
-6.5564
-10.727
-13.824
-14.488
-11.992
-8.1275
-3.7419
0.76101
4.7742
6.8603
6.9642
6.1953
5.0253
2.1519
-0.58251
-2.4668
-4.8117
-6.1189
-5.646
-3.3491
0.081151
2.0497
2.2026
1.2497
1.0943
1.148
-1.061
-1.7094
-4.896
-8.0364
-10.2
-11.06
-11.083
-10.18
-6.8262
-2.5164
1.833
3.9552
4.9201
5.5221
5.5807
4.568
4.1028
3.6166
1.9168
0.41605
-3.6979
-9.265
-12.209
-15.244
-14.386
-14.028
-11.299
-8.1025
-4.5543
-1.408
1.5615
3.3924
3.7295
4.1577
5.1653
6.6161
5.9788
5.2459
3.6801
1.3755
-0.72762
-2.0482
-3.0531
-2.418
-0.92684
1.3611
5.8382
9.8083
13.142
15.343
16.88
18.686
19.735
19.773
17.506
15.452
11.698
7.8829
4.3667
0.9317
-1.7116
-3.2207
-3.5686
-4.9175
-7.0006
-8.8745
-9.9285
-8.5936
-6.6215
-4.2185
-2.4271
0.42488
3.1372
3.3748
4.7268
6.3972
6.2404
4.7916
2.3051
-1.0069
-2.6426
-4.6325
-5.1329
-4.4071
-4.2242
-5.2745
-5.9058
-6.8892
-7.0875
-7.6365
-7.6734
-6.656
-4.9404
-0.93747
2.5229
5.5967
6.2101
8.0619
6.4798
4.0857
0.892
-3.3105
-5.5685
-6.9626
-7.291
-5.47
-2.652
0.56916
5.0896
8.4073
10.094
11.103
10.733
9.0497
6.554
2.8099
-0.37236
-1.8888
-2.4742
-0.99795
0.19539
1.9564
1.6235
0.60298
-0.18187
-2.054
-4.2466
-7.5386
-10.533
-13.725
-16.827
-16.118
-13.958
-10.908
-6.5056
-3.013
-0.72308
2.8059
6.5932
9.0351
10.953
11.631
11.633
10.762
8.8603
5.4592
1.928
0.45043
-1.4115
-1.7305
-0.077614
2.2145
3.4325
2.495
1.1287
-0.9189
-5.0989
-8.3998
-11.938
-14.536
-14.737
-13.158
-11.016
-8.9916
-6.4896
-3.1249
-1.1235
1.6825
2.9116
3.9962
2.5869
-0.26267
-2.7283
-8.4966
-14.129
-17.749
-18.143
-16.322
-13.74
-10.469
-5.3202
-0.18354
5.4894
10.874
13.723
13.845
10.833
8.0577
4.0774
-0.14718
-4.4682
-7.8347
-8.4793
-8.1201
-5.7359
-2.6686
0.73969
3.6852
6.441
6.6322
3.9706
1.0468
-1.7897
-4.8008
-7.3163
-7.6727
-6.3981
-4.4052
-0.30515
3.7201
7.0655
10.096
12.032
12.721
12.352
10.321
5.1599
-1.1936
-7.826
-14.149
-18.299
-20.449
-20.234
-20.141
-17.298
-12.964
-8.1316
-3.1697
3.3929
10.015
14.756
14.873
14.281
11.86
9.0303
4.0314
-1.2952
-4.8613
-8.7017
-12.534
-14.416
-15.069
-16.127
-15.909
-15.776
-13.987
-11.068
-6.1365
0.85982
7.0168
12.519
16.102
20.484
23.091
23.842
23.215
20.664
16.794
12.238
7.0492
1.8857
-2.513
-5.7599
-7.8511
-11.558
-14.099
-15.029
-16.541
-16.898
-16.152
-13.329
-8.6261
-4.0198
1.2108
4.5954
7.4033
9.5128
11.272
10.43
7.3735
3.6648
0.78942
-1.0443
-2.9078
-2.1175
-1.7127
-1.2241
-2.2552
-2.6942
-2.7501
-1.9487
-2.6159
-2.9501
-2.8855
-1.6234
0.26353
2.5239
2.1094
0.28154
0.14289
-0.6361
-0.62286
-0.96489
-2.1792
-1.7124
0.3516
2.8698
5.1878
5.8922
6.3501
6.2853
5.6594
4.0106
2.7743
-0.15819
-4.5243
-8.2596
-10.814
-11.208
-12.845
-12.876
-11.539
-9.7374
-5.5897
-0.80382
3.5899
5.8436
6.8507
7.6347
6.6357
4.0091
0.53109
-2.8803
-6.2518
-9.7454
-10.65
-10.352
-9.4949
-8.2893
-7.2374
-3.8985
-1.1975
1.9191
4.3746
5.6821
5.1439
3.1215
0.27985
-3.8749
-7.8874
-11.321
-14.982
-17.274
-19.094
-19.909
-20.05
-18.75
-16.795
-12.385
-6.6557
0.038745
6.0854
10.1
12.089
12.847
12.967
12.233
10.99
9.8869
8.9831
8.1478
5.68
3.0217
-1.1387
-4.512
-8.8304
-11.625
-12.872
-12.459
-12.558
-11.007
-9.4693
-6.7776
-5.495
-2.3387
1.7381
5.5424
8.0181
8.3761
5.6062
2.3187
-2.9514
-9.6573
-13.869
-17.14
-17.72
-13.824
-8.8041
-0.31461
8.8354
14.573
18.009
18.364
15.515
11.289
5.0636
-1.8884
-8.2504
-11.378
-13.058
-12.954
-11.366
-8.1404
-4.2655
0.66057
5.095
7.7177
10.064
11.08
10.001
7.95
5.0688
3.3888
-0.31635
-4.7093
-10.604
-15.712
-17.785
-18.405
-18.784
-17.892
-15.141
-11.913
-8.3231
-5.7463
-4.3843
-3.3913
-1.7299
-0.21857
1.7046
4.3662
6.1752
6.8562
6.6012
6.158
5.2373
4.7182
3.5379
2.4446
0.90849
-0.85699
-2.2525
-2.7164
-2.8897
-1.9989
-2.3762
-4.0238
-7.4169
-10.378
-12.202
-13.841
-15.545
-15.817
-14.217
-12.672
-10.112
-7.4855
-4.7229
-3.4199
-1.4265
0.87046
3.1303
4.848
4.8909
5.9361
5.882
6.1823
6.3568
7.2119
5.5053
3.0117
-0.24553
-2.7694
-5.7099
-8.9695
-11.009
-10.315
-9.469
-6.9581
-5.4682
-2.5939
-0.83653
0.39379
0.036965
-0.24876
-1.3966
-2.7395
-3.9504
-4.2685
-3.6127
-3.3131
-3.1068
-2.5583
-0.030678
2.0355
2.2598
1.8377
-1.1316
-2.1953
-3.6039
-3.6931
-3.701
-1.9258
-1.7042
-1.0602
-1.0304
-1.4061
-2.2265
-2.6088
-2.7374
-4.2253
-4.8454
-3.603
-2.3882
-1.5231
-0.86515
-0.23879
0.019692
1.2183
1.9846
2.4228
4.1419
5.9294
5.5086
4.4325
2.7516
2.5238
3.5145
5.7963
7.7735
9.0906
10.087
8.1435
5.1982
3.566
3.1805
2.0305
0.15603
-1.1539
-2.5062
-2.5327
-3.2125
-2.7016
-2.5139
-2.2113
-2.2866
-4.1004
-5.7566
-7.3002
-7.1359
-7.1771
-5.8177
-5.1486
-5.0717
-4.0449
-2.9561
-1.159
0.25581
2.1577
3.8355
5.7219
6.7276
5.3487
3.5502
3.1885
2.0189
2.0389
1.5161
-0.76656
-2.4794
-3.6511
-3.0321
-1.004
0.73681
0.29049
0.85887
1.6696
0.23587
-0.099293
1.464
1.8946
1.2808
1.9933
3.6008
4.483
4.3228
3.2055
0.14627
-1.6392
-2.9414
-4.0863
-4.8075
-5.0669
-6.2963
-5.5694
-4.3052
-4.259
-3.3366
-1.8103
-0.4081
-0.15919
-1.7337
-3.1212
-3.7244
-4.2291
-3.9936
-1.2973
1.2067
4.4471
5.6568
6.9878
6.7883
4.2997
2.0581
-1.3498
-3.6789
-6.4251
-8.4423
-8.9957
-7.709
-7.131
-6.5379
-5.3654
-4.1959
-3.9922
-2.1658
-1.4899
-1.9802
-1.1406
0.2696
2.5139
3.1803
2.7408
1.696
-1.088
-4.4592
-6.4851
-8.4627
-11.478
-15.787
-18.178
-19.559
-20.741
-21.171
-20.883
-18.198
-14.707
-10.87
-6.9548
-3.439
-0.60958
1.0319
2.4776
1.4353
-0.75299
-1.855
-3.1147
-5.2048
-7.3808
-7.6992
-6.2003
-3.7709
-0.82331
2.0678
4.5555
6.2783
7.0685
8.8174
11.191
10.983
9.6358
8.2726
6.7829
5.6816
2.236
-2.9017
-7.8671
-10.367
-11.21
-10.248
-7.2031
-4.2455
-2.4714
-0.61555
1.375
1.3423
-0.070529
-0.81962
-0.55755
1.1461
2.1406
1.6801
-0.325
-2.8219
-5.6319
-9.1092
-10.326
-11.887
-12.384
-11.474
-9.6149
-5.6416
-1.3862
4.5373
7.2995
8.6327
6.9507
5.0463
2.3028
-0.89796
-5.0483
-10.91
-14.496
-16.787
-20.143
-21.528
-18.675
-14.218
-8.4075
-2.2801
5.7251
13.635
20.264
24.713
28.252
29.739
27.494
24.457
19.624
15.369
10.434
7.9808
5.6329
3.0677
1.328
-0.063206
-1.481
-3.2907
-4.9589
-8.0576
-8.9091
-9.5438
-8.15
-7.0635
-8.2219
-8.2773
-7.5996
-5.5763
-3.2995
-0.48415
2.6952
6.0215
9.3535
10.703
11.026
12.262
12.001
11.369
7.8715
3.8113
-0.095181
-3.5122
-6.9089
-9.3103
-10.694
-9.8001
-6.7713
-3.8909
-2.8394
-1.8298
-0.32917
1.1936
1.6755
1.481
-0.0059228
-1.3884
-2.5304
-3.6131
-4.7315
-3.3298
-2.3322
1.0451
5.1437
8.7747
10.557
11.1
9.1857
3.1112
-2.5355
-7.3846
-11.957
-12.754
-13.093
-11.735
-10.469
-7.4253
-3.1552
-0.11914
3.973
6.8029
5.9029
3.4043
0.79925
-4.0961
-8.7494
-11.506
-12.894
-12.409
-9.6717
-3.796
2.0981
9.2053
15.679
19.057
19.246
16.845
14.552
12.403
8.7055
4.74
-0.36315
-6.2745
-11.132
-13.305
-15.52
-16.501
-16.919
-15.247
-12.917
-8.5382
-4.4319
0.25887
5.0248
10.002
14.187
18.34
22.222
22.973
22.12
19.067
14.025
8.5431
3.57
-2.4919
-6.0299
-7.408
-8.369
-8.9481
-10.539
-13.232
-15.581
-16.096
-17.927
-18.642
-16.818
-14.919
-12.905
-8.5748
-3.9859
2.1915
8.1446
13.371
15.768
19.27
19.478
17.177
12.976
8.7941
3.3844
-2.3668
-6.5349
-9.8119
-12.09
-13.437
-11.742
-9.8618
-4.8081
-1.2012
1.9549
4.132
3.4229
-0.87936
-3.5969
-6.0887
-6.7844
-8.5963
-9.7983
-8.8159
-5.7281
-1.4864
3.5512
7.1867
9.7359
8.2669
4.5047
-0.54462
-3.7784
-4.8129
-5.0295
-4.4061
-2.5168
-0.60235
0.43972
1.7484
3.8824
3.8721
1.5873
-0.14591
-2.5302
-5.4589
-6.9293
-6.8486
-5.7073
-5.1159
-4.6494
-2.7093
-2.3436
-3.0149
-1.866
0.3108
1.2745
0.41515
0.98801
0.9721
1.1168
1.7192
1.6612
2.2745
2.5482
2.2623
2.0456
1.4484
2.1665
2.9895
2.9167
1.6844
-0.0075602
-0.1137
0.30669
-0.15801
-1.1535
-3.0043
-5.0308
-6.2109
-6.5094
-5.629
-3.5385
-2.0648
0.13829
2.0491
3.364
3.4738
2.2331
1.675
0.25786
-1.1035
-2.8257
-4.849
-6.7773
-8.0168
-7.5145
-4.8905
-2.4404
-0.77714
0.8697
1.6155
2.6759
2.8587
0.78588
-2.0023
-4.7672
-7.9328
-9.3581
-9.5641
-9.9445
-9.4237
-7.4883
-4.109
-0.60156
2.8583
6.1577
7.4946
6.5156
5.823
5.9521
4.4522
1.8641
-1.7715
-4.6905
-6.4292
-6.0635
-3.4231
-0.27371
3.2852
7.6064
10.599
13.063
12.732
10.768
7.4157
3.4763
0.60243
-1.6379
-4.2389
-3.4925
-2.7629
-2.3182
-2.2079
0.50701
4.2811
7.4175
8.1301
6.4306
3.3602
0.62446
-2.5933
-4.6734
-7.1698
-8.5924
-10.258
-10.369
-8.5578
-7.8101
-6.5456
-4.71
-1.9372
-1.0257
-0.56831
-0.88385
-0.94986
-1.1177
-2.0423
-4.0522
-6.806
-8.5682
-9.9414
-10.484
-9.3558
-8.2653
-8.2353
-8.1875
-7.3483
-7.967
-8.4315
-8.8096
-9.0013
-8.9075
-8.1285
-8.0818
-7.0677
-6.0172
-5.9595
-4.3909
-1.6119
0.76193
1.593
0.63939
-0.25408
-0.70395
-1.6931
-2.7419
-2.6257
-2.7262
-1.8011
-2.2632
-3.8802
-4.6379
-4.8647
-4.8038
-4.1971
-3.5696
-1.8786
-0.77979
-0.42442
-1.1096
-1.4939
-0.64179
-0.30198
-0.04161
-1.4778
-3.2452
-2.9622
-3.6219
-4.0278
-3.9912
-4.7357
-4.3315
-2.8074
-2.1251
-1.9778
-0.86244
0.33365
3.5181
6.1515
7.695
8.2813
8.0996
8.1568
8.3138
8.8255
8.5178
7.7993
8.0526
6.5898
3.4455
-0.87739
-4.7411
-8.8091
-11.888
-11.292
-9.4309
-7.5184
-3.5896
2.3255
7.8339
14.885
21.344
24.804
26.629
25.804
24.47
22.643
20.766
16.372
10.483
3.7732
-2.2502
-7.9104
-11.211
-12.782
-14.9
-18.459
-19.588
-19.122
-17.169
-15.131
-12.957
-8.2908
-2.9431
1.1394
4.2456
6.395
8.1314
10.199
12.097
13.74
14.599
14.791
13.622
11.233
10.65
8.5463
6.0228
3.3051
-1.702
-4.5419
-8.0547
-9.7153
-10.856
-10.14
-9.8103
-9.8898
-7.8956
-5.3096
-3.2224
-1.6645
0.48425
2.5795
4.0069
3.6136
2.6315
1.3911
-1.2562
-2.7097
-3.5388
-5.2757
-5.3238
-4.8237
-2.6014
-2.0095
0.47276
2.277
3.9079
3.8065
1.9808
-0.20652
-0.84463
1.0251
1.7497
1.8467
4.04
4.2286
3.7994
3.2383
2.7034
1.4991
-1.8556
-4.6819
-7.628
-9.6093
-9.3154
-9.6749
-7.8144
-5.7561
-4.3287
-3.7069
-3.4955
-3.0496
-3.1483
-3.956
-3.8063
-3.8634
-3.2853
-3.5335
-5.817
-7.153
-6.7025
-6.8957
-6.391
-5.9288
-4.5106
-1.6432
1.0202
4.0447
6.8669
7.9681
9.169
6.9517
3.0557
-0.79937
-4.23
-6.9247
-10.584
-11.554
-16.22
-20.218
-21.348
-20.223
-16.097
-13.32
-10.611
-8.4583
-6.9321
-4.839
-1.4035
0.30556
1.6223
2.0928
0.31826
-2.3583
-2.2528
-2.9288
-3.9468
-5.883
-5.6442
-3.8718
-0.97683
0.1322
0.16135
0.047057
0.13006
0.12375
1.698
3.1798
3.9955
5.1061
5.2117
4.7102
4.9066
3.8735
3.9853
2.3795
-0.10521
-1.9938
-1.9029
-2.6065
-3.6649
-3.2647
-2.4539
-2.1125
-1.6975
-0.43602
1.4492
4.0226
6.4356
7.8983
8.4496
9.4678
9.0364
6.9121
3.3001
0.60726
-1.2107
-3.6388
-5.1723
-5.5746
-5.079
-4.0477
-2.866
-1.8649
0.1259
2.2295
4.2594
5.0136
3.8789
2.0917
-2.9959
-8.021
-11.192
-12.196
-10.671
-7.22
-2.0606
0.73215
3.8717
8.5441
11.58
13.508
13.356
12.584
11.324
11.921
12.433
11.161
8.339
7.8938
5.0948
2.5893
-1.0374
-3.1245
-3.6835
-3.4713
-3.422
-4.1539
-5.414
-6.8308
-6.4316
-4.1236
-1.6142
1.2714
4.3243
7.1863
10.368
13.434
15.384
16.411
16.593
15.773
13.737
13.651
14.019
13.231
11.572
9.9968
6.5397
3.3748
-1.3076
-4.0203
-5.2673
-6.5232
-7.5882
-7.5086
-7.2972
-7.6566
-5.9853
-4.7264
-3.7482
-0.97908
1.5665
3.6512
5.1268
4.809
4.5659
5.2995
6.2825
7.5284
6.7154
3.727
0.91701
-2.9527
-3.3964
-2.5713
-2.4162
-0.78408
-0.047329
-1.8342
-4.0104
-3.6921
-3.0806
-3.0383
-2.2792
-0.60474
-0.10832
0.54014
0.58951
0.21776
0.42442
0.56182
0.51701
1.2541
1.4173
0.91007
1.2749
2.6082
2.8473
2.8717
2.4505
1.7683
0.37067
-1.8303
-3.5509
-4.5516
-4.5927
-3.9009
-2.7191
-3.0425
-1.4756
0.35877
2.6792
4.4509
4.7429
3.7966
4.0997
3.2549
3.0595
1.6282
0.053853
-0.84062
-1.9948
-3.481
-4.7592
-5.6999
-7.1517
-7.0548
-5.6405
-3.7226
-2.4926
-1.3719
-1.2829
-1.1356
-0.67428
0.42611
1.4508
2.7894
3.1105
1.7633
0.89307
0.32381
1.8583
5.26
7.2196
9.9795
12.901
13.717
12.168
9.0589
5.7984
2.2017
-2.4748
-6.0299
-8.5729
-11.022
-11.816
-12.976
-12.848
-10.612
-6.6128
-3.3383
0.54968
3.9638
6.6518
9.1163
10.542
12.123
11.236
8.9352
4.0635
-1.6715
-7.2007
-10.978
-11.68
-12.946
-11.535
-8.9112
-5.5973
-4.2305
-4.1781
-4.1189
-2.1732
-0.18222
1.7097
3.4078
4.2123
4.945
5.4538
5.1157
2.9713
-0.11121
-2.2671
-4.0856
-4.6463
-5.1357
-4.023
-2.9089
-2.8331
-2.7034
-3.2863
-2.9674
-2.7746
-2.86
-3.5615
-3.4659
-4.6467
-5.7336
-6.7879
-6.0307
-4.6999
-3.6453
-2.4155
-1.9749
-2.0948
-1.3237
0.85424
1.9225
3.7219
6.1158
7.7903
7.548
5.8846
4.9326
5.5241
5.2653
3.2387
1.8897
-1.036
-2.914
-3.7904
-3.6365
-5.2909
-6.9925
-7.6471
-10.076
-12.551
-15.216
-14.212
-13.713
-12.534
-8.6948
-6.0505
-3.0252
-0.52653
2.6868
4.2471
5.5667
6.8425
7.0959
7.3692
7.3492
5.2549
4.8273
4.1514
2.5618
-1.6052
-6.7089
-10.956
-14.25
-17.488
-19.583
-18.861
-17.152
-13.259
-8.3411
0.0057003
8.9916
14.07
15.774
14.998
11.546
5.7538
1.3107
-0.7686
-1.7928
-2.772
-1.4387
-0.84149
0.72357
2.8958
4.5369
6.3813
7.8775
7.7437
5.3052
1.7007
-2.3998
-6.4374
-10.476
-10.928
-9.6859
-7.4937
-4.0652
0.43249
4.1072
7.7975
9.5488
11.268
10.187
7.7943
5.6825
3.3627
0.82631
-1.561
-4.2465
-8.4673
-11.642
-12.238
-10.198
-6.3685
-2.128
3.3399
7.0617
9.1583
10.35
10.378
9.1861
6.7087
4.364
3.9331
1.9752
1.8782
1.7539
0.58499
1.1519
2.2976
3.617
5.45
7.4176
8.9677
9.7799
8.8212
5.8402
4.9878
5.11
4.0051
2.6732
0.50918
-2.4002
-2.071
-1.9409
-2.2848
-3.2719
-3.5147
-5.2726
-6.1784
-7.751
-9.0142
-9.3132
-8.6717
-6.5458
-3.0514
1.2816
5.4946
8.975
10.054
9.5608
5.8398
1.4413
-3.685
-8.0333
-10.271
-10.58
-8.9044
-7.8836
-6.5662
-4.3991
-2.2136
-1.1285
-2.3041
-2.5306
-3.4643
-4.416
-7.0726
-6.9604
-5.2105
-3.5391
-1.7944
1.9562
6.7263
9.2776
9.7429
8.7551
7.5354
4.7539
1.4505
-1.466
-2.7505
-4.5369
-5.2585
-4.5978
-3.2047
-0.70204
0.82685
1.011
2.4304
3.4773
4.4909
5.185
4.2778
2.5587
0.28122
-1.9635
-2.8099
-3.3433
-3.4997
-3.6682
-4.5889
-5.5188
-3.7274
-1.3554
1.46
3.924
5.9558
6.4847
5.7319
5.5356
5.46
3.9612
1.7446
-1.1556
-3.7276
-6.7593
-9.0684
-9.8823
-10.06
-10.616
-12.212
-13.136
-11.428
-8.7612
-5.3521
-3.0995
-0.75292
0.51911
1.4847
2.0857
2.9346
2.6206
2.4295
1.5559
1.8105
2.5249
2.0097
1.2217
-0.11939
-1.6913
-3.5931
-4.5739
-4.0865
-3.0791
-0.14862
2.7309
6.0031
7.649
9.4466
10.858
11.609
10.315
7.1762
3.987
-0.28163
-4.6961
-8.644
-10.011
-10.723
-10.088
-8.1843
-5.7921
-2.438
-0.017852
2.046
3.1905
4.011
1.3118
0.57923
0.99799
1.8332
2.3421
2.7142
3.8985
4.8232
3.164
1.7817
0.41324
-2.9532
-8.036
-11.612
-13.386
-13.611
-12.366
-9.3332
-4.4029
0.96433
6.9235
12.435
17.082
20.135
20.481
19.151
16.725
12.897
9.1117
4.8746
2.8329
0.33061
-4.1913
-9.8918
-13.741
-16.3
-16.328
-16.165
-14.186
-11.385
-6.582
-1.1569
3.1538
6.4626
7.5482
9.1747
9.4973
8.0915
5.8385
4.8115
3.5946
0.11763
-0.96963
-1.0145
-0.13391
1.1758
3.0021
5.8232
6.0775
5.3377
4.0153
0.48396
-4.112
-6.9939
-9.4115
-13.071
-17.53
-20.289
-20.772
-18.279
-13.753
-8.7326
-3.1756
2.6045
6.5405
8.4236
9.9789
11.807
12.643
11.25
9.7373
8.1132
4.132
0.13783
-5.2347
-9.2179
-11.244
-12.631
-11.031
-7.6492
-4.6364
0.84024
4.4054
6.9194
9.5488
10.684
9.819
8.6231
5.8438
3.4682
1.2475
-0.74258
-2.0128
-0.84634
-0.55991
-0.25233
0.79847
-0.18033
0.46756
1.0803
2.0622
3.4759
4.2814
4.7768
3.0099
0.45487
-1.3795
-2.1018
-3.1779
-2.9421
-3.9316
-2.2983
0.7634
4.0204
6.8157
7.6423
7.0737
5.6718
4.6815
2.4588
2.3872
0.91445
-0.38663
-2.5332
-3.8854
-5.8971
-8.3959
-9.6999
-8.4399
-8.5628
-8.7214
-8.9678
-8.1372
-8.6957
-10.933
-13.78
-15.644
-17.762
-17.676
-16.976
-15.709
-14.575
-12.116
-9.0171
-5.2266
-0.99896
3.6062
8.042
11.116
12.272
13.254
14.084
12.412
10.631
9.0364
6.5138
5.343
4.9395
3.202
0.63383
-2.0629
-3.9869
-5.1428
-5.96
-5.3944
-3.922
-1.465
1.8415
6.4974
11.163
14.067
13.59
11.653
8.7272
5.2315
1.793
-1.6486
-6.0405
-8.222
-10.926
-14.137
-14.957
-14.964
-12.78
-8.1091
-2.0167
4.7045
9.1732
11.911
11.319
7.6184
3.3397
-0.9778
-4.3627
-5.5915
-5.6263
-6.2252
-5.3883
-2.8625
-1.7728
-0.8611
1.2072
3.7357
6.2483
6.2739
6.5783
6.8223
2.7342
0.2881
-0.27484
0.37071
0.65934
2.1033
2.9037
3.9778
3.1924
3.5176
2.9772
2.8999
2.7163
1.6562
-0.44036
-1.0533
-1.5916
-2.0657
-2.3813
-1.6375
-2.0006
-3.1774
-3.8177
-3.7576
-2.2058
-0.95654
0.54808
0.50356
0.46882
0.084233
-1.5106
-3.5589
-5.5605
-8.2802
-9.8054
-10.463
-11.161
-11.037
-9.4603
-7.6322
-4.3599
-1.6979
0.50677
2.9888
5.9189
8.9341
11.541
12.816
10.97
7.8639
3.2204
-0.71593
-4.3499
-7.7577
-11.137
-12.836
-14.093
-12.465
-10.025
-5.906
-3.2377
-0.46943
0.51995
0.60527
0.79686
2.4628
2.7604
2.4324
2.3903
0.67468
-1.1953
-3.2024
-3.5441
-3.4934
-4.8711
-6.078
-5.9625
-4.1322
-3.2187
-0.45839
2.543
6.0191
8.2168
10.268
9.7428
8.9772
5.9486
1.9239
-1.2317
-3.125
-4.6177
-4.4097
-4.1104
-5.3758
-6.3667
-4.4876
-2.3932
0.54672
4.0492
7.3324
7.2499
3.2621
-0.16418
-3.0595
-3.401
-2.9027
-3.6439
-5.6837
-7.3153
-7.1633
-5.5066
-3.1284
-1.2861
0.84027
3.6177
7.5831
9.4985
10.312
11.949
11.467
10.442
11.285
10.438
9.3518
8.8952
8.0764
6.5677
5.5437
5.4614
4.8079
3.4744
1.4108
-0.40199
-2.1482
-4.5669
-4.3424
-3.4395
-3.1579
-1.4228
-1.4207
-1.3802
-0.84344
0.18508
0.45818
-0.13315
-0.1533
0.79844
1.589
1.6811
1.8663
0.53869
-2.3899
-4.2669
-6.1736
-7.3153
-6.4184
-6.1503
-5.2383
-4.1266
-1.5511
0.5057
0.83685
1.8084
3.2986
5.0185
5.9468
4.8281
1.437
-2.2901
-6
-8.345
-9.2101
-9.6656
-10.526
-10.18
-7.1065
-4.1295
-1.4482
0.86284
2.1845
2.1597
0.11505
-0.5983
0.10471
1.1723
2.3574
2.826
4.159
5.1132
5.9695
5.1887
3.4562
1.2297
-0.67955
-4.1499
-9.095
-11.434
-11.187
-9.2107
-3.263
2.2351
6.4457
9.7903
10.693
9.8306
8.2274
5.2956
3.4302
2.1335
-0.57672
-0.57263
0.8639
2.9635
6.2167
8.8075
12.376
13.854
15.397
15.461
13.888
12.158
9.4138
4.9162
0.99632
-1.6076
-2.0366
-1.5507
-1.6591
-1.954
-1.2512
0.59819
3.6484
5.0887
5.6266
5.7025
5.4605
4.4855
3.7644
2.7742
0.51271
-1.5053
-2.7644
-3.9394
-5.313
-7.6145
-7.7413
-6.2845
-6.3945
-5.0945
-3.7721
-0.61856
2.8191
2.2804
0.78084
-1.0182
-3.2346
-5.3006
-7.0967
-9.1065
-10.892
-11.831
-10.014
-8.4808
-7.7029
-6.8094
-6.7548
-4.3997
-3.4105
-2.5674
-0.45042
0.88768
2.5906
2.3751
3.3794
3.133
1.1531
1.6629
2.3612
2.1306
2.2609
2.1357
1.7536
-0.22922
-3.3101
-6.011
-8.2618
-10.86
-11.626
-11.029
-7.2948
-3.0222
0.49927
3.699
8.2743
10.036
9.1146
6.9698
4.104
1.0281
-2.0889
-5.3972
-7.363
-7.8654
-5.9908
-3.624
-0.84151
1.5476
3.0914
3.3429
3.0734
4.1916
4.2603
5.2526
