13.331
12.054
8.8756
5.2603
2.5633
-1.6871
-5.7072
-8.0783
-10.732
-11.607
-11.788
-11.684
-11.608
-10.124
-6.333
-1.5734
4.8649
11.196
16.927
20.657
21.927
21.167
16.37
10.026
3.8692
-3.3016
-10.548
-15.524
-20.138
-22.65
-23.554
-21.305
-16.429
-11.498
-4.8433
2.1088
8.2948
14.272
19.946
23.946
25.306
24.328
20.679
14.97
7.2518
-0.64905
-6.6709
-11.395
-14.648
-15.452
-14.835
-12.239
-9.4367
-7.6709
-5.1405
-2.0616
0.42848
2.5607
4.4365
5.9214
6.4239
4.939
3.032
1.1609
-0.2839
-3.0358
-6.531
-9.8705
-14.732
-19.341
-20.356
-19.753
-17.423
-11.154
-5.3816
0.73667
10.376
16.451
20.722
22.431
22.872
21.579
18.64
13.594
7.5029
0.13301
-7.9534
-15.494
-20.642
-24.052
-25.415
-23.308
-19.591
-14.192
-6.2378
1.8194
7.9215
12.634
16.565
18.526
17.873
14.293
11.169
7.2965
2.2834
-0.73695
-4.3628
-8.1546
-11.494
-14.042
-15.782
-15.31
-11.945
-6.0551
-0.62086
4.2395
9.1299
14.002
17.348
16.835
14.435
9.4943
4.811
-0.70121
-6.3396
-12.988
-20.027
-23.994
-25.088
-25.56
-24.338
-20.073
-14.755
-8.4603
-2.292
2.4408
5.9423
7.3186
8.2881
11.358
13.268
14.739
16.927
17.8
16.806
13.967
11.173
8.1324
3.5368
-0.99251
-4.6269
-8.569
-11.351
-12.697
-12.253
-10.233
-7.2883
-1.0027
4.3095
10.494
17.785
22.465
25.793
25.449
23.094
18.307
12.69
5.0012
-3.405
-12
-19.095
-25.361
-29.979
-33.342
-33.119
-31.503
-26.508
-19.609
-10.932
-1.7873
6.4477
13.704
20.237
26.079
29.077
28.256
22.506
13.11
2.3648
-8.4225
-17.379
-24.013
-28.145
-29.435
-29.578
-26.83
-22.209
-15.942
-9.1273
-2.013
6.3965
13.904
20.088
24.446
26.321
26.203
22.719
17.769
11.246
3.8312
-4.3296
-10.244
-15.725
-19.465
-21.583
-21.46
-19.324
-15.652
-10.179
-2.9841
3.1677
8.8856
13.22
15.89
15.588
13.628
9.9548
6.0348
2.3247
-2.104
-6.4265
-10.199
-13.186
-14.757
-14.451
-11.298
-7.5453
-4.3777
-0.66402
4.1969
9.5219
13.85
17.487
18.643
18.43
15.906
10.281
5.3108
0.26442
-5.5851
-13.107
-17.803
-20.777
-21.892
-19.442
-13.622
-8.6544
-2.0309
3.7117
8.2308
11.741
12.17
10.715
5.9315
-0.28323
-6.6231
-12.224
-16.004
-17.143
-15.373
-12.563
-9.9627
-5.2064
-0.82311
3.49
8.251
11.643
12.508
12.142
9.6728
6.4696
2.3387
-1.8393
-3.9333
-5.3086
-5.2764
-4.2771
-3.1881
-1.1968
-0.068286
1.2135
3.5661
6.2035
6.9973
7.1294
6.5686
4.9238
3.1806
1.5335
-0.66803
-3.9566
-7.418
-10.543
-12.8
-14.406
-15.098
-15.677
-16.366
-18.141
-16.831
-14.981
-11.78
-7.6017
-2.7377
2.2108
6.3905
8.2286
8.4173
8.8401
8.9895
8.7471
6.8455
4.6753
2.7584
2.7832
2.9306
4.6555
5.9161
5.9439
3.6484
-0.3827
-3.2225
-5.5113
-7.1348
-7.552
-6.9472
-4.8682
-3.1635
-4.0296
-3.9873
-3.6938
-3.2023
-2.3301
-1.8143
-1.1165
-0.86733
-1.3126
-1.1821
-1.654
-1.9818
-2.5488
-4.5932
-6.3518
-5.8055
-4.8325
-3.7073
-3.3127
-2.574
-1.5063
0.69224
3.3108
4.2721
5.6187
5.6707
6.0246
6.4366
6.2297
6.1218
7.1411
8.4921
9.4052
9.5233
9.3701
7.3061
5.5779
6.4262
8.309
10.014
10.663
11.957
12.745
11.303
9.3
7.2103
3.4016
-1.1117
-5.5012
-8.2189
-10.507
-12.072
-13.243
-11.699
-9.1772
-6.1383
-2.0207
4.0291
10.213
15.662
19.778
21.814
21.977
20.55
19.106
15.275
11.718
6.5532
-1.39
-8.7653
-16.486
-24.089
-29.209
-30.839
-30.625
-27.091
-21.607
-13.74
-3.9393
6.1152
15.17
22.308
26.615
29.321
28.842
24.617
17.691
8.9396
-2.0965
-12.674
-21.379
-27.284
-29.892
-29.841
-26.962
-23.276
-16.235
-8.2967
1.2864
9.6695
17.441
23.204
26.767
25.521
21.564
13.725
6.7617
-0.99885
-4.5993
-6.4596
-8.7603
-10.383
-10.244
-9.649
-7.1425
-3.6184
1.4652
7.6741
13.293
17.82
21.152
20.17
16.766
12.237
5.7787
-0.47117
-5.2329
-8.5184
-12.642
-14.642
-14.514
-14.11
-12.455
-7.7539
-2.6157
2.7975
8.7687
13.952
17.717
19.16
18.704
16.755
13.97
9.8217
3.9355
-2.6923
-8.7963
-12.215
-15.365
-17.087
-17.148
-14.513
-10.273
-4.0801
2.3522
9.1234
15.493
19.878
22.177
23.438
23.704
22.31
21.344
18.061
12.239
6.096
0.97019
-3.9874
-7.8174
-12.383
-17.171
-20.559
-22.988
-23.901
-22.55
-18.851
-12.667
-5.2815
3.8515
12.407
19.846
25.057
28.133
28.634
27.089
23.085
16.683
10.253
2.677
-6.0749
-16.555
-23.233
-28.651
-30.434
-30.55
-27.558
-21.608
-13.773
-4.5964
5.8524
16.079
25.322
32.089
35.311
35.728
32.362
24.637
15.66
6.5243
-3.8043
-12.89
-21.495
-28.275
-32.903
-36.326
-37.209
-36.257
-32.829
-26.69
-17.198
-8.2592
1.0875
9.12
16.267
22.446
25.962
27.59
26.315
21.894
16.331
8.2158
-0.44612
-8.151
-15.297
-19.474
-20.488
-18.943
-14.75
-7.8729
1.5812
11.308
19.276
25.764
30.619
31.825
28.654
23.273
15.192
6.0779
-4.1381
-12.761
-18.773
-22.484
-23.998
-22.977
-20.95
-18.19
-14.695
-9.7036
-5.8481
-1.548
2.7393
6.037
8.6589
9.9122
11.6
12.197
10.232
8.446
5.3561
2.8786
-0.5151
-5.5846
-9.3863
-10.939
-12.908
-13.877
-13.509
-11.733
-7.0618
-1.8068
4.7833
11.494
15.876
18.634
18.164
17.413
15.214
11.396
6.6442
-0.35554
-8.1829
-13.853
-18.472
-21.273
-21.745
-21.659
-19.426
-15.216
-9.2471
-3.7477
2.282
8.7691
13.567
15.578
15.631
15.567
13.254
10.776
6.7322
0.61829
-5.3244
-11.212
-15.232
-18.374
-19.57
-18.531
-14.312
-8.0793
-0.11665
6.2127
13.507
19.429
22.849
23.739
21.239
19.219
15.159
8.8102
1.2568
-6.2623
-12.952
-19.079
-23.328
-22.964
-20.846
-15.401
-9.7846
-2.1856
5.2472
11.763
17.376
22.811
26.678
27.712
26.254
22.302
16.093
7.3743
-2.2508
-12.247
-21.94
-29.336
-33.277
-35.766
-34.112
-29.273
-22.861
-14.683
-3.7063
8.9615
20.597
31.106
40.545
47.347
48.304
43.656
34.714
23.293
9.7616
-4.9223
-19.679
-31.549
-38.628
-41.537
-40.01
-35.357
-29.275
-19.68
-9.2027
0.74977
12.203
20.952
26.744
31.433
34.791
35.182
33.211
28.187
22.289
13.18
2.2446
-8.2882
-17.11
-23.443
-26.603
-25.864
-23.37
-18.395
-11.034
-3.3234
4.0953
11.466
17.177
20.638
21.855
20.485
18.275
15.485
11.513
7.9749
3.4035
-1.8665
-6.3545
-10.11
-13.013
-14.127
-13.211
-9.5531
-4.3343
-1.0855
2.5476
6.6454
10.352
14.31
17.278
19.968
20.144
18.299
15.256
11.664
7.8657
3.9092
-1.8384
-7.144
-12.014
-15.469
-17.077
-15.311
-11.808
-7.0583
-2.8871
-1.185
0.79439
4.1235
7.6515
9.9168
12.28
14.097
14.491
13.663
11.095
7.7287
4.9323
2.3916
-0.59452
-3.6629
-5.5388
-6.1373
-8.0424
-8.8507
-8.0381
-6.1331
-3.4106
-3.0141
-2.9282
-3.5277
-3.4715
-4.2013
-6.0293
-7.3213
-7.5834
-7.5091
-5.9634
-3.819
-2.239
-0.058405
2.6751
5.4211
7.3181
8.9854
9.2888
9.1713
7.7874
6.6523
3.2651
-0.48375
-5.0458
-9.2174
-10.97
-11.066
-9.2698
-7.8164
-6.2755
-4.3275
-1.0742
0.93127
3.328
5.031
5.6582
4.7058
3.0586
1.3119
-0.4107
-1.5874
-3.5155
-4.5292
-4.136
-4.9212
-6.3436
-6.2504
-5.6667
-5.1444
-2.7166
0.6232
6.3246
11.247
16.821
20.809
23.518
23.83
20.419
17.271
11.617
3.914
-3.331
-10.441
-18.044
-23.744
-26.984
-28.299
-27.21
-24.06
-19.691
-12.356
-3.6791
4.6161
12.519
19.151
22.908
23.304
22.411
18.39
13.085
6.5433
0.069201
-6.902
-13.55
-18.887
-21.753
-21.966
-20.218
-18.864
-16.573
-11.732
-7.7958
-3.5015
0.31382
6.6736
15.171
20.619
25.165
27.644
27.502
23.502
15.854
6.2529
-4.3415
-14.91
-22.87
-28.057
-30.282
-29.54
-26.463
-22.016
-14.548
-5.1316
3.5518
12.118
18.266
21.311
21.215
21.75
20.603
18.308
13.019
6.4739
0.79104
-4.826
-10.087
-13.163
-14.952
-15.909
-15.699
-14.373
-9.0293
-2.9811
1.1102
5.6417
11.294
15.848
19.55
20.887
19.763
16.282
13.469
9.1207
4.5053
-1.3071
-5.4217
-7.8363
-10.332
-12.454
-14.017
-14.112
-13.51
-13.181
-11.6
-8.6148
-5.6491
-2.5172
-0.66773
2.7219
6.1971
8.4143
9.9798
9.9191
7.5239
3.6658
0.74578
-2.9164
-5.6117
-7.2385
-8.0053
-9.3492
-9.3426
-6.7465
-4.3253
-1.5233
1.7826
2.7652
4.1128
4.8095
5.8448
6.3934
6.8058
6.3035
6.6219
7.9287
8.3214
7.3105
4.8267
3.0053
1.3862
-0.52612
-1.4861
-0.47417
0.066334
2.8488
5.0105
8.835
14.227
17.054
18.87
18.256
15.038
9.0388
5.042
0.74174
-2.9038
-5.2924
-7.1795
-7.5703
-7.4332
-7.3247
-6.071
-3.6801
-1.1257
0.55564
2.571
3.7795
4.7908
5.3811
6.6675
7.3036
7.8598
7.1559
4.5142
3.6583
3.2449
2.5842
3.9001
4.9672
6.3463
5.8802
5.1707
3.1984
0.5307
-1.5342
-3.7229
-5.777
-6.8536
-7.3433
-5.0592
-3.8964
-2.8665
-0.55475
2.8019
6.0406
8.1188
7.4762
7.7629
6.2546
2.517
-1.7889
-5.2856
-7.4863
-9.5401
-12.393
-14.278
-15.352
-15.331
-12.703
-10.532
-8.0733
-3.9335
0.030931
3.686
6.1649
7.6126
9.006
10.34
12.09
12.565
12.372
10.595
7.3073
3.7308
-0.8035
-4.1402
-5.5157
-6.7915
-8.1947
-9.147
-7.9324
-5.0378
-2.4508
0.24597
3.3386
6.2929
11.026
14.562
17.254
17.96
17.432
15.267
11.965
8.0151
3.6032
0.118
-3.9306
-5.6499
-5.6328
-5.9395
-5.5464
-4.0258
-2.5098
-2.0875
-1.1507
-1.2264
-1.0207
-0.47432
-1.1334
-2.045
-3.1563
-5.6751
-8.2978
-8.5771
-7.3071
-5.1824
-3.4505
-2.4377
0.68206
4.909
9.0504
13.115
14.41
15.526
14.875
14.992
12.365
9.9253
6.2812
3.025
1.1643
1.2705
1.1182
0.49803
0.31061
-0.027765
-1.4727
-2.8289
-4.881
-5.8477
-6.2598
-5.9291
-6.2485
-5.7156
-2.9763
-0.18627
3.095
7.867
11.188
13.768
15.504
15.54
13.37
10.453
6.579
0.85116
-5.0305
-8.9604
-11.546
-10.911
-9.0879
-6.6542
-4.1284
-0.89963
1.0625
2.6239
5.7668
8.403
8.4486
7.7199
7.2493
6.4521
4.8119
2.2599
0.31915
-1.2505
-2.5275
-4.7268
-7.4015
-9.9271
-11.533
-11.957
-10.339
-7.1798
-3.331
-1.3868
0.85447
3.6473
5.4807
8.1346
8.4824
8.0833
8.4227
6.6649
4.7691
2.207
-1.2787
-4.662
-7.6296
-9.739
-11.242
-10.611
-6.9931
-3.6283
0.42136
4.2439
7.0254
7.8179
7.8137
8.6094
6.4607
1.4797
-2.8574
-6.3232
-8.5475
-9.4037
-9.6801
-9.6674
-6.8344
-2.7905
0.19696
3.3928
5.5274
8.3018
9.1271
9.4764
9.4533
8.8553
8.1924
7.5328
5.2209
1.3409
-1.7494
-4.9907
-7.8845
-11.081
-13.681
-15.953
-16.674
-14.177
-8.2822
-2.6445
3.1466
8.5565
12.407
14.972
16.145
15.203
14.122
13.545
11.417
7.4078
3.3947
-1.8619
-6.6738
-8.7381
-10.071
-9.3773
-7.8145
-3.4209
1.0294
4.8257
8.2708
11.196
12.203
10.203
7.6629
4.9907
3.664
2.429
-1.3322
-4.4855
-7.9935
-9.9446
-10.591
-11.101
-9.7775
-5.8397
-0.76966
5.3862
9.3291
11.192
11.751
11.287
11.283
10.302
7.9643
5.8295
3.2167
1.6502
0.45604
-0.99539
-1.3199
-1.0051
-1.1925
-0.21727
-0.84204
-0.39371
0.73129
0.88465
1.6638
2.6411
3.2963
3.8419
4.2189
6.2497
8.1068
10.18
11.82
13.622
12.994
11.547
8.7953
4.0872
-1.651
-7.0546
-11.719
-15.405
-17.788
-18.801
-16.211
-9.0923
-1.6602
5.0384
11.228
16.579
19.788
21.046
20.757
19.306
15.594
10.152
5.0029
0.1805
-4.5437
-8.1459
-10.733
-13.218
-14.195
-13.124
-11.123
-6.4046
-0.26158
7.5998
14.984
20.267
23.786
24.083
22.719
19.138
13.297
5.6881
-2.6647
-10.172
-16.986
-21.474
-25.33
-27.649
-29.16
-26.734
-21.855
-14.759
-6.0322
3.3192
13.187
20.723
27.32
31.347
33.851
33.237
29.463
22.73
12.338
1.2225
-8.568
-17.118
-22.772
-25.752
-25.274
-22.719
-19.098
-13.367
-6.1081
2.0376
8.8244
12.639
15.795
18.265
19.338
18.05
15.577
10.874
4.2296
-3.8598
-12.728
-21.955
-31.159
-38.15
-42.128
-43.297
-40.054
-33.558
-24.982
-13.008
-0.19411
13.611
26.145
34.642
38.726
37.85
32.705
26.28
18.382
9.9642
-0.73708
-11.211
-21.409
-30.71
-36.5
-37.707
-34.748
-28.749
-18.378
-6.5358
5.4323
15.864
23.653
29.526
33.768
32.727
29.53
24.716
16.553
8.3786
-1.1664
-11.11
-21.222
-29.408
-32.474
-31.496
-28.42
-22.565
-15.171
-6.4754
2.7096
12.023
21.457
29.287
33.103
33.594
32.01
26.366
17.209
8.0253
-2.6527
-11.688
-19.201
-23.265
-23.701
-22.954
-21.835
-18.206
-11.28
-4.4941
1.7945
7.6857
11.675
13.774
13.967
12.872
10.2
7.6859
3.2377
-0.39464
-2.5761
-4.1377
-5.0457
-6.152
-7.4904
-7.9538
-8.1267
-8.114
-7.1678
-5.5304
-3.7236
-2.5335
-2.5897
-2.6788
-2.8803
-2.2676
-2.8391
-3.1504
-2.4025
-3.4682
-4.4367
-6.01
-7.0596
-6.5839
-4.4582
-0.42871
4.8078
11.181
16.518
21.3
25.267
28.476
29.69
27.673
23.937
15.22
6.4864
-3.3841
-11.267
-17.556
-20.649
-20.814
-17.425
-10.872
-4.5288
0.92774
4.6196
7.1437
7.7013
8.2894
7.8546
6.7133
3.7497
1.4842
-1.4271
-2.3475
-4.2216
-5.1625
-4.0348
-1.6275
0.42281
2.2421
2.8264
3.4395
1.4843
-0.020103
-1.7515
-3.7273
-5.1346
-4.2343
-2.6466
-0.47272
0.92629
2.2313
3.4483
3.0237
2.645
1.6398
1.1171
-0.37158
-1.5783
-4.1357
-6.9252
-9.4907
-11.592
-12.457
-11.135
-8.0944
-3.9967
1.3282
6.8248
11.859
16.447
20.072
22.049
22.085
21.019
19.222
17.137
13.261
9.2675
4.5491
-1.8624
-8.2894
-14.654
-18.983
-21.296
-21.676
-20.636
-17.956
-12.908
-7.5744
-1.7178
4.5588
8.6867
11.043
12.703
12.14
11.58
9.8518
7.2226
3.6597
-0.60145
-4.0961
-6.6713
-8.8561
-9.974
-9.1444
-6.8038
-6.2575
-4.0624
-1.5532
0.83446
3.7383
5.7502
7.2347
8.4791
9.2466
10.686
12.102
13.996
14.14
14.512
12.157
6.6792
2.3482
-3.6136
-10.171
-15.056
-17.573
-17.378
-15.253
-11.063
-6.4164
-1.512
3.6609
8.2695
12.034
16.49
18.89
20.29
19.236
18.077
15.233
11.964
8.6278
3.4308
-1.8506
-7.4066
-11.521
-15.927
-16.777
-17.16
-15.332
-11.522
-6.8158
-2.8131
-0.13771
0.69925
2.3859
4.7352
6.1558
3.8865
0.67152
-3.1836
-5.729
-7.7713
-10.512
-13.187
-12.337
-10.294
-5.4473
0.69923
6.2821
12.002
17.049
21.222
23.545
23.336
22.026
18.455
12.93
5.2782
-3.4095
-12.434
-19.481
-25.672
-29.613
-29.845
-29.189
-25.478
-20.15
-12.274
-4.3604
2.4066
9.6952
15.729
19.248
20.828
19.111
14.923
8.6824
0.00082396
-7.4076
-14.078
-20.118
-23.978
-24.675
-22.717
-20.115
-15.611
-9.2449
-0.74317
7.2418
15.724
22.343
27.237
28.306
25.92
21.957
16.798
8.2966
0.77357
-5.9502
-11.829
-18.799
-24.636
-28.553
-28.303
-26.501
-21.522
-14.444
-5.8717
3.5641
14.148
24.056
31.119
35.963
36.071
34.433
30.114
22.243
11.813
-2.1446
-15.273
-29.128
-40.628
-46.352
-46.916
-43.57
-34.638
-22.761
-8.9081
5.7286
19.786
29.052
36.387
39.147
38.341
33.521
25.394
14.451
1.5815
-11.297
-21.34
-28.475
-31.352
-31.094
-26.674
-19.274
-10.34
-1.1423
8.8353
17.516
23.618
25.2
26.179
24.83
19.348
13.24
6.5069
0.8437
-3.9725
-9.0483
-13.62
-17.165
-19.737
-22.414
-22.368
-19.734
-13.577
-6.5789
-1.7683
3.4495
9.3451
14.657
18.673
21.169
22.838
24.281
23.795
22.409
19.029
12.392
4.5157
-4.5281
-13.433
-20.89
-27.679
-32.593
-34.519
-33.697
-29.347
-20.61
-10.435
0.56729
11.048
21.186
30.382
36.612
39.396
36.833
30.54
22.137
12.405
1.6981
-10.08
-21.221
-29.347
-35.912
-38.291
-36.83
-32.665
-26.37
-16.79
-5.8282
4.4879
13.884
21.742
27.747
31.479
31.024
26.144
19.526
10.971
1.6457
-9.039
-20.996
-29.946
-37.376
-41.256
-40.8
-34.279
-22.4
-7.3703
7.9854
20.961
29.683
36.31
38.95
39.454
37.295
31.077
21.962
10.64
-2.3385
-13.303
-21.965
-27.85
-33.151
-35.389
-32.835
-25.556
-15.652
-2.9582
9.9573
22.127
32.558
38.529
39.619
35.613
25.784
13.021
-1.1294
-13.785
-23.983
-29.79
-33.293
-33.68
-30.649
-25.278
-16.83
-6.3287
3.0491
13.647
21.399
26.531
27.734
25.738
22.68
15.636
7.2571
-2.6905
-12.184
-20.937
-28.222
-32.555
-32.692
-29.632
-24.011
-16.697
-9.7786
-1.2893
7.7551
16.678
23.255
27.573
28.528
26.552
20.573
13.51
4.0069
-5.8889
-14.841
-21.943
-26.495
-28.992
-29.065
-25.237
-18.428
-9.4277
0.13792
9.0007
16.54
21.755
24.503
24.839
23.138
18.65
12.348
6.3954
1.4411
-3.6571
-10.543
-17.3
-22.656
-25.724
-25.927
-20.608
-14.925
-8.3001
0.41971
9.4239
19.297
27.174
33.648
34.229
31.286
26.047
15.462
3.013
-8.9126
-19.126
-26.941
-31.231
-31.518
-28.017
-21.861
-14.548
-7.6432
0.11636
6.9742
11.648
16.093
18.252
16.175
11.926
6.7709
1.4411
-4.8205
-11.044
-13.216
-12.632
-11.231
-8.3679
-3.5812
0.55804
4.6955
7.0137
9.7814
10.655
9.076
5.6739
0.19346
-6.2476
-11.13
-14.427
-17.301
-18.773
-16.702
-14.383
-10.849
-7.9113
-4.1797
-0.23583
4.193
10.112
14.197
14.772
14.16
14.988
14.239
11.335
6.7314
1.6469
-3.1379
-6.3908
-8.4405
-8.6476
-8.5124
-7.1029
-4.5668
-1.5787
2.2857
4.0095
5.8762
6.9591
7.7883
7.5608
6.5132
4.4668
0.71167
-4.2551
-8.5301
-11.269
-12.864
-12.397
-11.833
-12.181
-9.7808
-7.2723
-4.6428
-2.5397
-2.5173
-1.3564
-0.76958
0.24243
0.17087
0.39786
0.24212
0.86512
0.69188
0.20684
-0.11268
-0.82069
-2.6043
-3.4573
-4.6466
-4.8002
-3.3054
-1.7873
1.2281
3.1712
4.7747
4.7243
3.2376
0.9663
-2.155
-4.7579
-5.7078
-6.0368
-6.0603
-5.9925
-4.4143
-3.1816
-1.0852
1.7372
4.0076
4.7476
3.5318
1.3811
-1.2236
-3.3573
-5.3888
-5.6269
-6.2992
-6.808
-6.046
-4.5233
-1.4755
2.6628
7.2326
11.089
13.11
13.278
12.974
11.421
9.5662
5.1201
0.08639
-5.8658
-13.385
-20.328
-27.03
-31.276
-31.038
-27.368
-17.685
-7.6313
2.6122
12.277
18.987
24.595
27.849
29.054
26.788
22.369
15.147
7.3295
-1.3459
-10.596
-16.995
-20.156
-21.569
-20.369
-18.014
-15.339
-10.886
-5.1394
0.33944
5.0554
8.8559
10.588
11.368
10.722
10.245
9.456
8.3766
6.3392
5.1016
2.7947
-1.9493
-7.2081
-8.7301
-10.97
-12.927
-13.905
-11.764
-9.3758
-6.548
-2.0642
3.1048
6.4121
9.6304
11.709
10.551
8.7348
7.6645
5.4664
3.3635
0.39147
-2.8865
-7.0494
-11.441
-14.892
-16.53
-16.917
-16.982
-17.174
-15.361
-12.59
-8.6641
-4.7725
-0.42534
5.153
10.05
14.514
17.876
19.635
21.102
23.489
23.154
21.063
16.872
12.001
5.8354
-0.084857
-6.1466
-9.5509
-12.057
-11.708
-11.997
-10.485
-9.9446
-7.5699
-5.5202
-3.1275
-0.26115
2.2591
5.017
6.6364
7.2548
8.7721
9.7024
9.1155
7.3493
3.7234
-0.83238
-6.0321
-10.125
-13.959
-16.503
-18.267
-17.123
-13.61
-9.3116
-4.4255
-0.050856
3.8529
7.4182
9.4873
9.1399
7.957
7.5596
5.7508
3.5688
0.92422
-0.096604
0.27275
-1.082
-2.0792
-2.3129
-1.1493
-1.2141
-0.81249
-0.67481
-1.3826
-4.6397
-7.4318
-10.353
-10.988
-9.6479
-7.1968
-3.9695
-1.1366
1.5826
5.4277
9.4001
11.078
12.22
12.463
11.803
9.8168
8.1392
6.9031
4.9285
1.3991
-0.77579
-3.4556
-6.5967
-8.6322
-8.8251
-11.322
-13.007
-13.22
-14.05
-13.98
-12.147
-7.9056
-1.803
4.5156
7.9006
10.05
11.533
11.699
10.729
8.4265
6.7466
4.3526
1.5248
-0.75715
-3.3812
-5.2396
-5.6678
-6.9422
-7.5564
-7.2434
-5.9925
-4.4045
-3.0428
-2.2707
-2.108
-0.90828
-0.006079
1.778
1.7711
1.353
1.6597
2.3881
3.748
4.2056
4.3698
4.4707
4.7246
4.7294
4.6872
2.8583
2.8821
1.7781
0.21162
-1.679
-1.7775
-2.051
-2.2689
-2.6106
-2.1001
-2.2027
-3.3349
-4.8625
-6.5904
-6.6674
-5.1812
-2.609
0.6617
4.0173
6.6324
7.9055
9.2385
10.773
12.448
13.832
15.021
15.032
13.711
11.409
9.3401
7.0658
3.547
-0.89822
-6.5903
-11.381
-14.753
-16.774
-16.048
-14.077
-9.4913
-3.393
3.4589
9.7795
15.868
18.924
20.484
19.416
16.642
12.63
5.7165
0.034766
-5.365
-10.001
-12.586
-13.416
-13.563
-10.853
-7.1594
-2.6184
2.6998
7.1779
9.9929
13.203
16.237
17.88
18.684
16.268
10.813
5.1633
-0.74015
-5.8916
-10.442
-12.024
-12.001
-10.686
-9.1657
-7.5187
-4.3357
-0.38981
3.1393
6.9594
8.9703
10.661
12.78
13.878
13.085
12.265
9.6207
7.0785
4.6706
2.9541
-0.42281
-3.4261
-5.6878
-5.7212
-3.7191
0.46746
5.083
8.012
9.766
10.3
8.8737
6.6439
3.4181
-0.77221
-4.4434
-8.1894
-10.718
-12.474
-12.879
-12.147
-9.806
-6.9827
-5.9444
-5.6827
-5.4285
-5.396
-3.7402
-0.75587
3.2038
3.3754
0.9354
-0.7842
-0.66781
-1.4915
-3.7025
-4.6202
-5.9711
-7.49
-8.4993
-8.4748
-6.4315
-3.1901
0.011383
3.724
7.4732
10.319
10.994
11.049
10.027
8.4788
4.9106
-0.1572
-4.4809
-8.485
-11.185
-11.839
-12.594
-13.955
-14.34
-13.966
-13.018
-11.178
-9.6815
-6.0263
-1.6563
2.7802
7.3356
9.7834
9.3293
8.6518
8.9277
8.9637
7.4583
4.1149
0.65881
-3.5547
-6.7853
-9.9092
-11.238
-13.036
-14.87
-14.58
-14.04
-13.406
-11.312
-7.9487
-4.6433
-0.84225
2.5402
4.4621
4.3562
4.8236
4.2587
3.9688
5.3781
5.4339
5.2948
3.8717
1.0978
-2.6267
-6.2367
-8.7933
-10.141
-10.171
-9.7799
-7.2323
-4.8307
-2.3322
1.5712
4.9007
8.3123
11.18
10.843
9.8913
9.9329
9.1961
7.3126
4.8397
1.0316
-1.7059
-3.7159
-6.8715
-9.0815
-11.127
-12.192
-11.837
-9.9809
-6.6538
-2.6176
1.9098
6.4581
11.182
14.885
15.637
13.213
8.8807
4.6192
-0.0095105
-4.8449
-8.7175
-9.6241
-9.906
-8.2043
-6.7839
-5.2983
-2.351
1.5512
4.6987
7.9121
11.504
13.683
13.613
12.27
10.034
6.1204
1.8192
-1.3514
-4.3548
-6.0141
-6.8426
-6.3347
-6.125
-5.2214
-3.2411
-0.93677
3.2129
6.3899
9.4215
12.348
13.381
13.876
13.74
11.553
7.6638
3.4891
-0.74526
-4.919
-7.6484
-11.149
-15.186
-18.516
-19.098
-17.846
-15.171
-10.443
-5.4064
0.10057
4.9561
9.0149
11.776
14.396
16.499
15.876
11.68
8.0081
3.396
-2.4275
-7.4275
-11.365
-14.033
-16.116
-15.345
-15.711
-13.765
-10.194
-4.3983
1.2504
7.6012
12.398
15.913
17.842
18.2
15.169
10.363
3.8102
-1.9515
-8.3856
-13.26
-16.275
-16.303
-14.597
-11.915
-5.7059
1.2513
8.1685
13.438
16.12
17.086
16.758
15.103
11.75
6.7952
0.41827
-5.2919
-11.253
-16.399
-20.75
-23.792
-24.488
-22.379
-18.75
-12.297
-6.4396
-1.0837
3.9092
8.1071
11.281
11.993
10.05
5.7885
-0.43243
-5.7844
-9.3684
-12.057
-13.733
-14.047
-13.743
-12.089
-9.3469
-6.5042
-3.4806
-1.2067
1.7383
4.12
7.2243
9.6159
11.564
11.809
10.384
9.0097
6.7626
2.9225
-2.433
-7.7145
-14.406
-19.393
-22.482
-24.112
-23.895
-21.044
-16.519
-11.215
-3.7567
2.5441
7.7041
10.657
13.517
13.452
12.199
9.8727
7.1081
3.4604
-0.55097
-4.8499
-8.5837
-10.97
-12.008
-12.748
-14.12
-14.604
-13.816
-12.81
-9.8768
-5.1897
-0.55818
4.8104
9.2528
12.087
12.942
11.968
10.143
7.9157
4.1889
0.067681
-3.1574
-6.0746
-6.9148
-7.509
-8.5746
-6.8387
-6.0696
-5.0829
-2.8989
-0.67688
1.1208
3.0725
3.4736
4.1203
3.9708
2.4849
-0.026275
-2.4631
-4.1595
-5.1162
-5.512
-6.6262
-8.3338
-9.8394
-9.6008
-6.2802
-1.8893
2.2114
4.7786
6.7445
6.8277
5.1555
2.9902
-1.2248
-6.3659
-12.698
-16.535
-19.097
-18.759
-17.111
-14.261
-10.87
-6.9013
-2.646
2.1597
5.2532
6.3882
6.9113
6.274
5.1181
3.5366
0.26377
-4.1476
-6.7396
-7.4139
-8.3948
-9.7958
-9.1128
-6.8137
-4.9886
-3.005
-1.3379
1.9406
3.142
5.3005
7.0289
8.8986
10.692
13.113
14.899
15.987
15.762
12.559
9.0087
5.4025
0.39911
-3.8915
-9.7475
-15.557
-20.598
-22.761
-23.935
-24.582
-22.438
-17.187
-10.565
-4.6962
0.29818
4.8996
9.505
13.032
14.872
15.827
16.323
16.888
15.292
12.108
8.8275
2.6178
-3.2238
-8.0327
-12.52
-15.883
-17.126
-18.339
-17.339
-15.024
-9.7651
-3.2219
4.2676
11.125
17.731
22.133
24.856
24.981
23.287
20.213
15.817
10.059
1.3909
-6.1213
-12.367
-18.651
-25.043
-28.401
-28.127
-24.213
-18.55
-11.373
-4.2621
4.1018
9.8151
15.303
19.727
22.048
22.335
21.113
16.74
10.254
3.9589
-0.87264
-6.8081
-11.941
-15.677
-17.242
-18.016
-17.394
-14.95
-11.279
-9.2104
-7.3104
-3.2878
0.44448
4.8224
8.5281
11.404
11.704
11.706
10.248
6.7997
3.9986
0.69472
-0.81819
-2.9514
-4.9599
-7.1076
-8.8255
-9.887
-9.0799
-6.7827
-4.7108
-1.0266
3.1511
6.8253
10.414
14.68
18.379
20.465
21.779
20.689
18.374
13.305
7.4219
-0.91783
-6.9573
-12.254
-16.562
-19.042
-21.344
-21.851
-20.938
-17.815
-11.827
-4.8458
1.3203
7.9653
13.722
19.54
23.779
26.154
26.738
24.837
21.423
16.384
9.4545
2.3005
-3.8602
-8.7647
-12.73
-14.694
-14.724
-12.708
-7.9417
-2.5075
3.5997
10.996
16.56
20.453
22.13
21.185
17.542
12.935
6.5332
0.8724
-4.3263
-9.8999
-14.971
-17.991
-18.358
-15.568
-9.2786
-3.194
4.1187
10.679
15.419
19.338
20.353
19.992
18.081
14.661
11.544
8.8319
5.635
2.6646
-1.3607
-6.3861
-11.427
-15.819
-18.503
-18.32
-16.706
-12.912
-6.9196
0.90602
9.3059
17.147
24.755
29.675
30.944
29.42
24.498
16.601
6.8286
-3.2715
-14.047
-23.112
-29.244
-32.636
-31.944
-29.469
-25.444
-17.614
-8.1668
1.71
11.234
19.136
25.329
29.752
31.429
29.587
26.157
19.632
12.093
3.0427
-6.0018
-14.248
-21.735
-27.917
-30.276
-28.433
-23.148
-14.615
-4.6073
4.5821
13.026
19.5
24.423
25.67
25.651
24.424
22.374
18.217
14.036
9.1367
4.2586
-0.50188
-5.3845
-7.89
-9.1152
-9.3366
-8.3905
-4.9258
0.71696
4.5809
8.8373
10.219
11.318
12.606
13.845
11.299
8.3735
3.4798
0.04299
-1.9427
-2.4557
-1.7222
-1.1035
-0.88382
-0.24578
-1.2346
-1.6638
-0.74294
0.58895
0.73619
0.35713
0.65403
3.138
5.189
8.5124
11.627
12.852
11.696
10.055
7.4417
4.5735
2.6482
2.6591
2.3524
2.6919
2.5193
0.85304
0.065533
-1.6667
-4.8708
-8.4322
-9.8777
-9.0516
-6.7743
-2.2832
2.1041
6.0438
8.1081
10.11
10.176
10.112
8.9971
7.1081
4.3122
1.6342
-0.48003
-3.778
-6.82
-7.7799
-7.7074
-5.9706
-4.2424
-1.203
2.4063
6.2663
9.5982
12.56
15.847
18.957
18.849
16.475
11.502
4.5464
-2.3973
-7.305
-12.12
-14.895
-16.372
-15.659
-13.169
-11.496
-9.196
-6.9322
-2.8312
3.4966
9.4932
15.786
19.208
21.369
20.978
17.719
13.044
8.3851
2.1034
-4.8164
-11.784
-16.604
-20.691
-19.896
-16.768
-11.424
-4.2953
3.2291
9.9452
15.043
19.084
20.516
19.396
16.409
11.006
4.1296
-2.0022
-8.4009
-15.049
-20.525
-23.401
-24.322
-23.148
-20.807
-17.798
-14.464
-10.088
-5.2462
-0.47181
4.7852
9.5586
11.74
13.058
13.695
12.783
11.789
8.7707
4.8711
0.387
-5.2156
-11.516
-15.588
-19.232
-19.988
-17.839
-13.148
-8.2703
-1.6555
4.9374
10.919
13.934
17.626
18.442
18.299
16.192
14.462
10.555
3.8999
-2.9916
-7.3577
-11.241
-12.344
-12.254
-12.464
-12.778
-12.221
-8.7605
-6.0444
-3.0811
2.0575
7.3228
12.141
15.374
18.093
17.894
16.342
12.026
7.0308
1.4691
-4.3481
-9.6602
-14.354
-18.456
-20.742
-21.668
-19.154
-15.219
-10.549
-3.3381
3.2106
9.9219
16.319
21.246
24.227
25.113
23.221
17.989
11.096
3.0796
-5.2888
-14.415
-19.962
-23.149
-22.6
-18.139
-12.668
-6.6598
-0.35221
6.2119
12.741
19.255
24.418
26.434
26.346
25.142
21.155
14.314
5.3553
-4.0288
-11.49
-18.498
-23.099
-24.095
-22.769
-18.247
-14.778
-9.3497
-4.3147
0.16635
3.9743
8.2135
12.022
13.368
11.403
9.7047
6.5914
4.0431
2.0091
1.3314
1.7468
2.5878
4.6909
6.353
7.5105
8.3478
7.5115
4.2388
-0.083951
-4.0322
-8.3104
-12.303
-14.513
-14.611
-13.456
-10.768
-7.27
-4.2235
-1.0351
3.9308
9.8539
14.933
19.367
23.503
23.769
20.552
15.063
8.3403
1.5644
-5.7041
-12.865
-20.444
-25.146
-26.716
-27.579
-25.489
-19.146
-12.433
-3.5654
7.2688
17.581
26.369
32.003
34.853
35.198
31.623
25.525
15.398
3.9254
-8.5067
-20.398
-28.901
-33.311
-35.699
-35.175
-29.501
-21.782
-12.239
-2.5699
6.5085
15.83
23.342
29.163
32.193
30.804
25.073
17.097
7.3106
-3.3982
-13.346
-21.218
-26.917
-31.181
-30.979
-28.426
-22.869
-15.793
-8.6578
0.065895
7.0587
14.109
18.65
22.392
22.526
19.069
14.643
8.0499
1.0685
-8.3918
-16.126
-23.628
-29.57
-35.49
-38.218
-36.912
-31.656
-23.414
-13.702
-2.9714
7.8961
17.165
25.386
29.862
32.987
33.807
30.898
24.831
15.96
5.4625
-6.5901
-18.941
-29.994
-37.466
-39.427
-37.195
-33.141
-25.122
-16.68
-6.7187
3.7293
12.486
19.459
26.215
28.817
27.733
25.02
19.537
12.245
3.8545
-5.3754
-13.699
-20.26
-25.265
-29.802
-30.47
-27.569
-20.096
-12.174
-3.8679
7.1592
15.5
20.982
23.926
25.561
24.22
21.7
16.034
8.3658
-1.2975
-9.8582
-16.546
-21.485
-24.333
-26.191
-25.264
-22.349
-18.246
-12.715
-6.2719
-0.34275
3.9494
7.016
9.6045
11.296
11.303
11.348
9.4139
4.8576
-0.61036
-5.1377
-11.835
-17.295
-20.543
-21.347
-22.672
-21.679
-16.462
-9.3531
-1.3893
6.6616
11.702
17.245
22.782
25.941
26.547
24.13
18.206
11.035
2.9664
-6.8913
-14.711
-20.828
-24.93
-25.763
-22.939
-17.505
-10.472
-3.1044
5.3892
12.643
19.622
23.898
25.976
25.501
21.975
15.864
7.7036
-1.3685
-10.59
-17.534
-22.805
-26.501
-27.47
-26.26
-22.568
-16.86
-9.2283
-1.1186
6.977
13.438
17.395
18.761
18.913
16.459
14.748
12.678
9.2814
5.1271
-0.37018
-4.7882
-8.4816
-11.071
-12.568
-12.399
-10.349
-7.3936
-3.7001
0.2104
3.7158
5.873
6.9422
7.2214
4.8036
3.1055
0.30555
-1.472
-2.9532
-3.863
-4.4457
-5.6264
-6.2648
-7.3009
-7.2669
-5.996
-2.4537
2.2379
6.869
11.653
14.809
16.4
15.528
12.81
8.6095
4.3324
-2.3466
-8.1558
-12.846
-16.423
-18.583
-20.002
-19.565
-18.073
-14.827
-10.884
-5.8188
-2.3661
1.661
5.3988
9.8251
12.464
13.807
15.037
16.824
15.764
12.303
6.8113
0.57285
-3.3732
-7.0971
-9.1257
-11.667
-13.471
-12.643
-10.164
-5.4847
-0.62667
5.2801
9.8667
13.355
16.135
16.775
14.849
11.532
7.4073
3.1844
-0.051574
-3.4453
-8.8038
-12.928
-18.172
-21.455
-22.582
-21.198
-16.841
-10.498
-1.6799
7.7925
15.561
21.176
27.501
30.452
28.464
23.702
15.004
3.6949
-8.2768
-20.423
-31.561
-40.759
-47.896
-50.959
-49.534
-44.219
-36.251
-25.134
-12.404
1.5732
15.077
26.325
35.148
39.581
40.237
38.192
32.622
25.329
14.555
3.9814
-6.6598
-16.398
-25.383
-31.619
-35.499
-36.255
-34.157
-27.004
-18.827
-8.179
3.3617
14.479
24.615
32.043
35.749
36.844
35.731
29.76
22.078
13.577
2.9925
-7.1015
-16.008
-21.69
-24.494
-23.547
-19.332
-12.957
-5.4303
1.6062
8.8576
15.064
20.674
24.497
24.557
21.768
15.895
8.9114
0.74066
-7.2584
-14.742
-18.992
-24.35
-28.415
-28.854
-27.059
-23.843
-15.654
-5.4635
4.788
13.484
19.127
19.986
20.063
17.753
14.262
9.1827
3.01
-3.1399
-7.7226
-10.165
-12.207
-11.834
-10.961
-8.871
-5.7798
-2.8389
1.3801
4.5843
7.5955
10.197
10.446
8.4666
7.0296
6.7126
6.8883
5.4089
3.7629
1.9501
-1.7106
-4.5087
-5.1626
-5.1893
-5.0518
-5.7678
-4.8469
-4.0545
-3.6206
-1.6344
0.74598
3.0373
5.0954
7.1669
9.5009
10.525
11.643
10.81
7.9825
4.5136
1.9785
0.36571
-0.6565
-1.5261
-2.4303
-2.6832
-4.2771
-6.8951
-8.4219
-8.886
-8.8043
-7.2599
-6.9595
-5.5422
-3.2291
-0.78551
1.2789
4.4463
9.6421
14.059
17.471
20.372
20.219
18.811
14.442
10.145
6.3231
1.6709
-3.5229
-8.713
-13.335
-16.784
-18.807
-18.308
-16.231
-12.343
-6.5975
0.97241
8.609
15.902
22.768
28.568
33.309
34.208
32.357
26.622
17.169
6.2179
-4.6787
-14.767
-22.646
-30.646
-34.297
-34.552
-30.104
-23.728
-14.551
-3.9348
5.4026
13.063
19.405
23.72
25.7
26.757
25.551
23.404
17.97
10.668
2.4723
-5.9532
-13.353
-18.661
-22.871
-23.746
-23.313
-20.061
-15.46
-8.2739
-1.4524
5.9995
14.059
19.022
22.752
23.291
20.661
16.549
9.1177
-0.11208
-8.5612
-17.179
-24.673
-27.764
-27.99
-25.086
-19.253
-11.72
-5.102
0.30414
4.8398
10.552
15.281
17.511
17.401
17.577
15.105
11.779
8.62
4.6949
0.18825
-3.6168
-6.6635
-7.2988
-6.8726
-4.7479
-3.4138
-0.36936
0.62725
2.2033
4.6748
4.6489
5.4985
6.0985
4.3299
1.7059
-1.3406
-6.4609
-10.927
-13.837
-14.808
-12.454
-8.9945
-3.7778
1.8223
7.229
11.074
12.889
12.428
10.984
7.6351
4.1237
0.28354
-3.3628
-5.96
-9.0151
-10.539
-9.2297
-7.2975
-5.0089
-2.8597
0.18932
3.0246
4.7978
6.6659
6.9621
5.0955
1.703
-1.5758
-5.1882
-8.9256
-9.6894
-9.0721
-7.723
-5.9853
-3.2108
0.080055
4.8659
9.3261
12.023
13.521
12.386
9.3693
7.6897
5.2466
1.0634
-4.2487
-10.042
-15.627
-18.95
-19.135
-17.743
-15.768
-10.974
-5.1221
0.59738
6.9163
11.618
16.088
18.755
18.933
18.394
16.009
11.122
3.9146
-5.1738
-13.617
-21.625
-28.051
-32.008
-33.749
-32.785
-28.532
-20.85
-12.534
-2.9395
7.5699
17.71
25.626
32.923
37.618
37.93
34.742
28.343
18.417
6.4799
-5.4227
-15.913
-24.745
-30.445
-33.096
-33.764
-31.12
-26.562
-19.41
-9.6594
0.44225
11.847
22.838
32.026
38.017
41.227
41.567
38.612
31.351
20.428
8.3435
-4.5786
-18.074
-29.478
-37.172
-40.882
-40.396
-37.064
-30.011
-20.089
-9.2426
2.9469
14.309
26.962
37.671
45.8
49.294
48.359
42.897
32.399
19.8
4.5625
-9.128
-21.543
-32.393
-39.498
-42.021
-41.322
-37.282
-29.552
-20.565
-10.467
1.1573
13.559
24.548
31.686
36.569
36.484
34.799
30.416
23.253
15.46
6.9498
-2.2552
-10.565
-17.006
-20.919
-24.488
-25.06
-21.727
-16.265
-8.9152
-1.1032
3.6754
6.2561
9.0656
10.938
12.373
11.86
11.801
11.406
9.7666
6.4601
1.8264
-2.9659
-7.1831
-12.85
-17.609
-22.267
-24.353
-25.847
-24.91
-22.875
-19.135
-14.258
-7.374
0.071559
6.9487
12.557
17.863
20.635
22.04
20.518
17.755
14.245
9.5607
2.4795
-2.6724
-7.6409
-11.626
-15.592
-18.483
-20.965
-21.858
-19.78
-15.925
-9.4016
-1.954
6.2003
13.346
19.094
23.982
26.469
26.792
26.02
23.589
19.543
12.042
3.8105
-5.1618
-14.255
-23.509
-31.411
-36.997
-39.571
-37.05
-31.126
-21.006
-8.1867
4.764
16.535
25.811
30.945
31.929
29.701
24.538
16.47
6.5158
-3.5866
-11.334
-18.812
-24.215
-24.642
-22.931
-18.834
-11.281
-1.1259
8.3826
18.467
26.053
30.379
31.715
30.484
26.904
20.648
11.269
-0.38366
-13.376
-25.38
-34.783
-39.275
-40.634
-35.726
-27.479
-17.067
-4.8981
7.5183
19.938
30.406
37.714
39.315
35.952
28.519
18.279
6.7208
-7.2337
-20.904
-32.642
-40.802
-44.093
-42.151
-35.066
-23.616
-10.121
5.7316
18.828
30.874
39.352
44.636
46.557
43.3
36.981
27.441
16.127
2.7747
-10.258
-22.056
-33.246
-38.938
-40.611
-37.672
-31.873
-22.829
-11.685
1.6479
14.681
24.544
33.322
38.372
37.383
33.027
25.502
16.455
6.6806
-3.5523
-13.201
-20.753
-26.038
-27.494
-25.851
-20.904
-14.364
-6.3913
0.071554
7.6346
14.691
17.972
20.717
22.605
24.756
24.818
21.26
15.735
8.8678
2.7663
-3.4476
-8.837
-12.966
-14.599
-15.515
-15.022
-14.252
-11.67
-8.2465
-4.2382
-0.36472
4.3887
10.588
14.467
18.522
19.953
19.408
18.589
15.258
11.011
5.0561
-2.1756
-7.9417
-13.056
-15.703
-15.531
-13.859
-10.096
-5.2537
0.36575
6.2715
11.904
17.072
18.54
18.284
15.884
10.872
4.3307
-2.3155
-8.6487
-13.875
-16.457
-17.051
-16.315
-14.701
-10.526
-5.6385
0.043248
5.5102
9.6499
12.816
14.167
13.364
10.844
6.3392
0.92312
-4.8495
-10.021
-13.939
-16.383
-18.395
-17.727
-13.659
-7.7347
-2.3861
3.3784
8.7931
13.209
17.098
19.131
18.334
14.733
9.6365
3.8122
-1.2794
-6.733
-11.732
-15.392
-17.776
-17.54
-16.454
-15.471
-13.542
-9.6694
-6.1876
-2.6305
0.61739
3.4363
5.2673
6.0642
6.5733
6.4894
5.8436
5.7359
3.9174
1.4755
-1.4312
-3.7198
-6.3605
-8.2442
-9.0847
-6.1352
-1.5897
2.6881
6.9618
9.2586
11.196
11.924
12.001
11.49
10.406
8.7661
5.9909
4.1333
0.31948
-2.8621
-6.1502
-9.8566
-13.284
-15.259
-16.034
-15.595
-13.398
-11.445
-7.8477
-4.8469
-1.2651
2.6269
6.8608
11.014
14.812
16.196
16.179
15.138
11.833
7.1411
2.1041
-4.3389
-11.053
-17.295
-21.618
-23.775
-23.999
-21.349
-15.659
-8.0962
-0.33086
8.1743
13.681
16.959
19.043
19.13
17.642
12.618
6.6819
1.3298
-3.1328
-5.9546
-8.1957
-8.8637
-9.4681
-8.9677
-7.6569
-6.2963
-4.4391
-1.9564
1.2116
2.5505
4.6582
6.4883
7.9973
7.918
9.1306
8.3729
5.788
2.7893
0.56013
-0.99296
-3.2777
-5.0295
-5.5226
-5.4886
-6.2854
-6.7637
-6.3553
-6.7645
-6.7963
-3.1179
-0.059755
2.2141
1.581
1.2165
0.1755
-0.56039
-1.9584
-3.1393
-3.3026
-3.4803
-3.3619
-2.3155
-2.5543
-1.52
-0.048004
2.5122
4.7244
6.0731
7.6457
8.2463
9.7231
9.1993
7.8907
5.8976
3.9901
2.5813
1.3899
-0.43369
-2.6976
-5.0276
-9.8769
-13.171
-15.042
-12.607
-8.9459
-3.4099
0.61657
5.3378
9.3353
10.104
10.303
9.0227
7.4694
5.7006
3.4402
0.76626
-2.6932
-6.1509
-10.913
-16.327
-19.687
-20.431
-20.631
-20.703
-17.558
-13.713
-9.2551
-3.254
2.0477
7.1445
9.5395
9.9164
10.1
11.353
12.23
12.668
11.152
8.7897
6.2438
3.8649
2.0471
0.038246
-2.2703
-3.55
-5.6714
-8.0706
-10.637
-12.436
-12.908
-12.943
-14.977
-15.202
-15.026
-13.438
-12.128
-8.4247
-3.658
2.2592
6.9529
11.757
16.493
18.884
19.825
19.285
17.711
14.315
9.9515
5.4517
1.3628
-1.416
-4.6081
-9.4564
-12.56
-14.125
-14.584
-13.179
-11.537
-7.7177
-1.6041
5.0093
11.713
18.034
22.888
26.56
29.138
30.851
30.913
28.426
23.162
14.585
4.691
-6.4036
-15.985
-22.984
-28.362
-30.9
-29.777
-26.049
-19.533
-12.193
-4.8368
2.4768
8.6084
13.717
16.941
17.151
14.794
10.627
6.5424
1.592
-3.5231
-8.2153
-12.873
-17.72
-19.222
-19.016
-17.7
-14.795
-9.4113
-2.3629
4.4083
11.357
17.71
21.934
24.041
21.75
17.222
12.411
6.6568
1.7819
-2.6885
-5.5927
-7.0892
-7.3364
-6.9994
-5.4193
-4.4977
-1.432
2.1558
4.0452
5.8729
8.3763
12.144
14.391
14.835
14.049
12.988
10.247
6.393
1.6888
-3.3379
-7.5682
-9.8828
-12.037
-13.711
-13.108
-11.692
-8.1569
-3.6872
1.2549
5.0023
9.5666
12.306
14.236
14.601
12.968
9.5888
5.1803
-0.010151
-3.4469
-6.1089
-9.1045
-12.299
-15.118
-17.811
-17.502
-14.889
-10.703
-5.7858
0.41015
5.6501
10.057
13.842
15.492
16.334
14.815
11.422
5.2121
-1.1919
-5.8878
-10.331
-13.608
-15.336
-15.622
-14.084
-11.093
-7.175
-3.5087
-0.73023
0.54303
2.4678
5.4254
6.5164
4.6189
3.0272
2.2266
2.207
1.7308
2.4091
2.5091
3.8193
5.0701
7.0021
7.743
6.264
5.5468
3.2634
1.0204
-0.029417
-1.0407
-2.4107
-3.9763
-8.1494
-11.817
-16.13
-18.132
-18.749
-18.231
-15.971
-12.506
-7.3563
-2.3625
1.848
5.5309
10.462
14.973
18.525
20.603
20.677
18.116
12.643
5.2132
-3.3802
-12.673
-20.565
-26.049
-29.539
-30.239
-28.507
-23.598
-15.418
-6.5214
3.9566
14.639
22.084
27.465
29.19
28.034
25.193
19.595
12.005
3.8984
-6.3075
-14.73
-22.639
-29.081
-33.311
-33.601
-31.015
-24.912
-16.478
-6.0082
4.4628
12.02
19.025
24.934
27.981
26.917
23.796
18.381
11.965
1.2354
-9.801
-18.217
-24.221
-27.744
-31.144
-30.884
-28.476
-23.609
-17.752
-9.0611
0.096734
8.6264
16.742
22.644
26.107
29.064
28.177
23.915
15.163
4.2095
-7.5304
-18.126
-26.163
-31.928
-34.403
-33.186
-29.557
-20.947
-9.5419
3.1324
15.062
26.586
34.763
41.475
43.366
40.295
34.27
24.606
13.346
-0.71894
-13.592
-25.854
-35.705
-41.114
-41.992
-40.559
-37.503
-31.541
-23.738
-15.568
-6.7983
4.1042
16.044
25.653
33.524
39.166
40.443
38.207
31.071
19.907
6.0954
-7.5761
-21.285
-32.426
-40.065
-43.732
-42.876
-36.665
-25.753
-11.411
1.1416
15.604
28.162
38.619
45.07
48.06
45.435
36.294
23.239
11.545
-0.93654
-12.956
-24.271
-32.667
-36.536
-36.581
-33.675
-27.318
-17.374
-6.4005
5.7876
17.604
28.617
37.247
43.042
45.12
42.541
33.431
19.828
2.7503
-14.516
-29.257
-40.727
-47.043
-47.551
-43.764
-35.522
-23.365
-7.0196
8.0358
20.896
30.818
36.777
38.905
36.982
30.613
22.475
12.697
1.3194
-9.8984
-19.385
-27.485
-32.576
-35.233
-32.496
-26.652
-17.99
-6.8753
5.0255
14.584
23.635
27.722
30.438
30.188
26.001
19.086
10.864
2.9228
-3.8509
-11.468
-17.318
-19.947
-21.043
-18.841
-16.311
-11.121
-4.3242
4.2707
11.344
17.251
19.902
19.607
18.238
15.122
8.443
0.053007
-7.6947
-13.032
-16.174
-18.31
-19.461
-19.344
-16.381
-10.498
-2.1007
7.5354
17.463
24.695
30.283
32.61
31.234
27.17
19.864
10.613
0.52673
-10.15
-19.603
-27.178
-32.01
-33.05
-30.1
-24.603
-18.817
-10.663
-1.7492
8.1874
17.998
25.007
29.699
31.461
30.641
27.866
23.041
16.062
7.0256
-3.803
-12.972
-21.026
-29.222
-34.785
-38.248
-39.064
-36.33
-30.586
-20.619
-8.4232
4.8757
18.326
30.542
40.186
45.403
46.413
44.56
40.618
32.905
22.407
11.031
-1.8143
-13.959
-25.091
-32.675
-36.424
-37.147
-33.418
-26.939
-16.973
-5.3385
6.7021
18.253
27.026
32.256
34.135
32.72
28.994
22.9
15.582
6.0691
-5.0712
-16.952
-27.371
-33.407
-35.886
-35.255
-29.914
-22.723
-12.062
0.30747
12.896
23.453
31.731
36.294
37.418
35.064
28.627
20.083
10.516
0.36235
-11.273
-20.659
-27.312
-30.881
-30.347
-27.302
-19.204
-11.32
-1.7842
5.7412
12.601
19.01
24.002
25.609
27.448
25.242
21.962
15.944
8.3339
1.0452
-8.3167
-16.968
-23.464
-26.408
-27.21
-25.519
-19.858
-13.232
-4.5831
3.7344
12.028
17.459
21.786
24.261
24.341
23.117
18.55
10.498
1.8408
-7.0837
-14.858
-20.43
-25.415
-27.324
-28.892
-27.411
-23.551
-16.998
-7.9355
1.3448
9.6702
17.46
22.626
28.001
29.954
28.815
23.928
17.033
9.8201
4.2146
-2.2298
-7.5984
-11.644
-15.235
-16.563
-14.821
-10.996
-6.0056
-0.69878
5.7428
11.506
18.319
22.239
23.842
22.7
21.321
17.634
12.909
6.0936
-0.45803
-6.863
-13.334
-17.524
-19.653
-19.097
-14.605
-8.0818
-2.1749
3.9883
10.47
15.631
19.841
22.037
22.827
19.906
15.136
11.449
7.374
1.676
-5.8165
-12.423
-18.768
-22.695
-21.752
-20.282
-15.986
-9.9249
-2.1328
5.161
11.734
14.571
14.63
13.787
9.5603
4.0562
-2.261
-10.77
-18.082
-23.112
-24.958
-24.583
-22.46
-18.547
-14.332
-8.9552
-2.8264
3.8358
8.9096
13.19
15.998
16.701
16.046
12.433
6.3683
-1.8598
-10.521
-18.116
-25.351
-31.243
-33.01
-32.44
-28.597
-22.624
-16.851
-7.3559
3.0168
13.248
22.43
30.068
34.113
33.464
28.413
18.648
6.2376
-7.3578
-20.381
-32.073
-41.519
-45.259
-44.079
-37.489
-28.179
-15.784
-3.0953
9.2831
21.487
32.066
36.504
37.471
33.774
26.605
15.294
4.5888
-6.4634
-16.383
-25.479
-30.141
-30.049
-26.663
-21.577
-13.803
-4.7897
2.8487
11.715
18.67
22.568
24.129
23.522
19.657
13.142
6.0458
-1.8602
-7.628
-12.64
-16.635
-19.73
-22.384
-22.551
-19.967
-14.831
-8.6857
-2.8581
2.1778
7.1627
11.065
14.678
15.906
15.155
13.609
11.792
8.7974
3.5373
-1.7571
-8.7546
-17.748
-23.611
-28.095
-31.177
-31.513
-27.183
-21.062
-14.678
-7.3738
-0.10021
7.0696
14.337
19.943
21.429
21.69
19.113
13.452
6.8449
-0.50677
-9.6242
-16.487
-22.779
-27.916
-29.745
-27.217
-22.778
-16.02
-6.9483
1.7185
7.8516
13.916
18.638
21.174
21.609
23.515
23.134
19.6
14.773
6.5838
-1.9615
-10.741
-18.832
-24.168
-27.666
-30.417
-29.875
-26.225
-19.768
-10.975
-0.72
9.3948
18.354
26.695
30.891
30.969
28.018
22.279
14.559
7.2022
-0.88977
-8.8169
-15.184
-19.462
-24.921
-29.301
-30.384
-28.326
-24.244
-19.723
-11.635
-1.8224
9.7829
19.203
26.367
31.438
33.969
32.54
28.147
21.22
13.199
3.4952
-7.0919
-16.299
-24.369
-30.644
-34.793
-34.175
-30.739
-23.845
-14.583
-3.5824
9.1968
22.788
34.82
43.543
47.377
47.279
42.537
33.969
23.631
9.243
-5.5858
-18.093
-28.634
-36.549
-40.719
-40.497
-36.145
-28.787
-18.167
-7.7563
3.7247
15.068
25.977
34.103
39.195
41.609
40.227
35.612
27.562
16.377
3.7429
-8.1988
-18.36
-27.663
-35.259
-40.821
-43.404
-41.064
-36.553
-28.269
-15.801
-1.6101
12.776
26.675
37.037
43.947
47.101
43.552
36.365
24.383
12.509
-0.16106
-13.691
-26.499
-34.626
-39.306
-41.491
-38.534
-30.792
-19.524
-6.4295
9.0764
23.882
35.896
45.825
49.698
49.077
44.092
34.261
17.947
0.55823
-16.292
-30.305
-42.265
-49.171
-50.92
-48.057
-41.571
-30.151
-17.034
-1.9291
12.339
25.527
36.877
44.532
49.392
49.431
44.249
34.442
22.327
8.7653
-5.1739
-18.084
-30.045
-39.74
-43.796
-44.674
-39.785
-31.145
-21.379
-11.834
-0.85558
10.36
21.871
31.473
38.572
41.775
41.241
36.386
28.587
17.469
3.507
-11.99
-26.843
-38.738
-44.218
-46.566
-43.644
-36.218
-26.933
-13.965
0.24545
13.842
25.755
34.25
38.43
39.061
35.934
31.899
24.873
16.667
6.9627
-1.9008
-11.023
-17.208
-22.984
-26.44
-27.512
-26.9
-23.556
-18.065
-11.654
-6.0877
-0.26055
3.6768
7.5437
10.849
11.685
11.662
11.117
9.5675
7.3471
4.7787
0.033982
-4.4265
-8.4708
-10.833
-10.526
-9.2994
-7.7682
-6.5987
-5.0059
-1.0396
4.39
9.3018
14.248
17.742
21.25
24.556
24.058
21.791
17.944
11.567
3.9547
-4.0224
-12.593
-19.702
-25.829
-29.311
-28.941
-25.828
-20.748
-13.061
-4.2554
4.5629
14.071
21.877
28.053
30.975
30.295
24.628
15.19
4.7034
-5.8931
-15.177
-23.162
-29.927
-34.615
-34.415
-32.112
-27.005
-19.159
-10.388
-1.5712
6.6221
13.113
17.745
20.84
22.839
23.479
22.296
17.479
10.296
1.5581
-7.5509
-14.493
-20.251
-23.64
-22.691
-19.994
-14.356
-7.1337
-0.98606
4.6354
8.871
12.668
13.894
13.336
10.961
7.5045
4.7418
2.0552
-0.3968
-2.2605
-3.7779
-5.657
-8.0046
-10.517
-13.054
-14.085
-14.775
-12.726
-9.4741
-6.1688
-1.1945
4.4507
7.793
11.01
13.707
15.276
16.107
15.346
15.327
12.714
10.398
8.4697
4.7298
-0.57658
-5.7021
-10.03
-12.238
-14.576
-16.221
-16.283
-14.894
-11.808
-8.3019
-5.4075
-0.76361
2.6297
6.6597
9.5798
10.891
11.194
10.382
8.7824
5.791
0.71408
-4.1623
-8.5563
-12.698
-14.803
-14.466
-12.402
-8.1879
-3.7787
0.19529
3.5971
5.9914
7.4929
7.4407
6.6854
4.6335
2.2033
-1.6064
-4.4805
-7.804
-10.26
-12.679
-13.124
-12.402
-10.844
-8.254
-5.1975
-1.2501
1.915
6.3394
10.486
14.003
15.026
15.108
13.446
11.481
8.0939
4.2523
0.32094
-4.6278
-9.6272
-12.758
-13.259
-10.867
-6.1095
-1.2234
2.7971
6.6538
10.563
14.036
16.958
19.355
20.703
18.943
13.783
7.4983
-0.63255
-8.5258
-14.754
-19.948
-23.601
-22.94
-20.159
-15.241
-9.1854
-1.76
6.926
15.395
23.249
29.631
31.719
31.043
26.728
20.275
12.251
3.4552
-4.9879
-12.909
-20.512
-25.4
-26.59
-26.668
-24.759
-21.674
-17.203
-10.932
-4.8969
1.2398
8.6209
14.007
17.135
16.938
14.815
9.9667
4.1572
-2.718
-10.505
-17.893
-24.768
-30.084
-32.544
-31.948
-27.48
-19.988
-11.944
-2.1127
8.3932
18.931
27.702
34.056
36.318
34.754
30.721
24.207
14.6
5.5511
-3.9294
-12.78
-20.815
-25.338
-28.906
-28.757
-25.078
-19.648
-12.963
-8.1235
-2.651
3.5239
8.1721
11.965
12.8
14.387
12.565
8.1663
3.2643
-1.673
-6.9909
-11.024
-14.339
-15.718
-17.123
-17.288
-14.23
-10.195
-2.847
2.632
8.5877
13.612
16.119
18.094
18.352
16.034
12.387
6.8711
0.66954
-6.0066
-11.826
-15.983
-18.614
-20.738
-19.479
-15.563
-10.383
-3.9453
1.5348
6.0883
10.648
15.866
18.562
19.042
18.652
15.471
10.612
6.411
2.5772
-1.9154
-5.4141
-10.055
-14.737
-15.434
-13.529
-10.044
-6.3784
-5.3521
-3.7899
-2.1161
1.0551
4.4498
7.4446
9.2695
9.611
9.9466
11.8
14.552
16.757
17.801
15.322
11.432
6.6541
1.0184
-5.3355
-12.121
-17.221
-20.588
-21.963
-20.071
-15.243
-8.1041
-0.070652
7.2183
14.257
18.208
20.316
19.667
16.013
9.9918
2.2875
-6.3841
-12.623
-16.149
-18.301
-17.824
-14.022
-8.7385
-1.7842
3.331
7.1433
10.629
12.406
13.221
12.804
9.6237
5.2578
1.3853
-2.8849
-6.2273
-7.7734
-9.0063
-9.0858
-8.3725
-8.1377
-8.845
-8.3053
-7.7276
-6.4142
-4.6679
-1.7399
2.4674
5.2091
8.1855
9.0657
9.6704
7.6173
6.2163
4.7896
1.7162
-0.45981
-1.9975
-1.8973
-1.2691
1.2879
3.1243
3.5374
4.0467
5.365
7.48
6.9088
5.01
2.4427
0.52931
-0.84951
-3.1624
-7.4433
-12.825
-16.75
-19.126
-18.869
-16.848
-13.411
-9.3748
-4.7815
-0.56433
4.2836
8.8159
12.375
14.956
15.901
14.522
11.456
7.6904
3.5635
-0.95162
-6.3513
-11.114
-13.971
-14.405
-11.665
-7.9879
-4.4244
0.71813
3.6574
6.1363
8.8521
10.812
9.7085
7.4758
5.0264
2.3797
-1.5902
-5.6205
-9.1281
-10.026
-9.6778
-7.5514
-4.3994
-1.9689
0.92656
3.2008
6.5591
7.7093
6.2622
3.725
1.6429
-1.4832
-5.8697
-10.252
-11.683
-10.878
-7.5097
-1.3823
4.3991
10.888
16.158
19.37
20.933
20.611
17.742
14.411
8.7506
1.1997
-8.3131
-17.758
-26.09
-31.716
-32.841
-30.783
-26.044
-20.092
-11.12
-1.8611
6.9232
14.125
20.373
22.192
23.119
23.23
22.023
20.638
16.497
10.254
2.3164
-5.158
-11.866
-16.774
-19.85
-21.028
-18.46
-13.52
-7.2698
-0.23985
6.0543
11.828
16.081
18.168
19.955
20.446
19.559
15.458
10.561
5.247
1.5139
-2.9152
-6.8546
-8.0513
-9.2874
-9.8113
-9.3765
-6.5313
-2.9577
0.55942
3.2407
5.3437
7.3081
7.8103
7.5417
6.9711
7.6906
8.1074
8.0468
7.6334
6.725
7.049
6.1713
4.9499
3.9311
4.3428
3.8637
2.5275
1.9285
1.1034
0.41952
1.1881
0.97533
0.31302
-0.33861
-1.8695
-3.019
-4.8163
-5.6068
-4.5238
-4.3179
-2.1793
1.148
3.68
3.676
4.0071
2.7119
1.7494
1.5213
0.24312
-0.80865
-2.1901
-3.4496
-3.3241
-2.3751
-2.7459
-2.4524
-3.5374
-5.1085
-5.0551
-5.7204
-4.593
-3.3489
-3.0599
-2.8928
-3.3275
-2.9595
-3.2274
-2.7903
-2.2374
-0.89126
0.41299
4.0978
8.2787
12.627
15.645
16.055
13.434
7.8907
2.1506
-4.4264
-11.692
-18.164
-22.998
-26.925
-27.798
-25.126
-19.566
-12.271
-5.3142
0.55648
5.0572
8.0738
10.301
9.7781
9.4215
9.8604
9.8539
8.5193
7.6831
6.9296
5.2032
2.3905
-0.86096
-3.7488
-6.3426
-5.8718
-5.1768
-3.1168
-1.631
1.2897
5.6425
9.6185
12.064
14.651
16.813
17.716
18.515
17.837
14.628
9.3185
3.1995
-4.2261
-9.9857
-14.618
-17.745
-18.597
-18.942
-15.705
-11.32
-6.4542
-0.48139
5.2925
11.124
15.308
18.684
22
22.481
19.188
13.283
6.3412
-1.906
-12.255
-21.394
-28.351
-32.615
-35.151
-33.854
-28.192
-19.735
-9.121
2.2856
13.308
22.277
30.421
34.989
36.482
33.738
27.846
19.119
9.6475
-1.4549
-11.64
-20.288
-26.651
-30.162
-28.992
-26.296
-22.031
-14.345
-4.8052
4.9646
14.661
22.264
26.84
29.428
31.515
31.453
28.55
22.658
14.066
4.6084
-5.5127
-13.078
-19.487
-23.475
-24.936
-26.434
-25.403
-20.677
-12.782
-2.7664
6.8799
14.61
20.509
24.866
26.947
26.473
25.16
20.393
13.619
5.5064
-1.7075
-9.0143
-15.481
-18.483
-20.049
-19.615
-16.956
-12.319
-6.6538
-0.24083
6.1238
13.393
17.564
20.795
21.262
20.663
18.074
12.348
5.5303
-2.5991
-8.298
-15.318
-20.701
-26.42
-29.09
-29.106
-26.49
-22.16
-15.362
-6.4408
3.2852
14.059
23.195
29.307
31.971
30.959
27.105
22.151
15.103
6.371
-4.5286
-15.735
-25.41
-30.46
-31.977
-29.59
-27.545
-21.695
-12.213
-1.4891
8.0206
16.94
21.813
22.028
20.829
17.901
12.483
5.8702
1.8233
-1.2472
-4.5332
-8.3523
-9.1539
-9.865
-8.0426
-6.0496
-3.736
-1.9494
1.0634
6.1445
9.7943
11.667
13.831
13.332
12.392
11.301
8.6188
4.4446
-0.93957
-6.954
-9.8251
-10.4
-9.0823
-7.0814
-5.1178
-0.93194
4.001
8.8702
13.647
17.239
19.696
19.068
17.489
15.739
12.675
10.061
6.5445
1.6753
-3.7774
-8.1276
-11.569
-12.511
-12.399
-11.867
-10.649
-6.2407
-0.85359
3.5858
8.8158
13.611
17.498
19.255
21.533
20.622
18.131
13.08
8.5381
3.7125
-0.59004
-6.2373
-10.593
-14.244
-17.415
-19.465
-19.133
-16.04
-11.963
-6.1955
-0.057301
6.2849
10.611
13.62
15.912
16.393
15.447
12.313
8.1618
4.4874
-1.0401
-6.2462
-10.419
-13.301
-13.969
-12.674
-9.7561
-5.123
-0.33928
3.1985
6.9203
9.4554
11.169
12.931
12.522
11.558
9.8042
8.0659
6.2059
3.7892
0.17002
-4.6828
-10.602
-14.615
-18.115
-18.996
-18.732
-15.896
-11.906
-7.6661
-2.8484
0.70042
4.4556
6.5321
6.917
6.6779
4.3761
-0.12322
-7.0277
-12.92
-18.286
-22.191
-24.679
-26.918
-26.534
-25.045
-21.957
-16.663
-7.9746
1.7497
11.071
17.507
20.39
19.831
16.341
10.13
3.3765
-3.4958
-10.666
-16.371
-20.036
-20.854
-18.206
-14.301
-8.3923
-2.7137
2.6805
8.461
13.25
15.444
14.434
12.546
7.4077
3.5333
1.6122
-0.69495
-3.4697
-6.003
-7.1562
-7.0335
-6.9168
-6.6382
-6.3619
-4.6477
-4.0835
-2.4111
-0.65363
2.903
5.4703
8.4696
10.642
11.454
12.09
11.366
9.9104
7.5286
5.0917
3.442
0.060621
-5.1805
-9.2124
-11.34
-13.474
-12.792
-10.175
-5.2976
-1.8771
2.389
5.1407
8.407
8.9155
9.131
8.1028
6.5954
4.3525
0.21851
-4.5125
-8.9201
-12.136
-14.883
-14.352
-13.289
-10.856
-6.5929
-3.135
-0.40752
2.2029
4.2526
5.3639
5.9847
6.1591
5.1994
5.2491
5.1207
4.1175
1.8886
-2.5073
-6.3432
-10.817
-13.608
-14.859
-14.942
-13.925
-12.316
-9.9745
-5.6871
-8.7801e-005
5.2018
9.7877
11.709
11.34
9.0689
5.921
2.6905
-1.259
-6.4203
-10.661
-15.557
-18.89
-21.445
-22.6
-22.534
-20.638
-16.269
-9.4052
-0.56636
9.7975
19.804
29.819
36.051
39.958
41.617
39.228
32.963
22.968
10.664
-3.3732
-15.056
-21.363
-25.675
-27.832
-25.509
-20.684
-11.721
-2.126
7.2729
14.438
19.448
23.344
25.325
25.9
22.834
18.073
9.473
1.9069
-6.8337
-14.797
-22.371
-27.657
-30.762
-32.191
-30.766
-26.719
-19.185
-11.565
-2.6317
8.1019
18.855
27.769
33.494
35.307
33.273
27.401
18.701
10.021
0.6222
-9.3241
-19.03
-27.204
-33.096
-35.926
-34.336
-28.807
-19.923
-9.3913
2.9001
14.633
25.174
33.584
40.538
44.24
42.398
34.982
24.097
11.434
-2.5983
-15.272
-27.558
-36.916
-40.396
-41.298
-38.185
-30.713
-21.077
-11.149
0.099915
12.624
21.114
28.021
31.179
31.061
28.953
23.196
14.575
4.645
-6.2103
-17.322
-26.645
-34.61
-38.295
-39.239
-36.882
-31.333
-24.163
-15.399
-4.0611
8.3837
20.533
31.786
40.429
44.903
43.861
39.512
32.089
22.149
10.106
-2.0493
-14.73
-26.531
-33.882
-37.657
-38.321
-34.772
-27.833
-19.468
-8.796
2.3562
13.134
24.47
30.795
35.658
35.177
31.728
24.779
15.686
4.7975
-5.3598
-16.132
-23.713
-28.331
-29.627
-27.216
-20.913
-11.754
-0.60878
10.869
21.428
30.421
35.728
37.606
34.564
27.322
16.942
5.4555
-6.2299
-16.75
-25.661
-31.883
-33.223
-30.96
-25.747
-17.316
-6.9261
2.0483
11.055
19.031
25.478
29.066
28.713
24.78
18.779
10.127
0.49715
-9.0822
-17.542
-24.984
-29.533
-30.45
-27.636
-24.38
-19.278
-12.573
-3.2921
5.2205
13.677
21.166
27.784
29.63
27.465
23.269
16.663
6.9365
-4.0993
-15.366
-23.147
-29.092
-32.329
-31.372
-27.136
-20.072
-12.902
-4.4471
5.5495
14.518
21.357
25.197
26.23
24.413
21.073
17.35
11.887
3.1199
-5.4186
-16.797
-27.463
-36.412
-40.655
-40.556
-36.061
-28.47
-18.618
-9.4144
-0.28639
9.7183
17.707
22.998
24.951
26.003
24.957
22.881
18.902
14.86
10.533
4.1265
-3.9831
-11.333
-18.448
-23.939
-29.426
-30.355
-29.607
-26.221
-19.947
-10.693
-0.83444
9.1354
18.142
23.989
27.494
30.454
31.592
29.77
24.735
17.347
7.7948
-3.9337
-14.47
-22.776
-29.275
-34.788
-36.151
-33.382
-26.655
-17.733
-9.5289
-0.91381
8.0454
13.385
15.983
16.332
14.2
10.374
5.9745
2.535
-2.1493
-8.1145
-13.899
-17.391
-18.331
-19.268
-17.577
-15.388
-12.148
-5.9381
0.67622
6.34
10.782
14.872
19.976
23.106
24.364
24.117
22.667
18.499
12.891
4.7016
-3.0966
-8.4063
-15.043
-19.366
-22.509
-22.769
-21.571
-18.209
-14.479
-9.6264
-3.8017
2.2231
10.063
15.373
18.101
18.781
18.284
15.577
10.249
3.4927
-4.2714
-11.402
-16.702
-19.468
-20.343
-19.423
-14.966
-9.7095
-2.0771
5.7184
13.976
21.399
27.399
29.267
28.44
24.775
18.368
8.6745
-1.4733
-11.959
-21.006
-27.003
-30.9
-31.136
-27.757
-21.199
-13.482
-4.9701
4.8377
14.474
23.073
30.606
36.066
36.69
34.712
28.228
20.098
10.918
-1.0245
-13.803
-24.637
-32.15
-34.881
-32.377
-25.471
-16.584
-5.9378
4.1602
13.047
19.487
25.595
28.35
28.535
25.287
18.059
8.2561
-1.4746
-12.885
-21.269
-28.221
-32.153
-34.055
-32.592
-27.353
-19.971
-11.492
-4.2163
1.7135
7.4919
14.685
20.287
25.77
30.522
31.163
29.306
23.377
15.429
5.9833
-4.5222
-14.89
-25.142
-32.339
-37.458
-39.304
-35.495
-29.046
-18.898
-7.4203
4.8629
16.826
27.594
35.471
39.08
36.145
30.306
23.346
16.016
7.7768
0.96236
-6.6501
-14.041
-20.76
-24.727
-28.244
-27.763
-24.228
-18.489
-10.527
-1.9822
7.1511
16.023
22.552
26.752
28.04
26.017
21.904
16.215
9.0835
1.2382
-7.6022
-15.464
-21.502
-25.681
-27.017
-27.583
-27.441
-23.034
-17.902
-11.282
-4.2505
4.8375
13.639
21.754
27.719
31.841
33.009
31.748
27.515
21.135
12.204
1.3981
-9.7167
-19.206
-25.682
-30.157
-31.536
-30.222
-25.782
-18.232
-8.67
0.87943
8.7039
16.229
22.236
25.582
26.093
24.834
20.865
12.796
3.7299
-5.3876
-12.923
-19.349
-23.501
-26.728
-28.117
-27.697
-23.139
-14.148
-2.6736
7.6873
17.788
26.596
31.813
33.548
30.424
24.12
15.804
6.893
-2.6758
-11.022
-18.095
-22.199
-23.144
-22.119
-19.05
-13.719
-7.7527
-1.9613
2.5303
6.3131
9.8001
12.181
12.912
12.14
11.019
7.5423
3.7517
-0.62381
-6.0849
-10.362
-12.407
-14.271
-14.678
-14.134
-10.007
-6.1576
-1.834
3.0478
7.2952
10.329
13.289
15.267
15.559
13.724
10.194
5.01
-0.87257
-4.6877
-8.4298
-12.604
-15.245
-18.569
-20.346
-19.807
-17.678
-15.033
-11.057
-6.4771
-1.5183
4.1585
9.2304
15.261
19.088
20.895
19.198
13.478
7.1825
-0.36609
-8.0054
-14.534
-19.302
-23.033
-24.622
-24.461
-21.274
-16.107
-8.8073
1.3533
12.928
21.939
27.522
30.092
30.241
28.17
23.915
19.845
13.73
8.1156
2.1246
-4.8608
-10.717
-15.6
-18.053
-17.898
-18.248
-15.618
-11.487
-5.3645
2.0456
9.7987
16.42
20.581
23.943
24.856
23.047
17.967
11.619
4.6498
-3.4595
-11.23
-17.459
-21.218
-23.163
-24.237
-23.011
-19.903
-14.343
-7.9832
-2.2731
3.8723
10.612
15.568
20.246
22.749
23.513
23.134
19.835
15.28
8.9498
0.93384
-7.6913
-17.102
-23.893
-26.885
-27.663
-26.996
-23.067
-16.001
-6.9681
2.9317
13.097
23.173
30.296
34.627
37.003
35.975
30.845
21.416
10.61
-2.3662
-13.49
-23.728
-33.931
-40.128
-40.786
-35.818
-27.125
-18.156
-8.6369
2.1705
12.942
22.115
29.104
32.853
32.178
28.454
22.262
15.157
6.9344
0.31771
-7.314
-15.045
-21.465
-24.725
-25.633
-25.444
-23.173
-18.196
-9.8328
-2.0778
6.0756
12.557
17.824
22.424
25.762
25.996
23.849
19.026
12.788
5.9224
-1.0172
-6.6093
-10.695
-11.321
-10.934
-10.271
-8.7459
-7.0685
-4.1674
-1.8151
1.4585
3.9386
6.2171
8.2649
9.3021
10.862
9.8818
7.2759
2.7191
-2.5278
-8.3682
-13.538
-16.301
-17.055
-15.451
-10.925
-7.5721
-4.2619
-2.7184
-0.013249
2.7561
5.7262
7.6268
8.6569
8.5528
7.9891
6.7142
5.5905
2.7701
0.48959
-1.972
-3.2774
-4.9745
-7.4091
-10.468
-12.766
-13.155
-11.722
-9.973
-6.4769
-4.1342
-1.1278
0.8883
2.1788
3.3
4.8251
6.3466
7.1018
6.0696
5.3908
4.2885
1.9668
0.5974
-1.2728
-2.3571
-3.1093
-5.1024
-8.8367
-12.182
-15.312
-16.779
-15.695
-14.022
-10.531
-5.3326
-0.49526
4.1764
8.6817
12.462
14.449
14.584
12.887
9.7273
6.8234
3.7122
0.071808
-4.2152
-7.5304
-10.504
-13.178
-16.111
-18.002
-17.444
-17.351
-16.612
-14.424
-11.866
-8.642
-4.7106
0.055779
6.0329
9.3032
10.995
12.529
11.73
9.2083
5.3262
1.878
-0.94919
-3.7241
-6.7663
-7.8724
-7.327
-5.8618
-2.4077
0.67628
4.3141
8.3788
11.237
14.094
16.411
16.72
15.914
13.897
9.403
4.4227
-1.2167
-8.5856
-14.79
-18.803
-20.975
-19.937
-17.384
-12.98
-8.0601
-2.2129
4.1541
10.19
14.859
19.236
21.546
21.268
20.189
15.924
10.584
2.6081
-3.8539
-9.7238
-14.138
-17.441
-19.433
-19.604
-17.592
-14.048
-8.5255
-1.704
5.3346
9.2237
11.637
13.677
13.873
12.864
10.408
6.7887
2.996
0.84379
-2.1294
-6.1858
-9.4185
-13.666
-15.818
-16.604
-15.725
-13.686
-11.528
-6.7832
-0.5862
4.9522
9.9454
15.096
17.61
18.002
16.568
11.925
6.7453
-1.3959
-8.5997
-13.197
-15.464
-17.411
-18.789
-18.622
-16.614
-14.014
-8.6503
-2.905
1.6842
6.0276
8.2669
8.7096
7.7361
6.9932
4.6196
1.0155
-1.6318
-3.8719
-6.4721
-8.7344
-9.4121
-8.9514
-7.7537
-6.7039
-6.1946
-3.9196
-1.9442
0.86833
4.4313
7.8476
11.109
13.928
17.186
19.006
20.112
16.819
13.007
6.9974
0.56681
-7.1002
-13.602
-19.142
-22.64
-23.024
-20.296
-15.938
-10.4
-3.1092
5.2185
11.247
17.729
22.81
25.391
25.157
21.057
14.219
6.6311
-1.4387
-8.7916
-15.436
-20.557
-24.17
-25.193
-24.916
-22.765
-19.219
-13.937
-6.3499
1.1403
8.0888
14.457
19.108
23.944
25.873
25.051
20.361
13.602
5.565
-2.4654
-9.9084
-16.675
-21.408
-24.214
-23.69
-19.504
-14.139
-7.4809
-2.2717
3.5579
8.1613
11.1
12.637
13.556
12.7
10.785
7.3376
3.4519
-0.27948
-3.8851
-6.307
-9.9861
-11.949
-14.539
-16.016
-17.83
-18.594
-18.521
-17.87
-17.408
-14.348
-10.173
-4.783
-0.35482
3.9216
8.8042
12.337
14.443
14.625
13.206
9.389
5.3779
1.6793
-1.8093
-5.3235
-9.9988
-14.433
-16.401
-15.558
-11.853
-6.0543
-0.29231
5.8845
11.969
16.758
18.047
17.751
15.9
11.583
5.3886
-0.82296
-7.5935
-12.658
-16.291
-18.877
-18.448
-17.38
-13.975
-11.03
-4.7736
1.675
9.3275
13.788
16.107
16.09
15.265
12.487
6.0604
0.20367
-5.5818
-10.901
-15.022
-19.226
-22.289
-22.522
-20.245
-17.567
-12.813
-5.9312
1.1425
8.7289
14.477
18.828
22.177
22.382
19.137
14.188
7.7161
2.0858
-4.4334
-10.186
-15.698
-19.08
-19.404
-18.063
-14.358
-8.9763
-4.3853
0.33108
4.7859
9.6145
14.641
17.957
18.876
16.344
11.136
3.8663
-3.1924
-9.7146
-15.137
-20.774
-25.084
-26.759
-26.247
-22.083
-15.221
-7.5621
0.59897
8.7331
17.776
23.952
28.112
29.069
26.891
21.66
14.14
6.2265
-2.7603
-11.574
-19.69
-26.966
-31.731
-34.564
-35.019
-32.591
-26.718
-19.408
-10.902
-1.532
7.7937
14.431
19.489
22.889
23.977
23.816
20.888
17.785
14.204
10.491
5.8449
-0.69072
-6.7113
-12.201
-15.738
-18.355
-18.046
-16.083
-13.654
-10.892
-6.197
-2.304
0.15727
2.9178
3.7451
3.3731
0.86554
-2.9367
-6.2969
-9.5861
-11.275
-13.318
-12.486
-11.34
-7.4833
-2.1308
3.8978
8.9865
13.239
14.138
15.582
15.287
12.971
7.6717
2.4932
-2.7634
-9.0242
-15.015
-18.155
-19.424
-19.758
-18.761
-16.691
-11.52
-4.5576
5.3032
14.287
22.873
29.628
33.381
33.016
29.776
21.663
10.603
-0.013391
-10.609
-20.098
-28.078
-33.394
-35.108
-34.605
-30.496
-23.847
-14.183
-1.9089
9.6241
21.725
33.576
41.105
43.27
42.044
35.748
27.063
15.716
3.9082
-7.3068
-18.06
-27.182
-33.944
-37.343
-38.558
-37.635
-34.819
-27.957
-18.898
-6.0765
5.9639
15.897
22.572
28.385
28.995
27.749
24.238
19.355
12.011
4.5423
-4.0821
-10.48
-14.007
-15.567
-16.46
-16.564
-14.952
-11.584
-9.1138
-5.1515
0.43591
7.1993
13.99
18.791
19.767
18.63
15.029
9.6924
1.7419
-6.3236
-11.66
-15.362
-17.781
-18.462
-17.322
-14.933
-11.593
-8.4908
-5.0881
-1.575
1.7127
5.9065
9.8366
13.959
17.834
20.851
21.943
20.653
16.228
9.8136
1.955
-4.6991
-9.5584
-13.45
-15.211
-14.509
-10.626
-6.6387
-0.62067
4.8531
10.03
14.188
15.978
17.171
17.477
16.011
14.515
12.498
10.372
6.8048
3.3724
-1.7737
-7.5101
-13.373
-17.546
-19.602
-19.428
-15.23
-9.7546
-3.7958
0.53436
4.6679
8.6856
11.197
12.863
12.542
11.65
10.39
8.2171
4.978
0.84578
-2.5978
-6.113
-8.4761
-8.851
-7.6618
-7.1634
-7.3513
-4.8956
-0.0041218
5.0756
11.032
14.798
16.645
17.275
15.845
10.932
4.3559
-3.3336
-11.671
-18.546
-22.658
-24.656
-22.509
-18.446
-12.603
-5.3472
2.671
10.303
17.95
22.721
24.13
20.131
13.515
6.783
-0.85308
-8.7955
-13.937
-18.11
-21.325
-21.502
-20.417
-17.448
-12.506
-8.5291
-2.4445
4.0007
9.4936
13.663
16.415
17.916
18.664
16.956
13.462
8.4671
2.0062
-2.7096
-7.7654
-11.323
-13.615
-14.227
-14.084
-12.074
-10.315
-7.7285
-1.9734
3.6974
9.5975
15.45
20.062
22.198
22.238
20.734
16.666
11.271
4.3803
-3.3932
-11.459
-19.733
-26.588
-28.726
-27.85
-23.777
-18.729
-11.311
-1.7159
8.2804
16.837
24.745
29.4
30.001
27.236
22.764
15.884
6.8286
-2.6285
-10.368
-18.816
-25.3
-30.707
-34.261
-32.783
-28.632
-20.654
-11.396
-0.70641
9.3789
17.862
23.673
24.42
22.106
17.365
11.679
3.823
-3.4792
-11.473
-16.791
-20.558
-22.11
-21.908
-20.017
-16.992
-13.455
-8.0525
-1.966
4.1095
8.2836
12.7
15.042
16.403
15.939
14.556
10.573
6.4226
2.0086
-2.7306
-7.0192
-10.779
-14.3
-15.27
-16.314
-15.313
-14.342
-12.415
-8.8274
-2.4274
4.1977
9.9262
13.261
15.727
16.648
18.616
16.703
14.603
9.3581
5.2548
1.535
-3.5702
-8.1171
-13.218
-15.97
-17.884
-18.699
-18.888
-16.237
-11.215
-6.3457
-0.31239
5.7403
11.662
17.024
20.331
21.526
22.766
21.339
18.074
13.55
9.3961
3.0877
-4.5151
-14.116
-21.794
-26.974
-28.041
-26.906
-21.548
-15.434
-8.8292
-1.562
5.7542
13.094
19.13
24.504
27.284
27.373
25.266
19.256
11.705
4.7526
-2.259
-9.2161
-15.715
-20.6
-26.113
-27.715
-25.715
-22.059
-16.376
-8.2409
1.6693
10.748
20.312
28.126
32.442
35.418
35.988
32.649
27.42
18.717
9.1776
-4.3443
-17.328
-28.224
-36.898
-42.137
-43.643
-41.567
-35.561
-24.925
-12.562
1.9305
15.236
26.302
33.915
38.589
39.51
34.933
25.945
14.628
2.4867
-10.073
-20.606
-28.643
-34.304
-36.955
-35.257
-29.66
-21.396
-11.852
-1.2582
9.9597
19.484
27.626
32.857
34.69
35.487
31.802
23.959
14.657
5.9789
-3.641
-15.442
-25.574
-31.66
-35.293
-37
-36.263
-31.842
-25.026
-15.983
-4.3996
10.014
23.05
32.541
38.107
40.475
40.558
36.295
30.763
22.302
11.596
-0.8108
-13.296
-25.912
-35.445
-41.735
-46.554
-46.01
-40.069
-29.868
-17.002
-3.2744
9.7653
21.946
31.165
36.527
36.479
32.224
24.332
14.224
2.1764
-11.136
-22.882
-32.212
-39.09
-42.074
-39.453
-34.89
-27.502
-18.235
-7.4477
3.2956
13.327
22.316
26.963
30.839
30.411
27.01
20.364
11.075
0.1727
-11.824
-23.162
-31.569
-36.888
-37.413
-33.38
-26.655
-17.922
-6.9856
1.9325
11.92
21.184
27.778
29.266
27.916
24.082
18.174
8.8044
-1.2659
-12.845
-23.234
-31.494
-35.583
-36.368
-32.495
-26.67
-18.918
-9.3808
2.2451
14.453
25.711
34.014
39.965
42.76
41.988
36.601
27.332
17.135
5.7429
-4.8306
-14.022
-19.58
-22.725
-24.764
-24.587
-22.772
-18.1
-11.196
-3.7338
4.6371
12.12
18.839
25.441
28.906
29.41
26.974
23.154
17.905
11.704
3.9785
-2.9321
-8.2101
-14.325
-19.546
-23.373
-24.653
-25.162
-22.991
-18.48
-11.633
-3.6432
6.4722
17.028
26.18
31.718
33.889
34.235
31.642
25.697
16.71
7.2301
-2.3378
-13.139
-22.163
-28.799
-32.235
-32.023
-29.614
-23.356
-15.106
-5.5568
3.5931
13.776
22.421
29.287
32.568
33.829
30.587
25.869
18.944
10.147
-0.85843
-13.499
-26.656
-38.451
-44.45
-46.395
-46.551
-42.675
-32.974
-18.274
-1.3951
14.155
29.875
40.071
47.151
50.445
50.918
47.173
38.252
25.799
10.532
-5.5286
-20.781
-32.621
-38.342
-40.464
-39.278
-36.684
-30.398
-20.61
-6.549
7.6139
21.494
34.467
43.691
48.614
47.552
41.671
31.955
19.863
6.7818
-6.4492
-17.02
-24.415
-29.848
-33.775
-35.64
-35.198
-31.16
-23.732
-11.961
1.0627
12.508
22.439
29.456
32.589
32.113
29.765
25.519
19.131
10.461
2.5144
-4.7982
-12.76
-18.281
-24.142
-28.653
-29.179
-30.594
-29.244
-25.132
-19.35
-10.835
-3.3606
4.3535
12.117
17.854
22.382
24.201
24.063
21.892
16.572
8.646
-0.68089
-10.529
-19.152
-24.791
-28.205
-29.134
-26.293
-21.827
-16.27
-7.5857
2.8865
12.418
19.634
25.046
27.637
28.062
28.199
25.699
21.822
15.451
8.0146
0.99555
-5.7436
-10.852
-14.203
-14.427
-11.337
-6.3513
0.026643
6.848
13.287
20.33
24.9
27.022
26.964
26.084
20.457
12.733
2.9778
-7.2375
-17.096
-25.964
-32.146
-35.786
-37.644
-36.712
-33.196
-25.819
-15.544
-4.6683
5.9875
16.812
24.632
29.908
31.28
30.084
25.511
17.982
8.3373
-3.1397
-14.479
-25.466
-35.348
-40.786
-41.601
-38.837
-32.704
-25.029
-14.05
-2.2669
9.6547
18.304
24.944
29.571
30.197
26.362
20.383
12.427
3.8134
-4.1947
-9.929
-16.778
-20.584
-22.674
-22.308
-20.445
-17.11
-11.949
-6.2993
-0.6913
5.9094
11.746
15.902
17.392
17.707
17.388
14.145
10.557
6.8872
1.395
-4.6368
-10.12
-13.238
-16.688
-19.709
-20.926
-19.371
-16.425
-11.404
-4.967
2.0085
10.483
19.944
25.922
28.076
27.405
24.749
20.528
14.407
5.3557
-3.5961
-12.989
-22.932
-31.292
-36.431
-36.08
-32.509
-26.78
-18.37
-8.1741
2.3279
12.801
21.937
29.042
33.583
35.126
31.59
25.174
15.937
5.0597
-6.0179
-17.635
-28.193
-35.942
-38.675
-37.524
-33.558
-26.198
-18.147
-10.17
-0.47022
10.715
20.588
27.689
32.451
32.187
27.081
19.776
9.5557
-2.4411
-15.496
-27.337
-35.598
-41.666
-43.662
-41.346
-35.027
-24.279
-11.563
1.2399
13.202
23.326
30.922
35.43
35.954
33.497
27.127
18.937
10.676
0.52309
-9.5659
-18.713
-25.525
-30.104
-31.846
-31.501
-28.864
-23.299
-15.214
-5.5232
6.0618
15.287
24.304
31.394
36.027
36.972
35.254
28.416
18.594
7.7429
-1.7926
-11.005
-19.877
-28.122
-33.773
-35.665
-34.974
-31.659
-26.87
-18.633
-8.3701
0.36642
8.1393
14.815
19.442
22.517
22.554
20.359
15.329
7.4574
-0.64854
-8.9251
-16.88
-22.093
-24.41
-24.776
-22.164
-17.665
-12.124
-6.8021
-0.77241
5.8524
12.131
14.848
17.323
17.555
17.285
14.774
10.241
3.7885
-1.7638
-7.2715
-13.375
-19.587
-23.474
-25.642
-24.144
-21.443
-17.033
-9.0872
-2.0531
6.3994
14.864
22.36
27.436
31.266
33.247
33.205
29.458
22.617
13.07
2.968
-7.7681
-17.296
-24.696
-29.837
-31.154
-29.341
-25.61
-19.558
-12.205
-2.9345
7.7155
16.94
25.681
31.318
33.252
31.636
26.396
17.789
7.6601
-3.8515
-16.455
-27.361
-34.476
-37.44
-36.179
-30.606
-21.838
-12.601
-3.2473
7.3754
18.099
27.549
33.329
35.387
34.236
31.83
24.497
14.066
2.8161
-7.5839
-17.826
-26.416
-33.819
-36.653
-36.572
-32.164
-23.765
-13.951
-1.9929
10.119
22.169
32.213
39.72
42.791
41.684
36.614
28.143
18.473
6.1158
-6.3356
-16.781
-24.422
-29.597
-32.655
-30.088
-22.826
-13.686
-4.3421
3.9754
11.239
16.709
21.559
22.207
19.798
16.642
12.124
5.8864
-2.2986
-10.11
-15.833
-19.995
-21.159
-19.432
-16.002
-11.391
-5.7011
0.59518
6.8409
12.629
17.073
20.188
21.012
21.522
19.639
17.05
13.418
7.8986
2.2991
-4.3125
-10.329
-14.429
-15.994
-15.086
-11.41
-7.1909
-3.7066
-0.4556
2.9939
5.3162
7.7316
9.3687
8.6463
7.9757
5.1309
0.78284
-3.297
-6.4712
-8.236
-9.7993
-11.012
-10.151
-8.4757
-6.6219
-3.5828
0.38691
5.7618
10.752
14.976
18.324
19.043
17.554
14.375
10.024
6.9401
1.8123
-2.5945
-6.4158
-9.8434
-11.077
-11.317
-10.257
-9.3059
-6.7115
-2.1358
2.756
6.88
10.106
11.027
10.602
9.0625
7.3323
3.8937
0.51874
-3.0688
-5.6492
-7.7905
-8.7432
-8.5799
-7.6384
-5.6363
-4.5774
-4.1722
-2.1414
1.5653
6.1394
7.2185
7.4495
7.8722
8.2648
7.319
6.6501
5.7289
5.7273
4.3271
1.5556
-1.7797
-4.9004
-8.6551
-11.119
-12.193
-12.418
-11.369
-10.347
-7.6947
-4.7928
-0.28658
3.9359
7.5485
10.826
12.344
11.884
10.413
8.1875
4.0008
-0.9459
-5.585
-9.4976
-10.859
-12.569
-13.296
-11.908
-10.158
-9.6993
-10.229
-11.522
-10.541
-8.4357
-5.546
-4.2839
-2.5237
0.23411
3.2207
3.9123
5.4944
3.9617
1.3908
-0.87298
-2.2831
-4.9413
-9.0802
-10.683
-11.816
-11.717
-8.9595
-5.8875
-0.902
4.7828
9.0192
11.442
12.891
12.995
13.17
10.959
7.5343
2.355
-2.6224
-7.6594
-10.797
-13.509
-14.639
-13.53
-11.924
-10.119
-9.6299
-8.0553
-5.3603
-0.91759
2.5604
3.0076
2.7341
2.315
1.5912
1.0475
-1.0059
-2.5502
-4.5329
-5.4265
-8.5467
-10.193
-10.038
-7.9534
-4.9266
-1.8378
0.89186
4.003
6.8187
7.1844
7.1643
6.6235
5.1528
2.8833
-0.9106
-3.7776
-6.0079
-6.6229
-8.0946
-9.239
-12.656
-15.233
-13.919
-11.537
-9.0758
-5.9726
-2.3694
2.9148
8.8065
14.478
18.608
22.603
24.293
24.906
23.057
17.229
9.3342
2.5464
-4.8192
-11.302
-17.095
-23.023
-25.959
-26.972
-24.933
-21.333
-16.489
-11.531
-4.7001
3.9211
11.245
17.557
21.307
22.909
23.664
21.938
18.425
12.797
6.2801
0.18356
-6.3872
-13.369
-18.788
-22.003
-23.169
-21.113
-17.147
-11.535
-3.7477
3.369
10.854
17.646
23.199
25.074
24.987
21.85
17.916
14.287
7.9005
2.2643
-2.7122
-8.4171
-13.498
-17.433
-19.809
-20.234
-18.932
-16.678
-13.552
-7.8938
-3.1026
2.7461
8.8018
14.28
18.329
19.945
19.797
19.038
15.608
10.02
3.887
-1.1813
-7.0051
-11.171
-14.42
-17.166
-18.388
-16.665
-14.583
-10.979
-6.6243
-0.95772
2.925
4.6681
5.0227
5.002
4.869
6.1021
7.081
6.0093
3.9328
2.0973
-1.1564
-3.5235
-5.9281
-8.0374
-8.0421
-7.5834
-5.3228
-2.5773
0.75514
3.1544
5.3247
6.9168
7.6776
7.8895
7.8371
6.1302
5.2965
4.1994
2.696
0.86139
-2.4247
-4.3258
-7.2184
-7.8579
-9.5129
-11.948
-14.73
-16.532
-16.876
-16.819
-16.491
-15.286
-11.95
-5.6265
-0.031638
4.6616
9.2155
13.495
17.104
16.686
14.975
10.984
5.2703
-0.75841
-5.4742
-9.5486
-12.549
-14.192
-14.31
-11.314
-8.2667
-3.7345
0.26737
4.2297
6.4054
7.1722
7.2695
4.9256
1.9188
-0.18446
-2.4517
-5.101
-7.6585
-11.153
-14.289
-16.499
-15.651
-12.281
-8.8558
-3.7465
1.9952
6.7229
10.024
11.909
11.395
9.4623
7.1443
3.9188
1.3765
-1.0585
-3.9889
-7.8087
-11.631
-13.086
-12.991
-11.225
-5.4678
0.8615
6.9097
11.947
15.628
17.878
18.892
18.684
16.349
11.024
4.5704
-1.8127
-9.3303
-17.655
-23.5
-27.221
-28.91
-27.374
-25.134
-21.726
-16.589
-9.8735
-3.2257
1.5574
5.5897
8.2465
8.119
7.9044
5.5681
1.9823
-1.5624
-5.5663
-8.7151
-10.82
-12.282
-12.419
-11.167
-7.5299
-3.1344
0.27799
4.4645
8.9488
10.81
10.578
9.029
5.7923
2.7753
-2.0049
-5.6419
-7.6748
-8.4201
-10.015
-12.031
-15.144
-16.454
-16.52
-16.191
-13.985
-9.9721
-5.2982
1.2702
7.8599
15.248
21.766
26.04
27.061
25.478
21.195
12.93
2.6349
-7.2374
-16.777
-23.988
-28.322
-29.196
-29.031
-28.389
-25.505
-18.046
-10.246
-1.8393
6.0018
12.308
17.603
20.596
21.456
21.124
20.286
17.808
12.403
4.5314
-3.3441
-11.846
-18.006
-24.261
-26.79
-27.444
-25.226
-20.045
-13.346
-6.0967
0.30175
5.9006
9.3448
11.809
13.068
12.551
12.091
9.3182
6.8141
4.8394
2.9178
0.033781
-4.4244
-6.0349
-5.4705
-3.1133
-1.137
1.554
2.9873
3.0926
1.0511
-0.71553
-3.3961
-5.283
-7.8004
-8.2287
-9.3044
-9.4677
-10.083
-9.6555
-6.3701
-4.1385
-0.11925
3.4877
6.4323
8.7211
11.452
13.376
14.828
14.204
10.916
7.458
4.3393
1.1156
-2.5953
-5.4476
-8.0702
-9.8837
-9.8429
-7.4269
-1.7896
4.9285
10.588
17.758
23.609
28.478
28.881
26.548
22.752
16.465
8.0142
-0.83709
-8.7806
-16.193
-21.232
-25.689
-27.63
-27.338
-25.568
-21.961
-16.646
-9.7885
-2.0288
6.7865
14.754
21.471
25.988
29.312
30.635
30.416
25.806
18.453
9.325
-1.6359
-13.499
-25.395
-34.585
-40.461
-42.115
-38.484
-30.311
-21.147
-11.917
-0.43729
9.4058
18.403
24.228
29.396
32.004
31.729
28.68
23.504
17.374
8.6908
0.31643
-8.5513
-17.062
-23.269
-29.125
-31.719
-30.613
-27.287
-20.143
-9.9732
3.7445
16.806
26.918
34.249
38.656
38.175
34.242
26.131
15.546
3.0214
-8.9858
-21.105
-29.845
-36.673
-39.705
-38.37
-32.979
-24.859
-15.28
-4.6658
7.1792
16.933
25.154
30.551
32.355
31.13
26.924
19.633
10.644
0.13415
-10.423
-20.148
-28.69
-35.54
-39.105
-37.255
-31.913
-22.238
-11.729
1.3309
14.851
26.956
38.319
46.058
48.999
47.713
43.265
34.884
23.882
10.203
-3.6546
-16.858
-28.636
-35.623
-39.627
-39.065
-35.885
-28.358
-18.936
-8.5271
1.8061
12.498
20.445
25.007
26.401
25.239
22.522
17.148
11.136
2.9963
-5.2129
-12.784
-19.816
-23.033
-24.775
-22.494
-18.099
-11.933
-3.9355
3.1842
8.4075
12.912
14.736
13.951
13.309
11.759
8.1711
2.6414
-2.4026
-7.601
-11.993
-15.743
-18.948
-19.39
-17.401
-13.789
-10.833
-6.8523
-0.47952
4.727
10.689
14.607
19.051
20.551
21.004
19.074
17.09
15.41
12.041
7.6235
3.4471
-1.488
-5.6695
-10.004
-12.956
-16.362
-17.841
-17.56
-17.261
-16.787
-13.335
-9.6031
-4.4267
-0.76278
2.9886
5.8949
8.0361
8.798
9.2776
8.7983
7.6451
7.0038
5.0071
1.8519
-2.2442
-7.6058
-12.678
-17.899
-22.173
-24.334
-24.449
-21.027
-13.867
-5.1237
4.2109
13.638
22.735
29.018
32.292
32.393
31.433
26.424
18.178
9.0101
-1.4337
-11.657
-21.854
-28.53
-33.729
-34.244
-31.279
-25.559
-15.575
-3.8236
8.2547
19.703
29.015
35.8
39.551
39.398
35.289
26.459
14.308
1.5369
-10.771
-21.607
-29.972
-35.802
-39.778
-38.636
-33.03
-24.421
-13.176
-0.8411
11.19
20.188
26.486
30.819
31.685
30.041
25.911
20.042
12.109
4.518
-3.1114
-8.9022
-12.252
-14.301
-13.091
-10.808
-6.6856
-0.4842
4.3976
7.639
11.011
15.737
19.271
21.946
22.135
21.314
18.993
14.408
10.214
4.8343
-0.85744
-3.5919
-3.7437
-3.3602
-1.6106
-1.1989
-0.14481
1.7444
2.3215
1.0379
-0.6117
-3.0405
-3.5501
-4.5942
-5.0744
-3.8518
-3.1734
-3.3722
-3.9021
-3.435
-2.9663
-0.79436
1.7024
1.5551
2.1871
2.885
2.8713
2.4412
1.5374
1.8575
2.0971
2.4738
2.9573
2.7974
2.038
1.0451
-0.21967
-2.0146
-2.6713
-3.2834
-1.4406
0.52517
3.6191
6.3618
7.9734
7.1457
5.3241
2.2421
-1.5012
-5.0304
-6.9724
-6.292
-6.1115
-3.6818
-0.8934
2.0033
3.4566
4.6813
4.5007
4.4752
2.944
0.97595
0.69873
0.29151
2.0906
4.0366
6.0137
6.6585
7.4558
6.6601
6.3124
6.1807
6.9258
8.1024
8.3055
6.806
2.9586
-0.98764
-3.8608
-6.3858
-6.5708
-3.9531
0.91431
6.1106
9.9736
13.712
16.446
17.036
14.895
10.136
4.7273
-1.3876
-5.2173
-8.9181
-10.697
-12.567
-12.741
-11.976
-9.412
-6.4603
-1.0028
4.3798
9.2516
13.286
16.12
16.793
16.116
13.252
8.5855
3.9759
-1.5188
-6.4272
-11.3
-13.679
-13.314
-13.244
-13.242
-10.628
-6.3388
-2.143
1.6087
4.6189
7.0363
7.9873
8.6352
9.207
8.7807
6.8615
5.9122
3.8009
3.0033
3.7432
4.3441
3.2517
2.3157
1.2511
1.2235
1.6536
3.4421
6.7965
9.8549
13.269
15.377
15.974
15.225
15.295
13.642
10.071
7.102
3.9594
0.17913
-4.4636
-10.459
-15.028
-19.588
-21.633
-21.662
-18.866
-13.97
-9.5346
-5.2339
-0.49357
2.5316
4.7599
6.3442
7.0616
7.9409
6.0376
2.7988
-0.26866
-4.6252
-9.5574
-13.477
-16.675
-19.736
-20.32
-19.317
-15.126
-9.0639
-1.6674
4.9432
9.5549
12.004
12.541
11.712
11.619
9.2448
6.5087
2.3186
-1.377
-5.1582
-8.5038
-9.0029
-10.159
-9.607
-8.3207
-6.0228
-4.6401
-3.2158
-0.20438
1.4534
2.2763
2.3827
1.9018
1.9396
1.5603
0.34921
-0.78999
-2.4648
-4.9513
-7.2719
-9.6107
-11.245
-10.54
-8.438
-3.929
0.97238
7.5552
12.103
15.243
17.689
17.554
16.674
12.708
8.1747
2.6574
-2.2244
-6.7765
-10.442
-13.948
-15.1
-16.341
-13.74
-11.648
-8.7291
-5.9881
-3.0506
-0.21978
3.0814
5.9909
5.729
6.3607
7.2986
6.4056
3.7886
-0.90405
-4.9351
-7.6843
-9.7937
-8.6668
-7.3142
-5.4042
-2.6037
0.0087043
2.9056
5.2163
6.3378
5.9125
5.8557
4.4477
2.1129
-1.2202
-3.5674
-4.0678
-4.1516
-4.6391
-5.3825
-4.5458
-3.8522
-0.54655
1.6893
4.0336
7.4339
9.986
13.326
14.921
14.745
13.441
11.453
8.5041
3.335
-2.2804
-8.3162
-13.712
-16.819
-17.534
-17.416
-14.742
-10.692
-6.7624
-1.8482
4.3525
10.122
15.644
19.078
19.932
19.213
16.922
13.427
8.2903
2.4258
-2.5626
-6.1587
-9.6129
-10.718
-9.5857
-5.4951
-3.1203
-1.044
-0.63776
0.054882
-0.35078
-1.5426
-0.72092
0.38167
0.10453
-1.7708
-2.4122
-3.2987
-3.6234
-4.2982
-4.6816
-4.0555
-3.7013
-2.2277
-2.5169
-1.7177
-1.9034
-1.8062
-1.3934
-2.5595
-3.4537
-4.0641
-3.8471
-6.1557
-6.261
-5.3202
-2.2586
1.5757
6.0838
9.5941
12.813
15.824
16.773
14.972
12.506
6.8164
1.957
-4.2306
-9.3227
-13.465
-16.707
-19.775
-20.454
-19.079
-16.584
-13.002
-7.2703
-0.57493
7.5783
15.327
22.035
25.581
25.233
22.225
18.432
12.879
6.9093
-0.055327
-7.2161
-13.468
-17.637
-19.071
-17.673
-14.427
-10.341
-4.7202
1.0401
7.1808
13.25
17.492
21.575
22.944
22.359
19.73
17.009
13.307
8.8604
2.5782
-4.9799
-12.001
-17.684
-21.302
-24.284
-24.767
-22.457
-18.519
-11.917
-3.3485
6.5545
15.283
22.814
28.333
32.716
34.088
32.854
27.094
18.784
8.583
-1.4715
-11.734
-21.805
-28.944
-33.604
-34.876
-33.599
-28.976
-20.75
-11.224
0.27261
12.968
24.823
33.31
36.761
36.065
30.812
23.716
12.992
2.3026
-8.7397
-18.037
-25.738
-31.863
-34.27
-33.502
-28.979
-22.146
-12.517
-1.5921
9.3929
18.798
26.995
32.015
33.731
32.207
28.882
23.317
12.951
0.72299
-10.575
-21.849
-31.182
-37.887
-40.754
-39.682
-35.583
-29.022
-19.541
-9.3615
-0.057503
8.3721
16.162
23.044
26.636
28.368
27.062
23.029
18.869
14.312
9.1812
3.733
-2.1774
-7.1725
-12.917
-16.619
-18.136
-18.285
-16.627
-13.632
-9.8308
-3.8573
4.5225
13.264
19.67
24.337
26.371
27.109
26.592
23.033
16.774
7.6146
-1.3167
-10.177
-16.051
-20.868
-23.84
-23.195
-20.323
-14.918
-9.6347
-1.766
5.7524
12.048
18.497
23.277
25.938
26.343
23.044
17.044
8.8377
-0.84151
-10.617
-17.758
-23.459
-26.19
-25.034
-21.512
-16.056
-8.603
-1.4997
4.465
9.0019
12.427
16.716
21.569
23.426
22.608
18.872
12.59
4.6976
-2.0555
-10.134
-17.238
-21.311
-23.604
-25.498
-24.866
-21.03
-15.572
-9.129
0.2647
8.9092
16.148
21.763
26.256
28.434
29.328
28.278
26.209
20.419
14.143
8.8282
2.703
-2.9644
-5.6746
-8.521
-10.478
-10.295
-7.6882
-4.3964
0.08006
3.0323
5.2831
6.7408
8.2575
9.0527
7.8214
3.9492
2.0134
-0.73297
-4.8484
-7.1776
-7.5241
-6.9958
-6.0835
-5.0663
-2.3597
-0.0064025
1.1279
3.5417
6.9488
9.8181
11.2
12.996
12.567
10.724
7.7353
4.7007
1.545
-0.1597
-3.4134
-6.0234
-7.3452
-7.0855
-5.3261
-4.867
-3.8384
-3.162
-1.9736
0.57832
4.4833
8.374
12.785
14.105
13.137
11.037
8.7602
4.7242
-0.73251
-7.8796
-15.104
-19.936
-21.527
-21.768
-19.686
-16.047
-12.256
-8.9512
-4.7258
0.51899
6.0441
10.179
13.086
14.675
14.474
12.894
10.252
5.922
-0.77369
-7.1786
-12.644
-17.662
-20.648
-21.502
-19.968
-17.523
-15.931
-13.532
-11.696
-7.0706
-2.7782
2.3674
7.8865
12.686
16.165
19.457
20.986
20.934
17.749
12.653
6.6372
-1.3091
-9.8392
-17.499
-22.157
-25.462
-27.566
-26.438
-22.104
-15.912
-10.14
-2.7585
4.949
11.138
17.468
22.378
24.878
24.339
19.202
12.745
4.7463
-2.7395
-9.2517
-15.733
-19.94
-23.384
-25.078
-23.96
-19.192
-13.013
-6.2753
