0
0.6272
0.33668
0.17165
0.45448
0.31619
0.31226
0.52519
0.2271
-0.72865
-0.67164
0.59014
0.17927
0.59994
0.14076
1.0042
0.59091
0.35676
0.96832
1.1902
0.40454
0.50811
0.015813
0.20765
0.4158
0.49327
0.83241
0.68182
0.60439
1.8738
1.1593
1.0298
0.75644
0.4005
-0.11135
-0.12788
-0.31661
0.4238
0.18435
0.17324
0.64755
0.93943
0.82073
0.51523
0.40745
0.7694
0.30392
0.49377
0.56606
0.31013
0.76216
1.6971
0.88138
1.1986
1.934
1.5629
1.0963
0.98264
1.4755
1.5352
1.0307
1.5356
1.4422
1.6122
1.1227
0.98011
0.82374
0.60374
0.11456
0.30852
-0.097282
-0.38384
0.31027
1.2739
0.38561
-0.10747
0.19069
0.19193
0.2432
0.55735
0.9351
0.79913
1.6307
1.2667
0.88995
1.2604
0.64144
1.7587
1.6288
0.85711
1.3006
1.0085
0.60577
0.65819
0.03207
0.5462
0.41493
-0.19075
-0.032677
-0.090728
0.21633
0.33217
0.028017
0.6816
0.45277
-0.033012
0.55446
0.2774
0.29866
1.1103
0.55277
0.4781
0.92974
0.49716
0.33287
-0.42676
0.47328
0.11542
-0.046005
0.017566
0.13919
0.59476
0.39595
-0.044071
-0.19325
-0.55582
-1.2193
-0.52448
0.13671
0.25218
0.28377
-0.24175
-0.29427
-0.079854
0.012684
-0.71016
-0.34064
0.025762
-0.48977
0.83019
0.34011
0.46412
0.42478
0.16183
0.56074
0.64404
0.083202
0.89526
0.15919
0.1931
0.9444
1.1003
0.45668
0.62979
0.38939
0.38191
0.62049
0.37266
-0.055499
0.12104
0.04322
0.033674
0.30619
-0.034776
-0.53273
-0.23202
-0.41784
-0.31853
-0.13252
0.40049
-0.15157
-0.24205
0.47415
0.027556
0.49186
0.86077
-0.07287
0.092134
-0.064934
0.072858
0.013863
-0.13257
0.46013
-0.0079884
0.65657
0.73703
0.38244
0.63873
0.16321
0.12904
0.44888
0.56627
0.5523
0.87992
1.0341
1.0857
0.54803
0.62562
0.59365
0.37815
0.22498
0.28789
0.78562
1.5866
0.55951
0.22463
0.63708
0.18355
0.193
0.36855
-0.14088
-0.09151
-0.068104
0.056995
0.11998
-0.36159
0.27454
0.27606
0.62525
-0.2076
0.52904
-0.14377
0.29632
-0.43354
0.032453
-0.7271
-1.0785
-1.1493
-0.56763
-1.0119
-0.72577
-0.51995
-0.86263
-1.2991
-0.78909
-0.61367
-0.38291
-0.85662
-0.74923
-0.92882
-0.85704
-0.96628
-0.94005
-0.23364
-0.73824
-0.58507
-0.37996
-0.33834
-0.49597
0.18941
0.71925
0.34796
-0.084876
-0.5386
0.020093
0.81708
0.31887
0.12626
0.66092
1.0765
0.33819
0.38041
0.76772
0.78896
0.86718
1.4316
0.75006
1.4457
1.0114
0.91822
0.77247
1.227
0.6336
0.84481
1.0414
0.56101
0.38521
0.97907
0.32405
0.72155
0.28711
0.5016
0.68307
0.48229
0.85094
0.94668
0.84367
0.79686
0.54336
0.68246
0.5611
0.84375
0.85646
0.62748
0.35699
-0.14455
0.34081
0.11317
0.085378
0.5218
0.039614
0.023104
0.54363
0.69255
0.026515
-0.029957
0.42227
1.0478
0.40637
0.52012
0.26155
0.20286
0.40544
0.60718
0.43168
-0.30269
-0.78156
-0.29761
0.50607
0.58112
0.11507
-0.35024
-0.04211
0.58411
0.23729
0.34711
0.69258
0.20687
0.0242
-0.038346
0.054537
0.41455
0.12166
-0.28091
0.45813
0.097412
-0.15767
-0.72308
0.026782
-0.31491
-0.89541
-0.47313
-0.35722
-1.0487
-0.71128
-0.37843
-0.56737
-0.81268
-0.54984
-0.11635
-0.66769
-0.8769
-0.32116
-0.26727
-0.41146
-0.68787
0.11717
0.1282
0.097562
-0.54205
-0.26198
0.052856
-0.29953
-1.1815
-0.49353
-0.19049
0.017413
-0.04934
-0.29555
0.090473
0.031263
0.2426
0.39651
0.33041
-0.079052
0.56436
0.40159
0.61882
0.72112
0.57937
-0.15729
-0.066452
0.33768
0.78043
0.4867
1.3027
0.64562
1.1713
0.8031
0.25021
0.28257
0.50495
0.14402
-0.02404
0.22436
0.66908
0.11259
0.3891
0.3936
0.55542
0.37645
-0.48121
0.83137
0.40816
0.5368
0.36502
-0.2119
-0.46566
-0.39479
0.56523
0.41633
0.44961
0.59138
1.0137
0.84454
0.87792
0.21262
0.42578
0.83205
1.3711
0.92773
0.44315
0.60973
0.77463
0.80813
0.72014
1.258
1.412
0.59803
0.62269
0.7654
-0.072255
0.93117
0.87596
0.69013
0.96867
0.29015
0.65486
0.61649
0.66988
0.16202
-0.050276
-0.43226
-0.80981
-0.21649
-0.093329
-0.29417
-0.29138
-0.10035
-0.58099
-0.56992
-0.60446
-0.40784
-0.66037
-0.35746
-0.33874
-0.16156
-0.29156
-0.16891
0.24942
0.094546
1.0226
0.29942
0.20639
-0.28252
-0.12199
-0.091381
-0.1883
0.3258
0.27616
-0.10906
0.46967
0.40089
-0.49291
-0.26046
-0.78436
-0.40904
-0.57694
-0.19564
0.088127
-0.40399
-1.0927
-0.80174
-0.9729
-0.68178
-1.0496
-0.9605
-0.82949
-0.65352
-0.4763
-1.1213
-0.95377
-0.7514
-0.56446
-0.5361
-1.2574
-0.95596
-1.7027
-1.0846
-1.3463
-0.9343
-0.47361
-0.6567
-1.0563
-1.051
-1.3622
-1.4615
-1.1228
-0.94728
-1.2358
-0.90115
-0.5435
-0.60183
-0.50503
-0.99179
-0.95177
-0.97614
-0.97407
-0.40374
-0.82332
-0.93114
-0.74535
-0.54291
-0.17971
-0.45821
-1.0826
-0.9026
-1.07
-0.90511
-1.4135
-1.2456
-1.4044
-1.0634
-1.1522
-1.1818
-1.1883
-0.94847
-1.1316
-1.341
-0.30146
-0.82256
-1.1252
-1.4426
-1.0691
-0.81351
-0.78912
-1.0994
-0.55446
-0.36401
-0.020467
-0.61004
-0.37514
0.031111
-0.10424
0.3239
0.60607
0.45722
1.2037
0.8505
0.71587
0.47176
0.4436
0.42776
0.81062
0.17664
0.21201
-0.25154
0.26174
0.53229
0.34949
0.063194
-0.13948
0.31966
0.49967
0.21847
-0.094185
0.3849
0.03367
0.31904
0.24954
0.42107
0.19339
0.73306
1.1848
0.40556
0.70157
0.74958
0.25742
0.57231
0.5149
0.74112
0.3038
0.85026
0.58419
0.3552
0.077103
0.25209
-0.23701
0.10007
0.99699
1.0782
1.0009
1.4384
1.765
1.4149
1.9209
2.0477
1.6095
1.256
0.73875
0.37772
1.1865
0.81133
1.6482
1.1402
2.2353
1.1574
0.78181
0.77949
1.2266
1.7697
1.4023
0.97289
0.7337
1.2358
1.3273
1.0914
1.6793
1.2572
1.3066
0.86694
1.3332
1.9039
1.1288
1.2789
0.96935
0.49942
0.42431
0.74546
1.1157
1.4064
2.0603
2.2064
1.9339
1.4394
2.2728
1.9767
2.0411
1.5197
1.7767
1.6226
2.1767
1.6766
1.6169
1.5848
1.8254
1.6504
1.7631
1.5592
1.3774
1.8341
2.014
1.1537
0.99603
1.2154
1.7676
1.8891
2.0812
2.3592
2.8401
1.9358
1.8755
1.6585
1.3353
1.5823
2.0056
2.0357
1.9677
1.8059
1.6843
1.9226
1.0684
1.426
1.5074
1.7027
2.0097
1.6618
1.6659
1.4985
1.8396
1.8232
2.3565
2.3052
2.2276
1.5502
1.7522
1.6765
1.251
1.2409
1.0025
1.0844
1.3408
1.6559
1.7775
1.5995
1.9486
1.5929
0.94561
0.70859
1.1697
1.8136
1.8718
2.0785
2.2372
2.4919
2.305
2.3491
1.6991
1.7005
2.1483
2.4929
2.4385
2.5306
2.1663
3.0611
2.1991
2.2983
2.3766
2.7359
3.1678
3.3606
3.3929
3.207
3.3376
2.9299
2.8163
2.396
1.9431
1.7488
2.137
1.6868
1.9015
2.2776
1.4833
1.9771
1.5711
1.6563
1.5748
1.6189
2.0773
2.3281
2.2775
2.0887
2.5954
2.5577
2.2001
2.5892
1.4864
1.9227
1.9204
2.0561
2.0267
2.3805
2.5162
2.1472
1.5162
2.0027
2.3926
1.6466
1.4838
1.6322
2.0877
2.0578
2.017
2.3319
2.34
2.0931
2.4024
1.9136
1.6253
2.2301
2.3658
2.8501
2.7473
2.6602
2.244
2.3402
2.4635
1.9185
2.2207
2.398
2.3427
2.2743
1.7261
1.506
1.5101
1.6287
1.009
1.4809
2.2076
1.9378
2.1291
1.2048
1.609
2.155
1.8197
1.8553
1.5471
1.5629
1.0442
1.0886
1.5182
1.4366
1.116
0.86375
1.0529
1.4967
1.7834
1.7502
1.908
1.9552
2.699
1.5403
1.6411
1.3566
1.3299
1.2558
1.4809
1.1575
0.78963
0.80515
1.1525
1.8937
1.212
1.4041
2.3524
1.7079
1.8436
1.3382
1.7209
1.6386
1.2447
1.869
1.5545
1.9749
1.6421
1.0894
1.1098
1.8132
1.6079
1.7936
1.8168
2.2666
2.0291
1.8674
2.1244
2.2801
2.3331
1.9847
1.3714
1.3834
0.65695
0.82247
1.6768
1.6482
1.8062
1.1144
0.93586
1.0409
1.2474
1.1787
1.3916
1.4786
1.9046
1.5883
1.6537
1.7968
1.3116
1.4765
1.9092
1.1171
1.3924
1.5444
1.5894
1.2998
1.5361
1.4144
1.3267
1.8257
2.0081
1.9206
1.1548
1.8027
1.2803
1.4633
1.6723
1.2296
1.9187
2.2577
1.8704
1.4576
0.82911
1.1479
1.3463
1.151
0.84119
0.75924
0.53739
0.92251
0.75216
1.7646
1.9427
1.8137
2.7948
2.2942
2.7311
1.6765
1.7057
1.8813
2.4357
1.4186
1.3946
1.2295
0.63074
1.6719
1.3689
1.8941
2.3898
1.6876
1.3307
1.7894
1.7598
1.6455
2.0949
2.7015
3.0685
2.2711
1.8403
1.9012
1.3683
1.4012
1.1699
1.1623
1.1504
1.2683
0.99729
1.5567
1.6238
1.9006
1.9504
1.8441
1.9935
1.9351
1.9398
1.4616
1.5767
2.0593
1.8831
1.613
1.8465
1.4528
1.9106
2.5005
2.2644
2.2626
2.4303
2.4509
2.4563
2.4903
2.5987
2.6916
3.0695
2.0042
1.9226
2.4987
1.8357
1.635
1.4608
1.3169
1.3085
1.5111
1.7201
1.8229
1.7999
1.8582
1.7488
1.8889
1.7481
2.5694
2.4381
2.5764
2.2615
2.002
2.6918
2.5333
2.498
2.0871
1.3674
1.7759
1.8969
1.758
2.4637
2.3537
2.2288
2.2403
1.6611
1.6232
1.4609
1.8718
1.474
1.9036
1.7752
2.051
2.2031
2.1844
1.375
1.1623
1.3064
1.1783
1.9352
1.5992
1.6206
2.2948
1.6799
1.2804
1.5678
1.4574
1.5663
0.87574
0.77254
1.1834
1.1778
1.0825
1.1318
1.6197
1.6851
1.4346
1.7011
2.1189
1.1943
1.4879
0.7543
0.87671
1.2198
1.4247
1.1352
1.4143
1.6052
1.4374
1.5528
1.515
0.9144
1.505
1.2101
1.0791
2.1906
2.0882
2.0427
2.8245
2.3164
2.0793
1.2256
1.6199
1.7882
1.8288
1.0641
0.75677
0.37074
1.2797
1.391
1.2383
1.0838
1.7036
1.405
1.4461
0.8999
1.7438
1.9671
2.1174
1.6667
1.6628
0.9269
1.3156
1.3575
1.1288
1.5855
1.3062
0.53617
0.95989
1.4537
1.5091
1.5911
1.0118
1.0878
1.1245
1.6125
1.4377
0.62389
0.14589
0.4274
0.8975
0.9358
1.3397
1.9092
1.4657
1.7081
1.7927
2.3884
1.8019
1.4631
1.194
1.1238
1.0382
0.88188
1.0401
0.61488
0.58478
0.66548
0.38025
-0.15969
0.49039
-0.73843
-0.14813
0.099303
0.030936
-0.13366
0.31232
-0.03145
0.059902
-0.21334
0.043837
0.051267
-0.097347
-0.17241
-0.71909
-0.45968
-0.37392
-0.16619
0.39341
0.54721
0.87608
1.1731
1.2528
0.89509
0.70311
0.62447
0.15995
-0.0026521
-0.66856
-0.057491
-0.16615
0.57688
-0.049402
0.845
0.77396
0.30647
-0.0049118
0.02591
0.21689
0.3679
-0.32778
0.50056
-0.078341
0.56211
0.33945
0.12689
0.1822
0.5799
0.23439
0.54233
0.79392
0.99861
0.77795
0.6004
0.88512
0.76989
0.79051
0.62011
-0.018907
-0.44084
0.12606
0.38057
0.11914
0.021307
0.42725
0.83812
1.0424
0.89081
0.21485
0.59583
0.48049
0.20355
0.01221
0.099451
0.33558
0.37182
0.24356
0.48175
0.59309
0.13137
0.69842
0.95637
0.852
1.4346
0.63306
0.82918
0.34815
0.49083
0.55056
0.63483
0.93767
0.77703
0.61779
0.44469
1.5043
1.2804
1.1438
1.4668
1.2206
0.83239
1.115
1.4788
1.3241
1.3869
1.3437
1.1562
1.7026
2.018
1.9635
1.6242
1.5945
1.0841
1.6268
1.9433
2.3995
2.337
2.2402
1.9151
2.1704
2.4221
1.8887
1.8657
1.7914
1.2081
1.3181
0.94497
1.5096
1.8924
1.4531
1.3286
1.6707
2.1783
1.8168
1.8926
1.5907
1.6386
1.5193
1.4681
1.6252
1.8494
1.6567
1.2596
1.1767
1.2094
1.0849
0.63544
0.77685
0.50341
0.60304
0.84355
0.58022
-0.28644
0.22544
0.14988
0.26497
0.50184
0.59581
0.63613
1.2193
1.0883
0.98592
0.39484
0.44366
0.057584
0.57012
0.79473
1.4426
1.5553
0.9433
0.82416
1.0224
0.72447
0.47278
0.74825
1.0759
1.4559
1.1911
1.0803
0.75434
0.88916
1.1662
0.40349
0.4576
1.1009
0.83322
1.0115
0.64063
0.54729
0.42743
-0.006876
0.26256
0.22525
0.85266
0.6021
1.2809
1.0402
1.9601
1.5131
1.3217
0.73356
0.77226
0.94192
1.5037
1.5087
0.66606
0.79939
0.75439
0.81991
1.0891
1.2658
0.97807
0.667
0.81672
0.98977
0.95252
0.81805
0.36313
0.086977
0.28284
0.42946
0.82845
0.45541
0.35007
0.49645
0.8938
1.2808
1.2127
0.37819
0.35877
0.15655
0.028466
0.92411
1.0177
1.2104
0.95732
0.47735
0.24964
0.654
0.35794
0.91548
0.63248
1.0515
1.0382
0.89082
0.48278
0.31312
0.22375
0.34585
0.088367
-0.62064
-0.48469
-0.60858
-0.39536
0.2879
0.029103
0.089864
-0.20924
-0.75731
-0.22311
0.33729
-0.24516
-0.52685
-0.49199
-0.02166
0.18997
0.42866
0.89673
1.3459
1.3371
1.2719
0.69965
0.3996
-0.32314
-0.20096
-0.34793
-0.69755
-0.3131
-0.31825
-0.50367
-0.30075
-0.33588
-0.17541
-0.14026
0.12693
-0.23209
-0.67988
-0.93481
-0.87086
-0.21633
0.14731
-0.49559
-0.70626
-0.57024
-1.1402
-0.73284
-0.28048
-0.70637
-0.44599
-1.0949
-1.1995
-1.415
-1.4046
-1.5093
-1.3644
-0.70699
0.17708
0.32311
-0.25084
0.22762
-0.069736
0.22307
-0.053281
0.19209
-0.087629
0.14552
-0.60933
-0.7802
-0.78613
-0.53967
-0.61306
-0.50374
-0.58365
-1.2816
-1.7944
-1.6657
-0.84538
-1.5113
-1.5817
-1.0031
-0.5588
-1.1095
-0.5187
-0.7594
-0.78686
-0.51686
-0.37765
-0.19692
0.071244
-0.1399
-0.70088
-0.37731
-0.22993
-0.82585
-1.3544
-0.91407
-0.090567
-0.16362
-0.68276
0.073474
0.51965
0.2839
-0.12916
-0.37851
-0.16993
0.24986
-0.026156
-0.045982
-0.29474
-0.1552
-0.52052
0.1033
-0.12893
0.50864
0.43243
0.97813
0.83487
0.93252
1.1221
0.62414
0.96882
0.44184
0.3415
0.59246
0.32894
0.32841
0.62173
0.29254
0.15485
0.40188
-0.14764
-0.1716
-0.44603
-0.57039
-0.53658
-0.45817
-0.12363
-0.66684
-0.84108
-0.89139
-0.041754
-0.60296
-0.61341
-0.5711
0.1723
0.030596
-0.75712
-0.62104
-0.75552
-0.54569
-0.25448
0.080185
0.14366
0.17206
-0.063242
-0.46441
-0.69021
-0.011154
0.6712
0.52054
0.41926
0.51451
0.53876
0.24802
0.7202
1.0236
0.85543
0.83283
0.49169
0.78512
0.30931
0.62648
0.21255
0.082605
0.62937
0.3338
0.20122
0.28163
-0.08767
-0.12031
-0.34403
-0.21307
0.17286
-0.036369
0.30017
0.67587
1.0477
0.6183
0.40924
0.79022
0.55245
0.25221
0.61407
0.29501
0.42938
-0.013475
0.74349
-0.15494
-0.066087
-0.21753
-0.75528
-0.55071
-0.8103
-0.34528
-0.22129
-0.56993
-0.24315
-0.73583
-0.80448
-0.62251
-0.71927
-0.33802
-0.5298
0.13365
-0.12193
-0.059584
0.8655
0.43632
0.47989
0.89042
0.57969
0.25161
0.7393
0.37375
0.29559
0.69967
-0.048163
0.59686
-0.23118
-0.11526
0.62604
0.49152
0.46418
0.5846
1.0574
0.95121
-0.10853
0.1105
0.49514
1.6844
1.4128
1.5883
1.3183
0.99205
0.45163
0.46671
0.80319
0.78666
0.78099
0.48044
0.16629
0.78072
1.4528
1.0605
1.3651
0.48517
0.2438
-0.23512
-0.22706
0.80739
1.1109
0.66226
0.47575
0.48671
0.99059
0.91375
1.247
1.2338
1.5585
2.0865
1.4021
1.527
1.9282
2.041
1.8286
1.546
1.6222
1.65
1.821
1.9885
2.2708
3.0274
2.5356
2.3945
2.1223
1.9928
1.396
1.6463
1.4887
1.3361
1.9518
2.0237
2.1277
0.93115
0.83008
0.80685
1.1933
0.89116
0.56471
0.48509
0.66266
1.1074
0.79615
1.1481
1.2772
0.87396
0.97789
0.46617
0.14436
0.58179
0.83075
0.83416
1.5826
1.5952
1.1384
1.115
1.9796
1.1276
0.70321
1.1292
1.1001
0.78701
0.26605
0.35531
0.37956
0.7489
0.5275
0.48095
0.27774
0.59295
0.89144
0.92984
0.76259
1.0084
0.44113
0.57701
0.64152
0.062289
0.30769
0.58306
0.032576
0.65834
0.60384
0.84524
-0.06678
0.26412
0.82115
0.72157
1.688
1.1134
0.98463
1.193
0.43559
0.81775
0.6425
0.65808
0.021811
0.48736
0.18775
0.52106
0.18291
0.35796
0.52902
0.47809
0.24064
0.42682
0.96469
0.16743
-0.34363
-0.3198
-0.12724
-0.1227
0.10289
0.91236
0.60978
0.52905
0.33895
0.56199
0.19127
0.39299
1.2421
0.88217
0.72864
0.41734
0.025812
0.50309
0.58017
0.43577
0.53609
1.116
0.79636
0.23985
0.44353
0.44444
0.51506
0.0028564
0.15836
-0.12571
0.1385
-0.34056
0.0937
0.16203
0.70029
0.0035954
-0.2953
-0.44215
-0.4241
-0.20081
0.29034
0.58628
0.70865
0.20674
-0.3926
-0.47802
-1.0407
-0.65247
-0.60627
-0.7013
-0.71641
-0.50402
-0.58654
-0.25889
-0.429
0.21733
-0.10337
-0.21155
0.44331
0.22482
0.22016
0.017305
0.46461
0.68116
0.96634
0.95177
-0.039675
0.7643
0.047036
0.3642
-0.21431
0.13806
0.026252
0.05756
1.013
0.1153
0.2702
0.30857
0.50945
0.38993
0.30504
-0.2239
0.086628
0.64518
0.62964
0.412
0.31973
0.40803
0.92572
0.99057
1.2804
0.9463
1.2868
0.072704
0.47043
0.027633
-0.20186
0.068091
-0.013276
0.40113
0.27638
-0.11941
0.42146
0.49164
0.80771
0.58199
0.5889
0.5397
0.61544
1.042
1.0006
0.72557
1.4394
1.0497
0.93486
0.92655
1.053
0.51468
1.2597
1.0847
1.482
1.1629
1.1307
0.88327
1.2089
0.77402
1.8254
0.8612
1.3119
1.4317
2.0337
0.8365
1.4181
1.3846
1.4909
1.2213
1.2214
0.9709
0.32427
0.48175
0.6926
0.84039
0.99316
0.82405
0.2515
0.27808
0.61826
0.26932
-0.19326
-0.23575
-0.47899
0.19318
0.3733
0.32433
-0.28845
0.38711
0.94722
0.54618
0.25996
0.28903
0.71253
0.99743
0.78484
0.6616
0.76082
0.18838
0.34572
0.2239
0.80439
0.62629
0.41949
0.029245
0.28913
0.85928
0.45472
0.16707
0.13683
0.34522
-0.46195
0.58377
0.0457
0.52424
0.58077
0.39753
0.52799
1.1221
0.78327
0.72491
0.98698
1.0154
0.88815
1.0473
0.97503
0.91521
0.33372
0.80684
1.0244
1.4759
1.7215
1.3978
0.82011
1.1507
1.6226
1.8151
1.7062
1.237
1.576
1.4591
1.697
1.2618
1.1272
0.97773
1.1734
1.4152
1.0443
1.1935
1.0064
0.93777
1.695
2.3662
2.2207
1.6225
1.556
0.81806
0.68569
1.0346
1.0283
0.8627
0.32585
0.93472
1.1736
0.94351
1.171
0.68885
0.78949
0.5741
0.64885
0.45991
0.81555
0.39901
0.41844
0.31947
0.61272
0.76565
0.80488
0.79251
1.3929
1.0047
0.59314
1.0038
1.0653
1.0324
0.67453
0.14983
-0.063704
0.48297
0.26711
0.46357
0.2233
0.3598
0.55193
0.11227
0.19494
0.55073
1.601
0.48108
0.71646
0.97087
0.33373
0.3186
0.23005
-0.1125
-0.037039
-0.11684
-0.48611
-0.040547
0.00097563
-0.19933
-0.45195
-0.52109
-0.78192
-0.79369
-0.15915
-0.43839
-0.75958
-0.70857
-0.24826
-0.073254
-0.38349
-0.33061
-0.2284
0.14062
0.036086
0.079103
-0.66669
-0.50329
-0.26643
-0.10707
-0.043346
-0.16827
-0.26444
0.38739
-0.23521
0.17072
0.10254
-0.088528
-0.42265
-0.27476
0.079605
0.065887
-0.044934
0.16098
-0.54045
-0.49863
-0.84676
0.057346
0.44937
0.044053
0.42834
-0.23734
-0.64849
-0.2046
-0.77386
-0.75576
-0.57383
-0.8415
-0.082085
-0.13383
-0.18661
0.15913
1.1118
0.5238
-0.026449
0.030787
0.13391
-0.19398
-0.58626
-0.20152
-0.19888
-0.006445
0.34587
-0.59931
-0.93309
-0.41385
-0.37388
-0.75034
-0.20226
0.32806
0.45204
-0.37368
0.23296
-0.36261
-0.74965
-1.0096
-0.67967
-0.87712
-0.047541
-0.14885
0.31423
-0.061364
0.54984
0.22869
-0.51952
-1.3177
-1.1665
-0.51516
0.01339
0.11533
0.30008
1.0675
1.2855
0.96413
0.38608
0.62203
-0.19467
0.25108
0.10179
-0.22965
-0.15042
0.12667
-0.15882
0.24588
-0.37042
-0.24176
-0.28786
-0.15142
0.27404
0.028512
-0.16869
-0.057499
-0.78069
-0.28165
0.28541
0.042742
-0.034459
-0.14646
-0.30297
-0.21547
-0.30095
-0.52527
-0.0092337
-0.16941
-0.68208
-0.043312
-0.2062
0.3236
0.37575
-0.018336
0.53705
0.4025
0.086374
0.26967
0.37529
0.43316
0.13668
-0.031894
-0.27866
0.27684
0.011955
0.40185
-0.073919
0.050744
-0.10326
0.037101
0.037073
0.07942
0.4474
0.28596
0.60851
0.52015
1.0721
0.58457
1.1763
0.88016
0.80897
0.73656
1.3481
0.91406
1.1511
0.90852
0.7472
1.1117
1.3138
1.1259
0.25506
0.40101
0.76894
0.94929
0.49051
0.8276
1.3285
0.95123
0.84739
0.52708
0.45324
0.73767
0.82462
1.4817
1.5475
1.2651
1.6316
1.778
1.7196
0.89766
0.49687
0.16961
0.011167
0.61903
1.2521
1.347
2.138
1.982
1.7519
2.3248
2.3052
2.1952
2.256
1.5509
1.3736
1.3704
0.73502
1.3647
1.1211
1.268
1.2288
1.8712
1.7441
1.5085
1.1863
1.2337
2.0143
1.5525
1.7851
2.1407
2.1174
2.0723
2.0896
1.8073
1.1307
1.401
1.0871
1.2301
1.4216
1.1815
1.3021
1.6205
1.7382
1.2962
1.1015
0.88357
1.048
1.3646
1.7146
1.6091
2.2937
1.4364
1.7023
1.4495
1.8557
1.5634
1.7291
1.9389
1.6041
1.1015
0.93141
1.2258
1.574
1.7704
2.2113
1.9011
2.2692
1.535
1.8913
1.5959
2.2703
1.8609
2.1707
1.7717
2.3585
1.93
2.0922
2.5189
2.4254
1.9044
2.2662
2.2011
1.7841
2.4991
2.0185
2.209
2.3316
2.1944
2.2085
2.2518
2.3826
2.1788
1.6172
1.6118
1.7141
1.2161
0.85258
0.62017
1.2424
1.0841
1.0928
0.92865
0.42863
0.53264
0.048859
0.18084
0.077715
-0.028451
0.56852
0.67955
1.1582
1.5768
1.498
1.246
1.4371
1.6827
2.3239
1.5274
1.4899
1.1051
0.74991
1.1488
1.0585
0.74317
0.95523
1.0553
0.99009
0.78715
0.49436
0.78696
1.17
0.79225
1.1166
0.69711
0.055939
0.42654
0.94242
0.95473
0.8323
0.63435
0.3219
0.11682
0.43894
0.70517
0.49781
0.51255
0.10817
0.30792
0.21382
0.43668
0.29886
0.35546
0.33919
0.57485
0.63456
0.91947
0.49076
0.34469
-0.011016
0.74838
1.1165
1.1621
0.8975
1.5782
1.5157
1.7602
1.6305
1.2243
1.2568
1.3349
1.5663
0.95852
1.0503
0.72264
1.6022
0.93267
1.4579
0.84586
1.291
0.60932
0.57602
1.6339
1.5331
0.80657
1.4355
1.1865
1.2958
1.2095
1.4734
1.3537
1.2163
0.9939
0.71282
0.86677
0.75262
1.1337
1.6039
0.96846
0.65283
0.6844
0.014932
0.50016
0.32981
0.20324
-0.32653
0.50326
0.34426
0.61769
1.0702
1.0692
0.53483
0.89722
0.9992
0.79064
0.46325
0.63343
0.34081
0.31034
0.45134
0.45997
0.45809
0.41558
0.23461
0.086358
0.35022
0.34895
0.41181
0.51349
0.68458
1.0964
0.44833
0.65836
1.4344
0.85196
1.2691
0.67661
-0.068792
0.59823
0.42425
0.58965
0.76235
0.93641
0.45227
0.76797
0.60544
1.5155
0.40536
0.067176
0.18981
0.021204
-0.23185
-0.055289
0.24366
0.5267
1.4077
0.51398
0.49028
0.25267
0.14808
0.31624
0.25165
0.50548
0.63978
0.34316
0.0082473
0.99711
0.93262
1.1485
1.1616
1.0187
1.0216
0.48867
0.55287
0.73384
0.36228
0.79242
1.1159
0.93154
1.2374
0.70002
0.4398
-0.31769
-0.022756
0.24486
0.21674
0.11628
-0.025596
-0.31036
-0.80546
-0.40941
0.058528
-0.23132
-0.094429
-0.25778
-0.35863
0.15153
0.14636
0.025302
0.25166
0.044932
-0.15259
0.52827
0.48627
0.54503
0.5842
0.4976
-0.34868
-0.06572
0.059705
0.10751
0.34816
0.097663
0.79028
-0.07986
-0.36126
0.3081
0.96786
1.013
1.0019
1.1144
1.7338
1.6566
0.48347
0.1683
0.26284
0.011966
0.3142
0.37171
0.18717
0.28298
1.2262
1.1178
0.48792
0.92843
0.8054
0.74391
0.284
-0.14482
0.13543
0.5429
0.75584
0.38222
-0.31153
0.22041
0.29631
0.31252
0.71579
0.50551
0.45326
0.088447
0.55545
0.17043
0.65895
0.42427
0.36233
0.38583
0.69668
0.81977
0.32929
-0.0084426
0.19184
0.32481
0.12835
-0.17152
0.47787
-0.0045156
0.17994
0.54432
0.71466
0.95758
-0.035819
0.40435
0.12971
0.29616
0.56853
0.45997
0.36137
0.60207
0.25011
0.63219
0.57457
0.66233
0.14415
0.033962
-0.62181
-0.58563
-0.36629
-0.059591
0.61937
0.65356
0.93759
0.60081
1.0166
1.3197
0.95608
0.56448
-0.12439
0.13295
-0.23634
0.21505
-0.65088
-0.098277
-0.21425
-0.10625
0.23255
0.26307
0.27239
0.63617
-0.36055
0.21603
0.48324
0.17193
-0.35667
-0.35513
0.033161
-0.0526
-0.37557
0.121
-0.4782
0.17071
0.86821
1.2326
1.314
0.98829
1.3102
0.77928
1.2227
0.97128
1.0925
0.13374
0.29353
0.40667
0.36044
0.7558
0.54849
0.47526
0.59283
1.1985
1.0015
0.54437
-0.015351
0.55956
1.4218
0.6867
0.94262
0.92459
0.74803
0.54167
0.36815
0.83469
0.3268
0.30909
0.47903
1.2138
1.0374
1.2333
0.96333
0.74058
0.84335
1.2891
1.4997
2.0195
1.8622
1.5249
1.0747
1.3545
1.7482
1.5469
1.6735
0.81612
0.90042
1.3373
1.0141
0.70536
0.86285
0.45641
0.11822
0.073962
0.51206
1.1832
1.1288
0.72694
0.30402
1.2149
1.6005
0.65405
0.81175
1.3422
0.77298
0.94168
1.1193
1.3471
1.3228
1.7038
1.5567
1.7611
1.1292
0.94996
1.0981
1.6264
1.2041
1.5771
1.7172
1.1082
0.93536
0.78579
0.16555
0.90619
0.93705
1.4569
1.2869
1.349
0.88504
0.83064
1.1507
1.1482
0.98543
0.76917
1.1559
1.3997
1.0605
1.5683
0.95654
0.73971
0.75526
0.036892
0.22943
0.23374
0.74068
1.0399
0.15091
0.36111
0.71325
0.70125
0.66018
0.83508
0.73743
0.53856
1.0387
1.4455
1.4485
1.5611
1.4628
1.3322
1.0833
0.80167
0.55977
0.40326
0.78287
1.2989
1.6405
1.4667
1.6858
1.9494
1.2954
1.5243
1.3505
1.1968
1.1606
1.0132
0.43639
1.1769
1.1047
0.7275
0.24458
0.34533
0.24948
0.48162
0.65192
-0.19303
0.14855
0.45245
0.63966
0.79713
0.57305
0.63574
1.1536
0.80327
0.54129
0.31083
0.47267
0.18891
-0.47189
0.18059
0.23113
-0.49603
-0.82616
0.16723
0.73591
0.41588
0.78256
0.62246
0.37641
0.5806
0.7374
0.20853
-0.34966
-0.44865
-0.65752
-0.51582
-0.49228
-0.72753
0.66484
-0.042769
0.40334
0.78354
0.31346
-0.22163
0.28108
-0.5869
0.016159
0.19004
0.061857
0.85337
1.1924
0.595
0.88794
0.96361
0.82999
0.90081
1.1455
1.0614
1.2341
0.55416
-0.064584
-0.034258
-0.26913
0.1201
0.17835
0.1994
0.19314
0.2561
0.30245
0.03104
0.15912
0.47533
0.48328
0.41132
0.65827
0.23043
0.12283
0.20678
-0.096471
-0.060528
-0.11601
0.096468
0.084828
0.14248
0.31142
0.05658
-0.062672
0.22997
0.11645
0.46315
0.0059205
-0.0067032
0.074066
-0.24503
-0.42407
-0.2731
-0.35586
-0.18495
-0.063006
0.026449
0.27903
0.071453
-0.41534
-0.31301
-0.68013
0.16282
-0.08898
-0.457
0.20875
0.15536
0.0082674
0.19251
0.38242
-0.53159
-1.1663
-0.5391
-0.80147
-0.57729
-0.45378
-0.32232
-0.2531
-0.34558
-0.27782
-0.79708
-0.62328
-0.46152
-0.08954
-0.26715
-0.69968
-0.37816
-0.72212
-0.69943
-0.96522
-1.1145
-0.064692
-0.37267
0.051197
-0.32519
-0.78564
-0.31545
-0.09356
-0.33774
-0.22174
0.26275
0.36205
0.31403
0.11579
-0.050581
-0.07052
0.52446
0.98738
0.52845
0.71762
1.1797
0.92508
0.72005
-0.050074
0.56308
0.51827
-0.14972
0.40677
0.68965
0.60134
0.048742
-0.5428
-0.71465
0.17994
0.12051
0.023931
-0.1625
-0.34283
-0.18875
0.13972
-0.075021
-1.1696
-0.6207
-0.82451
-0.039441
-0.017401
-0.19296
-0.9175
-0.87451
-0.48271
-0.75818
-0.58595
-0.97046
-0.99662
-0.89589
-0.92193
-0.55158
-0.30219
-1.2096
-1.3604
-0.65621
-0.42121
-0.72329
-0.69379
-1.2592
-0.93356
-1.229
-0.58398
-1.106
-0.68953
-1.5242
-1.4851
-1.1989
-1.1793
-0.84624
-1.3207
-1.5025
-1.0858
-0.60547
-0.55131
-0.60621
-1.1257
-0.93669
-0.42268
-0.87107
-1.6374
-0.99095
-0.92329
-1.1361
-0.98787
-1.1798
-1.1859
-1.4906
-1.3052
-1.0183
-1.1959
-0.77427
-1.0237
-0.90571
-0.60402
-0.81036
-1.485
-1.4302
-1.0499
-2.009
-1.6723
-0.85456
-0.017482
0.32237
0.33469
-0.65253
-0.43363
-0.49891
-0.60213
-0.48348
-0.89732
-0.62871
-0.50017
0.095414
0.43826
0.26083
0.51691
0.27004
0.92184
0.4941
0.75823
0.18584
0.41797
1.2931
1.9658
0.86984
0.46194
0.19475
0.22516
-0.0109
-0.39113
-0.38941
-0.18591
0.11927
-0.22282
-0.3308
0.22857
0.20355
0.63122
0.47309
0.46068
0.53787
0.69592
1.1389
0.72184
0.61328
1.1185
1.2106
0.66598
0.96049
1.5753
1.3241
1.3086
0.6349
0.4095
0.64188
0.57317
0.68636
0.98851
1.1521
1.0022
0.6906
1.1908
0.51749
0.50734
0.91076
0.69977
0.69854
1.1334
0.86783
0.93136
1.3789
1.1151
0.82713
1.2113
1.4526
1.5636
0.94879
1.2114
1.1862
0.77831
1.0125
0.85169
0.8587
1.1678
1.1142
1.3245
0.73773
0.5416
0.74276
0.7445
0.9971
0.39915
0.62008
0.65041
1.2848
0.97867
0.49715
0.51622
1.0939
0.56679
-0.0016579
0.56219
0.68459
0.82595
1.0758
0.96747
1.1783
1.5092
1.5832
2.1876
2.1335
2.6197
2.2925
2.6917
2.7321
2.559
1.8018
2.1876
2.1957
2.2973
1.9298
1.9726
1.8097
2.227
1.7323
1.4701
1.3957
1.9263
1.9378
2.6983
2.3982
2.7099
1.8551
2.1661
1.9522
1.8725
1.9445
1.9215
2.1857
2.4699
1.9573
1.7151
1.8982
1.4333
1.6798
1.8356
1.9706
1.6492
1.6242
2.3265
0.95989
0.82654
0.88406
1.3352
1.289
1.695
1.3421
1.3077
1.6248
1.5277
1.5392
1.6171
2.4021
1.9557
1.8464
1.8302
1.8012
1.8041
1.4075
1.4762
1.377
1.4198
1.1103
0.53849
0.92839
0.55468
1.2509
0.87962
1.3608
1.0432
1.3356
1.1692
1.5548
0.74406
0.98221
1.757
1.1608
1.8003
1.6077
1.5729
1.4219
0.95458
1.2355
1.5012
1.041
1.2701
0.56559
0.72045
0.66034
1.0224
1.3902
0.62253
0.41069
0.38033
0.40909
0.40302
0.80989
0.95896
0.44714
1.4078
1.0704
0.23753
0.20179
-0.27716
0.0569
0.20236
0.62448
0.27894
0.52596
-0.041264
-0.25465
-0.5693
-0.48555
0.24134
0.07414
-0.0022876
0.25268
0.57414
0.38275
-0.055293
0.59052
0.83616
0.99964
1.183
1.114
1.7796
1.1596
0.78529
1.1443
1.0193
1.0534
0.60124
1.051
1.5286
1.043
0.72818
0.774
0.20186
1.1948
1.3446
1.6419
1.5411
1.6329
1.6532
1.4782
0.92883
0.99649
1.1488
1.6864
2.5418
1.8008
2.6473
2.6742
3.1592
2.7785
1.9972
1.4678
2.0945
1.6463
2.0546
1.7742
1.8132
1.4038
1.5196
1.8158
1.9815
1.6289
3.0698
2.5434
2.3698
2.3068
1.9515
1.642
1.1145
1.0228
-0.079649
-0.17786
0.034302
0.043314
0.16525
0.65585
0.6211
0.78546
1.5781
1.5524
1.3545
1.4675
1.435
1.8826
1.7825
1.3678
1.4184
0.64332
0.59334
1.6249
0.8767
1.3125
1.856
1.3538
1.474
0.88369
1.147
1.2074
0.6027
0.77976
0.68311
1.0556
1.4289
1.6439
1.2069
1.5695
1.8932
1.7927
1.2339
1.0315
1.7654
1.6777
1.7062
1.4201
1.1926
1.1145
1.4193
1.3794
1.505
1.5279
1.693
1.9308
1.4926
1.1881
1.2456
0.8399
1.5795
1.4045
1.589
1.1662
0.18943
0.59345
0.16899
0.21843
0.69177
0.3127
0.17156
0.46828
0.19248
0.66527
0.41383
0.11165
0.025658
0.66116
-0.1376
0.22106
0.38001
0.27586
0.7337
0.83025
1.1062
0.94716
0.83944
0.72862
1.551
1.0402
0.84667
0.47318
0.53642
0.25369
0.65713
0.64163
1.0328
1.0216
0.84827
0.42734
0.92613
0.74385
0.35809
0.52017
0.85562
0.79328
0.87214
1.0255
1.6389
1.3127
1.4707
0.54674
0.35166
1.1341
0.81941
0.66503
0.77614
0.42424
0.4422
0.69601
0.6358
1.1151
-0.26154
0.98037
1.669
1.866
2.407
2.1284
1.8313
1.9391
2.3385
1.6321
1.1626
1.2592
1.6433
1.1949
1.3805
1.1087
0.90776
1.0357
1.5029
1.8415
1.6568
0.89024
0.064637
1.0081
1.2443
1.874
1.8739
1.3065
1.1901
1.5525
1.5597
1.4753
1.5526
1.3636
1.5862
1.6328
1.334
0.63892
1.443
1.2853
1.1693
0.6245
0.36454
0.19191
0.41526
1.0921
0.30819
0.69046
-0.16205
0.62604
0.19996
0.79932
0.41541
0.56799
0.49017
0.54729
0.65153
0.16668
0.40839
0.77829
0.82928
0.66882
0.16583
0.14839
-0.41422
0.22568
-0.24939
0.45977
0.35579
0.67447
-0.14272
0.17975
0.63887
0.64869
0.58037
0.41088
0.15279
0.41815
0.25646
1.2524
0.93017
0.69055
0.44166
1.1255
1.0033
0.68961
0.033908
0.1484
0.11776
0.090371
-0.025265
0.068006
0.41274
0.34951
0.44063
-0.081474
-0.0050675
-0.058307
0.10643
-0.32556
0.22836
-0.29992
-1.1337
-0.70717
-0.2976
-0.031489
0.7371
0.20275
0.10545
-0.045054
-0.40061
-0.76878
-0.089948
0.0035011
-0.34958
-0.46663
-0.37636
-0.082279
0.92326
0.53255
0.0367
-0.42494
0.26829
0.2747
0.4076
-0.0025323
0.46717
0.19416
0.16039
0.53964
0.51196
0.066018
0.54435
0.86773
1.1958
1.0664
1.5512
1.008
1.251
0.91783
0.73369
0.77497
0.49475
0.46161
1.2937
0.43102
0.31401
0.41887
0.31675
0.050592
0.21405
-0.12916
-0.25878
-0.10695
-0.67466
-0.84816
-0.78778
-0.5077
0.002827
-0.2045
0.008896
0.15434
0.30777
-0.21969
-0.22233
-0.37951
0.43985
0.61041
1.2673
0.84029
0.86645
0.041662
-0.76594
-0.057042
0.18207
-0.10053
-0.41862
-0.33491
-0.64693
-0.15298
0.082238
-0.41955
-0.6484
-0.60695
-1.0823
-0.65667
-0.23664
-0.055301
0.35027
-0.10677
0.40653
0.64147
0.13655
0.24878
0.40869
1.2556
1.7042
1.422
1.2083
0.76435
0.26203
0.37877
0.85762
0.081192
-0.14058
0.29668
0.11561
0.66675
0.38287
0.12673
-0.15061
-0.10014
-0.015132
0.12371
0.32314
0.35765
0.45924
0.39194
0.73821
1.043
0.63471
0.929
0.34852
0.92484
0.085358
0.62889
0.61414
0.57412
0.31004
-0.0046424
0.43426
-0.25495
0.23084
-0.25412
-0.30141
-0.106
0.19591
0.3772
0.5985
0.16956
-0.11523
0.24834
-0.41263
-0.14477
0.094507
-0.057717
0.50595
-0.4423
-0.18788
-0.15764
-0.10073
-0.95039
-0.71459
-0.78233
-0.48243
0.01741
-0.17325
-0.17513
0.099905
-0.18552
0.063468
0.20726
1.238
0.42159
-0.011511
0.22915
0.76755
0.49564
-0.17295
-0.58654
-0.54261
-0.62672
-0.3649
-0.14024
0.22569
-0.58362
-0.72306
-0.59144
-1.0699
-0.93603
-1.5996
-1.1176
-0.89458
-0.66475
-1.2304
-1.385
-1.6999
-1.591
-1.4883
-1.3373
-1.6463
-1.6763
-1.8635
-2.0387
-1.9294
-1.9618
-2.9061
-2.5485
-2.5406
-2.1413
-2.2034
-2.1598
-1.8156
-2.1153
-2.5839
-1.889
-1.5908
-1.515
-1.7759
-1.3656
-1.5175
-1.7484
-1.7657
-2.2427
-2.3538
-2.2029
-1.5379
-1.6336
-1.435
-2.2834
-2.072
-2.1
-2.1626
-1.6176
-1.4842
-1.768
-2.3009
-2.3335
-2.1036
-1.723
-1.7128
-1.7096
-1.583
-1.7792
-1.6968
-2.5532
-2.6253
-2.0385
-2.1252
-2.3954
-2.6143
-3.1167
-3.1267
-3.0887
-2.3114
-2.5422
-2.4827
-1.9722
-2.3381
-1.9799
-2.3265
-1.4414
-1.7431
-2.0669
-1.388
-1.9579
-2.3002
-2.1968
-2.2733
-2.269
-2.2286
-2.5318
-2.8819
-2.3272
-2.4309
-3.1818
-2.1857
-2.8099
-2.7611
-2.7348
-2.3722
-3.038
-3.5274
-3.454
-3.3743
-3.1768
-3.9164
-3.6594
-3.5282
-3.2205
-3.2361
-3.4138
-3.0046
-2.9588
-2.786
-2.8125
-3.2921
-3.7425
-3.369
-3.0583
-2.7297
-2.6932
-2.164
-2.2413
-2.0822
-2.5147
-3.1697
-2.5073
-2.2094
-1.9455
-2.7595
-2.0059
-2.39
-1.8663
-2.0154
-1.1732
-0.98117
-1.3639
-1.865
-2.2576
-1.8038
-1.1115
-0.85489
-1.8003
-1.6114
-1.7935
-2.1673
-1.4637
-1.5828
-0.78989
-0.45662
-0.71965
-0.48901
-0.63274
-1.6003
-1.9297
-1.9942
-1.7933
-1.2188
-1.7036
-1.3693
-1.9015
-2.1381
-1.9724
-2.7812
-2.5705
-2.8868
-2.0507
-1.7113
-2.1977
-2.4269
-2.678
-2.5013
-2.2168
-2.6873
-2.7925
-2.671
-2.6722
-3.454
-2.3328
-2.3037
-2.4499
-2.4727
-2.5248
-1.9026
-1.5242
-1.4357
-2.238
-1.6933
-1.9875
-1.3176
-2.1462
-1.7678
-2.0246
-2.0333
-2.3157
-2.3645
-2.8706
-3.0028
-2.606
-2.0539
-1.941
-1.4908
-2.4106
-3.1371
-2.2007
-2.4118
-2.0196
-2.5994
-2.7647
-3.1073
-3.0601
-3.4744
-3.5049
-2.8141
-3.6114
-3.9353
-3.3228
-3.1878
-3.2239
-3.4378
-3.3045
-3.841
-3.4724
-3.3084
-3.1897
-3.268
-3.1871
-3.0908
-2.5635
-2.7558
-3.3201
-3.2773
-2.8524
-2.9109
-3.1891
-3.9299
-3.308
-3.2249
-2.9423
-3.3211
-3.2578
-2.7089
-3.0395
-2.647
-2.682
-3.3107
-3.2549
-3.0866
-2.5819
-2.4726
-2.4641
-2.8651
-2.9224
-3.3198
-2.7289
-3.1178
-2.5561
-2.3301
-2.5382
-2.5396
-2.642
-2.1505
-2.1623
-1.8484
-0.7657
-1.525
-1.4883
-2.1326
-1.9325
-2.4831
-1.6918
-2.0012
-1.6521
-1.9112
-2.4652
-1.7783
-2.0992
-2.6026
-2.0257
-2.0006
-1.7217
-1.6892
-2.1115
-1.503
-2.0271
-1.6698
-1.2906
-1.0709
-1.6256
-0.4454
-1.2101
-1.2889
-1.4313
-1.2751
-1.4093
-1.3237
-1.1219
-1.352
-1.4081
-1.6077
-1.3025
-1.1239
-0.47841
-0.20665
-0.75553
-1.073
-0.92388
-1.4515
-1.2447
-0.63163
-0.70249
-1.3134
-1.475
-0.8962
-0.43192
-0.8769
-0.59543
-1.3125
-1.6474
-1.5523
-1.1146
-0.9185
-1.0769
-1.1296
-0.66997
-1.3162
-0.64066
-1.0477
-0.65363
-0.49088
-1.0966
-0.9717
-0.48633
-1.1382
-1.0722
-0.93327
-0.85685
-0.79321
-1.5452
-1.8903
-1.999
-2.2626
-2.0685
-2.2941
-1.2289
-1.0625
-1.3599
-1.3466
-1.3583
-0.9396
-1.1242
-1.5506
-0.96368
-1.2569
-1.4023
-1.2815
-0.37508
0.020976
-1.4298
-1.537
-0.74441
-1.1058
-0.55191
-0.45039
-0.59268
-0.45239
-1.0493
-1.0098
-0.94582
-0.91801
-1.1831
-0.94355
-1.0529
-1.0028
-0.73526
-1.0874
-1.2935
-1.4733
-1.2471
-0.66548
-1.2426
-0.90261
-0.96738
-1.2702
-0.98581
-1.0025
-0.99925
-1.1577
-0.67599
-0.707
-0.47141
-0.59573
-1.333
-0.6921
-1.1084
-1.0182
-0.58795
-1.7014
-1.3108
-1.4273
-0.6474
-0.7645
-0.79523
-0.8888
-0.99556
-0.96082
-0.76344
-0.31267
-0.27087
-1.023
-0.54405
-0.50473
-0.39093
-0.37468
-0.16988
-0.54844
-0.58441
-0.36807
-0.47355
0.19064
0.09829
0.010424
0.077234
0.32132
0.45107
0.49774
-0.027192
0.11781
0.18744
-0.16581
-0.65201
-1.0575
-0.97899
-1.3167
-1.6766
-1.8767
-1.4693
-2.0252
-2.0687
-1.9123
-2.0145
-2.8773
-2.105
-2.2385
-2.1145
-2.3651
-2.1573
-2.2494
-2.1954
-2.8586
-2.0805
-2.2588
-2.2173
-2.0445
-2.3382
-2.6958
-2.659
-2.7949
-2.4239
-2.016
-2.107
-1.9788
-2.0522
-1.9542
-1.7983
-1.6567
-1.5721
-2.3257
-1.7987
-1.7246
-1.5686
-0.79353
-0.98875
-1.5231
-1.3741
-0.97512
-1.2203
-1.3125
-1.2516
-1.1561
-1.4957
-1.3457
-0.65868
0.02178
-0.95565
-0.96653
-0.69563
-0.99597
-0.63488
-1.1706
-0.70587
-0.32295
0.18955
0.7436
0.62363
0.38828
0.68946
0.94976
0.064921
-0.42122
-0.070565
0.67348
-0.065236
-0.0091591
-0.0043086
0.44044
-0.28915
0.23461
-0.024387
0.47798
0.46875
0.22361
-0.064491
-0.45363
-0.51621
-0.60646
-0.4164
-0.084772
-1.254
-1.4567
-1.6253
-1.9109
-1.2262
-1.3416
-0.87397
0.23774
-0.60586
-0.96108
-0.46037
0.044755
-0.61873
-0.75557
-0.68796
-0.35925
-0.09508
0.27463
-0.35272
-0.1568
-0.61425
-0.1039
-0.45075
-0.33436
-0.65298
0.017436
-0.53471
-1.0237
-0.40113
-1.059
-1.0787
-0.36249
-0.12169
-0.31232
0.10542
-0.40478
-0.50239
0.41099
0.30255
0.40916
0.11051
-0.17877
-0.25241
-0.2491
-0.58509
-0.98087
-0.86441
-0.37936
-0.47851
-0.91017
-0.60978
-0.40796
-0.4877
0.25251
-0.77997
-0.36434
-0.88404
-0.83167
-0.5285
-1.1415
-1.0922
-1.2541
-1.1388
-0.61082
-1.2223
-1.1612
-1.4299
-1.7846
-2.0443
-2.1528
-1.7299
-1.8421
-2.0862
-2.3773
-1.6468
-1.9461
-1.7766
-2.4454
-1.4608
-2.0792
-1.4442
-1.4973
-1.112
-1.7838
-1.4072
-1.6993
-2.2531
-1.556
-2.1119
-2.1045
-2.1577
-2.8484
-1.7456
-1.7857
-1.9674
-1.8787
-2.1841
-1.8272
-1.5379
-1.5419
-1.7204
-1.2967
-0.89009
-1.1402
-0.84926
-0.82462
-1.1072
-0.78734
-1.4986
-0.91701
-0.99748
-1.6538
-2.5829
-2.1776
-1.8442
-1.5427
-1.1074
-1.2358
-1.5124
-0.6964
-0.80733
-0.83472
-1.0456
-0.71501
-0.64121
-0.65302
-0.84654
-1.33
-1.6275
-1.404
-1.0631
-1.294
-1.0253
-1.0647
-1.1206
-1.3769
-1.0596
-1.1724
-1.4519
-0.99821
-1.2318
-1.4515
-1.1741
-1.2612
-1.085
-1.1281
-1.7413
-1.5285
-0.77851
-0.44477
-0.93401
-1.426
-1.4951
-1.2871
-1.3207
-1.2265
-0.83767
-1.1332
-1.3117
-1.2857
-1.1138
-1.4011
-1.6428
-2.0791
-1.4275
-1.0874
-1.0297
-0.73724
-0.8599
-0.73877
-1.1143
-1.5623
-1.3113
-1.3717
-1.2431
-0.8536
-1.6587
-1.0876
-0.27898
-0.52098
-0.56191
-0.15531
-0.73712
-1.5865
-0.69362
-0.82016
-1.0005
-0.98711
-0.92356
-0.90443
-1.2634
-0.93744
-0.7245
-0.66589
-0.75689
-0.093095
-0.47627
-0.50502
-0.55259
-1.0417
-0.74504
-0.79585
-0.82255
-1.0307
-1.0327
-0.8009
-1.107
-0.92328
-1.1585
-1.2582
-1.5568
-1.6618
-1.4925
-1.6829
-1.6584
-1.7988
-1.0354
-1.868
-1.2898
-1.7087
-1.3141
-1.376
-0.87024
-0.94518
-1.4896
-2.3416
-2.0763
-1.6778
-1.2664
-1.0916
-1.1095
-1.0117
-0.8585
-1.5374
-0.80238
-0.99643
-1.2122
-1.1045
-0.97852
-0.37743
-0.43529
-0.34808
-0.72703
-0.31053
-0.82868
-0.85507
-0.57418
-0.70215
-1.0083
-0.095755
-0.81861
-0.65593
-0.83968
-1.2821
-1.2011
-1.1994
-1.008
-0.825
-1.1877
-0.19582
-0.2003
0.17169
0.75295
1.091
0.76851
0.4902
0.15382
0.26786
0.23477
0.31354
0.5067
0.61738
-0.019854
-0.98085
-0.33605
-0.17958
-0.21031
-0.52523
-0.024159
0.013064
-0.37668
-0.60522
-0.88217
-1.3174
-1.3142
-1.0404
-0.90892
-0.74831
-1.2431
-0.73049
-1.0476
-1.135
-0.35311
-0.29386
-0.54506
-0.43573
-1.2654
-1.805
-1.5475
-1.557
-1.7966
-1.6568
-1.6676
-2.1738
-2.6195
-1.8546
-1.4764
-1.2837
-1.4473
-1.4567
-1.2996
-1.859
-1.6683
-1.354
-1.1907
-1.056
-1.0925
-1.5688
-1.5136
-0.98602
-1.4686
-1.5016
-1.2999
-1.2113
-1.6688
-1.5754
-1.9746
-1.8653
-1.7426
-1.9366
-1.3689
-1.2703
-0.71813
-0.40355
-0.38
-0.57755
-0.40538
-0.34006
0.086802
0.18494
0.13209
0.37407
0.32376
0.23785
-0.37745
-0.21629
-0.29209
-0.1165
-0.28578
-0.07624
-0.26567
-1.4104
-0.91109
-0.3209
-0.88838
-0.62048
-0.86519
-0.20496
-0.67513
-0.40125
-0.066558
0.22551
0.60647
0.18575
-0.093662
-0.28656
-0.13535
0.35208
-0.71649
-0.76854
-0.015949
-0.65374
-0.075475
0.30195
0.6227
0.31953
0.17006
0.25891
0.18523
0.47323
0.71578
1.0917
0.99627
0.72033
0.88041
0.31285
-0.0074388
-0.13362
0.45472
0.54089
0.52859
0.73894
0.13231
1.0295
0.4012
0.58966
0.71928
0.63459
0.19751
0.26816
0.99491
0.84789
1.5152
1.4327
0.098831
0.16453
-0.28194
-0.28658
-0.70812
0.050138
0.26871
0.1048
-0.16685
-0.84091
-0.71545
-0.97884
-1.0736
-0.75741
-0.95766
-0.23827
-0.55155
-0.6922
-1.5616
-0.44223
-0.83232
-0.52425
-0.7566
-0.94724
-1.1288
-1.4961
-0.99957
-0.86472
-1.0184
-1.6224
-1.7205
-2.0098
-0.84768
-0.65045
-0.2489
-0.73294
-0.42396
-0.32545
-0.9809
-1.0698
-1.0551
-0.98515
-0.63194
-1.2689
-1.3786
-1.2498
-1.7949
-1.6343
-1.4496
-1.3009
-1.6767
-1.707
-1.7264
-2.2986
-1.5166
-1.5392
-1.5299
-0.97998
-1.5033
-1.5748
-1.7132
-1.4491
-1.0632
-0.65628
-1.5754
-2.2277
-2.7052
-2.6906
-1.821
-1.5136
-1.327
-1.1593
-0.88878
-1.4495
-0.90683
-0.65493
-0.50689
-0.54929
-0.91473
-1.0567
-0.73187
-0.32931
-0.42411
-0.6836
-0.30235
-0.10527
-0.44826
-0.5077
-0.73746
-0.61202
-0.90483
-0.90086
-0.29319
-0.30989
0.46597
0.3748
-0.63187
-1.0032
-0.3749
-0.75816
-0.49365
-0.9093
-0.94002
-1.4738
-1.0136
-1.1957
-1.3438
-1.3388
-1.5014
-1.718
-1.2068
-0.86945
-0.91775
-0.84413
-1.1539
-0.89233
-0.97188
-1.1028
-1.3783
-0.84206
-1.0872
-1.2856
-1.2258
-1.2929
-1.1123
-0.35678
-0.60352
-0.90473
-0.53719
-0.8656
-1.099
-1.3092
-1.2734
-1.633
-1.5135
-0.89873
-0.89024
-1.3035
-1.924
-1.193
-1.1518
-1.5882
-0.96538
-1.1498
-0.83993
-1.1026
-0.94163
-0.30372
-0.62014
-0.54601
-1.0533
-0.81312
-0.84057
-1.1292
-0.58832
-0.82991
-0.98642
-1.3919
-1.8623
-1.6977
-1.9366
-1.9526
-1.6922
-1.5385
-1.0559
-0.6801
-0.91103
-0.8606
-0.48063
0.40726
0.6515
0.39584
-0.017989
0.62793
-0.25548
-0.045528
-0.35097
-0.12725
-0.5815
-0.70256
-0.3404
0.015769
0.31055
0.037477
0.074606
0.0045596
0.42189
0.54359
1.0725
0.028522
0.51238
1.1306
0.91319
0.85782
0.41233
0.62617
0.10239
0.10605
-0.61574
-0.10078
-0.088472
-0.22528
-0.42492
-0.6361
-0.49986
-0.17166
-0.32551
0.012093
-0.34559
-1.1115
-0.23398
0.15374
-0.24646
-0.77777
-1.145
-0.41206
-0.25264
-0.58905
-0.08735
0.031946
-0.0064198
0.12143
-0.16303
0.16967
-0.13643
-0.69929
-0.81868
-0.071852
-0.67177
-0.68488
-0.29878
-0.69281
-0.32879
-0.46857
-0.42423
-0.0066159
0.32165
0.45607
0.55707
0.80817
0.83314
0.73651
0.86524
1.0015
0.60292
0.40436
0.22685
0.073635
0.73892
1.1543
0.68941
-0.43221
0.27611
-0.39751
0.040037
-0.20449
0.34558
0.29449
0.45318
1.1238
-0.16624
-0.35885
-0.10637
0.66229
0.070432
0.39143
0.67224
0.18823
0.27943
-0.16422
-0.16288
0.13081
0.24037
0.19615
0.33094
0.46255
0.52296
0.39738
0.46375
0.52891
0.38143
0.52546
1.125
0.59687
0.85644
0.47703
0.24233
0.33189
0.2696
0.6929
0.077484
0.37194
-0.065065
-0.6883
0.55394
0.48239
0.097631
0.75996
0.075145
-0.51961
-0.4234
-0.76146
0.010949
0.4026
0.18484
0.46738
-0.15951
0.30992
0.36901
0.29716
-0.12855
0.035375
0.31796
0.34885
0.11111
0.3321
-0.22716
-0.19449
-0.049083
0.087386
0.58726
0.52125
0.46128
0.38138
0.56978
0.74048
0.49707
0.27711
0.54124
0.41975
0.45764
0.72308
1.1181
0.88513
0.79246
0.91065
0.55058
0.38204
0.20244
-0.47482
0.1776
-0.10453
-0.32386
-0.15528
0.15094
0.16999
-0.80403
-1.0491
-0.65243
-0.2735
0.070864
0.43591
0.56883
1.2788
1.43
0.9888
1.491
1.9741
0.95374
0.52057
0.80783
0.56515
0.74112
0.5961
0.73423
1.6702
1.1994
0.054182
0.38985
0.4439
0.6657
0.18255
0.0025391
-0.3701
-0.23003
0.36502
0.054108
0.52031
0.46974
0.54777
0.16246
-0.40193
-0.60924
-0.61443
-0.56724
-0.85681
-0.53118
-0.10725
-0.50102
-0.2344
-0.60891
-0.063126
-0.2517
-0.34582
-0.26179
-0.19782
-0.83565
-0.39259
-1.1638
-1.0938
