-0.24409
1.1883
0.55959
1.8143
0.27157
0.049905
1.4123
1.8076
-0.18029
0.60157
0.45909
-0.45338
-0.78562
0.51675
-2.2991
-0.50534
-1.1848
-0.90533
-0.66209
-0.0028947
0.30667
0.70037
-0.21983
0.43955
0.8907
2.2001
0.77592
-0.041012
0.45434
-1.0987
-0.50957
0.15048
-1.0236
-1.7704
-2.22
1.4407
-0.79797
-1.5155
0.38027
-1.3388
0.53134
0.7277
1.3979
1.672
1.2076
0.11588
-0.37266
0.74652
0.028586
0.093432
0.19532
0.45591
0.15044
0.52679
-2.194
-1.3981
-0.38404
-0.25642
0.75134
0.79702
-1.1964
0.71725
0.57423
0.80218
0.63405
0.79352
2.231
0.16531
0.17186
0.35585
-0.72943
0.32024
-1.5919
-0.69493
-1.2261
-2.3155
-1.1901
-0.22352
0.35756
-2.1667
0.52557
1.2713
0.2746
-0.13849
0.14928
2.2147
2.1084
1.095
-0.9852
-0.56629
-0.6099
-1.2568
-1.4723
-1.4229
-2.0102
-1.6291
0.50635
-1.0277
0.80859
1.466
0.21979
0.005407
0.23302
0.47488
2.0575
0.1604
1.2997
0.20249
-0.19646
-0.82652
-1.3853
-0.53958
-2.3105
-2.4708
-0.44967
-1.814
-2.0071
-0.41998
0.78252
-0.57141
0.73288
0.11193
0.96682
1.4741
2.032
1.4642
0.63664
0.041072
1.1939
0.20887
-1.2841
-1.601
-0.87603
-0.90393
-1.6422
-0.99168
-1.7451
-0.37502
1.0611
-1.4257
1.0826
0.17823
-0.22722
1.8432
1.1307
1.4404
-0.20447
1.6843
1.5546
0.79403
0.62267
-0.84324
-0.062142
-0.49716
-0.64262
-0.93431
-0.85427
-0.1067
-1.3446
1.4829
1.113
0.69144
0.56019
2.5753
0.49646
1.119
-0.52314
-0.11863
-0.047174
-0.18349
0.62624
0.0089302
-0.014615
-1.2123
-2.1145
-1.3879
-1.5949
-0.72079
0.92149
1.523
0.77847
0.69729
0.4127
1.5488
0.94995
0.76834
1.7096
-0.23093
0.22244
-1.3716
0.23402
-1.7449
-0.86792
-0.83151
-1.8319
-1.2846
-1.1834
2.2778
-0.88461
0.20366
-1.185
0.69405
2.1344
1.3115
1.4124
1.0099
0.76193
1.7725
-0.16046
0.13749
-0.065179
0.553
-0.73164
0.0001109
-0.21862
0.62621
-1.6959
-0.1653
-1.1511
0.38891
0.52515
0.60769
-0.23971
0.63649
0.077096
1.0343
1.9694
0.98051
-0.058904
0.081258
0.020677
0.20969
-0.24558
-1.2353
-0.23666
0.41852
-0.99574
-0.093344
-0.54866
0.025392
1.8366
-0.19282
1.6917
-0.51355
0.24511
1.7521
1.9363
1.0358
-0.20933
-3.2598
-0.50776
-0.40642
-0.44702
-3.0218
-0.89057
-1.9831
-0.23499
-2.4609
0.21867
0.8133
1
-0.076753
1.4486
2.0458
1.7871
1.689
0.97532
1.2083
1.3215
0.66345
0.12882
-1.7722
-0.4469
-2.2879
-1.278
-0.70192
0.22552
-0.64641
-0.015988
0.76613
-2.0191
0.88941
0.51083
1.8091
2.1515
0.75641
0.024474
1.6606
-0.8912
0.027315
-0.94391
-2.0681
0.65879
-2.4072
-1.8044
-0.037851
-1.7564
-1.0279
-0.56684
0.85939
1.4862
1.4543
0.2235
0.98813
2.3468
1.2867
2.9553
0.81939
0.57213
0.33975
-2.5824
0.61943
-1.3136
-0.21881
-0.24063
-2.5823
-0.17305
-0.53589
-0.25693
0.97777
-0.19503
-0.73795
-0.71505
2.3588
0.023113
1.8291
1.7308
-0.58778
0.40855
-0.30719
0.77418
0.085843
-1.7834
0.41873
-3.2564
0.45396
-2.3062
-1.0428
-0.50732
-1.9846
0.66893
-0.68933
0.48511
0.93915
0.26136
-0.53617
1.2741
-0.15082
0.29914
-0.23483
-0.18849
-0.62195
-0.27692
-2.0982
-0.079877
-0.81181
-0.11166
-0.60321
1.3937
-0.53601
1.0137
2.0226
1.6085
0.20792
1.3551
-0.27595
2.8761
1.1618
0.32709
0.41098
-0.19857
-1.011
-1.8419
0.10415
-0.61056
-1.3987
-2.0319
-0.3406
2.534
-0.019888
0.051163
-0.13133
1.929
-0.65518
0.25473
0.18312
0.42065
0.45245
-0.53104
0.17949
-1.6123
-1.0891
-2.0816
0.56826
-1.8955
0.13733
-2.294
-0.21175
-0.20261
-0.048995
0.3522
0.46858
1.5886
0.58385
1.0858
1.9924
2.0442
0.95891
1.3578
-0.71831
0.93399
-0.56865
-0.2996
-2.0598
0.13676
0.09088
-0.57621
0.8938
-0.55511
1.2354
-0.20798
0.59846
0.43463
0.70292
0.84013
-1.7425
1.9555
0.88331
0.5948
0.50723
-0.79151
-2.1066
-0.90733
-0.71281
0.095
-1.1496
-1.4608
-1.4558
-0.40383
-0.14119
2.7151
0.79563
1.0269
1.2888
-0.16859
2.0361
1.0044
2.7614
2.1427
-1.6211
-1.0066
-1.376
-1.8668
-0.96351
-1.6567
-0.87046
0.72733
-0.35251
-1.9954
-0.47282
-1.3007
0.4424
0.98057
2.266
0.76195
2.2206
1.3268
0.74799
0.40264
0.043103
-0.26646
-1.4226
-1.5227
-0.16598
-0.89802
-2.6497
-1.8763
-1.2073
-0.73702
0.38694
-0.76936
-0.65479
0.091618
0.32036
1.1863
3.221
0.99232
0.36301
-0.27301
-1.3259
-0.3038
-0.96792
-1.6164
-0.16372
-2.0239
-0.09816
-1.3165
-3.0322
1.6541
1.708
0.91555
0.57932
2.9773
0.34718
1.6047
2.2059
-0.80996
-0.55183
0.5541
1.5666
-0.59
-0.22335
0.14156
-1.5839
-1.2117
-0.83835
0.076722
-0.20326
-1.382
0.31994
1.3942
-1.2683
1.2781
1.2979
1.4427
0.43514
-0.44546
-0.4386
0.74982
0.078838
-0.6956
-0.70204
-1.2609
-0.50883
-1.3235
-0.08189
-0.14193
0.26962
-0.23854
1.0863
1.1378
0.034687
1.5253
-0.59131
1.9609
0.51358
0.065881
0.22188
1.1043
1.1873
-1.3097
-0.67473
-1.6676
-1.7715
-0.47785
-0.27046
-1.4458
0.77619
-0.60541
0.23026
0.89516
0.21353
1.1049
0.9487
0.67944
-0.03015
1.7883
2.6358
0.95622
-1.3613
-0.71271
1.8448
-1.0339
-1.1159
-0.33918
-0.48222
-1.803
-0.14136
-2.1524
-0.70167
0.51324
-0.79289
0.069901
0.23283
0.83089
1.7425
1.6169
1.4789
-0.70368
1.4137
-0.87285
0.052873
-0.5786
-0.52335
-1.6577
-1.3378
-0.55305
0.26423
0.81045
0.54465
-0.94553
0.35667
0.78201
2.0289
0.47402
0.61481
-0.10169
-0.015871
1.2831
-0.58813
0.2603
-1.4084
-1.9344
0.15536
-0.35607
0.64561
0.67469
-1.0586
0.067444
0.96125
0.93811
-0.47554
1.0529
0.82408
2.4145
2.3842
0.53405
0.27656
0.17526
-0.28736
0.97811
-1.2935
-1.8345
-1.0715
-2.3829
-1.5205
-1.7809
-0.60289
-0.61692
-0.075375
-0.61436
0.49962
0.97975
1.062
0.37022
1.265
-1.6996
1.5629
0.81901
0.51684
-0.82836
-1.8089
-1.3486
-0.32277
-0.079478
-1.2186
-0.091593
-0.65795
0.21145
-0.81837
-0.27664
1.3387
0.34192
0.49589
2.229
1.7413
1.1525
-0.77076
-0.24675
0.19441
-0.085289
-1.2087
-0.19326
-0.88175
-1.4137
-0.82343
-0.58922
-0.95943
-0.43144
2.1745
0.65219
0.39447
0.67164
0.60387
1.8588
1.1699
0.18685
1.2107
-0.22771
0.69549
0.93598
-1.6584
-0.24661
-0.15531
-1.5747
-0.69858
-1.8817
-0.31343
0.86044
0.043318
-0.30198
0.33731
1.2284
2.3003
2.7306
2.2471
0.7309
1.6013
0.64846
-0.032546
-0.021009
-0.18299
1.0576
-1.6316
-2.5799
-1.0112
-0.46747
-2.6513
0.45376
-1.1205
1.1231
0.34768
-0.24823
0.82346
0.66525
1.4395
0.22955
-0.023404
-1.2775
-1.4253
-0.27951
0.82966
-0.14899
-0.033333
-1.4662
1.0262
-0.051082
0.083578
-0.70608
-0.37729
0.48754
1.0645
1.0444
0.8341
1.3087
0.83325
0.8542
0.25181
0.079796
0.44145
-0.93965
-0.91333
-0.26905
-0.041135
-1.5545
0.030882
-1.2687
-1.1192
-1.8767
0.34443
-0.31091
-0.29972
0.70166
1.5726
0.35488
0.89443
0.11647
1.4431
0.29571
1.3082
0.74093
-2.3401
-1.1205
-2.7548
0.034929
-0.88806
-0.011676
0.49106
-0.040141
1.4358
0.58902
1.8816
0.44652
-0.9607
0.85939
0.56452
1.1267
1.183
-0.52709
0.79586
-0.37297
-0.38326
-1.4945
0.43335
-1.9176
-1.2079
-0.48214
1.0634
0.50938
-0.45626
0.66481
1.5356
-0.24955
0.22298
2.0407
0.56788
1.8252
0.37026
0.36768
0.62178
0.76852
-0.18565
0.46017
-3.0397
-0.75721
-0.77282
-1.1093
-0.22503
-0.26978
1.8717
-0.12501
1.5605
1.166
1.5891
0.69684
-0.89789
-0.36349
1.5651
-0.070151
0.44965
0.16201
-1.5457
-0.94706
-0.26993
-0.51722
-0.94333
-2.986
-0.79626
1.714
-0.36354
0.43777
1.1415
-0.10704
1.1845
0.43835
1.2638
1.8445
-1.134
1.379
-0.3055
-0.033387
0.36346
-0.59099
-0.80337
-1.4087
-2.6563
-1.8146
-0.63181
-1.7941
0.093718
1.1899
-0.27746
2.8869
-0.63507
0.97248
1.5811
-0.30186
0.44759
1.0747
0.55573
-1.2158
-1.846
0.37403
-1.3856
-1.7024
-1.5336
-1.271
0.39584
-1.1921
0.51859
0.26261
-0.26735
-0.36038
1.2939
0.72345
0.68466
0.33125
0.08249
2.0585
-0.46871
-1.3514
-0.49732
-1.3835
-1.959
-2.2863
-2.9012
0.45748
0.38462
-0.59405
0.89527
1.4357
-1.2451
0.16875
-0.29679
0.28377
-0.21298
0.028211
1.0536
-0.19374
0.475
0.83162
-1.6349
1.0608
-2.5101
-2.442
-1.2481
-1.4863
-1.2789
-1.2697
-0.0058415
1.7298
0.93789
1.1842
0.71426
1.5589
1.7253
1.6954
2.2483
0.046231
1.175
-0.55919
-0.095359
-1.0606
-0.7647
0.081619
-2.079
0.53655
-0.92451
-1.9753
0.58687
0.7779
1.1706
0.16082
1.8098
1.5397
0.81684
0.47918
1.0303
2.1782
-1.3529
-0.25089
-2.0816
0.39774
0.059465
-0.20717
-0.85787
-2.1629
-0.8291
-0.57398
-0.89428
1.2751
-0.89608
2.4973
0.29173
1.1079
0.17604
-0.086335
0.58041
0.31666
2.2401
-1.5174
-1.1003
-2.5083
-1.3002
-2.6753
-1.947
-0.30697
0.11261
-0.66329
-0.96053
-0.7815
0.91294
1.6035
2.3224
0.99109
2.4735
1.4714
0.9236
0.55985
1.0631
-0.19185
-1.1336
-1.2967
-0.26432
-1.3254
-0.64054
-2.1608
0.31379
0.66813
-0.39274
1.4427
-0.19804
0.22444
1.1548
1.368
1.5445
1.7931
-0.39277
-0.3262
0.46219
0.47424
0.20705
0.55927
-0.29081
-1.9334
-1.8944
0.78398
-0.70672
0.28264
1.2373
-0.3879
2.0765
-2.1228
-0.37596
1.6889
1.1274
0.11927
0.86973
-1.3524
-0.88385
-0.28769
-1.4614
-0.14368
-0.34072
-0.67127
-1.0584
-0.60791
-0.68541
2.1146
0.77522
-0.67761
1.5072
0.71234
-0.01451
1.5155
0.353
-0.96277
0.6647
-0.28496
-0.26155
-0.92094
0.029989
-0.63407
-0.046845
-1.4823
-0.80955
0.88248
0.19295
1.6273
-0.24212
1.1346
1.0706
1.646
1.0863
-1.3615
0.87887
1.0453
-0.46113
1.0466
1.1302
-0.40537
-0.44446
-0.11529
-0.39498
-0.98922
-1.0763
-1.3481
-1.6186
-0.32927
1.5761
0.59115
0.20948
0.70289
-0.087534
-0.83509
2.0722
0.82112
1.5005
2.0615
-0.271
-1.1322
-0.2031
-0.56696
-0.46943
-1.5415
-2.076
-0.8101
-0.22314
-0.26678
-0.31244
1.6319
1.1976
0.51271
0.53459
0.24844
0.68993
0.64217
-0.052778
2.2654
-0.83459
-0.92235
1.4292
1.1862
-0.017709
-0.6136
-0.19657
-1.9243
-0.272
-0.70458
-0.94602
0.85351
-0.78883
0.27721
0.83607
0.12428
0.65367
1.3464
1.0022
0.41059
1.6118
-0.44902
-0.82765
-1.3725
-0.5489
-0.76637
-1.0755
-1.6679
-1.5023
0.085019
-0.43547
0.66742
0.047232
0.3054
0.71837
0.86697
1.6479
0.65186
0.77289
1.4425
0.12479
0.3456
-0.041722
-0.17055
-2.1087
-0.56579
-1.5313
-1.5239
-0.47017
-0.29047
-0.10017
1.4126
-0.27309
1.0173
2.1684
0.93839
0.81381
1.8451
0.54202
-0.51252
-1.0908
-0.55678
-0.63279
-1.2479
-0.93169
1.7064
-2.0347
-1.7931
0.24291
-2.3155
1.7593
-1.7241
-0.52791
0.5394
0.24969
-0.40047
0.87832
0.61192
0.733
-0.64619
1.2524
0.35825
-1.3563
-1.6149
-2.1758
-1.0283
-1.5087
1.5786
1.1814
-0.22532
1.0858
-0.13164
-0.012969
0.12261
1.6019
0.42516
0.28528
2.1702
0.32996
0.76865
-0.67837
0.59779
-0.14033
-1.214
-1.4868
-0.92264
-0.5384
-0.99013
0.24804
-0.4778
0.48073
0.57861
-0.32074
-0.66957
1.3881
1.29
0.42578
-0.072347
-0.061432
-1.1362
-0.72519
-0.33437
-1.6502
-1.8891
-0.68469
-0.80688
-0.091909
-0.68225
-0.831
-0.74853
-1.3396
1.24
1.2912
1.81
-1.1601
1.5477
2.3396
0.64666
0.22382
0.62915
0.16859
1.454
-0.37868
-0.77382
-0.64767
0.038272
-1.1912
-0.33499
-0.22626
-1.0501
-0.76065
-0.081336
-0.061823
1.2351
1.5911
2.1408
0.075182
0.12772
0.41376
1.0983
-0.32763
-0.47988
-1.8014
0.13341
-1.1968
-1.8999
-0.58294
0.5443
-0.62383
-1.0207
-0.27697
0.65339
-1.0315
0.10993
1.3701
0.64725
0.56088
0.56725
0.17032
0.054636
0.66808
1.3807
-1.55
-1.7782
0.42823
-1.6784
-0.13224
-1.6095
-1.4714
0.57154
-0.67552
-0.018047
0.9461
1.5653
0.84861
0.16357
-0.72634
0.50764
-0.40614
-0.060218
0.2901
-0.65946
-0.20819
-0.8741
-0.96919
-1.6884
-0.95983
-0.83238
-0.1558
-0.42007
-1.2389
-0.70937
-0.37971
1.3817
0.93374
1.2535
1.8571
-0.84389
0.091777
-0.46777
0.5819
-0.77178
0.37202
-1.3866
0.47969
-1.7958
-1.563
-1.787
-1.1196
0.69123
-0.34591
0.25449
1.2021
1.2864
0.97091
1.1949
-0.72252
0.43594
0.18652
-0.064701
-0.30979
-1.1868
-0.59005
-0.60832
-0.80542
-1.2735
-0.53714
-0.21527
-0.28423
1.0307
0.87619
0.75097
-0.026571
-0.23462
1.1643
1.1366
0.2899
2.4108
-0.27556
0.80518
-1.4201
-1.544
-0.49011
-2.0382
-0.16209
-1.2181
-1.4031
-0.35059
-1.8638
-0.77457
-0.39665
-0.010569
1.4406
0.4507
1.7139
-0.38511
1.3161
-0.5266
1.2226
-0.013278
0.6849
-1.2832
-0.71883
1.1261
-0.63502
-0.067678
-0.87966
0.24114
-0.15113
0.23919
1.2383
-0.142
0.23738
0.54589
1.4552
1.5104
0.88115
0.30788
1.4069
-0.10904
-0.31338
-0.66823
-0.41237
-1.1804
-0.18801
-1.3202
-0.75622
-1.6647
-2.497
0.99569
-0.52146
0.15854
0.12767
-0.085476
2.7978
0.44715
-0.34105
1.9631
-0.23941
-0.30887
0.59968
-0.29424
-0.0053699
0.57212
0.18854
-1.4368
-1.6536
-0.81324
-2.5368
-0.55203
0.035895
0.93672
0.64291
0.62324
1.0385
0.20614
-0.18257
0.14305
-0.053246
-0.27557
-1.1578
-0.55662
-1.4674
-1.1536
-1.0821
-0.79095
-1.5928
-1.2413
-0.64667
0.26507
0.57689
1.1574
0.61098
2.1928
0.09421
1.2758
0.94883
2.5571
-0.081088
1.1233
0.081849
0.099778
-0.6225
-1.3363
-0.78281
0.67003
-0.55709
0.25319
-1.0743
0.96347
-0.90386
1.3993
1.9478
1.5166
-0.11692
1.7283
1.3816
2.5654
-0.029215
2.6167
-0.74204
0.52515
-0.70448
-0.27154
-0.48318
-0.92589
-0.73214
-1.5396
-1.3151
-0.8417
0.82354
0.69
0.71727
2.508
-0.52352
1.818
0.60823
-0.22772
2.6195
0.49702
0.60514
-0.99615
-1.2496
-1.2046
-2.1692
-0.76177
-0.38476
-0.53784
0.85036
-0.12021
0.32548
1.2223
0.77742
-0.99683
0.15403
-0.1614
0.52008
0.7104
1.2178
-2.6457
0.73639
-0.07692
0.65411
-0.1817
-0.92862
-0.59004
-1.2232
-1.5093
-0.52692
-0.21189
-0.52139
1.8399
-0.53555
0.16178
0.048735
1.78
0.93254
-0.065618
0.74247
1.5737
-0.075859
1.1007
1.2441
-0.69106
-0.76775
-0.6163
-1.8169
0.68406
-0.72605
-0.021055
-1.0665
0.34331
2.2474
-0.29613
1.5411
-0.84277
0.8785
0.12726
-0.42784
0.65085
1.8598
0.0028287
0.45405
-2.045
-2.829
-0.74037
0.47574
-1.0619
-0.49438
0.34203
-0.61095
-0.6222
0.83366
-0.66343
0.92136
2.016
2.0919
0.66194
0.97932
2.0489
-0.52578
-1.1272
1.3584
-0.17083
0.051917
-2.1432
-1.4266
0.67817
-0.13945
-0.06165
0.32322
-0.78129
0.5378
1.1593
-0.028557
2.0749
0.52611
1.8293
0.90479
0.74446
-0.80118
0.22858
-0.80364
-2.6982
-0.71202
0.61957
-0.35555
-1.3862
0.32814
-0.077799
-0.1053
0.056381
-0.10974
1.4408
1.1436
-0.18433
-0.12501
-0.029061
1.4949
-0.54387
-0.092738
0.30901
0.45184
0.25882
-0.62592
-0.33752
-0.85216
-1.2536
-1.9229
-0.12057
-0.43506
1.0644
0.052174
0.27746
1.922
1.9478
-0.71693
1.159
1.8839
-0.81958
-0.17045
-0.56687
-0.85304
0.071607
-1.9427
-1.4367
-0.80245
-1.1695
0.33676
-1.5847
0.50186
0.42355
1.2073
-0.21085
0.080804
0.37855
0.71086
0.96567
1.2505
-0.83385
-0.72269
-0.74921
-0.98487
-2.4127
-3.033
-0.76145
-1.3755
0.81935
0.23742
-0.51285
-1.4371
-1.2126
0.38676
1.5421
2.0461
-0.99691
0.94991
-0.10017
1.5464
0.42625
-0.25374
-0.75663
1.3212
-1.803
-0.80839
-1.2843
-2.9519
-0.42797
-0.77962
0.40959
-0.17197
0.74416
0.19348
-0.1585
1.1494
1.3745
1.2037
1.8564
-0.71954
0.12417
0.96171
-0.044913
-2.1035
-1.2552
-1.0383
-0.57749
-1.0358
-0.82405
0.86418
0.25611
-0.50208
-0.84658
-0.094991
0.48449
3.3545
1.0363
1.3308
1.6435
0.53737
0.93074
1.1753
-0.63842
-2.1837
0.4457
-2.0103
-1.0308
-0.47543
-0.14637
-0.2601
-1.2833
-0.33782
-0.87909
1.1905
1.4135
2.5674
1.7095
-0.14333
0.88958
0.61364
1.0093
0.77576
-0.28574
-0.30508
-1.2595
-2.0538
0.072362
-1.3447
-1.4446
0.27372
-1.381
-0.79011
1.3493
-1.2559
0.23812
-0.38754
0.64611
1.7844
0.6043
2.5138
-0.74691
0.41638
-0.11928
-0.29951
-1.197
-1.4525
-1.6801
-0.88761
0.69489
-0.73314
0.16044
0.94985
-1.1792
0.89522
0.89456
1.6152
1.4119
1.4581
2.6383
-2.0325
-0.41687
0.045559
-0.33644
-0.32524
-0.82219
-0.70837
-2.1066
0.035
-1.5701
-0.61935
1.793
0.6648
1.0696
2.4595
1.8353
2.872
0.21392
0.079691
1.2307
1.3928
1.2479
1.4756
-0.12953
-1.4498
-1.5732
-1.8205
-0.89243
-0.73033
0.47767
0.40273
-0.058851
-0.14385
-0.49629
2.2592
2.579
1.0812
-0.50948
0.78916
-0.43955
0.6335
-0.0049853
0.013145
-0.77346
-0.30713
-0.25509
-0.21489
-0.68697
-1.5537
-0.41081
0.046479
0.17369
-0.15817
0.89796
1.3229
2.2496
1.302
0.27348
0.98121
0.84054
0.42246
0.30656
0.24467
-0.8149
1.2924
-0.65622
-1.8622
-0.65844
0.2264
-0.79352
-0.70894
1.6273
-0.3795
0.52324
-0.016304
1.3743
1.9119
1.5601
2.5735
0.12976
0.12836
1.0278
-0.5892
-1.4912
0.33101
-0.49695
-0.39531
-0.53173
-0.76874
0.24108
0.88657
-0.99049
1.1984
1.2177
-0.31848
0.75778
0.67229
-0.2786
0.22137
-0.26864
1.9986
-0.46482
-0.019364
0.35362
-0.55418
-0.28083
-0.8648
-1.9592
-1.0697
0.040148
-0.52877
-1.0433
-0.57548
0.32797
-0.9038
0.85359
0.72472
0.010362
-0.18956
-0.20939
0.88472
1.0237
-0.02926
-0.98512
-1.037
0.24003
0.4238
-0.36275
-0.86736
-1.0527
-0.69113
-0.91481
-0.87671
1.3444
2.3941
1.2575
0.89414
1.5941
1.8755
0.54063
0.47793
1.5177
-0.12353
1.2074
-1.3797
0.53859
-2.4587
-2.193
-0.85119
0.45468
0.88174
-1.6791
-0.3305
-0.78784
1.9326
1.6668
1.5841
0.030439
1.4798
-0.99182
1.5644
0.5848
0.51479
0.30181
-2.2174
-1.321
-1.2194
-1.0152
-1.2202
-0.034061
-1.4773
0.50667
-1.363
0.67382
1.2869
0.73656
0.89364
-0.024136
2.2158
0.74125
0.87114
0.81738
0.3014
0.084049
-2.1764
-2.846
0.33188
-1.8909
-1.1622
-2.6273
1.4415
0.96306
0.33666
-0.11634
1.5287
0.44042
0.50169
0.40054
2.0317
-0.060612
-0.39578
0.4684
-1.0344
1.4211
0.066939
-1.5437
-1.415
-1.3704
-1.8473
-0.54244
-0.82647
-0.16617
-0.98846
0.68447
0.79506
0.92652
0.45552
0.78522
1.0767
2.0511
0.72111
-0.10741
-0.51649
-1.3575
-0.67905
-2.6063
-1.4451
-0.69423
0.082693
-0.78028
-1.883
0.33148
-0.82504
0.38805
-0.24149
-0.55986
2.5332
-0.9306
1.0864
-0.4932
-0.041793
2.2295
1.6286
-0.96796
-0.071166
-0.65007
-0.96041
-1.5724
-0.50962
-0.53603
-1.4626
-0.66464
-1.493
0.49117
0.054114
0.15995
0.95262
1.3223
1.5902
-0.35126
0.68648
0.018401
-0.098808
-0.09131
-0.9774
0.13235
-1.3797
-2.3502
-1.2603
-0.80691
-0.88215
0.85505
0.40357
1.0025
0.51058
0.87218
0.44511
0.96673
0.50775
1.2739
-0.85745
0.84179
-1.9062
-0.47371
-0.81815
0.17897
0.075493
-0.642
0.23592
-0.34771
-0.38762
-0.59479
0.48074
1.1583
0.67908
0.37693
0.48659
1.7485
1.5218
1.977
-0.21113
0.11783
0.24734
-0.17367
-0.99608
-1.6769
-1.5847
-0.69365
-1.9717
-0.063682
-0.44292
-0.71174
-0.48104
1.0603
-0.15319
0.85615
1.0179
2.3034
1.915
1.7565
1.3791
1.1275
0.78419
0.34173
-2.374
-1.3067
-1.3485
-0.62731
-2.3146
-0.99439
-0.17849
1.0143
-0.6169
0.84951
-0.6048
0.031673
2.0974
1.1479
-0.25728
-0.44572
-0.97332
0.64926
-0.13959
-1.9366
0.50383
-1.1905
-1.4406
1.5107
-0.94897
-0.42269
-1.1025
0.046744
-0.70314
-0.60994
1.9138
1.6254
-0.012904
2.2003
1.2271
1.2787
1.3664
1.1479
-0.84418
0.49004
1.5616
-1.9976
-2.5596
-0.10625
-2.0928
-1.5241
-0.4203
-0.083372
-0.50752
0.25465
0.82495
0.97486
-0.12236
-0.035607
1.6895
-0.35237
0.23298
0.47402
0.72214
-0.47855
-0.22268
1.3057
-0.69903
-2.0025
-0.2807
-1.129
-1.133
0.41132
0.54214
0.061984
1.1491
1.2189
0.64772
0.61947
0.7966
0.78078
-0.15104
0.85557
-1.31
-0.41083
0.349
-1.5435
-1.6927
-0.33978
-0.39268
-2.405
-0.12545
-0.84537
-0.045527
2.1324
1.7673
0.85068
1.3161
0.08466
0.49869
1.3646
0.071331
0.36519
0.31791
-1.1176
-0.95392
-1.1906
-1.7417
-0.39675
-1.6066
-2.0175
-0.45164
-0.025935
1.4902
-0.46894
0.39275
0.5953
0.47432
1.3434
0.24168
1.9178
0.23323
0.41427
-0.4613
-0.66651
0.88923
-0.82161
-1.8588
-0.44208
-1.467
-2.62
-0.75706
0.16953
0.33711
1.7411
1.1035
0.50355
0.11994
0.87596
2.4784
1.1259
0.43574
1.3669
-1.5213
-0.50938
0.79828
-0.041005
-1.0548
-1.2296
-3.0977
-0.30237
0.19677
-0.089291
0.80609
-0.77713
0.95348
0.54556
1.686
-1.3891
0.64382
0.84802
2.026
-1.9909
1.1362
0.2971
-0.75695
-0.90944
-2.8367
-0.76573
-0.45268
-1.0127
-1.2973
-0.25436
0.13396
0.36338
0.45331
2.3256
0.56655
0.65354
1.4778
1.6234
-0.080381
-0.17198
1.2577
-0.052712
-1.3688
-1.1805
-0.41796
-0.79137
-1.4156
-0.013508
-0.982
0.18755
-0.53941
1.5144
0.5977
1.3231
0.25658
1.2677
1.8617
-0.27694
-1.0085
-0.73097
1.2742
-0.45405
0.20058
-0.53905
0.97597
-0.9858
-0.53103
-0.53584
-0.093584
-0.38183
1.0227
-0.35926
1.1268
1.4439
0.33114
0.55746
0.39625
1.2913
2.1636
-0.61196
1.1105
0.014436
-0.81665
-1.0512
-1.5692
-0.54113
-2.4777
-0.88965
0.071906
-1.2233
1.3017
-0.43516
2.462
0.67301
-0.27609
-0.2115
1.5041
0.20068
1.0637
2.3231
-0.22778
-1.5112
-0.75435
-0.91635
-1.5747
-2.8287
-1.3125
-0.57688
-2.0929
-0.32129
0.70572
1.165
1.7145
1.1065
0.39473
1.0379
0.84203
1.0094
0.57068
-0.88811
0.87338
-0.085841
0.33163
-0.11233
-1.2179
-0.15226
0.020345
0.097186
-0.055824
0.2895
-0.12513
1.4566
0.82626
1.59
0.76874
0.42772
1.3287
-0.61772
1.8394
0.016363
0.11847
-0.45289
0.1195
0.58686
-0.84873
-0.85787
-0.99341
-1.7668
1.3401
-0.5355
-0.26728
-0.013047
1.9251
1.0454
-0.45611
0.99835
1.6815
0.065182
0.51028
0.17568
1.9261
-1.199
-0.66487
0.82117
-2.261
-0.048469
-1.1855
-1.5807
0.068827
0.58865
0.5795
-0.46232
0.64564
1.0994
1.2613
1.059
2.2839
0.59387
1.8229
-0.42992
0.6654
0.77885
-0.83827
-1.3127
-1.1034
-0.47002
-2.0005
-1.0827
-1.4466
-0.40027
0.7718
1.9416
0.72191
0.86546
-0.56164
1.8283
0.024484
-0.089075
2.3333
-0.11793
-1.6319
-1.1737
-0.82739
-2.9056
-2.1842
-0.33258
0.41283
0.22745
-1.034
0.30722
-0.61703
1.0956
0.089427
0.33588
0.68379
-0.29491
-1.0126
2.8362
-0.19665
-0.41795
0.096933
-0.53135
-1.6965
-0.93911
-0.47576
-1.6776
-0.73852
-0.7396
-0.84967
0.12188
0.40755
1.5322
1.2558
0.81868
0.66393
0.57777
0.58703
-0.78114
1.5339
-0.26169
-0.28596
-1.5242
-1.8059
-0.49603
-0.75439
-0.62388
-1.9333
-2.6681
-0.9607
-0.31822
-0.21852
-0.54091
0.95688
0.84001
1.419
0.67607
0.40576
1.1163
0.29718
-0.12747
0.61907
-1.0674
-0.94344
0.46162
-0.71018
-1.6353
-1.3665
-0.5291
0.34307
0.61577
-1.098
0.25659
-1.9535
0.29766
-0.18589
1.8122
2.9284
0.76452
1.2758
0.3485
-0.16592
-0.15128
0.15868
-0.48346
-1.0834
-0.88224
-0.89013
0.49542
-0.81283
-2.4337
0.4895
-0.17855
-0.71819
1.631
-0.59123
0.51974
1.4369
0.48624
-1.3858
0.048401
-0.42849
0.064847
0.93075
-1.7175
-0.77652
1.3254
-0.24773
-0.28869
-0.65671
0.064494
-1.7882
1.0906
1.5031
0.014854
0.5313
0.31428
3.1386
0.69475
1.3407
1.9906
0.92464
-0.32491
-0.23253
-1.9592
-2.4783
-1.8234
-1.8368
-1.2104
-0.52047
-1.0342
-1.7358
0.70858
-0.71339
1.5752
1.3018
0.56073
1.3795
0.7374
1.0368
0.15056
0.62891
-0.030324
0.38404
-2.0197
-0.3345
0.10249
-1.0835
-1.4622
-0.44225
0.018932
0.12254
0.38407
0.64335
2.2043
0.79388
2.3844
1.4117
1.79
-0.18971
1.1327
-0.23342
-0.11694
-1.7492
-1.6513
-0.65061
-1.1883
-1.7563
-1.7948
-1.6145
1.506
0.051406
0.30042
1.053
0.55282
1.1108
1.9212
0.43493
1.3379
0.40258
-1.139
-0.042875
0.75472
-0.4958
-2.3033
-1.046
-0.1249
-1.9484
-0.9509
-0.41492
-0.80597
0.37479
0.097018
0.78922
0.94665
0.98988
0.22599
0.88065
-1.0448
0.36807
-0.35069
0.29176
-1.0578
-1.3609
-0.46445
-0.48632
0.16987
-0.44931
-0.60029
-1.9214
-1.3144
-0.37707
1.0778
0.82834
-0.016312
2.0982
2.2193
2.6491
1.0507
1.5489
1.1363
-0.35326
-1.9343
1.5034
-1.6192
-0.8038
-0.27705
-0.65212
0.02827
-0.85271
0.17245
0.81385
0.7035
0.49429
-0.064972
1.9883
0.36528
1.445
0.67539
1.5682
1.5418
0.65442
-0.86004
1.3062
-1.023
-0.93832
-0.39402
-0.82176
-1.414
-1.7502
-2.603
-0.26598
-0.14867
0.34311
-2.4814
1.8166
0.68597
1.6604
2.7196
0.087507
-0.898
0.31274
-1.7
-2.0038
-0.08946
-1.1481
-2.745
-2.2289
-0.93974
-0.48484
0.56996
-0.98196
1.1696
0.56904
1.3285
2.0798
0.9523
1.3227
0.43541
1.2982
0.95719
0.71841
-0.93292
-0.14268
0.030171
-0.3044
-1.617
-0.84055
-0.65959
-1.1575
0.68387
-0.078791
0.42657
1.3468
1.6228
0.83067
1.465
0.34519
2.5242
1.3534
-0.05016
1.2632
1.8525
-1.9038
-0.34989
-1.2062
-0.54076
-2.4207
-0.74184
-0.2002
-0.82508
-0.55158
0.65425
-0.013525
3.2529
0.99637
0.73076
0.55784
2.7376
-1.0564
0.32798
-0.68189
-0.031724
0.099478
-0.68766
-0.33675
-0.18858
-1.3865
-0.26026
0.062065
-0.44951
0.21478
0.50699
1.4522
2.2372
0.13599
2.0749
1.337
1.3968
1.2695
-0.07005
0.1354
1.1542
-0.16751
0.37411
-0.93747
-1.0575
-0.15712
-1.1428
0.18113
-1.4652
-1.57
1.4759
0.53183
0.051094
-0.31048
1.7423
0.75498
-0.12106
-0.1617
2.0642
0.83999
0.01988
-1.4958
-0.0052201
-2.0726
-2.3817
-1.4958
-1.1997
-1.9523
-0.59354
0.25227
-0.42204
-0.28834
2.4602
1.0239
0.98837
1.4051
0.073306
1.0565
-1.9022
0.2464
-0.90829
0.56104
-1.4215
-0.61372
-0.81659
0.3114
-0.045604
-0.47536
-0.51483
0.085025
-0.19386
0.37616
0.42474
0.86318
0.12802
0.59226
-1.1584
1.9287
-0.21717
-0.28153
0.50505
0.040201
-2.1575
-1.0704
-1.8006
-2.7767
-1.945
0.74616
-0.51934
-0.95328
-1.2958
0.11314
0.73065
0.28958
1.0329
1.5575
1.1503
0.011827
0.41803
0.19834
-0.12059
-1.6836
-0.67798
-3.0079
-0.54851
-0.53886
-0.25077
-0.82734
-0.33924
-0.36163
0.84406
0.23266
-0.28852
0.9175
1.2953
2.499
1.1784
0.8685
1.1449
1.3752
-0.088785
0.098833
0.58099
-0.16293
-1.4606
-1.013
-0.96655
0.56492
0.22092
0.090145
1.2674
0.25825
0.80147
1.9182
1.6858
-1.0771
1.8823
1.7367
-1.6814
-0.2712
-0.054728
-1.7631
-0.36791
-1.8661
0.316
-1.2644
-0.15906
-0.83199
-0.44927
-0.36686
0.25736
-0.99477
1.6524
0.18522
1.3565
1.4853
-0.26398
0.46164
-0.17902
-1.1655
-0.32318
1.0553
-0.82176
-1.2499
-1.2727
-1.1281
-1.2153
-0.49944
-0.28323
-0.81575
0.41307
1.6136
1.3961
1.0325
0.79219
1.7093
0.13387
0.57698
0.36485
-1.036
-1.1686
0.20851
-1.8235
-1.0417
-1.5901
-1.4898
-1.2197
-1.0787
0.24352
0.58468
-0.62993
0.476
1.8529
0.50416
0.21879
1.5245
2.9024
0.56286
0.36779
-0.62228
0.095747
-2.2253
-0.16436
-0.52109
-1.561
-0.52996
-0.84532
-1.6317
-0.64497
-0.58346
1.4739
1.375
1.3958
1.1721
-0.36769
0.98501
2.1228
1.5075
-0.27117
0.115
0.7583
0.4068
0.55598
-0.71768
-3.8166
-1.8806
-0.35347
-0.95307
-2.044
-1.3293
-0.093839
1.6496
0.68613
1.8731
1.2196
1.1202
-0.94901
0.62796
-1.5504
-1.111
-0.54457
0.79389
-1.0752
-1.8364
-1.6084
-0.21122
-1.623
-1.5209
-0.21088
0.2599
1.3862
-1.1009
1.3597
1.2225
1.4327
1.3132
1.47
0.89771
0.43632
-0.078419
-1.0055
-1.4761
-0.75578
-1.7901
-1.7459
-1.7701
-0.73361
-0.55428
-1.6855
1.47
1.32
0.64724
1.835
0.27584
2.5923
0.67469
2.3175
-0.069469
-0.27567
0.61208
0.32984
-0.91809
-2.1887
0.22744
-2.2097
0.18174
-1.7337
-0.67245
-0.92363
1.0058
1.3213
2.0181
1.8842
0.56625
1.041
1.4989
0.44263
0.88545
0.99501
-0.62738
0.12673
-0.25357
-0.80049
-1.2522
-0.077106
-0.33572
-2.6798
2.0855
-0.15343
1.2501
-0.47304
-0.21002
0.92487
0.97673
1.7576
2.0903
1.9367
0.99847
-0.21147
-0.23412
-1.1108
-1.551
-0.80457
-2.3481
0.13442
0.44682
-0.18935
-0.75
-0.18672
-0.21283
-0.39384
0.55069
2.594
1.0538
0.73587
0.055885
1.6
0.76342
0.26262
1.8286
-0.3679
0.34478
1.2289
-1.142
-1.1013
-0.59222
-0.46425
-0.052688
-0.048116
-1.2301
-0.48626
1.7644
0.13901
-0.021982
1.1441
2.7565
1.5648
-0.073847
1.8299
-0.25568
0.53539
-0.66816
-1.7576
-1.4329
-0.97197
-1.3201
0.16921
-0.71869
-1.3238
-1.5867
-0.70899
0.12424
1.0764
0.61425
0.65157
-0.085848
-0.88558
0.30126
0.35822
-0.6683
-0.68723
0.52166
-0.23923
-2.7599
-0.95653
-0.61408
-0.96217
0.058474
0.12926
-0.58129
-0.50216
0.19296
2.3475
0.36672
2.269
-0.24566
0.62303
1.9845
0.77425
-0.048578
0.13726
-2.1329
-2.1716
-0.75391
-1.9525
0.54921
-1.5839
-0.16234
0.11756
1.1492
-1.2026
0.93505
1.2241
1.1329
2.0527
0.6046
-0.20855
-0.52084
1.368
-1.3137
-0.45823
-1.9552
-0.079045
-1.1598
-0.84733
0.13081
-0.084647
-0.21037
0.46276
1.0944
0.67555
0.63397
-0.64024
1.3232
0.69293
-1.0468
0.085379
-1.0927
0.51367
0.89403
-0.66526
-0.37006
-0.028396
-1.2523
-1.1243
-1.8164
-2.2019
-1.7851
-0.031025
0.38405
0.56248
1.9019
0.56014
1.0209
0.81934
1.0543
-0.39998
1.1432
0.53988
0.37182
-0.81776
-0.92846
-2.0473
-0.012427
-0.95235
-0.056808
-0.42274
-0.69059
0.96274
-0.35004
0.24983
1.3067
1.5431
1.0559
1.7084
1.1517
-0.81528
0.20753
0.40547
-1.2324
0.36314
-0.81261
1.3343
-0.093481
-0.96546
-1.0807
-0.96749
1.3701
-0.20058
-1.0294
1.2674
0.7754
1.0554
-0.16879
0.57692
0.39383
0.2218
-0.026954
0.47197
0.51883
-0.075156
0.56022
-0.98844
-2.7056
0.20667
-0.4229
-2.1406
-0.2455
-0.01574
0.17648
-0.73354
0.81138
2.2273
0.37382
1.4544
0.73805
0.48428
0.080159
-0.38735
0.16175
-1.0124
-2.6489
-0.58424
-1.2516
-0.64513
-1.1823
-0.90237
-0.56742
0.61656
0.14497
0.94239
1.4535
0.96389
0.20026
1.2485
1.3659
1.2261
1.086
-0.16618
-0.53643
0.17499
0.47553
-0.711
-2.2895
-1.3387
-0.89334
-1.7706
-1.4993
-0.39276
-0.53208
-0.33404
0.50691
0.56185
1.4738
-0.72237
0.3915
1.2937
0.5929
1.3657
1.0509
-0.78752
-0.7285
-0.45776
-1.9627
-2.2306
-0.60321
-0.7139
-1.3459
-0.3552
0.61677
-0.17519
-0.26198
2.4927
2.1124
1.5659
1.7844
-0.064629
-0.53351
1.9563
-0.46841
0.54796
-1.0802
-1.1135
-1.6343
-0.58685
0.70887
1.0574
-0.81897
-1.2774
-1.0301
1.5387
0.047743
1.8752
1.1711
-1.4598
-0.60844
1.9564
-0.61314
-0.037617
0.18141
0.061884
0.41651
-1.1021
-1.0681
-2.142
-1.1264
-0.50374
0.095818
-0.11723
0.43431
-0.27258
0.80149
0.61414
-0.58744
0.98085
0.65916
0.92669
0.82212
0.37283
-0.63921
0.94507
-1.0714
-0.25243
0.27937
-1.5656
-2.3183
-0.13655
-0.73653
0.66797
0.11422
-0.22223
3.1596
1.3293
1.6081
1.1953
1.546
1.1076
0.76582
0.53014
-0.29656
-1.2121
1.4153
-1.5184
-1.3209
-2.9456
0.34042
-1.641
-1.0258
-0.30073
-0.049929
1.1041
0.31686
2.0547
1.6869
1.2527
1.2468
1.8116
0.89527
-0.44149
-0.23516
-0.65841
-0.50776
-1.3743
-0.24538
0.42558
-1.6083
-0.055158
-2.2929
-0.1174
-2.1829
0.57491
-0.068264
1.8855
1.9123
-0.58871
0.47859
1.1595
0.49542
0.67265
0.26327
0.092812
-0.33607
-1.2844
-1.8384
-0.37146
0.56416
-1.2301
-1.484
0.8618
0.60086
0.97879
0.13629
0.69143
1.459
0.98419
0.85616
1.4498
-0.63484
-0.22858
-0.26202
-0.30608
-1.3833
-1.5153
0.42566
-1.6395
-0.72018
-1.0046
-1.3718
-0.5108
0.067006
1.2754
0.085291
-0.42461
0.91716
1.2248
1.5315
1.3358
0.99969
0.43122
-0.10064
-1.1483
-1.0698
-1.0087
-0.16723
-0.90049
-1.1921
-1.3775
-0.16488
-1.9744
-0.58362
1.3583
0.72726
1.0009
2.3176
3.2436
2.2114
0.32937
0.58304
-0.57705
-0.00070325
-1.4834
-1.627
-0.82418
-2.0153
-0.65111
-1.1658
-2.6283
-1.5961
-0.23521
0.32483
0.4817
1.3336
0.71182
-0.73272
1.4943
1.4267
2.1889
1.2408
0.39455
-0.98435
-1.7752
0.016846
1.0779
-2.2245
-1.6274
-2.7394
-1.3146
0.95627
-1.5269
-0.076475
-0.1373
-0.59357
2.3939
0.34415
1.5214
1.5494
1.5967
0.36864
-0.068727
-0.90997
-0.98458
0.64821
-2.5093
-1.3917
-2.0587
-0.5869
-2.2214
0.32165
-0.15596
0.48973
-0.21378
0.87589
0.98474
0.7355
0.03701
-0.33969
-0.59289
0.93361
0.33152
-0.65537
0.067449
-0.76296
-1.0272
0.6317
-1.8039
-0.55412
-0.016864
-1.0978
-0.30236
-0.40802
0.1683
2.0593
0.86265
0.39843
1.6304
-1.1686
-0.36921
2.4836
-0.2116
0.79424
-1.6362
-2.1606
-1.479
-2.1774
0.36096
-0.73065
-0.13106
1.2984
-0.75117
0.97131
-0.067117
0.13017
0.88974
0.35827
1.0346
1.1317
1.5778
1.5768
-0.061185
0.64052
-0.28498
-1.2447
-1.1565
-0.12148
-1.4116
-1.0758
-1.532
1.1541
0.17007
-1.1731
1.1731
-1.4396
0.85993
0.22167
0.013817
1.6554
1.3882
1.9064
2.1625
0.74786
-1.5304
0.48653
-0.022351
-0.070405
-0.32663
-1.3582
-1.1196
0.37141
-1.2091
1.2563
1.2124
0.036698
-0.40204
-0.047437
1.3206
1.3913
2.1421
-0.28587
-1.0674
-0.69684
-1.1442
-0.021775
-0.094764
-1.2976
-2.1633
0.42766
-1.5793
-1.0055
-0.90922
1.1133
0.35862
-0.27292
1.843
-0.17417
0.12904
0.82758
0.87268
1.3709
-1.7206
-0.73246
-0.18127
-0.91881
-0.95237
-0.084878
-0.87361
-0.68573
-0.28888
-1.1853
-0.20339
0.86965
-0.26596
1.2916
2.0159
0.32049
0.55459
1.1813
2.1351
0.65103
0.77602
2.2112
-0.21188
-1.3539
-0.22788
-0.96709
-1.5228
-2.178
-1.9017
-0.64284
-0.20718
1.2604
1.114
0.83026
0.65908
-0.16555
1.0959
0.4603
0.65563
-0.39835
0.27859
-0.17543
0.51229
0.92954
-0.54882
-0.21528
-0.563
-1.729
-0.48318
-0.17829
0.70334
-0.94259
0.51452
-0.48035
0.14697
1.7557
-0.43851
-0.15495
0.86624
1.3553
0.3983
-0.82722
-1.5063
-0.10639
0.32294
-1.0594
-0.74017
0.087805
0.0011647
-0.32337
0.40443
0.59838
-0.19191
1.3034
-0.77955
1.6971
0.13522
-0.21038
1.2953
-0.55603
0.75905
-0.65252
0.65111
-1.1729
-1.8663
0.17099
-3.5125
-0.15621
-1.3096
0.6117
0.10164
0.51542
-0.085582
0.87253
1.1397
-0.13667
1.4293
-1.1892
0.94976
0.20067
0.33222
1.1302
0.29837
-1.6938
-1.5735
-0.82252
-1.0907
-0.30677
-0.54996
-1.9642
-0.35683
0.37919
0.44267
0.75015
0.47326
-0.60981
0.9616
0.84143
1.6705
-0.29288
-0.32113
-0.43777
-0.8484
0.16688
0.95873
-1.1571
-1.4641
-1.9667
0.40471
-0.45987
1.3653
0.74304
0.71381
0.94873
-0.19916
0.33221
0.47762
0.43667
1.374
-0.21387
-1.0109
0.91189
0.43048
-1.2452
1.2361
-1.169
-2.4826
-0.4172
-1.4291
-1.1935
-0.26594
0.51473
0.15036
0.70074
0.94078
-0.071773
1.2084
-0.15018
1.8668
0.60363
-0.58166
0.084372
-0.86948
-2.0665
0.010429
-0.4432
-0.96501
-1.3175
0.54536
-0.15294
0.58084
0.80899
0.62765
0.1634
1.4972
0.86595
2.0054
1.3457
0.44303
1.1316
0.47134
0.44812
0.19538
-2.1897
-0.63367
-1.1638
-1.9623
0.063376
-1.7613
-0.83959
-0.98608
1.3616
0.54562
1.7727
1.0491
0.4084
1.5272
1.2638
1.5665
1.1659
0.027928
-0.25394
0.58328
-0.23016
-1.2522
-0.69876
-1.0341
-0.31415
0.20937
-0.082081
-1.6108
0.61058
0.42427
0.81747
1.1822
1.7779
1.0533
-0.049438
-0.7463
-0.4275
0.12635
0.76139
0.92598
-0.40426
-2.0582
-1.3998
-1.3805
-0.3138
-1.0327
0.67971
0.39721
0.29963
1.692
1.3761
0.92453
1.853
2.4099
-0.12308
1.4928
0.71596
0.38601
1.4041
-0.62614
-0.97404
-1.4253
-0.47334
-0.81115
-1.7557
-0.23671
1.1735
1.4699
-0.71737
0.57974
0.76778
1.0258
1.1038
2.1455
0.81162
1.455
0.92642
0.63393
-0.63472
-1.0309
0.28348
-1.2276
-0.26849
0.26299
-1.6412
-1.7956
0.81369
0.0094637
0.051488
-0.56511
-0.2289
0.084659
1.0585
0.79865
-0.94882
1.8836
1.118
1.6191
-1.3144
-0.61167
-1.1795
0.24265
-0.82456
-0.78735
-0.23689
-0.016798
-2.0989
-0.35888
-1.4743
1.7816
0.14209
0.17109
-0.81335
0.61411
1.1336
1.3567
0.024021
1.4909
-0.41556
0.68865
0.11286
0.60607
-1.8914
-0.36856
-1.4636
-1.7335
-0.52361
-0.70235
-0.24758
-0.2381
1.9095
0.74994
2.1923
2.3409
1.3958
-0.59678
1.2918
0.78664
-0.58247
-1.596
0.096746
-0.14709
-0.56587
-1.4305
-1.421
-1.1453
-1.1981
-0.98261
-0.48926
-1.2703
0.89805
1.1728
-0.3794
2.505
-0.061576
2.609
0.051855
-0.69973
-1.5373
0.32815
0.92833
-0.78739
-1.0474
-0.23315
-0.60023
-1.687
0.42897
-1.1165
-1.4577
1.1648
-0.02497
0.46975
-0.66108
0.89111
-0.0034365
2.6699
0.48229
2.1193
0.26868
0.80497
-0.038157
0.52153
-0.77438
-0.84452
-2.2076
-1.5629
-1.3253
1.0427
-0.72892
-0.22993
0.39624
1.0979
1.3685
2.2409
-0.70056
0.068016
-0.35839
-0.66554
0.85156
0.138
0.89277
-1.7401
-1.8578
-0.3449
-2.1255
-0.79389
-0.42
-1.395
2.1954
0.54267
1.4888
-0.61734
0.33073
1.7669
0.1455
-0.30805
-0.45274
-0.57905
0.56775
0.34494
-0.70029
-2.3679
-1.2838
-2.0341
0.65328
0.034392
-0.64364
-0.058104
-1.1085
0.30763
0.045824
0.7679
0.5904
-0.91382
1.3437
-0.32803
-0.40282
1.9057
-0.48084
0.20786
-0.056334
-0.067426
-1.4999
-1.3299
-0.45589
-0.91094
-1.0651
-1.4073
0.88762
-1.2214
0.8209
0.67347
0.22863
1.7984
0.21745
0.47637
1.4148
1.2289
0.47068
-1.3069
-0.54509
-1.1013
-2.9543
-0.84755
-1.3603
-0.080595
-0.77526
-1.2878
-0.82961
1.0025
-1.4313
2.263
0.99639
1.256
0.73708
0.087937
0.82368
-0.10779
-0.39678
-0.62419
0.40079
0.33258
-1.3747
-1.8204
-0.54221
-0.23985
-0.99434
-1.7148
-1.493
-0.60172
-1.2528
1.9942
1.6063
0.56501
0.63567
0.30437
0.97223
-0.18765
0.74051
-1.624
-0.31448
-1.2255
-0.11767
0.063955
-1.3259
-0.60059
-0.50565
-0.47252
1.765
1.0818
1.43
1.9663
-0.93193
0.37326
3.5131
0.028312
0.81001
-0.82266
-0.58825
-0.21797
-2.0776
0.42941
-0.23907
0.56836
0.79965
0.9394
-0.8328
0.60945
0.19782
-0.79333
0.76319
0.58171
1.4348
-0.33152
0.21883
1.067
0.37366
1.9677
-0.38023
1.2766
-0.34774
-1.5791
-0.50808
-1.3852
-0.25696
-0.085915
-0.94776
-1.0025
-1.3153
0.39602
1.0076
1.0181
-0.64952
1.3091
1.7762
-0.42669
1.4984
1.7219
0.77833
-0.7894
0.54487
0.6648
-1.3129
-0.43074
-0.87235
-0.59874
0.34543
-0.11308
-1.2765
-0.15812
0.30363
-0.48203
2.0181
1.0637
-0.49933
-0.64556
0.43358
0.40744
-0.28323
-0.52383
-1.104
-2.0483
-0.8994
-1.74
-0.24209
-1.9426
-1.9227
-0.44171
0.24884
-0.91563
2.0728
-0.11204
1.7008
1.0409
2.0688
1.1209
1.2627
-0.29082
0.46714
-2.1436
-0.23624
-0.73388
-0.34874
-0.94052
-0.71981
-1.233
-1.4048
0.067884
-0.71743
0.6551
0.97793
-0.47111
1.9571
-0.69797
1.8151
0.5564
0.29247
1.041
0.028119
0.40339
-1.6748
-0.62586
-0.42824
-0.15999
-2.5919
-0.41964
-0.21213
-0.074805
0.66505
0.23091
-0.78388
0.50203
2.0948
1.554
1.6791
-0.38477
-0.017685
0.55396
0.96344
-0.70542
0.53091
-1.3745
-0.23285
-1.2832
-0.99181
0.081141
-1.1493
1.3375
0.58181
0.99534
-0.012683
1.879
-0.59427
-0.86558
-0.73822
1.8046
1.0759
-0.51823
0.46156
-0.32887
0.37134
-1.1345
-2.1109
0.18244
-1.0449
-1.2407
-0.46316
-0.41309
0.63991
1.6705
2.7953
0.95962
1.0755
2.0002
0.94882
1.435
-0.079738
-0.12654
0.44828
-1.0331
0.00086111
-0.68939
-1.5725
-1.1851
0.11571
-0.7754
0.5551
-0.024701
1.5269
0.3163
0.76523
1.7327
2.3118
1.5484
0.076643
1.5604
0.42283
0.50971
-1.2568
-0.91505
-2.1503
-0.61735
-0.63685
-1.8681
-0.32792
-0.24088
0.4238
-0.53013
-0.16245
-1.1949
-0.48024
1.7372
1.3139
0.89864
-0.67185
1.3524
1.8085
1.4863
-0.48916
0.17068
-1.829
-0.54542
-1.4657
0.014159
-0.32648
-1.0828
-2.2454
-1.6243
-0.0085922
-0.38432
0.15972
1.0914
0.40357
0.97431
1.5981
-0.38403
-0.70188
0.31338
-1.0013
0.61958
0.30983
-0.83073
-0.95608
-1.2808
-1.5951
-0.13074
-1.0395
-0.029169
1.5194
-1.2086
-1.1269
0.89461
1.2061
-0.0030502
1.1669
0.51773
-0.10812
0.053447
1.2662
-0.91324
0.21749
-1.2543
-1.772
-1.7928
-0.75309
-0.6923
-1.3013
-0.53169
-0.86219
-0.1524
1.3971
0.89405
1.2585
1.6905
1.1218
2.3427
0.27783
0.38775
-0.38996
-0.72279
-0.15064
0.15345
-0.49739
-0.32175
0.050361
-0.001368
-2.2422
-1.5457
-0.3108
-0.35117
-0.18048
-0.45703
0.45697
-0.41872
0.080782
0.90238
-0.22986
-0.89078
0.15846
-0.34741
-1.2254
0.47847
-1.7533
-2.5453
-0.67973
-1.972
-1.0492
-1.6825
1.2215
0.34378
0.63353
1.279
-0.21046
1.6389
0.88416
-0.10332
1.6245
-1.0142
-0.18868
-0.95572
-1.0184
-2.4434
0.2468
-1.2055
-1.0093
-0.6943
-0.49023
0.087274
-0.49802
0.6052
0.24477
-0.55946
0.69315
-0.012902
1.437
1.1526
-0.97451
-0.066955
1.0254
0.26831
-0.30283
0.24401
-1.3844
-2.2665
-0.087568
-1.1281
-1.1654
0.15558
-0.87173
2.2384
0.96251
1.6155
-0.76289
1.7169
1.324
0.6224
0.60315
0.15555
-0.90667
0.62261
0.85436
-0.84678
-0.071347
-2.1994
-1.0716
-1.1505
0.22354
0.85648
0.96534
1.0641
-0.03377
0.23845
1.8639
0.76612
0.57587
1.0567
-0.28714
0.47892
-0.93095
0.16197
-1.4323
-0.94808
0.045424
-2.626
-0.1586
-1.1572
-0.0098292
-0.97622
1.7927
-0.59245
0.096023
1.4604
0.13942
-0.26265
0.059582
-0.93195
0.15994
0.058234
0.78348
-0.62427
-1.6787
-0.3809
-0.20599
-0.73666
-0.47159
-0.62487
-0.28312
0.56096
1.3569
0.29837
0.12864
1.3172
0.77258
1.5664
0.91133
1.912
-0.39634
-0.2455
-0.044837
-1.2806
-0.11093
-2.5741
-1.3816
-0.35372
-2.0283
-0.37717
-1.6393
-0.21668
0.18198
0.29655
0.15251
0.43042
0.63089
0.87325
0.53026
2.1861
-0.030764
1.091
-0.15119
-1.4881
-0.93382
-3.3025
0.31967
-1.6163
-1.9579
-0.82534
0.10983
1.2037
-0.071438
-0.23379
0.52725
1.1381
1.6991
3.3531
1.2906
1.1169
0.52082
-0.20609
0.87342
0.22871
-0.24031
-1.1626
0.45227
-0.57812
-1.8115
-1.6574
-0.14255
0.072302
0.5538
0.76681
0.20771
1.4107
1.1431
0.30662
0.90102
2.3768
-0.59186
1.0351
-0.055539
-1.9669
-1.3799
-1.1484
-1.6568
-0.66918
-0.90096
-0.37376
-2.3685
-2.0229
-0.75019
-0.77342
1.6566
-0.273
1.5877
1.7692
1.8339
1.3836
0.20867
0.32831
-0.71808
0.42957
-1.0557
-1.6567
-0.349
-0.94434
-0.83945
1.7592
0.050758
-0.36161
-1.037
0.29415
0.061558
1.3977
1.7312
0.81869
0.12439
1.6421
0.34354
-0.48312
1.619
0.80545
-1.086
-2.7537
0.52537
-0.89849
-0.77572
0.13334
-1.1265
-1.6094
-0.50002
-0.23405
0.64043
1.8562
2.3433
-0.91213
2.2302
1.3406
-0.23192
1.2061
-0.30608
-0.31125
-1.3107
-0.4826
-1.5765
-1.7151
-0.94143
-2.0037
-0.36553
-1.0557
-2.8053
-1.1311
-1.755
-0.30413
1.6038
0.86719
-1.423
-0.31437
1.1776
0.31285
0.49945
0.61212
-0.18275
0.050209
-0.98452
-0.82881
-1.0442
0.25177
0.27259
-0.97311
-0.95692
0.65212
-1.1206
1.9889
0.3246
0.41557
0.60729
-0.39383
2.6744
-0.039258
0.50636
0.94346
-0.97854
0.45123
-2.6464
-1.1762
-1.9806
0.26511
0.095756
-0.063259
0.99921
-1.0974
0.66434
0.56801
0.3384
0.67239
2.2529
-0.75799
0.97725
0.52123
0.65585
0.444
-0.7422
-1.1393
-0.83082
0.93152
-0.65238
0.56779
1.285
-0.53143
-0.97605
-0.5106
1.3527
0.58121
1.7086
-0.05581
1.3636
0.62149
0.57023
-1.2677
-0.23933
-0.62213
-0.68846
-1.0295
-0.10469
-2.3589
0.62708
-0.66181
0.98704
-0.27401
0.15301
0.61992
0.26531
-1.6775
1.3361
1.9959
1.9728
0.096079
0.354
-0.057801
-0.54802
-1.4679
-0.27248
-0.38959
-0.71265
-1.1732
-0.66094
-2.2276
-0.0021871
0.39152
-0.23333
0.55437
1.5328
0.4715
-0.51505
1.8642
0.7496
1.093
1.2208
-0.47547
-0.22679
-1.4945
-2.0466
-1.0721
-0.17395
-2.0626
-1.4871
-1.7972
-1.4954
-0.86145
0.73742
0.044372
1.1036
1.651
1.3688
0.45861
0.060424
0.2594
0.39034
0.99205
-0.74067
-0.15749
-0.45579
-1.8797
-0.15562
-1.2996
-1.8807
-0.66218
-1.2255
0.58454
-0.87306
0.015808
1.6168
0.69614
0.46678
0.85753
-0.49498
-0.48545
0.26214
0.86022
1.944
0.18622
-1.3659
1.1971
-1.4529
0.15785
-1.0511
0.8184
0.59952
-0.052371
-0.24715
0.29319
-0.80856
0.96166
-0.4275
1.8778
1.3943
0.33065
0.62164
0.62075
-0.32773
0.91163
0.07741
-0.96439
-1.978
-2.574
-1.8427
0.4868
-1.3227
-1.6514
0.7117
0.19219
0.13861
1.8588
0.44873
1.0334
1.6659
0.31748
0.96313
-0.18745
-0.5907
-1.3303
-0.77207
-1.6234
-2.2358
-1.8068
-2.172
-2.2101
-0.61388
-1.1282
0.36573
0.387
0.41637
0.7322
1.4524
1.22
0.75927
3.1273
1.1018
-0.0040579
-1.3022
-1.1857
-0.4956
-1.1619
-0.46768
-1.95
-1.8218
-1.2314
-0.35269
-1.8423
-0.083543
1.3006
0.35915
0.10115
1.2754
1.4281
0.69979
1.6736
1.3278
-1.2295
-0.26201
-0.8565
-0.82185
-0.040699
-1.4066
-0.15199
0.15134
-2.0148
-0.80243
-1.7715
0.089985
-0.30037
-0.55709
0.96603
0.8538
0.42668
2.286
1.0744
0.69952
0.61729
0.48634
1.6641
-1.9193
0.53225
-0.18943
-2.2892
-0.90801
-0.73672
-0.039647
0.45681
-0.72013
0.17701
1.2065
1.7384
2.7083
0.065357
2.3541
0.19806
-1.2827
1.0562
2.4679
1.8526
-0.83992
-0.70379
-1.5703
-1.1664
-0.94357
-1.1989
0.094
0.76776
0.37312
0.86578
0.069895
1.6836
0.57386
0.77085
0.4102
0.22646
-0.40035
0.61255
0.16463
-1.1797
-1.5597
0.52949
0.11833
-1.0702
-0.54648
-1.7684
-0.70088
-1.8731
-1.4649
