2.1773
-0.2837
0.51013
2.3699
1.3336
3.6135
-1.6969
-0.10886
-2.6181
0.27877
0.97934
1.0723
1.2534
0.31874
-0.89925
-1.2788
-3.154
0.55734
-0.31471
1.694
-3.3117
-0.37502
-0.26395
2.3233
2.6384
-1.1375
0.75149
-2.0313
1.5253
-1.9634
-1.1513
-1.2294
0.48501
-1.3665
-1.0858
-0.40202
-3.6523
-0.7252
-3.5037
-2.2596
0.45424
-1.1285
1.5218
0.48609
0.65828
2.1754
1.9104
0.21435
0.2501
-0.67779
-0.61341
1.5751
-2.905
-1.3217
0.47126
-0.12801
0.60436
-2.2299
0.062747
2.2279
1.595
2.7691
1.4684
0.019817
-0.39969
0.031593
1.0437
2.7655
3.5201
-3.0299
-1.5247
0.14167
-3.3799
-1.8774
-4.0719
-0.48115
-1.6153
0.44412
-1.8395
0.72843
0.71276
0.68822
-0.50302
1.982
3.2142
2.8479
2.319
0.022852
-0.015733
0.62917
1.0583
-2.4093
0.7463
-2.1477
-2.0316
-1.7756
0.074775
0.2706
0.49371
-3.4086
0.56521
1.1559
0.28942
-0.93878
1.3629
1.8967
-0.57384
-0.38953
1.4393
0.065739
1.9563
-1.4972
-1.8821
0.41208
-2.158
-0.20916
-0.069452
2.4539
-1.562
-4.4688
-0.148
1.6305
0.1479
-0.33478
-1.8533
1.715
0.088087
-4.5836
0.70414
-0.97931
-1.896
-2.7877
-2.6124
0.082073
-0.23456
-1.4521
-3.2246
-0.92634
-1.3574
-0.33324
-1.4271
1.6837
0.85486
-0.23514
-0.14946
2.131
-0.23979
3.0185
-1.246
-0.76223
-1.6717
0.15356
1.1995
-1.0523
-2.4584
-1.3991
-2.6931
1.3409
-0.94905
-0.81517
2.8986
0.43268
1.5133
-0.56622
2.8291
0.20524
-0.97354
0.2968
-0.32559
-0.27266
-2.5554
-0.11714
-1.4114
0.49582
0.73461
-0.34785
-2.737
-1.4127
-0.23193
-2.3692
-1.351
-0.47958
2.3752
2.4413
2.2626
3.6557
-0.8711
1.1282
0.81869
-1.6378
1.4328
-1.3652
0.065989
-2.106
1.4041
-2.9286
1.5676
0.03834
-0.64208
-2.3466
-0.30684
-0.1621
0.0050883
2.5168
-0.53621
-2.2741
0.23867
0.029025
2.3325
2.9379
2.1056
-1.5247
1.2303
-0.55141
0.91341
-1.2901
0.19987
-0.7383
2.2431
-1.106
0.43153
1.42
-1.8376
-1.106
-2.2812
0.879
0.099718
-0.42261
0.16073
-0.82261
1.3734
-1.5854
-1.2549
-1.2368
-2.7142
-1.7306
-2.5015
-0.45279
1.4158
-2.099
-0.21703
-0.01139
0.83927
0.047742
1.9556
-0.80618
0.75722
4.0745
-1.4874
0.29394
-1.3434
-1.4842
-1.1177
-1.2371
-1.4776
-0.71801
-0.61314
-0.33372
1.7439
0.12433
-0.39791
-0.76818
-0.1477
0.49407
1.2099
0.3534
2.0458
-1.1377
0.65466
-1.5012
-0.035139
-1.2891
-1.7876
1.8349
-0.55213
0.39854
-1.2256
-1.2482
-1.8365
-1.3697
0.42941
0.54347
0.10929
2.5781
-0.26424
0.7964
0.80163
2.6842
-1.1663
-0.080714
-1.964
-0.26533
-2.6705
-1.8668
-1.3873
-0.49425
-0.87935
-1.5222
0.58646
-1.2408
1.6408
-1.5986
0.84758
-2.1611
1.7422
2.7937
-0.33978
-4.1915
0.98813
-0.17238
1.8696
-0.26661
-1.5923
0.35531
0.54556
-1.4671
-1.629
-1.8154
-0.36957
-1.2667
-1.8387
0.92562
3.3924
0.70104
1.8727
3.7633
-0.13699
-1.3772
1.0659
-0.19872
-1.5466
0.46175
-0.054096
-1.0654
-1.1304
0.038401
0.74988
-0.71959
-0.027802
2.3499
-0.12093
-0.46034
0.63753
2.4636
1.7426
4.84
3.4093
-0.38983
1.4012
-1.1576
-1.2075
-0.037056
-0.15946
-3.1166
-0.9493
-0.48752
0.035327
-0.28591
-1.2124
0.2641
0.53165
2.2759
2.8935
-0.20474
1.478
1.5215
1.812
-1.6031
0.77092
0.20928
-2.907
3.7206
1.1077
-2.9077
-0.28718
-1.067
-0.61505
2.7462
1.0224
0.5788
0.98463
-1.0784
3.1986
-0.76092
-1.0534
3.1804
0.29031
1.2424
0.92679
0.19479
0.92968
-1.1382
-0.14498
-0.010536
-1.0166
-1.8656
-1.0386
-3.6931
0.31118
-0.46872
2.4137
-1.6061
-0.53645
2.9714
0.57544
-0.71281
1.5077
-0.56322
3.2008
0.28491
0.057463
-0.55858
-1.6133
-0.70205
-0.51037
-2.0969
1.2665
0.98234
0.95997
-1.5033
-0.077009
1.7781
-0.83588
2.0857
3.3063
-0.45591
-1.5277
0.14235
-0.9786
-0.42305
-1.916
0.19238
-1.4986
-0.21543
-1.0456
-4.4677
-0.63735
-2.2208
0.90582
-0.36198
0.061715
-1.1196
2.4421
-0.030866
-4.5203
0.58868
-2.6396
0.076561
-0.77181
2.0488
-0.56338
1.3753
-0.5915
-0.53926
-2.2388
-0.36159
-2.9893
-2.5848
-0.9932
1.3332
-0.31704
-1.5662
3.4061
2.2318
0.55255
0.6717
1.4894
0.74928
-0.040076
-0.80277
2.095
1.1925
-0.37631
0.57197
-2.9267
-2.707
-0.79667
-0.66215
1.7069
0.66701
0.49583
1.7704
2.8834
1.9006
2.5349
-0.17255
0.8922
3.15
-1.2041
-0.15392
-0.081165
-2.8462
1.1057
-1.3798
-0.80816
0.64627
-0.16232
0.40869
-1.9094
0.57882
0.8374
1.078
0.9324
0.20795
2.183
1.7446
2.078
2.0883
2.0841
-0.33989
-0.49892
-0.70094
-1.4418
-2.221
1.5051
0.66235
-2.1217
-0.26072
-0.26403
1.7231
2.1841
3.9636
-0.99536
-0.56471
-0.039484
-0.33835
0.37497
0.32534
2.0771
-0.37961
1.1547
-1.2019
-0.37083
-2.7216
1.3727
-1.5205
-0.24071
-0.86387
-1.0755
0.16533
0.45502
0.3552
0.6652
1.9404
3.963
0.10795
2.153
1.5834
0.26627
-1.2572
0.10046
-1.0124
-2.148
-2.5893
-1.3115
-2.336
-2.0277
-1.5648
0.44135
-2.386
1.4566
1.7455
1.3135
1.5084
3.9157
3.1098
1.3531
0.47293
1.2951
0.46474
1.3079
-1.7107
0.38933
0.85099
0.44684
-3.2034
0.061849
0.089298
-0.93546
-1.5774
2.4741
0.75959
-0.82477
2.1022
2.3895
0.284
0.39636
1.5948
1.3556
-1.1021
0.62574
0.0058919
-3.8474
-3.2558
-0.92408
-2.0256
-1.3061
1.3979
2.4758
1.0291
-2.201
-0.83601
-0.89731
0.56694
1.3804
0.58913
4.0181
3.3926
-1.352
-0.34582
-0.72456
0.89799
-0.72513
-0.28997
-0.34754
-0.74944
-1.7324
-1.4618
-1.297
0.28793
2.7111
0.46937
0.80593
2.3322
3.2091
-0.89906
0.75236
0.3885
-0.59413
1.9536
-0.56331
0.14668
-2.5305
-3.7299
0.21521
0.34745
-2.9616
0.12249
1.8137
1.9406
1.1086
1.4829
-0.86263
0.16169
1.2802
2.8091
-1.3935
0.6896
-2.8555
-0.30519
-1.7365
-1.0581
-2.9674
-2.2955
0.34892
-5.2591
-2.2318
1.1552
0.051726
3.8162
-0.50525
-0.95746
1.6691
-0.1448
0.87778
0.75702
3.3534
-0.11046
-0.41223
-4.2621
-0.24453
-0.28182
-0.31486
-2.7059
-0.49089
0.18051
-1.6975
-0.37613
-1.6003
1.0905
1.024
-0.94367
0.03897
1.1856
1.5697
0.24327
0.97212
0.027793
-2.741
0.25211
2.0479
-1.0146
-0.25583
0.38582
-0.18176
0.20771
-2.278
-0.99534
-0.85566
2.2976
-1.4857
2.0202
1.483
0.88402
2.4146
0.4177
-1.215
-1.3455
0.23404
-0.25841
-2.8307
0.79652
-0.80022
-0.74733
1.5031
-1.3105
1.4405
-2.4664
-2.3074
2.3052
0.21115
1.7663
0.059468
3.4282
0.29013
2.9867
1.5502
0.67228
4.1943
-3.052
2.5433
-0.081698
0.41066
-1.2303
2.2437
-0.34194
-1.1169
-2.4618
0.061581
-1.3353
0.7558
1.992
-1.6519
0.85922
1.5116
0.019985
-0.29909
3.6018
-1.242
-2.4709
-1.1391
-0.68643
-2.1292
1.3759
-0.52069
0.35848
-1.6451
-2.1325
-0.95191
0.63158
1.489
-3.5218
0.23628
1.5743
-0.046063
0.30211
3.6488
0.75049
0.12442
0.29134
0.23131
-0.12156
1.4434
-0.98328
0.49767
-0.47918
-2.4151
-1.4765
3.224
1.2317
-0.12445
0.18913
1.4167
0.78152
-2.1563
0.89782
-3.2416
2.27
1.3435
0.43761
-1.3243
-0.4585
-3.2857
-0.072201
-1.3571
-2.1235
-2.8123
-2.0367
-0.25872
1.2561
0.87755
-0.13752
1.4465
-0.80724
-2.201
0.94948
0.15288
1.3146
1.3233
0.036039
1.8199
1.2406
-2.3502
0.66168
-0.50782
-2.9251
-2.2633
2.6812
0.3205
-1.6127
-0.25525
-0.41665
1.3275
1.1932
0.098128
0.51489
1.2718
-0.90281
-1.287
-2.1026
3.8043
-1.9949
-1.8522
-1.8575
-0.60366
1.8247
0.76079
-0.7427
0.32663
-2.2696
0.31735
1.3147
1.1519
1.1538
0.29032
0.38018
-0.68632
3.6852
0.51205
-1.3923
1.5067
-0.84511
1.4532
-0.71666
-3.576
-1.0949
0.14257
-0.7091
0.39716
3.1883
2.991
1.6687
4.0476
-0.59842
-0.24001
1.37
1.8407
2.2211
1.8419
1.7058
0.58606
-1.6571
-1.5442
1.0504
-0.21461
0.57977
-2.9918
-1.4172
-0.58165
-1.1056
0.52876
-0.13922
-0.96518
0.17264
0.36166
1.0648
-0.64284
-0.9556
-1.276
0.11995
-0.012372
-0.66103
0.33719
-2.2744
-3.242
1.0199
-1.5182
-1.8631
-1.2118
-0.30879
-1.1609
-3.0475
0.79311
-1.1329
-1.2354
3.4731
0.67663
-0.41655
-0.0070517
-0.34495
1.5441
-1.9692
-2.0843
-1.7145
0.81271
-2.1185
-3.2354
1.3486
-1.9997
-0.43166
0.24536
0.26797
-0.069346
1.3878
0.6483
-2.0091
2.7992
0.70499
-0.71861
0.0087455
0.76851
-0.31016
-3.4515
-1.1801
-4.5057
-1.5527
0.99516
0.53363
-1.6557
0.85921
-1.027
0.98663
1.4182
0.60542
1.4137
2.1294
-0.92401
0.87614
-0.015568
0.39967
-2.755
-3.8444
1.3739
-0.36217
-0.29011
-1.4426
0.44291
-0.90162
1.0164
1.7478
1.6375
0.21682
-0.55305
1.6816
0.15784
0.41034
0.33411
0.27379
-0.69669
-1.1357
0.39877
1.0249
-0.026199
2.4795
0.17748
-0.88253
-0.80398
-0.066412
-0.625
-0.87739
-0.93239
0.28502
1.7317
1.046
1.3819
0.28396
0.30579
0.91918
-5.2203
0.26165
0.25067
0.47021
-0.33697
-2.9279
-2.7907
-0.71229
-2.0076
0.65674
1.1265
-1.7979
0.10764
-1.3011
0.30403
0.029632
0.60051
0.4271
-1.0709
0.771
0.018113
-0.084183
-1.6555
-1.1764
2.2437
-2.3933
-1.206
-1.1058
0.25549
0.50523
-0.97277
2.1117
-0.9412
-2.3712
0.50244
0.88452
-0.042042
1.782
1.5857
-0.65926
-0.056139
-0.62814
-1.8136
-1.9437
-0.73001
2.2988
-1.6246
-1.1681
0.0064651
1.0249
-1.1117
-0.70642
2.9964
3.1662
1.6933
-1.4428
-0.31837
2.9569
2.5392
0.36477
1.7054
2.2187
0.43054
-1.2281
1.5814
0.87179
-0.21887
-3.5355
0.84946
-1.7117
0.46397
-3.4893
0.59683
-0.67668
-1.0031
0.47851
2.8291
-0.10893
0.76867
-0.3787
-0.1037
0.37178
0.42001
0.62525
-2.6921
1.6013
-3.4003
-2.9702
-0.96813
-0.052009
3.5999
1.2216
0.92641
2.6949
-1.2751
2.5785
-0.06479
-0.63014
1.2466
2.2603
0.43873
-0.64194
0.00096532
-1.0847
-1.2806
-2.8733
1.9527
0.81449
-1.5658
-1.5376
-3.2552
1.7898
0.40402
3.6486
0.35298
0.72066
2.2595
-0.40913
3.1067
2.9443
-0.96248
2.2975
2.0818
-0.63601
-1.0583
3.4719
-1.8835
-0.10843
-1.0613
-1.6041
1.514
0.63097
2.6246
2.4146
0.44108
1.8359
2.0944
3.8398
0.528
0.71182
-0.43268
-0.27305
0.48238
-2.5293
-2.2291
-1.3083
-0.6581
-2.975
-2.5377
0.24983
-0.20282
-2.1033
-1.2057
-0.052566
1.8625
3.4775
2.6283
1.7709
1.3796
0.18029
-1.088
-1.861
-2.2941
0.13346
1.2907
-0.084435
0.3512
-2.6728
0.38104
2.4231
-0.97031
-3.762
-0.85614
3.9423
0.39961
2.2036
2.107
-0.88079
1.7988
1.4388
1.795
-1.6844
-0.90441
-1.7575
0.058176
-0.83749
-2.0718
-1.3681
-1.1814
1.2817
-3.1923
1.2536
-2.8036
0.064974
0.76224
-2.4389
-1.7378
1.6366
1.2328
-0.85085
1.5098
1.4301
0.29375
-2.2538
0.46541
0.23312
0.45432
-1.773
1.2166
-2.2347
-0.24399
-1.383
2.888
-1.4655
-1.292
-1.4218
4.0032
-0.12975
2.4543
1.9554
-0.60302
1.5741
-2.6849
-1.8898
-0.93886
-2.9089
-0.84708
-1.6997
-0.65403
-1.1794
-2.2989
1.9164
-0.21318
0.28137
1.6357
-0.95752
2.6049
0.47661
2.1839
-1.621
-3.4507
3.3694
-2.9993
2.9273
-0.76611
0.69288
-4.1561
-0.45814
-1.3316
-1.6177
-3.1482
0.70208
-0.25747
0.90114
-6.1465
2.6558
4.0184
0.64551
-1.1461
1.4092
0.48908
0.17821
-1.6194
3.0073
-1.8922
-0.12444
-1.5844
-0.020113
0.57331
-0.22499
1.3031
-2.4955
0.70842
0.89309
1.0002
4.0479
0.65073
0.14971
0.33979
-0.35629
-1.0226
1.1499
2.44
-1.4227
-0.71388
-0.50316
-2.0077
0.70782
0.33239
-3.2945
0.89556
-1.2573
-0.97816
2.9654
-0.28346
-1.5982
1.8305
0.61834
1.961
-0.9427
-0.47469
2.1285
-0.29067
-0.80534
-0.099644
-1.7751
-4.1179
-1.7544
-0.54698
1.6555
0.74145
0.15714
2.0995
-1.4271
-0.37827
0.82085
2.3451
0.037948
0.3953
1.6392
1.2944
-0.89729
0.7327
0.23431
2.7258
-1.8395
-1.4476
0.41475
-0.94581
-3.4855
-0.85561
-4.1078
-0.14033
2.1482
-1.3662
1.4015
1.1588
-0.45468
2.5092
-0.64254
2.4402
1.9196
1.0796
-0.73089
-2.8465
-0.62687
-2.3726
-2.4971
-3.2661
0.37958
-2.1674
-0.54161
0.22518
-1.989
1.241
-1.3159
0.23279
-0.38935
2.7477
2.4438
-0.055786
0.97289
2.6612
0.95863
-1.534
-0.0099285
-1.2852
1.3739
0.67513
-0.19825
0.49073
-0.83857
1.5877
0.47033
-1.267
3.8464
-1.14
2.1676
2.4984
-1.1507
1.4286
-1.5075
-0.66409
-0.44528
-1.0693
0.43779
-3.2003
-1.5837
-0.48995
-0.58093
3.1707
-0.12626
0.59171
-1.599
2.4768
-3.3065
2.2311
-0.11378
0.68029
-0.15579
-1.9825
-2.4648
0.75113
-1.5035
1.1452
-3.4038
-2.2622
-3.4854
-3.6157
3.0034
0.38433
-0.16422
0.15458
-0.31316
3.6666
2.9312
3.2816
1.5795
-1.9491
-2.3945
0.24546
2.9198
0.32984
2.6158
-1.7102
-0.81937
-0.083404
-1.9017
-1.6814
-2.3099
0.96247
1.3701
1.8689
0.28239
-0.66535
-1.4488
-0.43176
-1.5159
2.7494
-0.28233
-1.8704
0.62262
-0.27698
-2.1925
-2.6066
-1.6062
-1.2589
-1.9301
-0.42646
1.6565
0.91206
1.1583
0.32452
-0.56874
1.032
4.2838
3.8475
1.4269
-0.18376
-0.77666
0.71604
-4.4374
1.2971
-0.99568
1.0273
1.1438
-0.97388
0.67345
-1.625
1.8962
-1.2261
0.48357
0.55843
0.76158
-0.552
4.0982
2.0957
0.57262
2.0751
2.73
0.35736
2.6877
1.6301
-2.6084
0.13275
-1.0197
-0.92707
-0.44002
-1.7787
2.4793
-0.70815
-3.209
-0.72012
2.2843
1.0386
-0.4882
-0.30571
0.29982
-0.27238
-0.16792
2.5843
0.32692
-0.18015
-1.1613
-0.97557
-0.084482
-0.68214
1.7587
-1.7953
-1.1688
-0.78221
-0.018511
0.3794
-0.53577
-1.2505
3.5425
0.70075
-1.1095
0.19819
-0.073924
-1.085
1.7875
-0.94693
-1.1656
1.5547
-0.55619
0.053794
-1.5185
-2.0239
-0.67546
2.5599
-1.7389
-0.59778
-1.2078
2.4734
4.5254
0.94104
2.0698
1.2176
0.8469
-0.012377
-0.7174
-0.71152
-0.23701
-1.3213
-2.0358
-2.2491
0.48069
-1.9001
-3.1879
0.12878
0.033594
-0.032118
0.61611
0.94623
-1.5697
0.52962
-3.3132
-0.64342
2.2281
0.8841
-0.30491
-0.34733
0.38037
-0.30158
-0.2566
-2.7938
-3.1177
-2.8854
0.71767
-1.8483
-0.8821
1.9548
-0.58183
-0.62987
1.6438
3.0207
3.9275
2.0785
3.5357
0.60272
-0.83409
0.80591
-1.3703
0.71991
1.9375
-1.8693
-0.60132
0.18496
-1.3587
-2.3523
0.41979
1.8561
-4.0971
1.272
2.6018
0.21131
-0.35236
-1.1482
0.34429
3.7518
-2.5286
-1.6327
2.7203
2.7993
-1.5935
0.95319
-0.93078
0.57042
-0.35553
1.568
-0.76083
1.1448
-0.75808
-1.2664
1.0042
1.1375
-0.29011
1.3042
0.067309
2.7734
2.1153
-2.0805
-0.39554
-1.6204
-1.7414
-1.4319
0.12963
0.70183
-1.4213
-2.4194
-0.9362
-0.28374
1.8167
0.97412
-1.4899
-0.7893
1.319
2.9244
-0.60718
-0.42606
-1.4079
1.423
0.57249
-2.7617
-1.3875
-0.9253
0.34351
-1.3115
-0.21751
0.5188
-1.7212
-2.5562
0.71499
-0.9844
2.6661
1.8245
2.1559
1.4567
-1.0758
-2.9239
-0.40699
2.5459
-0.70735
4.5293
0.26351
0.2919
0.29501
0.33794
0.61881
-0.70565
1.1804
1.0473
0.25294
-0.037096
0.92241
2.9825
2.7463
0.61278
1.72
2.1785
3.0745
0.21814
-2.0562
-4.4806
-2.4155
-0.69818
-1.2677
-1.1744
0.85917
-3.1252
-0.87019
-1.8019
-2.2064
2.0788
0.707
-0.20094
1.6014
-0.23227
0.056945
2.3058
1.32
-1.808
0.045464
-0.9992
0.23534
-1.1163
-2.7845
-2.8734
-1.3837
-2.9314
2.6054
0.97073
-1.2218
3.8687
2.5811
-0.22604
-0.10102
4.1411
-0.45709
-0.44237
1.4305
0.098556
-1.057
-0.80883
-2.3449
-1.1999
-1.9802
-0.039853
0.66971
1.0281
2.8524
0.070478
0.2971
1.8831
2.0291
1.6824
1.2524
1.2244
2.5499
0.35397
-3.4074
0.98779
-0.8383
2.7156
-0.59393
-0.1036
-2.5324
0.60645
-0.56127
-1.6749
1.2979
-1.9205
0.27473
0.57803
1.812
3.1279
2.1091
1.2355
-0.87481
3.9955
-1.1044
-0.20793
-0.47889
-1.3058
-0.49732
-0.076772
-3.3054
-1.4029
1.4088
-0.43981
-0.33345
-1.6255
1.2597
1.6791
-0.099882
2.9548
3.322
3.2687
-0.81811
-1.6015
-0.91598
-0.33435
-0.27233
-0.80372
-1.7497
-0.43816
0.73283
-1.4219
-1.8548
1.3771
0.75556
-0.39505
-2.0258
0.68879
5.0267
1.8103
-0.088039
1.3649
0.88201
-1.3059
2.8252
0.1553
-1.7448
1.4332
-2.1944
0.75843
1.0216
2.1841
-1.0893
1.6808
0.31244
-0.52315
-0.061573
3.1964
1.3016
2.037
0.10889
2.2376
2.7411
-1.3357
2.1918
1.8472
-1.3206
-0.22966
-0.81888
-4.9415
1.3953
0.83081
-1.8069
0.96175
-0.3573
0.45362
0.90425
0.5777
0.13836
0.95289
1.7098
-2.5444
-0.35224
2.7778
1.4529
-3.6644
-0.98848
-0.46378
-4.0196
-0.84395
-0.6754
0.32086
-1.9606
-2.6561
0.10344
-0.12718
-1.173
1.061
1.8511
2.3279
-0.64918
1.2416
0.23005
0.55361
1.7756
0.69791
-2.8329
-0.40782
0.93144
-4.3579
-2.0091
-0.79333
-1.9266
0.77003
-2.4134
0.81718
0.71003
1.3549
-0.11408
0.64912
3.1972
1.0193
3.6833
2.3435
-0.10687
2.7047
1.1291
-1.9717
-1.744
-0.50595
-1.5589
1.6267
-0.234
3.9772
-0.12075
-1.2042
1.1558
-0.50903
0.42799
-0.7675
-0.35161
2.3789
2.4459
-1.0992
-1.0644
0.051077
-2.0372
-1.0807
-2.0564
-3.8324
-2.2617
0.44228
-0.49307
-1.0636
-2.0405
1.0811
3.7236
0.7631
-0.93509
1.9615
0.54737
-0.45419
2.0126
1.7594
-1.9027
-0.12592
1.8756
-1.5024
0.45124
-3.8604
-1.0548
1.4303
0.25141
0.60799
-1.0455
0.78567
-2.8638
0.4779
0.43335
1.1847
0.57496
-1.1086
1.193
2.1308
0.24813
-2.3437
2.9348
0.81629
0.82291
-2.3568
-1.7914
-1.0659
-0.31335
1.1948
-3.1537
-0.33259
1.7269
-0.39285
0.88032
1.5804
-1.6917
0.92566
1.6237
-1.5651
-0.67245
-0.19968
-2.9036
-3.5328
0.24398
-1.7004
-2.1498
-0.47653
0.5498
-3.2257
-0.73501
-0.66839
2.9991
4.1256
-0.36211
1.6649
1.6165
3.5627
-0.75808
-2.5968
-1.0516
0.33907
-1.9958
-2.1317
-0.822
-1.3358
0.71894
-2.8607
0.55179
0.8687
1.0774
-1.434
2.6832
0.61894
-0.37143
0.47178
0.48369
1.4354
0.62252
1.6296
-2.6214
-1.4076
-4.7881
-0.40738
-0.98592
-4.1521
0.52103
-1.4094
-0.69914
-0.30197
0.57086
-0.8129
1.5714
2.7758
1.213
1.2123
1.5989
1.0803
0.74356
1.7489
1.2714
-0.81025
-1.7276
-1.9889
-0.35283
-1.7191
-0.48854
-0.31399
-0.91799
1.5724
-0.78533
-0.82823
0.36461
-1.4136
1.6248
-2.0903
1.2733
1.5217
1.1964
0.98113
1.3231
-0.1497
-0.66318
0.797
-1.1823
-0.46948
0.41877
1.3308
-0.011889
-0.20715
0.23692
-4.9221
2.1717
2.6328
-1.5154
1.5331
0.88017
1.4911
-0.51154
-0.86715
-0.45402
-0.31883
0.86059
0.11063
-1.1341
-2.779
-2.2381
-2.3826
0.48242
0.88451
-0.576
0.75777
0.9389
0.65844
-0.28812
0.99516
0.90826
-0.52321
-0.4587
0.29996
-1.9125
-2.4302
-0.42794
3.9958
-2.9279
0.85926
-0.12859
-1.2378
-0.35033
-2.1245
0.85095
1.4144
-0.3028
-1.2125
0.15894
0.68083
2.3647
1.1279
2.1344
-2.7468
0.89864
0.8352
-0.99252
0.34224
-1.9897
0.15994
-1.396
-1.1733
-0.63426
0.87479
1.4802
-0.29485
1.2041
3.1618
-0.10914
0.64697
-1.2385
-0.83511
3.0774
-0.60403
-1.8896
1.0304
0.41004
-2.9083
-3.0358
-1.567
3.1764
0.2222
-3.5378
-3.2614
0.38712
-1.2357
1.0698
-0.79105
0.068798
1.2474
1.2428
2.1168
1.6246
-0.28652
-1.0403
0.38845
-0.55323
-0.92507
1.2852
-0.1029
0.62765
-2.604
-4.3313
-1.3372
2.1738
1.2564
-0.63761
3.0048
1.3932
2.7914
-2.1249
0.63502
0.17349
-0.126
0.38898
1.5536
0.12332
-1.1952
-5.3015
-1.2035
-0.40033
0.52514
-0.22934
-1.9946
-0.6378
-1.1097
1.2416
-0.55811
2.6311
-0.75086
-0.23481
3.3817
-0.23139
2.0767
0.13605
2.7403
2.2537
1.4507
-1.5206
-3.4116
-0.68084
-0.91439
-1.3543
-2.3445
0.49
-0.056992
2.6215
3.3592
2.4931
3.057
-1.4295
1.9841
-2.2112
-1.2205
-0.042397
1.1403
3.858
-4.8816
1.0649
-1.1046
-1.2498
-3.2437
0.92234
0.923
-0.29774
0.3359
3.1209
0.58315
-0.40118
-0.78177
3.7833
0.45578
-2.4179
0.92667
1.869
-1.679
-4.6418
-0.072335
-0.16387
-2.2993
-0.94938
-0.55816
0.90105
-1.0092
-0.14467
-0.20325
0.16552
0.24541
-0.58824
0.6167
-1.3095
0.1441
1.6401
-0.050679
0.96041
-3.8801
-0.97015
-0.85127
1.2644
-0.79756
-3.1257
-2.8384
0.025692
0.53845
-0.42907
2.2305
-0.97177
-0.43174
1.7395
0.65957
3.9082
1.6525
-2.1221
1.1542
-0.019213
-0.84406
-2.4525
-0.32118
1.0416
1.6718
-1.1567
-1.4273
0.2933
1.3806
0.27004
2.5238
3.9298
2.0883
-0.15088
2.165
1.2975
-2.0109
-0.67303
0.31604
2.0599
-1.0257
-1.0999
-0.55535
-0.32118
0.78218
-4.4386
0.23751
0.61803
2.9364
1.4454
-1.7137
-2.0502
-0.62923
1.0672
1.3131
2.7979
-0.20798
-1.5619
-0.31433
-0.41982
0.66256
-2.6948
-0.84618
-0.76452
-1.7164
2.8038
1.0074
-1.8567
-1.1582
-0.016673
1.593
2.63
-0.46459
0.3588
0.38581
-1.4228
-0.2567
0.49223
1.0201
0.16355
1.1547
-0.64607
-0.41149
-2.9935
-4.6793
-0.59409
-1.6615
1.1008
-0.98113
-0.52934
1.1271
-0.28105
0.59063
-1.1068
-1.0834
-0.099967
2.1373
2.8137
-0.75665
0.67914
1.0021
0.73145
0.43012
-0.66206
-4.243
-0.23904
-3.1049
-1.5643
-2.1896
1.0438
-0.71452
1.8281
0.66045
1.0003
0.87473
-2.9233
3.5675
3.1242
-1.5312
-2.9126
0.75496
-2.2244
1.6422
0.57446
1.013
-0.49763
0.79746
-1.2724
-2.179
1.9762
0.58425
0.35471
0.75607
0.47518
0.53628
-1.584
-0.29042
0.59872
-0.50917
-1.4637
0.044614
-0.15879
-0.87897
-1.8021
1.329
1.3234
1.0415
-3.0108
-2.9554
-2.6372
1.4892
-0.9969
1.21
1.6773
0.17481
0.85543
1.7614
2.5472
0.074752
0.28063
-1.7461
-0.01587
-1.1971
-1.7212
-1.1546
0.87603
-1.5214
-2.5984
1.1861
-0.0034962
-1.4123
0.78872
0.8942
-0.31122
-2.8043
0.16811
0.52382
1.4446
1.6485
-0.25542
-0.76033
1.5014
2.0926
-3.8441
-0.53885
0.42949
-1.6926
-0.61013
2.4857
-0.5445
0.29346
3.1007
0.84803
1.8059
-0.0097612
-0.61642
-0.19787
-0.65588
0.81498
0.5888
1.8682
-1.7501
-2.4786
-0.29483
-0.63967
0.18574
0.11295
-1.1719
-0.72715
-1.4708
-1.09
0.72236
2.7679
0.11049
-0.18504
0.53287
1.3927
3.115
-1.1936
0.55803
0.31688
0.5724
-1.1252
-2.3081
0.16859
-1.258
-0.79758
-2.3692
-0.60425
-0.34095
-1.4339
-0.5205
1.5267
-0.84237
1.3697
-0.54814
2.1461
-0.38508
-0.95321
-0.57062
-0.114
-3.4676
-0.49743
-0.012557
1.4236
-0.47633
-1.517
-0.74495
0.80799
-2.0321
-1.1545
1.0544
-3.2703
-0.71685
3.0896
2.4542
3.0458
-0.81703
0.83133
-2.0144
-0.059776
0.28222
-2.4047
-0.3095
-2.2985
-0.78677
0.50995
-3.4385
0.35629
-0.31408
2.6541
1.6694
0.69691
3.7578
0.41014
0.69022
-2.1629
0.99786
1.9337
0.93252
1.8611
0.27585
-0.6939
0.57606
-4.0487
-0.49147
-1.6015
1.9711
-0.35199
3.3532
-0.31144
0.81249
2.1818
1.1543
2.8929
-0.14532
-0.74418
2.2302
0.33205
1.7992
-0.80537
0.51142
-0.90263
-3.3954
-0.5854
0.49728
-0.86696
-0.71466
-0.6852
1.3443
-1.1481
-0.31118
2.1219
-0.70709
-1.3534
1.4356
-0.19793
2.3156
2.58
2.0364
-2.5149
-0.66957
-0.69851
-0.72506
0.60556
-0.9737
0.82147
-3.3745
1.6783
0.79421
1.8407
1.1034
-1.6555
1.6911
1.5413
1.1191
-0.90361
-1.3681
-1.8274
0.58533
0.51108
0.79022
-2.2518
-2.2006
-1.9475
-0.67585
-2.4308
0.46803
-0.054806
-1.8366
1.7929
3.0624
-0.26104
4.0653
-2.5283
-0.26334
1.6444
0.8566
-0.73196
-0.48797
-1.1006
-0.7847
1.3846
-3.0844
-1.8114
-3.349
-0.16438
-1.2341
-0.20755
2.2826
0.64865
3.0967
2.0759
2.2483
1.2336
2.1494
-0.7972
0.74856
2.0957
-1.3348
-0.24558
1.6688
-0.5757
-1.1084
-3.349
-0.62262
-2.8903
-0.50016
1.3134
0.63925
1.173
2.7255
-2.1236
0.68037
0.31744
2.477
-2.6345
-1.1452
-1.1979
-0.52363
-1.2408
0.42556
1.026
-3.4966
-0.045444
-3.0277
-3.1414
-1.3887
-0.16094
-1.6936
-1.3041
-1.2563
-0.26418
-1.2152
1.1378
0.8052
-0.71234
1.3297
-0.12342
2.5562
0.73639
0.85934
-1.4586
-2.1813
-1.4328
-1.2629
1.2395
-1.4189
1.7211
0.034153
-0.18538
0.7028
0.61507
3.451
0.72673
1.4083
2.0206
1.1031
2.0365
-2.4093
0.93084
1.8723
3.5999
-0.99117
0.3203
-0.23666
3.4985
3.7206
-0.89166
-2.9005
1.0575
4.1471
0.6415
1.3067
1.2507
-0.11709
1.73
1.6045
-1.14
2.5621
-1.3487
-2.3126
-0.77967
0.70872
-0.56835
-1.2309
-1.2381
0.073197
0.035372
-1.0973
2.5781
3.1096
-3.2865
1.0992
0.24845
1.7483
-0.99509
1.6304
-1.9751
2.0818
2.6269
-1.3105
-1.9203
-2.6658
0.54257
0.898
0.82633
-0.79826
-1.6578
0.48922
0.52431
2.4314
2.0979
0.53056
3.1723
-0.30414
2.9638
0.65681
-1.3435
-0.67796
2.4825
-0.48657
-4.5621
-1.5827
-0.44423
-0.37823
-0.82488
-0.33741
-1.4349
-0.24237
-0.43631
0.70931
2.7563
-0.93519
-0.15797
3.5524
0.56231
-0.95977
-0.37294
-0.26923
-2.1275
1.1937
-1.762
-3.2159
1.2745
1.0814
-2.1392
4.0414
-3.4628
-1.5281
-0.20038
0.16205
-2.3856
-0.73552
2.3925
0.80582
-0.34248
-1.3941
-1.2049
-0.28666
-1.0913
-3.3324
-1.8116
-2.4637
-1.9987
0.58272
-1.534
0.22869
-0.96211
0.91252
-0.051707
0.35658
0.41493
5.0806
-0.1229
-1.6541
-0.74424
-1.119
-0.16411
1.1248
-0.00076299
0.71597
-1.7834
0.22672
3.3037
0.021431
-2.3796
3.0053
-0.043574
-1.2129
-0.48671
-3.6501
-0.33331
-0.83247
2.374
0.80287
1.6256
-1.8995
-1.2544
2.5941
-0.90459
-0.81522
-3.0708
1.1779
0.17917
0.48954
-1.906
-1.4071
-5.447
1.3138
2.1652
1.505
1.9295
0.69879
1.1081
1.8245
-0.098485
-0.63421
2.1763
0.52
2.2577
-2.7752
1.0087
-3.1611
-1.945
-1.0686
-0.25055
1.7818
-0.16703
-1.6973
-0.78416
0.46956
-0.39454
3.2638
2.053
2.17
-0.067987
0.8388
-0.68158
0.074973
3.1222
0.27994
-0.82358
0.010535
-2.6808
-0.92428
-3.2418
1.2362
1.7549
1.2129
0.093289
2.158
1.2933
0.32021
0.9107
1.246
1.3508
-1.8711
1.698
1.6772
2.1901
0.3422
0.69352
-2.1723
-1.2577
-1.2686
-0.39163
1.5029
1.9574
-0.44913
-0.1689
1.96
3.0438
1.3831
-1.5804
3.6019
-1.711
-0.47815
-1.997
1.6235
1.6908
3.1831
-3.9315
-1.6329
-2.4264
-1.3361
-1.1156
0.54293
1.5225
4.4739
0.58476
1.3981
1.9468
4.7801
-1.3923
-0.11523
4.2106
-0.42918
0.94761
-0.8537
1.6019
-1.603
-1.4541
0.88055
-0.71667
-1.2402
-1.628
-0.97413
1.7138
0.011543
-1.5603
0.92723
-0.89336
3.3156
0.89433
1.3429
0.021178
-1.9417
-0.11993
-0.78294
-2.2184
-1.692
0.715
-1.915
-2.0896
-1.3503
-0.33965
0.52739
1.7537
-0.16398
-2.2222
-0.53517
-0.30562
1.0378
-1.0194
-0.87255
1.0908
-0.40946
2.3076
-1.0167
0.81629
-0.14389
-1.0305
0.73778
0.8088
-2.0542
0.25487
3.3641
-2.0122
-1.6222
-1.2819
1.6371
1.7524
0.37852
1.8425
0.4122
2.2049
-0.58704
0.045895
1.6159
-2.2658
1.318
-1.6647
-1.7965
1.2038
0.242
0.8725
-0.39375
-1.7094
-2.2582
2.6861
0.037216
-1.3775
0.3741
3.1342
0.17019
2.4003
4.6853
-1.0867
-2.328
0.81906
-0.74919
-3.4833
0.21989
1.7625
-1.5156
1.275
0.70312
-1.4588
3.3622
-1.35
1.9774
-2.8327
0.83145
3.6369
0.0057609
0.78676
3.5643
1.3369
-0.40043
-1.2584
-2.4071
-0.81818
0.23018
1.5854
0.78661
0.74701
-0.16955
-0.93358
1.1383
-0.94417
2.3402
0.46236
0.79107
2.2255
0.31338
-0.79753
-0.2231
0.3171
0.79659
3.437
-0.37394
-2.4483
0.31538
-3.2889
-1.6033
-0.46008
1.1173
-0.083757
-0.10289
2.1447
4.0648
1.5191
3.3679
2.583
1.8862
2.1849
1.5959
-0.99778
1.1296
1.5223
-0.43488
-1.8566
-1.5052
-1.7847
0.56831
0.3046
1.9191
0.48661
-1.9248
0.1777
-0.48903
1.079
1.3218
1.0285
2.3033
1.6782
1.2702
1.8079
0.37482
-0.050131
-0.12631
-2.4205
-0.3757
-2.1722
0.90441
-3.254
-1.4191
-0.78003
0.58379
-0.54116
0.78883
1.2043
2.991
-1.5295
1.3695
1.1552
-3.3358
0.040702
1.0182
0.22846
0.5773
0.13517
-2.5983
0.65316
-0.52718
0.45292
2.4153
1.7735
-1.6145
1.0347
1.1203
-0.2478
0.28915
2.967
0.89763
1.3966
-3.7794
0.44027
-0.071836
0.79607
1.5224
-0.0049438
2.4702
-1.3366
0.45826
-0.27371
1.3055
-1.3423
-0.26036
0.59431
-1.837
1.9173
-0.4759
2.1783
2.0322
0.27584
-1.3962
-2.9324
-0.3025
0.12008
0.90909
-3.1268
-1.4431
0.45998
-2.4296
-1.0547
0.77244
-0.39519
4.9779
1.4287
-2.2321
0.55519
1.3998
-0.25674
-0.33675
1.1672
-0.20244
1.1304
-2.638
-0.015303
-1.5736
-0.61404
-1.438
0.74379
-2.0466
0.66175
0.079145
-0.10224
0.47039
2.254
-2.4612
-1.4866
-1.8316
1.9583
3.4546
-0.88648
-0.2973
2.1303
0.61376
1.9468
0.53237
-1.5524
-4.1134
-0.097967
1.3582
-2.7141
-0.39982
0.75598
0.97622
0.52019
-4.3724
0.94213
3.1376
3.4441
-0.9566
-0.57998
0.72399
-1.0058
0.64777
2.7502
-0.54502
-2.5298
0.02331
1.2854
-1.65
-0.051888
0.41478
2.7371
-0.7518
0.86856
-0.71111
1.2187
-1.0323
0.50262
3.3363
2.3635
-1.0907
0.90566
-0.074158
0.99509
-0.87257
0.14259
0.012491
0.64324
-1.804
-0.73478
-1.231
-0.67499
-2.5046
4.3497
3.6188
-1.0684
1.1964
2.0883
-2.4362
4.0495
-2.6768
-2.0414
-0.20176
-0.74043
1.4535
-0.88352
-1.0474
2.4303
2.4052
0.10128
-2.924
0.2643
0.056496
1.6859
-1.7161
2.0381
-0.62793
-0.39049
0.93439
-0.97422
0.91096
0.04709
-0.81505
-0.5938
-1.7583
-1.6155
-1.7205
-2.7974
2.4636
-0.20896
0.68246
-0.56027
0.16293
1.5613
0.872
-0.52699
-1.7657
0.77984
0.45421
-1.7632
1.9594
1.0313
1.2963
-0.49744
-2.076
0.11568
-1.7932
-3.4695
-0.35173
-0.53353
0.12398
0.11386
1.8222
1.3804
1.8168
1.0054
1.4584
0.82031
0.15741
1.0889
1.4428
2.4397
-0.43584
0.68099
0.24726
-4.0856
-1.4982
-1.28
-2.6578
1.0697
2.4613
-1.608
0.40789
1.0882
2.6626
2.5686
2.7181
-0.33413
-1.2951
4.6753
2.2763
1.5088
-0.52434
0.68736
-0.71645
0.7846
-1.6927
-3.4786
-0.89258
-0.91099
-0.31225
0.77228
-2.4284
-1.8833
0.82036
0.42295
2.4912
-0.26301
-0.89586
0.95392
-0.38966
1.279
1.0094
-0.1937
2.8048
0.11709
0.2261
-0.50812
-2.975
0.34811
-1.4075
0.56544
-1.3809
2.5474
0.45855
0.86067
-0.74022
2.1294
1.8247
-1.0979
1.6586
-0.66391
0.90119
-2.2613
-2.1244
-1.8416
1.9112
-1.7252
-1.7091
2.6223
-0.59787
0.51837
-1.5556
-0.97866
-2.5189
1.1194
1.2784
2.2178
1.3461
0.81233
-1.1786
1.2524
-2.3802
-0.62768
-2.9391
-2.9016
0.22336
-0.82321
-0.34789
-0.14926
0.89241
-0.49065
-0.37436
2.4032
-2.1062
-1.0007
0.23548
0.95036
-0.21048
4.2805
0.90836
3.0133
0.90065
0.76272
-1.0982
-0.63075
-2.3042
-0.016784
-1.1595
-2.2224
0.60559
-1.0247
-0.79933
0.30455
-1.6619
0.34681
0.98003
-0.42976
-0.12205
1.2821
-0.4942
-0.39659
-2.0025
-0.74054
2.2516
-3.0983
-2.7599
2.1235
-1.2118
-1.1862
1.9175
1.3797
-1.788
-0.21414
1.1959
1.5587
-0.36046
1.7139
0.7504
4.0218
-3.0408
0.11141
2.8083
0.16209
-3.2446
0.066985
-2.8139
-0.28818
-0.30285
-1.9101
-1.2848
0.76992
-0.55766
0.71756
-2.2786
-0.36396
1.3496
4.1192
-0.17215
-1.3157
-2.3144
3.1433
-2.3239
-0.77433
-0.43076
3.5645
1.888
-4.0131
0.6655
-2.6752
1.5954
0.31631
-0.21692
1.4782
1.0754
0.99433
0.6603
3.5376
-1.5113
0.25122
0.70504
-1.2523
-0.90548
1.2593
2.0781
0.31917
-1.0103
-1.873
0.94683
0.62994
-4.1381
-0.47559
-2.6722
-0.093281
1.6812
-1.5402
2.1411
-0.054594
1.314
-0.053869
-4.4731
0.17903
-0.92911
-2.0301
-2.0569
-2.2399
0.37885
-1.124
-1.7097
2.7427
-0.16883
-3.4896
2.8464
0.57959
-0.39876
1.641
1.706
-0.035021
0.43946
-2.9035
0.49431
1.4
1.389
3.6467
-2.2761
0.81228
0.67645
-0.92464
-1.0955
-1.1874
0.39287
0.40688
2.7035
-0.27086
-0.00014575
2.1226
-0.050409
0.2791
-1.1191
0.1695
0.010259
-1.7836
1.773
0.62075
0.50621
-0.54525
-1.3624
-0.00097136
-1.5887
2.8878
1.5363
-2.9173
-0.50601
2.5925
-1.0923
-1.1171
0.12758
0.9899
0.47637
-0.28041
0.57587
1.4303
-1.3627
0.2328
-3.1535
0.37352
-0.6532
-2.577
-5.2307
-1.8279
-4.3169
-1.9552
-0.78503
-0.41796
-0.095066
4.5237
0.16515
0.93443
0.074963
0.11287
-2.8632
-1.3611
-1.7959
1.7996
-2.5413
-1.1783
2.525
-0.9163
0.53032
-2.8104
0.74262
-0.40173
1.4845
1.8819
2.1987
0.53687
-1.1434
0.49658
2.4456
0.32281
0.39089
1.3031
0.58515
1.3077
-1.4133
-3.0916
-1.3436
-0.017154
-0.81889
0.28127
-1.2416
-1.2117
-0.0787
0.96928
4.686
4.5324
-0.16434
2.4968
1.4091
0.92822
-0.77652
1.2592
0.41665
0.43172
-1.6215
-1.0055
-4.1597
-1.4532
0.69906
2.0506
-0.51564
1.6378
0.029301
0.6355
2.9806
-1.5238
0.58401
-0.50702
0.16714
2.7319
0.82226
0.066393
-1.1943
-2.3445
-2.3866
0.11933
1.9028
3.5479
-1.3762
-2.0516
-1.0132
-1.7499
-0.10882
-1.5973
-1.9658
1.2773
-0.13454
-1.775
4.6228
-0.48785
-0.32343
1.6811
-1.2119
-0.50545
-0.96911
-2.333
-4.5859
-2.9526
-3.3729
-1.6532
1.2865
1.4817
-0.4134
-1.3211
-0.55613
2.8518
6.4641
-0.081733
0.42881
-0.8087
-0.23583
-1.6109
3.8707
2.2566
0.23255
0.10801
-2.3889
-5.349
-2.2543
-0.53471
0.67345
0.4406
-0.20316
1.0105
1.5365
-0.084087
1.6349
-1.087
3.2395
5.8451
-1.9795
-1.2503
-0.18706
-2.7394
2.2989
0.39602
0.080231
-2.7169
-3.5947
1.6709
-1.3631
1.431
0.63762
-2.4731
0.43278
1.0884
0.37076
0.74053
0.29975
-1.7226
2.3499
1.6467
-0.38893
0.80833
-0.97112
-0.31613
-0.035717
-1.5949
1.1865
-0.11536
-0.35771
-0.53926
-3.7855
1.4428
1.831
3.4417
1.3018
4.0154
-0.24186
3.6524
0.051359
-0.8395
-0.19805
-1.2766
0.066293
0.75845
-1.274
-1.6452
-2.6417
1.8972
-3.3636
0.32889
-2.489
0.5892
0.43316
1.8391
0.47852
2.3886
2.583
0.33998
0.63857
1.7475
3.2815
-2.9149
-1.0232
-1.4653
-1.0048
0.70084
-2.0253
1.5753
-0.022456
-3.0732
3.2829
2.0215
0.87481
2.4229
-0.48583
0.27565
1.0229
0.58168
-2.0456
1.2781
-1.4956
2.2676
0.88497
0.6183
-0.48786
-0.36712
-1.5889
-1.4929
0.080284
2.5628
-0.56941
0.99202
-2.2619
1.0475
-0.86497
-0.9498
0.033894
-0.60433
-2.3965
-0.12785
-0.040753
1.9922
0.52553
-0.54628
-0.82523
1.2034
-2.7857
-2.5064
-3.4105
1.5087
-1.4507
0.65613
-0.58046
-0.51059
0.70436
2.1348
1.7856
-1.36
-1.5269
1.0824
-2.0125
1.5532
-1.4442
3.0165
-1.8079
-1.0255
-0.27067
0.65491
-1.1992
-1.0234
-1.0978
0.10134
0.41494
-1.0002
0.29242
-0.25579
1.7705
0.61971
1.9326
-2.4851
2.7359
1.3972
-1.3808
-1.3658
-1.039
0.90985
-0.29206
-2.3283
-0.98691
-0.2772
0.29262
-1.2697
1.1859
-0.58817
2.0975
2.8928
2.3118
0.25088
0.70015
1.9871
0.21951
1.1484
2.4181
-0.87232
0.96524
-1.4585
3.1705
-1.2496
2.4839
-0.47247
0.39602
2.5187
1.2391
2.303
0.69439
-1.881
2.6682
-0.54155
1.9428
1.5338
-2.3808
-1.0962
0.54821
-0.90905
-1.4038
1.4582
0.22101
-0.12972
-1.3007
-0.23636
-0.33271
0.65697
-0.52779
1.4198
3.1473
-0.2539
0.086728
0.93375
0.84867
0.17327
2.631
3.3014
-2.2437
-1.7376
1.5937
-1.9708
-1.2408
-3.1802
4.0679
1.0407
-0.17847
-2.6333
1.9621
-0.93099
2.6782
1.0773
2.7491
-0.59028
-0.92916
0.51043
-0.68229
2.5532
-2.2755
0.48135
-0.068061
-1.445
2.5662
-0.43879
-0.12862
-1.1311
-0.31579
0.7832
2.2424
-0.80987
-0.33563
1.5228
0.57866
1.3037
0.52368
-0.94731
-1.4498
-3.0697
-0.83424
-2.7917
-1.0657
-2.6141
-3.0819
-0.65324
-4.1587
-1.3092
1.2182
2.2274
1.7085
0.14964
1.9082
-0.22314
-0.7952
-0.82815
2.1912
-3.3287
0.085236
-4.389
1.2664
2.5117
-2.9444
1.3957
0.31214
-0.84116
-1.6147
1.8399
0.32147
-0.081445
1.384
-0.80682
-0.62644
-2.0034
-0.18721
2.4348
-0.47827
-2.1119
1.846
1.3159
-0.63362
0.18033
-1.5045
1.4782
-1.2879
-1.8169
-0.70129
-1.8739
1.8597
1.0123
-0.35927
-3.6238
1.299
0.53783
1.1184
-0.19383
0.34221
-3.439
-1.5303
2.769
1.595
0.25238
-3.3345
0.19904
-0.5274
1.1546
-1.0151
-0.51879
1.905
0.91217
0.97001
1.3921
1.4777
3.2553
-1.4915
-1.2875
1.2657
-0.23951
-0.91626
0.148
-2.7481
2.3125
0.79982
-0.53013
-1.7099
-0.33861
-3.3265
-1.9339
1.58
-2.1121
1.0356
1.4236
2.92
2.2467
-0.18559
-1.3999
0.13219
0.17486
-0.3656
-0.45147
-0.46669
-3.4788
0.13094
-1.0368
-2.139
-1.4853
-2.097
-1.4424
-1.1859
1.5321
0.67384
0.51073
0.17366
-0.0413
1.1744
1.9753
-0.92584
2.2687
1.761
0.46917
1.513
-0.34989
-0.0082285
-0.12204
0.012662
-4.379
-1.5966
1.3865
2.204
0.094969
-1.4114
4.8225
0.32535
-2.0678
1.9644
1.5577
-0.73282
3.1467
-0.70429
-1.1465
-2.0101
-1.1187
-0.52261
-1.6452
0.87035
0.8074
0.96436
-2.6833
0.10007
-2.6024
-0.66428
1.6017
1.2197
1.5001
1.7675
3.5497
3.9681
3.0505
-0.022466
-2.028
-1.0895
-2.7416
0.14745
-3.6759
-3.1246
1.3531
2.0149
0.76643
-1.5086
0.19694
-0.1245
2.3541
0.79989
1.7963
-0.94132
-0.77697
-0.37804
0.38898
-0.5847
1.2597
0.34145
-0.18644
1.7661
-0.12456
-4.1565
0.56195
-1.7533
1.958
0.23769
0.66183
0.98171
-0.74039
0.4436
2.3471
1.0478
1.7243
-1.1489
1.2002
-0.29073
-2.3001
-0.92123
-0.71173
-4.998
1.209
-1.1341
-0.95636
1.3689
-0.58617
-1.0621
-0.47614
3.0845
-2.4342
-0.61044
0.90061
-0.64317
-2.5383
1.4385
0.082962
-1.9297
0.92166
-2.6251
-1.5444
-1.0976
0.76008
-2.0435
-0.075361
-0.94598
-6.9395
1.6257
-0.093143
1.3582
0.96248
2.4098
1.1126
3.0898
0.20478
0.64741
0.43055
0.43153
1.5657
-3.4286
-2.3654
-2.5611
-4.3035
0.28051
-3.6057
0.23209
-1.3252
-0.51217
3.7333
1.8946
-0.19462
-0.10094
-2.3754
-0.59831
0.6297
0.31332
3.9961
0.90761
-0.13037
-0.81439
1.9427
-1.5451
-0.19445
-0.1527
-1.4429
1.334
-0.31209
1.666
-0.1572
1.9519
1.0099
-0.18025
0.63091
1.47
2.7176
2.1153
2.3031
0.45891
-2.036
0.53432
-0.77834
-2.2695
1.4144
-3.6089
-0.92381
-1.0363
0.091578
0.41299
0.40782
2.038
5.0739
-1.4915
1.5152
0.71026
-0.0048737
2.1457
-1.2278
-0.49834
1.5662
1.6095
-1.2841
-0.72968
-0.55065
-1.4085
0.81731
-5.3451
-1.2859
-2.924
0.44899
-0.34882
0.46318
0.40222
2.9435
0.15816
-0.396
-1.2229
1.243
1.0701
-1.3847
-0.93077
1.1526
-1.9965
-1.0071
-1.7317
-0.21845
0.51012
0.2288
-0.63489
0.65074
-1.9309
4.6799
1.8066
0.8834
-0.30125
1.8868
1.9854
1.1259
-1.1691
0.73916
0.19436
-1.4103
-3.3456
-4.9292
-1.4665
-3.3986
-2.5228
-0.34924
1.1429
0.88515
0.13584
1.5088
-1.0677
0.25206
-3.8652
0.96325
-0.95871
0.54953
0.29406
-3.3815
-0.64742
1.121
-0.46008
-2.053
0.651
-2.9897
-0.68021
0.86156
-1.236
2.3968
-0.38095
0.99541
5.0507
2.4675
-0.31042
2.7224
-3.0879
0.68208
0.020455
0.64495
1.1489
1.179
-2.2632
-1.1409
-2.0342
0.3993
1.3797
0.14164
1.0153
-1.1926
-0.44266
0.23262
4.5336
-0.87569
1.6278
-3.2549
0.8774
-0.50454
-0.70075
-1.1746
1.8517
0.33396
2.0501
-1.2758
1.667
-0.53254
-0.15198
0.76781
2.3576
-1.0359
-3.3481
1.7411
0.40583
-0.10546
2.9886
0.43677
-1.1136
-0.053099
-1.821
-0.36291
0.20968
-2.0621
0.27077
-0.35743
-0.13603
-0.94215
-0.3276
-0.89118
-1.9685
-2.7117
1.9112
-1.2389
4.317
0.74487
0.071823
-0.22159
-0.72716
-1.9404
0.72392
1.2073
0.46631
1.5322
-3.3328
-0.57867
0.67389
-0.64454
1.5763
-0.71384
-1.1456
1.2187
-0.41895
0.49308
1.2144
2.6505
1.4833
-1.0567
2.1436
1.6211
0.39116
-1.1443
0.69899
-2.067
-1.6214
1.2262
0.1062
-1.1686
2.3827
-2.0391
2.7852
-1.219
3.3222
0.48436
3.7783
1.5579
4.4787
-1.5495
-1.2105
1.5147
0.46942
-0.6166
-1.5199
-1.6831
-0.78567
1.0257
2.5927
1.0856
1.5255
0.31547
0.59979
3.8074
-0.66328
-0.42677
1.1867
0.97947
1.1856
-1.0909
0.43651
2.4282
-1.9892
1.4553
-3.0873
-1.78
-3.5497
-2.0266
-0.13425
1.0348
-2.1445
-2.0886
-1.3711
1.1837
2.0131
-1.6178
1.5642
1.2342
2.4439
-2.0303
-1.9363
2.6489
2.9584
-2.0125
-1.1243
2.4066
-1.5334
-2.3958
-1.4742
-3.5104
1.7006
0.46807
3.6015
2.3262
-0.60309
1.5503
-1.2822
1.9558
2.6185
1.2207
-2.0748
1.554
0.13354
-0.27454
-0.73356
-1.8132
-1.6115
-3.0107
-1.2748
-1.3099
-0.63411
-2.2332
1.4221
-0.71703
0.24682
1.7602
-1.405
4.636
3.4834
-0.60242
1.5501
0.94415
-0.91746
1.6415
-1.4696
-2.6445
-2.8734
-1.4628
-3.4086
-0.7599
-2.5485
-0.74896
-1.5601
-0.32795
-2.3003
0.27849
-1.2489
-1.3681
2.0513
1.2677
-0.39054
0.20101
0.50762
0.43758
0.30048
-3.7002
-1.9764
-2.0573
2.2671
1.7815
-0.055179
-0.137
1.626
-0.74097
1.4578
0.11411
-0.96301
0.71605
-1.4472
-0.72367
-0.42716
4.5482
2.8546
0.042912
0.14591
-2.5206
-4.5263
-2.2879
-2.685
-1.3775
0.3377
3.302
0.23405
-2.1698
1.7781
1.5666
-0.07563
2.4298
2.9943
-0.72134
2.9993
1.5022
-0.83603
-1.2058
-1.4688
-0.4373
3.1517
-0.37694
0.76886
-2.1408
-4.7155
0.19015
2.0506
-0.045475
0.12991
1.4548
-0.028558
0.77909
1.3956
0.072698
0.067359
-0.4999
-1.0231
-0.60743
1.7774
-1.9075
0.06056
-2.1918
2.0487
-1.6779
1.4753
-1.3067
0.52579
-0.26074
0.80276
-0.77834
1.7485
1.3916
-0.82078
-1.6533
0.21261
-0.74109
-0.60408
-1.1323
-3.8128
-1.1869
-2.4412
0.22814
-3.2137
-1.5549
0.38537
0.99864
-1.3277
2.8283
-0.71786
-0.11779
3.2381
3.1346
1.5997
0.99741
-1.3359
3.509
-1.261
-0.6825
-2.8277
-1.8111
-0.49505
-1.4831
-2.0095
1.3702
-1.5163
0.23905
-1.3904
0.093244
0.41379
2.1936
2.8017
0.8172
1.0293
0.56046
1.56
0.89686
-0.30854
1.1094
-2.2408
-2.7868
-2.3671
-3.6416
0.7902
-1.7515
-2.2579
0.21769
-0.4486
0.18486
0.92332
0.56968
2.4931
1.8509
1.8069
1.892
1.2416
-2.2756
-1.4971
-1.2255
1.8464
0.39708
-1.2531
0.33546
-2.7346
-1.2147
-2.776
-0.33974
-2.3345
1.3823
0.61625
1.8743
1.5865
1.5007
0.802
2.5248
3.0938
-0.59038
1.363
0.76081
-1.2097
-1.244
-0.7306
1.3303
-0.64605
-2.4259
-0.94214
1.6185
0.77452
-3.8412
0.35989
-0.58322
0.2685
2.1628
0.45795
1.0082
3.8757
1.6745
3.3178
-2.5186
0.87992
-0.083242
-0.76905
1.984
-2.0969
-1.2231
0.40914
-2.2852
0.66754
0.1542
-1.2742
0.72214
0.93194
1.6181
2.2253
0.64261
1.4025
0.015961
0.061689
-1.1334
1.9109
-1.9211
0.081677
-1.521
0.52868
-3.2791
1.5545
-0.31249
-0.1904
-0.086049
2.1671
-0.29427
4.3631
0.90425
2.5323
3.0513
1.9165
-0.55875
0.71891
0.20514
-2.2541
-0.22816
-1.9302
-1.9945
2.5933
-0.073305
0.60441
1.4013
0.23552
-0.2578
0.10228
-2.0987
0.37375
-0.20456
-1.9506
-0.2146
-0.24728
-0.70225
-0.70717
-1.9982
-1.4797
-2.6026
-1.8794
-2.3695
-2.7446
-2.0034
0.49866
-0.53605
1.8354
0.34109
1.2051
-1.1311
2.6979
0.44184
-1.4157
-2.5229
0.77794
-0.72878
-0.35055
0.68323
0.65594
-3.1159
-4.3536
-1.3835
1.315
0.50899
1.0819
-0.93891
4.0456
3.1746
0.33545
5.3039
2.8047
-0.85118
-1.5183
0.88559
-0.23668
-0.11981
-0.20536
1.0894
-0.61206
0.13153
0.13481
-1.6166
-0.46192
-3.0436
0.33063
0.58247
0.28052
0.63399
1.261
1.4293
1.7582
2.3301
-0.81696
-0.096121
-1.7416
-2.2564
1.7508
0.44762
-3.3444
-0.84432
1.4866
-1.1164
1.2836
1.5599
-0.70198
0.81651
-0.33702
2.2315
0.56121
1.6401
0.62174
0.52091
2.1282
3.1914
2.4778
1.0937
1.76
-0.46915
-1.8948
0.25138
-0.44632
-1.6692
-0.04165
-2.2011
1.2143
0.49764
-1.376
-2.8137
-0.17291
-0.5754
1.8117
2.9683
-0.92114
0.70511
0.57289
0.54644
-2.6134
-1.536
-2.3054
-1.4763
0.35964
-0.066545
1.291
-0.10648
-3.6237
-0.5851
2.52
0.22682
1.2925
1.0737
0.44219
0.12497
2.1395
2.4393
3.275
1.5556
1.7519
2.1413
-0.33142
0.49638
1.0841
-1.8099
-0.52451
-2.7686
-3.154
-0.89121
1.8904
0.25184
0.62571
2.7583
1.6961
-0.29412
4.7399
3.306
-0.98421
-1.0128
-1.049
-3.301
0.34991
-2.1841
-0.34874
-3.8945
-0.6164
0.10782
0.37862
-1.666
1.6732
-0.73312
-0.42832
0.53113
0.18398
0.23045
0.47881
-2.6539
1.0807
-1.1396
-0.20426
3.0961
2.5315
-0.98122
-0.1948
-0.2698
0.054598
-0.75747
-1.067
0.32312
-1.8228
-1.0682
-0.24414
3.0656
4.0153
-1.8955
4.6613
-1.5022
2.3578
2.0925
-2.428
0.20402
-4.1603
-1.0726
-0.76232
-0.67298
-1.5957
-1.615
-0.67745
1.8953
1.1475
1.4933
0.6737
1.6899
4.4414
0.44159
2.5528
0.28971
-1.912
1.3443
1.8901
0.88995
0.14073
-2.8382
1.5779
-1.3779
-1.3679
-1.4322
-1.8178
-1.5311
-0.53426
2.1212
0.31339
-2.2561
1.0321
1.4867
0.015878
4.8808
0.48972
-0.42634
-0.7936
-2.0547
-3.0185
-1.0885
-0.21705
0.59412
-1.2414
0.5515
-4.7168
1.1966
-1.0209
0.51906
-0.74761
-0.8058
-0.51085
2.4708
0.24533
1.4047
-1.7536
1.4284
-1.2107
-0.47378
-0.094416
-0.48036
-0.73983
-3.0536
0.24911
1.5981
0.47507
-1.1907
-2.6529
