0.584
0.429
0.414
0.372
0.48
0.286
0.12
0.135
0.296
0.28
0.323
0.706
0.19
0.365
0.367
0.555
0.79
0.664
0.883
1.036
1.354
0.971
0.657
1.002
0.799
0.636
0.881
0.827
1.224
0.829
1.098
1.16
1.137
0.837
1.051
1.059
1.383
1.25
1.289
1.497
1.387
1.497
1.57
1.351
1.142
1.231
0.809
0.7
0.91
0.95
0.937
0.784
0.861
0.928
0.782
1.003
1.111
0.824
0.825
0.842
0.75
0.744
0.557
0.702
0.598
0.674
0.841
1.091
1.225
1.325
1.291
1.139
1.447
1.233
1.087
1.078
1.278
1.034
1.078
0.97
1.139
0.965
1.145
0.99
0.674
0.698
0.589
0.885
0.699
0.778
0.612
1.175
1.114
1.001
0.853
0.885
1.486
0.968
0.904
0.986
0.957
0.926
0.787
0.934
0.87
0.93
0.704
0.592
0.788
0.881
1.089
0.789
1.024
0.986
1.145
1.259
1.081
1.026
1.45
1.644
1.567
1.488
1.468
1.441
1.53
1.302
1.096
0.721
0.891
0.714
0.968
1.07
0.913
0.905
0.961
0.921
0.933
0.801
1.307
1.305
1.366
1.532
0.98
1.171
1.213
1.047
1.122
0.88
1.053
1.067
0.724
0.362
0.953
0.859
0.968
1.183
0.958
1.023
0.951
0.935
0.93
0.835
0.563
1.007
0.706
0.44
0.936
1.099
1.115
1.07
0.933
0.885
0.989
0.752
1.071
0.798
0.972
0.891
1.143
0.83
0.795
0.831
0.882
0.927
0.865
0.325
0.93
0.861
0.906
0.663
0.89
1.021
0.737
1.239
1.094
1.039
1.028
1.517
1.74
1.449
0.983
0.728
1.329
1.119
1.156
1.345
1.045
0.694
1.22
1.263
0.932
1.143
1.241
1.243
1.058
0.793
0.369
0.78
0.278
0.937
0.795
0.798
0.83
0.983
0.805
1.035
1.07
1.058
1.121
1.167
1.057
1.055
0.941
1.178
1.174
1.085
1.133
1.144
1.207
1.638
1.054
1.207
0.889
1.05
1.078
1.265
1.299
1.242
1.327
1.047
1.05
1.201
0.943
1.242
1.132
1.011
0.879
0.668
1.099
1.097
0.983
1.04
0.908
0.899
0.782
0.815
1.087
1.001
0.925
1.007
1.107
0.677
0.739
0.44
1.179
0.839
1.14
0.287
0.81
1.158
0.842
1.052
1.122
0.861
0.893
0.743
0.945
0.574
1.107
1.082
0.937
1.194
1.111
1.004
1.219
0.946
1.327
0.991
0.802
0.973
0.849
0.964
1.161
0.821
0.456
1.005
1.118
1.076
0.939
1.087
1.265
1.019
1.168
1.038
1.112
1.185
0.799
1.188
1.359
1.018
1.064
0.287
1.274
1.001
0.857
1.11
0.929
0.916
1.072
1.073
1.184
1.122
0.981
0.649
0.894
0.636
0.129
1.187
0.98
0.885
0.927
0.844
0.868
0.872
0.468
0.809
1.152
1.148
0.728
0.547
0.912
0.815
0.835
1.077
0.685
0.872
0.969
0.699
0.707
1.021
0.859
0.777
0.97
0.526
1.081
0.732
0.756
1.083
1.007
1.09
0.911
1.08
1.274
1.091
1.174
1.013
1.047
1.436
1.134
1.178
1.097
1.098
0.553
1.244
1.145
1.458
1.114
1.204
1.062
1.165
1.081
1.285
1.392
1.251
1.123
1.159
0.969
1.319
1.082
0.778
1.179
1.098
0.875
0.4
1.044
0.827
0.71
0.826
0.762
0.715
0.675
0.463
0.825
0.97
1.132
0.925
0.89
0.825
0.711
0.846
0.96
1.107
1.176
1.16
0.981
0.937
0.885
0.724
0.895
0.974
1.049
1.067
0.9
1.023
1.003
0.936
0.934
1.024
0.772
0.991
0.73
1.129
0.868
0.915
0.401
0.744
0.579
0.796
0.947
0.855
0.841
0.798
0.63
0.812
0.211
0.981
0.813
0.559
0.639
1.101
0.741
0.69
0.973
0.793
1.121
1.163
1.074
0.954
0.58
0.934
0.766
1.03
1.047
0.843
1.282
1.289
0.855
0.883
0.979
0.491
1.123
0.969
0.889
0.817
0.377
0.921
0.98
0.982
0.833
0.382
0.916
0.51
0.945
0.384
0.809
1.002
0.968
0.604
0.89
0.837
0.801
0.848
0.934
1.068
1.015
0.551
0.898
1.115
1.079
0.844
1.001
1.056
1.1
0.703
0.677
0.989
0.544
0.915
1.206
1.173
1.048
1.387
1.208
0.851
0.9
0.911
1.217
1.189
0.817
1.022
1.007
1.479
1.167
1.085
1.298
1.032
1.409
1.637
1.516
1.325
1.388
1.471
1.616
1.159
1.295
1.439
1.817
1.22
0.724
0.762
1.007
1.315
1.031
0.835
0.285
0.285
0.907
0.876
0.608
0.669
0.515
0.798
0.593
1.144
1.2
1.039
0.952
0.501
0.628
0.288
0.943
1.078
1.078
0.851
1.188
0.828
0.863
0.763
0.67
1.113
0.844
0.995
1.068
1.06
0.883
0.585
0.508
0.529
0.874
1.041
1.074
1.039
0.892
0.994
0.986
0.82
0.769
1.066
0.925
0.952
0.952
0.67
1.19
1.067
0.893
0.264
1.066
0.635
1.093
0.943
0.953
0.786
0.677
1.152
1.128
1.274
1.052
1.035
1.163
1.19
1.185
1.332
1.422
1.42
1.294
1.333
1.192
1.601
1.29
1.318
0.917
1.029
0.576
0.595
1.043
1.227
0.874
1.201
0.86
1.13
1.15
0.906
1.409
1.12
0.955
0.806
0.956
1.161
0.953
0.739
1.073
0.965
0.853
0.332
0.869
0.595
0.914
0.609
0.767
0.691
0.882
0.952
0.717
0.946
0.939
0.939
0.916
0.952
1.195
0.787
0.923
0.85
0.679
0.915
1.061
1.192
1.202
1.151
1.536
0.96
0.941
0.95
0.547
1.042
1.001
0.781
0.338
0.651
0.762
0.638
0.75
0.856
0.756
0.309
0.995
0.847
0.761
1.047
1.008
1.092
1.107
1.092
0.689
0.896
1.207
1.215
1.129
1.104
1.334
1.277
0.939
0.964
0.909
1.112
1.115
1.055
1.048
0.893
0.865
0.777
0.897
0.924
1.07
0.82
1.096
1.002
0.944
0.836
0.922
0.89
0.775
0.914
0.772
1.043
0.871
1.05
0.715
1.135
0.863
1.051
0.92
0.221
1.156
1.11
0.832
0.9
0.601
0.998
0.465
0.765
0.878
0.391
0.809
0.679
0.699
0.883
0.84
0.984
1.134
0.804
0.926
0.798
0.66
0.879
0.806
0.986
0.745
0.801
0.922
0.884
0.906
0.894
0.849
0.905
0.765
0.694
0.611
0.62
0.763
1.115
0.546
0.565
0.49
0.499
0.604
0.487
0.41
0.794
0.675
0.63
0.568
0.724
0.698
0.572
0.668
0.913
0.916
0.921
0.733
0.915
1.148
0.791
0.741
0.829
0.881
0.828
0.861
0.997
0.814
1.021
0.761
0.69
0.698
0.972
0.671
0.868
0.795
1.037
0.72
0.855
0.437
0.391
0.787
0.846
0.383
1.235
1.129
0.822
0.976
0.985
0.768
0.851
0.836
0.854
0.502
0.676
0.827
0.955
0.78
0.772
1.134
0.629
0.838
0.914
1.191
1.542
0.988
1.087
1.344
1.014
0.941
0.181
1.069
1.135
1.198
0.993
1.181
1.282
1.345
0.897
1.076
0.974
1.603
1.767
1.857
1.112
0.959
1.55
1.616
1.462
1.57
1.561
1.14
1.567
1.727
1.335
1.166
1.269
1.239
1.043
1.169
0.55
0.938
0.657
1.196
1.603
1.041
1.033
1.218
1.032
1.087
0.983
1.051
1.248
1.358
1.289
1.507
1.338
1.401
1.342
1.443
1.261
1.32
1.398
1.614
1.466
1.601
1.344
1.376
0.698
0.819
1.285
1.104
1.093
1.207
1.22
1.348
1.39
1.363
1.072
1.147
1.114
1.153
1.379
1.398
1.289
0.868
1.613
1.265
1.398
1.454
1.413
1.616
2.23
2.048
1.887
1.972
1.383
1.415
1.631
1.621
1.562
0.988
1.661
1.106
1.335
1.379
1.474
1.2
1.273
1.293
1.253
1.09
1.328
1.315
0.883
1.08
1.301
1.226
1.318
1
1.124
0.611
1.038
0.572
0.579
0.291
1.13
0.922
1.066
0.979
1.094
0.931
1.186
0.887
0.969
1.021
0.866
0.25
1.34
1.068
0.983
1.053
1.44
1.436
0.937
0.993
1.291
1.231
1.308
0.907
1.106
1.334
0.817
0.888
1.159
0.698
1.124
0.898
0.556
0.965
0.915
0.966
0.755
1.145
1.105
0.946
1.085
1.091
0.868
0.793
0.868
0.989
0.879
0.894
1.182
0.921
0.893
0.982
1.062
0.708
0.445
0.402
0.314
0.827
0.772
0.761
0.673
0.696
0.927
1.033
0.838
0.762
0.892
1.097
0.953
0.766
0.346
1.045
0.751
0.975
0.761
1.048
0.829
0.848
0.728
0.914
0.643
0.748
0.796
0.993
0.948
0.907
1.158
0.919
1.079
0.949
1.215
0.942
1.044
1.124
0.977
0.837
1.098
0.89
1.249
1.061
0.885
0.841
1.016
0.968
0.769
1.123
1.096
0.99
0.704
0.93
0.982
0.937
1.029
1.062
0.915
1.018
1.111
1.004
1.113
1.235
1.254
1.203
1.012
0.919
1.087
1.228
1.21
1.35
1.114
1.023
0.958
1.312
1.432
0.987
1.068
0.999
1.198
0.663
1.002
1.091
1.13
0.897
0.975
1.016
0.998
1.115
1.194
0.971
0.963
0.845
1.202
1.123
1.324
1.072
1.035
1.179
1.231
0.892
0.895
1
1.197
0.895
1.013
1.088
1.087
0.966
0.743
0.879
0.702
0.776
0.829
0.754
1.034
0.655
0.667
1.042
0.845
0.918
0.794
1.051
0.931
0.796
1.071
0.895
1.081
0.967
0.912
0.886
0.608
0.719
0.722
0.913
0.933
1.035
0.894
0.726
0.415
1.026
0.869
0.792
0.835
0.458
0.52
0.745
1.023
0.659
0.814
0.633
0.596
0.449
0.71
0.883
0.793
0.734
0.822
1.001
0.905
0.685
0.708
0.826
0.875
0.604
0.805
0.679
0.76
0.675
0.661
0.726
0.819
0.683
0.817
0.549
0.895
0.653
1.005
0.78
0.951
0.834
1.106
0.948
1.117
1.055
0.967
0.829
0.916
0.528
0.796
0.783
0.824
0.708
0.692
0.719
0.762
0.694
0.431
0.807
0.765
0.647
0.761
1.004
0.8
0.77
0.812
0.826
0.918
0.823
0.904
0.864
0.934
1.039
1.169
0.861
0.986
1.048
0.915
0.839
0.943
1.041
1.011
1.352
1.224
0.932
1.085
1.002
1.151
1.092
1.035
1.087
0.948
0.774
0.723
0.88
0.736
0.632
0.885
1.058
0.811
0.935
0.893
0.916
0.921
0.663
0.473
0.905
1.029
0.723
0.853
1.198
0.796
0.872
0.751
0.593
0.743
1.021
1.158
0.901
0.959
0.913
1.025
0.79
0.905
0.825
0.813
1.01
1.084
0.908
0.552
0.998
0.913
0.666
0.715
0.874
0.873
0.806
0.996
1.146
1.112
1.055
0.804
0.745
1.007
0.869
0.871
0.933
1.025
1.016
1.138
0.985
1.016
0.901
1.211
0.599
0.871
1.156
0.972
0.864
0.961
1.144
1.027
0.706
0.433
0.692
0.446
0.587
0.792
0.709
0.816
0.707
0.751
0.84
0.754
0.337
0.736
0.81
0.551
0.892
0.808
0.841
0.925
0.977
1.06
0.908
0.854
0.855
0.937
0.914
0.946
1.213
1.196
1.059
0.911
0.989
1.097
0.944
1.27
1.06
1.136
0.965
0.861
0.948
0.968
0.938
1.216
0.976
0.8
0.956
1.309
1.207
1.312
1.281
0.885
0.848
0.926
0.392
0.613
0.835
0.842
0.847
1.064
1.129
1.102
1.142
0.89
0.943
1.044
0.86
0.754
1.025
1.116
0.985
0.947
1.094
0.994
0.708
1.256
1.029
0.907
1.046
1.288
1.065
1.082
1.287
1.221
1.263
1.344
1.206
0.966
1.25
1.285
1.084
1.331
1.325
1.034
1.153
0.673
1.499
1.5
1.324
1.327
1.183
1.427
1.188
1.331
1.363
1.6
1.425
1.175
1.464
1.578
1.484
1.258
0.952
1.042
1.126
1.316
1.386
1.205
1.158
1.316
1.214
1.049
1.181
0.588
1.232
1.231
1.068
1.143
1.035
0.564
1.057
1.049
1.178
1.073
1.15
0.95
1.29
0.926
0.957
1.204
1.187
0.886
1.1
1.182
1.315
1.359
0.986
1.131
0.956
1.38
0.989
1.063
1.268
1.041
0.925
0.932
0.906
1.357
1.007
1.104
0.828
1.215
0.944
0.986
0.834
0.905
0.631
0.909
0.771
1.093
1.062
1.035
0.983
0.891
1.091
1.082
0.934
1.248
1.317
1.291
0.889
0.85
1.289
1.252
1.13
1.162
1.317
1.142
1.196
1.056
1.273
1.058
1.155
1.352
1.388
0.974
1.118
1.46
1.268
1.146
1.37
1.099
1.208
1.148
1.261
1.4
1.103
0.989
0.768
0.815
1.042
1.109
0.893
0.538
1.185
1.029
1.086
1.066
1.041
1.073
1.088
1.077
0.967
0.978
1.243
1.423
1.017
1.011
1.122
0.826
1.18
1.115
1.259
1.205
1.014
1.102
0.787
0.732
0.917
0.922
1.099
0.983
1.27
1.286
1.126
1.002
0.992
1.09
1.167
1.059
1.104
1.168
1.223
1.205
1.086
1.317
1.138
1.023
0.908
1.009
1.014
0.897
1.218
0.938
0.873
1.11
1.176
1.276
1.108
1.06
1.036
1.014
1.276
1.311
1.264
0.85
1.16
0.971
1.11
1.163
1.175
1.175
1.003
1.271
1.241
1.205
1.016
0.499
0.619
0.813
0.87
0.782
0.954
0.982
0.767
0.868
0.778
1.261
1.075
1.051
0.666
0.54
0.923
0.956
0.846
1.283
0.691
0.84
0.904
1.018
1.147
1.034
1.046
0.829
1.119
1.029
1.067
0.927
0.911
0.856
1.067
0.994
0.791
0.86
0.987
1.134
1.045
0.978
0.877
0.495
1.163
0.863
1.046
1.005
1.119
0.802
0.997
0.906
0.889
0.763
0.601
0.815
0.648
0.845
0.764
0.808
0.862
0.802
0.751
0.574
0.736
0.896
0.982
0.869
0.82
0.857
0.97
0.803
0.777
0.79
0.872
0.93
0.81
0.878
0.805
0.918
0.763
1.122
0.998
0.646
0.552
0.549
0.999
0.961
0.985
0.971
1.045
0.906
0.876
0.726
0.881
0.683
0.668
0.747
0.669
0.559
0.759
0.999
0.82
0.883
0.94
0.652
0.611
0.876
0.787
0.943
1.194
0.843
1.099
1.225
1.087
1.005
0.952
1.025
1.099
1.241
0.905
1.018
1.23
0.967
1.222
1.192
0.869
0.853
0.843
0.918
0.916
0.903
0.936
0.539
0.798
0.931
0.781
0.455
0.83
0.862
0.741
0.85
0.877
0.719
0.655
0.732
0.302
0.822
0.895
0.873
1.064
0.887
0.757
0.868
0.985
1.055
1.169
0.957
0.955
0.761
0.854
1.004
1.112
0.889
0.917
0.569
0.82
0.758
1.01
0.664
0.944
1.088
0.653
1.093
1.014
1.048
1.207
1.412
1.07
1.031
1.051
1.178
0.766
0.558
0.956
0.91
1.026
0.837
0.975
0.843
1.084
0.724
0.866
0.893
0.899
0.745
0.987
1.051
0.969
1.109
0.98
1.206
1.091
0.908
1.197
1.33
1.075
0.78
1.014
1.035
0.857
1.033
0.468
0.868
1.051
0.814
0.922
1.151
0.742
1.098
0.77
1.115
1.212
1.023
0.808
0.862
0.982
0.965
0.963
1.05
0.906
0.895
1.03
1.017
1.288
1.118
1.092
0.651
1.102
0.916
0.811
1.092
0.897
0.821
0.955
0.947
0.87
1.083
1.125
0.99
0.901
1.361
0.799
0.46
0.996
1.173
1.004
1.074
1.144
0.942
1.078
1.049
1.406
1.315
1.234
1.188
0.956
1.058
1.322
1.44
1.213
1.025
0.714
0.712
1.013
0.842
1.182
0.844
1.167
1.314
1.296
1.061
1.219
1.258
1.167
1.202
0.984
0.219
1.107
1.105
1.141
0.909
1.298
1.045
0.92
1.022
1.278
1.289
1.549
1.327
1.373
1.209
1.232
1.09
1.53
1.085
1.209
0.956
1.01
0.747
0.753
0.809
0.899
0.809
1.052
0.735
0.959
1.001
1.076
1.201
1.395
1.279
1.265
1.221
0.816
1.203
0.907
1.11
0.929
0.833
0.905
1.151
0.829
1.05
0.943
1.166
1.114
1.312
1.116
1.231
1.479
1.502
1.193
1.193
1.549
1.435
1.475
1.231
1.585
1.278
1.541
1.352
1.736
1.248
1.358
1.248
1.467
1.385
1.213
0.836
1.346
1.32
1.41
0.88
0.789
1.153
1.024
1.336
1.551
1.144
1.258
1.398
1.234
1.397
0.992
0.964
1.175
1.1
0.895
1.028
0.808
0.779
0.97
0.993
1.054
0.905
0.762
1.116
1.201
0.975
0.904
0.492
0.995
1.037
1.136
1.042
1.135
1.232
1.138
1.591
1.365
