0.95615
0.90361
0.95906
0.99999
0.99781
0.98794
0.99304
0.99485
0.99925
0.93953
1
0.934
0.83569
0.9985
0.91564
0.99512
0.85908
0.99938
0.97838
0.84079
0.70665
0.98101
0.96047
0.98301
0.87515
0.95915
0.99999
0.98818
0.96649
0.89095
0.97555
0.95881
1
0.99473
0.97092
0.94978
0.9954
0.97864
0.93433
0.99944
0.99821
0.89189
0.99904
0.94684
0.99391
0.92338
0.91464
0.76876
0.95575
0.88696
0.91841
0.76594
0.99905
0.99953
0.92256
0.92216
0.98156
0.78273
0.9461
0.9973
0.99564
0.99356
0.91136
0.97086
0.70852
0.99394
0.97768
0.99117
0.99511
0.98251
0.91457
0.76946
0.99994
0.97789
0.98181
0.99762
0.95231
0.71752
0.96603
0.969
0.99625
0.97523
0.9835
0.97526
0.95129
0.99486
0.9996
0.80886
0.90361
0.92635
0.9895
0.96594
0.9999
0.88263
0.88923
0.95131
0.97742
0.99506
0.98622
0.978
0.91918
0.99845
0.9689
0.99885
0.99879
0.79263
0.86546
0.73379
0.91888
0.99954
0.96421
0.92878
0.95299
0.93108
0.99999
0.88013
0.93589
0.9996
0.99991
0.79133
0.99781
0.91556
0.85157
0.99307
0.95689
0.97433
0.99654
0.97876
0.79595
0.99932
0.99279
0.92261
0.98358
0.96463
0.95976
0.98629
0.97977
0.96915
0.9896
0.99996
0.99976
0.98402
0.99805
0.77411
0.99523
0.99696
0.92123
0.99791
0.95757
0.9853
0.9366
0.93885
0.89511
0.98359
0.86132
0.9953
0.89365
0.99857
0.98055
0.92716
0.90387
0.91339
0.99979
0.93688
0.98464
0.9322
0.99954
0.97942
0.92495
0.97408
0.98689
0.99649
0.9316
0.99844
0.95111
0.9996
0.86758
0.78895
0.99301
0.99235
0.7288
0.94613
0.98638
0.88272
0.90428
0.98667
0.9954
0.99784
0.99958
1
0.99944
0.97739
0.96761
0.43745
0.86867
0.99717
0.99871
0.7872
0.93004
0.83615
0.99043
0.98585
0.9113
0.99831
0.97946
0.97197
0.89281
0.96565
0.99978
0.94219
0.99664
0.97777
0.81594
0.91612
0.99582
0.99502
0.8884
0.99361
0.98437
0.98754
0.963
0.78399
0.93023
0.99257
0.99498
0.97545
0.99865
0.98963
0.99044
0.97741
0.95896
0.81361
0.98875
0.99416
0.97155
0.9829
0.97909
0.96896
0.82883
0.99966
0.9989
0.99173
0.9335
0.99998
0.95009
0.93679
0.99698
0.95929
0.75242
0.92203
0.93681
0.99176
0.98111
0.99967
0.96501
0.95402
0.89682
0.98851
0.9987
0.99978
0.95718
0.99437
0.78242
0.92852
0.97023
0.69012
0.93865
0.9633
0.66914
0.98996
0.98004
0.85401
0.97924
0.87954
0.96387
0.80461
0.98095
0.88177
0.97463
0.95533
0.96275
0.88986
0.97923
0.9914
0.97639
0.85144
1
0.97693
0.95226
0.97478
0.98588
0.92034
0.98506
0.99703
0.94175
0.98649
0.98075
0.68344
0.85157
0.9835
0.99951
0.99562
0.99981
0.91177
0.77602
0.98546
0.97395
0.99537
0.97719
0.99915
0.88903
0.89388
0.64709
0.85432
0.99807
0.78011
0.94206
0.99883
0.96681
0.99921
0.91066
0.93465
0.95143
0.88864
0.9928
0.99987
0.98856
0.99173
0.87566
0.9972
0.93166
0.99993
0.99842
0.99951
0.99224
0.9886
0.95367
0.99525
0.99959
0.95318
0.99436
0.999
0.99749
0.94641
0.87807
0.99556
0.96204
0.92312
0.83761
1
0.97759
0.8684
0.99018
0.9988
0.98948
0.99943
0.99971
0.97015
0.96568
0.98929
0.99199
0.98135
0.97997
0.75872
0.93093
0.89988
0.95504
0.99355
0.90967
0.99998
0.99937
0.99711
0.84871
0.88272
0.87693
0.9344
0.96869
0.99967
0.90345
0.82463
0.9515
0.97613
0.98231
0.98506
0.96401
0.97497
0.99945
0.92489
0.99828
0.98328
0.9916
0.99577
0.95255
0.99894
0.98075
0.98825
0.99993
0.86034
0.98316
0.74232
0.98455
0.98313
0.94112
0.99919
0.99993
0.8735
0.98007
0.95001
0.92586
0.94846
0.93059
0.93187
0.9812
0.89466
0.95505
0.99858
0.90368
0.883
0.99963
0.91255
0.95977
0.99565
0.95978
0.91526
0.96573
0.99001
0.96872
0.94962
0.97061
0.97904
0.99208
0.95978
0.99959
0.98937
0.96972
0.99421
0.998
0.99577
0.96647
0.99221
0.96664
0.94878
0.99997
0.93638
0.97207
0.9986
0.98703
0.99821
0.99817
0.99449
0.94322
0.96748
0.96923
0.98146
0.93316
0.93327
0.99891
0.9997
0.96124
0.99635
0.99486
0.9368
0.99275
0.99449
0.91683
0.99733
0.94801
0.99007
0.99027
0.99418
0.95783
0.91521
0.96397
0.98445
0.94862
0.98553
0.93217
0.97846
0.99987
0.98448
0.96302
0.83597
0.99763
0.9925
0.98448
0.95598
0.99404
0.78944
0.96371
0.92663
0.89312
0.9765
0.93459
0.99904
0.90994
0.96861
0.99158
0.98029
0.94917
0.96856
0.93762
0.94602
0.94969
0.98212
0.98368
0.99047
0.96609
0.99038
0.99987
0.99859
0.82172
0.98331
0.95252
0.99243
0.82806
0.96052
0.98853
0.90463
0.97627
0.86981
0.79649
0.99523
0.9746
0.90741
0.74004
0.82991
0.99949
0.98613
0.92816
0.74766
0.88983
0.92847
0.96816
0.9775
0.98681
0.99769
0.97754
0.99385
0.96876
0.99952
0.99443
0.96331
0.97272
0.82317
0.89709
0.99808
0.96448
0.99933
0.88087
0.96576
0.92611
0.93206
0.968
0.9761
0.77402
0.99978
0.99907
0.9753
0.92512
0.94284
0.99977
0.99306
0.98478
0.83294
0.87929
0.9916
0.73022
0.96495
0.8984
0.88747
0.99885
0.98013
0.9971
0.97389
0.84551
0.62727
0.99421
0.99471
0.87433
0.9995
0.88067
0.98713
0.97238
0.90659
0.76492
0.99982
0.99697
0.99984
0.92478
0.99987
0.9814
0.90869
0.99986
0.99722
0.99992
0.99977
0.99774
0.8987
0.92494
0.91594
0.92774
0.9963
0.99843
0.97469
0.9877
0.99362
0.99903
0.99568
0.92824
0.94443
0.99995
0.86018
0.84876
0.96975
0.98664
0.96885
0.99769
0.97726
0.93896
0.76767
0.99329
0.72911
0.8643
0.97559
0.95646
0.98626
0.98406
0.98568
0.99952
0.78729
0.96338
0.91318
0.97375
0.9996
0.99658
0.98923
0.89801
0.99722
0.9917
0.92344
0.99467
0.97667
0.99542
0.99227
0.99932
0.96093
0.87967
0.96466
0.98757
0.96636
0.98512
0.79484
0.9361
0.975
0.99897
0.85994
0.99616
0.99467
0.7153
0.99974
0.84991
0.9862
0.94405
0.94353
0.97642
0.79499
1
0.99253
0.99124
0.96921
0.94721
0.87078
0.98683
0.99883
0.93911
0.96172
0.96413
0.93567
0.9315
0.9234
0.93243
0.99548
0.99175
0.94978
0.985
0.93843
0.99905
0.99849
0.99905
0.98418
0.85296
0.99858
0.95377
0.99369
0.99995
0.94678
0.9996
0.99933
0.98709
0.88028
0.99813
0.95501
0.99731
0.96532
0.99873
0.96583
0.91648
0.96394
0.98133
0.99425
0.99894
0.96471
0.99964
0.89526
0.97602
0.95077
0.75413
0.99465
0.98098
0.90834
0.99664
0.8655
0.99165
0.97457
0.99994
0.99161
0.97295
0.99978
0.95302
0.99823
0.90523
0.99641
0.99856
0.99366
0.96993
0.97785
0.99119
0.97563
0.99115
0.99959
0.98285
0.89858
0.99988
0.76718
0.97992
0.99502
0.98331
0.94714
0.97442
0.86557
0.97195
0.99621
0.92338
0.93453
0.95797
0.99597
0.93865
0.69768
0.99265
0.99561
0.98915
0.99948
0.9115
0.97439
0.9118
0.96851
0.9166
0.95328
0.98405
1
0.99641
0.9998
0.56313
0.98066
0.97456
0.99992
0.99971
0.89614
0.9962
0.99204
0.70917
0.90485
0.98989
0.99867
0.93346
0.95022
0.99998
0.99371
0.83479
0.99481
0.98262
0.97369
0.99995
0.99854
0.99912
0.99894
0.98668
0.94464
0.90279
0.99999
0.74888
0.74349
0.98354
0.95734
0.9997
0.95693
0.93172
0.99893
0.97159
0.99256
0.99366
0.93373
0.99746
0.99221
0.99909
1
0.91033
0.98203
0.88456
0.96775
0.99825
0.89703
0.99462
0.96127
0.99909
0.85362
0.99598
0.94479
0.90719
0.97188
0.98176
0.93877
0.9179
0.98664
0.84294
0.99746
0.98116
0.99065
0.95915
0.99958
0.98579
0.92827
0.99198
0.97164
0.91088
0.95525
0.94607
0.93116
0.99926
0.99998
0.80122
0.9238
0.94657
0.88409
0.97655
0.98964
0.99863
0.93282
0.68486
0.85193
0.99584
0.95912
0.80141
0.9981
0.99563
0.93856
0.99999
0.98627
0.97673
0.9963
0.99873
0.99389
0.69718
0.95883
0.9279
0.9827
0.98757
0.95963
0.99383
0.97067
0.54236
0.99488
0.86889
0.75639
0.99041
0.95703
0.87252
0.9993
0.99943
0.99006
0.99429
0.998
0.99888
0.98991
0.92737
0.99985
0.99999
0.98906
0.94823
0.99693
0.84832
0.9865
0.99699
0.97394
0.97615
0.99039
0.96683
0.87565
0.99973
0.91964
0.99349
0.99742
0.98188
0.9934
0.98395
0.93498
0.99345
0.99806
0.89661
0.94081
0.99997
0.94193
0.99995
0.96594
0.99803
0.99558
0.99677
0.96798
0.99263
0.86724
0.96649
0.99716
0.99931
0.94002
0.99695
0.959
0.84779
0.67691
0.9345
0.96613
0.91661
0.90259
0.97472
0.98851
0.99696
0.97011
0.999
0.99632
0.86554
0.98693
0.82357
0.97576
0.9116
0.99322
0.78292
0.95659
0.90517
0.99857
0.98612
0.8994
0.99313
0.99998
0.94817
0.9459
0.97723
0.87475
0.99761
0.99454
0.99559
0.99059
0.99908
0.99482
0.93028
0.96226
0.9942
0.98881
0.98278
0.97766
0.89033
0.98103
0.87778
1
0.99145
0.95964
0.9607
0.99738
0.89975
0.96231
0.86581
0.99794
0.99973
0.71301
0.77691
0.99963
0.99408
0.94149
0.99647
0.85323
0.98781
0.99625
0.98979
0.91796
0.99687
0.98964
0.9905
0.80007
0.9999
0.97202
0.99757
0.97802
0.97254
0.98955
0.98933
0.95744
0.95663
0.98891
0.99914
0.99429
0.99478
0.73679
0.69362
0.98219
0.97093
0.98592
0.99874
0.9562
0.99711
0.94006
0.9992
0.98853
0.96906
0.99766
0.93107
0.98831
0.98399
0.99991
0.98802
0.99972
0.9785
0.86974
0.98119
0.97267
0.99786
0.99995
0.96775
0.92153
0.98979
0.99268
0.97062
0.7514
0.95993
0.68239
0.98822
0.99936
0.79794
0.93502
1
0.99894
0.99731
0.96608
0.99613
0.99698
0.99361
0.99336
0.94443
0.99945
0.99715
0.99842
0.90318
0.9777
0.94673
0.9885
0.71911
0.9974
0.90571
0.97726
0.99551
0.99835
0.8097
0.7329
0.99638
0.92406
0.98779
0.9985
0.99994
0.99893
0.94692
0.99793
0.98529
0.99657
0.97279
0.97584
0.99905
0.99022
0.99103
0.92763
0.99854
0.96538
0.95752
0.99869
0.96457
0.98177
0.99669
0.99514
0.99727
0.99189
0.84136
0.87724
0.99998
0.73172
0.99907
0.93564
0.98205
0.96563
0.99647
0.90577
0.99312
0.99084
0.9543
0.99919
0.99321
0.89878
0.99999
0.98255
0.98878
0.98665
0.7419
0.99634
0.99325
0.99675
0.99924
0.93688
0.81162
0.99576
0.99735
0.9043
0.99409
0.96017
0.86612
0.97231
0.99985
0.98085
0.93779
0.9913
0.99782
0.95475
0.99544
0.99189
0.93277
0.99689
0.61463
0.99923
0.99635
0.99946
0.92629
0.82639
0.80885
0.81362
0.95102
0.98729
0.95714
0.99331
0.9861
1
0.85104
0.99825
0.99499
0.99932
0.89091
0.9418
0.87467
0.99386
0.9993
0.83588
0.5423
0.97058
0.98612
0.83309
0.99854
0.98373
0.97652
0.99909
0.99994
0.81398
0.98611
0.99034
0.99794
0.9838
0.96002
0.98864
0.84738
0.96426
1
0.99955
0.99359
0.98317
0.90821
0.96424
0.99764
0.95587
0.99946
0.90097
0.99638
0.86123
0.95037
0.98236
0.98302
0.99904
0.97296
0.96748
0.9882
0.99947
0.81469
0.82329
0.96902
0.95708
0.92223
0.97668
0.99755
0.99337
0.93958
0.99069
0.98851
0.99953
0.96563
0.88346
0.99708
0.99992
0.92986
0.97569
0.96561
0.95938
0.99599
0.99593
0.90758
0.99982
0.98728
0.97372
0.91242
0.9376
0.79316
0.99265
0.96354
0.94803
0.99537
0.95048
0.95599
0.98053
0.9036
0.96636
0.98852
0.9904
0.98094
0.97615
0.69621
0.96732
0.99477
0.96228
0.88335
0.9841
0.99955
0.95441
0.99171
0.98812
0.82364
0.99938
0.99547
0.9856
0.95057
0.99377
0.97216
0.99853
0.99925
0.88343
0.94857
0.9999
0.9749
0.99553
0.99984
0.92201
0.99704
0.99991
0.99738
0.9931
0.99629
0.94788
0.99225
0.95102
0.85295
0.99897
0.95263
0.99343
0.98767
0.81044
0.84168
0.99851
0.89298
0.97508
0.74133
0.92373
0.99986
0.98842
0.95587
0.95078
0.84179
0.89933
1
0.99431
0.97575
0.98832
0.98147
0.99216
0.9969
0.9907
0.79024
0.89628
0.99913
0.99932
0.98131
0.96905
0.99982
1
0.98863
0.99404
0.93326
0.97246
0.99406
0.98241
0.98574
0.91343
0.82991
0.68481
0.99745
0.9551
0.98532
0.92544
0.93366
0.99949
0.99946
0.99133
0.98274
0.95728
0.99267
0.89208
0.99988
0.98577
0.99823
0.93417
0.99721
0.96513
0.94912
0.92671
0.85598
0.9718
0.92366
0.9608
0.99963
0.9609
0.99951
0.91174
0.89433
0.99653
0.99947
0.98282
0.8486
0.97318
0.92888
0.954
0.75781
0.97455
0.9394
0.99155
0.9966
0.99994
0.98747
0.99715
0.92328
0.99607
0.99968
0.98807
0.99997
0.93082
0.93725
0.99701
0.99874
0.99993
0.96641
0.98482
0.99569
0.83378
0.9959
0.99633
0.98864
0.97676
0.94421
0.97951
0.99973
1
0.98042
0.8359
0.89823
0.98797
0.99461
0.99465
0.94905
0.96635
0.9995
0.94225
0.93493
0.99093
0.81794
0.95193
0.93158
0.9813
0.92493
0.98763
0.9937
0.94533
0.99812
0.99618
0.92404
0.98106
0.90624
0.94553
0.99281
0.99146
0.77978
0.74876
0.92593
0.99833
0.97155
0.97256
0.99746
0.97472
0.98955
0.97308
0.99515
0.9323
0.97361
0.97933
0.98303
0.83735
0.99911
0.97476
0.99535
0.91622
0.99559
0.82401
0.96699
0.92321
0.99999
0.99871
0.99945
0.98761
0.86299
0.99927
0.99821
0.82113
0.99936
0.99948
0.96946
0.98852
0.96738
0.96422
0.99923
0.95877
0.83443
0.96556
0.98838
0.89805
0.96572
0.99489
0.8586
0.99991
0.99936
0.89295
0.98769
0.93802
0.99177
0.98222
0.97965
0.99948
0.99997
0.97872
0.8893
0.99698
0.95004
0.9586
0.97267
0.89673
0.99598
0.93508
0.99977
0.96284
0.99996
0.99387
0.98842
0.98137
0.97927
0.99097
0.9338
0.98684
0.99789
0.91362
0.8891
0.94413
0.90757
0.97525
0.99916
0.99673
0.98865
0.98746
0.99073
0.99962
0.96718
0.94853
0.99876
0.97055
0.98893
0.95513
0.99927
0.80971
0.9953
0.93716
0.98709
0.8326
0.99758
0.96815
0.92381
0.87669
0.99693
0.98215
0.9978
0.96444
0.99557
0.91638
0.99998
0.95588
0.95556
0.92023
0.99997
0.99884
0.98435
0.99773
0.98172
0.98308
0.9996
0.99331
0.99984
0.96057
0.86225
0.86105
0.97992
0.99834
0.82625
0.74318
0.99786
0.98127
0.9589
0.92493
0.99799
0.87981
0.99712
0.97925
0.97541
0.93106
0.8165
0.9937
0.98928
0.96652
0.97827
0.91152
0.99795
0.98974
0.98076
0.96518
0.95293
0.91937
0.98585
0.99704
0.88025
0.99865
0.98593
0.98708
0.95975
0.83901
0.99976
0.97664
0.88363
0.83589
0.88294
0.9972
0.89168
0.98521
0.95817
0.97589
0.99112
0.99864
0.99886
0.98794
0.99925
0.76952
0.94555
0.88982
0.89999
0.7354
0.96771
1
0.90557
0.95119
0.99393
0.99995
0.98099
0.79859
0.98295
0.9672
0.96188
0.97604
0.74573
0.95615
0.96869
0.94724
0.99359
0.97418
0.98947
0.98797
0.99785
0.9997
0.99862
0.86095
0.93931
0.99961
0.98397
0.97413
0.90255
0.97176
0.98229
0.99504
0.97836
0.99944
0.97798
0.94049
0.95522
0.97058
0.99946
0.95529
0.90483
0.99661
0.98357
0.94576
0.98753
0.99953
0.99062
0.87548
0.99965
0.89445
0.81936
0.95248
0.93932
0.99839
0.9987
0.98552
0.9863
0.99993
0.9699
0.99971
0.96378
0.95592
0.84151
0.94863
0.99978
0.99455
0.92224
0.99227
0.99707
0.98562
0.85094
0.80225
0.99488
0.99954
0.99928
0.94716
0.94132
0.99291
0.93746
0.99386
0.98022
0.96087
0.89906
0.92013
0.96469
0.99934
0.95178
0.995
0.99679
0.99193
0.99213
0.99934
0.99014
0.78295
0.96861
0.98934
0.99956
0.99958
0.92841
0.94883
0.98872
0.97652
0.97303
0.98599
0.99417
0.87876
0.96716
0.97427
0.73344
0.93862
0.9768
0.99999
0.99425
0.73275
0.95474
0.75462
0.98838
0.9846
0.99761
0.97891
0.99064
0.99736
0.95811
0.98291
0.93051
0.87582
0.94529
0.98801
0.89038
0.9969
0.88999
0.99692
0.99306
0.94898
0.99183
0.99276
0.99244
0.99897
0.99934
0.91046
0.98272
0.99304
0.87313
0.99216
0.99388
0.91926
0.99466
0.94723
0.99585
0.99995
0.98638
0.9501
0.98662
0.99156
0.99997
0.99793
0.99538
0.99201
0.95965
0.89397
0.99617
0.97104
0.98977
0.99999
0.97424
0.93089
0.94567
0.99997
0.99761
1
0.98104
0.98957
0.94669
0.99924
0.9761
0.91199
0.9983
0.95089
0.99981
0.90541
0.9763
0.97614
0.99443
0.99523
0.8546
0.99806
0.95779
0.98752
0.99979
0.97756
0.74596
0.91527
0.99993
0.92117
0.92213
0.99906
0.9723
0.96057
0.99701
0.96395
0.93459
0.99988
0.83773
0.96146
0.99759
0.90409
0.97402
0.98642
0.99924
0.98699
0.92427
0.96998
0.98267
0.99707
0.84764
0.97711
0.96796
0.95614
0.9923
0.99854
0.98394
0.98513
0.99684
0.99979
0.99583
0.9044
0.99169
0.93409
0.83756
0.99193
0.90505
0.80911
0.99306
0.99563
0.99594
0.99992
0.98423
0.9734
0.94771
0.99533
0.90275
0.99293
0.91408
0.88531
0.98591
0.99804
0.86433
0.9892
0.95303
0.91647
0.95782
0.99879
0.95078
0.98987
0.99172
0.96647
0.98705
0.99394
0.94023
0.9982
0.9985
0.98959
0.99965
0.95814
0.98738
0.98296
0.91707
0.98777
0.92521
0.98235
0.99942
0.98986
0.96993
0.84227
0.96371
0.97413
0.99999
0.9987
0.98423
0.98233
0.95079
0.99328
0.99397
1
0.83026
0.9666
0.9979
0.97177
0.90178
0.8382
0.89812
0.94366
0.9182
0.96408
0.98904
0.93811
0.99874
0.99997
0.9993
0.99842
0.99895
0.8518
0.85909
0.99748
0.95022
0.99887
0.99637
0.8926
0.96037
0.9879
0.99707
0.99966
0.993
0.89639
0.981
0.99996
0.86749
0.97789
0.95236
0.94907
0.92191
0.99998
0.99992
0.9728
0.89732
0.99137
0.9953
0.9974
0.93793
0.97434
0.97754
0.94394
0.77672
0.99668
0.88637
0.99922
0.84258
0.97399
0.8907
0.99283
0.99208
0.78731
0.94153
0.95518
0.98491
0.98056
0.99668
0.90822
0.93034
0.94479
0.89537
0.8663
0.96773
0.94021
0.75915
0.92543
0.72232
0.98437
1
0.82863
0.9632
0.97777
0.92433
0.98706
0.87276
0.95626
0.94506
0.98207
0.79359
0.98707
0.99994
0.96901
0.9146
0.99331
0.90493
0.99528
0.98061
0.60857
0.87614
0.82906
0.96919
0.96177
0.75153
0.93836
0.99815
0.99755
0.79521
0.98145
0.9201
0.98465
0.96819
0.98267
0.97744
0.94255
0.98749
0.78768
0.99299
0.59926
0.99724
0.97662
0.81587
0.87592
0.91925
0.86702
0.97478
0.95874
0.73708
0.92077
0.95817
0.99979
0.97767
0.98503
0.98556
0.99849
0.78527
0.61121
0.97159
0.96951
0.99001
0.98524
0.98176
0.99541
0.95398
0.99765
0.99846
0.97573
0.99944
0.99518
0.83507
0.99898
0.75442
0.99821
0.99274
0.95154
0.99965
0.9932
0.97815
0.95916
0.97675
0.95174
0.99381
0.98852
0.99536
0.96075
0.88373
0.98757
0.99667
0.99972
0.99238
0.99216
0.72098
0.99229
1
0.93818
0.96922
0.99142
0.99009
0.93601
0.99961
0.79934
0.95564
0.99839
0.99219
0.99986
0.996
0.97767
0.93703
0.96255
0.97836
0.93395
0.92644
0.97719
0.94034
0.9836
0.99378
0.96746
0.98259
0.99178
0.62291
0.8583
0.99804
0.95605
0.96715
0.99359
0.9912
0.96551
0.99082
0.97667
0.99684
0.96889
0.97299
0.98504
0.98766
0.96948
0.99343
0.92016
0.98869
0.99524
0.99146
0.99945
0.86651
0.99716
0.85835
0.99484
0.99982
0.93473
0.97948
0.9969
0.99704
0.94775
0.69554
0.97926
0.99907
0.85365
0.95318
0.97091
0.95969
0.98035
0.9988
0.95839
0.97922
0.90795
0.90109
0.99221
0.99938
0.94706
0.9548
0.98091
0.95884
0.89811
0.99852
0.99886
0.99593
0.97021
0.90659
0.97202
0.98859
0.99623
0.97061
0.95348
0.99238
0.97927
0.86107
0.97508
0.95485
0.98653
0.97353
0.99992
0.99994
0.94775
0.99999
0.94516
0.97432
0.96457
0.99997
0.97622
0.88819
0.90927
0.91098
0.85121
0.98412
0.99823
0.99962
0.99985
0.93665
0.9532
0.99701
0.9288
0.69038
0.99735
0.99041
0.89113
0.96175
0.9633
0.92919
0.91608
0.99282
0.99609
0.98401
0.96192
0.86461
0.99966
0.93453
0.83514
0.88331
0.99894
0.7774
0.99273
0.93589
0.93977
0.83909
1
0.94355
0.80654
0.99876
0.78156
0.99065
0.97765
0.92248
0.97318
0.99817
0.94533
0.99563
0.98986
0.94061
0.8953
0.94283
0.91394
0.93422
0.8367
0.98052
0.99936
0.96556
0.99553
0.96112
0.99934
0.99702
0.97267
0.96522
0.94187
0.95672
0.98734
0.99256
0.99734
0.99796
0.99927
0.82985
0.94951
0.88675
0.98069
0.93628
0.99998
0.97021
0.99301
0.96879
0.99954
0.94637
0.96363
0.97489
0.9424
0.96227
0.99256
0.99999
0.98468
0.94417
0.99989
0.89906
0.93349
0.99912
0.99378
0.96192
0.9541
0.98461
0.99655
0.99929
0.99695
0.84161
0.99505
0.90099
0.95557
0.99844
0.98527
0.95007
0.99875
0.98202
0.98621
0.88608
0.8627
0.99809
0.96697
0.90216
0.99886
0.98646
0.81721
0.99855
0.99967
0.99909
0.99564
0.94133
0.98773
0.99394
0.98084
0.96794
0.98225
0.99486
0.96877
0.83661
0.89488
0.93655
0.99603
0.99318
0.95761
0.99232
0.94736
0.99967
0.88447
0.95334
0.98619
0.98813
0.97851
0.99097
0.99903
0.90358
0.98241
0.99906
0.99844
0.88771
0.88592
0.80751
0.93079
0.93398
0.98408
0.92988
0.87264
0.88278
0.94259
0.89091
0.84971
0.98474
0.96732
0.96282
0.99884
0.85191
0.93325
0.97964
0.93024
0.78485
0.94083
0.99215
0.93825
0.81277
0.82434
0.96942
0.95182
0.88929
0.99103
0.9802
0.99979
0.96919
0.97956
0.94598
0.96069
0.99991
0.79585
0.9944
0.99601
0.95308
0.58264
0.96645
0.99562
0.81896
0.95584
0.99541
0.999
0.99998
0.99511
0.9878
0.98967
0.98981
0.98946
0.99979
0.96472
0.94447
0.58632
0.99725
0.99588
0.97209
0.90875
0.94146
0.9781
0.97513
0.99177
0.86026
0.99005
0.99896
0.99505
0.99972
0.9823
0.93165
0.95864
0.79976
1
0.98477
0.95814
0.95092
0.99851
0.94219
0.72114
0.8884
0.88428
0.90754
0.9949
0.92114
0.97708
0.98845
0.9242
0.99622
0.99308
0.95408
0.99981
0.97771
0.74462
0.99929
0.97072
0.96905
0.99309
0.9799
0.98497
0.96227
0.99946
0.99409
0.93638
0.97654
0.94847
0.93867
0.80998
0.92046
0.9778
0.97941
0.93711
0.95478
0.99457
0.88358
0.9989
0.91741
0.92573
0.87405
0.89565
0.92727
0.99021
0.92805
0.98211
0.97669
0.99015
0.9127
0.98998
0.92555
0.84437
0.99794
0.87526
0.9391
0.95579
0.80935
0.99195
0.95819
0.99084
0.99059
0.9138
0.98984
0.99768
0.86061
0.73627
0.99979
0.98877
0.97369
0.86209
0.99538
0.99286
0.98071
0.98408
0.97298
0.99998
0.91346
0.97437
0.99985
0.72299
0.98814
0.99641
0.98424
0.97643
0.78687
0.98583
0.99147
0.98012
0.90678
0.87158
0.93492
0.99723
0.98452
0.99397
0.98889
0.99752
0.98751
0.99927
0.88219
0.68117
0.99838
0.98582
0.99384
0.93796
0.93592
0.60262
0.98094
0.94411
0.99995
0.92575
0.96537
0.9994
0.77804
0.83768
0.99233
0.89363
0.95067
0.96563
0.83205
0.99441
0.99483
0.99898
0.99341
0.9359
0.99402
0.98064
0.96538
0.97265
0.96555
0.99501
0.93195
0.99738
0.97188
0.99171
0.9827
0.99988
0.95985
0.99173
0.97435
0.96412
0.95988
0.98433
0.99567
0.9682
0.91687
0.86149
1
0.85658
0.99861
0.98867
0.91757
0.95589
0.95441
0.88773
0.99996
0.99837
0.96645
0.99856
0.98099
0.88504
0.93092
0.99993
0.99868
0.99778
0.98336
0.98285
0.98619
0.94836
0.99589
0.92954
0.99326
0.843
0.91987
0.90688
0.95219
0.96759
0.95615
0.99407
0.98685
0.99811
0.99265
0.97514
0.97127
0.98912
0.9954
0.99969
0.97067
0.9765
0.97203
0.99998
0.98805
0.99832
0.96729
0.94219
0.97064
0.91339
0.99776
0.99798
0.98676
0.93859
0.84724
0.99172
0.88706
0.98565
0.99328
0.96994
0.93755
0.89438
0.99869
0.94055
0.89453
0.9163
0.9603
0.9816
0.87444
0.9999
0.999
0.97097
0.99955
0.95219
0.99422
0.89222
0.98779
0.6954
0.9999
0.98665
0.99952
0.7012
0.99882
0.98343
0.98643
0.99977
0.92055
0.77056
0.98354
0.90917
0.96802
0.99991
0.94197
0.96981
0.99972
0.91136
0.9002
0.97709
0.94945
0.9882
0.99956
0.95847
0.93681
0.74004
0.98193
0.99918
0.93616
0.94405
0.95479
0.99992
0.99688
0.94015
0.98241
0.99365
0.99899
0.92718
0.93734
0.89722
0.98203
0.99996
0.96199
0.92953
0.9687
0.97682
0.97347
0.96558
0.95727
0.99897
0.87242
0.99989
0.95981
0.97657
0.9286
0.68356
0.9541
0.98219
0.99604
0.95524
0.79267
0.9979
0.92488
0.99538
0.98265
0.95073
0.92672
0.98639
0.99398
0.99686
0.98923
0.99988
0.97631
0.96178
0.99184
0.99665
0.98274
0.95404
0.98731
0.99832
0.94166
0.99343
0.98736
0.97429
0.9808
0.98596
0.98955
0.96264
0.82002
0.99216
0.99362
0.99825
0.96548
0.99985
0.99805
0.99841
0.97327
0.8506
0.97039
0.88848
0.9995
0.84852
0.99923
0.99945
0.9155
0.91504
0.98415
0.98676
0.9921
0.99927
0.98761
0.91081
0.99916
0.89386
0.95704
0.99494
0.91769
0.92321
0.89634
0.96504
0.9815
0.83644
0.9317
0.99525
0.99929
0.98947
0.99989
0.97915
0.98462
0.99858
0.99782
0.99181
0.98732
0.89494
0.98891
0.96404
0.79274
0.80474
0.93613
0.98872
0.87792
0.92962
0.99915
0.94867
0.97791
0.97636
0.97294
0.94563
0.99637
0.91406
0.91833
0.98828
0.99926
0.99967
0.87826
0.88582
0.98483
0.99812
0.95466
0.8179
0.99022
0.99867
0.95729
0.98731
0.98072
0.92218
0.99775
0.99927
0.9597
0.99762
0.92816
0.9668
0.97934
0.97483
0.8814
0.86713
0.96907
0.97186
0.99082
0.99295
0.95864
0.98886
0.99901
0.99306
0.95226
0.98779
0.83576
0.99407
0.98897
0.95249
0.999
0.99971
0.94674
0.8947
0.96669
0.95313
0.99977
0.92279
0.82088
0.9949
0.96028
0.91257
0.99996
0.92589
0.95331
0.99515
0.99026
0.99945
0.93783
0.86212
0.93327
0.92119
0.89585
0.96142
0.95595
0.68041
0.99179
0.99145
0.90332
0.87875
0.9764
0.95305
0.8707
0.9021
0.99639
0.99933
0.98863
0.99968
0.99584
0.98092
0.9984
0.99763
0.99774
0.9447
0.67549
0.99249
0.93701
0.99913
0.96992
0.86406
0.79879
0.82616
0.99826
0.95816
0.98134
0.97279
0.84141
0.87721
0.90762
0.99974
0.97763
0.9919
0.96579
0.95977
0.93978
0.92954
0.9665
0.99276
0.99971
0.99333
0.93679
0.98653
0.95155
0.9018
0.98578
0.98036
0.71589
0.99848
0.97902
1
0.9946
0.9663
0.99987
0.85757
0.9274
0.9928
0.97918
0.98236
0.96791
0.96448
0.99603
0.99356
0.99876
0.98099
0.98407
0.9921
0.9884
0.97886
0.97571
0.97836
0.99495
0.91979
0.93779
0.98654
0.98943
0.93561
0.96741
0.99833
0.70371
0.98137
0.99328
0.90955
0.96967
0.96481
0.99212
0.99913
0.99752
0.85026
0.94757
1
0.94254
0.98789
0.97378
0.98899
0.97577
0.91306
0.99892
0.99574
0.75014
0.99833
0.81041
0.83186
0.99634
0.94734
0.98693
0.99983
0.82474
0.95553
0.80746
0.99245
0.99597
0.9752
0.96256
0.99747
0.8841
0.8868
0.97555
0.99999
0.99185
0.848
0.84939
0.95775
0.9528
0.91098
0.97619
0.98517
0.99216
0.95759
0.97166
0.99233
0.94588
0.87529
0.97384
0.99966
0.99912
0.98954
0.97331
0.95243
0.99282
0.9833
0.9152
0.84725
0.99561
0.96295
0.99624
0.96683
0.86915
0.99982
0.76322
0.99884
0.99659
0.92544
0.89486
0.98685
0.95101
0.91748
0.93725
0.99103
0.99947
0.94459
0.98588
0.97335
0.91736
0.98624
0.99328
0.97945
0.90623
1
0.9961
0.90797
0.99987
0.96825
0.99474
0.99484
0.77605
0.99909
0.98148
0.98996
0.8316
0.99971
0.9968
0.97264
0.95724
0.99997
0.99919
0.99775
0.95465
0.87585
0.99621
0.99014
0.96804
0.74158
0.8678
0.99973
0.98844
0.9947
0.99814
0.85697
0.91992
0.99015
0.93289
0.89275
0.99282
0.89267
0.99859
0.88933
0.85048
0.74199
0.99704
0.92948
0.98907
0.99893
0.80974
0.97024
0.96317
0.88771
0.99582
0.9201
0.97158
0.96613
0.99148
0.91217
0.84463
0.82359
0.86898
0.91507
0.99734
0.82739
0.94574
0.9889
0.86314
0.99753
0.99944
0.97861
0.99448
0.92087
0.8825
0.98896
0.99726
0.99308
0.80383
0.91943
0.96035
0.99331
0.95997
0.99744
0.9536
0.953
0.90347
0.9395
0.99807
0.99675
0.99761
0.99994
0.99948
0.84666
0.96137
0.77142
0.98445
0.99066
0.93203
0.98689
0.99765
0.91578
0.89771
0.94533
0.97923
0.99932
0.95634
0.96132
0.96066
0.73798
0.99996
0.89094
0.99098
0.92839
0.90099
0.99998
0.92994
0.94321
0.99795
0.88781
0.98734
0.91563
0.9674
0.6948
0.71527
0.86602
0.97505
0.92014
0.96911
0.96964
0.91106
0.93024
0.97298
0.99914
0.97539
0.93171
0.99806
0.98634
0.99794
0.99233
0.9982
0.96563
0.96044
0.99977
0.97629
0.99109
0.99845
0.99304
0.9551
0.98236
0.86946
0.97584
0.84215
0.9997
0.91535
0.99024
0.99354
0.95591
0.88581
0.89335
0.99869
0.92002
0.96025
0.79043
0.9322
0.99721
0.95763
0.99983
0.99651
0.92174
0.93723
0.95909
0.95963
0.99385
0.98304
0.91807
0.96733
0.9575
0.96934
0.98839
0.99351
0.99278
0.9873
0.85784
0.98773
0.9295
0.99204
0.9901
0.99373
0.91998
0.99381
0.99219
0.99935
0.97645
0.97321
0.98127
0.90045
0.99349
0.98203
0.94124
0.9177
0.90558
0.98093
0.95849
0.97088
0.96379
0.99967
0.99439
0.9997
0.99667
0.89384
0.98363
0.81816
0.99227
0.99172
0.7125
0.94953
0.99761
0.99923
0.99999
0.8873
0.9677
0.98198
0.89725
0.94635
0.89799
0.99875
0.97072
0.96644
0.99481
0.98292
0.99849
0.64028
0.95025
0.95908
0.98109
0.89809
0.9981
0.99958
0.96055
0.97133
0.95335
0.98709
0.99265
0.99905
0.97833
0.95901
0.95411
0.99954
0.98863
0.82692
0.9595
0.98456
0.90127
0.93276
0.95906
0.98664
0.84189
0.97728
0.96185
0.99858
0.95936
0.98041
0.91579
0.97366
0.99905
0.98712
0.98916
0.98729
0.98803
0.98238
0.8884
0.99541
0.99696
0.99744
0.95999
0.88871
0.87754
0.87507
0.96161
0.98537
0.82657
0.80823
0.77023
0.99846
0.99172
0.77181
0.99984
0.98579
0.97154
0.99947
0.99261
0.77447
0.83846
0.82023
0.9894
0.99202
0.98052
0.95967
0.99547
0.77122
0.86471
0.99788
0.99201
0.99997
0.99468
0.79559
0.93372
0.99491
0.98076
0.98227
0.96961
0.99936
0.99039
0.93237
0.98844
0.96932
0.96661
0.9638
0.99992
0.99862
0.97535
0.97915
0.98977
0.94917
0.84998
0.7378
0.99668
0.89067
0.97575
0.93919
0.894
0.976
0.86723
0.99562
0.98115
0.97047
0.99867
0.99978
0.93406
0.95849
0.97569
0.98029
0.99997
0.99893
0.99729
0.99943
0.99386
0.71536
0.98288
0.99308
0.9919
0.97373
0.98279
0.90864
0.97516
0.99308
0.99976
0.99025
0.97454
0.92167
0.99986
0.9806
0.99915
0.94181
0.95459
0.95923
0.77832
0.97639
0.98366
0.98203
0.95721
0.96183
0.96335
0.976
0.99467
0.99995
0.99967
0.9866
0.98813
0.894
0.93003
0.96562
0.99284
0.98687
0.99903
0.99888
0.82812
0.49557
0.98319
0.99993
0.99993
0.95646
0.99668
0.99705
0.95921
0.87674
0.99477
0.99948
0.99833
0.99315
0.95985
0.99124
0.98414
0.95477
0.92954
0.88201
0.95559
0.98084
0.97749
0.99642
0.97252
0.99313
0.9995
0.99307
0.96078
0.99537
0.89982
0.99764
0.90866
0.99716
0.98237
0.98986
0.87978
0.99451
0.91842
0.98384
0.99995
1
0.99548
0.92832
0.83499
0.92967
0.96153
0.95885
0.97228
0.99923
0.80678
0.99878
0.99756
0.88396
0.94163
0.90395
0.90539
0.99248
0.99995
0.93678
0.90696
0.9796
0.99228
0.97458
0.8724
0.99779
0.81259
0.96919
0.88546
0.91566
0.99942
0.96382
0.97549
0.9058
0.99972
0.98589
0.92125
0.99998
0.87034
0.99937
0.97994
0.93
0.98544
0.99944
0.69898
0.90648
0.88065
0.96173
0.98671
0.98465
0.8675
0.99673
0.9997
0.85351
0.96209
0.96847
0.85163
0.98695
0.9772
0.98038
0.89947
0.99831
0.84345
0.95009
0.93989
0.99975
0.9715
0.94292
0.99509
0.98582
0.83952
0.99565
0.96298
0.99355
0.94977
0.99595
0.94747
0.93173
0.82576
0.94506
0.99673
0.99543
0.9607
0.83609
0.89252
0.98837
0.72034
0.99822
0.9974
0.96801
0.98333
0.97064
0.94086
0.67476
0.97474
0.96208
0.94626
0.98984
0.99716
0.98843
0.97996
0.97394
0.89452
0.99884
0.91393
0.95799
0.97185
0.93562
0.95988
0.92078
0.9898
0.99614
0.96444
0.99748
0.99999
0.99354
0.89125
0.99581
0.99994
0.99227
1
0.81834
0.96717
0.81525
0.95765
0.94429
0.99317
0.8117
0.96406
0.99946
0.98217
0.987
0.99357
0.99688
0.99446
0.99763
0.90085
0.82233
0.97496
0.99746
0.76547
0.99419
0.90395
0.98904
0.92952
0.76037
0.96679
0.90299
0.97817
0.99292
0.98296
0.95951
0.91751
0.96016
0.99859
0.74183
0.99561
0.95428
0.99352
0.74296
0.78481
0.81708
0.99979
0.99723
0.95335
0.9664
0.94394
0.97897
0.99472
0.92711
0.9868
0.91026
0.86654
0.85154
0.99691
0.99851
0.99529
0.99643
0.99903
0.93913
0.99901
0.95297
0.91636
0.99105
0.99518
0.75031
0.99522
0.9802
0.94777
0.99568
0.98312
0.99999
0.87673
0.99438
0.99204
0.79395
0.98581
0.95343
0.89682
0.97405
0.99486
0.93376
0.87987
0.96099
0.92338
0.98213
0.94844
0.96363
0.94128
0.92873
0.97399
0.99871
0.99985
0.98266
0.82555
0.98721
0.98947
0.98565
0.89223
0.98136
0.91439
0.9996
0.96438
0.94641
0.97561
0.99872
0.93474
0.97442
0.97973
0.97399
0.99833
0.96182
0.92477
0.99934
0.98169
0.99335
0.98346
0.99453
0.99608
0.8911
0.95872
0.99999
0.99476
0.98529
0.97052
0.95839
0.98304
0.89134
0.94949
0.99743
0.90214
0.98772
0.99112
0.96569
0.99599
0.88777
0.94899
0.99999
0.98534
0.94781
0.91605
0.9671
0.99946
0.94304
0.9799
0.9952
0.99398
0.95792
0.92783
0.99042
0.96308
0.75298
0.98157
0.99993
0.73563
0.90173
0.86543
0.9495
0.94852
0.99997
0.95969
0.99199
0.97576
0.96759
0.98119
0.96076
0.9999
0.99409
0.98463
0.97422
0.98504
0.99145
0.85285
0.9858
0.97104
0.9991
1
0.98018
0.99989
0.99818
0.87804
0.98422
0.95059
0.99603
0.84134
0.99309
0.92304
0.81989
0.99776
0.95533
0.96676
0.99978
0.99354
0.99619
0.98646
0.99166
0.99425
0.99988
0.96754
0.92619
0.9133
0.91375
0.99585
0.91475
0.91412
0.89802
0.9718
0.97214
0.7674
0.89918
0.86935
0.99658
0.93211
0.97761
0.99318
0.99139
1
0.99099
0.99934
0.77177
0.99479
0.95546
0.95173
0.99897
0.99929
0.99675
0.80536
0.85926
0.94038
0.97618
0.93684
0.98249
0.9536
0.9147
0.80702
0.99965
0.9912
0.99804
0.93272
0.98404
0.99472
0.90022
0.99813
0.78296
1
0.94322
0.93878
0.90368
0.99041
0.99919
0.99851
0.99763
0.99901
0.93551
0.99449
0.91398
0.97292
0.97446
0.99454
0.9986
0.94758
0.99701
0.84367
0.85509
0.98747
0.91288
0.94452
0.99421
0.99619
0.99092
0.98253
0.99754
0.9995
0.85643
0.99981
0.99354
0.99924
0.95002
0.99824
0.93449
0.92811
0.97556
0.96185
0.97999
0.985
0.99449
0.9939
0.93247
0.96243
0.9984
0.99777
0.99886
0.97879
0.97572
0.98788
0.86504
0.98563
0.97544
0.92515
0.99219
0.95499
0.86838
0.9971
0.98945
0.96299
0.9866
0.94061
0.9826
0.99529
0.97185
0.99941
0.97728
0.99326
0.99672
0.99716
0.99983
0.9859
0.91417
0.99899
0.99253
0.98392
0.95897
0.8486
0.98667
0.98479
0.84659
0.9927
0.98822
0.89509
0.801
0.65215
0.99222
0.98472
0.93444
0.9734
0.99241
0.98662
0.95366
0.89597
0.98552
0.99797
0.88761
0.99956
0.98867
0.93479
0.9995
0.9645
0.71502
0.89858
0.96852
0.99089
0.99634
0.94998
0.99101
0.96748
0.99707
0.99733
0.94174
0.98962
0.98115
0.99289
0.91702
0.99998
0.9822
0.98113
0.69161
0.92603
0.99693
0.99953
0.86525
0.99733
0.9656
0.99009
0.99895
0.99365
0.95409
0.79367
0.9657
0.95067
0.99395
0.99536
0.99497
0.96891
0.85389
0.75233
0.99905
0.9271
0.99995
0.86544
0.99998
0.99783
0.96878
0.99723
0.98769
0.998
0.96432
0.9993
0.94573
0.97461
0.80722
0.98812
0.99989
0.99668
0.98252
0.99563
0.99911
0.92856
0.8931
0.96381
0.88818
0.94841
0.97604
0.97858
0.94154
0.89038
0.99939
0.94632
0.99993
0.98768
0.99679
0.98955
1
0.88016
0.85274
0.99739
0.98885
0.97458
0.96593
0.96935
0.99938
0.91558
0.94858
0.99383
0.72153
0.98524
1
0.99881
0.90585
0.94633
0.60002
0.95092
0.94737
0.99389
0.98364
0.99917
0.97196
0.86956
0.97328
0.93459
0.9999
0.98335
0.97628
0.85195
0.97018
0.99799
0.97997
0.97703
0.98053
0.99597
0.99047
0.97697
0.99464
0.99443
0.99677
0.95474
0.8619
0.96929
0.99998
0.98049
0.96501
0.99766
0.96244
0.96958
0.99411
0.967
0.63594
0.97097
0.97758
0.98798
0.98004
0.98279
0.98354
0.87263
0.93392
0.9438
0.99326
0.9932
0.99174
0.83269
0.83545
0.96215
0.95905
0.99997
0.98848
0.99968
0.99423
0.99984
0.97469
0.9947
0.90632
0.93159
0.98727
0.98868
0.98101
0.8909
0.83781
0.99748
0.91254
0.95007
0.95988
0.96485
0.99904
0.99533
0.99132
0.99998
0.99994
0.97779
0.93709
0.98309
0.98853
0.94834
0.92266
0.76142
0.79675
0.92544
0.99347
0.8523
0.98942
0.57282
0.93494
0.95102
0.98885
0.9972
0.9019
0.86469
0.63844
0.98516
0.89627
0.94597
0.99396
0.99939
0.874
0.97652
0.98126
0.99224
0.8907
0.91198
0.91012
0.9502
0.96974
0.9057
0.99679
0.99714
0.9936
0.97577
0.99775
0.98626
0.92089
0.89753
0.83536
0.85879
0.85367
0.97801
0.96592
0.99822
0.93258
0.87629
0.99754
0.94925
0.94107
0.98262
0.84598
1
0.97266
0.96945
0.99619
0.83934
0.884
0.98376
0.9913
0.99304
0.716
0.97956
0.9944
0.98615
0.94282
0.97809
0.84621
0.62221
0.98151
0.95998
0.99998
0.9726
0.95014
0.9841
0.97836
0.97487
0.99898
0.92998
0.85648
0.94212
0.83669
0.99153
0.87691
0.99625
0.99309
0.99974
0.89102
0.9673
0.97886
0.72504
0.82839
0.97828
0.97643
0.99584
0.98924
0.89774
0.90881
0.99991
0.90868
0.96929
0.96274
0.96493
0.95827
0.97627
0.99991
0.98353
0.99933
0.9999
0.84604
0.91474
0.94567
0.9997
0.77139
0.98988
0.8253
0.96994
0.99998
0.8909
0.90047
0.98069
0.68472
0.92622
0.88978
0.98551
0.99906
0.93582
0.84001
0.95264
0.99735
0.98804
0.9498
0.98815
0.96334
0.99949
0.95884
0.99088
0.99064
0.88136
0.86751
0.96728
0.85669
0.97963
0.99372
0.99936
0.99398
0.92179
0.85916
0.99681
0.98067
0.92636
0.85266
0.96466
0.98191
0.99421
0.97207
0.93713
0.99757
0.96288
0.98743
0.99097
0.9684
0.96341
0.8745
0.99435
0.98184
0.97843
0.99996
0.85376
0.99083
0.95884
0.93529
0.99996
0.98684
0.90413
0.99997
0.99677
0.99286
0.99989
0.78442
0.93419
0.99941
0.99898
0.98965
0.98165
0.96874
0.99867
0.97446
0.97241
0.94913
0.98471
0.98155
0.99949
0.99286
0.9714
0.71888
0.99193
0.99895
0.98659
0.97442
0.9674
0.93921
0.86956
0.99769
0.93196
0.69295
0.98607
0.99907
0.99895
0.99844
0.90021
0.9936
0.97628
0.99716
0.99808
0.9852
0.98871
0.95591
0.8792
0.91829
0.98625
0.99831
0.99093
0.90925
0.99407
0.99282
0.86358
0.99981
0.98979
0.95422
0.99604
0.94087
0.99999
0.98943
0.93933
0.86704
0.98031
0.96629
0.94706
0.94191
0.83802
0.98831
0.98341
0.998
0.99957
0.98493
0.98239
0.98894
0.99671
0.95414
0.96969
0.93109
0.99934
0.97627
0.9138
0.97712
0.98856
0.96899
0.93896
0.79605
0.99601
0.96382
0.94001
0.99834
0.98754
0.82732
0.9288
0.9519
0.94039
0.91947
0.97968
0.98932
0.89753
0.94839
0.9596
0.99324
0.99876
0.99054
0.91439
0.94284
0.99999
0.90615
0.99523
0.95274
0.93121
0.93393
0.98469
0.97367
0.99976
0.99353
0.9999
0.9684
0.96664
0.91547
0.96448
0.93503
0.92827
0.99999
0.94873
1
0.78963
0.8516
0.6842
0.9778
0.9511
0.9456
0.99515
0.87338
0.97486
0.92356
0.90457
0.82681
0.8467
0.98491
0.99589
0.91971
0.8676
0.9349
0.99745
0.99996
0.74481
0.99944
0.99965
0.85062
0.83696
0.9707
0.96254
0.89488
0.95397
0.81782
0.95735
0.93888
0.99882
0.85045
0.99124
0.73283
0.99927
0.9208
0.99954
0.9605
0.86575
0.99991
0.98658
0.99835
0.99891
0.88611
0.98617
0.99971
0.9996
0.94177
0.72749
0.95514
0.98899
0.93533
0.99376
0.74866
0.82677
0.96623
0.99655
0.99998
0.85189
0.99179
0.96196
0.89845
0.97542
0.90158
0.95431
0.99605
0.98067
0.93102
0.96443
0.99992
0.99635
0.99763
0.9975
0.86499
0.99136
0.96289
0.58312
0.91623
0.93367
0.95472
0.99838
0.93034
0.99991
0.9935
0.84919
0.9983
0.82211
0.99832
0.99969
0.90353
0.74654
0.99643
0.94837
0.94942
0.88539
0.95138
0.98767
0.99521
0.92628
0.98665
0.99898
0.91834
0.98894
0.8571
0.99996
0.9989
0.91352
0.8388
0.94784
0.97541
0.98895
0.98205
0.90432
0.96112
0.99931
0.99894
0.97713
0.9897
0.92333
0.98935
0.99112
0.97022
0.96796
0.53508
0.99839
0.98807
0.78132
0.94651
0.98613
0.99374
0.96504
0.98527
0.96316
0.99932
0.78591
0.81915
0.99893
0.99273
0.99823
0.88849
0.99993
0.86785
0.98325
0.91843
0.96342
0.99348
0.94962
0.94464
0.99221
0.95873
0.99998
0.98353
0.906
0.97195
0.98724
0.99908
0.99157
0.99713
0.98668
0.9516
0.93398
0.9956
0.99961
0.99997
0.98659
0.63727
0.93878
0.9894
0.99982
0.99019
0.83844
0.99876
0.95677
0.99996
0.98765
0.80441
0.93351
0.96836
0.89166
0.93027
0.99129
0.80388
0.99095
0.99273
0.83739
0.99814
0.99902
0.99702
0.9198
0.95129
0.99855
0.9919
0.93865
0.93157
0.9948
0.98524
0.96482
0.84352
0.84157
0.99998
0.99999
0.99955
0.76631
0.98082
0.95427
0.97604
0.97305
0.99975
0.99334
0.88392
0.97899
0.77748
0.99612
0.86845
0.89498
0.97693
0.98511
0.96668
0.97291
0.99907
0.64803
0.64387
0.99897
0.99438
0.99782
0.99899
0.9991
0.82983
0.99297
0.99512
0.96034
0.99901
0.9423
0.97874
0.94842
0.99972
0.99674
0.89329
0.78846
0.99144
0.96314
0.9553
0.92928
0.98026
0.97217
0.91992
0.96915
0.93234
0.95446
0.90565
0.9899
0.98694
0.89104
0.99988
0.9225
0.99749
0.99103
0.975
0.98185
0.98874
0.96464
0.97628
0.9907
0.83253
0.95955
0.98027
0.98662
0.98963
0.99743
0.99694
0.78736
0.99506
0.99869
0.99869
0.99997
0.98169
0.98992
0.85444
0.98495
0.91077
0.95027
0.89041
0.96989
0.93634
0.98472
0.99448
0.96906
0.992
0.97544
0.96341
0.99599
0.99618
1
0.95189
0.96906
0.89769
0.99458
0.90395
0.97089
0.89344
0.92712
0.91353
0.87381
0.97871
0.98818
0.91613
0.94831
0.96717
0.97754
0.99139
0.9849
0.99855
0.99348
0.99893
0.84564
0.98107
0.98013
0.99859
0.99799
0.83377
0.94284
0.97997
0.97023
0.87007
0.81662
0.98509
0.98142
0.97304
0.99752
0.92538
0.9985
0.99471
0.95148
0.9828
0.97739
0.83081
0.83024
0.973
0.93771
0.99816
0.9868
0.98778
0.69307
0.99053
0.95669
0.96845
0.99973
0.99689
0.99006
0.95717
0.97126
0.974
0.92237
0.74287
0.93359
0.99616
0.88378
0.88179
0.94366
0.71507
0.99656
0.89751
0.96986
0.97784
0.94556
0.97983
0.88288
0.97526
0.94231
0.99486
0.99997
1
0.84007
0.81812
0.87152
0.96724
0.96917
0.9734
0.90012
0.99987
0.96262
0.99994
0.8905
0.9408
0.93182
0.99839
0.97275
0.98942
0.99734
0.99738
0.99294
0.97773
0.99816
0.87205
0.97933
0.93206
0.98186
1
0.98493
0.99922
0.94517
0.99394
0.99375
0.96686
0.78459
0.97297
0.99985
0.75395
0.98723
0.9294
0.99908
0.74471
0.97928
0.9692
0.89535
0.99944
0.99969
0.95527
0.96385
0.94087
0.99895
0.72016
0.99728
0.99864
0.99134
0.99701
0.99824
0.98895
0.84318
0.99023
0.98064
0.80763
0.86097
0.99069
0.9993
0.99498
0.82124
0.99743
0.95846
0.72756
0.62203
0.98604
0.9105
0.98901
0.95457
0.94204
0.8692
0.9821
0.99059
0.82732
0.98479
0.99935
0.98352
0.9928
0.99998
0.94946
0.96901
0.95695
0.99518
0.82936
0.99157
0.99798
0.96149
0.98236
0.97576
0.97761
0.90895
0.98878
0.99726
0.98217
0.98426
0.99977
0.91675
0.85717
0.83208
0.939
0.95494
0.946
0.97485
0.99428
0.9967
0.92732
0.99631
0.97632
0.97408
0.99605
0.99936
0.98724
0.99948
0.98935
0.95821
0.97104
0.9524
0.95127
0.91998
0.99985
0.99414
0.97869
0.90945
0.80709
0.99942
0.99944
0.996
0.99022
0.92675
0.92233
0.98457
0.99451
0.96403
0.99289
0.97093
0.9823
0.90458
0.98177
0.98224
0.96694
1
0.95856
0.91723
0.99904
0.96975
0.99985
0.99745
0.93718
0.97577
0.96525
0.90107
0.99299
0.98874
0.64107
0.95873
0.99999
0.80317
0.99881
0.77305
0.98612
0.99266
0.99802
0.99993
0.83513
0.99411
0.98931
0.99195
0.86
0.97999
0.92532
0.99829
0.99339
0.98256
0.99766
0.99917
0.99467
0.98759
0.88868
0.99821
0.95438
0.96598
0.86316
0.99792
0.98321
0.92578
0.9539
0.94245
0.998
0.98874
0.98307
0.94094
0.95631
0.99623
0.91533
0.99868
0.99749
0.99785
0.99791
0.98258
0.99998
0.99907
0.98025
0.97247
0.99586
0.96026
0.98041
0.96062
0.99879
0.98597
0.88397
0.98632
0.987
0.99292
0.87922
0.9649
0.88096
0.96046
0.97207
0.99979
0.97855
0.89898
0.99413
0.92653
0.99756
0.97961
0.99816
0.87355
0.82171
0.88624
0.96415
0.87972
0.86029
0.92426
0.84158
0.99439
0.98401
0.99963
0.85752
0.99815
0.93634
0.97576
0.94781
0.9999
0.95459
0.91381
0.99231
0.9126
0.93839
0.99198
0.99829
0.99118
0.96798
0.86267
0.9753
0.97442
0.98916
0.99992
0.90087
0.95735
0.99459
0.94067
0.93741
0.99715
0.93952
0.97939
0.99729
0.99764
0.9753
0.84719
0.9934
0.89896
0.99647
0.99099
0.99488
0.93389
0.99337
0.99789
0.95418
0.98746
0.51256
0.94056
0.99908
0.9406
0.94628
0.98556
0.97691
0.96267
0.94421
0.9982
0.9813
0.99507
0.98847
0.98896
0.99465
0.99974
0.99603
0.96787
0.99812
0.80402
0.99117
0.9965
0.98158
0.98683
0.99698
0.82578
0.98979
0.9953
0.99699
0.96907
0.98554
0.99919
0.99066
0.99923
0.99115
0.99588
0.98005
0.98891
0.99848
0.98338
0.95158
0.99245
0.91032
0.88195
0.95953
0.95374
0.95728
0.99426
0.9881
0.7539
0.99233
0.99219
0.99972
0.96311
0.99835
0.99252
0.9934
0.99556
0.95886
0.88835
0.95282
0.94184
0.9896
0.99996
0.99997
0.99398
0.75075
0.95126
0.9644
0.99859
0.90502
0.95762
0.99825
0.98479
1
0.99669
0.9899
0.98007
0.97822
0.97425
0.99564
0.89234
0.94369
0.96053
0.89981
0.99958
0.97582
0.99761
0.99188
0.98815
0.96044
0.77378
0.76841
0.98566
0.93648
0.99209
0.99606
0.99979
0.86924
0.99862
0.89799
0.99192
0.96506
0.86091
0.98389
0.83114
0.98655
0.99788
0.86416
0.95479
0.97188
0.99812
0.99789
0.96669
0.99988
0.9966
0.94263
0.99995
0.99938
0.9654
0.95623
0.88825
0.85718
0.72396
0.9527
0.99054
0.98898
0.8275
0.6427
0.8606
0.99074
0.953
0.97535
0.89934
0.98247
0.99742
0.91638
0.99568
0.9411
0.91109
0.66733
0.86934
0.9699
0.96389
0.9994
0.89171
0.98182
0.97567
0.9783
0.99389
0.98453
0.98613
0.86726
0.94571
0.95176
0.99605
0.96748
0.99177
0.99915
0.99987
0.95422
0.94759
0.85485
0.93568
0.98151
0.97411
0.95641
0.7973
0.89016
0.97034
0.99586
0.97307
0.9314
0.99626
0.86515
0.71319
0.99275
0.90204
0.99416
0.96469
0.97769
0.97271
0.9812
0.99955
0.99951
0.9799
0.99642
0.99914
0.89052
0.98776
0.97381
0.99922
0.92954
0.99725
0.94024
0.98993
0.9993
0.93117
0.98424
0.99189
0.84956
0.98739
0.99083
0.98501
0.97055
0.91554
0.96338
1
0.92985
0.96533
0.99342
0.777
0.99037
0.97755
0.9843
0.82588
0.83355
0.9993
0.93442
0.98856
0.91109
0.97684
0.99384
0.84044
0.9219
0.82075
0.99925
0.87452
0.99844
0.99769
0.9994
0.96655
0.93537
0.98362
0.98974
0.99918
0.99162
0.99601
0.94978
0.98416
0.99834
0.85947
0.99817
0.99778
0.9135
0.94193
0.9999
0.87411
0.91322
0.99987
0.93639
0.99194
0.99563
0.93709
0.96767
0.73953
0.94192
0.92517
0.98186
0.93045
0.99868
0.98318
0.99207
0.99478
0.99039
0.88735
0.98904
0.99387
0.9997
0.79523
0.96822
0.91706
0.98326
0.99956
0.98788
0.98983
0.99978
0.95178
0.97935
0.92196
0.91324
0.88319
0.96467
0.99129
0.93672
0.98046
0.98993
0.99291
0.99961
0.99698
0.98803
0.97574
0.93032
0.89452
0.84552
0.87445
0.96814
0.99374
0.99718
0.99972
0.95491
0.98734
0.91215
0.97366
0.99938
0.94487
0.91454
0.89967
0.98493
0.98204
0.98829
0.80582
0.92949
0.84686
0.99988
0.99949
0.99059
0.98146
0.99613
0.99461
0.94399
0.9499
0.98673
0.96932
0.98043
0.98233
0.88097
0.99204
0.86163
0.97269
0.99296
0.99864
0.99372
0.99679
0.99881
0.95034
0.99008
0.98892
0.97858
0.88096
0.67802
0.91324
0.98832
0.88539
0.99549
0.95345
0.88541
0.9764
0.92883
0.95151
0.98047
0.9986
0.99994
0.91932
0.90609
0.96323
0.94355
0.99189
0.9454
0.99628
0.99785
0.99204
0.99142
0.99787
0.97433
0.99042
0.99484
0.9868
0.62318
0.99333
0.83335
0.96211
0.97063
0.95768
0.97468
0.99936
0.9918
0.99999
0.99694
0.98845
0.99286
0.95671
0.88701
0.84694
0.96837
0.96397
0.93886
0.97023
0.9869
0.99379
0.95834
0.97576
0.99166
0.99863
0.96314
0.89091
0.93014
0.99809
0.9773
0.90429
0.96267
0.90483
0.81607
0.98757
0.98535
0.75068
0.99114
0.97761
0.98706
0.93521
0.99626
0.81718
0.99844
0.99348
0.55426
0.93785
0.84436
0.83748
0.99651
0.93192
0.91959
0.99565
0.93533
0.96689
0.97293
0.99537
0.95829
0.99978
0.99112
0.85373
0.95904
0.9915
0.9596
0.95917
0.95713
1
0.98581
0.99996
0.84816
0.97655
0.97222
0.90292
0.93555
0.93753
0.99997
0.99987
0.9489
0.99989
0.96393
0.99612
0.87918
0.99995
0.99496
0.99773
0.98383
0.91533
0.99576
0.88256
0.99939
0.96927
0.98007
0.99748
0.98691
0.9506
0.98443
0.99996
0.99943
0.99979
0.98937
0.8157
0.92348
0.99766
0.99641
1
0.99999
0.99969
0.88766
0.93749
0.99278
0.99877
0.8614
0.92993
0.85277
0.98117
0.85183
0.99459
0.99506
0.77639
0.95047
0.991
0.94063
0.99497
0.99993
0.99426
0.95012
0.84559
0.99197
0.97456
0.99475
0.99504
0.87391
0.93089
0.95641
0.85986
0.90467
0.77876
0.96833
0.99034
0.83367
0.9754
0.96102
1
0.9979
0.99779
0.99988
0.94328
0.85783
0.99849
0.99368
0.80771
0.93399
0.95267
0.86453
0.99614
0.98989
0.95476
0.8548
0.99163
0.99912
0.99551
0.98033
0.99984
0.94933
0.91757
0.87141
0.99708
0.99958
0.94434
0.99672
0.95282
0.9725
0.92253
0.94826
0.81782
0.98604
0.99434
0.80183
0.81772
0.93692
0.95846
0.96723
0.99099
0.98211
0.98659
0.98813
0.99246
0.96345
0.99752
0.99965
0.96278
0.99803
0.96317
0.90138
0.99606
0.99231
0.98047
0.88895
0.99992
0.89538
0.89591
0.99964
0.97977
0.99419
0.99924
0.99704
0.92239
0.9991
0.99551
0.60279
0.97957
0.97296
0.99742
0.92696
0.95683
0.99946
0.99852
0.9993
0.9828
0.88151
0.93015
0.98665
0.99939
0.92622
0.98009
0.85405
0.99986
0.98816
0.74014
0.91525
0.99502
0.99937
1
0.95991
0.99905
0.92587
0.95835
0.99187
0.75494
0.99614
0.92593
0.97492
0.99044
0.96216
0.96833
0.96233
0.96907
0.99941
0.97253
0.99761
0.8524
0.84131
0.99768
0.99057
0.90829
0.9883
0.99769
1
0.83959
0.9402
0.94498
0.94353
0.95682
0.99927
0.98304
0.99225
0.91717
0.98167
0.90451
0.98762
0.93514
0.96784
0.92661
0.99892
0.99894
0.96301
0.92062
0.98719
0.99373
0.97327
0.99926
0.87394
0.95941
0.996
0.9745
0.87381
0.99768
0.97364
0.99517
0.9875
0.99189
0.98582
0.9964
0.96679
0.99646
0.83365
0.97913
0.9651
0.99536
0.98461
0.95448
0.8897
0.99047
0.99932
0.89335
0.98608
0.96601
0.95161
0.87757
0.88234
0.99664
0.9396
0.97949
0.99354
0.99882
0.92825
0.86778
0.99556
0.79136
0.87533
0.99223
0.99994
0.89129
0.97665
0.96014
0.93
0.9475
0.93092
0.98724
0.97849
0.96244
0.99295
0.98524
0.95395
0.97747
0.9963
0.9138
0.95303
0.88861
0.97215
0.99727
0.94985
0.99966
0.92459
0.95739
0.99985
0.99604
0.89584
0.99753
0.99992
0.7494
0.9907
0.91796
0.75872
0.92611
0.94316
0.99527
0.99923
0.98108
0.99974
0.93492
0.98945
0.99999
0.97551
0.9103
0.99943
0.89643
0.93543
0.93307
0.91995
0.99559
0.83424
0.89603
0.95797
0.99907
0.99644
0.91732
0.89296
0.99225
0.99989
0.92468
0.85029
0.9447
0.99943
0.9994
1
0.99634
0.98189
0.91745
0.95633
0.99632
0.90546
0.99037
0.96277
0.9846
0.96193
0.98636
0.99657
0.97793
0.98995
0.99129
0.99394
0.99941
0.89767
1
0.97469
0.99885
0.99382
0.93694
0.96018
0.99552
0.99467
0.96989
0.99807
0.9015
0.9968
0.99423
0.99913
0.97198
0.93505
0.99731
0.99707
0.91717
0.99806
0.99998
0.97881
0.96276
0.99695
0.99843
0.98308
0.98271
0.83589
0.98157
0.9915
0.99895
0.99922
0.97355
0.88235
0.97202
0.99402
0.83708
0.99942
0.97242
0.94952
0.97061
0.99425
0.99805
0.99103
0.98995
0.99686
1
0.99981
0.99403
0.99065
0.9566
0.99446
0.86821
0.99529
0.99732
0.99681
0.99584
0.99752
0.99287
0.80805
0.88631
0.9993
0.99211
0.99986
0.96486
0.90091
0.68593
0.96576
0.99472
0.96501
0.92332
0.99192
0.99429
0.995
0.97011
0.99868
0.98906
0.99784
0.97463
0.85413
0.94157
0.99616
0.9997
0.81379
0.88527
0.90717
0.80497
0.99176
0.99745
0.94997
0.80683
0.98403
0.88229
0.99428
0.82052
0.98759
0.9964
0.95367
0.96156
0.96265
0.96169
0.89969
0.94339
0.9683
0.92676
0.99961
0.95374
0.99011
0.99261
0.81475
0.85724
0.99344
0.9696
0.98756
0.9448
0.98083
0.99993
0.97631
0.99986
0.98107
0.99845
0.99146
0.99268
0.98313
0.98528
0.96961
0.99248
0.96761
0.94108
0.99336
0.98063
0.91393
0.99257
0.9991
0.97622
0.90782
0.9779
0.99826
0.97876
0.92811
0.95486
0.88497
0.97202
0.98162
0.92843
0.93571
0.99763
0.94098
0.99615
0.99888
0.83662
0.75038
0.98419
0.97
0.96286
0.96775
0.92495
0.99993
0.98932
0.97979
0.98018
0.88963
0.97275
0.96695
0.96582
0.90176
0.99974
0.94878
0.88258
0.98631
0.93128
0.99472
0.79043
0.89824
0.93618
0.94033
0.93083
0.9931
0.97203
0.81006
0.9257
0.99985
0.98209
0.93607
0.99724
0.89455
0.90831
0.99905
0.98127
0.86449
0.93293
0.95162
0.96042
0.92881
0.89526
0.95724
0.88536
0.9204
0.99961
0.84349
0.99856
0.9646
0.8511
0.92254
0.99869
0.99083
0.90796
0.89077
0.97516
0.99659
0.9854
0.94088
0.95427
0.99096
0.98704
0.98051
0.93424
0.99952
0.99979
0.92229
0.96829
0.97535
0.99219
0.99426
0.89548
0.93582
0.98361
0.8693
0.99995
0.93404
0.98078
0.96228
0.90345
0.87243
0.99929
0.99931
0.92749
0.94526
0.99964
0.95419
0.97366
0.99658
0.98477
0.92898
0.96361
0.91774
0.86432
0.87724
0.97142
0.85965
0.98211
0.99859
0.99691
0.93543
0.99411
0.91662
0.98563
0.96798
0.97436
0.9539
0.98953
0.99192
0.98522
0.96213
0.9999
0.99568
0.99079
0.99817
0.89821
0.98403
0.99806
1
0.9859
0.99719
0.99657
0.87345
0.97576
0.74319
0.99574
0.99485
0.94802
0.98483
0.89545
0.9936
0.98975
0.95158
0.98036
0.99955
0.91784
0.97786
0.99063
0.99906
0.86735
0.99663
0.99995
0.99802
0.98534
0.99967
0.99556
0.99673
0.97965
1
0.94151
0.98871
0.98697
0.98946
0.96898
0.99968
0.9985
0.96974
0.95924
0.99306
0.68397
0.82153
0.98693
0.97743
0.98882
0.99997
0.95464
0.99972
0.96796
0.99895
0.91075
0.996
0.89897
0.99821
0.99968
0.97065
0.79571
0.94307
0.96253
0.94078
0.9441
0.9741
0.99817
0.95878
0.99943
0.99629
0.99981
0.99911
0.96555
0.90599
0.9506
0.9357
0.96495
0.90311
0.96193
0.96474
0.98796
0.99198
0.99954
0.96506
0.92786
0.87877
0.86568
0.89034
0.91079
0.98155
0.9704
0.98172
0.99275
0.92506
0.82661
0.85279
0.99778
0.99562
0.9498
0.9941
0.81997
0.99161
0.98739
0.98928
0.96987
0.78525
0.95395
0.97834
0.98818
0.99996
0.99998
0.99848
0.97356
0.9576
0.99821
0.85216
0.97518
0.99242
0.72667
0.99498
0.99963
0.91289
0.99992
0.99896
0.978
0.92665
0.99944
0.96494
0.99513
0.97613
0.97106
0.9484
0.99429
0.98214
0.99943
0.9694
0.98878
0.99866
0.99911
0.99389
0.90237
0.93623
0.99261
0.97009
0.92233
0.71051
0.97688
0.88981
0.95532
0.8566
0.98717
0.90213
0.9924
0.98468
0.99399
0.9744
0.90388
0.97383
0.85716
0.98083
0.99824
0.72011
0.99874
0.98717
0.98674
0.9728
0.98629
0.99568
0.99885
0.92198
0.9714
0.98421
0.99987
0.96513
0.98902
0.88417
0.89558
0.99999
0.82961
0.96456
0.99499
0.97038
0.89062
0.81203
0.9855
0.99945
0.84741
0.99907
0.99864
0.99068
0.91446
0.95637
0.95317
0.99999
0.74035
0.92788
0.90647
0.97864
0.98832
0.99826
0.86671
0.95345
0.85067
0.99965
0.9898
0.98198
0.94356
0.95886
0.9925
1
0.99723
0.92824
0.97913
0.99784
0.98314
0.99011
0.98395
0.99947
0.9472
0.99999
0.9821
0.93637
0.89599
0.99905
0.83916
0.99936
0.96712
0.88386
0.77363
0.99946
0.83565
0.99774
0.97323
0.99581
0.89076
0.99444
0.98378
0.99492
0.98424
0.97051
0.89892
0.99975
0.98834
0.99999
0.9939
0.66627
0.93083
0.99833
0.98163
0.97891
0.94119
0.90598
0.88165
0.68413
0.98458
0.99943
0.91358
0.89384
0.86198
0.99082
0.99699
0.97808
0.99757
0.97793
0.95998
0.8519
0.99413
0.85836
0.99611
0.99896
0.9982
0.99781
0.9399
0.98248
0.97263
0.99493
0.99999
0.86233
0.96431
0.99679
0.91983
0.94287
0.99916
0.94471
0.97015
0.92761
0.95855
0.94415
0.58747
0.99092
0.98333
0.87598
0.80542
0.85378
0.985
0.9997
0.87711
0.99311
0.95553
0.99397
0.94887
0.99988
0.98915
0.92153
0.9775
0.99587
0.96859
0.95778
0.75086
0.99047
0.96994
0.99691
0.98112
0.99972
0.95682
0.94142
0.83689
0.99735
0.78487
0.99984
0.96266
0.94698
0.97001
0.78275
0.97117
0.96597
0.97682
0.99952
0.98883
0.9998
0.99105
0.87044
0.99462
0.86579
0.99999
0.94523
0.90793
0.97132
0.99977
0.94568
0.99574
0.98868
0.90834
0.99896
0.92631
0.99005
0.98299
0.97013
0.99737
0.99997
0.99172
0.93554
0.9669
0.99376
0.99743
0.95271
0.90884
0.95919
0.90825
0.93681
1
0.89676
0.88582
0.96257
0.91594
0.99973
0.99999
0.99754
0.88142
0.86546
0.82659
0.9176
0.96964
0.99778
0.96583
0.99758
0.98062
0.83263
0.98807
0.97442
0.99887
0.93388
0.76691
0.99326
0.99917
0.99919
0.87983
0.95772
0.89992
0.93455
0.99762
0.86124
0.89023
0.9912
0.96745
0.99376
0.99876
0.99772
0.8962
0.99933
0.97368
0.99604
0.89735
0.98892
0.99411
0.9977
0.99606
0.86066
0.99961
0.9153
0.99935
0.96391
0.98693
0.9727
0.98816
0.98194
0.99858
0.94399
0.80512
0.99995
0.99554
0.97814
0.88836
0.99341
0.82898
0.99916
0.99729
0.9384
0.97926
0.97279
0.92487
0.99716
0.98772
0.98491
0.95377
0.75182
0.88074
0.7774
0.88106
0.75395
0.96477
0.99992
0.94495
0.91963
0.98999
0.9551
0.70244
0.99565
0.99992
0.97956
0.95759
0.99112
0.98755
0.99982
0.96341
0.83941
0.85063
0.99957
0.98962
0.8882
0.98732
0.98727
0.98071
0.64591
0.94621
0.99886
0.98862
0.89935
0.86113
0.81486
0.98426
0.99795
0.99921
0.8567
0.95277
0.97481
0.95183
0.96168
0.99788
0.9999
0.90857
0.96535
0.99826
0.99433
0.99568
0.97046
0.87866
0.99965
0.9321
0.9706
0.99338
0.95828
0.99955
0.97387
0.99136
0.94787
0.92212
0.99651
0.94957
0.99485
0.98543
0.92677
0.95539
0.99647
0.90089
0.99782
0.96293
0.97739
0.86444
0.98191
0.91665
0.90885
0.97517
0.91771
0.99053
0.99604
0.98569
0.80545
0.99915
0.94147
0.93316
0.98181
0.95972
0.98229
0.89357
0.93842
0.92342
0.99841
0.78018
0.99685
0.96749
0.99931
0.9609
0.95038
0.98792
0.97061
0.92734
0.94628
0.93522
0.8876
0.88988
0.99993
0.99988
0.96765
0.99964
0.90529
0.95526
0.99377
0.99972
0.94587
0.99489
0.87935
0.98374
0.84242
0.992
0.94354
0.99237
0.91531
0.98902
0.98997
0.53342
0.90333
0.9638
0.99901
0.97582
0.97394
0.9928
0.93614
0.96409
0.96287
0.75266
0.88965
0.9333
0.99729
0.97695
0.84547
0.95109
0.86077
0.96701
0.99936
0.97964
0.99271
0.99987
0.99293
0.96598
0.88869
0.9861
0.95733
0.98603
0.97809
0.99518
0.96692
0.98792
0.98507
0.99857
0.9509
0.99999
0.8706
0.98959
0.98577
0.91942
0.95963
0.95813
0.99975
0.99495
0.94157
0.97304
0.89302
0.69938
0.90213
0.91001
0.95068
0.93623
0.90321
0.98772
0.98983
0.92856
0.89229
0.93134
0.99993
0.90125
0.99913
0.98291
0.86299
0.87763
0.87779
0.65428
0.95347
0.97125
0.93627
0.98129
0.99617
0.96187
0.9993
0.98833
1
0.97169
0.99994
0.98833
0.96417
0.92699
0.98427
0.98057
0.99678
0.99723
0.60476
0.99707
0.97516
0.88195
0.8073
0.99297
0.97377
0.99632
0.99852
0.94179
0.99708
0.99975
0.98395
0.99935
0.99711
0.99509
0.99049
0.99957
0.97821
0.99965
0.95694
0.84885
0.82176
0.98755
0.99999
0.95676
0.99392
0.99643
0.98058
0.99568
0.98432
0.99482
0.99974
0.99925
0.91205
0.9986
0.92861
0.99374
0.99446
0.99525
0.99992
0.99754
0.95024
0.96967
0.97745
0.86355
0.95248
0.99984
0.90163
0.99674
0.99876
0.99416
0.99406
0.81205
0.99875
0.97773
0.99818
0.89333
0.97796
0.99173
0.9148
0.97873
0.94053
0.99569
0.9926
0.9732
0.98018
0.96331
0.98213
0.98137
0.98286
0.98617
0.99869
0.9801
0.93436
0.89506
0.98275
0.90607
0.9934
0.99939
0.97362
0.83918
0.99
0.929
0.69088
0.96203
0.9628
0.9535
0.83481
0.89432
0.98462
0.85905
0.5466
0.97218
0.99999
0.93785
0.99956
0.95223
0.96059
0.97783
0.99735
0.99815
0.95721
0.99532
0.99934
0.98538
0.7305
0.99814
0.83896
0.97205
0.9236
0.85432
0.98771
0.94235
0.94707
0.99938
0.94937
0.92503
0.92448
0.94348
0.99484
0.98578
0.90293
0.8731
0.99723
0.96727
0.98828
0.99876
0.93336
0.96781
0.98846
0.96977
0.99846
0.98322
0.8384
0.9785
0.9184
0.97327
0.98396
0.97395
0.95952
0.89176
0.99728
0.99455
0.99921
0.99967
0.85822
0.98683
0.78119
0.99742
0.99958
0.99131
0.74149
0.99695
0.7768
0.99997
0.95252
0.99896
0.65188
0.96354
0.99666
0.99985
0.82672
0.99683
0.99622
0.96304
0.98976
0.97512
0.95894
0.97909
0.98465
0.9834
0.98417
0.81926
0.96856
0.99571
0.97849
0.99949
0.99939
0.9945
0.90715
0.99977
0.89957
0.99723
0.97076
0.99055
0.74149
0.76249
0.99468
0.95756
0.97138
0.74104
0.99051
0.9757
0.95178
0.99834
0.96374
0.88036
0.93941
0.87744
0.99753
0.95893
0.99895
0.97876
0.99495
0.99782
0.99544
0.96659
0.99943
0.90709
0.99998
0.99879
0.89721
0.99003
0.87494
0.70938
0.89706
0.9807
0.91176
0.99337
0.9984
0.9986
0.89254
0.99573
0.98308
0.99987
0.99852
0.84639
0.9398
0.94985
0.99917
0.96366
0.96692
0.98868
0.99998
1
0.91209
0.99167
0.92935
0.99992
0.97591
1
0.94309
0.92352
0.9943
0.88048
0.99975
0.99703
0.90847
0.9623
0.99786
0.9702
0.97234
0.94306
0.9125
0.99467
0.9453
0.83812
0.76586
0.92467
0.86863
0.98796
0.91124
0.9917
0.99154
0.84271
0.95358
0.89849
0.99624
0.82867
0.96444
0.99786
0.89816
0.9294
0.92004
0.83783
0.98923
0.91672
0.99634
0.99526
0.96706
0.99847
0.99752
0.98528
0.78981
0.99995
0.99844
0.82647
0.97142
0.95053
0.98028
0.99709
0.99983
0.97776
0.97425
0.99815
0.86098
0.99871
0.77169
0.99254
0.94722
0.99887
0.98228
0.99841
0.99968
0.99793
0.61817
0.99939
0.93048
0.97111
0.91744
0.8219
0.9988
0.98073
0.93291
0.99783
0.96415
0.96045
0.87842
0.95144
0.94337
0.98848
0.92645
0.959
0.94167
0.78279
0.89705
0.89868
0.90633
0.88489
0.97015
0.97321
0.99985
0.9204
0.9886
0.96064
0.99796
0.9891
0.91762
0.94149
0.99137
0.99716
0.98666
0.96468
0.6112
0.96108
0.96202
0.81606
0.96771
0.9424
0.99854
0.9362
0.9923
0.94048
0.87103
0.99181
0.84203
0.93025
0.99994
0.96302
0.97149
0.98385
0.95821
0.99863
0.99128
0.97679
0.97286
0.95985
0.81618
0.98285
0.99897
0.93832
0.72133
0.99989
0.91611
0.87952
0.99984
0.99863
0.99158
0.96393
0.99091
0.97085
0.99992
0.99644
0.9615
0.99656
0.80218
0.96296
0.91319
0.84625
0.99784
0.96589
0.8127
0.84581
0.97237
0.99921
0.65654
0.99063
0.74454
0.99984
0.92433
0.9997
0.95416
0.95553
0.99993
0.94563
0.81203
0.9823
0.99598
0.96581
0.87791
0.88925
0.99867
0.99721
0.99955
0.93927
0.99778
0.99883
0.91528
0.99763
0.9994
0.97401
0.96959
0.98736
0.99982
0.99886
0.97565
0.98021
0.99753
0.94402
0.96671
0.97269
0.99958
0.98366
0.83779
0.87692
0.96258
0.79467
0.99848
0.9792
0.94394
0.99399
0.99049
0.99918
0.96586
0.98736
0.9999
0.98016
0.83751
0.92892
0.90549
0.96074
0.99997
0.96921
0.99472
0.94146
0.85672
0.95843
0.85318
0.99915
0.97405
0.819
0.91554
0.99726
0.97591
0.93781
0.9751
0.93466
0.98459
0.99615
0.98677
0.99924
0.91345
0.9816
0.95508
0.98774
0.82496
0.79735
0.95565
0.90105
0.96886
0.98793
0.91161
0.89192
0.9697
0.71038
0.99683
0.99208
0.97965
0.93228
0.94306
0.98988
0.99657
0.98299
0.99986
0.9991
0.98519
0.85896
0.98936
0.98912
0.99989
0.93774
0.8724
0.79514
0.99598
0.97957
0.98931
0.90499
0.98666
0.95917
0.97298
0.99581
0.98729
0.91724
0.96967
0.84821
0.98251
0.93004
0.9999
0.99828
0.89232
0.98989
0.96585
0.99327
0.8859
0.80051
0.99996
0.93285
0.99148
0.97894
0.98867
0.91431
0.99468
0.9526
0.94776
0.9792
0.9506
0.99846
0.94197
0.93998
0.97828
0.98963
0.95747
0.76387
0.98667
0.96661
0.99682
0.98565
0.92505
0.99407
0.8727
0.99977
0.99165
0.97221
0.91461
0.99146
0.99996
0.98842
0.94343
0.94666
0.72205
0.93513
0.92573
0.92898
0.9948
0.99903
0.96489
0.96579
0.99183
0.86559
0.99937
0.95416
0.69712
0.99283
0.78136
0.99931
0.92283
0.98023
0.99595
0.97882
0.9293
0.82548
0.98282
0.96988
0.68006
0.96687
1
0.99938
0.99234
0.91121
0.63908
0.99673
0.97521
0.97516
0.99026
0.71266
0.99423
0.89767
0.94564
0.97882
0.99998
0.4948
0.9533
0.95746
0.94752
0.96292
0.96861
0.99792
0.99466
0.98433
0.99772
0.99872
0.98799
0.93053
0.99696
0.93463
0.94033
0.99974
0.99326
0.99617
0.94921
0.97585
0.99753
0.97311
0.99852
0.98611
0.85646
0.90582
0.94342
0.90741
0.94898
0.98835
0.99684
0.93088
0.96611
0.97351
0.98724
0.9636
0.98887
0.79072
0.9864
0.82572
0.91883
0.99116
0.92402
0.9512
0.87985
0.97651
0.93753
0.90174
0.99969
0.95284
0.90976
0.97926
0.99909
0.93684
0.98763
0.91295
0.96108
0.9968
0.92977
0.99182
0.85841
0.99393
0.95421
0.77146
0.99997
0.92187
0.96483
0.9968
0.96331
0.97175
0.96597
0.97899
0.7926
0.96227
0.99961
0.99839
0.95558
0.99835
0.81014
0.9369
0.97297
0.97689
0.95295
0.72393
0.9253
0.98645
0.97538
0.88061
0.96309
0.98461
0.97875
0.9205
0.92046
0.93001
0.82974
0.97927
0.973
0.90705
0.99981
0.8733
0.99761
0.99418
0.90861
0.93611
0.98787
0.99983
0.96344
0.99995
0.96637
0.69607
0.98333
0.7821
0.99994
0.9963
0.99314
0.95908
0.75385
0.96475
0.97998
0.90451
0.95648
0.90562
0.97717
0.99029
0.94379
0.73165
0.99946
0.99089
0.94392
0.95795
0.85414
0.99821
0.99748
0.89519
0.96756
0.94925
0.99319
0.99367
0.90142
0.99968
0.76777
0.88816
0.99535
0.9501
0.97826
0.99886
0.99962
0.99829
0.68775
0.96456
0.99998
0.97351
0.9999
0.9929
0.8472
0.98297
0.86246
0.97707
0.96807
0.99988
0.89139
0.93647
0.91128
0.98066
0.99861
0.80083
0.87991
0.98581
0.75049
0.99986
0.8011
1
0.99367
0.87201
0.99979
0.99957
0.99689
0.99988
0.99716
0.97946
0.99901
0.99991
0.98996
0.93373
0.88576
0.99874
0.95728
0.98709
0.99987
0.92581
0.91961
0.97441
0.98579
0.96792
0.90269
0.96397
0.99992
0.96849
0.98312
0.8966
0.94229
0.86655
0.87125
0.98151
0.84265
0.98863
0.84262
0.99952
0.91913
0.99481
0.93042
0.94289
0.99714
0.96907
0.99898
0.99687
0.84527
0.99501
0.92578
0.98546
0.90945
0.95581
0.97104
0.95748
0.97065
0.99084
0.95805
0.87885
0.97581
0.99951
0.94064
0.93054
0.9457
0.8409
0.86666
0.99985
0.96538
0.96411
0.99968
0.86234
0.64602
0.99971
0.86531
0.99882
0.98097
0.99964
0.92241
0.90123
0.97072
0.84604
0.99974
0.97518
0.97871
0.98982
0.96975
0.97856
0.83394
0.9954
0.9314
0.99221
0.95837
0.99985
0.98667
0.98028
0.72476
0.98295
0.9284
0.99418
0.99933
0.92386
0.99329
0.91159
0.99368
0.94306
0.97476
0.93813
0.95484
0.99997
0.983
0.98437
0.9999
0.99091
0.99957
0.97289
0.90459
0.99341
0.97805
0.96908
0.8587
0.99914
0.99253
0.97451
0.97504
0.9703
0.90581
0.9861
0.98609
0.97687
0.83833
0.89603
0.99224
1
0.93989
0.98636
0.99724
0.99695
0.83755
0.92365
0.99984
0.98415
0.89642
0.78328
0.90749
0.80858
0.97844
0.99981
0.98159
0.83774
0.88649
0.69569
0.98805
0.99362
0.99139
0.98811
0.92627
0.98935
0.96246
0.98662
0.98551
0.98415
0.99548
0.94506
0.99839
0.99608
0.88684
0.99875
0.95902
0.94582
0.99995
0.93796
0.96504
0.99957
0.99694
0.97069
0.97374
0.99889
0.82366
0.98973
0.99769
0.74985
0.9937
0.9336
0.86167
0.99095
0.99801
0.94579
0.94176
0.98071
0.83068
0.99951
0.91674
0.99671
0.99774
0.9911
0.96059
0.92692
1
0.99103
0.83147
0.9458
0.96386
0.83408
1
0.96875
0.9886
0.95396
0.96517
0.99207
0.97563
0.98896
0.99556
0.99584
0.90863
0.98955
0.85319
0.99991
0.99785
0.97626
0.99274
0.96578
0.82736
0.93965
0.97164
0.98632
0.88012
0.90078
0.97616
0.99275
0.88086
0.97836
0.99745
0.97774
0.97196
0.98804
0.90751
0.99597
0.98308
0.99577
0.96233
0.98759
0.99957
0.99784
0.95582
0.99835
0.97067
0.9355
0.99999
0.95691
0.99995
0.97533
0.99986
0.91006
0.92243
0.96428
0.92791
0.98772
0.97613
0.95446
0.97194
0.96252
0.88022
0.98442
0.85952
0.96452
0.9997
0.99988
0.99723
0.75758
0.99932
0.99114
0.47522
0.96908
0.98064
0.99409
0.97421
0.99773
0.94673
0.99638
0.83002
0.9961
0.94484
0.97288
0.97392
0.97636
0.95733
0.84692
0.97846
0.94009
0.81638
0.999
0.90991
0.99987
0.99577
0.96669
0.98244
0.99924
0.76433
0.9882
0.94519
0.99916
0.82833
0.85308
0.99922
0.99945
0.97162
0.99432
0.74203
0.99514
0.96285
0.99996
0.99993
0.98553
0.9944
0.96082
0.76391
0.8835
0.89287
0.9642
0.98664
0.72947
0.71208
0.95625
0.95427
0.99939
0.98053
0.9994
0.96965
0.9571
0.99933
0.97011
0.97264
0.9996
0.99766
0.85903
0.97132
0.96766
0.99818
0.9919
0.96375
0.92976
0.84925
0.98684
0.99965
0.9808
0.98349
0.90322
1
0.94379
0.97231
0.93365
0.99196
0.90137
0.99499
0.93497
0.9711
0.9951
0.94282
0.9155
0.89647
0.87424
0.94995
0.88155
0.97865
0.90438
0.97655
0.96728
0.95464
0.96191
0.97959
0.97726
0.90576
0.99683
0.95585
0.96533
0.9538
0.99961
0.99998
0.96106
0.6585
0.9927
0.99843
0.95779
0.95178
0.99952
0.91486
0.99996
0.86145
0.97895
0.92607
0.97374
0.92664
0.94737
0.95065
0.99988
0.99367
0.94411
0.99968
0.99986
0.9999
0.99078
0.91088
0.98808
0.82163
0.96368
0.9697
0.70927
0.97658
0.92956
0.89597
0.99843
0.87519
0.98069
0.89276
0.97266
0.87413
0.91919
0.91259
0.96167
0.99111
0.97407
1
0.99797
0.98015
0.90834
0.98737
0.99992
0.96634
0.97009
0.95343
0.96541
0.99168
0.97983
0.98233
0.83738
0.98734
0.98271
0.96329
0.88321
0.86634
0.99794
0.94867
0.99936
0.94025
0.97363
0.99468
0.98902
0.98193
0.99977
0.9753
0.99851
0.92238
0.67081
0.97709
0.99036
0.95951
0.99935
0.78929
0.99765
0.90365
0.90499
0.87346
0.86046
0.98058
0.9915
0.99808
0.99559
0.99477
0.96231
0.84007
0.93622
0.99253
0.97955
0.96182
0.99913
0.90643
0.75704
0.99752
0.99728
0.98259
0.92791
0.99947
0.97806
0.97431
0.97913
0.98741
0.95955
0.96507
0.95514
0.99999
0.99576
0.91798
0.99079
0.96155
0.99888
0.99395
0.83877
0.99339
0.99919
0.93679
0.86928
0.99681
0.85668
0.99808
0.98613
0.87478
0.97846
0.99417
0.99287
0.99597
0.99184
0.99999
0.96479
0.9984
0.51328
0.75912
0.93031
0.99862
0.99988
0.94405
0.99164
0.93812
0.9669
0.8523
0.80471
0.88706
0.97249
0.86077
0.92252
0.99529
0.92626
0.96216
0.97123
0.98574
0.99425
0.98284
0.99855
0.94843
0.99864
0.96529
0.84083
0.99978
0.9732
0.97372
0.81157
0.99778
0.96509
0.91278
0.99531
0.9966
0.96543
0.62707
0.99931
0.99984
0.94104
0.99919
0.9554
0.99986
0.99994
0.99658
0.99997
0.97719
0.9997
0.99368
0.99957
0.93247
0.85647
0.99544
0.9999
0.84353
0.99627
0.9968
0.97358
0.98506
0.75891
0.95034
0.90361
0.98419
0.99847
0.96851
0.93466
0.99717
0.97556
0.90219
0.88012
0.84117
0.99999
0.99424
0.79518
0.96722
0.96623
0.99333
0.99945
0.86125
0.99998
0.87257
0.88164
0.93922
0.99987
0.96244
0.97701
0.99908
0.94721
0.97273
0.89306
0.9513
0.99447
0.99006
0.99753
0.92575
0.99988
0.8723
0.92743
0.99605
0.99828
0.83875
0.9635
0.99971
0.99989
0.94129
0.99948
0.95915
0.99901
0.9987
0.98845
0.81767
0.91196
0.81328
0.99462
0.93598
0.99492
0.84913
0.9884
0.99158
0.75143
0.99936
0.95961
0.95204
0.91799
0.82944
0.91176
0.99778
0.99374
0.9411
0.9108
0.94854
0.92622
0.94721
0.96083
0.99382
0.99876
0.99745
0.98354
0.98989
0.92554
0.9501
0.97505
0.77976
0.67744
0.97387
0.99102
0.94162
0.96736
0.9997
0.99887
0.98927
0.99809
0.98996
0.94238
0.97928
0.89783
0.99941
0.9627
0.94415
0.7485
0.99954
0.99287
0.95774
0.99329
0.99997
0.80762
0.94107
0.92889
0.77603
0.99971
0.91062
0.95384
0.87196
0.95747
0.99885
0.93905
0.95976
0.99762
0.97561
0.88678
0.94098
0.98534
0.87837
0.99928
0.89798
0.99965
0.98984
0.99608
0.92856
0.99002
0.99921
0.9996
0.77325
0.92984
0.82678
0.98777
0.99418
0.9956
0.98885
0.95966
0.96735
0.99804
0.97311
0.99998
0.99873
0.88918
0.9765
0.92055
0.99984
0.99455
0.95189
0.98555
0.97935
0.85913
0.98508
0.91456
0.98705
0.94863
0.93098
0.98826
0.98192
0.92241
0.99677
0.99862
0.93633
0.90041
0.99749
0.99963
0.96192
0.92796
0.99996
0.99279
0.99285
0.98932
0.98169
0.94798
0.76446
0.87633
0.82969
0.9971
0.96203
0.91863
0.93318
0.95289
0.88094
0.98971
0.99982
0.98911
0.99993
0.99234
0.84667
0.82354
0.99993
0.96668
0.89961
0.99999
0.78609
0.82377
0.8253
0.99965
0.88822
0.99992
0.91386
0.85151
0.94572
0.88122
0.9985
0.99587
0.98533
0.99999
0.9899
0.99279
0.97761
0.99367
0.83818
0.99472
0.85165
0.95402
0.98644
0.99596
0.98389
0.96569
0.99425
0.99995
0.9974
0.89019
0.9637
0.99632
0.86695
0.92643
0.62406
0.95753
0.87401
1
0.98453
0.99999
0.98445
0.99588
0.93705
0.98732
0.84708
0.86589
0.96983
0.99911
0.90056
0.99874
0.98696
0.92843
0.98114
0.99971
0.99259
0.99938
0.88342
0.99234
0.99753
0.98978
0.99589
0.86843
0.98642
0.96883
0.99527
0.75351
0.89555
0.97844
0.94762
0.69623
0.9939
0.91443
0.98155
0.96897
0.9875
0.97529
0.78041
0.98523
0.9304
0.9668
0.96978
0.99785
0.95687
0.94727
0.98513
0.91834
0.99725
0.92539
0.98373
0.94262
0.99927
0.99935
0.97541
0.9626
0.82918
0.99928
0.99298
0.98015
0.99955
0.94272
0.70663
0.98716
0.98179
0.95711
0.99852
0.93393
0.95604
0.97222
0.95291
0.95006
0.95738
0.91533
0.86934
0.90812
0.99605
0.95758
0.97658
0.88166
0.98087
0.80873
0.92961
0.99245
0.98305
0.63988
0.99597
0.99211
0.9993
0.94437
0.99649
0.9992
0.99018
0.97995
0.98508
0.94556
0.9622
0.98817
0.9933
0.71962
0.88448
0.9977
0.99262
0.979
0.76747
0.97567
0.9152
0.96357
0.99653
0.9326
0.92063
0.99469
0.9715
0.97898
0.99591
0.99182
0.97396
0.90645
0.98531
0.97019
0.98133
0.88354
0.99163
0.95461
0.80873
0.94719
0.95813
0.90149
0.82004
0.98094
0.97184
0.92353
0.88065
0.8812
0.99977
0.82907
0.96785
0.9955
0.99907
0.97234
0.98126
0.98252
0.99485
0.97576
0.98478
0.86617
0.84691
0.99738
0.98879
0.99879
0.97252
0.99893
0.89225
0.98521
0.86744
0.97584
0.98061
0.99978
0.80564
0.9674
0.91139
0.89797
0.99765
1
0.84455
0.99868
0.94458
0.98035
0.99806
0.91241
0.97843
0.9906
0.99324
0.96736
0.99783
0.95467
0.94779
0.99995
0.92134
0.9642
0.99842
0.89855
0.9978
0.96358
0.98258
0.9957
0.83176
0.94949
0.99112
0.99739
0.94105
0.9051
0.97642
0.95566
0.99611
0.8086
0.83714
0.88674
0.99985
0.93258
0.99567
0.98341
0.99628
0.96897
0.87735
0.98317
0.98571
0.97786
0.90413
0.95832
0.98844
0.92602
0.99723
0.99212
0.97388
0.95137
0.94824
0.97196
0.99498
0.97005
0.90413
0.73314
0.81312
0.98668
0.71911
0.96429
0.96389
0.99536
0.94051
0.96036
0.58041
0.99714
0.9987
0.99474
0.85904
0.95395
0.99478
0.99897
0.961
0.97941
0.97217
0.99593
0.86929
0.96408
0.91663
0.99102
0.95991
0.94203
0.99006
0.99691
0.76057
0.95346
0.84454
0.99749
0.99942
0.97587
0.99959
0.95062
0.96798
0.99821
0.85845
0.79392
0.99606
0.90868
0.98161
0.98969
0.89877
0.95807
0.98851
0.99863
0.95132
0.96395
0.99936
0.90581
0.94884
0.98987
0.97527
0.99989
0.98974
0.97516
0.88932
0.94821
0.94901
0.7909
0.99016
0.9092
0.99956
0.80638
0.9985
0.98951
0.98937
0.96636
0.98271
0.9873
0.99157
0.99671
0.97122
0.96193
0.94549
0.95653
0.99995
0.89093
0.99786
0.88209
0.99542
0.90656
0.95077
0.93541
0.98427
0.98638
0.99941
0.99946
0.99704
0.91538
0.96875
0.92139
0.94936
0.99765
0.80743
0.95592
0.9995
0.99752
0.99973
0.93179
0.99977
0.94619
0.99998
0.99904
0.99085
0.88401
0.93086
0.89781
0.91576
0.86841
0.98535
0.95049
0.93509
0.9358
0.95189
0.78795
0.99888
0.88405
0.96302
0.96166
0.96367
0.83989
0.99877
0.98757
0.98491
0.9917
0.99726
0.99647
0.89887
0.84452
0.85758
0.99623
0.97412
0.95735
0.99844
0.99642
0.96405
0.92219
0.97351
0.93824
0.92239
0.88959
0.99766
0.92671
0.98333
0.99839
0.99891
0.67353
0.9444
0.99341
0.98901
0.96804
0.86624
0.99962
0.96898
0.98992
0.98952
0.90375
0.95641
0.97743
0.86113
0.94788
0.84055
0.97697
0.89486
0.83639
0.94044
0.99348
0.93695
0.96858
0.97689
0.92747
0.9998
0.97051
0.96471
0.99972
0.91705
0.99917
0.91637
0.99817
0.94814
0.89627
0.99811
0.99831
0.9851
0.98796
0.9869
0.85096
0.97166
0.98671
0.97502
0.99653
0.99299
0.95966
0.93132
0.99961
0.9998
0.89369
0.95899
0.99345
0.98456
0.9677
0.94482
0.97812
0.98502
0.84175
0.92525
0.92384
0.98907
0.98766
0.95842
0.77733
0.99748
0.99985
0.99961
0.95748
0.81452
0.99922
0.98716
0.97249
0.98332
0.84649
0.66196
0.99581
0.9873
0.98137
0.89625
0.98464
0.99935
0.9782
0.9788
0.97876
0.99731
0.99778
0.99854
0.93014
0.9332
0.84218
0.9324
0.99978
0.49879
0.98158
0.9964
0.94234
0.91693
0.88517
0.99099
0.99905
0.99866
0.88449
0.98982
0.99035
0.96063
0.99332
0.86556
0.96191
1
0.97331
0.9221
0.94664
0.99552
0.92829
0.87167
0.9513
0.99803
0.99386
0.99798
0.9987
0.97239
0.89948
0.87121
0.98694
0.92359
0.99038
0.92538
0.98824
0.99221
0.93256
0.89422
0.99792
0.83985
0.98052
0.84176
0.9964
0.99757
0.99262
0.99514
0.93058
0.95416
0.97567
0.9277
0.99818
0.9844
0.95589
0.87216
0.92511
0.96558
0.99982
0.97888
0.91616
0.9209
0.98592
0.97709
0.89992
0.97787
0.91646
0.98088
0.99576
0.98201
0.91274
0.92382
0.9939
0.99241
0.95908
0.92927
0.96245
0.99971
0.94647
0.97164
0.95569
0.97423
0.89791
0.98936
0.94946
0.86094
0.97653
0.96819
0.98859
0.88033
0.99843
0.83228
0.98457
0.96404
0.99255
0.99102
0.75669
0.89334
0.90616
0.95413
0.99314
0.9797
0.99417
0.97935
0.99905
0.95599
0.98659
0.9991
0.95407
0.9967
0.99773
0.98996
0.99894
0.87752
0.85158
0.99447
0.98492
0.98631
0.78727
0.99986
0.99595
0.9864
0.98666
0.91838
0.94793
0.99955
0.99874
0.96518
0.99136
0.96239
0.92927
0.98479
0.98075
1
0.99057
0.91297
0.9874
0.9973
0.98
0.95051
0.96839
0.9553
0.98184
0.92928
0.97253
0.87448
0.99327
0.83949
0.78356
0.89195
0.90244
0.99618
0.98825
0.99141
0.97468
0.90218
0.97954
0.99355
0.88273
0.88926
0.99251
0.94099
0.99998
0.94624
0.99967
0.82638
0.81355
0.99695
0.97494
0.99893
0.98873
0.95994
0.99248
0.97538
0.99997
0.96989
0.76406
0.99201
0.99399
0.93789
0.92033
0.99969
0.85859
0.99499
0.9987
0.99981
0.88002
0.92227
0.98572
0.99635
0.9862
0.90179
0.97407
0.99976
0.9257
0.98419
0.97216
0.98824
0.96727
0.999
0.98931
0.98492
0.99937
0.99826
0.93863
0.9688
0.98415
0.99955
0.90519
0.99999
0.87347
0.74341
0.91536
0.97932
0.95257
0.93767
0.86222
0.92079
0.97283
0.99659
0.96412
0.98064
0.97704
0.97305
0.89529
0.91175
0.95598
0.96568
0.97719
0.97805
0.96226
0.98085
0.95239
0.71605
0.98578
0.99503
0.98281
0.99964
0.99136
0.99448
0.99892
0.92406
0.98694
0.96009
0.96526
0.92552
0.9718
0.99982
0.90884
0.99017
0.9872
0.99228
0.9089
0.98983
0.99363
0.96831
0.99873
0.99998
0.99915
0.99966
0.9685
0.98804
0.94093
0.98837
0.87231
0.98837
0.97983
0.99843
0.87631
0.92171
0.98492
0.9478
0.86924
0.99913
0.94924
0.96923
0.8434
0.99563
0.94542
0.96304
0.962
0.91905
0.90352
0.95559
0.93496
0.99824
0.96945
0.97082
0.9849
0.99047
0.97482
0.99996
0.99867
0.84844
0.97544
0.96728
0.92462
0.94635
0.99633
0.9932
0.99989
0.82279
0.94969
0.96932
0.94749
0.92031
0.90942
0.99399
0.99995
0.96166
0.88706
0.99197
0.91939
0.97618
0.9746
0.99697
0.9977
0.97106
0.98485
0.78395
0.97865
0.99648
0.95709
0.94616
0.9969
0.80252
0.97083
0.99022
0.91637
0.92449
0.63727
0.92325
0.93215
0.99595
0.98805
0.98291
0.90719
0.99755
0.9838
0.93709
0.94604
0.9955
0.85668
0.92465
0.99317
0.90569
0.87584
0.91854
0.93871
0.84486
0.97936
0.99274
0.99196
0.99992
0.97258
0.99583
0.98431
0.99303
0.96024
0.84643
0.9842
0.95968
0.97955
0.99925
0.85462
0.93978
0.99038
0.95206
0.93277
0.89814
0.99982
1
0.95337
0.96056
0.99995
0.95401
0.94667
0.85791
0.90859
0.99093
0.99909
0.96961
0.99452
0.99074
0.94957
0.99992
0.98255
0.87035
1
0.98599
0.87697
0.91442
0.98713
0.96413
0.96134
0.99633
0.94471
0.74451
0.94548
0.99134
0.96123
0.99613
0.9463
0.9999
0.99451
0.96315
0.92543
0.96661
0.93621
0.92722
0.99353
0.87841
0.98836
0.99974
0.99115
0.99378
0.94086
0.99487
0.80194
0.97937
0.98437
0.96138
0.99933
0.9886
0.99426
0.98056
0.94178
0.99986
0.93009
0.98291
0.98688
0.98978
0.98231
0.99481
0.93697
0.93222
0.96096
0.98506
0.9983
0.97895
0.9602
0.9963
0.99904
0.80523
0.93837
0.99748
0.97859
0.98833
1
0.95654
0.93661
0.99855
0.76246
0.999
0.99987
0.99763
0.99826
0.87634
0.78404
0.99599
0.97802
0.97908
0.96956
0.99495
0.98839
0.90337
0.97735
0.91567
0.99869
0.843
0.99755
0.99909
0.99299
0.99682
0.99969
0.99964
0.99777
0.99402
0.99263
0.97327
0.99413
0.94345
0.8989
0.99907
0.92722
0.82412
0.98105
0.97858
0.83645
0.98448
0.84185
0.95451
0.84448
0.98573
0.99858
0.85675
0.99959
0.98641
0.9829
0.98072
0.99431
0.99359
0.99871
0.99847
0.99744
0.99875
0.9998
0.99075
0.99598
0.99999
0.99348
0.99691
0.878
0.69981
0.99227
0.99177
0.92351
0.75134
0.75378
0.97796
0.93341
0.91164
0.92387
0.77845
0.99998
0.9026
0.92987
0.99799
0.9409
0.98074
0.99703
0.99944
0.99502
0.99964
0.97178
0.99907
0.96191
0.93252
0.99542
0.98969
0.9011
0.90996
0.99611
0.92555
0.9662
0.98097
0.97816
0.97873
0.91866
0.9959
0.93175
0.84975
0.9963
0.92853
0.98057
0.99771
0.99701
0.89279
0.88686
0.97521
0.97767
0.98508
0.95206
0.99266
0.99957
0.90384
0.96336
0.97562
0.86423
0.95465
0.99712
0.97788
0.98675
0.98222
0.99819
0.93943
0.99945
0.99431
0.99557
0.98844
0.98815
0.99388
0.99936
0.95463
0.99983
0.9939
0.99721
0.96902
0.98792
0.97672
0.95173
0.97989
0.99961
0.96986
0.99988
0.95534
0.99997
0.99944
0.84318
0.99894
0.99924
0.84634
0.99222
0.99274
0.98335
0.99965
0.99694
0.99031
0.93997
0.92402
0.83574
0.99448
0.99945
0.86508
0.95376
0.75692
0.98033
0.96338
0.97875
0.96709
0.9701
0.94645
0.96274
0.78324
0.92214
0.99586
0.97304
0.98502
0.93842
0.99862
0.94417
0.99439
0.9991
0.99943
0.99915
0.93433
0.99872
0.99401
0.98714
0.92087
0.97947
0.96453
0.90876
0.99968
0.87882
0.9789
0.99996
0.8839
0.91128
0.99434
0.971
0.92266
0.85964
0.94961
0.86442
0.99333
0.96107
0.99903
0.99158
0.90485
0.98647
0.98377
0.99879
0.92189
0.735
0.99392
0.95689
0.99998
0.93251
0.83018
0.992
0.86421
0.98698
0.99923
0.99873
0.97265
0.90921
0.98472
0.99395
0.95759
0.98222
0.97116
0.96191
0.9998
0.99772
0.78978
0.97053
0.93895
0.97141
0.90413
0.99811
0.93133
0.88321
0.99987
0.98221
0.99358
0.85469
0.99723
0.99385
0.91537
0.99891
0.99471
0.92962
0.95952
0.98045
0.92937
0.98457
0.97141
0.97665
1
0.91438
0.84553
0.97709
0.86956
0.87982
0.93286
0.98334
0.99993
0.92494
0.8332
0.98981
0.99997
0.99972
0.99988
0.91311
0.97289
0.98826
0.61624
0.98652
0.99946
0.9998
0.97676
0.99876
0.96625
0.9998
0.96175
0.95541
0.8921
0.98686
0.99349
0.99618
0.99353
0.97068
0.99054
0.95628
0.98828
0.99222
0.98871
0.98279
0.92927
0.99842
0.81564
0.97658
0.99825
0.96172
0.94127
0.92838
0.92092
0.97803
0.91371
0.99989
0.99798
0.95817
0.69391
0.69326
0.99662
0.98433
0.98419
0.90177
0.9769
0.99359
0.99273
0.98898
1
0.80551
0.99253
0.99949
0.99854
0.99997
0.99091
0.96465
0.99225
0.99246
0.87146
0.94598
0.98674
0.95364
0.99937
0.89119
0.85995
0.98099
0.99994
0.99963
0.98987
0.98433
0.96517
0.96934
0.99826
0.99838
0.99516
0.99553
0.75267
0.85498
0.99874
0.8273
0.9678
0.99995
0.99913
0.98978
0.99585
0.96848
0.78521
0.96312
0.99616
0.99514
0.99703
0.75324
0.99521
0.74082
0.99482
0.90742
0.83772
0.93757
0.9999
0.94071
0.99861
0.93458
0.9653
0.99985
0.88829
0.99816
0.96754
0.99888
0.9991
0.99224
0.94489
0.99878
0.96612
0.98432
0.93913
0.76188
0.99643
0.93654
0.9995
0.8191
0.90959
0.86444
0.99153
0.99905
0.85633
0.99644
0.98261
0.99075
0.8822
0.98448
0.98706
0.76642
0.96007
0.96741
0.98322
0.99752
0.99934
0.99252
0.99226
0.99223
0.99877
0.93342
0.99648
0.95415
0.94582
0.99992
0.99023
0.99898
0.98613
0.93129
0.99342
0.99818
0.93264
0.99189
0.99182
0.99637
0.96515
0.9459
0.99964
0.92119
0.9615
0.93464
0.99792
0.99183
0.99653
0.99304
0.97952
0.9841
0.91578
0.97069
0.67892
0.92988
0.98257
0.92003
0.93563
0.96552
0.97617
0.99969
0.96332
0.9936
0.94699
0.99724
0.71886
0.93828
0.99905
0.92235
0.9968
0.99937
0.95463
0.97542
0.99877
0.99821
0.9385
0.94973
0.98679
0.96391
0.97034
0.99897
0.91717
0.99858
0.92678
0.98705
0.99953
0.98455
0.96154
0.95633
0.93215
0.92531
0.9926
0.96627
0.99045
0.99893
0.99765
0.97817
0.96554
0.99766
0.98845
0.83803
0.98392
0.99662
0.95788
0.99351
0.97929
0.95503
0.98949
0.88924
0.97096
0.99836
0.79263
0.91946
0.91384
0.9997
0.99975
0.98923
0.98581
0.99845
0.89181
0.96874
0.97584
0.94223
0.9972
0.78433
0.95682
0.97675
0.99992
0.99359
0.97415
0.87416
0.99979
0.93932
0.96078
0.98231
0.9471
0.8614
0.97506
0.92144
0.94236
0.95642
0.94588
0.99996
0.98724
0.9716
0.95898
0.99543
0.94825
0.99249
0.99074
0.92304
0.99189
0.99551
0.98482
0.9896
0.79214
0.99669
0.95129
0.98552
0.98838
0.99057
0.98469
0.9654
0.97669
0.98748
0.99664
0.99732
0.8676
0.93455
0.94312
0.9327
0.99469
0.99558
0.96192
0.99994
0.97533
0.99923
0.99732
0.96803
0.97606
0.98218
0.99505
0.99906
0.96994
0.95577
0.99639
0.98934
0.7817
0.96314
0.94721
0.98754
0.81029
0.9743
0.98676
0.98527
0.85515
0.98925
0.97532
0.99591
0.99037
0.88791
0.98318
0.99786
0.95043
0.96914
0.99213
0.93129
0.98445
0.99146
0.94165
0.98592
0.98417
0.92252
0.99885
0.84049
0.8758
0.97138
0.97752
0.94761
0.99948
0.98714
0.96696
0.93961
0.9976
0.88802
0.98715
0.91534
0.96372
0.99545
0.99869
0.92771
0.90285
0.93913
0.86722
0.98154
0.89147
0.99038
0.99325
0.99999
0.83972
0.99421
0.75728
0.97509
0.97275
0.99047
0.97973
0.95404
0.99258
0.96909
0.99912
0.96459
0.93657
0.87502
0.91004
0.79754
0.85502
0.98311
0.99427
0.95724
0.89836
0.79529
0.99523
0.95277
0.98743
0.99988
0.99213
0.95526
0.92771
0.99258
0.8955
0.89324
0.89416
0.94171
0.96145
0.96924
0.92835
1
0.99605
0.97909
0.97257
0.92534
0.99047
0.98956
0.87273
0.99969
0.99006
0.82074
0.7475
0.98567
0.98425
0.99221
0.84924
0.99652
0.91957
0.88564
0.99784
0.93191
0.814
0.93698
0.99986
0.99703
0.97839
0.98598
0.96321
0.99924
0.9208
0.99253
0.99725
0.99025
0.96908
0.9883
0.95117
0.95456
0.99213
0.96033
0.97121
0.99318
0.96715
0.99932
0.85095
0.98033
1
0.98173
0.93775
0.95607
0.98748
0.92509
0.90932
0.99532
0.99072
0.99795
0.95235
0.96421
0.78929
0.97797
0.99551
0.91394
0.87467
0.98861
0.99838
0.99828
0.99514
0.99982
0.9899
0.80698
0.95082
0.99915
0.99237
0.93917
0.90232
0.95743
0.9995
0.89292
0.98045
0.94526
0.8518
0.96693
0.91345
0.99883
0.84288
0.97448
0.96141
0.96649
0.92681
0.99389
0.99864
0.91785
0.94622
0.90531
0.98401
0.9866
0.99635
0.86164
0.99998
0.99752
0.96381
0.98537
0.97495
0.94163
0.99973
0.95045
0.97894
0.83594
0.93349
0.93982
0.99557
0.9944
0.99851
0.94454
0.84205
0.97852
0.99835
0.97656
0.99747
0.94967
0.97163
0.98829
0.95579
0.99987
0.99961
0.99449
0.89394
0.97321
0.95625
0.99978
0.95504
0.99992
