0.77647
0.68987
0.00075069
0.099977
0.97704
0.46191
0.36195
0.9442
0.91397
0.32927
0.66436
0.74318
0.27013
0.33809
0.78118
0.056642
0.90625
0.38325
0.052802
0.013336
0.77457
0.29853
0.27097
0.31957
0.46468
0.37215
0.78947
0.7361
0.53141
0.057629
0.16524
0.91818
0.016863
0.33713
0.73253
0.80482
0.32008
0.85958
0.040854
0.61084
0.52721
0.25716
0.83555
0.077402
0.85213
0.67
0.16206
0.019357
0.78075
0.90762
0.1348
0.61617
0.6019
0.60983
0.07175
0.61141
0.64145
0.73021
0.9934
0.066565
0.11055
0.60247
0.85738
0.26888
0.96738
0.31564
0.54568
0.39516
0.1488
0.80793
0.37595
0.54898
0.90181
0.2722
0.053458
0.40149
0.59953
0.65899
0.29572
0.79091
0.39367
0.95242
0.91954
0.6845
0.78016
0.1666
0.049905
0.061329
0.87013
0.61633
0.53441
0.9153
0.64991
0.54082
0.87656
0.54092
0.71657
0.74684
0.3548
0.89718
0.89711
0.71063
0.75694
0.52879
0.4362
0.70848
0.56401
0.4475
0.64155
0.79317
0.65663
0.7612
0.69974
0.78654
0.82013
0.24366
0.80798
0.67481
0.62563
0.28696
0.99111
0.011006
0.14342
0.93248
0.14329
0.3939
0.63033
0.64624
0.99825
0.43407
0.90184
0.69324
0.98887
0.96103
0.61575
0.24682
0.78836
0.10312
0.28864
0.88142
0.69277
0.90928
0.80837
0.70036
0.85045
0.037435
0.91901
0.78714
0.87744
0.46419
0.44613
0.171
0.04152
0.35167
0.70403
0.67312
0.35199
0.54091
0.12772
0.33499
0.755
0.25049
0.52809
0.51138
0.49558
0.42222
0.016537
0.7134
0.3592
0.95433
0.36442
0.69745
0.7533
0.2233
0.96484
0.43029
0.12984
0.18468
0.37607
0.55949
0.37729
0.23904
0.78155
0.42032
0.65476
0.038271
0.30637
0.75502
0.76164
0.59375
0.35146
0.2783
0.92104
0.12317
0.72596
0.9121
0.94212
0.33347
0.90634
0.88747
0.93883
0.029322
0.58776
0.095473
0.47863
0.67283
0.081351
0.49828
0.53736
0.14378
0.18128
0.63697
0.96837
0.69776
0.061308
0.46498
0.77165
0.90905
0.7398
0.88816
0.71717
0.41026
0.94707
0.87268
0.59516
0.74461
0.2522
0.39645
0.27557
0.75298
0.45474
0.80928
0.35193
0.13252
0.0050203
0.073205
0.93197
0.84208
0.66868
0.092115
0.46681
0.89948
0.53208
0.34797
0.44114
0.80551
0.96225
0.26741
0.047303
0.53303
0.61623
0.86592
0.81129
0.34356
0.18004
0.17431
0.73642
0.81483
0.9826
0.23905
0.97591
0.64344
0.69305
0.03382
0.62239
0.4962
0.92575
0.88329
0.43226
0.26293
0.97897
0.72161
0.52415
0.97903
0.23292
0.61603
0.99315
0.44858
0.52971
0.99935
0.77063
0.68692
0.23338
0.26845
0.19123
0.49592
0.77798
0.3661
0.055816
0.37941
0.83092
0.11135
0.869
0.20857
0.39157
0.8964
0.69538
0.21182
0.81588
0.79233
0.36328
0.26129
0.0064968
0.16688
0.82042
0.49957
0.80329
0.94309
0.38354
0.31996
0.48785
0.75609
0.51023
0.65208
0.6367
0.1269
0.1346
0.99041
0.32612
0.91698
0.011466
0.45399
0.53075
0.19176
0.67164
0.60879
0.034287
0.30846
0.74802
0.15684
0.13468
0.48565
0.41798
0.1693
0.38786
0.12076
0.79606
0.86858
0.17376
0.12495
0.18308
0.086694
0.18885
0.40044
0.65886
0.071874
0.76234
0.086986
0.66906
0.85553
0.50351
0.19167
0.39701
0.082026
0.77955
0.757
0.54683
0.82814
0.81297
0.9927
0.31491
0.59503
0.89648
0.91954
0.8764
0.96797
0.70923
0.52781
0.23153
0.38762
0.96203
0.87774
0.19387
0.83226
0.61887
0.66072
0.25717
0.78062
0.93273
0.57186
0.482
0.98823
0.52757
0.28606
0.010428
0.69037
0.779
0.58794
0.87443
0.46957
0.48348
0.11359
0.93096
0.58288
0.25095
0.3543
0.83023
0.78295
0.86147
0.36529
0.93324
0.76989
0.18348
0.18121
0.23363
0.98706
0.18807
0.13911
0.22802
0.91402
0.9746
0.89376
0.34529
0.76846
0.28799
0.47431
0.27812
0.37235
0.85995
0.34384
0.035386
0.39638
0.88616
0.69939
0.32331
0.88728
0.53272
0.07137
0.17193
0.30343
0.42162
0.60544
0.32547
0.36949
0.63699
0.32665
0.50577
0.67557
0.80246
0.72471
0.78507
0.20736
0.93571
0.9353
0.018874
0.80966
0.75154
0.1619
0.73259
0.9649
0.79009
0.65166
0.72966
0.97774
0.34373
0.52541
0.23271
0.05008
0.97294
0.81613
0.36885
0.28585
0.87746
0.080271
0.89673
0.19395
0.81272
0.21011
0.26389
0.45994
0.8099
0.75316
0.70228
0.14018
0.32253
0.005467
0.87947
0.40842
0.085236
0.30956
0.58868
0.31985
0.88619
0.74893
0.52943
0.84035
0.37792
0.3811
0.38721
0.11291
0.14397
0.61134
0.33317
0.83421
0.70498
0.37131
0.65518
0.56301
0.74984
0.47236
0.76438
0.54712
0.77147
0.059404
0.65392
0.90679
0.54591
0.8533
0.095641
0.11451
0.91294
0.67375
0.12739
0.65032
0.19854
0.20402
0.76929
0.20612
0.6478
0.084899
0.050173
0.77209
0.015091
0.53766
0.60385
0.68135
0.46739
0.86965
0.518
0.78384
0.6459
0.39716
0.75833
0.39459
0.60205
0.59093
0.052288
0.42158
0.73178
0.76119
0.64969
0.54944
0.16148
0.47876
0.52438
0.89009
0.68771
0.38485
0.37564
0.60093
0.84451
0.32562
0.42286
0.47307
0.66331
0.95511
0.41894
0.24162
0.063977
0.35156
0.27666
0.24099
0.4197
0.51916
0.38941
0.91157
0.025534
0.53551
0.52661
0.081646
0.89665
0.93324
0.40023
0.96021
0.6895
0.57926
0.31033
0.5938
0.79031
0.21544
0.32268
0.30175
0.55004
0.94135
0.96813
0.57311
0.85888
0.89146
0.70589
0.21726
0.79635
0.81175
0.24352
0.49601
0.89936
0.84294
0.41438
0.039064
0.48949
0.38291
0.9683
0.16405
0.04506
0.4705
0.78914
0.87927
0.5653
0.028237
0.88172
0.62997
0.9386
0.95332
0.36059
0.59458
0.11961
0.13307
0.87253
0.15424
0.64609
0.63351
0.21495
0.51542
0.50372
0.51223
0.51386
0.23899
0.86882
0.80107
0.85477
0.82343
0.87808
0.59688
0.45854
0.48271
0.5662
0.82777
0.05023
0.43946
0.99728
0.98031
0.41508
0.75982
0.60406
0.11075
0.52421
0.38783
0.49152
0.69011
0.68925
0.62921
0.89841
0.5456
0.50456
0.22862
0.95155
0.78757
0.55939
0.97464
0.43071
0.37604
0.015989
0.95837
0.45813
0.5556
0.16559
0.52431
0.3386
0.92942
0.010026
0.38151
0.90194
0.70686
0.13004
0.89381
0.44852
0.4601
0.29874
0.57719
0.36264
0.34576
0.4832
0.85595
0.71652
0.0070408
0.54866
0.074119
0.17904
0.75191
0.62616
0.74857
0.024662
0.22618
0.36208
0.12967
0.14006
0.88526
0.29654
0.75265
0.73894
0.07213
0.045689
0.92978
0.14575
0.56823
0.7016
0.72689
0.65411
0.38074
0.40343
0.54134
0.48379
0.22103
0.97761
0.26858
0.21002
0.61721
0.34701
0.66375
0.37823
0.29024
0.020064
0.35382
0.24384
0.9525
0.32328
0.25289
0.59311
0.68477
0.83405
0.2987
0.1074
0.72674
0.8332
0.86327
0.98025
0.66726
0.13288
0.56168
0.41887
0.11208
0.13357
0.4932
0.33785
0.5717
0.057272
0.47563
0.73133
0.26581
0.061349
0.76182
0.1809
0.031745
0.92386
0.52672
0.29632
0.17204
0.089469
0.20907
0.31407
0.4823
0.69434
0.78224
0.7494
0.6878
0.12041
0.54079
0.68725
0.40941
0.9832
0.90337
0.3112
0.87601
0.66554
0.24579
0.44544
0.4045
0.85076
0.96555
0.56001
0.63426
0.53481
0.48564
0.4102
0.49719
0.92264
0.027246
0.62751
0.66421
0.2603
0.10124
0.57072
0.023014
0.81556
0.23901
0.077101
0.43843
0.85351
0.45704
0.21533
0.52353
0.31251
0.053476
0.27136
0.45068
0.4911
0.15219
0.0077807
0.93062
0.37293
0.70024
0.93898
0.55771
0.70119
0.72769
0.73988
0.99564
0.88273
0.92931
0.31562
0.20024
0.4279
0.91531
0.93131
0.67275
0.28719
0.47199
0.79745
0.68573
0.77242
0.42286
0.10281
0.92796
0.7787
0.45567
0.61312
0.43857
0.86192
0.99215
0.90371
0.67156
0.62178
0.72734
0.36723
0.75861
0.87067
0.27083
0.49836
0.5896
0.9501
0.31415
0.51001
0.8051
0.11199
0.71658
0.19543
0.76225
0.68617
0.49923
0.52268
0.73286
0.4844
0.46169
0.22848
0.82077
0.86539
0.098215
0.77706
0.91924
0.041765
0.093722
0.11686
0.076021
0.072883
0.28019
0.74922
0.48568
0.31595
0.67181
0.22401
0.85392
0.28699
0.3904
0.70298
0.03258
0.93046
0.20176
0.7194
0.44812
0.071471
0.73178
0.24994
0.19484
0.045016
0.74345
0.29099
0.026344
0.62603
0.42426
0.71805
0.45071
0.96841
0.14483
0.64107
0.050323
0.03628
0.94457
0.84737
0.5801
0.1993
0.2481
0.77459
0.28176
0.12567
0.6086
0.49111
0.061331
0.29817
0.26801
0.23302
0.48934
0.99348
0.60419
0.52939
0.75927
0.38294
0.71738
0.046478
0.098397
0.56671
0.36953
0.96815
0.57563
0.76866
0.58097
0.9406
0.85838
0.16842
0.45206
0.19428
0.88044
0.80194
0.68664
0.21111
0.21454
0.45107
0.35226
0.52616
0.02538
0.87308
0.75349
0.32675
0.060614
0.58034
0.78844
0.87907
0.74395
0.39891
0.21347
0.27918
0.76557
0.66274
0.32905
0.35344
0.74188
0.084136
0.66938
0.58307
0.76995
0.21754
0.88344
0.15486
0.70823
0.26231
0.40655
0.19323
0.91638
0.31302
0.010551
0.52772
0.52816
0.52927
0.036754
0.9932
0.65776
0.19592
0.35681
0.85462
0.72444
0.23486
0.80543
0.79071
0.51744
0.96869
0.80223
0.031916
0.65984
0.52661
0.75643
0.78536
0.71161
0.91498
0.26798
0.80931
0.73357
0.82163
0.029914
0.12364
0.87784
0.8555
0.43123
0.33832
0.55585
0.19976
0.53479
0.72763
0.39575
0.72645
0.088143
0.8452
0.52248
0.31393
0.4394
0.48388
0.34355
0.73864
0.77274
0.22678
0.14654
0.037181
0.46941
0.9935
0.31936
0.95388
0.61799
0.53047
0.38437
0.43915
0.57271
0.70981
0.30277
0.53407
0.66394
0.90433
0.58827
0.74544
0.59659
0.12704
0.86652
0.82489
0.54285
0.2323
0.55691
0.99885
0.8509
0.69713
0.9141
0.26928
0.94946
0.84993
0.21809
0.45858
0.22254
0.092717
0.89372
0.64204
0.14191
0.34149
0.53233
0.73426
0.58729
0.63772
0.55809
0.16
0.69257
0.74912
0.40929
0.79104
0.99117
0.91776
0.19955
0.43615
0.66177
0.19873
0.29711
0.18323
0.14582
0.4274
0.79762
0.094301
0.80211
0.60453
0.47859
0.51726
0.44354
0.61776
0.22608
0.84027
0.89938
0.98951
0.031411
0.93673
0.91635
0.89349
0.024997
0.016191
0.63439
0.63074
0.23361
0.43968
0.46026
0.78234
0.99401
0.47351
0.86846
0.27166
0.73461
0.70916
0.0034651
0.72077
0.80224
0.21223
0.58266
0.052524
0.49012
0.40487
0.055493
0.97436
0.73873
0.74026
0.10175
0.79862
0.85906
0.83958
0.66301
0.90773
0.28931
0.026312
0.27117
0.25597
0.27442
0.86361
0.14374
0.66152
0.73875
0.41319
0.76514
0.37793
0.7404
0.34358
0.87744
0.44664
0.62368
0.36709
0.77502
0.51225
0.91493
0.79707
0.67048
0.57202
0.33995
0.92119
0.3301
0.86458
0.67291
0.46598
0.43104
0.71104
0.63725
0.25242
0.0063573
0.9478
0.50761
0.98906
0.95793
0.30248
0.060371
0.21175
0.8738
0.68816
0.17197
0.78243
0.94216
0.41827
0.039317
0.7682
0.043071
0.90525
0.61618
0.33309
0.90455
0.45673
0.36996
0.68701
0.19878
0.51593
0.36689
0.86518
0.034965
0.045665
0.013972
0.86193
0.065362
0.64392
0.73724
0.75514
0.18237
0.37338
0.80102
0.059761
0.03157
0.34222
0.59969
0.733
0.65551
0.61885
0.86088
0.30486
0.065121
0.65195
0.49842
0.079603
0.95795
0.3342
0.65233
0.35269
0.022122
0.39311
0.17645
0.26852
0.46141
0.17144
0.7593
0.30681
0.35405
0.069421
0.77778
0.63253
0.15927
0.33183
0.44095
0.97879
0.51406
0.40963
0.84042
0.10758
0.26863
0.48659
0.39265
0.77982
0.035106
0.84049
0.50981
0.64219
0.31923
0.80133
0.55268
0.7897
0.25711
0.12648
0.26649
0.77994
0.91346
0.20671
0.053517
0.20721
0.26188
0.69015
0.25962
0.98554
0.677
0.17545
0.17674
0.056554
0.31773
0.065553
0.15795
0.89163
0.65231
0.79602
0.23367
0.74864
0.035789
0.71553
0.40546
0.55052
0.14698
0.7673
0.091884
0.63337
0.92591
0.21511
0.26863
0.2894
0.87255
0.69153
0.13292
0.68957
0.23781
0.39176
0.16579
0.18628
0.18953
0.59784
0.78338
0.13537
0.1138
0.16554
0.49488
0.19762
0.32204
0.8514
0.60311
0.37918
0.64353
0.41475
0.18809
0.34081
0.94278
0.57011
0.72043
0.1205
0.19311
0.86959
0.79569
0.70291
0.68415
0.42915
0.94701
0.64493
0.46727
0.27335
0.24825
0.99077
0.82345
0.73939
0.95607
0.13451
0.14875
0.73812
0.88688
0.55779
0.85097
0.12312
0.55914
0.10197
0.26599
0.044442
0.88978
0.32118
0.37707
0.010297
0.072552
0.22879
0.44606
0.38681
0.46193
0.73797
0.72082
0.56556
0.10322
0.32176
0.67123
0.22895
0.95063
0.24062
0.99173
0.43696
0.87428
0.9954
0.76514
0.18776
0.98272
0.65969
0.056196
0.99745
0.90698
0.69665
0.7102
0.43486
0.48312
0.8814
0.6437
0.90911
0.9089
0.80984
0.95461
0.15385
0.25723
0.49186
0.55126
0.84496
0.75307
0.7137
0.84445
0.92669
0.29992
0.43776
0.94513
0.69698
0.08574
0.51332
0.77493
0.088489
0.20011
0.078548
0.72218
0.95924
0.11601
0.53598
0.20218
0.66324
0.88571
0.20796
0.059498
0.7529
0.47249
0.58376
0.71418
0.8126
0.090841
0.75181
0.90909
0.74395
0.66795
0.16851
0.94732
0.035104
0.78503
0.84674
0.10073
0.056108
0.37643
0.6161
0.80274
0.28349
0.66909
0.41027
0.28966
0.9824
0.86232
0.44648
0.43169
0.73262
0.73581
0.69363
0.74815
0.52479
0.032227
0.59815
0.21725
0.35851
0.13805
0.39654
0.93883
0.024276
0.19408
0.96978
0.5306
0.021436
0.63101
0.51978
0.36799
0.98703
0.27816
0.69466
0.53936
0.52386
0.11601
0.43781
0.86696
0.44144
0.11164
0.46872
0.049698
0.67531
0.76191
0.64335
0.19299
0.79602
0.63044
0.34463
0.67002
0.43073
0.75697
0.066035
0.092185
0.45566
0.088894
0.30721
0.0047081
0.19121
0.59191
0.9081
0.84822
0.41282
0.53096
0.55843
0.50025
0.56722
0.023984
0.052473
0.41395
0.83127
0.45399
0.91052
0.35503
0.97534
0.17109
0.06212
0.73533
0.58764
0.7723
0.096137
0.71478
0.90672
0.25804
0.95897
0.77552
0.83696
0.63266
0.82818
0.01509
0.33696
0.9229
0.60956
0.42832
0.63308
0.36123
0.81384
0.64568
0.72866
0.40886
0.91981
0.15098
0.082796
0.094122
0.17924
0.45869
0.91574
0.56637
0.20529
0.96182
0.91384
0.99427
0.20671
0.77931
0.42718
0.64759
0.25164
0.2489
0.070538
0.27007
0.4313
0.83225
0.51261
0.0052788
0.70079
0.14987
0.85496
0.62641
0.21339
0.055651
0.35113
0.9623
0.95928
0.72841
0.70081
0.18947
0.11529
0.90908
0.15524
0.53378
0.88701
0.75642
0.6143
0.71754
0.88959
0.95457
0.95051
0.70891
0.85628
0.57983
0.55102
0.83463
0.2338
0.034181
0.81111
0.48392
0.59182
0.72527
0.48111
0.6448
0.56056
0.25464
0.67194
0.78027
0.54943
0.64551
0.80055
0.15793
0.043864
0.42218
0.18056
0.16174
0.73761
0.7488
0.50135
0.04232
0.19044
0.79781
0.26682
0.96626
0.12048
0.087322
0.45617
0.77711
0.57487
0.80301
0.023324
0.15678
0.12217
0.57599
0.26126
0.94601
0.58131
0.85461
0.74155
0.34521
0.24807
0.81433
0.14231
0.77701
0.39558
0.017116
0.91817
0.21605
0.067498
0.75192
0.89448
0.28446
0.97518
0.90993
0.82479
0.18977
0.38151
0.51805
0.31048
0.66783
0.15821
0.41075
0.096974
0.19829
0.92365
0.14451
0.18953
0.4004
0.71314
0.31218
0.91844
0.55972
0.99095
0.2167
0.20417
0.20298
0.2081
0.62608
0.25615
0.033598
0.21915
0.072496
0.075412
0.89852
0.97985
0.26697
0.0088324
0.8
0.92003
0.96547
0.44035
0.83766
0.53431
0.90161
0.17992
0.97663
0.46457
0.9349
0.52001
0.81966
0.18101
0.46975
0.5091
0.77029
0.20466
0.73431
0.10317
0.33698
0.27589
0.11387
0.52912
0.76863
0.76232
0.49569
0.39008
0.31922
0.32869
0.074968
0.34556
0.65905
0.28456
0.45173
0.39023
0.2353
0.45916
0.18582
0.47023
0.37486
0.7647
0.57688
0.033168
0.47989
0.40914
0.92165
0.31593
0.99448
0.30215
0.09033
0.091487
0.36403
0.54905
0.89822
0.45358
0.24697
0.33933
0.020684
0.66805
0.87195
0.78326
0.3996
0.36249
0.86533
0.62726
0.68821
0.79493
0.41421
0.12173
0.86706
0.24697
0.076639
0.020652
0.081234
0.74228
0.4956
0.57894
0.085846
0.97314
0.17761
0.036922
0.66864
0.49732
0.91372
0.94051
0.91764
0.0086784
0.37392
0.77829
0.98475
0.51678
0.50768
0.75401
0.32339
0.37581
0.29618
0.12393
0.13784
0.36531
0.03643
0.9836
0.58369
0.78908
0.47692
0.72059
0.2355
0.1754
0.37092
0.50946
0.18769
0.16487
0.89943
0.086276
0.34936
0.38481
0.94585
0.40486
0.73893
0.1501
0.73842
0.87414
0.43284
0.50678
0.17945
0.1591
0.67961
0.69157
0.56706
0.26009
0.97892
0.44411
0.35443
0.11806
0.73951
0.85062
0.056184
0.4394
0.65072
0.59897
0.90852
0.41538
0.85763
0.47686
0.22157
0.34157
0.65843
0.9946
0.38053
0.3116
0.43159
0.15593
0.25125
0.77526
0.68659
0.689
0.14755
0.051998
0.38355
0.18061
0.10883
0.84956
0.90032
0.89893
0.26341
0.98273
0.36719
0.88466
0.38096
0.26879
0.8981
0.099495
0.77408
0.4998
0.73134
0.56651
0.3429
0.56785
0.95482
0.94382
0.082547
0.66861
0.67854
0.74765
0.59093
0.17699
0.20982
0.68488
0.29504
0.68776
0.83
0.05168
0.087564
0.67881
0.47542
0.059662
0.18799
0.4527
0.25033
0.38584
0.82373
0.68043
0.73928
0.762
0.15837
0.28225
0.52486
0.71349
0.11673
0.3492
0.2803
0.18058
0.22494
0.47934
0.69755
0.69466
0.34417
0.98438
0.73829
0.70174
0.11761
0.43136
0.082292
0.68166
0.60828
0.30768
0.27663
0.12598
0.5375
0.79414
0.66166
0.24114
0.34347
0.41291
0.93067
0.79448
0.854
0.75309
0.30877
0.34351
0.28408
0.72779
0.60286
0.6116
0.31472
0.58382
0.56281
0.010381
0.81587
0.489
0.65118
0.016124
0.73776
0.53923
0.53326
0.90874
0.15478
0.23059
0.31077
0.52338
0.13036
0.84987
0.076593
0.28394
0.063915
0.59201
0.085465
0.828
0.65512
0.058194
0.60807
0.41591
0.23213
0.47061
0.83127
0.01996
0.31715
0.077169
0.36274
0.14615
0.24217
0.87821
0.27775
0.77773
0.67425
0.90868
0.15166
0.22624
0.45129
0.71105
0.85878
0.23842
0.55493
0.92536
0.69896
0.34445
0.76802
0.85992
0.69199
0.64287
0.56852
0.11326
0.68724
0.87596
0.57895
0.86201
0.15256
0.09163
0.98398
0.061112
0.29272
0.2265
0.89992
0.9437
0.61992
0.28064
0.41774
0.57806
0.58119
0.9279
0.82768
0.23197
0.60201
0.46238
0.3041
0.85973
0.25895
0.0018114
0.30128
0.3702
0.29265
0.26926
0.92718
0.3968
0.54817
0.12499
0.18834
0.47867
0.76179
0.25716
0.11798
0.54698
0.61491
0.38297
0.97613
0.0015253
0.63192
0.68446
0.42807
0.96279
0.70153
0.77489
0.94644
0.84734
0.93787
0.93446
0.68537
0.30351
0.089137
0.75891
0.71556
0.14926
0.85413
0.21814
0.42229
0.44997
0.60335
0.42703
0.59866
0.93459
0.092756
0.54083
0.81032
0.24927
0.54622
0.5466
0.95215
0.60014
0.97471
0.74485
0.8679
0.26895
0.30391
0.64097
0.21826
0.79589
0.58873
0.63215
0.044103
0.084141
0.98755
0.8346
0.24148
0.17923
0.22396
0.66288
0.22194
0.00093497
0.0592
0.74703
0.94176
0.082668
0.44885
0.28706
0.040085
0.46079
0.78478
0.74366
0.48042
0.30747
0.083559
0.96852
0.43854
0.73449
0.11914
0.36891
0.90417
0.17036
0.2418
0.11887
0.98238
0.88154
0.96526
0.14519
0.013067
0.18594
0.61557
0.89679
0.43026
0.94988
0.57929
0.21353
0.066237
0.79707
0.23447
0.036278
0.016775
0.59387
0.95792
0.39158
0.1984
0.49621
0.20118
0.17534
0.97141
0.92257
0.62528
0.23404
0.80104
0.52115
0.98731
0.80802
0.82017
0.33851
0.013371
0.16076
0.54289
0.38653
0.085135
0.77186
0.80175
0.84268
0.18091
0.51738
0.037738
0.36148
0.83048
0.74943
0.54134
0.76574
0.15555
0.63349
0.31339
0.89916
0.71885
0.65584
0.59154
0.14897
0.10338
0.87445
0.96687
0.68043
0.5929
0.40069
0.76169
0.38044
0.94766
0.0055668
0.32048
0.22632
0.62275
0.30108
0.17526
0.93502
0.52194
0.61117
0.36681
0.83018
0.51782
0.90017
0.023847
0.67231
0.24587
0.39227
0.75941
0.46771
0.1773
0.011637
0.99036
0.13085
0.73074
0.70296
0.32386
0.26597
0.6764
0.96713
0.57436
0.1417
0.91748
0.2071
0.75073
0.5974
0.75566
0.54909
0.17488
0.86802
0.018162
0.066122
0.32547
0.07414
0.16687
0.08666
0.094351
0.97391
0.4611
0.61594
0.64042
0.40537
0.68787
0.32711
0.40823
0.8043
0.14923
0.28948
0.72003
0.52766
0.32331
0.29058
0.7154
0.83873
0.48926
0.73762
0.080158
0.28361
0.12701
0.31912
0.85206
0.91762
0.16508
0.73414
0.55896
0.31055
0.24002
0.3739
0.49525
0.82456
0.90002
0.20398
0.95419
0.43183
0.011993
0.80462
0.74754
0.72567
0.25533
0.50202
0.86682
0.47585
0.78346
0.13495
0.89573
0.43336
0.004635
0.20485
0.54384
0.10053
0.097091
0.088001
0.18697
0.63995
0.76556
0.58979
0.82769
0.80745
0.75621
0.70891
0.17489
0.16146
0.38169
0.070994
0.79424
0.59344
0.084517
0.37156
0.073321
0.84217
0.93654
8.4151e-005
0.1372
0.16001
0.94334
0.18412
0.59145
0.58509
0.98052
0.59024
0.31536
0.055238
0.94827
0.13347
0.1668
0.21023
0.030517
0.46878
0.83201
0.93503
0.9607
0.019326
0.77648
0.41614
0.62382
0.42335
0.12695
0.08335
0.87512
0.054714
0.19324
0.90332
0.62303
0.2293
0.13666
0.25881
0.76853
0.89308
0.9379
0.14384
0.63421
0.52253
0.9153
0.52385
0.59126
0.19262
0.062868
0.87151
0.61175
0.87401
0.93109
0.069093
0.27753
0.55916
0.38845
0.20045
0.83832
0.065799
0.3123
0.86181
0.31708
0.27838
0.12819
0.28214
0.059034
0.87172
0.11486
0.072818
0.91284
0.20629
0.93214
0.088713
0.087418
0.84971
0.16829
0.76946
0.040225
0.087971
0.36139
0.74593
0.75611
0.64393
0.042362
0.79231
0.33349
0.16386
0.63845
0.38011
0.90618
0.16247
0.44766
0.89457
0.46277
0.58899
0.66989
0.34365
0.39342
0.18553
0.15529
0.46622
0.61546
0.86965
0.09294
0.94493
0.42759
0.32205
0.82568
0.67456
0.71903
0.53621
0.33168
0.82858
0.68134
0.50976
0.19864
0.51279
0.046334
0.4838
0.69525
0.18622
0.98181
0.33288
0.11097
0.20847
0.96825
0.39728
0.18685
0.4473
0.047271
0.13248
0.86283
0.21099
0.3295
0.63922
0.68879
0.58384
0.16015
0.10094
0.56287
0.26861
0.24098
0.10702
0.016689
0.26884
0.28703
0.39531
0.76502
0.76252
0.095439
0.84088
0.43243
0.48518
0.72238
0.89497
0.6045
0.24314
0.38165
0.87376
0.52698
0.15758
0.094428
0.061644
0.13178
0.32903
0.29947
0.61495
0.41153
0.92825
0.3594
0.90488
0.95731
0.90766
0.67255
0.76886
0.519
0.34654
0.20687
0.060304
0.40888
0.88824
0.97759
0.68703
0.64509
0.10908
0.7742
0.25657
0.52601
0.22617
0.98329
0.59442
0.20141
0.52811
0.99154
0.68298
0.011708
0.60762
0.25994
0.56222
0.41159
0.98824
0.5668
0.39051
0.18218
0.20499
0.29762
0.31877
0.28343
0.05687
0.75415
0.0068373
0.045478
0.62217
0.93745
0.33604
0.14551
0.19845
0.49372
0.52484
0.6644
0.6831
0.18787
0.45661
0.76823
0.29765
0.53231
0.50554
0.98054
0.9634
0.55435
0.23852
0.93231
0.77269
0.49094
0.76086
0.56542
0.01247
0.89497
0.43565
0.42768
0.28943
0.5287
0.25395
0.82373
0.5434
0.41325
0.31239
0.89328
0.67868
0.32734
0.84094
0.99381
0.56112
0.43383
0.78935
0.92843
0.94646
0.81748
0.74966
0.74503
0.33808
0.11164
0.88746
0.57711
0.44222
0.69467
0.024906
0.7241
0.86125
0.66964
0.1913
0.12768
0.74964
0.31707
0.67124
0.74398
0.048704
0.95153
0.60291
0.74674
0.28433
0.80624
0.68494
0.98646
0.60361
0.36956
0.024994
0.35026
0.063527
0.9786
0.95496
0.46922
0.65895
0.6335
0.025277
0.43906
0.11247
0.68487
0.49068
0.38791
0.57774
0.18107
0.22573
0.0091575
0.13626
0.31944
0.27426
0.6462
0.72497
0.05882
0.94817
0.090548
0.40178
0.90686
0.84538
0.40261
0.67813
0.2592
0.72466
0.59651
0.56086
0.42451
0.37548
0.537
0.58694
0.68329
0.25955
0.86857
0.11014
0.44561
0.33024
0.024109
0.44847
0.89049
0.15709
0.47838
0.69197
0.72793
0.33686
0.14252
0.34607
0.40989
0.97467
0.47439
0.93696
0.7181
0.80557
0.12945
0.4514
0.63458
0.073044
0.82969
0.31281
0.80255
0.79366
0.17652
0.26114
0.18017
0.092012
0.075917
0.29168
0.40706
0.054117
0.65051
0.58021
0.56623
0.64836
0.17501
0.73417
0.92959
0.34933
0.71198
0.92801
0.3659
0.25709
0.846
0.4855
0.50997
0.87486
0.29762
0.17033
0.0056256
0.40751
0.027847
0.3781
0.82674
0.34693
0.10796
0.27826
0.97607
0.69236
0.38447
0.019538
0.8811
0.65569
0.53939
0.16664
0.69922
0.36682
0.32387
0.68318
0.82402
0.68633
0.84919
0.22999
0.25167
0.54793
0.32853
0.7078
0.7309
0.1966
0.96976
0.30226
0.92894
0.019905
0.33731
0.95419
0.64571
0.78902
0.56847
0.009071
0.69443
0.023113
0.81923
0.53431
0.2719
0.2227
0.99411
0.67056
0.45094
0.93044
0.87279
0.64113
0.030565
0.050415
0.57843
0.13766
0.10957
0.38708
0.78537
0.42804
0.71279
0.75556
0.6938
0.92384
0.72298
0.97917
0.57888
0.41621
0.39851
0.36503
0.53914
0.5902
0.54207
0.51119
0.19517
0.77259
0.97886
0.43219
0.5829
0.45521
0.98388
0.90612
0.98051
0.47829
0.80245
0.018297
0.3581
0.74565
0.41418
0.38163
0.92181
0.85237
0.47216
0.77297
0.31725
0.044075
0.062034
0.52325
0.37383
0.95577
0.74591
0.12603
0.19925
0.74218
0.85188
0.14482
0.13455
0.67582
0.9913
0.26238
0.46823
0.63876
0.77772
0.10962
0.091321
0.79674
0.29161
0.18912
0.37686
0.16431
0.49009
0.39353
0.8896
0.23368
0.62632
0.68075
0.30927
0.84185
0.025169
0.19832
0.12242
0.96145
0.32715
0.94515
0.90328
0.65189
0.024519
0.93683
0.71073
0.16715
0.51675
0.26964
0.81767
0.006697
0.20354
0.23654
0.32901
0.89839
0.77043
0.41943
0.81899
0.12381
0.0076277
0.68897
0.083212
0.19206
0.54477
0.18986
0.21932
0.65913
0.81306
0.23127
0.57872
0.091328
0.41583
0.10594
0.47698
0.11709
0.87899
0.61893
0.36394
0.13358
0.13167
0.27567
0.24515
0.88393
0.12844
0.93183
0.86296
0.23066
0.49025
0.69231
0.70968
0.42153
0.059532
0.58736
0.62425
0.61196
0.19616
0.75819
0.82658
0.28753
0.1136
0.82003
0.90778
0.54996
0.75801
0.34676
0.94305
0.4768
0.8413
0.9564
0.23014
0.71878
0.80141
0.22874
0.76547
0.97643
0.40658
0.77993
0.64117
0.8116
0.67358
0.16926
0.55384
0.71228
0.48028
0.41414
0.51751
0.49509
0.43848
0.5887
0.38661
0.56835
0.36032
0.66263
0.13414
0.36656
0.082627
0.35405
0.19925
0.48238
0.32257
0.15152
0.97044
0.0029327
0.99694
0.54338
0.87647
0.32955
0.34762
0.69986
0.65565
0.49756
0.7081
0.68578
0.5657
0.87176
0.26471
0.91659
0.35894
0.2804
0.037104
0.26824
0.66266
0.19497
0.79064
0.73137
0.9646
0.54215
0.66836
0.49517
0.31744
0.52743
0.81776
0.16986
0.22438
0.40972
0.52453
0.66904
0.75186
0.55136
0.78237
0.94744
0.35781
0.45719
0.18561
0.96351
0.98309
0.93286
0.13943
0.765
0.40667
0.81148
0.53093
0.86022
0.32496
0.211
0.55625
0.56008
0.88208
0.26549
0.91645
0.60154
0.36147
0.79666
0.31664
0.71598
0.1508
0.50914
0.60336
0.48653
0.4465
0.72813
0.53276
0.61353
0.28379
0.27024
0.76962
0.15837
0.64713
0.37679
0.074698
0.85192
0.66737
0.41418
0.94255
0.63758
0.84128
0.64319
0.39198
0.1443
0.45352
0.53196
0.0035929
0.40333
0.5465
0.75123
0.11029
0.81956
0.80567
0.3693
0.032996
0.94682
0.54438
0.81207
0.77081
0.85277
0.30089
0.11437
0.11193
0.51028
0.182
0.97534
0.57161
0.69417
0.13993
0.13381
0.75031
0.049183
0.66621
0.029351
0.88388
0.32791
0.088005
0.39526
0.20979
0.41297
0.99073
0.086934
0.55857
0.24501
0.86158
0.033672
0.75957
0.71607
0.13673
0.49336
0.049756
0.89118
0.30204
0.56097
0.71205
0.62593
0.25167
0.17743
0.43973
0.5557
0.9291
0.45373
0.0071868
0.24816
0.29851
0.47511
0.91201
0.19999
0.53833
0.10851
0.91945
0.67333
0.47004
0.78357
0.79891
0.54014
0.2251
0.22105
0.99036
0.17196
0.66131
0.21895
0.056785
0.6377
0.15816
0.27488
0.9385
0.74452
0.28426
0.4094
0.65893
0.20353
0.099883
0.24593
0.3777
0.84975
0.7512
0.52723
0.69194
0.64043
0.26977
0.39485
0.78248
0.32341
0.64111
0.90109
0.91601
0.073265
0.26546
0.1653
0.30077
0.25002
0.80037
0.92473
0.50118
0.3806
0.95532
0.30763
0.5591
0.31425
0.91368
0.3242
0.44439
0.28026
0.36491
0.36697
0.2608
0.33374
0.18887
0.75272
0.62183
0.5193
0.9091
0.75866
0.37601
0.99935
0.857
0.7453
0.81912
0.15246
0.76132
0.44134
0.49434
0.70886
0.74225
0.96635
0.97686
0.11071
0.07307
0.8955
0.10754
0.82828
0.31045
0.16059
0.0044782
0.91014
0.67827
0.4855
0.71427
0.053604
0.80773
0.93602
0.70128
0.90566
0.26001
0.85405
0.49585
0.34143
0.53854
0.7894
0.47162
0.42867
0.94623
0.33625
0.64254
0.17915
0.15587
0.52742
0.68274
0.97168
0.20104
0.98328
0.78109
0.23223
0.53502
0.86352
0.42859
0.71948
0.69184
0.21253
0.81615
0.60437
0.5939
0.076029
0.58677
0.65098
0.08259
0.18738
0.93023
0.45418
0.04813
0.39182
0.44234
0.51653
0.14483
0.98648
0.33424
0.46033
0.092238
0.64539
0.42912
0.11586
0.64332
0.48704
0.51174
0.8433
0.98671
0.6492
0.52316
0.28298
0.10429
0.52947
0.070646
0.71904
0.6065
0.7727
0.34142
0.30066
0.69775
0.37754
0.14626
0.13951
0.97278
0.87155
0.41207
0.92112
0.75563
0.43722
0.58717
0.31462
0.54652
0.16253
0.93973
0.097553
0.5208
0.28568
0.63207
0.14576
0.69392
0.27043
0.5453
0.043008
0.32266
0.41393
0.74721
0.42982
0.2743
0.86876
0.73821
0.55405
0.53483
0.68133
0.74676
0.81943
0.76306
0.86827
0.95576
0.034631
0.38493
0.83645
0.88389
0.55646
0.1803
0.43252
0.64571
0.66123
0.047844
0.8178
0.51672
0.7036
0.18093
0.64492
0.1234
0.0058465
0.96732
0.71882
0.2805
0.077418
0.52709
0.37293
0.74567
0.18462
0.16532
0.19002
0.78713
0.069726
0.69762
0.43358
0.27266
0.57348
0.66975
0.63878
0.345
0.30823
0.53201
0.21677
0.53765
0.66258
0.0037764
0.36481
0.25016
0.19981
0.87708
0.41146
0.27474
0.33503
0.21635
0.30201
0.13176
0.64358
0.22415
0.013719
0.7478
0.46127
0.88907
0.27407
0.19217
0.57626
0.99921
0.70451
0.70477
0.32282
0.048724
0.45986
0.66435
0.93556
0.82232
0.33257
0.27018
0.85552
0.094209
0.45621
0.56077
0.85864
0.29852
0.56334
0.59521
0.12713
0.83271
0.3822
0.043987
0.17234
0.26511
0.89586
0.14213
0.92216
0.062068
0.24341
0.96898
0.65619
0.16882
0.5936
0.39202
0.22582
0.11112
0.7863
0.56127
0.24924
0.98658
0.64584
0.42398
0.45133
0.13768
0.060921
0.68359
0.82259
0.87879
0.12991
0.92273
0.028934
0.21979
0.10156
0.16855
0.65619
0.79798
0.64284
0.39749
0.55609
0.57033
0.0033671
0.069253
0.25863
0.25669
0.11221
0.9979
0.74384
0.45376
0.022808
0.41478
0.97778
0.84719
0.52872
0.17176
0.39918
0.90154
0.50121
0.011938
0.71355
0.74104
0.65738
0.94972
0.36104
0.19464
0.93111
0.22328
0.82672
0.9364
0.60511
0.74635
0.83621
0.50116
0.20012
0.17941
0.13616
0.032386
0.56002
0.31713
0.14009
0.5345
0.87549
0.95823
0.82384
0.11078
0.017966
0.3771
0.63259
0.3337
0.87311
0.26034
0.17876
0.87607
0.41145
0.43132
0.74467
0.84748
0.67017
0.7921
0.29143
0.40293
0.84375
0.66939
0.11747
0.78479
0.92812
0.042472
0.9085
0.075178
0.31272
0.068293
0.35656
0.1372
0.66665
0.17011
0.32977
0.29932
0.61238
0.53827
0.0086202
0.77956
0.79846
0.72803
0.40267
0.96471
0.45536
0.56089
0.51811
0.60291
0.25975
0.92204
0.99672
0.64734
0.5971
0.70622
0.24902
0.077703
0.41515
0.28013
0.32627
0.55909
0.48346
0.50427
0.62726
0.1217
0.1321
0.89638
0.79933
0.92754
0.71234
0.81189
0.41074
0.30656
0.24367
0.18957
0.6021
0.1639
0.39311
0.045613
0.30253
0.43931
0.87227
0.5559
0.58866
0.54224
0.45794
0.70467
0.79132
0.57282
0.43963
0.26577
0.21282
0.049053
0.50095
0.94769
0.8338
0.3239
0.7056
0.78914
0.64533
0.97655
0.66878
0.92385
0.53576
0.39359
0.45575
0.86861
0.35943
0.24225
0.37218
0.50091
0.85882
0.69194
0.00020142
0.75844
0.37529
0.57096
0.58454
0.9713
0.70241
0.87784
0.40816
0.70971
0.13386
0.21509
0.77084
0.70103
0.32443
0.11077
0.061176
0.62343
0.97163
0.29714
0.91632
0.47913
0.35307
0.088061
0.46584
0.6333
0.38162
0.34197
0.054313
0.25262
0.89724
0.99364
0.72932
0.2922
0.5445
0.0042307
0.3066
0.37871
0.28688
0.99584
0.65003
0.15857
0.78174
0.29096
0.59449
0.90116
0.48552
0.8257
0.56363
0.82882
0.51673
0.75388
0.96716
0.6323
0.74515
0.89247
0.58149
0.40772
0.22136
0.93686
0.20126
0.95545
0.097987
0.97105
0.81781
0.37049
0.79487
0.82159
0.49793
0.44103
0.24781
0.24699
0.75959
0.88655
0.54345
0.92328
0.11985
0.62052
0.19402
0.84429
0.0875
0.17575
0.50535
0.33063
0.42799
0.87837
0.92046
0.54937
0.78989
0.22039
0.01904
0.33433
0.29873
0.54693
0.60271
0.6957
0.64035
0.5042
0.17428
0.41767
0.76694
0.096561
0.2231
0.60356
0.97413
0.59623
0.13476
0.70173
0.86442
0.52602
0.11775
0.26804
0.075686
0.47991
0.73462
0.93485
0.20191
0.70025
0.45147
0.97421
0.29543
0.056637
0.9078
0.67849
0.90311
0.44657
0.33371
0.10225
0.48378
0.67915
0.52944
0.12998
0.10215
0.58648
0.014994
0.37823
0.60363
0.12046
0.36289
0.69563
0.87176
0.58518
0.93604
0.57095
0.91658
0.84927
0.96073
0.43436
0.42928
0.79138
0.012602
0.46015
0.81652
0.54799
0.14609
0.25095
0.13519
0.61261
0.21657
0.5629
0.51729
0.31032
0.91426
0.92024
0.65817
0.94303
0.65001
0.30797
0.70271
0.19251
0.87133
0.76351
0.25856
0.068853
0.52484
0.55034
0.096897
0.12589
0.15854
0.0066059
0.067766
0.8769
0.42627
0.30732
0.040961
0.51267
0.0084625
0.38154
0.27757
0.75266
0.64294
0.29899
0.10278
0.36297
0.070651
0.62216
0.58733
0.60259
0.2014
0.17868
0.26403
0.62807
0.44632
0.38928
0.85563
0.48872
0.31169
0.44262
0.90173
0.52573
0.53762
0.79097
0.60843
0.78033
0.12296
0.90752
0.22593
0.9579
0.27339
0.083717
0.0598
0.33941
0.54621
0.62519
0.4179
0.62206
0.2753
0.26193
0.88979
0.012234
0.31821
0.15786
0.19147
0.9587
0.74706
0.94502
0.25761
0.32156
0.195
0.85085
0.3363
0.80714
0.11792
0.55909
0.88012
0.69462
0.36669
0.87967
0.1755
0.17766
0.18075
0.029606
0.058776
0.28999
0.46724
0.35924
0.93401
0.5273
0.88947
0.51027
0.3108
0.094711
0.45627
0.76666
0.20086
0.22351
0.65151
0.12409
0.13729
0.29278
0.67858
0.019736
0.19428
0.11108
0.0437
0.98621
0.59464
0.32135
0.58423
0.46093
0.10213
0.95114
0.53162
0.90672
0.3708
0.45948
0.51015
0.4585
0.31146
0.39596
0.74305
0.35694
0.70635
0.68676
0.95753
0.91632
0.1684
0.25582
0.46797
0.78093
0.12949
0.0030505
0.24244
0.10044
0.83865
0.91703
0.77716
0.2845
0.31148
0.84718
0.85408
0.088304
0.66392
0.87397
0.79115
0.68851
0.22904
0.68778
0.75616
0.42325
0.58851
0.60415
0.95406
0.40269
0.51845
0.3302
0.38501
0.44012
0.59004
0.42596
0.5495
0.17386
0.5806
0.17288
0.81279
0.65708
0.5543
0.58227
0.19452
0.25796
0.39586
0.3482
0.25438
0.64432
0.60355
0.36629
0.68817
0.38275
0.50071
0.032407
0.24254
0.82833
0.36302
0.64528
0.050701
0.74031
0.75423
0.98866
0.039893
0.51583
0.32489
0.31173
0.59127
0.69999
0.88777
0.39282
0.28105
0.61571
0.32623
0.9859
0.36545
0.60203
0.24009
0.26528
0.97897
0.40106
0.12295
0.9542
0.15435
0.48181
0.66642
0.27563
0.0055899
0.43192
0.15754
0.29443
0.28732
0.44231
0.87621
0.90228
0.97469
0.8862
0.76556
0.49026
0.50366
0.56793
0.50084
0.40712
0.40031
0.30009
0.59937
0.95763
0.7319
0.25156
0.18608
0.3295
0.12759
0.50412
0.044806
0.42353
0.054586
0.96302
0.47226
0.10615
0.3546
0.37824
0.99532
0.48074
0.72358
0.28274
0.026466
0.92725
0.25721
0.32236
0.8008
0.78669
0.46754
0.79718
0.32157
0.93794
0.10583
0.28469
0.76159
0.34917
0.45212
0.67332
0.81559
0.94169
0.21772
0.53866
0.60473
0.59895
0.59177
0.20642
0.84108
0.80364
0.67089
0.17134
0.87436
0.87605
0.37767
0.45806
0.87236
0.16682
0.31093
0.60682
0.27126
0.81594
0.89134
0.63977
0.47802
0.052131
0.1881
0.9829
0.052109
0.12884
0.30836
0.17909
0.26095
0.34282
0.77501
0.81707
0.22419
0.36817
0.25845
0.088789
0.19288
0.78404
0.67345
0.38175
0.00087946
0.018936
0.48094
0.50493
0.20639
0.1832
0.94916
0.80732
0.44423
0.81672
0.50207
0.32028
0.13299
0.91042
0.93034
0.76444
0.48808
0.29392
0.23588
0.096282
0.73737
0.74339
0.57436
0.35505
0.95671
0.81282
0.96961
0.23192
0.95779
0.15237
0.48822
0.52476
0.34787
0.68345
0.67794
0.61717
0.19179
0.74138
0.28977
0.95568
0.023664
0.46544
0.4069
0.77346
0.46504
0.40533
0.42574
0.82368
0.1371
0.68051
0.36916
0.31088
0.40468
0.75744
0.7264
0.66751
0.23302
0.232
0.3284
0.95233
0.75889
0.54022
0.13867
0.74273
0.71565
0.49716
0.60155
0.61356
0.73834
0.68354
0.21706
0.54659
0.42998
0.41275
0.19799
0.54058
0.90537
0.91347
0.64002
0.33673
0.65471
0.25602
0.29823
0.24204
0.57065
0.085861
0.61219
0.03463
0.53561
0.9769
0.35608
0.84909
0.59489
0.77879
0.55212
0.098528
0.14075
0.25688
0.045318
0.058524
0.77071
0.52121
0.16362
0.54053
0.14092
0.5338
0.118
0.27705
0.7489
0.51081
0.14814
0.72147
0.25084
0.34746
0.43868
0.6411
0.30909
0.11832
0.24427
0.7634
0.42154
0.21072
0.6175
0.02559
0.43606
0.047864
0.84229
0.18716
0.44422
0.96616
0.81918
0.4554
0.13643
0.8281
0.55521
0.61198
0.35836
0.7963
0.40257
0.92232
0.17303
0.82848
0.55215
0.66111
0.31773
0.75283
0.98082
0.65163
0.99245
0.74066
0.93845
0.89223
0.51906
0.33393
0.96449
0.17216
0.58268
0.1451
0.52478
0.82108
0.90634
0.87914
0.13499
0.96999
0.47235
0.48041
0.49917
0.60361
0.83051
0.73837
0.61265
0.024906
0.6071
0.93855
0.10498
0.12754
0.5558
0.089878
0.10125
0.074137
0.27842
0.36276
0.44627
0.23526
0.96857
0.66283
0.95688
0.33259
0.59022
0.13934
0.8646
0.83804
0.56732
0.4743
0.82478
0.81536
0.020781
0.96244
0.26162
0.57599
0.53408
0.431
0.22692
0.93903
0.025097
0.7015
0.99072
0.9647
0.96371
0.4165
0.49692
0.42437
0.99882
0.45211
0.41931
0.32136
0.69406
0.91153
0.0064266
0.97119
0.91324
0.13249
0.43801
0.4928
0.93905
0.39332
0.73912
0.17799
0.31603
0.60655
0.57653
0.74726
0.30945
0.91115
0.56627
0.17815
0.85477
0.63241
0.20756
0.985
0.34475
0.36525
0.58044
0.78679
0.60022
0.2185
0.091631
0.41515
0.27715
0.95761
0.28532
0.14889
0.27521
0.49242
0.26276
0.80171
0.19157
0.27439
0.16946
0.090206
0.38962
0.44894
0.86865
0.9986
0.5691
0.87837
0.38998
0.42502
0.82224
0.84659
0.0066451
0.016596
0.67811
0.12308
0.1502
0.4584
0.88028
0.95583
0.70708
0.9071
0.62019
0.78343
0.53958
0.95109
0.29438
0.24271
0.028139
0.8896
0.44762
0.072999
0.58364
0.66674
0.61371
0.44078
0.62128
0.53391
0.99416
0.71562
0.96501
0.092551
0.51061
0.42757
0.91978
0.25239
0.10193
0.63371
0.12388
0.67413
0.6506
0.99507
0.54182
0.6679
0.078167
0.97029
0.24679
0.17739
0.046137
0.10286
0.64035
0.36344
0.46176
0.94895
0.10721
0.24528
0.27822
0.48241
0.92227
0.086455
0.988
0.89834
0.10553
0.78367
0.19752
0.77375
0.8535
0.26657
0.42608
0.48562
0.19686
0.23253
0.53512
0.96195
0.83454
0.2521
0.75136
0.19079
0.17582
0.32921
0.68409
0.32173
0.32272
0.1635
0.027997
0.78186
0.21751
0.5843
0.049513
0.070168
0.9429
0.46068
0.37669
0.7722
0.66755
0.58323
0.65107
0.63157
0.17109
0.36643
0.81156
0.17508
0.75439
0.48253
0.9791
0.93564
0.9215
0.2162
0.96886
0.14281
0.25018
0.047074
0.21884
0.60096
0.054964
0.20584
0.40606
0.89592
0.39818
0.16456
0.31484
0.52169
0.64213
0.4531
0.44047
0.92374
0.81813
0.8484
0.81132
0.54796
0.20703
0.18434
0.21304
0.43449
0.65217
0.99961
0.075528
0.70881
0.0083553
0.98531
0.49149
0.80154
0.16264
0.98346
0.77941
0.77728
0.35285
0.82789
0.10313
0.85895
0.52155
0.6776
0.98425
0.023525
0.65787
0.53779
0.35606
0.43802
0.20285
0.86775
0.36461
0.6469
0.49129
0.39919
0.2986
0.48619
0.067773
0.32586
0.10028
0.50485
0.2004
0.79041
0.94986
0.63993
0.45667
0.41569
0.16587
0.83572
0.42272
0.71276
0.010825
0.57606
0.88539
0.29675
0.22733
0.083632
0.59645
0.048086
0.22599
0.97197
0.15132
0.63003
0.73791
0.56356
0.82638
0.35736
0.43932
0.53908
0.053033
0.73378
0.60533
0.39447
0.18579
0.32892
0.87825
0.83249
0.29583
0.48459
0.68782
0.14714
0.18659
0.63578
0.72343
0.60789
0.067192
0.94332
0.48586
0.071213
0.033326
0.69495
0.35672
0.76401
0.49787
0.66531
0.24185
0.92472
0.26289
0.047523
0.54073
0.20785
0.22992
0.62289
0.047444
0.62699
0.49253
0.90565
0.71519
0.69972
0.61358
0.2981
0.8294
0.60163
0.46392
0.92959
0.74215
0.48094
0.1537
0.49294
0.4402
0.51553
0.78732
0.25501
0.10068
0.70957
0.80178
0.40583
0.85351
0.26318
0.86006
0.89311
0.93542
0.0016292
0.83092
0.92831
0.72999
0.60567
0.13761
0.72269
0.013275
0.32057
0.65236
0.6615
0.10365
0.016994
0.16797
0.7646
0.19251
0.53783
0.19929
0.50279
0.70684
0.95772
0.32475
0.19122
0.37082
0.25596
0.30386
0.91156
0.1569
0.028847
0.88383
0.766
0.94202
0.16694
0.69762
0.19078
0.8687
0.24099
0.92245
0.10915
0.098191
0.95195
0.65035
0.5252
0.20861
0.39946
0.44953
0.049717
0.74282
0.95384
0.32803
0.64188
0.94462
0.28608
0.72302
0.56474
0.86828
0.60119
0.40866
0.64769
0.41416
0.74419
0.040527
0.23605
0.060028
0.39916
0.88509
0.71452
0.64693
0.73397
0.27916
0.78275
0.67925
0.77597
0.41988
0.3936
0.47309
0.058381
0.99585
0.66371
0.38801
0.10782
0.77487
0.040777
0.082527
0.21448
0.60148
0.80669
0.80965
0.83525
0.78465
0.44476
0.27713
0.086688
0.89197
0.34453
0.26454
0.1916
0.94867
0.010124
0.09087
0.2787
0.8265
0.12801
0.73939
0.38967
0.64532
0.22391
0.25504
0.7383
0.43428
0.057749
0.37952
0.12291
0.071582
0.41113
0.14892
0.52524
0.95993
0.13722
0.57134
0.67849
0.37485
0.78303
0.77756
0.9805
0.67805
0.96632
0.21802
0.28644
0.99082
0.39337
0.48261
0.43438
0.78335
0.51341
0.32169
0.535
0.82825
0.95778
0.54087
0.24091
0.99642
0.5443
0.10353
0.051075
0.61678
0.52375
0.12842
0.24296
0.89531
0.47711
0.33267
0.14495
0.64906
0.58521
0.21617
0.1812
0.74129
0.95086
0.98194
0.54612
0.3042
0.67071
0.46225
0.82037
0.48287
0.91288
0.50411
0.87393
0.19077
0.31729
0.35172
0.72469
0.30519
0.44412
0.67505
0.56209
0.77361
0.10422
0.94442
0.98173
0.24273
0.56441
0.12255
0.39011
0.14309
0.15797
0.59739
0.59479
0.042803
0.50574
0.47094
0.22218
0.9052
0.39814
0.35853
0.65397
0.86566
0.21729
0.78806
0.43118
0.4955
0.24358
0.3351
0.41946
0.76144
0.92532
0.80969
0.32128
0.53226
0.97904
0.38466
0.91204
0.69994
0.33597
0.42346
0.33226
0.20245
0.080235
0.54686
0.21972
0.20075
0.31493
0.18648
0.65587
0.03454
0.29824
0.53596
0.30782
0.091764
0.90673
0.26342
0.27182
0.5779
0.89936
0.31201
0.81355
0.52703
0.24965
0.62152
0.42746
0.20507
0.69833
0.15324
0.92698
0.96012
0.62214
0.54246
0.95595
0.68814
0.93084
0.28154
0.72631
0.35501
0.23052
0.77018
0.22913
0.32147
0.098656
0.26031
0.54189
0.42105
0.3166
0.48552
0.30589
0.61414
0.15332
0.68017
0.97581
0.52339
0.49787
0.42416
0.27031
0.74285
0.51932
0.2968
0.90313
0.39608
0.79967
0.59264
0.84093
0.6471
0.57783
0.54193
0.90285
0.7741
0.13839
0.25134
0.46706
0.7118
0.592
0.85645
0.11878
0.096243
0.073813
0.63537
0.089107
0.055079
0.73898
0.065676
0.71671
0.27911
0.63865
0.19569
0.53383
0.70212
0.25908
0.095162
0.71536
0.40929
0.027688
0.43288
0.97497
0.19851
0.026958
0.17198
0.31389
0.92879
0.18085
0.99552
0.63033
0.58716
0.84654
0.35985
0.58605
0.28023
0.15978
0.83929
0.67178
0.10977
0.46681
0.67785
0.6585
0.19972
0.53529
0.90607
0.67285
0.73799
0.9166
0.57545
0.44896
0.34786
0.49983
0.4691
0.64969
0.76653
0.717
0.3794
0.27596
0.81186
0.57056
0.91978
0.35046
0.18545
0.25241
0.62014
0.73961
0.3132
0.60264
0.81444
0.65548
0.56426
0.042068
0.058839
0.26436
0.20143
0.98642
0.37271
0.62946
0.65926
0.78836
0.53729
0.038483
0.066584
0.9728
0.04335
0.068126
0.86878
0.86655
0.17296
0.092403
0.81491
0.66459
0.64069
0.38646
0.52851
0.69766
0.048434
0.46119
0.26315
0.012565
0.10347
0.71328
0.79731
0.62025
0.87656
0.027252
0.1625
0.65022
0.48279
0.92292
0.39531
0.49631
0.054514
0.63651
0.65973
0.87464
0.65824
0.31582
0.42788
0.25478
0.71568
0.53273
0.64809
0.60458
0.85194
0.54164
0.48254
0.037093
0.27312
0.63079
0.042538
0.91331
0.13357
0.28087
0.64157
0.11412
0.31044
0.51614
0.25897
0.95708
0.39999
0.68651
0.74268
0.92011
0.24494
0.86216
0.24382
0.47083
0.27828
0.095698
0.72557
0.81391
0.54017
0.070758
0.47917
0.25751
0.83994
0.26794
0.94439
0.93283
0.057279
0.96177
0.046614
0.92982
0.17559
0.80227
0.13486
0.77037
0.06385
0.70303
0.18238
0.69946
0.51003
0.72509
0.025126
0.52503
0.11962
0.4968
0.96443
0.75594
0.87132
0.30263
0.50272
0.34974
0.79498
0.11307
0.20782
0.04242
0.087778
0.94369
0.38351
0.89634
0.91545
0.80632
0.97399
0.82098
0.052586
0.84172
0.35294
0.87218
0.85868
0.14376
0.35636
0.12111
0.53109
0.064446
0.44873
0.93111
0.48743
0.54169
0.0014947
0.16646
0.51222
0.97453
0.37197
0.62368
0.65924
0.48447
0.84907
0.39155
0.72648
0.49553
0.52217
0.79726
0.18461
0.95191
0.92058
0.36427
0.17548
0.865
0.39075
0.39916
0.0059943
0.51937
0.32773
0.4782
0.17675
0.9426
0.30008
0.019053
0.089637
0.73016
0.39285
0.098119
0.14659
0.82186
0.5547
0.63681
0.73948
0.28636
0.25727
0.08055
0.1968
0.39167
0.51243
0.015443
0.66757
0.2617
0.36556
0.95426
0.055736
0.3472
0.82167
0.73307
0.14715
0.86043
0.10718
0.82275
0.0057996
0.31426
0.57765
0.4456
0.44763
0.74529
0.20135
0.78303
0.42482
0.66483
0.43523
0.81122
0.2204
0.41336
0.59477
0.24588
0.77538
0.94571
0.49834
0.63046
0.25122
0.98159
0.58313
0.087345
0.21327
0.84725
0.926
0.75824
0.52256
0.8534
0.31017
0.50419
0.77268
0.9422
0.66785
0.060853
0.93589
0.40184
0.4332
0.16118
0.56364
0.87348
0.15691
0.70928
0.6535
0.60947
0.024729
0.59446
0.61661
0.46658
0.6198
0.21761
0.22385
0.1038
0.61121
0.28758
0.63533
0.10716
0.70382
0.55669
0.24519
0.31051
0.45956
0.14231
0.082961
0.47818
0.69836
0.26092
0.91688
0.91212
0.081419
0.6798
0.059052
0.97541
0.63055
0.81334
0.46594
0.83405
0.84378
0.60547
0.58971
0.033623
0.40257
0.52548
0.63702
0.60875
0.39198
0.8484
0.62899
0.71806
0.72932
0.76735
0.67998
0.90015
0.11717
0.13433
0.047541
0.17114
0.060121
0.93811
0.3862
0.17159
0.33274
0.97718
0.21557
0.077345
0.68671
0.1628
0.023091
0.43763
0.2571
0.0079083
0.34179
0.48999
0.8931
0.57052
0.60836
0.62352
0.26306
0.92318
0.84751
0.22246
0.70112
0.32626
0.84048
0.39832
0.011921
0.31416
0.58939
0.24156
0.081003
0.42572
0.24211
0.059127
0.913
0.33074
0.77458
0.26248
0.62496
0.88866
0.45683
0.53135
0.0027559
0.20748
0.50841
0.70318
0.80804
0.89816
0.86107
0.86618
0.79479
0.29801
0.85945
0.6837
0.12359
0.99688
0.42676
0.36552
0.28433
0.87653
0.27217
0.74565
0.023192
0.47462
0.48565
0.43963
0.29646
0.9074
0.71678
0.15773
0.99484
0.64349
0.54893
0.93168
0.29966
0.3113
0.88104
0.47888
0.60342
0.54013
0.16519
0.81162
0.90042
0.41806
0.1365
0.037452
0.47549
0.88206
0.49156
0.82357
0.097619
0.41928
0.19839
0.074436
0.6422
0.62169
0.67714
0.97544
0.57566
0.0096995
0.29121
0.41439
0.78805
0.40882
0.54736
0.23522
0.68667
0.66378
0.53582
0.49204
0.82245
0.52585
0.8203
0.29476
0.1693
0.17626
0.0013012
0.95369
0.79439
0.28461
0.73235
0.24739
0.62098
0.19182
0.061314
0.69474
0.918
0.89929
0.17229
0.34268
0.4277
0.49859
0.31859
0.99365
0.72007
0.84822
0.78082
0.65532
0.84683
0.81966
0.80623
0.17335
0.36798
0.89167
0.42049
0.40397
0.13714
0.46137
0.78889
0.33343
0.68854
0.73948
0.88529
0.87869
0.33571
0.16083
0.81631
0.00031177
0.23918
0.14769
0.45418
0.75346
0.4342
0.062164
0.9117
0.5789
0.4256
0.5985
0.51051
0.14833
0.46194
0.30389
0.53061
0.34817
0.31628
0.91143
0.41221
0.96383
0.51398
0.22077
0.9702
0.88518
0.88298
0.11827
0.051549
0.3392
0.008725
0.69459
0.98418
0.078178
0.084824
0.11172
0.047312
0.85098
0.24662
0.3875
0.95224
0.41967
0.16441
0.97595
0.013241
0.12098
0.77704
0.54342
0.60076
0.065935
0.81908
0.6277
0.74465
0.092191
0.54592
0.96725
0.96931
0.84676
0.38014
0.61233
0.33733
0.97494
0.76244
0.25395
0.014944
0.24533
0.69342
0.91656
0.052206
0.84799
0.87306
0.074074
0.94246
0.57954
0.97392
0.47291
0.88826
0.05228
0.9541
0.55107
0.90533
0.31388
0.60416
0.98865
0.72452
0.70854
0.28618
0.11129
0.29385
0.10855
0.24661
0.037068
0.59652
0.061315
0.93896
0.31543
0.57034
0.97646
0.94758
0.22149
0.44414
0.0059547
0.2291
0.93263
0.15812
0.6191
0.83027
0.018663
0.55431
0.79073
0.052732
0.89652
0.67231
0.41877
0.93129
0.82802
0.5177
0.39779
0.7907
0.68655
0.2334
0.89453
0.23622
0.66426
0.55222
0.88846
0.66083
0.53054
0.15629
0.13796
0.46898
0.18878
0.96692
0.24828
0.24089
0.54611
0.15987
0.53248
0.59838
0.41692
0.56652
0.5846
0.61766
0.32619
0.31809
0.38857
0.7224
0.45038
0.81744
0.27025
0.029826
0.2702
0.28424
0.13791
0.40942
0.74557
0.45985
0.044655
0.8731
0.7253
0.77039
0.0074979
0.47628
0.54606
0.99537
0.70637
0.93975
0.61548
0.30269
0.19915
0.80197
0.53511
0.76637
0.17072
0.47844
0.85474
0.17909
0.10653
0.3688
0.079289
0.089249
0.33858
0.88329
0.62797
0.74652
0.38615
0.64543
0.90877
0.11282
0.87466
0.18452
0.46163
0.15981
0.7441
0.74458
0.34554
0.50943
0.72025
0.72695
0.12667
0.35325
0.076901
0.84593
0.88083
0.54214
0.72679
0.56557
0.0958
0.28398
0.63391
0.58292
0.021685
0.9351
0.20292
0.47356
0.86015
0.49993
0.36604
0.89659
0.6322
0.8533
0.67087
0.31683
0.49905
0.50894
0.72348
0.44577
0.45579
0.56399
0.57753
0.30448
0.46457
0.67685
0.017935
0.94541
0.70183
0.65887
0.3612
0.99218
0.49297
0.73961
0.22453
0.64057
0.37788
0.048435
0.025291
0.22715
0.40306
0.70985
0.6161
0.78926
0.1779
0.4946
0.77788
0.6203
0.6943
0.19056
0.069475
0.82206
0.072006
0.53035
0.61084
0.72811
0.65753
0.20451
0.71169
0.70863
0.82245
0.17248
0.82137
0.14117
0.6221
0.12767
0.38583
0.11848
0.85356
0.84741
0.83037
0.93307
0.82091
0.18011
0.85476
0.1333
0.98728
0.75101
0.058129
0.88241
0.66921
0.53664
0.67542
0.95791
0.63402
0.92135
0.81309
0.45375
0.33893
0.1288
0.64904
0.14155
0.99981
0.34952
0.33314
0.95931
0.12121
0.12281
0.42164
0.042944
0.20603
0.23727
0.0011753
0.2636
0.78881
0.27145
0.46505
0.20985
0.46461
0.33958
0.25724
0.75987
0.88455
0.13136
0.29375
0.51694
0.11719
0.0004209
0.81423
0.46402
0.97075
0.92975
0.44696
0.49609
0.33679
0.078875
0.57394
0.94806
0.084396
0.47809
0.68575
0.19731
0.82962
0.75512
0.92168
0.42683
0.30653
0.069552
0.88733
0.44794
0.32294
0.84962
0.095708
0.25645
0.42195
0.79445
0.15925
0.74123
0.54102
0.53932
0.99094
0.62048
0.88791
0.37252
0.98017
0.96025
0.2491
0.59525
0.024039
0.17549
0.49643
0.069112
0.048782
0.63883
0.74186
0.47188
0.37509
0.44226
0.99634
0.20682
0.806
0.5957
0.96251
0.055254
0.3754
0.083871
0.56052
0.33356
0.34818
0.29997
0.011826
0.088942
0.74509
0.39653
0.33276
0.62983
0.54324
0.054165
0.68555
0.60053
0.64567
0.92392
0.22915
0.88346
0.51177
0.37177
0.54935
0.57593
0.58757
0.19624
0.23889
0.38748
0.084476
0.072589
0.24024
0.40192
0.78613
0.163
0.90751
0.45164
0.48181
0.89218
0.506
0.37667
0.24386
0.12742
0.2747
0.26925
0.83081
0.9702
0.98382
0.74494
0.35542
0.024444
0.95798
0.84264
0.96929
0.061717
0.56882
0.0061976
0.26983
0.34967
0.97183
0.22977
0.5969
0.11189
0.033766
0.20198
0.44762
0.23112
0.36508
0.53271
0.58041
0.93052
0.16509
0.27038
0.011734
0.82344
0.8552
0.14736
0.047046
0.69465
0.35342
0.97799
0.14073
0.038254
0.16981
0.97514
0.64651
0.16894
0.94831
0.66711
0.6985
0.084725
0.096855
0.7864
0.25379
0.65241
0.67917
0.025931
0.78049
0.98917
0.44571
0.20143
0.40851
0.20814
0.89803
0.31517
0.59038
0.088841
0.30364
0.72761
0.48864
0.58775
0.45363
0.0045442
0.13694
0.97829
0.94785
0.29292
0.47552
0.030788
0.99064
0.47019
0.42257
0.39171
0.4222
0.23899
0.77353
0.66615
0.62764
0.33998
0.84259
0.72074
0.74733
0.19148
0.10479
0.87918
0.7887
0.79601
0.34333
0.51927
0.037982
0.28805
0.90572
0.022888
0.96009
0.0070698
0.88025
0.022006
0.29281
0.20858
0.10247
0.1932
0.68159
0.37169
0.40047
0.75564
0.79738
0.32925
0.11529
0.39156
0.18094
0.50551
0.17126
0.7655
0.83207
0.46207
0.73945
0.68188
0.65559
0.19449
0.24038
0.72759
0.72518
0.2403
0.3827
0.55782
0.27918
0.48723
0.63344
0.6583
0.53415
0.35165
0.82919
0.5512
0.55323
0.88574
0.92655
0.54709
0.1566
0.99265
0.39971
0.98318
0.026283
0.22441
0.29145
0.76304
0.014456
0.5061
0.70399
0.42412
0.21152
0.090668
0.64179
0.78356
0.18359
0.5973
0.66617
0.8649
0.38795
0.6666
0.36419
0.15887
0.3328
0.63164
0.97401
0.6236
0.28202
0.074861
0.74673
0.60226
0.86983
0.73563
0.4527
0.40748
0.83654
0.16832
0.28288
0.28993
0.48418
0.41233
0.47645
0.052318
0.54036
0.18545
0.33
0.20015
0.1591
0.32348
0.40853
0.76048
0.21496
0.52227
0.37416
0.58199
0.26907
0.18644
0.57326
0.98578
0.93391
0.69628
0.87222
0.56522
0.12857
0.59067
0.94109
0.59294
0.28427
0.062334
0.82231
0.38675
0.38448
0.66534
0.49803
0.2131
0.52148
0.24254
0.87418
0.72671
0.9522
0.89004
0.28843
0.12763
0.66034
0.64245
0.26254
0.60876
0.16297
0.57525
0.7367
0.90584
0.39038
0.57439
0.4992
0.2191
0.83335
0.10788
0.45528
0.56862
0.083763
0.14801
0.055336
0.48601
0.2491
0.21324
0.97093
0.75836
0.8884
0.58596
0.36207
0.02341
0.8177
0.56195
0.33129
0.58952
0.74274
0.23262
0.34512
0.013092
0.88936
0.62563
0.98492
0.97518
0.17472
0.23674
0.098887
0.29276
0.62389
0.36373
0.98413
0.12222
0.28766
0.44331
0.59941
0.64001
0.61138
0.5022
0.52947
0.49228
0.62889
0.076142
0.67907
0.05009
0.23821
0.89019
0.98273
0.54316
0.85834
0.32558
0.60297
0.33628
0.19861
0.68794
0.31256
0.77929
0.74684
0.85872
0.53495
0.83318
0.21376
0.76254
0.52023
0.04703
0.6825
0.33225
0.67311
0.40261
0.50347
0.78144
0.65465
0.27358
0.30792
0.74655
0.98232
0.84181
0.87677
0.93937
0.17454
0.55957
0.12782
0.63302
0.22111
0.72697
0.88411
0.42287
0.93141
0.10315
0.84372
0.69446
0.47151
0.70361
0.45651
0.44343
0.063159
0.76096
0.96316
0.6332
0.66642
0.97865
0.095667
0.59899
0.88591
0.14773
0.97271
0.44027
0.59911
0.0062423
0.15125
0.32133
0.024526
0.085262
0.23237
0.83675
0.81306
0.72577
0.034449
0.12247
0.52239
0.80907
0.065823
0.12183
0.048462
0.77097
0.14906
0.84499
0.61421
0.14199
0.53931
0.43102
0.34693
0.85751
0.74772
0.29313
0.87797
0.11435
0.77986
0.93133
0.01859
0.14107
0.363
0.74665
0.99499
0.6393
0.20732
0.48643
0.67801
0.52801
0.32199
0.25896
0.86656
0.94983
0.63536
0.32406
0.28513
0.54449
0.79045
0.78876
0.63153
0.79856
0.26334
0.17748
0.61431
0.43016
0.72978
0.026028
0.71121
0.41815
0.89068
0.0065908
0.21032
0.18934
0.14679
0.30458
0.55658
0.41012
0.36258
0.83065
0.3662
0.80738
0.19387
0.13117
0.78557
0.062122
0.5699
0.15565
0.65555
0.078988
0.13906
0.12218
0.025626
0.48285
0.81907
0.97702
0.78274
0.68415
0.29095
0.030831
0.41162
0.03986
0.25788
0.6072
0.24187
0.095754
0.21992
0.47288
0.66259
0.37444
0.98023
0.69485
0.60816
0.65062
0.14494
0.083037
0.73283
0.92488
0.34461
0.84402
0.43787
0.43416
0.099592
0.93944
0.68213
0.29172
0.92513
0.62275
0.84083
0.6867
0.37012
0.95821
0.86568
0.91131
0.026098
0.31185
0.6
0.086423
0.030702
0.74877
0.65728
0.47972
0.91887
0.13485
0.86867
0.16373
0.90928
0.60892
0.98011
0.50368
0.19949
0.46675
0.84652
0.28901
0.45465
0.09768
0.51868
0.8004
0.63547
0.77921
0.97443
0.42888
0.5065
0.19115
0.43082
0.10192
0.12969
0.63814
0.21394
0.90888
0.70922
0.96002
0.69768
0.35435
0.061207
0.53952
0.043006
0.87603
0.94473
0.77592
0.12165
0.89133
0.91111
0.11381
0.89268
0.71288
0.46367
0.061209
0.77322
0.29325
0.35642
0.54314
0.6655
0.19734
0.22472
0.28636
0.34429
0.55361
0.62283
0.70266
0.63459
0.02295
0.037898
0.45559
0.87036
0.81255
0.18996
0.31766
0.74716
0.22281
0.31534
0.37533
0.90302
0.16371
0.66803
0.35156
0.20364
0.15785
0.089271
0.42977
0.26975
0.90978
0.52362
0.26647
0.19637
0.50519
0.045421
0.02741
0.35126
0.96503
0.065572
0.82903
0.41363
0.12825
0.15691
0.23187
0.73045
0.78187
0.75829
0.12449
0.27724
0.65571
0.1863
0.15256
0.33711
0.045627
0.29591
0.96716
0.8678
0.56023
0.099024
0.36295
0.18422
0.68758
0.2056
0.78315
0.47432
0.96051
0.6982
0.52754
0.55048
0.57295
0.40111
0.17702
0.099485
0.4278
0.87024
0.25723
0.98878
0.89076
0.65785
0.24053
0.11598
0.56964
0.3249
0.055333
0.83002
0.29481
0.088955
0.0020791
0.4518
0.21875
0.46014
0.74333
0.05022
0.6035
0.84345
0.69786
0.15468
0.18228
0.81287
0.10952
0.70717
0.34873
0.0074551
0.7319
0.84309
0.69967
0.33158
0.67672
0.3838
0.84256
0.44558
0.07883
0.10667
0.10799
0.46467
0.086469
0.38627
0.55628
0.049224
0.51775
0.22996
0.5969
0.37885
0.021186
0.89408
0.26815
0.37663
0.43276
0.36792
0.49887
0.33876
0.21627
0.16062
0.59669
0.38587
0.13234
0.41468
0.10253
0.21368
0.25492
0.47127
0.38603
0.1192
0.35285
0.94815
0.41807
0.029134
0.57904
0.39675
0.92701
0.68159
0.21206
0.19343
0.20233
0.64519
0.3897
0.067498
0.48674
0.44805
0.33608
0.71019
0.6503
0.95719
0.055635
0.069811
0.12417
0.55455
0.39179
0.86717
0.56336
0.91354
0.52269
0.51603
0.022702
0.97871
0.53774
0.65392
0.37441
0.24681
0.38467
0.58965
0.97245
0.2589
0.50563
0.30469
0.68816
0.9198
0.11319
0.68397
0.5656
0.73735
0.92757
0.15003
0.084798
0.72667
0.70978
0.93615
0.37837
0.49936
0.65046
0.24996
0.14901
0.075596
0.94638
0.75787
0.2248
0.78025
0.29159
0.071708
0.31926
0.90382
0.078869
0.42374
0.61805
0.39635
0.3768
0.028252
0.97336
0.58291
0.4379
0.61886
0.83074
0.52728
0.21496
0.3215
0.91088
0.60371
0.24657
0.16327
0.53004
0.53136
0.69794
0.72517
0.71006
0.70494
0.96546
0.93772
0.39418
0.21859
0.4256
0.18622
0.27833
0.61297
0.97086
0.40914
0.077141
0.37095
0.97305
0.078763
0.26897
0.38874
0.76171
0.98827
0.62303
0.50788
0.65854
0.24917
0.59931
0.29972
0.66891
0.36608
0.10934
0.99319
0.78504
0.58923
0.48144
0.22804
0.55767
0.82743
0.31815
0.34962
0.034575
0.64537
0.036457
0.3432
0.20029
0.96032
0.77887
0.06587
0.3041
0.021698
0.47764
0.71245
0.51735
0.34691
0.4744
0.15787
0.73707
0.56238
0.023146
0.14488
0.13839
0.97894
0.62838
0.23004
0.29659
0.80247
0.031368
0.24946
0.15955
0.092964
0.22988
0.38617
0.57179
0.85849
0.65144
0.57369
0.51422
0.98397
0.74731
0.61444
0.6154
0.40788
0.33078
0.57134
0.63997
0.60226
0.096968
0.24574
0.55316
0.27852
0.83814
0.26525
0.26551
0.132
0.52752
0.12986
0.45585
0.57936
0.71254
0.74574
0.057039
0.45085
0.11314
0.49498
0.94026
0.96998
0.25396
0.98001
0.96764
0.6196
0.7387
0.34596
0.49406
0.97631
0.30069
0.84405
0.79343
0.96815
0.81191
0.94382
0.15645
0.75824
0.39176
0.79144
0.12818
0.13005
0.26234
0.46481
0.66007
0.82944
0.80712
0.67575
0.95607
0.13669
0.61079
0.07964
0.56087
0.56205
0.55558
0.49992
0.36162
0.11732
0.42854
0.79464
0.1709
0.80683
0.43574
0.26712
0.45889
0.17039
0.9856
0.91517
0.26533
0.30831
0.39926
0.27163
0.52095
0.29959
0.59615
0.98251
0.78499
0.5268
0.79865
0.072441
0.20245
0.55791
0.27562
0.31291
0.84993
0.39372
0.0072246
0.24007
0.23999
0.013528
0.87441
0.081839
0.16347
0.567
0.56236
0.79659
0.61852
0.5721
0.652
0.60572
0.32382
0.13078
0.12238
0.60792
0.47902
0.48663
0.61738
0.078738
0.77785
0.99253
0.37295
0.99144
0.57506
0.80175
0.055717
0.46328
0.99873
0.43588
0.30373
0.61582
0.16717
0.38771
0.99001
0.42815
0.60075
0.66901
0.99404
0.51955
0.30409
0.3641
0.19968
0.74893
0.2842
0.2719
0.0050015
0.36478
0.79654
0.73915
0.026881
0.86438
0.88045
0.029273
0.59667
0.92103
0.6179
0.93808
0.066147
0.51475
0.87117
0.78778
0.13539
0.36631
0.28426
0.24965
0.066794
0.8171
0.013881
0.57802
0.65174
0.51491
0.56842
0.097463
0.48327
0.088982
0.98741
0.093701
0.658
0.31613
0.012747
0.23782
0.81037
0.63657
0.5186
0.049914
0.47853
0.719
0.13215
0.47931
0.84098
0.21297
0.30539
0.9586
0.57625
0.20356
0.52864
0.40044
0.95775
0.18466
0.1196
0.85865
0.29418
0.59835
0.16058
0.47975
0.34865
0.13553
0.31721
0.24694
0.62925
0.50136
0.71511
0.96314
0.62194
0.65211
0.7764
0.63911
0.21681
0.29404
0.26012
0.10436
0.12552
0.63226
0.22103
0.44361
0.8831
0.34686
0.66407
0.54755
0.22342
0.1962
0.22391
0.28185
0.86636
0.015551
0.47023
0.36101
0.72042
0.18901
0.56074
0.39157
0.68678
0.47784
0.63659
0.10661
0.031516
0.82539
0.1793
0.080582
0.029257
0.23673
0.1978
0.57746
0.35024
0.44233
0.56352
0.0087534
0.50789
0.85282
0.99076
0.4131
0.03988
0.4146
0.34807
0.098671
0.5092
0.39409
0.37777
0.30371
0.42954
0.59913
0.085743
0.39554
0.01155
0.26633
0.1715
0.25356
0.87785
0.76298
0.0066715
0.066989
0.90402
0.92405
0.26391
0.62825
0.88217
0.68787
0.22516
0.10683
0.95546
0.26732
0.99565
0.58687
0.69524
0.88932
0.49372
0.575
0.82535
0.60954
0.39655
0.38678
0.38396
0.4986
0.27074
0.84938
0.60926
0.85038
0.0096737
0.050188
0.47047
0.14802
0.88887
0.067177
0.12342
0.27833
0.43652
0.95402
0.46337
0.23993
0.43898
0.18658
0.35027
0.28964
0.88172
0.94435
0.92583
0.77928
0.52553
0.57344
0.33878
0.6156
0.87352
0.74755
0.16408
0.25539
0.4256
0.91372
0.75486
0.46896
0.35078
0.34704
0.69202
0.272
0.93167
0.76771
0.83844
0.88258
0.99625
0.04128
0.87158
0.31635
0.80949
0.51615
0.35554
0.27577
0.15305
0.058242
0.51418
0.30647
0.11545
0.1114
0.018612
0.63745
0.76137
0.41257
0.073241
0.11638
0.92664
0.34046
0.37011
0.44563
0.4417
0.50376
0.78266
0.091
0.86574
0.8082
0.10968
0.12508
0.94513
0.8645
0.78509
0.30339
0.99146
0.42633
0.022454
0.52753
0.055019
0.45051
0.91403
0.75181
0.17992
0.78622
0.0075594
0.16475
0.39192
0.57767
0.59352
0.96529
0.47707
0.34006
0.88826
0.39161
0.29787
0.21413
0.93062
0.44787
0.6524
0.85937
0.37243
0.062546
0.23666
0.53061
0.67584
0.064751
0.73374
0.045242
0.95273
0.71031
0.016777
0.042114
0.99612
0.79532
0.83609
0.21541
0.85105
0.6669
0.98676
0.87197
0.60987
0.75596
0.53575
0.74989
0.37036
0.60065
0.72283
0.69557
0.88764
0.48702
0.81007
0.63499
0.29325
0.96785
0.47527
0.7283
0.16523
0.49378
0.22945
0.41205
0.84795
0.70327
0.70483
0.43192
0.69155
0.46447
0.23381
0.16044
0.78977
0.74755
0.40361
0.069878
0.33345
0.82351
0.69584
0.7231
0.28334
0.19189
0.11252
0.45202
0.30242
0.65313
0.76769
0.92013
0.94692
0.41591
0.28493
0.80947
0.51257
0.040712
0.44989
0.20047
0.37181
0.28734
0.85358
0.0079299
0.57924
0.91373
0.67882
0.20732
0.53741
0.45044
0.88305
0.88405
0.4582
0.12488
0.45377
0.25866
0.28244
0.78815
0.68045
0.85962
0.91159
0.10731
0.69683
0.12536
0.029539
0.74528
0.1693
0.86146
0.54902
0.87423
0.7529
0.65257
0.81685
0.4461
0.7241
0.44835
0.86763
0.16732
0.7177
0.19766
0.51628
0.12253
0.49906
0.29651
0.023298
0.74614
0.44811
0.58781
0.52154
0.22031
0.98403
0.38938
0.8482
0.26098
0.89332
0.26824
0.79004
0.94715
0.69164
0.32053
0.62774
0.098134
0.82216
0.94603
0.41245
0.27228
0.49243
0.26256
0.59652
0.091041
0.22294
0.64872
0.87688
0.50921
0.67856
0.73725
0.087479
0.28102
0.59095
0.35917
0.62238
0.54098
0.3551
0.63238
0.64311
0.59705
0.4531
0.48432
0.8817
0.016189
0.08188
0.82815
0.31506
0.98884
0.72568
0.47587
0.75657
0.79234
0.55823
0.61937
0.96157
0.88326
0.87103
0.38832
0.11662
0.38266
0.010247
0.88409
0.66762
0.4057
0.021431
0.79997
0.17979
0.94574
0.89236
0.78381
0.63274
0.9793
0.75477
0.46642
0.14578
0.44495
0.61692
0.67514
0.18625
0.95608
0.69111
0.11706
0.1958
0.84032
0.27171
0.077765
0.29602
0.59411
0.72486
0.90447
0.45504
0.34539
0.68882
0.034398
0.88201
0.68411
0.30797
0.95073
0.059
0.58145
0.85133
0.76017
0.74394
0.0081453
0.17856
0.87871
0.97201
0.33412
0.4937
0.97386
0.024332
0.092164
0.73917
0.66245
0.25309
0.83045
0.08927
0.22603
0.99362
0.82167
0.84134
0.067136
0.76463
0.64329
0.55367
0.31971
0.17245
0.63345
0.63334
0.81611
0.37763
0.1991
0.59772
0.40725
0.024001
0.034515
0.67458
0.59526
0.13007
0.090599
0.41322
0.095484
0.14323
0.6302
0.88911
0.36599
0.51168
0.74593
0.54024
0.95424
0.72618
0.65842
0.26926
0.17308
0.92974
0.14526
0.30885
0.94336
0.76688
0.10726
0.89236
0.069499
0.10159
0.33749
0.16875
0.51462
0.19173
0.37418
0.59644
0.16947
0.82626
0.80174
0.58002
0.83523
0.045841
0.80733
0.19825
0.76313
0.19108
0.62509
0.26552
0.16825
0.014385
0.033654
0.30437
0.61082
0.8939
0.7857
0.2048
0.81696
0.10692
0.055939
0.70726
0.64329
0.27009
0.93038
0.13141
0.92179
0.16516
0.88737
0.4525
0.46776
0.98236
0.24388
0.59748
0.75855
0.24368
0.4115
0.30735
0.74836
0.70247
0.66928
0.55987
0.93435
0.096877
0.56331
0.44028
0.95661
0.0047419
0.67214
0.90161
0.93003
0.59929
0.5495
0.46044
0.049051
0.37589
0.30761
0.26306
0.34908
0.64273
0.89451
0.63109
0.26905
0.60303
0.75748
0.90752
0.85315
0.47895
0.099719
0.55245
0.64807
0.10013
0.24325
0.62967
0.35518
0.14488
0.92475
0.5067
0.94318
0.8628
0.39983
0.66479
0.00047628
0.75989
0.57754
0.95976
0.54643
0.6314
0.34869
0.23271
0.20733
0.82933
0.30637
0.97852
0.69869
0.085679
0.2726
0.30309
0.87485
0.48022
0.78262
0.54421
0.5271
0.75914
0.97009
0.92922
0.31128
0.035497
0.11573
0.49701
0.37281
0.21822
0.4284
0.59686
0.0025352
0.41756
0.91078
0.14737
0.072253
0.54983
0.63236
0.80388
0.46065
0.50664
0.38634
0.29423
0.5418
0.025149
0.1606
0.64751
0.79332
0.12105
0.068533
0.073683
0.23357
0.28776
0.709
0.79903
0.49893
0.2698
0.49737
0.92031
0.090925
0.16093
0.48574
0.75695
0.82244
0.026259
0.70578
0.84637
0.80911
0.94923
0.90051
0.92438
0.089784
0.66775
0.86292
0.49221
0.85304
0.098882
0.43611
0.23986
0.14721
0.7681
0.27359
0.12365
0.79135
0.71382
0.16191
0.12865
0.98701
0.45646
0.12737
0.59512
0.98824
0.082741
0.029881
0.60958
0.74073
0.58673
0.93337
0.22021
0.33086
0.83155
0.96194
0.046844
0.06892
0.071048
0.42966
0.65717
0.64282
0.30436
0.96194
0.82582
0.89072
0.68787
0.37313
0.42897
0.060637
0.61332
0.52196
0.71059
0.2155
0.57737
0.44271
0.020851
0.97489
0.86082
0.92496
0.06733
0.21758
0.55906
0.054321
0.56561
0.037339
0.50508
0.91032
0.23972
0.84145
0.3886
0.99521
0.16695
0.79956
0.47274
0.3241
0.90572
0.080561
0.695
0.15824
0.19317
0.3063
0.91477
0.52976
0.89999
0.042091
0.70345
0.5399
0.90754
0.013542
0.95177
0.077892
0.12879
0.79641
0.54996
0.65651
0.88063
0.75621
0.2763
0.62013
0.10505
0.93075
0.40479
0.75991
0.63595
0.94459
0.35237
0.45795
0.46128
0.36549
0.13591
0.23121
0.56111
0.37215
0.42027
0.54343
0.13524
0.56656
0.50201
0.80773
0.80759
0.30598
0.10909
0.38508
0.039589
0.23037
0.77298
0.6601
0.31336
0.27478
0.71284
0.58491
0.70143
0.6768
0.34308
0.79548
0.88812
0.77658
0.62298
0.57144
0.18074
0.24908
0.8261
0.24639
0.63074
0.99921
0.9159
0.98284
0.41939
0.6684
0.71755
0.55583
0.34383
0.96699
0.45949
0.9586
0.47063
0.99148
0.64958
0.16241
0.039052
0.22084
0.97906
0.97494
0.90604
0.089892
0.43245
0.031499
0.67224
0.84578
0.81556
0.48343
0.48792
0.43219
0.63134
0.80822
0.087702
0.45039
0.28414
0.97706
0.68999
0.68352
0.47371
0.8738
0.39138
0.28209
0.084808
0.29541
0.99065
0.54701
0.55702
0.34831
0.52697
0.21884
0.54041
0.15461
0.23036
0.21677
0.42188
0.90109
0.94503
0.24959
0.022234
0.54946
0.76317
0.27294
0.99215
0.66703
0.33314
0.027468
0.88684
0.29109
0.30915
0.57667
0.3705
0.35113
0.045279
0.252
0.7264
0.14369
0.95773
0.15334
0.17965
0.97892
0.39615
0.88988
0.98682
0.94072
0.54312
0.4486
0.86919
0.15676
0.55464
0.45625
0.19174
0.72385
0.64987
0.088583
0.6824
0.088686
0.40945
0.40698
0.25266
0.75704
0.2606
0.63813
0.60983
0.68619
0.42953
0.94333
0.3083
0.86001
0.44412
0.047694
0.13043
0.033814
0.88873
0.38364
0.11975
0.20428
0.8209
0.24427
0.28446
0.86288
0.016176
0.67651
0.61371
0.34718
0.69505
0.10119
0.15481
0.37016
0.30549
0.33008
0.42792
0.52578
0.15446
0.64329
0.15529
0.35906
0.76709
0.72774
0.16917
0.44515
0.25581
0.38099
0.46829
0.56561
0.83285
0.9121
0.11316
0.64178
0.30737
0.11045
0.44663
0.96283
0.26562
0.28478
0.42932
0.23983
0.89352
0.086718
0.51461
0.6787
0.301
0.039555
0.77787
0.84987
0.6588
0.0064957
0.72415
0.55057
0.40424
0.46873
0.46667
0.48461
0.94701
0.49792
0.36027
0.37252
0.89801
0.42685
0.89083
0.28208
0.016943
0.56036
0.042018
0.34485
0.67471
0.6077
0.39659
0.83968
0.89141
0.56683
0.70867
0.54948
0.57796
0.19706
0.42324
0.24097
0.71764
0.3351
0.63323
0.56763
0.024557
0.76212
0.048742
0.57158
0.33443
0.15788
0.50714
0.53326
0.57998
0.32952
0.16647
0.027562
0.49568
0.90078
0.063441
0.28058
0.63305
0.75977
0.8242
0.68177
0.36877
0.85984
0.69071
0.054695
0.50594
0.22201
0.44249
0.46208
0.17759
0.40177
0.18794
0.87782
0.82214
0.73982
0.21838
0.67935
0.56055
0.12394
0.70252
0.74747
0.88808
0.44496
0.43257
0.88436
0.44656
0.46348
0.25723
0.23565
0.94705
0.21597
0.9697
0.10335
0.31125
0.19287
0.97179
0.5034
0.25982
0.45096
0.091381
0.23355
0.59646
0.11788
0.53922
0.93874
0.95927
0.67721
0.088356
0.14626
0.10419
0.75222
0.68994
0.3195
0.28271
0.20656
0.54231
0.20608
0.95262
0.70903
0.27513
0.25834
0.18892
0.15275
0.56541
0.68106
0.39247
0.47684
0.78931
0.79341
0.49798
0.71104
0.10797
0.25184
0.90832
0.3312
0.98742
0.039193
0.35425
0.87826
0.0088296
0.31023
0.84713
0.56578
0.53067
0.46293
0.90134
0.54522
0.71941
0.80092
0.087913
0.067346
0.92225
0.11428
0.95541
0.63482
0.1164
0.64829
0.30416
0.84392
0.80968
0.94765
0.60687
0.063886
0.14401
0.90389
0.2706
0.47764
0.4025
0.037994
0.0171
0.032985
0.15773
0.78711
0.36668
0.98853
0.75881
0.94041
0.033519
0.23962
0.74458
0.51687
0.20101
0.6673
0.30606
0.00060154
0.19628
0.2474
0.72632
0.016063
0.67625
0.53356
0.020189
0.58511
0.040004
0.78977
0.10326
0.59078
0.45164
0.67408
0.52012
0.099649
0.42927
0.63202
0.97799
0.74922
0.8733
0.57974
0.9143
0.74447
0.70148
0.66776
0.84685
0.59091
0.99728
0.44498
0.30438
0.42869
0.13305
0.9391
0.57883
0.037167
0.61563
0.3562
0.43342
0.5952
0.9908
0.14946
0.35328
0.063148
0.97498
0.7561
0.74592
0.9752
0.31531
0.52917
0.52687
0.15262
0.18418
0.77623
0.9646
0.15661
0.62293
0.076409
0.70922
0.3932
0.18883
0.36223
0.7321
0.32224
0.2186
0.37723
0.91543
0.95181
0.6317
0.21568
0.3032
0.42053
0.86379
0.84851
0.18123
0.080372
0.65607
0.52568
0.20808
0.74406
0.1067
0.23318
0.60176
0.15068
0.25231
0.53932
0.13941
0.86871
0.79586
0.77959
0.056711
0.25653
0.12068
0.13321
0.43835
0.51721
0.46252
0.003034
0.93686
0.21188
0.15979
0.39983
0.54364
0.0090048
0.01024
0.56473
0.8738
0.58363
0.50082
0.0045494
0.52136
0.20977
0.99652
0.37695
0.7587
0.91187
0.99008
0.55255
0.19735
0.067798
0.82926
0.65184
0.25047
0.57056
0.82369
0.64253
0.99421
0.60218
0.76568
0.13935
0.62394
0.92189
0.74622
0.22614
0.44486
0.74799
0.20746
0.88946
0.59003
0.12352
0.47475
0.013854
0.096963
0.8311
0.18641
0.30216
0.43721
0.96065
0.9753
0.92929
0.97094
0.48835
0.85317
0.96158
0.49308
0.35684
0.14836
0.095186
0.96595
0.98999
0.95681
0.61868
0.092429
0.6624
0.59824
0.85521
0.50634
0.16475
0.6694
0.94497
0.17171
0.36084
0.98183
0.14238
0.81677
0.047586
0.11027
0.49369
0.35666
0.74268
0.41
0.85153
0.68525
0.62055
0.84427
0.072818
0.8845
0.58059
0.49998
0.71322
0.70745
0.99435
0.90051
0.8491
0.58803
0.64657
0.71423
0.78467
0.16392
0.78579
0.3558
0.030612
0.13664
0.37754
0.48509
0.035054
0.0041935
0.96501
0.22312
0.65206
0.74332
0.092757
0.18896
0.91018
0.19265
0.97062
0.42225
0.021012
0.36405
0.89939
0.2823
0.84209
0.75265
0.67306
0.074036
0.95743
0.72292
0.18431
0.43557
0.17992
0.94658
0.17299
0.29475
0.1411
0.63593
0.62748
0.98341
0.4346
0.46904
0.45498
0.24998
0.18701
0.96608
0.15884
0.41019
0.81762
0.1073
0.79132
0.76452
0.24971
0.16944
0.60045
0.33871
0.57056
0.28784
0.64843
0.12774
0.49212
0.55997
0.99841
0.87403
0.43081
0.24145
0.46826
0.86727
0.18536
0.68087
0.046834
0.84933
0.213
0.87186
0.58162
0.93829
0.64616
0.081588
0.72913
0.53448
0.72161
0.44293
0.22329
0.30048
0.29949
0.54914
0.99126
0.40471
0.80035
0.60282
0.24377
0.53483
0.66347
0.91084
0.98834
0.27501
0.42286
0.59686
0.3304
0.46649
0.35894
0.031203
0.67839
0.46972
0.67689
0.80393
0.51006
0.70161
0.7958
0.42345
0.23523
0.86103
0.28772
0.86125
0.019562
0.85834
0.30194
0.12168
0.52351
0.27533
0.38068
0.69953
0.63209
0.59168
0.91727
0.42907
0.54328
0.57337
0.42394
0.42034
0.91176
0.43679
0.66545
0.14932
0.29266
0.98415
0.75992
0.13719
0.073846
0.29236
0.7743
0.92974
0.94761
0.29288
0.2972
0.46695
0.32174
0.19846
0.83938
0.041953
0.41876
0.11769
0.77997
0.75834
0.36198
0.46519
0.9982
0.2818
0.18966
0.39122
0.36394
0.423
0.18579
0.83423
0.80854
0.11809
0.27108
0.042712
0.19638
0.58628
0.24448
0.16717
0.16233
0.79601
0.28655
0.95931
0.47708
0.46981
0.77523
0.70332
0.54969
0.022597
0.64321
0.28484
0.95264
0.95934
0.47582
0.57307
0.91211
0.031101
0.71724
0.23208
0.57598
0.12148
0.29011
0.45391
0.48984
0.27857
0.038872
0.33065
0.93822
0.85704
0.002005
0.78662
0.41598
0.87707
0.26409
0.58752
0.068161
0.40708
0.17373
0.67985
0.2901
0.95897
0.98578
0.14309
0.83743
0.16167
0.89539
0.52271
0.51391
0.72983
0.94884
0.77555
0.45364
0.88266
0.42594
0.97698
0.70016
0.27437
0.043487
0.25828
0.40316
0.52351
0.19167
0.12275
0.52777
0.79341
0.87879
0.87148
0.67084
0.34471
0.11947
0.056774
0.27609
0.24215
0.80207
0.2497
0.84385
0.97619
0.036307
0.66169
0.15434
0.32274
0.27048
0.064137
0.95031
0.61284
0.41982
0.78555
0.27622
0.50365
0.9652
0.71866
0.14343
0.36157
0.48093
0.82447
0.58116
0.80357
0.55001
0.060364
0.8879
0.85995
0.34852
0.52712
0.27148
0.2585
0.10474
0.062494
0.27689
0.77259
0.13954
0.428
0.65059
0.268
0.67549
0.32593
0.58868
0.043257
0.54527
0.85274
0.26135
0.32676
0.82572
0.32171
0.91882
0.0068598
0.82217
0.2762
0.5971
0.49888
0.7546
0.35231
0.13645
0.43185
0.81933
0.91466
0.48637
0.52568
0.75712
0.47598
0.68705
0.65578
0.35032
0.020266
0.98761
0.8225
0.019796
0.37574
0.70168
0.62148
0.63683
0.92677
0.032558
0.15718
0.27594
0.39303
0.41729
0.71651
0.6086
0.5961
0.31225
0.043715
0.45445
0.1245
0.73571
0.55271
0.63657
0.62947
0.76252
0.17419
0.77703
0.19852
0.65614
0.21516
0.56566
0.085106
0.16314
0.01621
0.72349
0.72615
0.10295
0.75058
0.72738
0.86611
0.07111
0.31316
0.53184
0.5256
0.42332
0.96822
0.71059
0.78282
0.99104
0.087105
0.7103
0.40463
0.094769
0.74378
0.97335
0.75407
0.13359
0.56354
0.53681
0.43634
0.062418
0.76477
0.68144
0.93935
0.77301
0.055671
0.46848
0.38128
0.64536
0.289
0.34769
0.45963
0.26699
0.91016
0.78861
0.7436
0.58603
0.93147
0.37953
0.66562
0.40113
0.32055
0.26449
0.67843
0.44491
0.45286
0.38263
0.57667
0.47947
0.29716
0.36914
0.054877
0.47901
0.44837
0.99066
0.50333
0.53699
0.052811
0.59115
0.11389
0.14761
0.93741
0.40913
0.32665
0.20829
0.55773
0.20317
0.24086
0.53343
0.57433
0.65131
0.081927
0.24117
0.60025
0.76402
0.54312
0.17752
0.22288
0.01152
0.17333
0.70242
0.43747
0.092274
0.2257
0.72843
0.10965
0.013713
0.90663
0.9252
0.87865
0.77767
0.87872
0.81428
0.99843
0.45525
0.50429
0.8553
0.4292
0.85421
0.46712
0.93663
0.61401
0.040762
0.12105
0.50754
0.94939
0.50343
0.18732
0.87472
0.026478
0.71095
0.54668
0.40265
0.27999
0.52274
0.91055
0.25947
0.27296
0.29471
0.94756
0.90155
0.56719
0.61113
0.63077
0.33761
0.14949
0.23009
0.050018
0.9596
0.027543
0.04201
0.48427
0.04068
0.21359
0.11244
0.64541
0.57688
0.23485
0.12754
0.84893
0.76685
0.68574
0.090947
0.39962
0.13527
0.31976
0.58023
0.11709
0.052688
0.32191
0.64885
0.26546
0.055536
0.36199
0.14255
0.43353
0.24262
0.46029
0.083319
0.48062
0.27861
0.27502
0.22708
0.96102
0.51589
0.41838
0.21253
0.75924
0.0088702
0.72515
0.13378
0.021255
0.63594
0.77428
0.4259
0.027799
0.0071661
0.044063
0.98643
0.16455
0.51518
0.023728
0.67976
0.015864
0.087702
0.90886
0.27703
0.89176
0.11031
0.18138
0.50573
0.11978
0.48832
0.5751
0.15284
0.66359
0.95102
0.81413
0.63037
0.80419
0.93424
0.80499
0.25026
0.46363
0.75548
0.33999
0.11968
0.60033
0.41885
0.38554
0.0054144
0.33584
0.47145
0.017683
0.35665
0.29093
0.492
0.057627
0.43481
0.63313
0.27697
0.54832
0.16599
0.67271
0.67927
0.13203
0.49023
0.56673
0.98786
0.10346
0.60303
0.38754
0.60767
0.94197
0.19956
0.10223
0.42312
0.63837
0.6525
0.92939
0.56172
0.80596
0.50028
0.053041
0.33667
0.8849
0.81059
0.59091
0.23382
0.47322
0.33043
0.72672
0.56328
0.90089
0.07003
0.022553
0.17188
0.70128
0.57413
0.53088
0.04981
0.030479
0.89474
0.76994
0.0061467
0.41518
0.81938
0.16799
0.83489
0.44622
0.43356
0.8741
0.085818
0.74868
0.20811
0.99724
0.65915
0.0887
0.85297
0.92101
0.073671
0.30324
0.063562
0.46764
0.14115
0.077806
0.79807
0.76117
0.52434
0.37341
0.81084
0.72358
0.6698
0.44306
0.29841
0.93297
0.93501
0.64168
0.15914
0.57453
0.15051
0.74785
0.99064
0.22995
0.73628
0.19636
0.87495
0.33214
0.46886
0.79225
0.39887
0.65611
0.87634
0.41077
0.87817
0.6859
0.25344
0.39857
0.79358
0.57863
0.12257
0.48959
0.98169
0.30729
0.2744
0.9364
0.25591
0.44257
0.93323
0.47104
0.68453
0.27098
0.72337
0.71713
0.88374
0.33556
0.32987
0.9973
0.73241
0.17588
0.1042
0.54327
0.81433
0.7332
0.3549
0.13192
0.47608
0.33793
0.30475
0.36759
0.88272
0.48916
0.64578
0.97229
0.90715
0.25617
0.21739
0.81517
0.15708
0.84373
0.71712
0.36252
0.13047
0.018818
0.58774
0.77814
0.42581
0.33562
0.12451
0.65744
0.53554
0.67577
0.59212
0.949
0.98472
0.40112
0.91083
0.15744
0.28673
0.064659
0.35609
0.75347
0.6205
0.32563
0.82663
0.24525
0.76716
0.41327
0.51915
0.9229
0.63887
0.7454
0.7535
0.50366
0.38135
0.88231
0.25126
0.97871
0.65755
0.94552
0.62433
0.27167
0.9346
0.18544
0.63294
0.83896
0.28561
0.10436
0.12156
0.68561
0.90895
0.15425
0.68313
0.21427
0.2285
0.46551
0.28071
0.21635
0.22145
0.30673
0.071936
0.71158
0.64955
0.17506
0.81237
0.42846
0.33955
0.24572
0.36709
0.38349
0.7647
0.27549
0.65406
0.38475
0.78604
0.39112
0.071437
0.12641
0.94527
0.83832
0.05323
0.92252
0.19456
0.45618
0.11988
0.42447
0.88875
0.63208
0.80189
0.29881
0.16186
0.12716
0.44128
0.21974
0.26833
0.74022
0.43805
0.99733
0.87838
0.0026757
0.21762
0.617
0.59171
0.22394
0.14504
0.4468
0.056015
0.86662
0.34458
0.96258
0.86735
0.74223
0.16972
0.75059
0.77532
0.84056
0.44884
0.32654
0.73105
0.23056
0.97177
0.50554
0.24194
0.87233
0.007936
0.21891
0.61744
0.10652
0.64066
0.33873
0.99748
0.60935
0.11441
0.38286
0.2497
0.97754
0.77221
0.9368
0.38594
0.62441
0.52514
0.16495
0.99792
0.29018
0.41401
0.59831
0.15894
0.85721
0.83936
0.15291
0.40468
0.47622
0.30053
0.18061
0.73455
0.4459
0.47786
0.054427
0.44942
0.092881
0.027818
0.97401
0.65947
0.29583
0.10591
0.99598
0.30862
0.17577
0.27831
0.77874
0.35974
0.83207
0.37629
0.85592
0.22617
0.33841
0.56659
0.11066
0.84619
0.080054
0.074208
0.44857
0.43651
0.34385
0.77702
0.49661
0.99128
0.16131
0.27456
0.58149
0.4551
0.20514
0.23432
0.21816
0.30837
0.46
0.13174
0.88856
0.172
0.037263
0.21768
0.62221
0.91988
0.96783
0.30072
0.98379
0.29091
0.31774
0.047418
0.90564
0.30632
0.57026
0.65889
0.20484
0.97597
0.20921
0.76772
0.91348
0.6016
0.76724
0.99949
0.2171
0.59134
0.98526
0.72748
0.81451
0.79024
0.11122
0.25289
0.78861
0.84045
0.70164
0.9505
0.068172
0.59317
0.1587
0.36608
0.64047
0.88264
0.82757
0.87437
0.36623
0.49155
0.4702
0.98213
0.49081
0.47342
0.52576
0.094814
0.38507
0.71837
0.97399
0.19
0.84934
0.13067
0.71406
0.28922
0.64138
0.89368
0.44073
0.4131
0.43744
0.42828
0.64165
0.92127
0.29594
0.89122
0.29501
0.58367
0.51493
0.64053
0.017178
0.71987
0.61279
0.38961
0.60316
0.17287
0.25441
0.36739
0.94466
0.81687
0.77343
0.089998
0.90453
0.86522
0.035919
0.17055
0.56271
0.4634
0.25609
0.92111
0.67071
0.32536
0.62254
0.069177
0.97507
0.90255
0.066794
0.58632
0.74491
0.57863
0.67247
0.93219
0.89732
0.89513
0.60301
0.73053
0.36478
0.50454
0.22007
0.66099
0.25689
0.31225
0.80333
0.45404
0.81522
0.95041
0.9668
0.74091
0.011155
0.9799
0.71525
0.49162
0.25934
0.72018
0.76304
0.042316
0.41787
0.13086
0.70547
0.41174
0.32234
0.93492
0.96894
0.69078
0.81065
0.082779
0.028313
0.65392
0.063769
0.52349
0.72767
0.74771
0.51312
0.645
0.21867
0.65195
0.67103
0.87978
0.16282
0.047804
0.72836
0.62652
0.58338
0.96723
0.74578
0.089448
0.7356
0.21918
0.20923
0.63677
0.80601
0.018559
0.2765
0.075825
0.84513
0.006594
0.21886
0.81219
0.53975
0.24995
0.99408
0.47834
0.55792
0.60101
0.43432
0.082632
0.99415
0.81416
0.77021
0.33476
0.88677
0.68001
0.29148
0.81515
0.62523
0.64664
0.31637
0.52704
0.67535
0.27479
0.22468
0.22524
0.91085
0.78151
0.62249
0.18918
0.61752
0.71242
0.25002
0.43006
0.033006
0.40654
0.1192
0.71012
0.64994
0.4755
0.078269
0.054784
0.095138
0.36628
0.19503
0.65261
0.9067
0.48972
0.44569
0.06424
0.29397
0.25235
0.91961
0.92893
0.96809
0.0070276
0.0065387
0.10331
0.32116
0.92583
0.28961
0.82389
0.55672
0.3168
0.27146
0.90288
0.18778
0.41372
0.14621
0.079224
0.10087
0.98254
0.844
0.12003
0.14514
0.26109
0.55188
0.56837
0.27868
0.3816
0.58635
0.62884
0.6602
0.43698
0.38565
0.022443
0.79698
0.29474
0.034052
0.23187
0.4631
0.55797
0.032225
0.14875
0.76451
0.95406
0.94476
0.41881
0.044332
0.84512
0.12029
0.29838
0.79051
0.89394
0.24811
0.19085
0.18259
0.89853
0.82305
0.92395
0.37342
0.8751
0.59742
0.90013
0.14342
0.061928
0.90089
0.38172
0.94612
0.42293
0.8437
0.85638
0.39134
0.14165
0.39904
0.63857
0.74342
0.29686
0.8966
0.90362
0.03105
0.85916
0.28084
0.54912
0.18618
0.43947
0.64122
0.61119
0.13663
0.22921
0.5541
0.078425
0.64904
0.15589
0.46024
0.61298
0.73102
0.97459
0.81636
0.23138
0.91731
0.5341
0.56359
0.6706
0.92245
0.30924
0.25091
0.60078
0.82882
0.4555
0.49267
0.38809
0.99554
0.62333
0.60032
0.53429
0.9035
0.85323
0.017241
0.76679
0.13616
0.29355
0.71157
0.97587
0.64837
0.93018
0.096238
0.051687
0.90672
0.52888
0.44902
0.56003
0.21834
0.78743
0.93321
0.97325
0.2085
0.74332
0.31514
0.56467
0.88295
0.33096
0.96416
0.20721
0.2807
0.9888
0.85509
0.0737
0.98994
0.93233
0.45567
0.53911
0.46529
0.40244
0.64539
0.86226
0.32314
0.12183
0.96834
0.49867
0.21454
0.48426
0.70566
0.032722
0.68199
0.61747
0.0050767
0.69511
0.48269
0.73585
0.829
0.55675
0.70845
0.20696
0.13429
0.51931
0.62297
0.55228
0.42185
0.69444
0.89239
0.73399
0.62435
0.71682
0.31217
0.75905
0.99219
0.2812
0.85807
0.1215
0.81892
0.78856
0.045284
0.89413
0.78549
0.036114
0.50187
0.0094243
0.53858
0.6465
0.40559
0.096344
0.57159
0.8078
0.47144
0.3141
0.11236
0.53525
0.65382
0.43288
0.41356
0.88537
0.09526
0.66596
0.37884
0.33958
0.70649
0.63516
0.79089
0.31258
0.55554
0.46303
0.046566
0.94538
0.27445
0.76404
0.86701
0.33462
0.39474
0.22682
0.79825
0.97992
0.60758
0.45008
0.93827
0.73111
0.58313
0.18832
0.50203
0.24222
0.0389
0.17439
0.425
0.68688
0.31914
0.076964
0.99533
0.10307
0.4954
0.82662
0.47727
0.92163
0.90219
0.29666
0.56684
0.72727
0.89485
0.84191
0.063916
0.8494
0.1566
0.33049
0.98404
0.026535
0.01161
0.12273
0.10417
0.86767
0.1807
0.10653
0.75906
0.71206
0.65634
0.88128
0.79174
0.86592
0.96899
0.30849
0.68622
0.99428
0.82078
0.67031
0.31687
0.81342
0.91451
0.27899
0.21984
0.48199
0.98018
0.21299
0.047935
0.47497
0.25613
0.66769
0.92595
0.979
0.58457
0.60519
0.79317
0.21102
0.39143
0.58108
0.067005
0.27386
0.36622
0.51806
0.70995
0.13931
0.05738
0.39842
0.91381
0.095791
0.90989
0.42913
0.60281
0.67257
0.41015
0.92445
0.77608
0.47393
0.43247
0.74303
0.26856
0.087293
0.81547
0.26913
0.9133
0.3282
0.86389
0.31094
0.88036
0.83139
0.90012
0.88983
0.27975
0.51512
0.72227
0.1647
0.57494
0.62924
0.25596
0.76207
0.51485
0.61745
0.018985
0.36301
0.34386
0.94281
0.35533
0.73017
0.65895
0.54208
0.29038
0.5497
0.81821
0.38035
0.26288
0.81167
0.21923
0.020762
0.20266
0.53589
0.077097
0.51922
0.19706
0.17064
0.79537
0.83346
0.45382
0.12121
0.0072009
0.49576
0.63099
0.59063
0.88507
0.20992
0.75836
0.40703
0.90231
0.79527
0.79437
0.71688
0.61583
0.94056
0.84139
0.35002
0.86332
0.74593
0.67356
0.42055
0.538
0.079479
0.42189
0.60041
0.68906
0.19515
0.53348
0.87307
0.96824
0.81518
0.10997
0.54101
0.47268
0.457
0.014642
0.35504
0.36178
0.69243
0.83717
0.99619
0.22146
0.50982
0.58114
0.1391
0.54862
0.56693
0.63356
0.6927
0.84206
0.22238
0.4799
0.3737
0.82441
0.91414
0.35714
0.99891
0.60754
0.6924
0.30029
0.8725
0.2157
0.75029
0.084508
0.96041
0.4578
0.98142
0.29924
0.80191
0.34242
0.47578
0.70338
0.88633
0.95365
0.49395
0.9825
0.3066
0.00022536
0.75662
0.98244
0.52735
0.74993
0.35586
0.2101
0.026353
0.045175
0.81972
0.91668
0.76152
0.51921
0.86896
0.96383
0.37557
0.26732
0.26068
0.10469
0.64376
0.25732
0.98127
0.38921
0.84155
0.79655
0.43138
0.20215
0.23021
0.61151
0.19913
0.58725
0.13489
0.28235
0.84383
0.98312
0.9593
0.66239
0.42972
0.87844
0.092295
0.33734
0.58741
0.46842
0.38405
0.13241
0.0021795
0.25129
0.90154
0.98685
0.47514
0.95686
0.32999
0.16034
0.43611
0.45782
0.81773
0.47216
0.42452
0.21629
0.24861
0.3634
0.02169
0.51514
0.65797
0.75051
0.96362
0.5688
0.43901
0.98487
0.9352
0.86893
0.3631
0.686
0.56364
0.70378
0.72832
0.69579
0.056476
0.51495
0.51696
0.74696
0.27176
0.13722
0.25152
0.39858
0.47177
0.63971
0.16634
0.45831
0.72176
0.89485
0.43839
0.83828
0.18094
0.42991
0.50828
0.23884
0.9054
0.8076
0.16031
0.43054
0.23833
0.71958
0.40845
0.13199
0.73095
0.30872
0.81375
0.76857
0.76983
0.74528
0.42381
0.81643
0.40066
0.52162
0.36674
0.095018
0.6984
0.44694
0.63397
0.74376
0.12783
0.062408
0.93488
0.13411
0.8004
0.44664
0.088601
0.66962
0.52947
0.69232
0.74738
0.42774
0.98356
0.76316
0.087121
0.56457
0.63722
0.17902
0.35717
0.13133
0.46881
0.038248
0.73421
0.045292
0.40322
0.11771
0.6667
0.46345
0.54758
0.4347
0.79711
0.69328
0.97108
0.37029
0.18718
0.5465
0.3944
0.86222
0.61532
0.98225
0.17415
0.45773
0.18658
0.421
0.2859
0.53673
0.67746
0.16468
0.41356
0.22248
0.045216
0.43739
0.72159
0.78806
0.38448
0.52269
0.5131
0.26824
0.25148
0.62898
0.00039779
0.16423
0.6664
0.53335
0.68849
0.65956
0.40981
0.95567
0.56494
0.36759
0.24764
0.19968
0.62391
0.38718
0.36547
0.51965
0.77933
0.61594
0.35803
0.95792
0.23392
0.11476
0.86046
0.15402
0.18075
0.36208
0.53118
0.70721
0.76034
0.22645
0.6728
0.24038
0.93817
0.75285
0.21869
0.44757
0.37752
0.93643
0.64555
0.45127
0.098107
0.5894
0.20829
0.37245
0.57266
0.37955
0.51292
0.3744
0.68849
0.7199
0.7617
0.61572
0.65382
0.96495
0.1038
0.91442
0.52802
0.25317
0.65956
0.54074
0.78131
0.16423
0.80508
0.16537
0.61288
0.47752
0.8528
0.528
0.38566
0.058193
0.14704
0.38965
0.10328
0.82435
0.68863
0.54153
0.56742
0.87073
0.26061
0.7935
0.16635
0.23147
0.34069
0.70464
0.02918
0.97547
0.94194
0.079632
0.097393
0.098998
0.57355
0.23347
0.74129
0.74755
0.41616
0.051053
0.35993
0.84579
0.5851
0.93635
0.39861
0.84527
0.5404
