0.79821
0.57488
0.4901
0.39846
0.62706
0.80539
0.49486
0.63245
0.74663
0.68127
0.67707
0.59047
0.72813
0.56164
0.64265
0.72735
0.66688
0.55781
0.78757
0.76999
0.81329
0.75498
0.75853
0.69525
0.63549
0.73737
0.81689
0.67914
0.79406
0.68784
0.52364
0.74914
0.78578
0.83415
0.84833
0.71831
0.79202
0.67036
0.73215
0.79712
0.81331
0.59874
0.65068
0.69536
0.79125
0.81965
0.8608
0.69873
0.75089
0.45072
0.65994
0.48277
0.73846
0.67396
0.52882
0.63433
0.70289
0.39779
0.68076
0.57825
0.79246
0.75756
0.77374
0.68988
0.75945
0.74551
0.77864
0.7831
0.60119
0.58026
0.62913
0.83326
0.45936
0.4038
0.63553
0.79624
0.57108
0.6191
0.62
0.65226
0.54644
0.75371
0.69697
0.75873
0.71235
0.71456
0.81053
0.59442
0.68976
0.83994
0.81682
0.61678
0.64048
0.56523
0.73775
0.6329
0.5666
0.53725
0.76504
0.57719
0.64922
0.58795
0.65273
0.72475
0.66904
0.85411
0.64344
0.78559
0.59356
0.70867
0.61143
0.69303
0.81125
0.76286
0.63876
0.61735
0.54455
0.86505
0.67591
0.61554
0.66916
0.65622
0.77854
0.53525
0.62582
0.7215
0.54419
0.70694
0.68789
0.5069
0.52365
0.73741
0.70269
0.60585
0.69941
0.55963
0.61867
0.41198
0.79453
0.65462
0.65135
0.76782
0.6328
0.80199
0.36387
0.55404
0.75036
0.76471
0.57904
0.6925
0.73264
0.70765
0.75463
0.77328
0.78448
0.7929
0.64155
0.67663
0.84328
0.60054
0.73301
0.56745
0.34831
0.80601
0.53803
0.71635
0.5087
0.79681
0.68822
0.7308
0.49853
0.47284
0.61256
0.65291
0.74954
0.59032
0.72754
0.44392
0.64293
0.40786
0.3781
0.67448
0.61376
0.80042
0.61026
0.61873
0.69532
0.79573
0.71346
0.58465
0.83271
0.72958
0.67218
0.67288
0.50753
0.41139
0.69567
0.76428
0.54502
0.69193
0.63838
0.425
0.62763
0.69958
0.74206
0.61731
0.62926
0.58757
0.81012
0.75016
0.79784
0.76485
0.34993
0.71049
0.68818
0.76247
0.79516
0.74278
0.78798
0.53219
0.63566
0.80709
0.66838
0.60517
0.5483
0.53166
0.69745
0.72434
0.69892
0.71958
0.68921
0.67167
0.49983
0.40649
0.6854
0.61691
0.51135
0.66157
0.68421
0.56289
0.77542
0.42227
0.70855
0.5175
0.6807
0.62129
0.73112
0.68454
0.57777
0.63753
0.72981
0.82553
0.74391
0.72465
0.67379
0.54926
0.83908
0.47266
0.7635
0.49707
0.37713
0.63735
0.62828
0.75305
0.80043
0.61763
0.69922
0.84212
0.74339
0.59365
0.95168
0.86651
0.68436
0.66933
0.87532
0.56486
0.6959
0.62485
0.72354
0.75774
0.62407
0.65007
0.65972
0.59849
0.83935
0.80663
0.55572
0.65545
0.72657
0.61598
0.68868
0.80719
0.6093
0.56801
0.61846
0.86404
0.71934
0.57369
0.65632
0.62168
0.82306
0.68828
0.67478
0.85143
0.73742
0.73917
0.59809
0.76766
0.75725
0.79408
0.53543
0.61202
0.7784
0.82823
0.57369
0.5975
0.84975
0.80759
0.77068
0.53712
0.78464
0.73769
0.62776
0.45856
0.65208
0.48469
0.66787
0.70911
0.67589
0.66371
0.854
0.67984
0.64346
0.55047
0.82304
0.71593
0.91465
0.53618
0.52438
0.80778
0.78404
0.56018
0.54675
0.57024
0.83233
0.67152
0.79405
0.70704
0.46732
0.84182
0.73986
0.67437
0.41004
0.59375
0.71304
0.74062
0.6709
0.58652
0.84399
0.81693
0.6101
0.74332
0.66803
0.60336
0.67442
0.7688
0.46763
0.62161
0.64174
0.64454
0.64904
0.75361
0.68153
0.85313
0.75688
0.67463
0.78195
0.76369
0.70938
0.63292
0.74454
0.80877
0.62156
0.81955
0.68015
0.80467
0.73067
0.69385
0.84755
0.65601
0.64488
0.67292
0.57811
0.64902
0.79057
0.83708
0.34194
0.71989
0.72019
0.72833
0.75097
0.7812
0.78774
0.6027
0.71256
0.76175
0.67772
0.70079
0.60455
0.60388
0.70019
0.76606
0.49035
0.55725
0.47905
0.60347
0.73916
0.60085
0.60356
0.7333
0.58276
0.76587
0.77673
0.7928
0.73631
0.62321
0.79464
0.61374
0.56698
0.47001
0.32393
0.7197
0.85801
0.78576
0.65434
0.71152
0.8863
0.74374
0.7086
0.41826
0.59656
0.8256
0.70549
0.73532
0.58166
0.73827
0.68571
0.5465
0.4509
0.59547
0.64929
0.78165
0.83147
0.63522
0.79764
0.82165
0.55029
0.65265
0.66082
0.6491
0.64162
0.5379
0.8252
0.63797
0.55565
0.78923
0.88668
0.81113
0.58555
0.68978
0.80644
0.60867
0.5828
0.59317
0.64783
0.7948
0.6448
0.67118
0.41802
0.79833
0.6656
0.66095
0.8993
0.70435
0.60115
0.62898
0.64357
0.73285
0.65043
0.64876
0.61634
0.70291
0.77417
0.82154
0.73055
0.8179
0.82766
0.62984
0.69196
0.86242
0.70073
0.8133
0.72319
0.94551
0.53163
0.80801
0.47899
0.81207
0.70641
0.8598
0.83148
0.65457
0.77097
0.67493
0.66648
0.65558
0.67344
0.70118
0.81084
0.4818
0.71326
0.53516
0.70048
0.62231
0.76652
0.64796
0.76654
0.61594
0.88769
0.61222
0.63133
0.50358
0.67474
0.72623
0.62628
0.65989
0.82009
0.44451
0.78903
0.63954
0.89279
0.70549
0.67944
0.67212
0.4769
0.76054
0.67775
0.74595
0.76108
0.76378
0.71062
0.72267
0.71532
0.65884
0.67876
0.5303
0.70796
0.64739
0.78314
0.62307
0.61978
0.61207
0.64841
0.61702
0.73972
0.71493
0.5257
0.89392
0.7182
0.75802
0.71984
0.68656
0.81756
0.66726
0.78372
0.66695
0.71852
0.72519
0.49217
0.74531
0.55552
0.63306
0.68276
0.70333
0.65178
0.74754
0.69273
0.73182
0.47148
0.75895
0.73817
0.53821
0.71065
0.59544
0.65246
0.70597
0.66725
0.65112
0.37811
0.52328
0.58938
0.70911
0.82452
0.71216
0.67703
0.59576
0.7654
0.76061
0.84273
0.6471
0.86834
0.61545
0.63386
0.54328
0.56423
0.53295
0.3937
0.8929
0.56838
0.62194
0.4464
0.81395
0.76634
0.54707
0.78364
0.74429
0.70295
0.64336
0.53913
0.78388
0.49805
0.73966
0.4799
0.39434
0.60772
0.69089
0.74409
0.61502
0.71337
0.60975
0.70738
0.4676
0.63669
0.90056
0.6819
0.5276
0.72178
0.77473
0.80358
0.50562
0.69599
0.7526
0.80828
0.61247
0.48165
0.40047
0.56781
0.80757
0.6823
0.49432
0.79745
0.658
0.77962
0.55947
0.70722
0.43191
0.65417
0.70501
0.83174
0.88055
0.74468
0.726
0.52776
0.54164
0.52329
0.63834
0.73626
0.4736
0.65675
0.76303
0.81435
0.7272
0.47375
0.63058
0.62115
0.85524
0.73662
0.6657
0.66088
0.55852
0.65981
0.71719
0.61207
0.58357
0.70582
0.63388
0.87301
0.60262
0.71641
0.56007
0.65098
0.65532
0.43017
0.6404
0.60465
0.71582
0.83679
0.59249
0.82528
0.60182
0.74031
0.38153
0.5769
0.61426
0.51634
0.81182
0.62582
0.46279
0.74748
0.64792
0.74291
0.56162
0.75835
0.55205
0.80138
0.76435
0.52716
0.70177
0.57632
0.76544
0.60988
0.82088
0.75457
0.57512
0.38663
0.72524
0.67921
0.71345
0.46703
0.53981
0.66819
0.5808
0.748
0.50039
0.68223
0.87655
0.90494
0.77183
0.61228
0.54331
0.61719
0.78179
0.55094
0.58508
0.68382
0.68756
0.51258
0.67866
0.80991
0.77094
0.6055
0.70418
0.65206
0.58149
0.53511
0.7584
0.63916
0.62645
0.89015
0.71965
0.68502
0.61896
0.66539
0.69684
0.61954
0.78483
0.43866
0.79559
0.67077
0.79931
0.58116
0.63646
0.56092
0.58363
0.48843
0.79205
0.62125
0.59083
0.65682
0.68996
0.72402
0.58211
0.68993
0.61125
0.61527
0.7311
0.51073
0.85814
0.74472
0.74132
0.85222
0.61107
0.34654
0.62135
0.66251
0.76868
0.59937
0.38719
0.49971
0.63706
0.63057
0.4882
0.85629
0.71116
0.68298
0.5216
0.5529
0.68783
0.73266
0.62923
0.61915
0.64229
0.76261
0.7233
0.55181
0.83959
0.80436
0.80927
0.83857
0.74064
0.81555
0.64124
0.58272
0.69163
0.68864
0.79457
0.55487
0.70301
0.77641
0.5894
0.70877
0.82729
0.74219
0.37372
0.67071
0.48095
0.72938
0.65078
0.57691
0.65533
0.74048
0.68814
0.50529
0.51438
0.80038
0.55939
0.63875
0.67501
0.9024
0.54649
0.59808
0.4739
0.74918
0.75949
0.68662
0.84368
0.84155
0.59619
0.58394
0.56867
0.63662
0.58759
0.61164
0.74182
0.69748
0.83513
0.81735
0.84706
0.64621
0.70687
0.78556
0.76699
0.66778
0.62227
0.64556
0.83966
0.71691
0.69314
0.76246
0.56529
0.63432
0.76277
0.50266
0.67912
0.83841
0.61216
0.55354
0.51086
0.68367
0.61683
0.64896
0.61804
0.67475
0.6177
0.74851
0.74377
0.63449
0.57179
0.69902
0.71943
0.69445
0.83764
0.53862
0.53033
0.65629
0.6506
0.53436
0.69073
0.67029
0.66326
0.79049
0.56442
0.66288
0.78041
0.59949
0.78535
0.69251
0.67382
0.62517
0.79206
0.56254
0.54437
0.59207
0.70612
0.71099
0.66327
0.71131
0.75835
0.54648
0.56645
0.75226
0.60779
0.68503
0.56231
0.69699
0.90874
0.61869
0.62937
0.46532
0.64728
0.76412
0.72287
0.75975
0.59692
0.57424
0.56904
0.86587
0.67885
0.81019
0.67011
0.79689
0.71083
0.68553
0.628
0.61868
0.84191
0.56877
0.70685
0.57596
0.6376
0.67402
0.82967
0.5535
0.33846
0.63201
0.34835
0.84265
0.61067
0.58833
0.69192
0.85507
0.53168
0.73647
0.72859
0.51812
0.59638
0.72443
0.61259
0.63016
0.83288
0.44108
0.79351
0.6499
0.80163
0.46138
0.63728
0.75465
0.73495
0.48768
0.5328
