15.052
17.072
24.145
2.0412
5.7028
13.67
19.435
20.67
21.22
3.2431
21.136
4.5708
16.145
5.5476
2.8375
2.9887
5.1057
19.693
5.1288
2.5972
6.4443
5.6384
27.802
17.662
65.059
41.361
37.066
9.9427
8.9243
1.2291
10.6
24.251
1.2864
49.842
4.4109
2.5179
44.093
0.70979
2.453
0.8298
38.415
20.94
43.027
9.0693
26.263
16.215
42.33
31.624
9.8837
24.236
6.1943
0.70449
18.056
0.48454
4.288
19.17
28.067
17.104
16.827
0.9317
48.247
4.9107
30.292
2.7432
5.6291
2.8707
4.1929
8.9606
4.6184
5.7928
49.084
6.6497
0.018451
2.8783
39.201
9.2127
12.913
3.4749
16.716
1.2043
0.97478
25.539
5.5136
2.1725
43.832
7.2716
12.409
12.801
0.60535
3.0839
19.788
9.6524
17.414
6.6167
12.215
5.1861
0.29339
13.594
49.317
7.0295
0.11381
12.425
2.5616
4.4345
10.996
1.8795
15.169
1.7107
0.90457
2.7339
2.8187
5.0287
15.194
7.8392
2.9012
5.5934
2.6962
18.89
5.2711
2.1633
2.779
4.4815
6.7598
6.9822
10.816
8.1345
1.2353
8.6349
4.4966
3.9511
4.5616
4.4281
46.8
19.466
5.609
7.2691
2.3313
1.476
6.4667
5.5372
23.223
2.4426
17.979
11.996
14.84
7.3118
3.3683
0.83867
5.9595
8.1263
17.049
7.6795
0.49069
2.3452
10.543
0.39959
1.8292
3.5388
9.3313
25.318
9.5992
28.963
42.882
1.3645
2.7115
5.5615
2.1497
7.0035
3.4569
0.19894
8.3592
7.8057
3.3394
8.1381
0.29998
9.6865
0.32567
7.8094
11.922
8.7491
0.44897
27.06
10.373
13.565
21.516
1.5034
7.3049
1.0729
2.1048
14.392
3.1819
20.718
1.2116
3.1689
2.97
1.8294
9.7077
13.891
5.8046
17.017
0.59416
0.2671
20.361
4.0019
50.887
1.8848
6.4889
1.8847
20.622
14.617
1.6207
14.305
13.202
3.8592
10.649
9.9382
9.6299
12.488
0.56474
6.1919
4.7649
3.0324
6.1469
3.793
3.1651
6.4658
3.9757
3.5055
10.698
10.463
4.2042
11.091
35.665
14.403
29.118
19.385
5.6686
25.157
20.204
3.6216
7.7762
7.5397
0.34998
13.984
7.4216
30.736
2.6331
23.424
10.479
16.134
22.754
17.918
8.2781
5.1347
2.9866
0.067147
4.6121
11.936
4.6115
7.5226
7.2885
18.246
26.24
82.445
36.185
0.43715
13.057
33.147
39.319
3.5266
1.5481
12.764
65.001
0.27947
12.953
10.43
27.565
20.144
5.8969
0.82432
7.7158
8.4968
6.0543
27.553
6.7366
0.37116
20.381
0.091158
21.793
30.827
6.2313
6.5951
26.107
17.263
17.499
10.266
1.125
19.553
2.2236
0.72068
3.368
10.474
4.7568
11.568
24.661
17.801
11.48
5.1627
6.5057
66.456
4.3311
5.2963
10.117
10.275
33.949
5.7585
2.4558
4.0159
3.9793
6.9958
10.706
1.4343
7.3003
20.971
0.089887
1.3704
47.078
1.5286
5.7998
18.126
6.1933
5.517
12.366
1.9995
11.071
5.097
18.722
18.043
1.611
7.2449
5.9999
23.483
28.785
12.599
27.202
1.5462
13.476
3.1368
10.874
0.21998
4.7375
20.895
52.092
3.8446
1.8987
3.5449
42.012
13.171
64.99
20.956
13.271
6.2111
4.6354
1.2602
10.979
2.2653
1.1257
3.1609
0.88163
26.039
18.144
12.054
2.8698
4.0191
6.8807
4.2033
13.279
5.5457
15.262
18.683
4.1515
0.81246
0.37191
15.749
7.3993
18.111
2.64
11.242
17.477
27.748
20.681
75.106
37.631
6.3162
4.6973
1.1189
17.357
6.5442
54.957
24.414
22.683
6.0152
71.249
21.412
14.264
1.0014
2.8076
13.77
11.047
3.074
1.5559
0.66066
51.481
1.012
52.836
25.603
4.128
15.684
2.0335
2.0893
11.971
2.7187
8.8294
8.623
3.2965
6.2275
55.015
1.3598
0.84452
4.4686
0.72376
3.9019
1.1428
11.395
5.3859
5.2601
8.556
0.62862
1.1953
4.1501
21.054
2.3072
20.049
27.095
51.08
4.7626
37.594
2.8265
2.2888
13.03
32.844
18.034
10.414
16.38
85.397
0.71055
0.88107
2.4541
9.2286
2.0271
14.83
4.6582
6.3543
13.314
3.1787
9.0196
14.944
0.048718
23.33
5.2453
0.54071
6.8706
17.923
126
6.2785
1.0819
2.6621
6.4439
4.8576
6.7335
10.287
18.53
1.1007
20.717
1.6794
2.6568
0.82179
4.7556
0.17939
63.829
1.1176
6.604
6.8801
5.3706
1.6334
5.1372
24.818
1.8117
2.9925
4.6549
10.559
13.86
22.331
9.9896
10.596
30.887
11.233
24.802
14.422
4.3101
18.194
13.653
6.757
14.788
0.77697
7.3627
3.7247
4.2016
30.436
9.7981
41.969
25.223
3.9338
3.6121
15.777
0.57675
24.521
5.8371
1.569
10.545
1.621
43.433
4.572
20.17
35.075
0.088752
10.195
6.362
2.1395
14.725
0.78935
15.434
4.3366
20.428
42.699
18.926
0.48289
29.163
7.0434
6.9934
9.9618
19.57
3.8729
15.239
0.13343
10.486
7.9973
9.3289
0.32673
6.9846
2.0498
2.882
1.1398
0.027817
0.8872
19.796
28.898
3.4624
1.098
1.0936
34.822
11.395
7.6068
22.533
1.3271
4.9389
39.625
23.579
4.5863
7.5537
27.683
13.539
45.981
11.208
57.189
9.4027
0.11512
62.758
6.8439
43.782
1.7772
15.512
12.157
3.5224
0.83736
12.225
3.3925
3.4153
4.2542
2.1009
2.1072
0.65015
3.3805
8.147
4.1569
19.309
28.476
1.9948
49.125
33.012
19.467
23.45
3.6313
4.0126
5.8588
35.278
11.365
13.277
34.038
10.553
2.8749
24.974
5.0795
25.249
3.0545
21.13
1.9808
3.6949
17.137
7.7766
2.2055
3.9427
9.5308
7.37
8.4907
0.0769
1.5624
11.519
32.487
28.216
9.5076
12.429
4.6318
22.191
12.593
16.234
1.7515
0.31069
10.975
2.6491
9.5558
19.061
13.907
5.5134
3.4508
25.787
5.5422
3.0925
10.647
11.361
5.5063
2.9762
9.1789
5.2394
0.32668
20.63
1.6133
4.7001
16.515
11.433
4.7579
19.408
10.908
15.704
3.4203
6.4685
64.464
11.744
15.88
8.6486
16.826
0.79621
1.8958
13.897
12.89
3.0649
14.254
4.2797
11.061
7.6672
8.8039
0.31622
8.0848
1.6032
39.338
8.7259
27.701
11.086
0.0049857
0.077765
39.012
16.422
2.8116
15.138
4.0614
0.16509
3.4502
0.11287
18.604
0.59959
0.69387
5.7813
1.2256
3.5692
6.8188
0.5099
4.916
18.232
1.608
38.188
1.2156
14.245
4.6399
16.62
8.8806
0.35006
26.939
1.478
20.569
12.529
5.5515
31.091
30.707
32.691
10.372
24.545
23.595
14.534
52.103
0.526
16.516
1.4799
4.8074
8.553
7.1352
9.4385
7.8685
16.724
9.2706
0.85934
6.0851
9.5782
0.00083793
20.168
19.425
0.0098765
3.6105
54.247
17.355
2.1476
15.747
20.06
1.7119
6.771
21.717
21.98
0.83243
2.8236
14.394
1.9944
0.88064
33.646
0.73227
25.092
5.1957
5.102
19.27
33.99
26.712
1.4292
3.2439
0.3813
15.009
0.0017268
7.9791
30.336
24.329
5.9143
6.8836
53.895
40.388
13.704
5.4092
2.6397
2.2521
0.94355
10.119
46.982
0.98148
1.4037
4.7124
36.801
4.9857
3.3179
23.527
7.7671
4.0587
5.6474
17.683
8.9491
4.3103
3.8126
3.3048
12.247
9.6232
5.8677
0.46597
2.3948
4.9813
14.053
10.131
30.517
4.6662
10.122
5.229
0.31445
118.11
3.9373
3.7731
14.228
8.8844
5.6886
1.01
10.12
16.924
1.3708
30.458
174.7
9.7819
18.328
4.854
10.157
5.127
8.0166
4.7443
6.6364
0.2071
8.5882
38.241
48.826
27.82
10.989
7.0821
22.586
1.3807
27.948
0.96671
0.1473
7.0592
47.501
9.9403
0.31479
19.892
45.354
2.6607
5.5395
9.2753
9.6162
9.1064
15.534
7.0779
10.093
0.26808
10.649
4.0352
32.302
2.8845
0.030342
12.486
17.992
27.529
10.503
0.98085
9.3484
2.6019
113.58
20.442
45.62
3.9184
25.259
1.6559
87.086
23.604
12.267
41.236
8.09
2.1591
2.0364
3.4587
11.815
25.661
16.624
38.293
18.377
23.22
6.7167
6.1881
9.2385
23.255
17.4
30.305
10.114
2.5842
3.4509
5.3472
4.4204
0.83539
20.441
28.358
76.683
14.546
27.405
4.0914
4.2792
2.6811
10.528
15.264
0.70002
0.2431
31.52
13.845
10.719
21.195
13.97
28.974
15.002
8.2391
35.741
2.4263
1.0432
2.1061
4.3805
9.0113
0.68577
12.065
24.192
16.665
28.02
12.293
8.9757
2.3058
8.8672
4.6062
3.7022
22.914
24.965
2.3401
14.835
0.44884
3.8876
7.3416
23.845
23.515
5.7698
14.183
9.3511
4.4632
4.3078
20.356
20.084
0.17495
19.131
21.97
16.649
4.6184
1.2482
1.9063
4.3478
27.617
0.26918
4.1465
62.284
9.5297
3.4686
11.865
3.9644
3.3337
6.1063
1.8124
38.615
9.1157
10.955
3.0278
8.5537
0.64262
7.6473
19.532
11.561
1.2069
6.7108
2.1794
14.209
10.497
19.675
1.5085
2.538
12.206
2.0799
35.975
3.5275
5.9326
7.1851
16.249
0.1367
0.92848
2.725
62.291
6.9193
0.42535
5.4353
14.201
2.7715
3.7738
0.62654
36.127
11.759
77.436
6.7237
1.1861
3.5235
23.676
47.894
0.57836
0.29231
0.32999
3.9408
6.5948
12.433
5.0649
43.011
19.086
15.784
1.8072
10.58
4.6824
16.991
0.99655
5.6258
2.3773
1.1746
5.0213
7.6157
32.979
79.924
4.8106
4.1623
3.1311
132.74
12.121
13.656
2.0984
56.017
41.419
0.77279
5.078
18.904
0.14036
1.8208
2.1157
23.275
1.6536
18.356
3.0908
2.7052
13.333
7.8466
10.003
7.8241
3.6465
2.8666
5.8141
1.2543
9.0008
20.551
7.642
40.065
0.10451
10.944
14.995
21.331
6.8647
40.379
14.71
0.90455
14.547
1.2504
8.2879
1.3107
2.2232
3.6331
11.266
0.62183
0.61536
6.0053
11.403
5.8168
26.574
4.6179
3.8749
58.213
2.7561
0.11558
13.689
11.44
11.038
7.5648
50.824
10.828
24.927
16.548
3.9369
12.916
4.2495
49.043
30.115
1.6093
5.1495
8.4559
2.4521
4.1228
14.297
0.73449
6.9079
4.2471
2.2507
8.6482
1.9248
11.017
60.779
4.8578
1.5879
33.166
10.386
9.3218
0.54374
4.8107
4.0803
1.5396
1.6939
4.6456
0.68605
67.933
7.2197
13.935
4.2892
11.189
2.4617
1.0781
17.918
3.6572
32.991
5.1528
38.433
3.5476
12.149
4.896
10.271
7.5365
71.842
18.923
25.392
6.4041
11.811
2.4467
1.3516
34.241
42.081
0.23693
14.277
22.372
28.85
65.351
3.2789
8.2942
12.615
7.6856
6.023
2.3987
21.253
0.39765
2.4904
4.4948
12.836
5.0191
1.6891
2.0807
3.8488
29.057
0.95062
1.0234
0.12668
2.5134
3.7778
8.6333
36.114
12.416
21.031
2.3995
6.7128
9.5174
19.52
2.7932
7.9633
22.669
2.0104
4.0593
39.413
23.742
16.079
7.0476
10.968
0.40752
2.6244
24.447
18.748
2.1735
0.035361
6.1031
4.0084
13.799
35.526
0.3606
57.425
21.552
18.161
3.8547
2.0267
30.335
3.8954
0.57912
15.408
54.927
2.382
50.438
10.91
8.4005
21.728
11.999
0.29494
9.7609
0.24542
3.3114
8.0372
12.42
0.85006
6.3395
23.048
3.1098
9.5217
12.51
1.2801
27.285
31.292
18.381
0.65391
0.60592
3.0928
29.145
2.403
4.8186
1.4312
3.8364
5.1769
12.459
1.0373
10.935
3.4946
9.3031
11.105
3.9515
12.832
3.4856
35.768
19.234
0.72656
1.3882
20.36
7.417
0.80647
0.49469
2.1387
14.76
1.211
24.916
13.611
4.2787
0.99185
9.7065
26.423
4.9592
2.6179
1.2237
1.6941
32.016
9.1652
12.405
8.2567
1.6803
6.5874
3.5842
6.3647
0.75733
7.0324
6.2628
1.5763
3.236
3.955
6.7492
0.77368
15.393
3.1477
10.541
6.2511
5.1906
21.354
1.2436
85.424
1.9026
13.193
1.5192
4.3661
19.489
18.485
5.6589
14.906
1.4195
42.952
1.7102
31.491
2.7719
2.4224
13.742
7.3267
13.228
6.6061
8.3432
3.8811
6.1309
1.7767
24.23
8.1305
3.9751
21.787
5.7989
0.6395
13.239
2.0037
19.613
5.3659
2.9143
3.8173
5.6808
3.2384
47.149
1.0326
13.973
10.56
11.197
4.8159
4.2416
2.0693
22.629
9.7765
6.8543
6.9475
3.989
8.9814
7.6857
43.967
39.091
0.51965
2.7544
3.7326
17.229
16.161
1.1282
2.6367
2.1336
9.3148
2.9105
25.228
3.5601
13.247
6.8328
20.116
4.6799
13.25
1.9431
2.3201
11.527
1.5228
11.651
26.453
4.6503
30.49
13.951
39.284
3.7708
4.1794
1.7035
1.5308
1.023
2.7755
46.511
12.144
0.77636
3.2876
1.5678
2.3832
11.24
20.438
61.117
1.2371
7.1984
47.589
9.9134
3.0724
10.753
5.2394
13.46
38.415
11.339
2.3196
5.3036
19.408
1.0327
13.63
90.872
2.484
22.051
7.5474
5.8576
0.55091
10.942
15.517
1.2341
2.4296
6.9744
55.362
7.371
2.5363
25.029
7.7109
20.469
8.7813
6.0112
59.068
0.074534
13.286
7.4441
2.7306
1.4947
16.404
3.4631
5.4
8.1957
13.412
5.1543
17.379
14.653
17.942
41.21
38.685
27.486
11.074
4.323
3.2342
12.16
1.1018
0.98839
15.278
16.125
15.287
0.42496
14.415
1.7478
9.0016
3.1691
12.303
9.4181
6.9453
1.5469
4.7374
7.3844
8.7505
0.44221
1.0314
11.856
9.4644
35.323
2.1813
1.805
1.7355
8.0339
8.211
1.1654
15.535
6.6059
11.765
0.0014128
0.90368
7.7687
7.3807
3.3102
31.989
10.602
0.49337
9.9052
6.9412
19.162
1.7111
1.9799
6.9548
10.954
30.338
14.623
8.9353
15.863
11.355
28.493
5.5333
23.283
37.829
0.65294
30.06
8.1187
42.893
32.618
7.8352
0.53795
4.3087
16.927
8.4372
28.505
5.7151
4.5994
9.2404
11.038
8.3624
6.154
4.485
10.49
3.7064
2.1961
6.0616
12.727
2.8531
7.48
8.9743
4.23
4.2061
0.8793
18.406
1.4325
13.914
8.8886
2.8962
8.3392
6.4396
7.7475
8.1553
40.888
4.0861
8.1474
29.768
11.702
19.176
2.0362
6.9536
13.478
1.9945
18.222
0.29711
2.9558
20.511
6.1002
6.7112
1.8864
22.274
22.883
9.4839
14.367
72.675
55.389
5.5238
12.211
7.7711
0.40718
15.669
3.4833
8.7347
1.7726
11.526
2.8167
3.0669
27.127
26.089
6.8739
39.994
1.2223
8.6006
39.591
20.551
24.28
24.749
5.4547
35.275
2.4735
15.524
9.1637
30.353
1.3479
8.2276
20.747
6.6058
0.32729
13.697
0.8266
33.145
2.8749
0.45353
3.9779
1.3831
4.9568
14.099
4.0184
14.36
3.2437
0.063326
27.115
4.4799
0.065693
19.154
6.4295
2.1553
19.422
22.126
3.1491
17.865
4.6726
3.4641
5.4781
18.988
6.4316
0.10523
4.7488
5.4265
6.5775
9.1759
10.843
10.669
7.0127
17.696
4.5767
1.0062
3.8451
4.2628
5.1642
1.7855
14.613
2.4294
0.050975
17.623
5.2841
26.136
2.9174
18.11
0.33563
13.309
25.235
8.2962
39.382
1.2306
129
40.244
5.5404
16.87
2.8118
1.2294
0.30636
33.78
5.7668
0.86446
6.5249
6.7684
1.5659
9.868
3.2652
26.586
47.809
9.9507
10.84
5.9881
3.1904
14.138
3.9021
14.573
52.554
4.5784
4.741
13.648
16.225
3.8918
14.326
7.4648
2.3418
9.8016
16.417
6.6044
2.0545
9.6067
65.572
41.541
9.1944
1.0351
2.0046
0.54669
26.693
9.4815
7.4519
2.3552
17.528
1.7673
5.6679
3.3157
0.74079
1.1243
10.295
15.646
5.045
23.86
1.02
4.0015
3.0325
50.462
40.895
1.8607
16.845
0.091757
11.979
41.63
13.692
28.286
16.727
23.943
2.5916
0.74501
5.4391
1.4877
7.9986
5.1606
4.6701
0.21803
25.549
49.46
26.161
15.656
29.285
1.2873
7.4461
0.52752
4.6133
13.521
68.822
2.4567
4.2696
5.2062
8.1339
7.7362
1.6472
4.9678
0.29476
1.5772
3.238
14.55
5.132
16.86
7.5384
116.26
2.5304
2.969
8.2102
17.712
2.8452
13.28
1.2936
1.4053
8.3761
4.2784
5.8369
1.9112
12.156
0.16158
4.0471
0.89138
3.5398
0.3694
3.2925
3.0287
8.316
8.7332
0.44419
24.999
17.521
24.162
27.108
0.00039946
11.503
41.246
15.429
36.376
32.416
8.3103
1.8311
0.97052
18.611
18.016
18.462
22.021
24.608
6.4802
22.409
6.2341
27.015
0.12211
9.1497
25.835
3.6607
1.1518
7.1952
21.025
13.453
7.7754
30.792
17.362
1.5772
11.657
38.896
2.7168
1.3682
1.0237
7.2991
0.79529
9.3789
5.3009
12.977
3.1427
14.358
3.3847
34.396
6.1091
11.295
24.956
7.8988
9.3397
4.8972
14.815
8.3302
1.1719
22.04
0.5388
0.87647
4.5391
1.8143
4.7059
8.7897
4.2768
84.151
23.509
12.593
0.35374
37.291
13.092
26.214
16.158
1.3014
4.4206
36.778
7.6477
14.395
1.7524
4.4624
5.1195
2.3465
5.9748
8.0733
0.51093
8.2166
5.4693
3.7174
11.113
12.768
0.22233
16.126
1.9137
26.954
15.663
20.722
98.272
22.173
28.338
11.074
3.4618
6.4891
13.211
2.9062
17.467
4.143
0.69394
9.0906
40.924
6.0636
11.643
23.944
3.0932
4.0145
14.47
7.8804
4.3634
12.963
6.2334
31.735
6.4502
1.7916
28.845
12.338
10.458
1.8349
24.802
3.3485
6.7089
17.94
6.5542
5.3637
2.8635
12.344
2.5338
0.88921
68.161
15.817
0.58052
1.577
11.832
5.8256
0.58536
3.5463
5.5153
0.16838
3.6035
18.666
29.178
4.6232
17.624
2.5819
24.479
8.0559
13.395
3.7594
20.895
2.5284
14.592
7.2587
29.897
0.81953
0.83512
8.8066
15.137
11.769
31.022
2.8508
1.276
3.7252
16.994
5.3354
1.4445
1.0502
17.73
5.9225
16.926
14.53
9.7046
8.3172
17.854
12.998
24.694
6.4599
30.445
10.009
5.5885
4.0364
3.4057
27.344
14.541
17.742
37.026
62.851
1.8509
7.759
8.9173
1.9668
3.6599
6.6476
12.092
2.6478
9.5241
8.0745
6.882
28.108
27.257
10.086
0.58285
3.6634
22.05
5.864
9.3678
16.101
9.0902
7.4874
74.067
0.31739
20.091
27.415
11.07
11.98
4.2481
5.9465
5.7187
4.3437
16.448
10.836
6.5972
39.799
28.432
17.419
12.791
10.368
0.1456
4.0533
6.5542
10.496
16.348
0.47228
24.084
3.2411
0.57686
0.02261
7.739
18.266
12.107
0.0038099
14.257
2.7194
5.6881
10.906
4.2911
8.7888
2.6451
9.0385
28.121
5.8145
10.486
4.1124
27.689
0.72174
17.974
3.8218
8.2871
6.9711
22.127
8.0488
42.816
18.48
4.8101
35.841
2.5044
6.6702
7.4989
1.3709
1.6958
4.9483
1.2483
4.4875
19.459
1.7353
0.40709
9.9202
15.323
2.3105
19.788
6.1661
2.4582
5.3101
0.7856
5.0587
5.4999
3.811
2.0909
12.129
7.6616
60.434
5.1088
14.406
3.6891
5.5813
4.8062
4.1
4.9972
24.858
3.6486
4.9619
17.917
24.06
6.9724
17.381
13.123
0.80595
2.5272
10.103
2.7621
13.6
13.509
14.314
12.058
2.538
1.7404
8.6811
1.8753
6.5398
7.8293
6.2447
0.66499
3.8412
39.835
0.94186
15.244
1.1697
11.809
4.6299
4.6159
20.523
6.8824
19.703
8.6646
3.1987
17.035
6.6115
2.3814
10.004
16.068
6.6389
20.371
45.475
4.0541
5.1761
22.375
4.2791
12.468
8.3076
1.5017
5.5908
0.93837
11.676
19.49
3.7982
48.277
29.567
4.8664
2.6411
1.9222
0.047408
8.0325
6.1844
0.39793
100.79
8.2954
15.879
1.1157
10.447
6.2941
0.45417
11.692
3.4773
21.905
21.119
2.7078
10.171
8.8671
4.7378
3.1484
54.838
0.77071
6.7668
10.888
0.96118
2.2201
3.2676
104.78
53.379
17.856
14.278
35.962
0.26904
4.5713
8.1251
8.1387
65.534
2.0766
20.761
17.284
20.338
5.9587
4.7408
18.199
22.646
7.0694
7.1914
1.0619
4.9659
0.47213
1.3345
6.2073
22.883
18.001
2.0991
5.1495
14.404
5.8091
1.6349
4.3833
2.4343
16.786
4.2012
5.7487
6.7184
8.2159
17.024
1.8873
1.1066
12.585
5.4773
0.36621
3.8603
5.4848
1.4754
7.7134
18.265
4.289
10.563
12.204
20.015
45.912
7.6675
21.843
11.244
0.97941
5.2105
8.2172
13.784
3.7421
13.39
1.1469
6.6302
16.743
16.382
2.3369
5.211
20.236
11.834
4.9366
19.748
18.428
37.019
16.853
17.965
0.59865
39.476
9.1802
34.331
33.244
0.53382
0.46067
7.71
4.4233
46.527
2.4731
0.47392
0.29287
4.234
17.451
1.688
0.056251
16.62
12.694
1.7892
4.8226
12.217
21.781
2.4747
13.764
40.069
42.893
4.6593
2.0764
13.912
19.731
25.86
37.371
0.90127
16.804
10
1.7376
69.794
6.1855
7.5678
11.818
9.2552
49.521
7.4417
1.2149
9.8383
3.6335
19.316
3.1915
0.89472
3.468
13.42
1.838
10.89
5.7585
15.691
0.84422
5.0325
6.4973
9.0254
2.621
7.836
21.909
6.8343
24.489
60.039
1.5058
9.9151
1.1672
5.7304
31.958
14.395
30.391
33.674
6.6988
42.994
0.91244
6.1438
11.59
23.319
3.3769
6.7667
12.099
3.7424
2.7128
3.4363
10.621
0.17207
23.868
17.539
17.998
11.863
1.8936
1.2198
136.57
10.405
3.6965
9.2573
0.54631
2.5414
16.585
5.7887
0.40336
13.504
13.397
5.0094
2.4189
11.214
22.178
13.03
10.354
12.729
35.21
2.0045
7.9792
5.916
1.9181
1.1569
22.447
45.674
11.844
0.1062
10.661
15.023
33.064
4.0357
5.9452
30.385
72.119
12.173
13.226
6.6813
4.1481
22.714
1.4032
7.8178
45.348
1.7286
22.085
20.104
9.3985
5.389
1.4869
33.21
18.597
2.6515
12.878
10.783
5.0064
34.585
0.40539
21.54
6.4084
4.4289
5.7787
26.391
17.583
7.3441
13.46
15.092
0.5949
13.624
1.1417
1.5969
0.84676
19.477
4.0128
4.2091
12.685
23.93
7.5659
5.0295
35.954
4.5522
6.9858
3.4503
13.311
12.941
91.624
107.49
2.7023
10.854
7.1776
8.0445
6.5825
11.625
21.312
5.181
3.5905
22.789
33.621
0.13877
25.674
3.8237
0.070218
5.6322
12.457
0.58286
1.6191
9.3858
1.1241
5.4914
3.9092
31.052
7.9134
21.803
5.8406
2.4781
44.247
1.7402
1.9707
16.809
1.0951
7.195
1.2081
12.046
20.687
5.6342
4.8899
3.7605
31.261
57.649
9.281
2.026
9.3885
0.91432
7.1344
31.752
3.1019
0.47017
22.115
58.054
20.494
29.976
7.8536
4.8868
72.408
5.5181
48.619
1.5952
3.9368
7.3891
2.5993
29.154
2.4074
8.9979
0.60652
22.604
13.144
10.492
3.2078
7.5742
10.024
0.021485
0.022118
25.993
2.8919
43.975
46.503
3.1151
1.3009
1.5679
1.1896
1.04
0.20906
21.257
2.6821
9.6833
13.553
19.927
2.9207
26.271
6.6797
10.158
3.8012
3.3089
26.639
7.6523
6.6589
2.3848
8.1321
1.4011
6.6521
7.8029
39.146
4.2987
2.5112
50.495
6.6391
6.4716
14.397
4.4826
5.2747
5.4213
47.725
4.5423
27.891
19.712
7.5106
12.888
2.2189
1.2208
23.133
22.321
0.4283
3.1826
0.81744
0.59603
38.926
7.677
0.32086
0.24045
3.8356
28.641
14.484
4.6715
3.3179
17.376
7.9058
30.587
5.7549
26.106
3.809
1.626
9.7982
30.404
11.615
22.251
5.4789
23.769
13.872
10.588
0.37201
7.33
2.4673
8.3143
18.325
0.42847
4.3803
28.371
12.615
1.2507
4.7374
0.80792
36.923
29.021
18.32
9.5606
6.9335
0.096151
0.21546
4.1911
20.891
7.5981
3.0445
1.7538
25.437
4.1685
12.359
6.9056
15.104
0.55948
42.261
6.8542
7.4601
3.9445
12.267
6.0388
6.776
5.7176
11.75
28.282
3.1478
0.51874
12.311
14.754
35.695
9.7005
1.8975
46.453
1.9245
22.564
12.348
60.749
3.218
0.70626
9.2707
4.1337
7.1397
0.38989
9.6166
3.9395
0.92669
0.57935
15.18
1.6302
0.89769
14.282
26.843
13.685
14.344
45.368
1.8292
6.4669
2.468
0.97302
3.9219
2.1958
1.2712
0.62413
12.44
11.911
11.716
0.73611
6.3497
7.1879
37.039
7.9335
124.17
0.24735
25.932
2.0089
7.0774
0.11504
22.901
1.2423
5.1781
1.4494
2.7989
22.204
2.8439
16.621
1.1675
2.0548
13.487
6.0787
14.301
51.709
29.488
2.5107
17.374
8.6018
8.2765
2.4342
9.8475
9.2059
25.868
1.6818
0.73097
5.7279
7.6994
4.3999
0.18765
9.2103
53.511
19.548
4.863
1.372
7.5077
65.726
13.511
1.252
7.1896
19.48
15.332
1.7989
1.104
19.189
4.5637
15.165
12.741
4.0564
14.673
7.1473
2.2964
27.037
7.4329
2.5859
7.7941
22.542
0.90084
11.007
10.12
7.9089
11.034
2.2006
0.45739
24.725
8.4365
6.8071
4.9181
12.756
2.2175
0.96491
11.125
1.1443
13.349
3.8119
5.7714
2.2533
16.917
1.9681
17.679
23.867
6.2021
1.8941
42.833
2.32
5.1471
13.996
5.368
16.526
10.639
13.672
4.508
7.7285
6.1255
42.256
1.4604
26.156
32.395
1.6386
11.757
0.22824
47.842
3.0538
12.665
10.867
3.6354
0.61818
1.5474
34.478
6.814
12.122
12.468
34.656
0.20036
1.2311
4.3856
6.4753
5.91
1.5337
32.158
52.878
10.683
3.6958
23.849
7.2097
17.997
7.2844
0.50299
6.197
24.615
22.958
34.452
0.13876
1.2826
15.762
0.06375
4.3712
27.159
3.9266
12.013
9.429
10.692
5.203
2.6168
2.4338
6.1934
162.39
2.8443
19.338
3.1453
1.7299
10.027
15.185
2.4435
5.6876
1.3138
0.60514
0.79144
18.475
5.2651
3.0236
5.9047
14.814
1.2953
18.833
4.9914
33.258
3.2478
6.4158
18.679
3.894
4.0373
17.585
7.5625
5.8855
0.64116
3.927
21.965
12.393
6.2379
25.382
7.0253
39.171
6.0195
9.6163
24.586
4.5684
2.0548
9.0613
28.662
14.046
2.877
7.0064
0.34476
5.5748
17.883
1.8597
5.5474
8.6191
2.2469
7.6486
13.046
11.59
30.054
23.938
15.644
6.7409
3.2468
3.6529
22.875
2.8293
17.976
16.262
0.010421
5.3668
14.04
5.1797
8.1303
41.607
18.095
15.599
12.205
0.95816
8.6044
20.926
51.367
3.4196
9.5697
1.0227
1.5631
2.7342
2.0396
8.7463
9.5176
8.7211
7.9595
0.99567
15.795
10.987
9.3411
41.254
4.8332
3.6774
19.924
21.538
8.8385
4.5928
28.543
0.31934
15.547
11.994
7.9916
2.6629
44.391
21.871
50.479
40.892
17
13.799
12.118
5.4743
2.5664
17.344
12.447
10.402
9.1959
41.719
5.6892
21.281
9.6729
7.494
16.097
9.9123
7.9128
1.1089
46.703
2.5632
5.2631
112.47
40.666
3.838
14.854
5.173
38.831
1.4954
1.2655
5.381
7.2906
10.699
9.1687
24.805
4.369
7.0362
13.944
5.5817
10.43
23.641
0.48626
3.2518
38.897
42.873
2.9304
3.6795
12.816
4.6368
16.862
19.625
7.0024
6.3273
8.4927
42.557
9.1834
55.918
6.9685
11.504
2.7305
2.3729
12.927
10.134
40.149
9.0228
2.257
2.8976
5.0699
21.477
34.173
2.2455
12.499
3.332
2.6214
12.462
21.351
0.30905
5.6384
16.861
10.596
8.2126
4.8601
1.8487
4.4855
1.005
0.39867
12.429
23.73
1.348
43.015
1.3022
8.0375
5.727
5.4198
5.4117
4.0057
20.225
29.108
2.8302
3.9177
32.61
35.324
31.087
0.45577
6.4311
6.6644
34.505
0.049405
11.954
20.493
22.641
1.7124
1.9193
13.983
4.9477
15.105
38.623
0.83378
24.321
7.82
2.2234
15.758
10.215
13.112
6.8481
0.47536
4.3423
0.16703
1.1963
7.3413
3.9301
24.222
1.2245
3.3057
0.95835
5.3944
2.9648
7.2981
19.141
0.070527
4.5114
41.58
2.0211
8.0792
22.112
5.6593
7.7809
5.5702
21.255
19.624
7.8062
12.27
1.1256
52.206
9.311
8.5568
17.861
2.9232
12.652
25.716
5.9353
12.538
3.8863
11.659
7.4896
80.197
39.908
20.146
2.1505
0.42895
6.6217
7.5996
7.004
5.1046
6.9039
17.371
0.24063
3.0488
1.4172
0.83708
0.62093
7.571
7.3389
32.694
9.0888
10.373
1.7655
11.774
9.0769
14.223
0.95553
10.504
13.223
2.0581
2.1006
49.919
0.6501
32.463
24.479
1.05
1.7179
2.6351
0.76924
17.905
5.6607
1.2066
7.2415
4.5993
5.3657
6.4538
11.561
5.3899
9.587
1.5033
0.41488
18.38
31.822
5.4855
8.4474
5.6189
19.571
8.1475
17.155
23.417
21.867
3.426
4.1084
10.819
7.1509
17.268
21.894
3.7942
11.574
7.83
38.166
0.14579
16.289
2.9052
2.4705
2.0228
2.4329
11.351
19.593
3.8602
5.3926
0.20125
23.775
5.5904
2.7863
18.898
0.35283
15.517
159.67
7.4756
10.511
5.2187
1.985
4.0783
0.41093
18.337
3.5042
27.216
5.4334
5.7605
15.686
142.3
3.1416
25.112
5.2392
9.6568
62.469
3.0708
24.737
2.1658
13.811
30.713
10.961
4.309
11.652
9.6965
7.0595
3.1669
11.56
4.4648
0.64055
0.52794
9.0424
5.7128
31.148
34.158
6.7037
44.521
12.506
29.356
14.877
3.0825
4.3272
2.0261
3.3762
11.438
44.431
0.33398
7.0845
4.4397
48.552
11.908
2.3122
21.233
10.788
21.761
0.067428
3.321
8.3604
76.311
8.2555
15.156
2.4505
4.2371
3.9223
5.448
7.869
5.7597
32.093
15.265
2.9524
24.672
3.4989
9.8947
26.415
0.40963
36.323
9.8986
3.5874
2.2085
0.74467
9.7839
0.062491
3.5854
19.3
22.006
1.6954
2.622
2.3948
3.7101
3.3887
24.114
2.7304
23.596
22.528
4.5124
1.4689
5.9732
1.7144
2.4944
1.5183
18.387
26.046
1.9798
3.8425
13.558
3.1361
3.2601
49.347
29.111
2.1478
4.4823
6.9857
10.158
23.665
34.522
11.759
1.6067
24.687
58.326
3.3536
8.8029
35.932
3.1167
1.3582
45.692
1.0489
2.831
6.9262
0.5924
5.2454
3.1309
3.6347
10.868
1.9243
0.70507
18.611
1.2008
4.0831
39.285
8.3055
9.2707
7.3057
7.9757
5.4394
22.49
23.717
12.359
7.4096
14.786
0.30722
19.674
8.078
0.80873
0.96262
5.0815
23.712
6.4396
2.7685
13.186
15.385
1.494
18.862
5.6977
1.5179
30.428
8.5168
13.324
3.9612
3.1043
2.7814
16.9
0.69367
0.65429
3.0742
1.2227
3.719
4.1746
11.279
3.7751
79.177
9.9478
18.578
29.115
10.372
0.99364
3.6374
5.9084
4.1873
14.766
13.653
0.93638
7.2054
31.222
16.624
7.39
15.77
10.663
1.2371
18.054
6.2154
0.25286
4.2578
4.0217
1.0415
2.9458
2.4044
5.6446
2.156
7.965
4.9023
60.552
48.962
0.003047
1.7102
1.2975
0.17888
8.2562
6.3291
10.443
2.9153
7.2616
31.374
13.989
12.115
18.483
3.6705
23.855
28.181
11.239
2.9696
0.95444
60.372
6.9906
5.7612
38.731
1.1274
1.6578
0.53538
33.082
5.0673
23.687
10.289
0.021794
29.846
7.373
4.9879
6.9293
6.2989
20.993
15.912
30.371
20.814
3.0345
12.053
13.05
7.2747
21.378
2.1119
40.969
7.7786
2.9835
2.5692
3.6763
15.286
1.6308
18.584
0.16043
18.952
16.219
36.821
3.6406
2.0226
2.8903
14.781
31.592
5.7107
15.158
0.34926
1.4366
4.42
4.6473
6.5374
3.2948
11.188
10.861
1.1715
35.282
16.402
13.691
0.25549
0.68857
1.7214
14.636
0.92907
5.4373
20.106
4.7664
9.814
27.017
11.565
1.1448
35.976
0.44138
12.402
0.28002
3.2808
27.347
6.7142
0.15613
8.0933
10.243
10.71
3.0452
16.112
8.5013
0.21573
0.5645
15.25
4.2726
8.1317
0.030945
5.6018
2.6413
7.0592
12.917
7.9242
9.432
15.215
3.1283
8.3872
3.463
4.3567
4.2857
36.159
21.748
9.6686
14.953
4.8923
59.002
2.9734
6.2317
11.129
3.2616
70.961
9.3364
6.3073
45.656
10.759
1.1355
5.6866
6.637
20.352
18.67
1.839
8.5497
26.398
14.631
0.28193
7.9305
28.02
4.077
4.555
0.15694
9.7862
4.0812
23.014
9.2332
25.315
19.945
30.571
8.8519
15.302
0.14237
6.2238
18.047
4.6924
4.876
7.4605
39.617
0.85054
0.45317
2.7133
18.878
4.7352
3.8161
3.6907
13.297
47.693
2.3181
24.448
10.726
6.8648
30.863
0.39248
9.0981
2.6581
1.1539
30.907
3.6549
9.9149
35.389
0.70496
0.083896
7.9024
2.4478
4.3648
1.5892
18.35
2.9852
35.701
41.084
14.21
30.909
15.473
5.8603
13.193
7.154
5.1936
9.2987
1.9143
19.265
0.78565
1.3936
63.791
5.1207
1.0264
2.855
21.733
38.01
10.361
1.7271
1.3066
3.5665
4.7343
3.6453
5.4654
11.9
22.159
14.999
1.195
8.8918
1.4445
12.534
1.0089
17.917
4.0255
3.94
8.6232
15.19
16.523
0.53719
16.597
17.397
42.571
2.9506
52.196
0.018734
5.0138
2.4829
2.8501
1.5105
10.732
3.6525
2.0346
42.443
20.983
1.4247
0.65575
13.489
19.298
3.871
27.581
8.4391
1.3474
2.747
2.9818
7.5153
133.27
0.1552
0.85729
2.7126
5.2176
14.567
11.694
12.955
1.8612
17.958
16.356
0.48212
28.806
65.521
6.8414
7.395
1.9374
2.7552
24.13
1.927
9.2891
13.924
2.4183
3.8414
4.9023
16.264
9.1293
0.93544
4.8413
7.6648
1.2684
13.616
7.0497
11.205
1.1473
5.8785
52.346
9.0756
1.0819
31.494
3.8541
3.5296
12.501
4.0445
12.967
2.8867
2.1985
31.061
9.8399
2.797
15.422
11.016
0.4267
6.9584
2.8763
6.4594
6.9898
0.1579
21
8.7601
1.1438
5.1648
4.6851
13.03
16.135
6.7583
3.6433
0.79849
7.0778
7.8782
16.847
0.33485
14.487
19.23
2.5112
29.656
17.433
2.2371
27.643
29.282
16.135
0.095951
16.469
4.6931
2.6539
3.6223
1.4607
7.9014
16.909
8.8415
6.7049
4.6809
9.0527
58.584
0.94504
1.2432
4.122
2.5709
15.16
2.6269
7.4759
2.4037
12.5
39.814
14.664
0.08734
12.493
0.77549
94.386
18.372
7.3318
11.316
16.697
9.1567
11.212
11.32
14.531
0.24576
6.8227
9.0091
10.815
32.545
0.35809
43.764
4.0864
2.9561
5.4633
0.22706
1.1192
8.916
57.444
0.95139
4.7959
7.5289
31.86
9.4907
4.7517
10.942
1.818
29.671
8.3771
1.5362
16.08
0.090336
11.83
6.8891
8.8528
9.6224
0.47456
1.8096
6.2085
28.974
11.324
0.98274
38.837
8.652
3.3095
5.8605
50.402
26.054
8.2973
3.8455
1.1374
0.5592
5.524
15.622
3.7981
27.615
12.766
3.2654
19.977
4.6499
0.68478
3.7924
0.91191
1.1232
4.6245
13.232
0.34442
4.2383
3.3463
8.6144
19.059
30.62
12.962
5.0649
4.3485
1.4593
28.668
7.0463
17.642
8.5304
27.945
11.164
42.61
3.9473
22.56
12.631
0.223
16.697
24.466
6.495
14.161
3.9603
5.2409
44.189
7.1711
12.244
6.486
1.662
1.0535
0.55313
1.1332
27.028
18.031
4.4197
48.69
0.31178
3.0681
1.4982
4.3631
1.1493
9.7752
3.8782
25.7
0.035253
5.5793
45.578
30.25
35.87
38.391
3.0238
42.296
0.58282
2.8936
3.0894
5.5761
15.334
6.5225
17.98
2.0173
16.693
12.249
39.979
0.094483
1.0569
6.9656
13.712
8.0149
6.0084
7.9002
28.449
4.0582
34.73
1.4306
64.604
2.9488
2.3392
1.6093
28.03
53.636
4.3382
1.916
9.8823
1.0504
15.826
16.663
0.60866
5.8021
10.854
32.374
8.111
22.721
9.9807
27.656
2.5839
33.071
1.9349
19.347
21.712
7.7793
12.232
4.9512
6.6188
5.7437
1.9663
10.996
14.822
102.72
6.7321
14.513
5.8883
2.0659
2.4778
2.1698
10.526
2.6673
2.5126
11.424
16.218
1.1654
12.714
27.913
6.9091
9.9589
3.8735
1.9286
11.503
19.645
2.639
10.826
19.674
12.91
43.638
3.0614
5.4293
0.27753
18.461
5.4278
7.2863
1.8382
5.67
1.4266
13.43
4.0014
11.688
10.685
26.855
4.4379
59.923
8.1036
1.6663
0.73884
0.013985
12.106
30.218
5.0622
3.7438
8.2911
13.759
14.407
27.105
3.3289
1.6049
2.4085
14.265
6.6776
5.7094
1.0517
18.989
7.2583
8.5329
3.2257
21.221
6.2772
3.9967
13.761
9.5521
23.941
8.646
8.3941
12.154
6.304
0.824
0.36361
19.314
8.8767
15.117
2.8542
29.737
2.7522
3.9317
31.801
9.2325
4.5832
17.872
0.053206
54.598
10.314
1.5932
35.294
18.101
2.2616
8.7292
5.4825
10.926
20.549
14.165
7.9778
4.2128
74.599
28.104
13.638
20.676
1.9279
1.2286
12.462
5.0239
22.212
3.2179
22.028
12.673
4.6883
23.289
1.7586
4.8214
1.7554
0.87952
4.6582
4.1352
5.6421
55.424
0.44571
17.336
3.0436
64.509
7.7276
16.379
6.4426
0.97022
1.1207
26.354
9.1816
8.0839
5.0071
22.72
10.022
90.685
10.597
61.954
3.8436
1.1649
59.885
3.5738
3.8183
4.593
9.0488
3.1797
4.8757
0.10966
1.4378
4.4861
56.278
2.6132
11.253
6.7028
0.57652
5.9115
64.31
9.0027
167.35
8.6285
8.533
8.1435
4.788
18.572
47.327
2.3806
8.6211
4.3276
8.9444
6.6732
2.9201
5.6836
8.2028
0.47061
26.348
7.6733
1.497
27.69
2.3171
4.9689
5.3885
4.1917
2.5372
8.02
1.0392
18.482
1.3935
4.145
1.7936
7.8772
15.033
66.773
16.255
0.80895
27.266
23.841
9.9768
33.29
10.926
11.501
0.99502
10.69
10.596
5.1239
13.381
0.093405
13.532
15.048
2.7582
3.7911
17.249
0.81151
9.1381
21.454
3.8265
3.7466
9.4356
39.645
2.6983
2.9162
3.3666
46.565
1.1955
0.94327
21.29
0.99425
33.254
5.373
1.8106
4.4314
66.231
1.5774
5.404
33.719
5.8418
2.9335
16.034
4.2234
19.494
38.487
10.672
3.7267
8.8081
4.9726
2.088
8.7966
12.865
5.0151
0.88346
19.868
6.2951
14.473
6.2464
3.0028
28.135
3.994
0.34248
4.4658
1.8622
22.993
1.7156
14.701
2.7038
2.9663
1.028
22.343
12.212
118.58
2.9208
21.768
12.719
31.358
4.3202
24.494
28.291
12.605
2.2532
6.8767
1.2158
1.8672
15.588
1.5682
4.9343
8.7389
3.4121
3.6338
23.893
6.4052
92.006
12.82
0.55768
16.267
36.011
8.3112
6.1514
5.8025
10.163
11.064
4.0857
11.009
3.2521
1.6519
17.024
11.344
21.256
2.3553
9.2366
4.4599
25.363
9.853
16.207
6.2209
1.8097
6.2605
6.7041
1.4773
25.698
7.791
4.6314
9.4629
6.8098
3.1445
1.1
7.1618
16.257
0.68246
6.6229
7.7333
1.7752
9.6545
18.35
36.891
0.42791
16.177
45.29
12.843
8.4327
19.761
16.414
4.6661
3.6446
51.789
2.0508
12.337
17.438
6.4846
19.521
4.9654
5.6979
0.15777
15.911
0.87062
8.9177
3.9267
34.068
2.4433
4.6252
6.7416
4.9067
10.988
17.622
14.659
9.2677
4.2994
0.37432
44.481
15.129
11.303
6.0316
9.3393
2.6316
42.401
6.9222
2.52
0.83413
2.0644
22.535
4.108
27.24
8.147
5.8069
9.4408
1.4298
7.1336
0.59512
8.0422
2.909
3.046
12.819
9.9309
26.301
14.333
9.2226
0.43441
28.306
3.3412
8.8414
15.741
3.9967
3.9085
9.2288
7.0847
3.1808
16.665
6.9934
6.3689
2.9232
6.6576
9.2652
24.681
0.91125
12.978
7.2129
3.5044
41.157
3.0668
4.1887
10.368
11.105
3.9698
8.227
17.114
1.2276
229.98
7.0018
0.58038
5.1898
10.492
13.261
3.0726
4.0444
6.3507
58.643
1.7029
41.6
32.589
1.753
0.55063
2.7643
2.4151
9.7556
6.8667
12.449
14.928
2.9567
63.121
2.0954
11.842
14.117
8.3447
28.959
0.76487
1.5773
7.4241
28.114
12.775
14.749
21.523
5.2461
23.009
55.276
3.5238
33.198
3.919
1.5063
5.6356
20.131
1.9774
1.1511
2.4167
24.532
0.70714
1.6078
2.1534
15.002
53.49
6.8446
1.304
19.311
26.191
1.6289
5.9994
5.3971
10.306
13.447
47.586
22.874
15.468
9.2587
2.4762
11.087
3.8799
12.952
10.722
6.0564
5.116
3.7709
60.612
1.5615
23.009
14.589
11.556
6.0216
3.9193
12.506
18.486
35.09
4.3134
28.79
21.206
1.2133
2.7879
11.765
6.1786
1.1414
8.4873
0.10403
9.7167
31.957
26.371
2.396
19.938
46.955
22.711
6.899
4.0402
21.752
12.097
4.0164
24.804
3.4796
1.7616
19.168
1.6842
3.2877
1.5234
8.1423
9.04
34.847
2.8719
0.40071
32.672
1.0218
6.2843
7.5709
13.636
3.1421
29.75
11.712
3.9638
7.4067
1.4639
98.417
2.1929
7.4293
22.056
3.7677
3.1722
18.959
0.43317
26.684
7.7393
24.534
11.282
0.51581
1.2816
2.7213
13.803
14.295
1.5283
3.5442
6.4485
19.135
12.313
7.44
22.561
4.5417
12.159
18.472
8.2085
12.768
10.865
13.654
0.34645
12.521
32.998
20.82
3.3156
3.7611
1.1238
8.078
3.4197
13.298
16.245
1.154
20.795
12.168
5.3138
1.4415
15.433
36.907
29.375
24.167
0.66158
10.877
11.768
7.6428
0.60656
5.9575
4.8365
8.8855
1.2739
19.767
4.7945
42.023
47.002
2.558
0.073005
0.71364
3.9568
1.9638
4.3301
0.2661
71.524
13.962
6.5353
26.445
14.301
46.105
7.2521
5.2985
48.465
6.3688
20.786
19.74
1.138
20.253
0.61852
17.591
0.67065
3.9641
2.1169
30.799
9.6033
0.74519
48.551
9.6776
22.618
0.98569
2.1057
44.982
5.2155
11.197
0.095741
2.2166
59.958
20.342
9.6042
1.5188
0.6652
0.44121
0.50675
0.22717
5.0409
3.8881
3.0076
3.3933
1.017
8.6703
3.7383
11.572
17.055
7.764
10.857
55.754
1.0927
8.368
0.11961
0.98144
33.997
2.9461
18.979
0.61135
5.3652
14.057
2.7534
1.2763
5.9516
0.0064895
11.732
5.0681
3.6432
20.351
27.828
2.3949
3.6337
11.58
22.377
6.2226
4.9204
0.3934
38.589
5.1395
16.004
0.57417
0.97208
0.47658
0.18059
3.4921
13.638
1.0917
3.6821
10.642
0.50167
22.196
33.026
5.9348
5.8818
25.025
25.637
1.6018
8.9837
22.072
3.5172
16.818
5.6629
11.919
0.65037
21.421
12.347
7.5037
7.4209
12.154
24.285
11.498
44.716
4.6612
20.016
14.019
2.4074
4.0812
7.188
0.20484
3.8312
9.4056
14.277
3.6814
10.18
23.35
8.779
2.7221
49.588
14.331
4.2096
43.514
1.0087
43.601
7.4689
7.6882
1.001
3.2813
1.809
1.9793
1.9967
2.0943
5.1716
5.0222
10.596
15.218
18.378
19.693
10.474
8.9364
0.01781
18.208
0.43793
21.486
8.5013
2.2729
3.6658
13.275
32.769
0.25926
7.6706
13.87
3.847
27.383
7.0555
1.7768
14.998
1.476
6.6515
13.191
2.607
0.50969
7.8125
5.5436
36.127
6.4237
4.6467
4.1565
4.2902
15.641
2.9422
24.438
9.2313
0.54971
7.3864
4.9829
49.594
4.2337
14.873
8.6538
5.0485
2.3487
5.036
8.3345
0.92557
19.776
12.521
1.7233
5.2539
0.17833
9.373
0.7225
13.187
8.1521
25.141
0.28521
3.9398
8.4485
25.061
3.1343
5.6834
4.7086
28.65
1.4632
4.74
11.363
0.10304
2.8244
13.145
9.9711
9.3703
35.3
1.2989
3.0317
4.5266
9.0458
4.5932
24.484
5.904
11.033
3.6145
4.3594
5.3203
17.206
19.52
14.303
0.88423
8.3137
16.921
5.6503
7.0735
1.1646
14.539
15.798
15.906
8.936
20.021
13.28
11.604
2.2897
34.55
16.027
6.0998
28.327
3.2705
0.91462
21.885
1.37
3.8752
3.6099
15.228
2.2541
10.571
8.0776
1.4768
28.477
7.9732
10.982
26.272
7.8256
20.6
9.0265
2.1785
4.9944
0.25216
11.998
3.7853
1.5622
50.741
10.625
8.6185
0.56409
0.58892
24.886
45.37
7.7116
7.9388
0.73854
7.3041
20.115
6.0043
50.753
4.1018
7.3491
6.8007
1.6558
26.284
9.1074
11.183
0.11013
7.6832
3.0567
0.035901
8.3523
72.912
0.55631
11.092
19.463
6.9233
68.609
15.213
0.5813
3.564
9.5706
5.981
8.5682
11.776
49.38
14.642
1.6672
6.9697
3.5037
8.6174
10.624
10.691
28.095
4.5252
21.319
1.6531
9.8158
10.877
3.2939
10.598
3.1472
91.766
0.71431
7.2758
0.89821
2.6103
15.016
0.82688
8.3815
1.3077
2.6952
31.025
0.20384
5.2867
11.642
2.2883
1.0653
18.707
0.67803
13.079
16.94
9.8617
21.477
0.48793
41.201
7.0039
33.151
49.754
70.583
2.7439
5.8624
21.526
11.885
13.148
0.67012
18.531
3.913
4.9236
6.7023
11.599
19.14
13.326
14.594
7.072
12.129
4.9432
21.159
1.2037
29.935
0.16844
16.656
3.2044
33.84
75.653
55.858
10.288
5.2602
