1
0.98501
0.94182
0.95092
0.97227
0.93117
0.94063
0.90473
0.89383
0.94264
0.98613
1.0048
1.0033
1.0348
1.0475
1.0059
1.0032
0.94336
0.9299
0.93037
0.92098
0.91725
0.94265
0.97116
0.96728
0.9844
1.0165
1.0166
0.99174
0.98398
0.92017
0.91548
0.93253
0.9649
0.96003
0.95276
0.9444
0.9253
0.91973
0.91281
0.90203
0.8679
0.85345
0.89598
0.88303
0.91651
0.93509
0.92893
0.97517
0.98252
0.91923
0.91513
0.94129
0.9118
0.88468
0.88469
0.85058
0.87317
0.87548
0.89219
0.90597
0.90646
0.87144
0.85023
0.90911
0.88432
0.90786
0.8847
0.86742
0.88758
0.89639
0.8486
0.83692
0.76778
0.75002
0.78123
0.78331
0.77067
0.76283
0.76058
0.77344
0.78823
0.78421
0.77365
0.76525
0.80389
0.8123
0.86814
0.8408
0.81737
0.83087
0.79137
0.79433
0.80307
0.8135
0.77069
0.81416
0.77266
0.82452
0.79148
0.79478
0.80214
0.77496
0.79478
0.79463
0.78979
0.79268
0.75095
0.70008
0.65193
0.62404
0.59524
0.60659
0.6423
0.68227
0.7067
0.68894
0.70834
0.70935
0.70284
0.70179
0.67112
0.71246
0.69838
0.69544
0.72179
0.69236
0.71068
0.72386
0.72594
0.72624
0.71258
0.7241
0.73322
0.72957
0.68186
0.69783
0.69524
0.65741
0.65196
0.65377
0.68088
0.71047
0.67555
0.69782
0.71776
0.71893
0.70291
0.72203
0.74205
0.75126
0.7696
0.76286
0.77757
0.76383
0.74797
0.7187
0.77737
0.79104
0.80962
0.7714
0.77137
0.79442
0.77158
0.77199
0.76993
0.76613
0.76855
0.73158
0.72077
0.72201
0.71094
0.74248
0.71449
0.70656
0.73914
0.72067
0.79778
0.77969
0.7544
0.76834
0.73621
0.73331
0.72025
0.69823
0.66315
0.63218
0.6338
0.60904
0.64931
0.62455
0.62829
0.60227
0.60535
0.6227
0.61913
0.65754
0.66022
0.67421
0.65642
0.61725
0.5689
0.55974
0.57934
0.57871
0.54479
0.56839
0.57568
0.57877
0.60959
0.58043
0.59583
0.58094
0.57768
0.54956
0.57146
0.60049
0.63197
0.66491
0.69407
0.67428
0.67782
0.69317
0.66297
0.65611
0.60244
0.57414
0.58248
0.59242
0.56888
0.54862
0.57823
0.58311
0.60087
0.57957
0.57375
0.55988
0.535
0.54117
0.53547
0.49612
0.49814
0.50057
0.46811
0.45169
0.4464
0.46208
0.49649
0.48782
0.49
0.46705
0.44688
0.4583
0.4254
0.44821
0.41777
0.41331
0.40527
0.39303
0.40219
0.43618
0.41739
0.429
0.43846
0.45624
0.43917
0.39767
0.38974
0.37428
0.3633
0.34055
0.35607
0.3682
0.34995
0.36755
0.38436
0.3874
0.38952
0.39219
0.41523
0.40675
0.38014
0.39701
0.38555
0.39158
0.38572
0.36347
0.33393
0.36118
0.35719
0.36093
0.35755
0.35667
0.38246
0.38349
0.41171
0.39956
0.40783
0.39816
0.40937
0.40785
0.42227
0.43723
0.43502
0.45248
0.44358
0.44374
0.44666
0.45897
0.43579
0.41824
0.3994
0.40816
0.39255
0.41272
0.41678
0.42665
0.41905
0.42909
0.40019
0.35634
0.33135
0.31141
0.32923
0.31539
0.31679
0.29451
0.31281
0.33216
0.29653
0.30254
0.31467
0.31506
0.32784
0.3036
0.31834
0.32092
0.31086
0.31338
0.30097
0.31113
0.30858
0.31737
0.30973
0.31582
0.34786
0.34241
0.36185
0.37824
0.39624
0.37825
0.36955
0.37511
0.36273
0.35087
0.35603
0.37218
0.40414
0.4109
0.40695
0.40552
0.39486
0.39247
0.36637
0.36514
0.3333
0.36557
0.32819
0.34356
0.32342
0.30247
0.28788
0.29417
0.29713
0.29715
0.31642
0.32259
0.3021
0.32102
0.35638
0.36763
0.35721
0.34056
0.32401
0.31706
0.31491
0.32229
0.3384
0.35386
0.35603
0.35652
0.36182
0.33686
0.32567
0.33012
0.35369
0.36328
0.36915
0.36732
0.37451
0.36314
0.38715
0.3856
0.35962
0.35127
0.37513
0.38909
0.36782
0.37318
0.37656
0.3922
0.37733
0.33624
0.35289
0.34818
0.3154
0.30201
0.29871
0.31206
0.28937
0.30487
0.32903
0.33962
0.34021
0.33546
0.34017
0.34234
0.33731
0.38018
0.3909
0.38923
0.36967
0.38657
0.34775
0.32607
0.32337
0.31308
0.32772
0.32596
0.34437
0.34816
0.38281
0.35683
0.35677
0.36012
0.33875
0.33996
0.35617
0.36213
0.34969
0.35741
0.35728
0.38324
0.39054
0.36294
0.38123
0.36408
0.34787
0.34118
0.3606
0.35807
0.3394
0.32886
0.33096
0.32759
0.34375
0.35784
0.35072
0.35611
0.34448
0.33336
0.29714
0.28462
0.28998
0.25953
0.26113
0.26173
0.25326
0.23102
0.24732
0.24264
0.24637
0.22258
0.18582
0.20245
0.19634
0.18153
0.18457
0.16271
0.16561
0.17625
0.18054
0.17519
0.15872
0.17142
0.16238
0.14218
0.12705
0.14303
0.13377
0.13567
0.12236
0.10692
0.10674
0.096959
0.09859
0.11574
0.11891
0.11844
0.11272
0.12372
0.13844
0.1265
0.11118
0.12192
0.11776
0.13186
0.15107
0.15639
0.16561
0.147
0.14325
0.15203
0.15803
0.17257
0.15764
0.15274
0.13605
0.12424
0.12686
0.13476
0.1459
0.14872
0.14057
0.14886
0.12879
0.14333
0.16813
0.18216
0.17764
0.18658
0.17413
0.17591
0.16665
0.18753
0.16338
0.16404
0.1746
0.17909
0.18307
0.18279
0.18127
0.19845
0.19177
0.20226
0.22202
0.21522
0.2085
0.21525
0.24265
0.23455
0.24891
0.26908
0.25852
0.23241
0.25876
0.25807
0.26126
0.23987
0.25567
0.23614
0.24382
0.23868
0.22591
0.21281
0.19146
0.17256
0.15123
0.14486
0.13036
0.15043
0.13971
0.14173
0.13776
0.16202
0.1627
0.16433
0.15901
0.15792
0.15263
0.13094
0.13233
0.11634
0.12123
0.1188
0.13093
0.15857
0.1355
0.1414
0.13722
0.1369
0.14343
0.14491
0.14242
0.1466
0.18055
0.19016
0.17738
0.17055
0.15395
0.14954
0.16644
0.1792
0.1799
0.16597
0.1515
0.15256
0.14959
0.16133
0.15303
0.14473
0.14217
0.13812
0.14467
0.14846
0.12306
0.12112
0.10541
0.099879
0.098365
0.095666
0.085726
0.064694
0.067841
0.061988
0.046854
0.009839
-0.0036466
-0.013829
-0.01111
-0.0037777
-0.0087609
-0.0071992
-0.02607
-0.035493
-0.040463
-0.039561
-0.04358
-0.046851
-0.034344
-0.036188
-0.029813
-0.029145
-0.039541
-0.034278
-0.039231
-0.041945
-0.030145
-0.036738
-0.039467
-0.053542
-0.045265
-0.050137
-0.047259
-0.047319
-0.038547
-0.040296
-0.025355
-0.023599
-0.0070729
-0.017807
-0.029657
-0.01296
-0.018302
-0.010964
-0.001716
-0.01137
-0.010097
-0.014055
-0.027497
-0.014862
-0.015244
-0.023635
-0.032415
-0.015675
-0.0033295
0.008637
0.0018908
0.0055445
0.013784
-0.0011387
-0.022798
-0.030579
-0.028705
-0.022117
-0.047336
-0.043808
-0.057614
-0.063613
-0.069073
-0.050147
-0.060081
-0.061665
-0.070176
-0.071674
-0.070946
-0.078123
-0.081404
-0.095892
-0.089429
-0.084679
-0.091885
-0.09035
-0.10833
-0.1065
-0.086745
-0.078887
-0.082312
-0.070952
-0.069469
-0.077212
-0.061756
-0.073977
-0.068029
-0.063145
-0.054342
-0.053384
-0.042272
-0.052151
-0.054229
-0.049041
-0.04863
-0.042302
-0.052464
-0.051446
-0.065101
-0.064085
-0.0893
-0.11391
-0.11091
-0.10642
-0.098573
-0.08829
-0.079506
-0.074655
-0.066137
-0.077951
-0.067708
-0.067906
-0.076842
-0.066711
-0.061426
-0.065245
-0.076537
-0.085536
-0.078076
-0.077008
-0.082147
-0.083756
-0.080933
-0.085471
-0.080519
-0.081216
-0.069319
-0.059691
-0.04521
-0.047657
-0.04392
-0.036165
-0.023984
-0.030809
-0.050807
-0.039784
-0.048327
-0.058241
-0.058849
-0.05024
-0.040577
-0.040025
-0.034211
-0.026408
-0.0053167
-0.0097431
0.013104
0.019824
0.017491
0.012418
0.0054629
0.012232
0.0096016
0.010668
0.0077897
-0.0070312
-0.0070503
0.0028711
-0.00011225
-0.0057878
0.012307
0.00026956
-0.0033585
0.0017046
-0.0020022
0.010661
0.010755
0.0070193
0.0097428
0.012551
0.0070246
0.0046284
0.013231
0.024336
0.026748
0.024502
0.027595
0.021169
0.039447
0.038228
0.024238
0.048738
0.041453
0.044898
0.059513
0.049968
0.043566
0.066265
0.068458
0.063343
0.066438
0.079111
0.078151
0.10723
0.1005
0.10882
0.11194
0.10121
0.10027
0.096282
0.10942
0.081629
0.073339
0.085008
0.080733
0.080976
0.081061
0.075385
0.073666
0.077857
0.086014
0.093693
0.10072
0.098657
0.10925
0.12758
0.12274
0.12547
0.12406
0.12518
0.1372
0.13219
0.15114
0.15965
0.15261
0.15678
0.16706
0.18094
0.17582
0.19198
0.1968
0.19525
0.21624
0.18539
0.18199
0.15652
0.16354
0.16407
0.15363
0.13938
0.14261
0.13362
0.1454
0.11834
0.094789
0.07795
0.072342
0.084894
0.081411
0.089312
0.088111
0.092557
0.074175
0.061066
0.072101
0.069001
0.068394
0.054047
0.052508
0.032622
0.025839
0.022938
0.017301
0.018488
0.030256
0.02947
0.032522
0.033462
0.031802
0.022971
0.027956
0.027437
0.027749
0.025478
0.017799
0.018691
0.017946
0.031715
0.035665
0.04064
0.046124
0.044983
0.053557
0.055563
0.037887
0.037201
0.045374
0.040377
0.02747
0.02406
0.03863
0.048446
0.056202
0.056474
0.070908
0.086818
0.10318
0.082477
0.10052
0.12353
0.11801
0.1215
0.11614
0.11453
0.10388
0.11079
0.12288
0.1079
0.10539
0.10981
0.11901
0.10531
0.11228
0.13127
0.13125
0.12131
0.14573
0.13234
0.1296
0.11505
0.1409
0.12624
0.12217
0.14668
0.16472
0.16375
0.20112
0.20566
0.21479
0.21725
0.21032
0.19729
0.20469
0.19704
0.22004
0.20486
0.21409
0.20618
0.20977
0.21356
0.20352
0.21246
0.21214
0.18884
0.19975
0.20035
0.20847
0.18922
0.16089
0.16836
0.20592
0.20141
0.20569
0.20371
0.21747
0.24192
0.23449
0.22577
0.24585
0.23946
0.20893
0.18549
0.20284
