1
0.99126
1.0039
1.0146
0.99205
0.98116
0.98754
0.96475
0.97568
1.0046
0.99764
1.0102
0.99053
0.96661
0.98109
0.94592
0.90873
0.93308
0.94573
0.95015
0.97381
0.94542
0.98585
0.95294
0.91104
0.9216
0.90568
0.89317
0.88723
0.89253
0.89921
0.93569
0.94365
0.92708
0.93051
0.94597
0.95382
0.96731
0.98872
0.94502
0.96224
0.9358
0.92346
0.9309
0.94396
0.90195
0.88826
0.87527
0.87013
0.88735
0.86128
0.88291
0.89731
0.89834
0.88737
0.88594
0.89902
0.90236
0.90649
0.90168
0.88294
0.90206
0.87917
0.86116
0.86196
0.84601
0.84449
0.83334
0.86628
0.84594
0.87257
0.85053
0.84113
0.84233
0.84113
0.85322
0.8405
0.84481
0.8578
0.83809
0.88533
0.86402
0.85706
0.85676
0.84207
0.82498
0.79788
0.80693
0.80168
0.80395
0.77628
0.76743
0.77016
0.77524
0.76737
0.7654
0.77396
0.74572
0.76204
0.75414
0.73627
0.71069
0.71715
0.73663
0.7266
0.73051
0.7148
0.72157
0.7266
0.71164
0.68504
0.6673
0.67832
0.66055
0.64593
0.6576
0.6541
0.66212
0.68787
0.69596
0.69761
0.70064
0.70517
0.69376
0.68497
0.69427
0.70234
0.7192
0.6943
0.68721
0.69349
0.68474
0.69297
0.68875
0.719
0.72743
0.71775
0.68763
0.69697
0.70695
0.70246
0.69309
0.69551
0.69973
0.70068
0.68764
0.6959
0.68384
0.70368
0.70572
0.69544
0.69336
0.68423
0.66298
0.65432
0.66264
0.66254
0.657
0.67242
0.67899
0.67079
0.6625
0.65312
0.66737
0.65871
0.65468
0.67355
0.6693
0.67022
0.65817
0.66279
0.63404
0.63489
0.62731
0.61529
0.60093
0.60771
0.61004
0.57965
0.5679
0.56167
0.57659
0.57261
0.56781
0.55982
0.5579
0.56253
0.55775
0.57556
0.5755
0.59021
0.61003
0.58817
0.59201
0.58145
0.56737
0.55791
0.54668
0.54164
0.56021
0.55773
0.57595
0.579
0.56462
0.565
0.57236
0.55912
0.56519
0.53518
0.5351
0.5411
0.51905
0.51424
0.50736
0.51196
0.51779
0.52791
0.51124
0.49564
0.48536
0.48027
0.46135
0.45432
0.44387
0.45024
0.45158
0.45876
0.45859
0.44961
0.44786
0.45519
0.45001
0.44187
0.43985
0.43686
0.44679
0.43978
0.42568
0.42575
0.43584
0.43351
0.42361
0.42618
0.41643
0.40395
0.40791
0.41025
0.39869
0.40303
0.39785
0.40085
0.39717
0.40248
0.41087
0.41046
0.41981
0.42163
0.41818
0.4041
0.39889
0.39561
0.38024
0.37524
0.3679
0.3765
0.36575
0.37632
0.38292
0.37919
0.37507
0.36756
0.3808
0.38808
0.39598
0.39828
0.39755
0.3887
0.40187
0.39751
0.42189
0.42291
0.42035
0.42916
0.42268
0.4305
0.41861
0.42305
0.42889
0.43969
0.43876
0.446
0.44362
0.43941
0.4205
0.42922
0.44664
0.461
0.46514
0.46176
0.45258
0.44757
0.45449
0.4482
0.44685
0.44015
0.43254
0.42669
0.40893
0.39842
0.40619
0.40085
0.39515
0.41012
0.39884
0.39164
0.38862
0.38913
0.38591
0.38526
0.3948
0.39034
0.3937
0.39046
0.3928
0.39713
0.39422
0.40406
0.39667
0.40386
0.40821
0.40287
0.40722
0.40674
0.41085
0.40457
0.41243
0.40684
0.40177
0.39046
0.38624
0.38208
0.37716
0.37632
0.37976
0.38602
0.39411
0.40682
0.40631
0.40882
0.41041
0.42117
0.4065
0.40627
0.4108
0.42119
0.43051
0.43516
0.42771
0.42857
0.42201
0.41049
0.40426
0.40128
0.39805
0.40262
0.41787
0.41847
0.40887
0.4212
0.4217
0.40576
0.39852
0.40579
0.41203
0.40583
0.41143
0.40462
0.41122
0.40806
0.40586
0.41323
0.40219
0.41621
0.4109
0.41668
0.41277
0.41344
0.42074
0.40261
0.40066
0.38377
0.40719
0.39433
0.38768
0.37929
0.38408
0.38372
0.37931
0.36445
0.36903
0.35991
0.36007
0.35133
0.35479
0.34127
0.33747
0.32513
0.32336
0.32004
0.32764
0.32886
0.32708
0.33075
0.33477
0.32996
0.32317
0.34713
0.34649
0.35551
0.359
0.36452
0.36249
0.35601
0.357
0.34828
0.34971
0.36215
0.36163
0.36432
0.37006
0.37376
0.36391
0.36358
0.36473
0.36457
0.36784
0.3622
0.36054
0.36238
0.36827
0.36431
0.35441
0.33928
0.34211
0.33571
0.33295
0.3321
0.32939
0.32924
0.32636
0.33194
0.32645
0.32759
0.32768
0.31942
0.31566
0.31578
0.31233
0.30936
0.30332
0.30119
0.30117
0.31098
0.31339
0.30042
0.3023
0.31464
0.31827
0.32051
0.31793
0.31884
0.32127
0.32942
0.32902
0.32673
0.32458
0.34092
0.33776
0.3342
0.32694
0.32359
0.32248
0.31553
0.31114
0.30857
0.31428
0.30744
0.30681
0.29976
0.30676
0.31789
0.32255
0.32541
0.33067
0.33251
0.33988
0.33988
0.34194
0.34153
0.34745
0.34197
0.34913
0.35164
0.34863
0.33968
0.32206
0.32329
0.32931
0.33175
0.32946
0.32133
0.31196
0.31301
0.32184
0.33052
0.3256
0.33195
0.33441
0.34014
0.34207
0.34193
0.35012
0.35046
0.35418
0.35694
0.35946
0.35809
0.36702
0.37089
0.37747
0.38128
0.38252
0.37952
0.37471
0.37222
0.3597
0.36722
0.36918
0.36527
0.37472
0.36297
0.36113
0.37308
0.37102
0.36129
0.37287
0.37155
0.37109
0.38405
0.36754
0.36722
0.36548
0.37046
0.36919
0.37697
0.3859
0.38472
0.36702
0.37333
0.36526
0.36083
0.36838
0.37445
0.37439
0.36599
0.35755
0.35099
0.35012
0.33697
0.32929
0.32619
0.33759
0.33054
0.33921
0.34673
0.36323
0.35426
0.354
0.35438
0.35257
0.35339
0.35835
0.35473
0.36213
0.35698
0.36363
0.34337
0.3528
0.36152
0.36387
0.36824
0.3819
0.38608
0.3847
0.38665
0.37877
0.37283
0.3642
0.36458
0.36657
0.36965
0.36591
0.36498
0.35525
0.35935
0.34685
0.33961
0.34415
0.34547
0.34252
0.33376
0.33319
0.34006
0.33943
0.34019
0.34207
0.34137
0.3469
0.3506
0.35112
0.35508
0.3501
0.35149
0.35802
0.36521
0.37553
0.376
0.37628
0.37769
0.3831
0.37741
0.38003
0.37996
0.38528
0.37989
0.38813
0.39247
0.39842
0.41792
0.41321
0.40163
0.39248
0.39633
0.39091
0.38762
0.38828
0.39286
0.40213
0.39893
0.40277
0.39162
0.39249
0.40386
0.40155
0.39949
0.39885
0.38603
0.39144
0.39982
0.39866
0.40687
0.40113
0.38959
0.3909
0.38395
0.38235
0.38089
0.39458
0.39548
0.38892
0.39612
0.40217
0.39601
0.40622
0.40994
0.40381
0.39089
0.37631
0.36884
0.37464
0.382
0.37988
0.39323
0.38369
0.37641
0.37154
0.36923
0.36374
0.36328
0.36026
0.364
0.37191
0.37643
0.37313
0.36978
0.37051
0.37029
0.36556
0.36004
0.36234
0.35732
0.35345
0.35768
0.34692
0.34472
0.34457
0.35072
0.35695
0.3545
0.35069
0.34584
0.3451
0.33946
0.34473
0.34507
0.34794
0.35444
0.35886
0.35295
0.35598
0.34525
0.33904
0.33992
0.33962
0.34234
0.35013
0.34895
0.35604
0.35698
0.35769
0.35201
0.35329
0.36433
0.36606
0.36464
0.36233
0.35404
0.36174
0.35621
0.37213
0.37408
0.3776
0.36917
0.36678
0.35447
0.35681
0.35608
0.35526
0.35244
0.35715
0.36208
0.34988
0.35735
0.3532
0.34907
0.35784
0.35633
0.35494
0.35007
0.34498
0.34755
0.36013
0.36484
0.35012
0.35872
0.36907
0.36925
0.37983
0.39925
0.39088
0.40087
0.39983
0.39567
0.3978
0.40491
0.41223
0.41716
0.42282
0.4162
0.42154
0.42037
0.42069
0.40894
0.41298
0.40104
0.41073
0.42095
0.43368
0.41777
0.42375
0.41398
0.40635
0.39702
0.39147
0.39784
0.39057
0.3849
0.37197
0.37982
0.39208
0.41032
0.4192
0.43743
0.42509
0.43121
0.43428
0.42481
0.43148
0.43049
0.42587
0.42314
0.42463
0.40386
0.41203
0.4277
0.42317
0.41773
0.42774
0.42113
0.41925
0.41847
0.41557
0.41959
0.43249
0.44773
0.45367
0.44257
0.44276
0.43734
0.42444
0.44026
0.44301
0.45578
0.44286
0.44725
0.44723
0.45366
0.46887
0.47166
0.464
0.45808
0.45257
0.45887
0.43929
0.44955
0.44388
0.44039
0.41832
0.41861
0.42621
0.42065
0.42804
0.42683
0.42537
0.43362
0.42762
0.44969
0.46068
0.45165
0.44666
0.44269
0.41914
0.41732
0.41089
0.41356
0.40376
0.39317
0.38153
0.38328
0.39513
0.38622
0.38217
0.37036
0.3694
0.36403
0.38121
0.38594
0.39003
0.39813
0.40255
0.39461
0.39118
0.3931
0.39189
0.38359
0.38451
0.3753
0.38102
0.37316
0.37704
0.36741
0.35284
0.36112
0.36587
0.37413
0.38995
0.38407
0.38735
0.38079
0.38611
0.38292
0.3856
0.3969
0.39574
0.4039
0.40177
0.4017
0.40061
0.40174
0.39545
0.39066
0.36931
0.37193
0.35712
0.35662
0.35573
0.36887
0.36722
0.38139
0.3849
0.39002
0.38839
0.39647
0.38988
0.39308
0.38927
0.38627
0.37399
0.37577
0.38153
0.37389
0.38235
0.38569
0.38131
0.39249
0.38903
0.38826
0.39602
0.40028
0.39123
0.39757
0.3951
0.3945
0.3914
0.39964
0.37847
0.37094
0.36984
0.37061
0.36752
0.37169
0.37677
0.37288
0.38617
0.38394
0.39505
0.39183
0.40188
0.40347
0.40396
0.39487
0.38611
0.3917
0.39651
0.39125
0.39794
0.40785
0.39546
0.40128
0.4154
0.42913
0.42617
0.43349
0.43731
0.43731
0.43496
0.41775
0.43094
0.42299
0.42359
0.4319
0.42828
0.42155
0.43185
0.44164
0.44237
0.45556
0.47465
0.48542
0.48844
0.49023
0.47814
0.48318
0.47803
0.49681
0.49308
0.51087
0.5036
0.5065
0.49271
0.47923
0.47759
0.47663
0.47294
0.46997
0.47952
0.46997
0.46724
0.47471
0.45683
0.47287
0.48768
0.48294
0.48887
0.49358
0.49514
0.51153
0.51231
0.5053
0.50306
0.51349
0.50323
0.50881
0.50266
0.51062
0.49602
0.5018
0.4961
0.50074
0.49915
0.49006
0.49348
0.50418
0.49892
0.50281
0.5058
0.51698
0.52025
0.52828
0.52065
0.53394
0.5654
0.56837
0.55885
0.57754
0.5849
0.59357
0.58025
0.57163
0.56181
0.56572
0.55933
0.56901
0.56471
0.5856
0.58186
0.57769
0.57352
0.5827
0.58324
0.60891
0.6158
0.61599
0.60014
0.59624
0.5935
0.59268
0.6098
0.57897
0.58757
0.59112
0.59883
0.60965
0.61726
0.62726
0.6404
0.64829
0.64887
0.6449
0.65849
0.64989
0.63522
0.6272
0.6312
0.63812
0.63942
0.63009
0.64539
0.65581
0.63917
0.65483
0.66393
0.6493
0.65787
0.64137
0.61977
0.60864
0.60506
0.60054
0.60413
0.60209
0.58933
0.58804
0.59935
0.60556
0.57473
0.61141
0.63011
0.62745
0.63177
0.63378
0.63097
0.6206
0.63503
0.63309
0.61677
0.60914
0.59225
0.58889
0.60503
0.59506
0.57492
0.57649
0.58869
0.59463
0.59909
0.6077
0.59167
0.58174
0.56822
0.58665
0.5789
0.58709
0.6024
0.59613
0.60534
0.619
0.64077
0.64427
0.64805
0.6458
0.6422
0.66574
0.66383
0.66033
0.65194
0.6764
0.69124
0.66898
0.65206
0.65534
0.64245
0.62686
0.63994
0.62759
0.62715
0.62408
0.64104
0.62974
0.62034
0.62168
0.64625
0.66339
0.66043
0.65818
0.65913
0.66571
0.6739
0.6951
0.70033
0.70761
0.69572
0.68542
0.68001
0.67736
0.67484
0.66144
0.65906
0.65045
0.65569
0.65741
0.65614
0.66077
0.6801
0.67807
0.67497
0.64132
0.65188
0.6486
0.64897
0.64079
0.6453
0.64373
0.64169
0.61131
0.63441
0.64044
0.64545
0.64477
0.63562
0.64716
0.62785
0.62002
0.62669
0.63347
0.6267
0.61727
0.62379
0.63121
0.62461
0.62443
0.63898
0.6446
0.65045
0.62943
0.63051
0.63111
0.66467
0.66718
0.66818
0.64161
0.64275
0.63741
0.63374
0.62651
0.63228
0.63279
0.64078
0.63288
0.62141
0.63344
0.61073
0.61942
0.61113
0.60921
0.59797
0.61339
0.61191
0.60312
0.5909
0.5871
0.59926
0.612
0.61527
0.62205
0.64588
0.63334
0.64774
0.6415
0.64373
0.63594
0.63528
0.62414
0.60379
0.60516
0.60865
0.60174
0.59298
0.58265
0.58831
0.57286
0.59179
0.61056
0.61789
0.61458
0.59294
0.5873
0.58491
0.58207
0.58899
0.58944
0.5698
0.55956
0.56311
0.56526
0.56447
0.55701
0.52947
0.52937
0.53792
0.52979
0.54282
0.53413
0.52179
0.50864
0.50633
0.51227
0.5175
0.5013
0.49992
0.49674
0.50362
0.51771
0.51169
0.51711
0.51176
0.51221
0.50502
0.50183
0.50613
0.50861
0.5181
0.49247
0.48919
0.5032
0.50986
0.50383
0.50543
0.5225
0.52392
0.53576
0.53419
0.52317
0.52156
0.50005
0.49559
0.51208
0.51485
0.50929
0.51406
0.5272
0.5377
0.53448
0.54448
0.55364
0.54311
0.54167
0.5336
0.53846
0.54082
0.5487
0.56143
0.57421
0.56814
0.56341
0.5694
0.58484
0.57433
0.5653
0.5754
0.57545
0.58752
0.58577
0.60124
0.57085
0.59127
0.59862
0.60229
0.60082
0.59173
0.60008
0.59571
0.61459
0.59141
0.59005
0.56995
0.57694
0.58826
0.57017
0.5672
0.57213
0.58429
0.57938
0.58414
0.58659
0.58073
0.59862
0.59349
0.59703
0.6019
0.6122
0.6188
0.61315
0.61434
0.59626
0.57366
0.57092
0.57924
0.57573
0.59708
0.59683
0.61754
0.61692
0.6267
0.62992
0.62384
0.63034
0.63809
0.62984
0.62631
0.62809
0.63994
0.6046
0.60384
0.58463
0.60094
0.57983
0.56201
0.54888
0.55001
0.54732
0.54927
0.55854
0.5709
0.56772
0.57168
0.5648
0.56131
0.54708
0.54755
0.54478
0.5524
0.54996
0.5496
0.55518
0.54075
0.53794
0.56518
0.55852
0.55581
0.57174
0.59066
0.58857
0.59845
0.58065
0.59312
0.60756
0.62543
0.62002
0.61312
0.61155
0.59156
0.58019
0.59291
0.59451
0.59613
0.60504
0.60829
0.61928
0.59308
0.59258
0.58604
0.5976
0.59432
0.589
0.59483
0.60166
0.60042
0.61521
0.62609
0.62813
0.6188
0.6169
0.61456
0.63837
0.64293
0.64129
0.60422
0.60549
0.61277
0.62852
0.64661
0.67135
0.67481
0.65786
0.63856
0.61058
0.62302
0.6052
0.58511
0.58822
0.58695
0.57417
0.56843
0.57251
0.56322
0.5504
0.53506
0.52994
0.52865
0.52202
0.521
0.50813
0.5208
0.52978
0.52465
0.54739
0.55189
0.58172
0.57409
0.5553
0.55639
0.56259
0.55807
0.55208
0.55383
0.55372
0.5448
0.53406
0.54674
0.54232
0.54863
0.54798
0.55454
0.5623
0.56967
0.58062
0.56868
0.57156
0.57142
0.56824
0.57076
0.57032
0.57456
0.57986
0.56209
0.55064
0.56618
0.56054
0.58187
0.58479
0.5718
0.57712
0.56625
0.5558
0.56676
0.56911
0.56832
0.58967
0.56724
0.58933
0.60393
0.60812
0.60325
0.60237
0.59278
0.58226
0.58368
0.59476
0.57636
0.56758
0.55127
0.55534
0.55437
0.54726
0.58134
0.55915
0.57496
0.56059
0.53978
0.53831
0.52821
0.52217
0.52265
0.51517
0.52279
0.53636
0.53766
0.51426
0.5127
0.50838
0.52619
0.53266
0.52559
0.52893
0.52176
0.5175
0.5293
0.53646
0.53217
0.54568
0.54763
0.53331
0.54879
0.53292
0.53558
0.52519
0.51764
0.51568
0.52435
0.51892
0.52111
0.51892
0.52577
0.53893
0.54671
0.55329
0.54407
0.54681
0.5523
0.5603
0.56848
0.5452
0.54377
0.54112
0.53408
0.53847
0.54776
0.56392
0.58586
0.5805
0.58892
0.58052
0.57577
0.57453
0.58078
0.57727
0.60326
0.59193
0.585
0.59231
0.57274
0.54817
0.56007
0.5883
0.61227
0.60211
0.59493
0.60121
0.60785
0.60412
0.59144
0.597
0.58343
0.59809
0.60609
0.63254
0.61347
0.60552
0.59887
0.60807
0.61308
0.61595
0.60591
0.59298
0.58706
0.58778
0.58704
0.5863
0.58342
0.57608
0.56516
0.5496
0.56293
0.5292
0.53205
0.54704
0.5591
0.56031
0.56576
0.55841
0.55831
0.54273
0.53687
0.54144
0.53714
0.54058
0.54615
0.54967
0.53435
0.53197
0.52837
0.52415
0.52277
0.5326
0.52016
0.5334
0.52661
0.53115
0.54074
0.55958
0.55888
0.54969
0.53836
0.52352
0.53547
0.51345
0.51107
0.51653
0.52273
0.53691
0.5401
0.54532
0.55636
0.55978
0.58424
0.60171
0.5971
0.60614
0.6082
0.61745
0.61876
0.63713
0.64163
0.63729
0.64894
0.64314
0.64156
0.65637
0.65668
0.66415
0.66337
0.66183
0.67497
0.6853
0.67718
0.68137
0.70145
0.71684
0.70184
0.69868
0.68699
0.70769
0.68201
0.67936
0.69011
0.71435
0.7256
0.72838
0.7418
0.74805
0.73331
0.74476
0.75233
0.73116
0.72434
0.73695
0.75614
0.75675
0.78759
0.77639
0.74941
0.7691
0.73631
0.72013
0.73455
0.72965
0.73947
0.76153
0.76535
0.73729
0.73151
0.72237
0.72297
0.69532
0.67634
0.66539
0.6637
0.67871
0.66114
0.6554
0.65141
0.63858
0.63617
0.64613
0.6516
0.67457
0.65837
0.65264
0.66101
0.64827
0.66132
0.64613
0.65445
0.67381
0.66713
0.66747
0.6852
0.68901
0.70036
0.6992
0.68283
0.68286
0.69232
0.70131
0.69695
0.70872
0.71876
0.7379
0.73796
0.71822
0.71199
0.71079
0.69776
0.6913
0.68494
0.66581
0.68041
0.69844
0.72297
0.72639
0.73633
0.73895
0.73367
0.7546
0.70664
0.73523
0.74834
0.79952
0.80692
0.8095
0.80724
0.80134
0.81168
0.81228
0.83699
0.82934
0.83577
0.85168
0.85321
0.86905
0.8593
0.84869
0.84585
0.84833
0.86
0.87072
0.86227
0.83996
0.85962
0.87429
0.89545
0.88997
0.89753
0.92465
0.9205
0.90658
0.9026
0.91021
0.91491
0.96418
0.93761
0.92839
0.9363
0.93121
0.92205
0.93086
0.91428
0.91853
0.90725
0.91587
0.87788
0.87358
0.87061
0.84779
0.86728
0.86529
0.87259
0.86102
0.84694
0.83112
0.82053
0.82508
0.83375
0.83871
0.86738
0.85694
0.8774
0.88225
0.85975
0.85135
0.87436
0.86438
0.88758
0.89366
0.90291
0.90875
0.91259
0.93199
0.97508
0.95631
0.9509
0.97746
0.99715
1.0117
1.0292
1.0153
0.99791
1.0193
1.0315
1.0383
1.0388
1.0264
0.98945
0.95206
0.97202
0.94519
0.95979
0.95724
0.96278
0.96787
0.95215
0.95529
0.94209
0.9454
0.92011
0.91863
0.88648
0.87566
0.90573
0.90029
0.90305
0.92039
0.9254
0.91322
0.91063
0.90233
0.89918
0.909
0.9041
0.91894
0.92522
0.92859
0.94109
0.93588
0.92586
0.96165
0.97156
1.0053
0.98667
0.96693
0.95799
0.92752
0.93952
0.92218
0.91473
0.91303
0.91629
0.89768
0.8968
0.87876
0.87763
0.90677
0.91092
0.90894
0.93232
0.9352
0.94046
0.95454
0.94598
0.95747
0.93481
0.90984
0.90198
0.92104
0.91012
0.89889
0.87942
0.88337
0.88433
0.88325
0.88247
0.88976
0.88871
0.88477
0.85596
0.8428
0.83575
0.84616
0.81182
0.83919
0.83158
0.83881
0.82571
0.82909
0.81257
0.80905
0.79689
0.81479
0.81177
0.78575
0.80097
0.80131
0.80296
0.79406
0.82766
0.79823
0.76034
0.78916
0.80713
0.80323
0.80377
0.79721
0.78974
0.7531
0.74652
0.73921
0.73564
0.72726
0.717
0.71628
0.71916
0.7381
0.73701
0.72481
0.71232
0.73537
0.75355
0.75846
0.72536
0.71527
0.70963
0.70067
0.70408
0.70562
0.70808
0.70939
0.73142
0.73563
0.72788
0.74708
0.74024
0.7654
0.76943
0.77707
0.78314
0.80126
0.7905
0.82798
0.82395
0.8147
0.80671
0.78528
0.81215
0.80464
0.79174
0.79962
0.79635
0.78599
0.75678
0.75934
0.78587
0.80006
0.81319
0.81459
0.81639
0.78675
0.79517
0.79062
0.77969
0.78389
0.79221
0.7805
0.79266
0.77758
0.77704
0.79293
0.84028
0.84554
0.86855
0.87198
0.86136
0.85547
0.84466
0.82859
0.82417
0.82664
0.82311
0.83787
0.84582
0.87114
0.87245
0.8539
0.85645
0.86101
0.87182
0.87277
0.86094
0.83609
0.84628
0.84553
0.86146
0.85609
0.83589
0.81548
0.79724
0.78472
0.778
0.75512
0.75559
0.73898
0.74675
0.75928
0.75004
0.7311
0.73363
0.73147
0.73105
0.74837
0.73572
0.74552
0.73378
0.7208
0.72688
0.71764
0.70922
0.71815
0.71223
0.68862
0.69435
0.68707
0.65465
0.6643
0.64496
0.63413
0.65429
0.6455
0.64577
0.63356
0.61899
0.6391
0.63629
0.63276
0.63362
0.62718
0.61749
0.61179
0.60467
0.61183
0.62178
0.60693
0.59503
0.60256
0.60065
0.60346
0.59643
0.58705
0.58272
0.59115
0.58897
0.58248
0.59472
0.58986
0.59501
0.59051
0.60359
0.61051
0.62358
0.61489
0.6108
0.59521
0.60691
0.61842
0.63052
0.62246
0.62598
0.63111
0.64064
0.62089
0.63292
0.61722
0.61848
0.62167
0.6199
0.62015
0.61778
0.63192
0.63316
0.65409
0.65842
0.65915
0.66611
0.65284
0.62912
0.63469
0.64782
0.64675
0.6441
0.64683
0.66331
0.65219
0.63786
0.63706
0.66008
0.64363
0.63955
0.63564
0.63053
0.6377
0.63146
0.64395
0.64596
0.64703
0.64147
0.64193
0.65754
0.68152
0.7086
0.67955
0.688
0.67284
0.69133
0.68766
0.69584
0.70772
0.71352
0.72082
0.73963
0.72731
0.72474
0.72903
0.7251
0.72261
0.70611
0.7126
0.71184
0.72591
0.73014
0.72007
0.71677
0.70495
0.71338
0.72423
0.72258
0.72366
0.70231
0.69471
0.68308
0.68161
0.70569
0.69767
0.69218
0.69484
0.69427
0.7026
0.68389
0.70317
0.70159
0.7014
0.71568
0.70284
0.68984
0.68081
0.68752
0.6822
0.66739
0.65034
0.65158
0.64173
0.63714
0.661
0.66915
0.65886
0.66358
0.66165
0.6579
0.66558
0.67782
0.6702
0.67598
0.68661
0.67281
0.64071
0.63899
0.61583
0.60482
0.59231
0.59087
0.59199
0.58182
0.58411
0.5632
0.562
0.54926
0.52216
0.52163
0.50364
0.51729
0.50678
0.51164
0.50484
0.49884
0.49458
0.50791
0.52873
0.54512
0.54154
0.5327
0.54413
0.54837
0.55751
0.56612
0.56903
0.55428
0.54716
0.55374
0.54422
0.55861
0.56794
0.55853
0.56345
0.56585
0.56155
0.56263
0.56542
0.57562
0.58213
0.59343
0.59293
0.5972
0.59986
0.60222
0.59795
0.605
0.60157
0.60618
0.60597
0.61205
0.59449
0.60427
0.63244
0.61137
0.62009
0.61631
0.61295
0.60254
0.59584
0.59087
0.58723
0.5671
0.55425
0.54584
0.53632
0.53586
0.55282
0.5589
0.56014
0.55716
0.55614
0.54959
0.55307
0.54532
0.56141
0.53763
0.53191
0.52773
0.51871
0.50987
0.52254
0.52568
0.52963
0.53565
0.52583
0.52886
0.52399
0.51134
0.51323
0.52735
0.53069
0.5148
0.50902
0.49294
0.50374
0.52256
0.53687
0.54904
0.56095
0.56229
0.57917
0.56637
0.57222
0.57708
0.56661
0.57578
0.57237
0.57773
0.59535
0.60881
0.61471
0.60951
0.58948
0.59895
0.60649
0.61964
0.62641
0.62449
0.62653
0.63291
0.63069
0.6311
0.65616
0.64663
0.64254
0.63664
0.64517
0.63813
0.64691
0.65752
0.64658
0.64441
0.6284
0.60347
0.59355
0.58138
0.57144
0.55502
0.5611
0.54974
0.5565
0.56014
0.54075
0.55264
0.5409
0.54332
0.55956
0.55168
0.54744
0.55998
0.55905
0.56458
0.55835
0.54319
0.55134
0.55633
0.57307
0.56623
0.57778
0.57072
0.55346
0.55101
0.54402
0.54044
0.5338
0.53172
0.53817
0.53845
0.55927
0.56714
0.57335
0.55406
0.55518
0.53512
0.52618
0.52027
0.50965
0.5353
0.54238
0.5661
0.55397
0.54528
0.54707
0.54936
0.53735
0.55615
0.5475
0.54438
0.54421
0.53565
0.52395
0.53437
0.53061
0.52198
0.52625
0.54163
0.54273
0.52264
0.5294
0.53573
0.52562
0.52369
0.52903
0.54077
0.53997
0.5468
0.55352
0.55563
0.53689
0.54298
0.53815
0.50856
0.52032
0.52397
0.52146
0.51069
0.48634
0.47636
0.46647
0.46384
0.4578
0.47154
0.46835
0.4649
0.45908
0.46534
0.44993
0.45537
0.44578
0.44788
0.45065
0.44338
0.43885
0.44416
0.43025
0.43003
0.41587
0.42041
0.43201
0.42441
0.4318
0.42687
0.42868
0.4346
0.42548
0.4187
0.41629
0.43693
0.43025
0.43116
0.42795
0.43047
0.41676
0.41326
0.41701
0.42194
0.43345
0.42442
0.43314
0.44723
0.44474
0.4424
0.4477
0.44455
0.4336
0.43417
0.43045
0.42248
0.41808
0.42226
0.42977
0.42677
0.4371
0.42904
0.43169
0.43195
0.43875
0.43217
0.42149
0.41813
0.42618
0.42982
0.42115
0.4091
0.41482
0.42078
0.41401
0.40551
0.38829
0.3958
0.41113
0.40787
0.40078
0.40246
0.38883
0.3717
0.37343
0.36876
0.36468
0.36734
0.36985
0.37259
0.38181
0.38847
0.3858
0.37719
0.38199
0.38
0.38131
0.37528
0.36967
0.3605
0.36697
0.36752
0.36637
0.35563
0.3433
0.34295
0.34954
0.35397
0.35311
0.34795
0.3477
0.35629
0.36097
0.3608
0.36888
0.37282
0.37643
0.4005
0.38904
0.39012
0.38405
0.39324
0.38866
0.39132
0.38637
0.39203
0.38782
0.39853
0.40988
0.41258
0.41376
0.42221
0.43193
0.42477
0.44109
0.44412
0.44851
0.44464
0.4458
0.45035
0.44473
0.4396
0.43819
0.43943
0.43142
0.43702
0.43084
0.44003
0.43024
0.42445
0.41269
0.42339
0.42026
0.42888
0.43134
0.43872
0.43149
0.45188
0.44363
0.42259
0.43723
0.45199
0.44192
0.43725
0.44702
0.44154
0.44669
0.45434
0.46099
0.47424
0.47406
0.46871
0.48259
0.49001
0.50451
0.49485
0.48339
0.48613
0.46661
0.45172
0.45908
0.46047
0.45763
0.4501
0.45557
0.4616
0.47093
0.46996
0.47014
0.48067
0.48095
0.46936
0.46753
0.45302
0.44389
0.44191
0.43019
0.42218
0.41268
0.4007
0.39739
0.3881
0.38231
0.38395
0.37387
0.37159
0.3583
0.35905
0.36345
0.37088
0.36825
0.37303
0.37677
0.38087
0.3796
0.37889
0.37238
0.37981
0.36355
0.37036
0.36322
0.35794
0.3631
0.36891
0.36137
0.35086
0.35567
0.35891
0.36774
0.38475
0.38551
0.37412
0.36404
0.36719
0.35406
0.34978
0.33511
0.33016
0.32891
0.3213
0.32745
0.33122
0.34234
0.35464
0.35716
0.35908
0.35333
0.37247
0.37886
0.3795
0.38402
0.37674
0.37088
0.35777
0.3508
0.35796
0.35766
0.35913
0.35507
0.35262
0.35361
0.35624
0.3548
0.35695
0.33531
0.3314
0.31408
0.31375
0.31492
0.3134
0.30542
0.30576
0.31424
0.31424
0.31923
0.33583
0.32731
0.32857
0.33591
0.33224
0.3405
0.3351
0.33682
0.32896
0.33034
0.33138
0.33861
0.34135
0.34549
0.35419
0.36268
0.3542
0.34421
0.35061
0.35472
0.3433
0.33269
0.33592
0.33488
0.33907
0.34197
0.33522
0.33521
0.33718
0.33223
0.33041
0.32898
0.31118
0.3123
0.30729
0.30138
0.29553
0.30265
0.30061
0.29982
0.30021
0.3009
0.30621
0.29757
0.29043
0.29353
0.30302
0.30068
0.30027
0.30344
0.31211
0.31925
0.31972
0.31675
0.3312
0.34012
0.33352
0.3352
0.33635
0.33532
0.34879
0.33773
0.34505
0.34522
0.3394
0.34635
0.33894
0.32847
0.32463
0.32665
0.3258
0.33011
0.33224
0.32621
0.32456
0.33044
0.3243
0.32749
0.32677
0.32811
0.32804
0.32395
0.32305
0.32304
0.31513
0.31737
0.315
0.30791
0.31985
0.32765
0.32033
0.3155
0.31425
0.31306
0.31093
0.30782
0.30792
0.298
0.3056
0.30702
0.31125
0.31374
0.30842
0.30692
0.30401
0.29184
0.28561
0.2902
0.28012
0.27575
0.2722
0.28101
0.27805
0.27832
0.2879
0.29104
0.29657
0.29041
0.29337
0.29563
0.29389
0.28638
0.28586
0.27694
0.27599
0.27443
0.27476
0.27463
0.2799
0.28398
0.2902
0.29314
0.27945
0.28188
0.27727
0.27464
0.27845
0.27265
0.28434
0.27305
0.27276
0.27754
0.2713
0.26779
0.26654
0.26494
0.26462
0.2698
0.2669
0.25778
0.2544
0.25403
0.25461
0.25362
0.25314
0.25255
0.25561
0.24896
0.25383
0.25378
0.25898
0.26345
0.25623
0.26199
0.26678
0.27055
0.27346
0.27687
0.27465
0.27704
0.28056
0.28277
0.27982
0.27398
0.27299
0.26856
0.28299
0.28124
0.28041
0.27806
0.27331
0.2807
0.28356
0.27836
0.27377
0.28104
0.28517
0.29611
0.29649
0.29102
0.28218
0.27726
0.28361
0.29773
0.30671
0.30545
0.29951
0.29501
0.29598
0.29837
0.29732
0.30423
0.30051
0.29616
0.30255
0.3089
0.30983
0.31743
0.31076
0.31252
0.31002
0.31509
0.31537
0.32022
0.33003
0.33795
0.33768
0.3401
0.33475
0.33889
0.34335
0.34021
0.35158
0.35243
0.35213
0.34095
0.35594
0.34831
0.35268
0.34947
0.34818
0.36586
0.35803
0.36019
0.37065
0.3837
0.38219
0.37202
0.38136
0.38346
0.38364
0.38418
0.38129
0.37964
0.39573
0.38143
0.38422
0.39857
0.40113
0.4084
0.41806
0.42796
0.42229
0.42625
0.41248
0.40821
0.40994
0.40133
0.39047
0.38309
0.37837
0.38298
0.36989
0.37722
0.3791
0.38235
0.39227
0.39427
0.39408
0.3895
0.39841
0.38985
0.38401
0.37061
0.36747
0.36948
0.3625
0.36901
0.37065
0.36732
0.37129
0.35855
0.35199
0.36582
0.3761
0.38316
0.3776
0.37477
0.37726
0.38123
0.38344
0.39099
0.38802
0.39333
0.39652
0.391
0.38773
0.3865
0.37831
0.40222
0.40271
0.41055
0.39881
0.39585
0.39078
0.38523
0.3907
0.39032
0.39628
0.37996
0.37372
0.37555
0.37199
0.37692
0.35924
0.35057
0.35781
0.35084
0.35365
0.34438
0.35177
0.34722
0.35548
0.35728
0.36146
0.36675
0.37311
0.37665
0.38973
0.39624
0.40723
0.39944
0.40624
0.3978
0.39627
0.39215
0.38633
0.3879
0.39262
0.38992
0.39612
0.40163
0.40674
0.3975
0.39555
0.40877
0.40293
0.39594
0.39837
0.39825
0.39809
0.39311
0.38421
0.37534
0.37991
0.38269
0.38126
0.38711
0.37608
0.37746
0.37959
0.38492
0.38212
0.37717
0.37826
0.38468
0.37157
0.3604
0.36705
0.37766
0.38716
0.38378
0.38204
0.3748
0.36761
0.36785
0.36638
0.3534
0.34616
0.34294
0.35496
0.34716
0.35551
0.35914
0.36363
0.34706
0.35168
0.35341
0.36284
0.36651
0.36504
0.37416
0.37522
0.37119
0.37235
0.37026
0.37053
0.37095
0.37628
0.38879
0.38426
0.37916
0.37475
0.36046
0.37707
0.37817
0.37854
0.39455
0.40114
0.40056
0.40981
0.40566
0.39612
0.41238
0.39774
0.39974
0.39953
0.40358
0.40625
0.40043
0.39479
0.37651
0.37119
0.36406
0.3789
0.38786
0.38051
0.36818
0.36006
0.34866
0.36297
0.35691
0.35746
0.35731
0.3565
0.34542
0.345
0.33293
0.33629
0.33543
0.34496
0.34033
0.33176
0.33771
0.3455
0.34408
0.33617
0.34542
0.34801
0.35014
0.34871
0.34299
0.34212
0.33643
0.34311
0.34335
0.33963
0.33782
0.34316
0.35409
0.37287
0.38238
0.3924
0.39735
0.40402
0.38507
0.37565
0.36173
0.35912
0.35332
0.35933
0.35555
0.35902
0.36154
0.35053
0.36141
0.37066
0.36228
0.35936
0.37013
0.37434
0.38331
0.38208
0.36871
0.3715
0.3634
0.3515
0.34562
0.35601
0.35528
0.35718
0.35884
0.36176
0.3616
0.35832
0.36055
0.3609
0.35022
0.35303
0.34795
0.34503
0.35217
0.35466
0.35308
0.34668
0.36153
0.35942
0.35905
0.36168
0.36202
0.37514
0.3772
0.37334
0.36989
0.36821
0.37842
0.3661
0.36566
0.36769
0.37748
0.38016
0.37584
0.39
0.37863
0.38167
0.38002
0.38893
0.37738
0.38039
0.39011
0.39203
0.39008
0.38054
0.37577
0.37723
0.37248
0.38141
0.38302
0.3767
0.3875
0.38992
0.39403
0.38283
0.38632
0.39507
0.39749
0.39138
0.37984
0.37624
0.37666
0.38537
0.39063
0.38917
0.38569
0.38475
0.39004
0.3838
0.379
0.37275
0.38482
0.37118
0.35669
0.35671
0.34666
0.34376
0.34269
0.34247
0.3373
0.33647
0.33337
0.33299
0.33934
0.34086
0.34696
0.34619
0.34072
0.35864
0.36695
0.36818
0.36767
0.37829
0.37271
0.37472
0.37164
0.37302
0.36986
0.37007
0.36185
0.36186
0.3555
0.35887
0.36132
0.36093
0.36062
0.35887
0.35692
0.37032
0.37622
0.38337
0.36516
0.35449
0.35637
0.35626
0.36015
0.35202
0.36622
0.35788
0.35821
0.35894
0.37632
0.39188
0.38327
0.38969
0.38
0.38376
0.39502
0.38865
0.38886
0.38508
0.38218
0.38193
0.37776
0.38697
0.39567
0.40607
0.41055
0.41383
0.41962
0.43665
0.43885
0.428
0.42338
0.4201
0.42034
0.41953
0.40149
0.39514
0.398
0.39521
0.39731
0.40555
0.42067
0.4178
0.41192
0.41146
0.41108
0.41265
0.4257
0.43339
0.42006
0.42849
0.42766
0.42557
0.42701
0.43935
0.44205
0.45029
0.45083
0.44191
0.43503
0.42304
0.42684
0.43975
0.4406
0.43902
0.44894
0.44422
0.43957
0.4258
0.42674
0.40558
0.40848
0.40674
0.40093
0.39289
0.39464
0.40557
0.39731
0.39186
0.40539
0.41593
0.42141
0.42754
0.43099
0.43321
0.43736
0.41883
0.40974
0.40828
0.39898
0.40849
0.41013
0.4162
0.41697
0.42271
0.4224
0.41249
0.40487
0.41148
0.42599
0.41551
0.42205
0.43242
0.42916
0.43509
0.42901
0.43309
0.43461
0.41918
0.4097
0.42295
0.43599
0.44142
0.44677
0.45523
0.44012
0.44002
0.44261
0.44527
0.43661
0.43725
0.43001
0.43997
0.44048
0.43918
0.44032
0.43679
0.44309
0.44617
0.44449
0.4537
0.46562
0.46474
0.46331
0.46163
0.46747
0.45935
0.46517
0.46076
0.45657
0.46744
0.47298
0.49213
0.49296
0.47036
0.46636
0.47769
0.47051
0.46409
0.4621
0.45006
0.45254
0.44232
0.43381
0.42854
0.41319
0.42426
0.42748
0.42624
0.42743
0.42449
0.42433
0.42216
0.42617
0.4295
0.42522
0.42855
0.43032
0.42518
0.42374
0.42273
0.42721
0.43797
0.44839
0.44398
0.43574
0.42757
0.41909
0.42081
0.41004
0.41561
0.40979
0.41804
0.41164
0.4287
0.41738
0.42811
0.42648
0.42377
0.4081
0.39704
0.39749
0.4127
0.41619
0.42047
0.42228
0.42112
0.41788
0.41454
0.42551
0.41357
0.41933
0.41915
0.40785
0.41096
0.40373
0.40234
0.39842
0.40443
0.40189
0.40333
0.41143
0.42126
0.42624
0.43031
0.44287
0.46378
0.46362
0.45668
0.44459
0.45604
0.45341
0.44503
0.43804
0.44464
0.44045
0.44288
0.43933
0.43043
0.42895
0.43219
0.41973
0.42103
0.41631
0.41789
0.41205
0.41632
0.43064
0.44087
0.43518
0.44522
0.44906
0.45093
0.45737
0.45296
0.44928
0.45697
0.44691
0.44158
0.4265
0.4387
0.45204
0.45644
0.4501
0.4614
0.46227
0.46584
0.44582
0.44182
0.43526
0.43928
0.44052
0.43432
0.43183
0.42471
0.43239
0.42721
0.4096
0.40427
0.3975
0.39621
0.3971
0.39105
0.3914
0.36856
0.39232
0.39708
0.38673
0.38803
0.3875
0.39277
0.4028
0.40137
0.41276
0.42449
0.43088
0.45014
0.45898
0.44421
0.43615
0.43302
0.43978
0.433
0.43335
0.43467
0.42855
0.43231
0.42927
0.43012
0.42575
0.42708
0.436
0.42047
0.41214
0.39988
0.40034
0.40341
0.39263
0.38904
0.39223
0.40546
0.40983
0.40661
0.42116
0.42302
0.42996
0.42189
0.41147
0.40456
0.40996
0.41855
0.40924
0.4108
0.41913
0.42756
0.44167
0.43433
0.45037
0.43816
0.4304
0.44157
0.42571
0.41734
0.40185
0.3945
0.39638
0.38525
0.38833
0.39426
0.39883
0.39195
0.3847
0.37872
0.3851
0.3892
0.38635
0.38056
0.36748
0.35849
0.36801
0.3795
0.37448
0.39227
0.39296
0.38672
0.39507
0.37953
0.37873
0.37636
0.37288
0.3724
0.37409
0.37635
0.38231
0.39121
0.39777
0.40144
0.39079
0.3945
0.38468
0.40083
0.39303
0.38291
0.3797
0.38722
0.37877
0.38405
0.37905
0.38808
0.38396
0.38312
0.38318
0.3801
0.37571
0.35744
0.36284
0.35608
0.36572
0.37144
0.36692
0.36279
0.37622
0.37146
0.36908
0.37804
0.3819
0.38334
0.37042
0.3789
0.38587
0.38177
0.37197
0.37603
0.37338
0.37574
0.36184
0.36463
0.37849
0.38163
0.39517
0.3991
0.40019
0.40667
0.40731
0.39362
0.40446
0.39312
0.39047
0.38556
0.38781
0.38702
0.39181
0.4047
0.40932
0.41337
0.41395
0.41449
0.42117
0.42165
0.42779
0.44465
0.43814
0.44123
0.44649
0.45062
0.45194
0.4658
0.45787
0.46173
0.46642
0.48445
0.4851
0.48862
0.48656
0.51675
0.50515
0.51811
0.51604
0.50879
0.51181
0.4994
0.51707
0.51055
0.52569
0.51981
0.52558
0.53726
0.55799
0.53688
0.53903
0.53845
0.52944
0.53796
0.54393
0.55723
0.54367
0.5711
0.57078
0.57507
0.57098
0.58103
0.58337
0.58011
0.57322
0.58337
0.57893
0.56452
0.56754
0.57617
0.58286
0.58221
0.58374
0.59105
0.5755
0.56809
0.57032
0.58147
0.57898
0.56696
0.56938
0.57144
0.57807
0.57315
0.57953
0.58525
0.57276
0.57519
0.57531
0.58538
0.58431
0.58792
0.58895
0.57599
0.57767
0.57876
0.59199
0.6019
0.60498
0.59746
0.58223
0.58034
0.58297
0.57376
0.56738
0.56217
0.56703
0.56533
0.57004
0.56257
0.56816
0.57009
0.57608
0.5741
0.56391
0.55944
0.55739
0.55057
0.53546
0.52625
0.52496
0.53496
0.5442
0.55738
0.56288
0.55722
0.55634
0.55657
0.54906
0.54202
0.53399
0.56526
0.55086
0.54889
0.56113
0.5525
0.54417
0.55628
0.56133
0.54927
0.57237
0.55173
0.56025
0.58313
0.5793
0.57773
0.58609
0.59659
0.5679
0.56426
0.56823
0.57517
0.55765
0.54998
0.55184
0.56128
0.55312
0.55386
0.56807
0.58811
0.58547
0.59408
0.58912
0.58298
0.58787
0.59662
0.60483
0.60434
0.61226
0.63014
0.61651
0.61454
0.59649
0.6055
0.59529
0.61266
0.61397
0.60511
0.60463
0.61411
0.62115
0.61536
0.603
0.60526
0.61457
0.59747
0.60924
0.62873
0.6402
0.64576
0.63852
0.66234
0.6367
0.63671
0.63986
0.63636
0.61567
0.59053
0.61145
0.6013
0.60937
0.61384
0.61058
0.60126
0.62459
0.63149
0.64902
0.65246
0.64222
0.63933
0.64296
0.67112
0.67084
0.6662
0.67067
0.68142
0.6824
0.67623
0.65793
0.66142
0.64387
0.64425
0.64563
0.63549
0.64076
0.66039
0.66402
0.68264
0.69735
0.71666
0.75042
0.72796
0.72682
0.73607
0.71929
0.72096
0.7282
0.72286
0.71474
0.71321
0.70847
0.70476
0.69758
0.69493
0.68861
0.69684
0.70553
0.68811
0.67816
0.66533
0.66429
0.66221
0.66557
0.66413
0.67613
0.70398
0.70051
0.70728
0.71416
0.71809
0.73122
0.73086
0.72601
0.7306
0.74284
0.71299
0.69907
0.71394
0.7159
0.7332
0.72319
0.69907
0.71314
0.71671
0.72529
0.75259
0.74633
0.74721
0.74549
0.75115
0.75297
0.73382
0.71987
0.74402
0.76309
0.77273
0.76647
0.7716
0.77391
0.77386
0.79191
0.77193
0.79795
0.81577
0.80523
0.80833
0.79333
0.78088
0.77363
0.73885
0.74388
0.73703
0.74501
0.74729
0.76681
0.73544
0.73116
0.71803
0.72976
0.71888
0.72232
0.72507
0.73031
0.70438
0.69788
0.71
0.70159
0.70003
0.70157
0.69897
0.71437
0.7383
0.76664
0.74901
0.76352
0.77385
0.77922
0.79848
0.7974
0.78665
0.77712
0.7822
0.77319
0.78488
0.79596
0.78977
0.79392
0.78346
0.76877
0.78858
0.75206
0.75499
0.78631
0.78391
0.76833
0.76926
0.76626
0.76178
0.76411
0.76296
0.7787
0.79816
0.81158
0.82364
0.79887
0.77634
0.79411
0.77475
0.76782
0.76265
0.79622
0.7858
0.79977
0.81709
0.81663
0.81024
0.78575
0.78357
0.76726
0.77413
0.76545
0.75478
0.74713
0.74131
0.73217
0.71937
0.7219
0.71976
0.72722
0.72509
0.72164
0.71672
0.71461
0.69847
0.70777
0.7257
0.70749
0.70972
0.71563
0.72349
0.71226
0.71301
0.72281
0.74134
0.74401
0.73041
0.74165
0.76926
0.76462
0.76921
0.77035
0.77417
0.7718
0.77754
0.75947
0.75114
0.76125
0.73509
0.74888
0.75072
0.77682
0.7798
0.81195
0.84281
0.86361
0.8404
0.85544
0.85711
0.84705
0.8469
0.84138
0.80412
0.8223
0.84945
0.85959
0.88594
0.88724
0.88095
0.8829
0.86597
0.86742
0.885
0.88762
0.88965
0.88541
0.8862
0.87236
0.89865
0.91529
0.92649
0.95422
0.92516
0.95382
0.95809
0.99341
0.98528
0.99418
0.98827
0.99992
1.0001
0.99123
0.99057
0.9961
0.95953
0.96923
1.0201
1.0366
1.0009
1.0115
1.003
1.0474
1.0712
1.0502
1.0277
1.042
1.0554
1.0134
0.99236
0.96908
0.94338
0.95618
0.93687
0.90619
0.90697
0.91642
0.94621
0.96623
1.009
0.99681
0.99927
0.9621
0.98935
1.0187
1.0045
1.0036
0.97884
0.96751
0.98402
0.97548
0.97446
0.96975
0.98637
0.95566
0.98493
0.98455
0.99025
0.98043
0.99699
0.95483
0.97214
0.94087
0.92389
0.91965
0.92129
0.92782
0.89359
0.92018
0.92458
0.92039
0.89908
0.87934
0.89599
0.88773
0.87285
0.85213
0.88115
0.87737
0.89934
0.89513
0.89689
0.91258
0.90373
0.92013
0.91547
0.92047
0.90914
0.91217
0.90751
0.94889
0.97047
0.97861
0.95655
0.97089
0.97299
0.94783
0.95416
0.97142
0.9693
0.95979
0.9505
0.9492
0.95914
0.94761
0.9373
0.92541
0.93253
0.95814
0.95425
0.94739
0.96961
0.98144
0.96634
0.93984
0.92766
0.90893
0.8724
0.86344
0.87005
0.85764
0.84867
0.85334
0.83177
0.81956
0.81972
0.82047
0.83698
0.84594
0.84646
0.8564
0.84126
0.84522
0.85721
0.84845
0.83211
0.82979
0.83132
0.85436
0.8568
0.85286
0.82982
0.83271
0.84578
0.84252
0.83636
0.85208
0.8606
0.83521
0.85622
0.8663
0.86635
0.86896
0.87864
0.85336
0.82952
0.83853
0.84376
0.82925
0.80838
0.83575
0.84381
0.86147
0.86724
0.88002
0.86785
0.8695
0.8726
0.86864
0.90481
0.91048
0.88882
0.86983
0.84718
0.86707
0.89953
0.90888
0.89228
0.91148
0.93046
0.90987
0.91267
0.92053
0.88977
0.89551
0.88828
0.8674
0.86947
0.85573
0.85012
0.82394
0.82736
0.85665
0.84925
0.82783
0.82989
0.8299
0.8321
0.81395
0.83588
0.83868
0.81638
0.82225
0.80977
0.81023
0.80622
0.80228
0.80752
0.81983
0.81744
0.8097
0.79696
0.81975
0.8159
0.82146
0.84317
0.86105
0.85924
0.85713
0.84877
0.85162
0.84645
0.84976
0.83104
0.79643
0.7854
0.79126
0.79347
0.77087
0.75752
0.75763
0.76034
0.76273
0.79226
0.78211
0.76882
0.75932
0.75384
0.7497
0.73884
0.72106
0.71869
0.71157
0.69673
0.67888
0.70637
0.70671
0.69502
0.71326
0.70465
0.7193
0.74543
0.74496
0.7485
0.74254
0.72861
0.71382
0.72021
0.70931
0.69706
0.69888
0.70993
0.72639
0.73114
0.75057
0.72958
0.70997
0.71648
0.71222
0.68883
0.70166
0.69807
0.69801
0.72513
0.73158
0.73247
0.73594
0.7272
0.71664
0.71011
0.68891
0.67476
0.67949
0.68648
0.7082
0.71056
0.71445
0.70192
0.72152
0.70184
0.68797
0.70206
0.69769
0.72311
0.71432
0.70516
0.71526
0.73755
0.72902
0.74315
0.76307
0.73096
0.72506
0.72911
0.72826
0.71049
0.70179
0.68968
0.72647
0.72618
0.75028
0.74567
0.74608
0.72225
0.7176
0.72835
0.72583
0.74197
0.7245
0.7177
0.71825
0.70616
0.69871
0.70003
0.69155
0.70898
0.70665
0.71605
0.71592
0.7071
0.71965
0.7373
0.76092
0.76087
0.75586
0.76448
0.76283
0.75036
0.75448
0.75087
0.75997
0.77107
0.7597
0.77908
0.79298
0.78505
0.78835
0.81068
0.80579
0.77127
0.80938
0.81214
0.80639
0.80118
0.79301
0.7984
0.77149
0.78048
0.76874
0.75622
0.74407
0.73845
0.73328
0.72092
0.7153
0.72427
0.70848
0.70478
0.71458
0.70433
0.70322
0.70013
0.71539
0.7127
0.7322
0.72857
0.7302
0.72298
0.72523
0.70422
0.69296
0.67625
0.68921
0.6894
0.70584
0.7206
0.72057
0.71732
0.68694
0.65389
0.65431
0.6463
0.64596
0.63322
0.63373
0.62588
0.62267
0.62011
0.61817
0.61482
0.61953
0.62977
0.63128
0.63692
0.63217
0.64527
0.63
0.64217
0.66237
0.6645
0.66879
0.66632
0.67176
0.68751
0.68843
0.70021
0.73
0.73747
0.71321
0.72107
0.73768
0.72645
0.70479
0.69344
0.68004
0.69494
0.70731
0.70347
0.68381
0.66357
0.66163
0.67574
0.68346
0.66799
0.67936
0.66497
0.67009
0.67534
0.67364
0.69
0.68515
0.67912
0.67782
0.67052
0.69495
0.69718
0.68608
0.67619
0.67254
0.67873
0.64958
0.62893
0.63845
0.63808
0.64698
0.64078
0.63269
0.6365
0.64239
0.62684
0.62955
0.64451
0.65251
0.65715
0.67427
0.65816
0.67308
0.67481
0.65679
0.66181
0.66879
0.66322
0.66973
0.68531
0.66669
0.6727
0.68083
0.6986
0.68472
0.69363
0.68717
0.6753
0.68488
0.6672
0.66333
0.67755
0.70323
0.71677
0.71364
0.70642
0.6798
0.68733
0.70927
0.69952
0.68794
0.69745
0.6766
0.70342
0.71086
0.72843
0.69786
0.68313
0.68007
0.66974
0.67262
0.66506
0.67177
0.69904
0.70011
0.71172
0.71213
0.70137
0.67968
0.67391
0.69081
0.70502
0.70092
0.68473
0.7098
0.71372
0.70527
0.711
0.70001
0.70454
0.72776
0.72347
0.73708
0.74926
0.74533
0.74156
0.73265
0.7505
0.77562
0.79615
0.79016
0.77564
0.74162
0.75073
0.72287
0.73228
0.72441
0.7438
0.74691
0.74755
0.71797
0.71057
0.69608
0.69394
0.70215
0.69789
0.70346
0.72098
0.72622
0.71883
0.7269
0.73382
0.74341
0.74658
0.76366
0.76001
0.76093
0.75325
0.73888
0.73979
0.71905
0.70612
0.70393
0.6862
0.68523
0.69474
0.70013
0.68491
0.70689
0.70402
0.71213
0.71339
0.71617
0.74559
0.72646
0.71849
0.73082
0.72458
0.73338
0.73509
0.69624
0.70974
0.7017
0.69126
0.68937
0.68069
0.69963
0.70571
0.71089
0.72136
0.74142
0.73055
0.71859
0.71564
0.71648
0.72789
0.73216
0.73708
0.74128
0.72459
0.73855
0.72534
0.72828
0.73005
0.72854
0.74508
0.7134
0.70482
0.69975
0.71778
0.74865
0.75735
0.76157
0.77783
0.76151
0.77703
0.73418
0.75801
0.74986
0.74516
0.75859
0.75508
0.76626
0.77768
0.79642
0.7622
0.75977
0.7163
0.73683
0.71322
0.70456
0.7007
0.70617
0.71377
0.70819
0.70548
0.70154
0.69122
0.70435
0.71591
0.70745
0.67161
0.665
0.64746
0.64928
0.64791
0.6351
0.64469
0.65258
0.6575
0.6362
0.63079
0.63636
0.62675
0.62701
0.62548
0.63425
0.63305
0.65042
0.67044
0.66576
0.66349
0.65939
0.65715
0.67433
0.65711
0.652
0.66107
0.67402
0.66531
0.64087
0.63946
0.63439
0.64532
0.63987
0.64428
0.61035
0.59975
0.60522
0.6062
0.58783
0.57931
0.5784
0.58181
0.5803
0.57352
0.58196
0.56976
0.55859
0.55847
0.57192
0.5844
0.5839
0.57876
0.58101
0.58067
0.59433
0.58329
0.57927
0.57349
0.56987
0.55207
0.55471
0.55433
0.57053
0.55729
0.56015
0.56808
0.57887
0.56726
0.57299
0.57876
0.56559
0.55694
0.54435
0.53047
0.52497
0.52034
0.50811
0.50632
0.49343
0.48651
0.50033
0.49613
0.49848
0.495
0.48491
0.46756
0.47101
0.48206
0.48363
0.48531
0.47934
0.48524
0.4802
0.48214
0.48544
0.47092
0.4713
0.48219
0.47757
0.46457
0.4733
0.47492
0.47389
0.49013
0.4952
0.50945
0.51647
0.50991
0.50699
0.49354
0.49307
0.48519
0.47005
0.45977
0.45881
0.46372
0.44362
0.44976
0.43977
0.43277
0.41944
0.42866
0.42983
0.42327
0.42114
0.41571
0.40233
0.3937
0.38278
0.38425
0.37895
0.37162
0.37929
0.37964
0.39615
0.39872
0.39703
0.39046
0.397
0.40249
0.39938
0.40056
0.40189
0.39983
0.39927
0.41821
0.42359
0.41822
0.42943
0.43063
0.44118
0.42412
0.42273
0.41841
0.40823
0.3927
0.3785
0.37426
0.38728
0.38867
0.38969
0.405
