1
1.0095
0.98675
0.98449
0.98837
1.0069
1.0641
1.0218
1.0444
1.0915
1.0344
1.0941
0.99971
0.93956
0.9706
0.98915
0.95533
0.98896
1.0337
0.99582
0.97317
1.0105
1.0226
1.0222
1.1197
1.1387
0.96483
0.98519
0.96637
0.96594
0.90123
0.96649
0.97386
0.92252
0.91107
0.93649
0.91778
0.94963
0.90931
0.90051
0.91148
0.85644
0.81539
0.89136
0.88699
0.88026
0.8997
0.89942
0.8913
0.92251
0.91249
0.94726
0.91102
0.88071
0.90091
0.93031
0.93461
0.82689
0.82268
0.87648
0.8262
0.86127
0.85008
0.77284
0.81381
0.68969
0.6553
0.65469
0.67351
0.70548
0.65799
0.63726
0.59938
0.55999
0.61171
0.57399
0.54265
0.57049
0.6118
0.64029
0.63444
0.59159
0.59904
0.61168
0.60408
0.61109
0.60166
0.575
0.55595
0.51655
0.44513
0.45141
0.4382
0.45502
0.43533
0.42438
0.41702
0.41966
0.40587
0.37634
0.39637
0.39131
0.40846
0.4273
0.41754
0.42506
0.40926
0.39496
0.38905
0.38107
0.36695
0.35228
0.33968
0.35802
0.33545
0.34002
0.35196
0.37304
0.38973
0.35937
0.37911
0.37085
0.37271
0.34832
0.30356
0.29849
0.30725
0.3063
0.29474
0.32796
0.3366
0.32092
0.32646
0.33822
0.31492
0.32123
0.33924
0.35273
0.35294
0.29822
0.3099
0.31404
0.31325
0.28576
0.30205
0.29509
0.27778
0.2597
0.27703
0.2588
0.23693
0.25003
0.22476
0.22314
0.22438
0.2227
0.21103
0.21256
0.21866
0.21396
0.19826
0.19117
0.18662
0.17854
0.15811
0.16578
0.18112
0.18267
0.16914
0.16159
0.17444
0.18694
0.18183
0.19127
0.18452
0.18828
0.19633
0.20835
0.21033
0.19639
0.19942
0.21286
0.21865
0.23362
0.23236
0.21642
0.21001
0.20555
0.21612
0.20311
0.20286
0.19313
0.19561
0.1937
0.20906
0.24526
0.261
0.244
0.23721
0.24644
0.24052
0.23172
0.23225
0.23487
0.23198
0.22399
0.20672
0.19777
0.19315
0.201
0.21594
0.2269
0.24215
0.22912
0.22015
0.22398
0.23019
0.22755
0.22969
0.25487
0.24863
0.24544
0.26357
0.26879
0.29231
0.26662
0.29845
0.2842
0.29975
0.3003
0.29552
0.29138
0.2818
0.28802
0.3118
0.30382
0.28641
0.29953
0.28773
0.28635
0.27263
0.25886
0.25679
0.28465
0.29231
0.2896
0.27505
0.27662
0.26186
0.24763
0.24077
0.23249
0.25893
0.24769
0.25965
0.26142
0.25821
0.26669
0.28403
0.27599
0.25873
0.24571
0.24217
0.25903
0.28163
0.2588
0.26305
0.26339
0.25063
0.24784
0.24724
0.24909
0.27715
0.26214
0.27679
0.24306
0.24617
0.25736
0.27854
0.27105
0.27617
0.27659
0.27462
0.25151
0.27295
0.22492
0.23428
0.25477
0.24963
0.24263
0.24035
0.22316
0.22398
0.21192
0.19139
0.18612
0.19125
0.20841
0.2264
0.20886
0.20763
0.20826
0.20493
0.19891
0.17888
0.15779
0.1507
0.15718
0.15624
0.15925
0.15614
0.13609
0.12082
0.11854
0.11285
0.1081
0.11857
0.10514
0.10989
0.11118
0.10459
0.10353
0.10497
0.098425
0.091724
0.098622
0.09853
0.10505
0.11361
0.12334
0.1354
0.12921
0.12881
0.12679
0.12253
0.12122
0.12326
0.1222
0.12038
0.12314
0.11558
0.10149
0.093247
0.09574
0.093122
0.096543
0.10097
0.10642
0.098869
0.094215
0.098657
0.085582
0.080949
0.081768
0.078343
0.086454
0.086247
0.076968
0.070325
0.060611
0.054214
0.056663
0.063773
0.063498
0.059854
0.060929
0.059586
0.062255
0.056689
0.050352
0.050207
0.052419
0.050763
0.051278
0.050658
0.05236
0.049635
0.047841
0.043434
0.043994
0.044481
0.045889
0.044125
0.051546
0.050997
0.051489
0.053786
0.050929
0.05662
0.055318
0.060406
0.057654
0.058094
0.055297
0.057767
0.054018
0.054734
0.053906
0.058001
0.056177
0.051044
0.049432
0.053287
0.055932
0.06116
0.063446
0.05829
0.064892
0.061621
0.054541
0.052653
0.049557
0.047452
0.047155
0.046275
0.045059
0.043642
0.037828
0.034942
0.034715
0.037099
0.035644
0.033522
0.029433
0.028276
0.025315
0.024129
0.021884
0.022927
0.018989
0.01879
0.018836
0.017711
0.016585
0.015751
0.015642
0.014738
0.01361
0.013509
0.012966
0.013119
0.011665
0.011541
0.010581
0.0092944
0.0085731
0.0075974
0.0065739
0.0058139
0.0047125
0.003624
0.0026838
0.0018584
0.0006886
-0.0002447
-0.0012521
-0.0022273
-0.0033733
-0.0042865
-0.0056454
-0.0066326
-0.0075492
-0.0084544
-0.0098348
-0.011194
-0.011916
-0.012255
-0.013186
-0.013611
-0.013776
-0.014784
-0.016279
-0.018122
-0.019223
-0.019762
-0.020575
-0.022127
-0.022285
-0.024534
-0.024022
-0.021731
-0.024183
-0.024683
-0.024644
-0.02389
-0.02513
-0.02648
-0.026426
-0.0256
-0.028492
-0.027242
-0.028093
-0.028397
-0.031485
-0.031661
-0.034531
-0.037386
-0.038237
-0.043145
-0.043884
-0.043689
-0.042272
-0.043247
-0.04805
-0.044677
-0.044893
-0.042912
-0.043248
-0.043875
-0.0467
-0.048732
-0.047602
-0.045873
-0.05039
-0.055465
-0.057396
-0.056965
-0.065589
-0.068249
-0.070384
-0.077342
-0.077056
-0.0789
-0.078374
-0.070122
-0.072711
-0.071349
-0.075023
-0.068132
-0.063649
-0.061461
-0.066289
-0.065059
-0.065898
-0.065618
-0.070092
-0.073351
-0.080295
-0.083629
-0.083045
-0.086177
-0.088395
-0.080483
-0.078353
-0.085522
-0.084667
-0.079451
-0.076201
-0.073834
-0.070049
-0.072867
-0.074054
-0.071434
-0.074846
-0.080413
-0.079004
-0.07818
-0.075835
-0.076706
-0.072179
-0.083144
-0.081215
-0.08458
-0.080332
-0.080039
-0.083948
-0.082264
-0.082064
-0.077161
-0.084078
-0.080172
-0.085409
-0.093514
-0.089761
-0.087346
-0.085253
-0.079645
-0.073015
-0.067906
-0.071205
-0.074965
-0.066924
-0.066796
-0.061588
-0.066147
-0.060112
-0.061499
-0.061096
-0.065988
-0.066896
-0.070474
-0.078513
-0.08628
-0.079696
-0.075474
-0.08521
-0.093531
-0.096652
-0.10502
-0.10688
-0.11307
-0.11363
-0.11541
-0.11403
-0.11059
-0.11307
-0.11839
-0.11747
-0.10561
-0.10329
-0.10325
-0.10985
-0.1144
-0.10907
-0.10452
-0.10218
-0.096988
-0.10294
-0.099982
-0.10565
-0.10985
-0.10895
-0.1135
-0.10917
-0.094341
-0.088652
-0.08729
-0.081435
-0.08619
-0.096889
-0.093445
-0.10567
-0.10037
-0.09531
-0.097407
-0.10574
-0.11713
-0.1123
-0.12168
-0.1135
-0.1072
-0.098098
-0.10785
-0.10686
-0.10827
-0.11125
-0.099402
-0.10126
-0.10943
-0.11366
-0.12695
-0.12014
-0.1213
-0.11302
-0.12505
-0.12166
-0.12699
-0.12309
-0.12565
-0.12831
-0.12499
-0.12315
-0.12794
-0.13013
-0.12648
-0.13663
-0.15254
-0.16791
-0.1699
-0.16435
-0.16275
-0.15752
-0.16979
-0.17407
-0.17151
-0.15545
-0.14836
-0.13847
-0.144
-0.14319
-0.14218
-0.15549
-0.15535
-0.15142
-0.16286
-0.17258
-0.16614
-0.17465
-0.16239
-0.13823
-0.13846
-0.13651
-0.14691
-0.15081
-0.14715
-0.13739
-0.13287
-0.1235
-0.12145
-0.12647
-0.12612
-0.13733
-0.13465
-0.12605
-0.1444
-0.12905
-0.127
-0.12451
-0.12609
-0.1392
-0.13226
-0.13771
-0.14146
-0.13818
-0.13144
-0.12263
-0.12898
-0.13594
-0.1343
-0.14792
-0.14742
-0.13601
-0.143
-0.13842
-0.14104
-0.13895
-0.12825
-0.12966
-0.12648
-0.12973
-0.14196
-0.14146
-0.13691
-0.14751
-0.15366
-0.15475
-0.15922
-0.16297
-0.16416
-0.16718
-0.16547
-0.15511
-0.16292
-0.16831
-0.17044
-0.18454
-0.18294
-0.1853
-0.19888
-0.19602
-0.18756
-0.1839
-0.20387
-0.21045
-0.1975
-0.18133
-0.18916
-0.18943
-0.20544
-0.23796
-0.2381
-0.22254
-0.2531
-0.2245
-0.22665
-0.21754
-0.22259
-0.21594
-0.20907
-0.20173
-0.2099
-0.21916
-0.21825
-0.20527
-0.19958
-0.19866
-0.20285
-0.20459
-0.197
-0.20124
-0.22039
-0.21566
-0.22011
-0.21405
-0.18685
-0.19417
-0.20608
-0.20699
-0.20025
-0.20719
-0.21742
-0.21509
-0.22663
-0.22945
-0.22707
-0.23412
-0.22946
-0.2405
-0.247
-0.27436
-0.25292
-0.25236
-0.25516
-0.27083
-0.26815
-0.25911
-0.2953
-0.28239
-0.27755
-0.26161
-0.25642
-0.24446
-0.22106
-0.21719
-0.20805
-0.19892
-0.19932
-0.19638
-0.1952
-0.20874
-0.2165
-0.22766
-0.20718
-0.1807
-0.18733
-0.19521
-0.19266
-0.1946
-0.20346
-0.18522
-0.18515
-0.17935
-0.17391
-0.17162
-0.19396
-0.20833
-0.21251
-0.20012
-0.189
-0.19028
-0.19813
-0.18359
-0.17609
-0.19066
-0.18931
-0.21609
-0.20114
-0.19682
-0.20368
-0.17742
-0.16181
-0.1669
-0.17949
-0.17394
-0.1823
-0.18595
-0.17472
-0.16589
-0.17027
-0.17276
-0.17384
-0.17706
-0.18686
-0.18773
-0.19535
-0.20703
-0.20861
-0.2004
-0.21003
-0.2137
-0.206
-0.20132
-0.20312
-0.20136
-0.21551
-0.22579
-0.23451
-0.25213
-0.25645
-0.24952
-0.25838
-0.26517
-0.27636
-0.24608
-0.23779
-0.22764
-0.23309
-0.22205
-0.20119
-0.21324
-0.22696
-0.21976
-0.20926
-0.20402
-0.20433
-0.20995
-0.2157
-0.23235
-0.24565
-0.25606
-0.28218
-0.27182
-0.26389
-0.27635
-0.29137
-0.29296
-0.294
-0.31234
-0.31364
-0.33889
-0.32509
-0.33159
-0.31569
-0.33973
-0.33657
-0.3508
-0.39146
-0.39199
-0.36886
-0.36585
-0.41383
-0.36789
-0.37567
-0.37876
-0.38886
-0.41222
-0.40556
-0.38015
-0.37685
-0.41165
-0.41378
-0.44803
-0.43736
-0.40527
-0.44796
-0.46574
-0.4426
-0.47332
-0.42179
-0.43981
-0.40928
-0.37901
-0.36821
-0.40379
-0.41148
-0.40457
-0.42579
-0.46056
-0.47597
-0.53384
-0.53202
-0.57585
-0.59113
-0.61825
-0.54647
-0.55576
-0.60034
-0.60052
-0.61609
-0.58041
-0.61155
-0.64599
-0.64599
-0.70178
-0.7196
-0.70335
-0.71916
-0.72304
-0.78152
-0.78144
-0.72524
-0.70286
-0.66973
-0.67021
-0.66554
-0.64721
-0.65097
-0.65897
-0.62145
-0.57048
-0.60138
-0.57443
-0.56493
-0.5476
-0.51645
-0.57877
-0.55722
-0.58048
-0.59531
-0.53136
-0.4811
-0.48512
-0.49489
-0.52692
-0.51856
-0.52203
-0.5437
-0.52381
-0.56515
-0.59049
