1
0.92242
0.97365
0.93455
1.0014
1.1015
1.0071
1.0485
0.94348
0.86442
0.90268
0.86401
0.8264
0.83607
0.87177
0.82374
0.80344
0.78565
0.75018
0.79192
0.74289
0.75745
0.76129
0.70215
0.70604
0.76495
0.70734
0.72872
0.7902
0.85795
0.84668
0.92268
1.0085
1.136
1.151
1.0734
1.0821
1.0993
1.1913
1.0815
1.0151
0.96393
0.98559
1.0813
1.0605
0.98711
1.0034
1.0847
1.0303
1.0845
1.1115
1.1278
1.1888
1.3161
1.3637
1.3263
1.1773
1.2563
1.2633
1.1968
1.1398
1.1027
1.1036
1.0839
1.1095
1.165
1.1375
1.1342
1.1751
1.0807
0.97538
0.9892
0.96164
1.0608
0.96226
1.0148
0.8776
0.83697
0.83276
0.86638
0.89373
0.87324
0.97225
0.92471
0.91074
0.83758
0.90674
0.95338
1.0516
1.02
1.043
1.0149
1.1005
1.2693
1.2925
1.3398
1.3175
1.384
1.4042
1.4123
1.4886
1.5959
1.6045
1.4658
1.4126
1.371
1.3655
1.3293
1.2319
1.1843
1.2729
1.4103
1.4456
1.319
1.3223
1.3524
1.217
1.2245
1.1804
1.2629
1.1143
1.0608
1.0457
1.0336
1.0243
1.0049
0.97085
0.98758
1.0201
1.0236
1.0712
0.91866
0.8608
0.70972
0.74064
0.78547
0.73992
0.66141
0.71274
0.64006
0.64351
0.64276
0.71897
0.75809
0.70984
0.76641
0.75175
0.8429
0.83709
0.87202
0.86698
0.9421
0.95048
0.90874
1.0571
1.0806
1.1286
1.1203
1.0267
1.1416
1.2878
1.212
1.2022
1.31
1.1274
0.94641
0.88708
0.88362
0.8829
0.97215
0.95224
0.90739
0.96119
0.8538
0.92829
0.97058
0.84607
0.81266
0.79957
0.81163
0.78984
0.77945
0.77358
0.75623
0.80545
0.80153
0.81759
0.73361
0.69251
0.73424
0.74744
0.72934
0.71081
0.69071
0.72414
0.69829
0.66804
0.69852
0.70984
0.71334
0.76366
0.76595
0.86294
0.81114
0.81498
0.79
0.77026
0.74226
0.73199
0.74866
0.73612
0.75103
0.77223
0.65366
0.65323
0.57369
0.6141
0.60176
0.60427
0.587
0.56694
0.54152
0.54432
0.58053
0.56449
0.49771
0.5274
0.55391
0.58
0.57467
0.62647
0.63451
0.68038
0.66129
0.58351
0.54965
0.53693
0.49535
0.44165
0.48404
0.47463
0.48623
0.46115
0.44632
0.4995
0.47811
0.44532
0.45509
0.44263
0.41102
0.40941
0.40372
0.38836
0.38278
0.39905
0.35748
0.30858
0.32173
0.36062
0.33866
0.321
0.29161
0.29095
0.27802
0.26952
0.27865
0.26159
0.2595
0.25417
0.24626
0.25623
0.26868
0.24877
0.2667
0.30078
0.29736
0.25517
0.23826
0.22475
0.23346
0.24988
0.25189
0.26885
0.28199
0.2803
0.31415
0.31262
0.31779
0.31903
0.31768
0.32427
0.34509
0.31778
0.31249
0.29784
0.28125
0.30335
0.30987
0.30719
0.31813
0.31936
0.33121
0.33274
0.33799
0.32058
0.33784
0.35196
0.35812
0.36707
0.37517
0.39645
0.37353
0.35847
0.37734
0.42184
0.44666
0.45171
0.42901
0.39255
0.4141
0.39518
0.37224
0.34613
0.32972
0.3092
0.33824
0.27434
0.25549
0.23081
0.20604
0.1753
0.19128
0.20355
0.20864
0.19073
0.17352
0.14966
0.14427
0.14704
0.14949
0.14867
0.14584
0.1436
0.14025
0.13641
0.1344
0.12849
0.12274
0.1211
0.11789
0.11829
0.112
0.10778
0.096074
0.087509
0.085081
0.086371
0.09093
0.10171
0.11377
0.11264
0.1039
0.11
0.11745
0.1029
0.11407
0.13405
0.11938
0.1123
0.1014
0.10886
0.098763
0.094238
0.092386
0.090408
0.094746
0.090168
0.091328
0.093042
0.089674
0.087213
0.080165
0.071647
0.06328
0.066815
0.067935
0.067925
0.068293
0.068994
0.066289
0.071019
0.074163
0.073112
0.07787
0.075352
0.075487
0.07757
0.073701
0.068918
0.063329
0.061922
0.056537
0.058822
0.067588
0.066771
0.065775
0.06788
0.07101
0.068761
0.07444
0.069485
0.07023
0.073051
0.071493
0.066958
0.069413
0.065529
0.058733
0.056858
0.058769
0.059225
0.060955
0.061489
0.065879
0.070294
0.069399
0.06968
0.070381
0.063802
0.063908
0.065117
0.063607
0.062022
0.058198
0.058926
0.05828
0.048622
0.046118
0.044856
0.044903
0.043547
0.043335
0.040619
0.039657
0.037544
0.031246
0.031949
0.028781
0.026556
0.026916
0.025294
0.024987
0.024131
0.020033
0.020125
0.020681
0.020075
0.02151
0.020085
0.019941
0.018764
0.016913
0.016811
0.016575
0.015473
0.014431
0.014837
0.013971
0.014256
0.012398
0.011389
0.0099583
0.0087695
0.0074855
0.0066359
0.0063186
0.005178
0.0038304
0.0032769
0.0020867
0.0012065
0.00019469
-0.00081144
-0.0018278
-0.0028815
-0.0038687
-0.0049315
-0.0056143
-0.0061253
-0.0071751
-0.0081572
-0.00865
-0.0097288
-0.010371
-0.011104
-0.012437
-0.013294
-0.013267
-0.015736
-0.015409
-0.018061
-0.018268
-0.020128
-0.022638
-0.024491
-0.027092
-0.028991
-0.029678
-0.030443
-0.02988
-0.029419
-0.029094
-0.031348
-0.029742
-0.035232
-0.03717
-0.038398
-0.045757
-0.04328
-0.047253
-0.052316
-0.054714
-0.054865
-0.054573
-0.055593
-0.057136
-0.059988
-0.061043
-0.062466
-0.064316
-0.06889
-0.069065
-0.073975
-0.069127
-0.071797
-0.075723
-0.073708
-0.071164
-0.070792
-0.066149
-0.067586
-0.07595
-0.082994
-0.081844
-0.080835
-0.085401
-0.082318
-0.078586
-0.08563
-0.090733
-0.086587
-0.087319
-0.10025
-0.10937
-0.10918
-0.10719
-0.10724
-0.10652
-0.11462
-0.11079
-0.11107
-0.12538
-0.12784
-0.13869
-0.14816
-0.16747
-0.15972
-0.16612
-0.14376
-0.15636
-0.15114
-0.16241
-0.16725
-0.18801
-0.19583
-0.19762
-0.20618
-0.20228
-0.20143
-0.19651
-0.19772
-0.20506
-0.18244
-0.15896
-0.14772
-0.15672
-0.15956
-0.1602
-0.1626
-0.16029
-0.15541
-0.14999
-0.14539
-0.14612
-0.16456
-0.16877
-0.16449
-0.16998
-0.16927
-0.15839
-0.17524
-0.17973
-0.15927
-0.16558
-0.17429
-0.16042
-0.16188
-0.16278
-0.17722
-0.17992
-0.16798
-0.17621
-0.17272
-0.17205
-0.16155
-0.14461
-0.1503
-0.1491
-0.15698
-0.15077
-0.15918
-0.15852
-0.15567
-0.15708
-0.15033
-0.15414
-0.15091
-0.15377
-0.14069
-0.14068
-0.14749
-0.14182
-0.14391
-0.14956
-0.15752
-0.16108
-0.17619
-0.17836
-0.17931
-0.17931
-0.18614
-0.17495
-0.18417
-0.17692
-0.17992
-0.1781
-0.20078
-0.18813
-0.2025
-0.1977
-0.1906
-0.18901
-0.17358
-0.17152
-0.19122
-0.20565
-0.23134
-0.23278
-0.20997
-0.2379
-0.23202
-0.23156
-0.22374
-0.22968
-0.25381
-0.2354
-0.2531
-0.25532
-0.25158
-0.26418
-0.28634
-0.27205
-0.27864
-0.29324
-0.30924
-0.30895
-0.29062
-0.31351
-0.29077
-0.30761
-0.30651
-0.33543
-0.34157
-0.36003
-0.3472
-0.37672
-0.36834
-0.37272
-0.40272
-0.38152
-0.35667
-0.32485
-0.35923
-0.36474
-0.37493
-0.38064
-0.41923
-0.48128
-0.41566
-0.43836
-0.44869
-0.42803
-0.4581
-0.48511
-0.44377
-0.48574
-0.45595
-0.46646
-0.42184
-0.43938
-0.46477
-0.42251
-0.38893
-0.39463
-0.37033
-0.38858
-0.42025
-0.43124
-0.44865
-0.44726
-0.43314
-0.38135
-0.36563
-0.37171
-0.37987
-0.36927
-0.39374
-0.38808
-0.39364
-0.42494
-0.4011
-0.38834
-0.40049
-0.39944
-0.38607
-0.36329
-0.35917
-0.35964
-0.39198
-0.37936
-0.35878
-0.38042
-0.37702
-0.40434
-0.43756
-0.45393
-0.45066
-0.45137
-0.42461
-0.44425
-0.4497
-0.46967
-0.47047
-0.47523
-0.47341
-0.48282
-0.49273
-0.50364
-0.5517
-0.49405
-0.50524
-0.53494
-0.56738
-0.54256
-0.61238
-0.65803
-0.62664
-0.64769
-0.59603
-0.55566
-0.58
-0.56828
-0.6282
-0.57655
-0.5802
-0.60336
-0.54061
-0.55874
-0.54182
-0.52458
-0.55117
-0.54733
-0.5361
-0.54885
-0.5379
-0.58562
-0.61022
-0.59078
-0.62516
-0.60644
-0.62886
-0.66234
-0.6454
-0.64434
-0.72716
-0.77725
-0.76392
-0.69947
-0.68494
-0.69707
-0.68309
-0.64255
-0.66943
-0.64412
-0.66305
-0.68186
-0.68084
-0.72368
-0.68145
-0.71892
-0.716
-0.63892
-0.67897
-0.70346
-0.57992
-0.62549
-0.67276
-0.65187
-0.61234
-0.60917
-0.67364
-0.69856
-0.62308
-0.71844
-0.783
-0.80801
-0.75178
-0.73901
-0.67843
-0.68068
-0.67565
-0.6942
-0.69472
-0.77749
-0.75086
-0.76281
-0.78085
-0.77571
-0.72427
-0.69747
-0.72626
-0.75521
-0.78986
-0.77544
-0.7462
-0.72712
-0.70304
-0.64236
-0.65379
-0.5992
-0.58955
-0.59236
-0.62331
-0.58056
-0.56859
-0.57094
-0.51542
-0.53034
-0.53581
-0.53513
-0.5275
-0.48504
-0.46413
-0.41443
-0.42846
-0.39368
-0.40039
-0.39437
-0.40387
-0.43499
-0.472
-0.4328
-0.4602
-0.43504
-0.43614
-0.42591
-0.43237
-0.44867
-0.42224
-0.42028
-0.39732
-0.38035
-0.35915
-0.35744
-0.37169
-0.34738
-0.33498
-0.35063
-0.34302
-0.34459
-0.3315
-0.33089
-0.32569
-0.3313
-0.32692
-0.33446
-0.35839
-0.37107
-0.3699
-0.37375
-0.36648
-0.36488
-0.33691
-0.34209
-0.36495
-0.37049
-0.37034
-0.37057
-0.3583
-0.34791
-0.29658
-0.29871
-0.27378
-0.27
-0.26089
-0.2476
-0.23246
-0.23248
-0.23077
-0.23179
-0.23217
-0.22368
-0.21603
-0.2353
-0.24104
-0.24891
-0.26881
-0.24079
-0.2313
-0.23813
-0.23895
-0.22177
-0.22098
-0.2332
-0.19555
-0.19588
-0.20929
-0.21105
-0.21173
-0.21432
-0.22775
-0.21504
-0.21989
-0.22377
-0.21293
-0.21187
-0.20833
-0.21581
-0.21515
-0.20781
-0.21491
-0.23104
-0.24083
-0.25823
-0.2492
-0.25512
-0.25896
-0.25725
-0.2827
-0.29186
-0.3151
-0.26906
-0.27939
-0.29136
-0.29747
-0.30767
-0.33859
-0.34561
-0.30874
-0.30918
-0.28996
-0.30882
-0.29435
-0.32032
-0.30749
-0.30746
-0.30783
-0.28177
-0.31179
-0.30444
-0.30471
-0.31185
-0.29779
-0.30934
-0.33474
-0.34096
-0.34615
-0.32976
-0.34826
-0.31998
-0.30876
-0.29239
-0.30138
-0.29061
-0.30749
-0.27168
-0.28301
-0.29483
-0.29094
-0.29814
-0.31408
-0.29364
-0.29521
-0.29428
-0.23416
-0.23599
-0.24913
-0.24822
-0.2654
-0.28049
-0.27023
-0.27414
-0.26248
-0.27924
-0.28099
-0.27152
-0.24186
-0.23222
-0.23767
-0.2279
-0.23591
-0.23523
-0.22781
-0.22522
-0.24808
-0.24183
-0.28148
-0.28106
-0.2808
-0.28135
-0.28813
-0.26072
-0.24548
-0.27467
-0.27989
-0.29396
-0.29202
-0.28925
-0.27871
-0.32186
-0.30188
-0.29962
-0.3161
-0.33344
-0.3453
-0.30839
-0.29437
-0.32087
-0.32558
-0.32787
-0.2995
-0.31122
-0.32157
-0.33189
-0.31943
-0.28863
-0.28301
-0.2983
-0.27159
-0.29825
-0.30054
-0.30039
-0.29317
-0.28882
-0.28987
-0.30109
-0.31135
-0.29608
-0.30907
-0.28555
-0.30306
-0.31482
-0.3151
-0.28617
-0.29913
-0.31292
-0.3144
-0.33824
-0.34169
-0.35731
-0.31811
-0.3344
-0.316
-0.3372
-0.33185
-0.30705
-0.28294
-0.28855
-0.28102
-0.2588
-0.2811
-0.2915
-0.27743
-0.28122
-0.3113
-0.30614
-0.30157
-0.32769
-0.33289
-0.28743
-0.27472
-0.27645
-0.27485
-0.31947
-0.31076
-0.31394
-0.30792
-0.32122
-0.3436
-0.37105
-0.40308
-0.39495
-0.41456
-0.39527
-0.39963
-0.41159
-0.43669
-0.42589
-0.4373
-0.48154
-0.47314
-0.48956
-0.53217
-0.4594
-0.47237
-0.48306
-0.46992
-0.49077
-0.48666
-0.54087
-0.5061
-0.52178
-0.52943
-0.50412
-0.51734
-0.46404
-0.51154
-0.47962
-0.47612
-0.47752
-0.51795
-0.48873
-0.47988
-0.48862
-0.46332
-0.45912
-0.43629
-0.43132
-0.44159
-0.42431
-0.42642
-0.42964
-0.44781
-0.46716
-0.45359
-0.42661
-0.39306
-0.39175
-0.36869
-0.33375
-0.3375
-0.33344
-0.33189
-0.32998
-0.34398
-0.32274
-0.34453
-0.39803
-0.40868
-0.39697
-0.37984
-0.38929
-0.35843
-0.36664
-0.35376
-0.37869
-0.40279
-0.38501
-0.39194
-0.41391
-0.43447
-0.43951
-0.45272
-0.43208
-0.40964
-0.42009
-0.40692
-0.38988
-0.43354
-0.44682
-0.46186
-0.4505
-0.45717
-0.43628
-0.37289
-0.3549
-0.39719
-0.36897
-0.37135
-0.3676
-0.3331
-0.32924
-0.33885
-0.34553
-0.36194
-0.36267
-0.34933
-0.34254
-0.33808
-0.35154
-0.36734
-0.38649
-0.37157
-0.38857
-0.38191
-0.35191
-0.32697
-0.33525
-0.35139
-0.34745
-0.38515
-0.36426
-0.36816
-0.36942
-0.42698
-0.43128
-0.38443
-0.41642
-0.41154
-0.40185
-0.41339
-0.38798
-0.3829
-0.3793
-0.41018
-0.43628
-0.38978
-0.3739
-0.37178
-0.3697
-0.37133
-0.34006
-0.35234
-0.35521
-0.36221
-0.35012
-0.37303
-0.37376
-0.3303
-0.34481
-0.36322
-0.38338
-0.38589
-0.37734
-0.37003
-0.40146
-0.42727
-0.39697
-0.39634
-0.39691
-0.3979
-0.42024
-0.4056
-0.41342
-0.41358
-0.419
-0.44879
-0.47808
-0.46214
-0.47338
-0.5033
-0.53414
-0.50202
-0.54037
-0.56128
-0.54364
-0.53981
-0.55599
-0.51891
-0.52096
-0.54139
-0.53662
-0.54771
-0.54009
-0.51778
-0.46705
-0.48467
-0.52793
-0.6155
-0.60017
-0.61996
-0.59207
-0.62628
-0.6301
-0.64585
-0.70076
-0.67285
-0.56897
-0.59422
-0.58615
-0.54556
-0.53779
-0.52109
-0.52597
-0.58464
-0.58589
-0.56024
-0.58288
-0.51519
-0.51092
-0.50837
-0.46307
-0.45411
-0.45115
-0.47207
-0.48171
-0.48813
-0.53736
-0.55479
-0.61181
-0.63205
-0.60961
-0.58736
-0.60444
-0.54702
-0.59255
-0.58339
-0.55582
-0.55817
-0.5331
-0.50719
-0.49725
-0.51965
-0.51917
-0.53141
-0.51697
-0.54652
-0.56123
-0.60419
-0.56356
-0.52572
-0.55533
-0.52722
-0.53902
-0.55002
-0.54689
-0.58736
-0.59244
-0.63456
-0.64105
-0.58674
-0.69008
-0.66539
-0.66862
-0.65098
-0.61225
-0.63026
-0.61789
-0.63038
-0.65154
-0.64147
-0.62064
-0.56207
-0.62701
-0.59665
-0.58552
-0.591
-0.54345
-0.56704
-0.6174
-0.61746
-0.63129
-0.65973
-0.6322
-0.58245
-0.55956
-0.54865
-0.50831
-0.47848
-0.43757
-0.46265
-0.45755
-0.50585
-0.49281
-0.4911
-0.5164
-0.52186
-0.61324
-0.63004
-0.62226
-0.60005
-0.52785
-0.55522
-0.53574
-0.53374
-0.48888
-0.49815
-0.48714
-0.46243
-0.49227
-0.48028
-0.44777
-0.44544
-0.439
-0.44704
-0.43238
-0.42716
-0.45476
-0.43893
-0.45162
-0.48403
-0.45977
-0.45166
-0.45064
-0.44942
-0.48269
-0.4707
-0.48745
-0.45077
-0.44008
-0.4451
-0.48457
-0.50711
-0.46015
-0.47287
-0.50923
-0.49648
-0.48676
-0.49565
-0.47434
-0.47435
-0.47286
-0.45839
-0.45078
-0.47183
-0.47658
-0.46383
-0.44976
-0.4569
-0.43482
-0.46468
-0.42601
-0.40676
-0.4393
-0.47413
-0.43866
-0.44533
-0.41159
-0.42275
-0.39187
-0.37304
-0.32392
-0.29938
-0.29949
-0.29111
-0.26282
-0.25296
-0.23978
-0.23729
-0.25452
-0.26064
-0.24603
-0.26592
-0.29082
-0.27632
-0.2583
-0.28864
-0.25661
-0.25376
-0.23578
-0.22494
-0.20339
-0.20872
-0.21755
-0.22209
-0.22588
-0.24798
-0.25739
-0.26149
-0.26379
-0.26469
-0.28664
-0.28412
-0.26808
-0.2584
-0.25107
-0.26732
-0.2799
-0.27205
-0.25726
-0.26275
-0.2705
-0.28516
-0.30976
-0.31937
-0.33345
-0.34148
-0.31073
-0.29305
-0.28399
-0.27809
-0.26114
-0.28766
-0.28853
-0.3033
-0.29493
-0.31309
-0.2881
-0.27552
-0.27723
-0.26723
-0.24909
-0.23892
-0.24482
-0.25709
-0.2361
-0.24226
-0.24887
-0.23488
-0.22901
-0.23128
-0.23203
-0.24945
-0.2525
-0.26342
-0.27965
-0.26898
-0.26723
-0.26206
-0.27907
-0.28537
-0.26751
-0.30742
-0.30326
-0.30989
-0.30483
-0.3158
-0.3028
-0.31403
-0.33841
-0.37202
-0.35069
-0.34696
-0.36505
-0.33572
-0.33767
-0.28609
-0.2902
-0.27149
-0.26955
-0.26895
-0.27714
-0.23791
-0.24073
-0.23611
-0.22237
-0.23398
-0.22105
-0.22913
-0.21858
-0.22848
-0.20758
-0.23282
-0.24122
-0.22505
-0.24419
-0.26864
-0.27038
-0.29985
-0.30871
-0.31648
-0.31189
-0.30519
-0.32527
-0.26449
-0.29434
-0.31253
-0.31016
-0.30976
-0.31022
-0.32582
-0.30672
-0.30607
-0.32261
-0.36591
-0.33732
-0.36081
-0.35759
-0.36515
-0.34466
-0.36025
-0.38341
-0.39089
-0.39698
-0.42567
-0.42193
-0.4483
-0.42328
-0.41059
-0.41731
-0.40053
-0.37402
-0.38726
-0.37551
-0.36218
-0.3504
-0.36862
-0.37541
-0.38739
-0.38924
-0.39385
-0.4195
-0.41723
-0.45337
-0.45575
-0.44998
-0.44251
-0.42525
-0.40769
-0.42749
-0.42121
-0.43632
-0.431
-0.37691
-0.37566
-0.37712
-0.42467
-0.44052
-0.44178
-0.48891
-0.48176
-0.45643
-0.43538
-0.4437
-0.44819
-0.42776
-0.44902
-0.47342
-0.50357
-0.53989
-0.52922
-0.61832
-0.63106
-0.6719
-0.6579
-0.68978
-0.71842
-0.728
-0.69984
-0.70309
-0.71322
-0.72077
-0.70806
-0.77641
-0.79028
-0.79129
-0.84346
-0.79387
-0.80544
-0.82338
-0.83008
-0.84334
-0.89532
-0.87618
-0.86383
-0.88841
-0.9096
-0.99254
-0.90369
-0.91774
-0.84992
-0.79855
-0.72272
-0.75446
-0.78897
-0.79888
-0.82012
-0.79693
-0.81373
-0.81751
-0.82082
-0.80014
-0.79601
-0.82591
-0.87453
-0.85157
-0.82135
-0.85775
-0.86721
-0.8297
-0.81521
-0.805
-0.77639
-0.73272
-0.69855
-0.64214
-0.61183
-0.59514
-0.6491
-0.62659
-0.63154
-0.6594
-0.62849
-0.70726
-0.65683
-0.72006
-0.73336
-0.73638
-0.72718
-0.75869
-0.7655
-0.73743
-0.74016
-0.67891
-0.74203
-0.68182
-0.66821
-0.68541
-0.70466
-0.70324
-0.67455
-0.64774
-0.63377
-0.60034
-0.586
-0.61032
-0.5469
-0.54782
-0.59176
-0.53985
-0.56128
-0.52983
-0.54545
-0.55987
-0.53445
-0.5241
-0.53811
-0.53648
-0.4761
-0.46235
-0.47139
-0.39983
-0.38883
-0.39135
-0.42741
-0.4007
-0.34184
-0.34688
-0.37475
-0.3946
-0.38428
-0.41585
-0.41272
-0.40152
-0.41672
-0.41633
-0.40424
-0.39562
-0.34844
-0.3931
-0.36745
-0.36784
-0.38655
-0.35981
-0.34845
-0.34495
-0.3485
-0.34358
-0.36395
-0.34672
-0.33951
-0.3224
-0.31711
-0.30728
-0.29989
-0.28892
-0.2947
-0.29102
-0.28199
-0.26658
-0.26045
-0.27392
-0.2686
-0.29254
-0.2634
-0.26562
-0.27042
-0.25799
-0.25696
-0.26753
-0.28528
-0.2633
-0.2666
-0.24172
-0.23546
-0.22613
-0.24077
-0.23377
-0.23702
-0.23944
-0.2504
-0.23835
-0.24469
-0.24732
-0.23599
-0.2553
-0.25362
-0.25928
-0.23862
-0.23116
-0.21967
-0.23856
-0.23507
-0.2358
-0.22078
-0.22806
-0.25295
-0.28394
-0.30566
-0.32528
-0.33801
-0.33525
-0.36813
-0.37045
-0.3656
-0.36667
-0.36566
-0.39789
-0.37547
-0.40009
-0.38478
-0.40417
-0.3915
-0.38207
-0.37764
-0.39166
-0.43105
-0.39742
-0.42143
-0.4347
-0.43239
-0.46482
-0.44034
-0.43512
-0.47405
-0.48887
-0.46702
-0.4566
-0.44418
-0.39986
-0.42514
-0.39072
-0.38958
-0.39473
-0.447
-0.44324
-0.43808
-0.45239
-0.3912
-0.38718
-0.37823
-0.40701
-0.39851
-0.40374
-0.3882
-0.33081
-0.3083
-0.36061
-0.37332
-0.35169
-0.36261
-0.38707
-0.40502
-0.38521
-0.36539
-0.35631
-0.34868
-0.34909
-0.33796
-0.32405
-0.3447
-0.3157
-0.286
-0.26538
-0.27597
-0.28853
-0.26251
-0.2603
-0.24497
-0.25758
-0.26782
-0.26292
-0.25801
-0.23627
-0.22096
-0.22219
-0.22349
-0.22723
-0.22554
-0.22278
-0.23509
-0.25377
-0.26922
-0.25492
-0.24528
-0.23255
-0.2418
-0.24193
-0.21196
-0.20174
-0.19366
-0.21892
-0.20838
-0.20276
-0.20171
-0.19781
-0.20374
-0.19862
-0.20251
-0.22322
-0.23133
-0.23362
-0.2383
-0.23743
-0.25769
-0.27636
-0.28319
-0.28193
-0.27025
-0.2603
-0.27552
-0.27374
-0.26593
-0.24716
-0.21759
-0.20489
-0.20805
-0.2177
-0.22522
-0.23035
-0.23261
-0.22774
-0.21889
-0.19976
-0.19445
-0.17855
-0.18211
-0.17146
-0.17467
-0.18321
-0.17949
-0.18248
-0.18007
-0.17285
-0.18573
-0.17863
-0.18133
-0.17651
-0.16379
-0.18099
-0.18939
-0.19151
-0.18793
-0.17619
-0.19296
-0.17588
-0.1852
-0.17318
-0.17186
-0.16594
-0.17413
-0.16801
-0.16502
-0.17768
-0.16534
-0.19405
-0.20392
-0.21022
-0.20908
-0.19991
-0.18184
-0.185
-0.19124
-0.19354
-0.18478
-0.19407
-0.21005
-0.21504
-0.22059
-0.23852
-0.26098
-0.276
-0.31148
-0.28889
-0.27895
-0.26838
-0.27133
-0.24111
-0.23305
-0.23833
-0.22776
-0.20883
-0.19651
-0.1888
-0.17649
-0.17128
-0.18887
-0.18675
-0.17382
-0.17007
-0.17527
-0.17721
-0.17952
-0.19297
-0.17545
-0.17952
-0.19319
-0.18843
-0.18644
-0.18047
-0.18884
-0.19755
-0.20791
-0.19856
-0.2118
-0.2081
-0.20115
-0.1898
-0.18245
-0.17755
-0.16047
-0.1588
-0.15676
-0.17198
-0.17635
-0.16571
-0.17391
-0.17409
-0.17703
-0.17347
-0.18652
-0.1877
-0.17922
-0.17563
-0.17291
-0.19861
-0.19035
-0.19216
-0.18745
-0.17899
-0.18867
-0.18566
-0.20416
-0.21153
-0.21065
-0.18895
-0.20699
-0.20022
-0.1981
-0.19139
-0.18547
-0.18693
-0.18758
-0.16781
-0.1853
-0.18184
-0.18355
-0.19328
-0.21471
-0.21835
-0.20997
-0.18481
-0.19281
-0.18865
-0.20632
-0.19796
-0.19822
-0.20177
-0.19907
-0.20402
-0.23125
-0.22084
-0.2067
-0.19668
-0.1987
-0.21429
-0.2299
-0.23268
-0.2323
-0.22573
-0.24496
-0.2299
-0.23532
-0.23072
-0.22036
-0.23647
-0.21945
-0.19949
-0.21022
-0.18831
-0.19302
-0.20742
-0.24237
-0.24522
-0.26625
-0.29335
-0.2804
-0.25695
-0.23972
-0.23685
-0.21708
-0.23209
-0.23457
-0.24078
-0.24982
-0.22935
-0.24117
-0.27192
-0.25208
-0.25637
-0.24765
-0.22837
-0.23205
-0.21993
-0.21264
-0.23216
-0.24335
-0.26668
-0.26851
-0.26611
-0.28085
-0.28099
-0.25661
-0.27075
-0.24968
-0.25968
-0.25699
-0.25644
-0.25999
-0.26908
-0.29463
-0.29866
-0.33655
-0.32924
-0.32689
-0.31557
-0.35232
-0.3399
-0.34814
-0.3506
-0.34984
-0.35303
-0.33102
-0.3587
-0.3647
-0.31884
-0.33227
-0.32723
-0.2751
-0.29428
-0.27834
-0.25728
-0.25841
-0.24923
-0.25907
-0.28423
-0.27784
-0.2548
-0.29323
-0.26324
-0.26987
-0.27887
-0.26931
-0.28295
-0.30421
-0.31673
-0.31538
-0.31159
-0.31599
-0.29747
-0.30208
-0.29794
-0.29515
-0.30846
-0.30206
-0.28354
-0.26029
-0.26346
-0.23403
-0.21299
-0.23095
-0.2226
-0.21817
-0.20771
-0.20397
-0.22145
-0.23195
-0.2379
-0.2297
-0.23705
-0.24429
-0.25832
-0.22963
-0.21749
-0.22349
-0.20366
-0.19601
-0.20753
-0.21131
-0.23753
-0.2444
-0.24305
-0.24216
-0.25829
-0.28833
-0.27117
-0.27753
-0.26864
-0.26802
-0.25361
-0.2545
-0.29109
-0.26143
-0.25583
-0.25177
-0.23289
-0.239
-0.26842
-0.26863
-0.28924
-0.28823
-0.28772
-0.26608
-0.25007
-0.2458
-0.23883
-0.23398
-0.26705
-0.25313
-0.26084
-0.24258
-0.24198
-0.23063
-0.24664
-0.22848
-0.21346
-0.20939
-0.2068
-0.22389
-0.19842
-0.20833
-0.19838
-0.19506
-0.1967
-0.21303
-0.19963
-0.1676
-0.17635
-0.18262
-0.18755
-0.18734
-0.19608
-0.20146
-0.19089
-0.19508
-0.19197
-0.19203
-0.18228
-0.18734
-0.19452
-0.19614
-0.16373
-0.16064
-0.16737
-0.16632
-0.151
-0.17294
-0.17479
-0.1866
-0.20124
-0.20526
-0.22336
-0.24328
-0.22236
-0.21771
-0.23191
-0.2209
-0.23653
-0.24463
-0.26746
-0.27245
-0.26604
-0.2795
-0.2978
-0.27499
-0.29853
-0.3112
-0.3326
-0.32805
-0.34557
-0.34648
-0.34686
-0.37214
-0.3
-0.31458
-0.30199
-0.32894
-0.3532
-0.3427
-0.36097
-0.37877
-0.35729
-0.38912
-0.35665
-0.3541
-0.34033
-0.36376
-0.34005
-0.32687
-0.32351
-0.29205
-0.30764
-0.31225
-0.29396
-0.30961
-0.29359
-0.30387
-0.29011
-0.30062
-0.32107
-0.33235
-0.31935
-0.3279
-0.302
-0.29825
-0.29218
-0.27348
-0.29132
-0.32668
-0.33503
-0.37056
-0.34626
-0.34255
-0.33469
-0.32632
-0.29899
-0.28833
-0.28314
-0.28163
-0.26612
-0.23794
-0.25694
-0.29095
-0.30122
-0.27508
-0.27163
-0.29461
-0.30311
-0.29265
-0.28787
-0.26181
-0.2657
-0.24354
-0.24807
-0.23061
-0.20933
-0.19627
-0.20004
-0.20559
-0.20055
-0.19107
-0.19969
-0.20735
-0.19264
-0.18601
-0.18713
-0.19957
-0.21716
-0.24172
-0.22912
-0.21895
-0.22479
-0.218
-0.21759
-0.18697
-0.19902
-0.19532
-0.21026
-0.21333
-0.19301
-0.20252
-0.21962
-0.22837
-0.25383
-0.27643
-0.28772
-0.27546
-0.25885
-0.26596
-0.26395
-0.25108
-0.25321
-0.25585
-0.24703
-0.20973
-0.1966
-0.19978
-0.18013
-0.19266
-0.19755
-0.19332
-0.21204
-0.20367
-0.19046
-0.18218
-0.17745
-0.17285
-0.16319
-0.1631
-0.15918
-0.14802
-0.15041
-0.15499
-0.15201
-0.14388
-0.13498
-0.1501
-0.15374
-0.14641
-0.14118
-0.14413
-0.18038
-0.16228
-0.15913
-0.16444
-0.16498
-0.1565
-0.16311
-0.16304
-0.15204
-0.13911
-0.13812
-0.13221
-0.13828
-0.12792
-0.14341
-0.14665
-0.14215
-0.16156
-0.17407
-0.15015
-0.14087
-0.14632
-0.15587
-0.16005
-0.15873
-0.15285
-0.15499
-0.16273
-0.18041
-0.16982
-0.17092
-0.16092
-0.14907
-0.14681
-0.14785
-0.15471
-0.1462
-0.15466
-0.15392
-0.1495
-0.13895
-0.13366
-0.13923
-0.13934
-0.14049
-0.15206
-0.14702
-0.14418
-0.15102
-0.15678
-0.16373
-0.14957
-0.15019
-0.15942
-0.15691
-0.1668
-0.15786
-0.15207
-0.14464
-0.13953
-0.13049
-0.13234
-0.14025
-0.13839
-0.12622
-0.12352
-0.13321
-0.11385
-0.10966
-0.10634
-0.11909
-0.11457
-0.13015
-0.13354
-0.14542
-0.13999
-0.15098
-0.14638
-0.14613
-0.1339
-0.13382
-0.12648
-0.12746
-0.13037
-0.13288
-0.13659
-0.13327
-0.13559
-0.13441
-0.11707
-0.11827
-0.12062
-0.12572
-0.12651
-0.12474
-0.12776
-0.12828
-0.12328
-0.12701
-0.1294
-0.13202
-0.13023
-0.14335
-0.16145
-0.16647
-0.17316
-0.1496
-0.15162
-0.15328
-0.13768
-0.12727
-0.12977
-0.12851
-0.13812
-0.14202
-0.13881
-0.12802
-0.13247
-0.12863
-0.12142
-0.13764
-0.14808
-0.13595
-0.13796
-0.1346
-0.1255
-0.12109
-0.12742
-0.12983
-0.1216
-0.12371
-0.12626
-0.12686
-0.11836
-0.11489
-0.11366
-0.1269
-0.11756
-0.11668
-0.12278
-0.11829
-0.11755
-0.12058
-0.13358
-0.13017
-0.12633
-0.13074
-0.13254
-0.12822
-0.12303
-0.12764
-0.14248
-0.13891
-0.1387
-0.15052
-0.15152
-0.14209
-0.14108
-0.12637
-0.12451
-0.12174
-0.12789
-0.12825
-0.12729
-0.13349
-0.13538
-0.14666
-0.15204
-0.15259
-0.13928
-0.12984
-0.14254
-0.14433
-0.15601
-0.15857
-0.178
-0.17362
-0.17365
-0.19396
-0.20989
-0.20078
-0.20437
-0.19364
-0.18435
-0.17916
-0.20214
-0.20593
-0.21508
-0.2088
-0.20782
-0.1949
-0.19445
-0.18921
-0.18955
-0.19637
-0.20067
-0.17439
-0.1715
-0.17949
-0.15293
-0.1598
-0.15794
-0.14976
-0.14676
-0.14145
-0.13158
-0.13319
-0.13691
-0.13517
-0.13071
-0.13716
-0.12997
-0.13735
-0.12747
-0.11873
-0.11842
-0.11633
-0.12437
-0.12635
-0.12807
-0.11933
-0.11688
-0.11063
-0.10916
-0.11256
-0.1169
-0.11886
-0.11385
-0.12271
-0.11795
-0.10723
-0.098072
-0.092854
-0.099091
-0.090267
-0.098093
-0.098987
-0.11164
-0.11728
-0.11381
-0.10169
-0.099704
-0.10614
-0.10512
-0.11835
-0.12093
-0.1119
-0.11559
-0.12736
-0.12368
-0.11991
-0.11749
-0.11873
-0.12925
-0.14294
-0.14106
-0.1454
-0.15342
-0.15692
-0.16406
-0.17963
-0.18203
-0.16613
-0.19038
-0.19068
-0.20184
-0.1889
-0.18857
-0.18134
-0.16491
-0.18171
-0.20556
-0.22535
-0.21702
-0.23048
-0.23107
-0.24437
-0.24877
-0.26305
-0.27521
-0.27096
-0.27187
-0.26671
-0.26061
-0.27607
-0.29339
-0.29235
-0.30837
-0.28689
-0.26695
-0.26564
-0.26995
-0.29202
-0.31608
-0.30308
-0.3095
-0.29844
-0.2864
-0.28589
-0.29758
-0.28619
-0.27368
-0.29852
-0.28565
-0.30352
-0.30458
-0.27587
-0.29718
-0.30681
-0.29967
-0.29906
-0.28991
-0.30205
-0.30384
-0.27225
-0.26446
-0.27354
-0.267
-0.23857
-0.25632
-0.28371
-0.28465
-0.29458
-0.30355
-0.30354
-0.30401
-0.34056
-0.36529
-0.32454
-0.34081
-0.36569
-0.37436
-0.35102
-0.34347
-0.35358
-0.32556
-0.31692
-0.30251
-0.2887
-0.31283
-0.34167
-0.3333
-0.34653
-0.31906
-0.29962
-0.30772
-0.30373
-0.33948
-0.31921
-0.28255
-0.27254
-0.30139
-0.3089
-0.31582
-0.31536
-0.33549
-0.32748
-0.35256
-0.3344
-0.31846
-0.3433
-0.3611
-0.31652
-0.30679
-0.31564
-0.3224
-0.32814
-0.30375
-0.30722
-0.32922
-0.32827
-0.34866
-0.35793
-0.36704
-0.37783
-0.42576
-0.4288
-0.42957
-0.39729
-0.39942
-0.45696
-0.43515
-0.41562
-0.43743
-0.45774
-0.42984
-0.4391
-0.43569
-0.43348
-0.42276
-0.44766
-0.47753
-0.47914
-0.49578
-0.45725
-0.47255
-0.48353
-0.47428
-0.44473
-0.42338
-0.45231
-0.41418
-0.39611
-0.3847
-0.36945
-0.32555
-0.33531
-0.35626
-0.33856
-0.35877
-0.31392
-0.31205
-0.3367
-0.37291
-0.35545
-0.35276
-0.35677
-0.35408
-0.3388
-0.36731
-0.34199
-0.34448
-0.34179
-0.37479
-0.34852
-0.34915
-0.3874
-0.40228
-0.43123
-0.36069
-0.39056
-0.40956
-0.44305
-0.42303
-0.36312
-0.37936
-0.38454
-0.37062
-0.39998
-0.40647
-0.41217
-0.38555
-0.41082
-0.4325
-0.43712
-0.39114
-0.42806
-0.47343
-0.47727
-0.40469
-0.4017
-0.43278
-0.42289
-0.39982
-0.39674
-0.36354
-0.33149
-0.3437
-0.35901
-0.39609
-0.35807
-0.34647
-0.37647
-0.40388
-0.38757
-0.42823
-0.41785
-0.41248
-0.39745
-0.39959
-0.37037
-0.32027
-0.31541
-0.31515
-0.30834
-0.27858
-0.2891
-0.28988
-0.29167
-0.27946
-0.27799
-0.27896
-0.26784
-0.27085
-0.25394
-0.26079
-0.23544
-0.23069
-0.21051
-0.21397
-0.22902
-0.23046
-0.22968
-0.24211
-0.25469
-0.26915
-0.28856
-0.2888
-0.31331
-0.32614
-0.33506
-0.36503
-0.3645
-0.36793
-0.39115
-0.4222
-0.41807
-0.45095
-0.44538
-0.42988
-0.44031
-0.4278
-0.40129
-0.42306
-0.39817
-0.37578
-0.36184
-0.35502
-0.38042
-0.38704
-0.39615
-0.39583
-0.40939
-0.40682
-0.4321
-0.47692
-0.50152
-0.507
-0.52792
-0.53791
-0.5675
-0.56496
-0.59132
-0.63486
-0.67414
-0.67056
-0.67168
-0.63093
-0.64207
-0.60514
-0.56535
-0.61263
-0.59415
-0.64575
-0.66956
-0.67939
-0.62984
-0.58355
-0.60862
-0.56355
-0.56403
-0.56091
-0.52176
-0.50374
-0.50093
-0.52474
-0.51001
-0.50486
-0.59041
-0.58572
-0.57981
-0.60651
-0.60138
-0.56026
-0.58212
-0.56953
-0.53083
-0.54813
-0.54384
-0.60185
-0.61975
-0.60673
-0.61784
-0.67289
-0.67069
-0.68039
-0.68102
-0.64691
-0.62452
-0.57143
-0.60182
-0.5953
-0.62242
-0.6427
-0.61514
-0.65863
-0.68189
-0.63044
-0.55957
-0.61936
-0.64655
-0.6782
-0.69889
-0.68982
-0.76035
-0.73074
-0.73812
-0.70063
-0.65515
-0.67558
-0.64316
-0.67039
-0.6481
-0.70649
-0.65686
-0.6638
-0.69121
-0.69785
-0.70687
-0.67459
-0.69838
-0.62313
-0.58332
-0.56682
-0.55339
-0.51992
-0.50109
-0.50442
-0.50306
-0.55918
-0.59473
-0.55512
-0.51876
-0.52886
-0.54401
-0.51933
-0.52437
-0.47713
-0.4859
-0.49099
-0.48776
-0.45824
-0.44741
-0.41973
-0.38808
-0.36497
-0.37322
-0.39413
-0.38494
-0.37692
-0.39053
-0.40479
-0.43002
-0.43176
-0.40286
-0.35189
-0.33554
-0.36381
-0.32356
-0.33143
-0.36515
-0.33426
-0.31655
-0.32767
-0.31295
-0.27125
-0.27893
-0.27901
-0.29383
-0.29705
-0.2953
-0.32236
-0.34139
-0.35896
-0.35328
-0.39351
-0.40929
-0.40153
-0.41592
-0.41969
-0.41199
-0.38282
-0.36657
-0.34386
-0.31567
-0.31058
-0.29992
-0.28432
-0.25678
-0.27892
-0.29282
-0.30146
-0.31324
-0.27112
-0.23973
-0.23696
-0.26935
-0.25593
-0.25916
-0.26202
-0.26743
-0.25877
-0.2769
-0.28237
-0.28593
-0.28122
-0.29712
-0.28832
-0.31857
-0.32372
-0.33258
-0.36019
-0.38063
-0.42771
-0.37664
-0.37097
-0.37673
-0.38971
-0.40448
-0.42448
-0.4431
-0.42179
-0.39872
-0.36861
-0.38894
-0.3691
-0.39035
-0.38178
-0.36437
-0.29928
-0.31262
-0.33082
-0.30586
-0.31134
-0.32189
-0.32171
-0.35345
-0.36412
-0.37177
-0.36512
-0.3866
-0.36843
-0.36979
-0.37956
-0.37652
-0.36682
-0.3601
-0.36301
-0.35717
-0.37753
-0.38564
-0.40419
-0.42628
-0.42463
-0.41322
-0.48855
-0.48415
-0.51255
-0.6103
-0.63403
-0.63816
-0.6083
-0.56877
-0.56959
-0.5312
-0.52782
-0.50768
-0.50167
-0.49871
-0.52683
-0.49993
-0.50585
-0.51535
-0.55586
-0.57294
-0.58421
-0.54774
-0.54662
-0.57491
-0.5413
-0.53588
-0.51332
-0.53277
-0.51698
-0.49256
-0.49515
-0.53446
-0.48817
-0.4517
-0.50368
-0.50198
-0.47543
-0.52783
-0.53471
-0.55702
-0.59653
-0.62218
-0.54781
-0.59381
-0.60797
-0.65735
-0.68411
-0.66192
-0.67117
-0.66206
-0.60187
-0.58756
-0.56197
-0.55542
-0.58004
-0.53925
-0.48486
-0.4491
-0.41859
-0.43484
-0.4145
-0.38966
-0.42247
-0.41459
-0.39391
-0.40709
-0.40101
-0.38058
-0.36273
-0.31889
-0.30829
-0.34941
-0.38042
-0.40427
-0.38539
-0.38542
-0.39563
-0.39534
-0.39078
-0.37033
-0.40779
-0.43824
-0.45867
-0.47678
-0.41682
-0.42397
-0.39462
-0.40801
-0.46806
-0.47793
-0.4461
-0.44811
-0.47973
-0.4466
-0.46224
-0.43347
-0.39922
-0.3803
-0.35879
-0.37315
-0.37072
-0.39607
-0.4106
-0.40577
-0.43001
-0.45144
-0.4561
-0.47014
-0.50954
-0.44463
-0.42685
-0.45946
-0.46928
-0.49187
-0.5519
-0.55384
-0.56406
-0.58797
-0.59767
-0.6197
-0.61726
-0.59933
-0.59871
-0.63206
-0.55117
-0.54451
-0.56891
-0.56912
-0.59192
-0.62299
-0.57652
-0.54773
-0.56513
-0.51533
-0.47554
-0.46629
-0.4901
-0.49655
-0.51902
-0.58126
-0.56077
-0.55302
-0.49878
-0.48911
-0.50514
-0.49769
-0.48004
-0.46964
-0.47064
-0.46053
-0.47786
-0.44731
-0.44812
-0.48507
-0.40054
-0.39906
-0.44396
-0.43333
-0.47225
-0.5028
-0.53574
-0.54959
-0.52057
-0.53962
-0.59726
-0.54826
-0.51489
-0.4888
-0.4339
-0.37387
-0.36124
-0.37966
-0.36647
-0.34572
-0.34044
-0.32526
-0.33547
-0.32567
-0.34155
-0.35786
-0.34105
-0.31143
-0.30953
-0.29283
-0.27986
-0.27476
-0.27273
-0.2816
-0.26769
-0.25296
-0.25881
-0.28207
-0.2571
-0.2502
-0.22876
-0.23574
-0.23026
-0.23041
-0.2364
-0.23811
-0.23052
-0.23331
-0.23639
-0.22423
-0.23004
-0.21998
-0.22431
-0.22985
-0.23505
-0.25101
-0.25736
-0.2422
-0.23136
-0.22972
-0.229
-0.24471
-0.24693
-0.25059
-0.2426
-0.2501
-0.24777
-0.23529
-0.21933
-0.21554
-0.21701
-0.22727
-0.23023
-0.2348
-0.23197
-0.22959
-0.23142
-0.21855
-0.2179
-0.22322
-0.25265
-0.25593
-0.2508
-0.25334
-0.28315
-0.27346
-0.28369
-0.29548
-0.28969
-0.28335
-0.29458
-0.2863
-0.29905
-0.33071
-0.32171
-0.31244
-0.31318
-0.32118
-0.30909
-0.3116
-0.32273
-0.33621
-0.31897
-0.35139
-0.37675
-0.39608
-0.38211
-0.41076
-0.43916
-0.42568
-0.45162
-0.50083
-0.53498
-0.58252
-0.56615
-0.56078
-0.60256
-0.62641
-0.64279
-0.63995
-0.63736
-0.61621
-0.61
-0.58978
-0.57529
-0.62134
-0.59632
-0.58293
-0.58754
-0.66764
-0.59294
-0.5666
-0.52937
-0.54024
-0.50936
-0.52903
-0.54425
-0.55239
-0.54684
-0.61458
-0.62159
-0.60207
-0.59531
-0.63935
-0.6392
-0.65478
-0.74022
-0.72009
-0.68453
-0.64863
-0.69164
-0.6872
-0.69431
-0.65666
-0.6454
-0.71801
-0.73371
-0.77251
-0.80236
-0.80948
-0.82921
-0.81187
-0.83147
-0.85791
-0.90217
-0.79071
-0.85461
-0.82024
-0.81443
-0.79152
-0.81474
-0.81659
-0.78573
-0.80884
-0.80715
-0.79871
-0.85677
-0.90197
-0.92921
-0.92876
-1.0236
-1.0393
-0.9899
-1.1044
-1.2015
-1.2562
-1.409
-1.3382
-1.2466
-1.4666
-1.498
-1.4486
-1.4957
-1.4284
-1.3902
-1.5181
-1.5637
-1.6695
-1.7172
-1.6674
-1.6805
-1.5997
-1.7024
-1.7088
-1.5975
-1.5418
-1.6646
-1.6261
-1.776
-1.6198
-1.5427
-1.5412
-1.4299
-1.4678
-1.5785
-1.2673
-1.2669
-1.2716
-1.3077
-1.3392
-1.4793
-1.4207
-1.2811
-1.3072
-1.2667
-1.2654
-1.2475
-1.1666
-1.2877
-1.258
-1.2105
-1.2882
-1.2047
-1.1796
-1.0609
-0.9964
-0.96939
-0.9554
-0.93123
-0.91484
-0.95622
-0.95938
-0.98208
-1.0257
-0.94635
-0.90768
-0.93579
-0.95088
-0.97889
-1.0919
-1.2127
-1.2477
-1.2411
-1.1607
-1.0407
-1.0383
-0.99399
-0.90295
-0.84439
-0.8532
-0.80518
-0.88269
-0.90907
-0.94826
-0.97526
-0.88945
-0.96851
-1.0061
-0.9707
-1.0454
-1.1094
-1.1657
-1.2274
-1.0799
-1.1439
-1.085
-1.1205
-1.0401
-1.1008
-0.99041
-1.0514
-1.0598
-1.1471
-1.2472
-1.3114
-1.3113
-1.1921
-1.1434
-1.2161
-1.1012
-0.99139
-1.0456
-1.1348
-1.1127
-1.1353
-1.2144
-1.2997
-1.4232
-1.2128
-1.2437
-1.2413
-1.3
-1.176
-1.1562
-1.2298
-1.1362
-1.0922
-1.1446
-1.2759
-1.2282
-1.2364
-1.0869
-1.1355
-1.1224
-1.1608
-1.1842
-1.2948
-1.2761
-1.1724
-1.1845
-1.2678
-1.2751
-1.3019
-1.2214
-1.3659
-1.3719
-1.3746
-1.3726
-1.3386
-1.3153
-1.3695
-1.4853
-1.3404
-1.465
-1.5531
-1.5616
-1.4723
-1.4408
-1.4893
-1.5111
-1.4633
-1.4246
-1.3003
-1.297
-1.2488
-1.2271
-1.3248
-1.3615
-1.3844
-1.324
-1.3438
-1.4285
-1.2651
-1.3234
-1.3799
-1.3727
-1.4562
-1.424
-1.5107
-1.5046
-1.5741
-1.5947
-1.5406
-1.5101
-1.416
-1.4884
-1.6201
-1.5642
-1.4881
-1.4841
-1.5373
-1.5245
-1.4173
-1.3544
-1.2912
-1.3232
-1.3493
-1.2631
-1.188
-1.2954
-1.3156
-1.5061
-1.3005
-1.3428
-1.2921
-1.2841
-1.2081
-1.1937
-1.1905
-1.2556
-1.0765
-1.1068
-1.1672
-1.037
-0.89172
-0.87215
-0.8848
-0.91514
-0.93221
-0.88478
-0.81933
-0.84217
-0.87503
-0.86715
-0.91383
-0.90963
-0.89063
-0.92092
-0.8978
-0.87643
-0.81353
-0.79954
-0.73023
-0.70958
-0.6435
-0.60849
-0.54117
-0.57189
-0.52167
-0.52351
-0.57058
-0.54008
-0.48878
-0.50723
-0.54067
-0.5376
-0.54596
-0.54085
-0.5324
-0.53523
-0.53238
-0.50714
-0.49856
-0.47746
-0.48312
-0.51783
-0.51534
-0.46588
-0.50977
-0.52968
-0.51449
-0.55656
-0.59006
-0.48763
-0.4805
-0.42238
-0.44
-0.38414
-0.38971
-0.37745
-0.36662
-0.40654
-0.4059
-0.42167
-0.42443
-0.40107
-0.40224
-0.41025
-0.41946
-0.3928
-0.41195
-0.37506
-0.37243
-0.33908
-0.34355
-0.30309
-0.30783
-0.30314
-0.29555
-0.30824
-0.30901
-0.29858
-0.31356
-0.30174
-0.2818
-0.28837
-0.2945
-0.30108
-0.29929
-0.29382
-0.3153
-0.27002
-0.26515
-0.2704
-0.24705
-0.24373
-0.26219
-0.28745
-0.27389
-0.24279
-0.22745
-0.24602
-0.25031
-0.26419
-0.27221
-0.26946
-0.24967
-0.24548
-0.23011
-0.2337
-0.22718
-0.2533
-0.2516
-0.23517
-0.24801
-0.24479
-0.24832
-0.23481
-0.25373
-0.2603
-0.25439
-0.25995
-0.27417
-0.29882
-0.32713
-0.35365
-0.37659
-0.40712
-0.39501
-0.41104
-0.39255
-0.41036
-0.38303
-0.39896
-0.4155
-0.38416
-0.41515
-0.41193
-0.44371
-0.44935
-0.43372
-0.40659
-0.44453
-0.42813
-0.46731
-0.47912
-0.47681
-0.44794
-0.4678
-0.44579
-0.44364
-0.42299
-0.45458
-0.41275
-0.41933
-0.38883
-0.39722
-0.403
-0.3735
-0.31476
-0.31952
-0.29289
-0.29125
-0.26236
-0.27753
-0.28586
-0.291
-0.27445
-0.29072
-0.29344
-0.28306
-0.26581
-0.26027
-0.26505
-0.26347
-0.24309
-0.27279
-0.25914
-0.26781
-0.26681
-0.255
-0.28282
-0.26805
-0.27129
-0.26007
-0.28349
-0.29781
-0.32959
-0.31983
-0.33965
-0.34505
-0.3288
-0.32017
-0.3434
-0.32073
-0.30181
-0.33224
-0.34235
-0.3895
-0.39986
-0.40021
-0.44791
-0.43468
-0.43747
-0.44518
-0.43199
-0.41634
-0.41871
-0.38934
-0.4223
-0.43453
-0.43814
-0.43332
-0.42319
-0.42177
-0.36548
-0.37147
-0.35002
-0.35036
-0.34706
-0.34029
-0.31934
-0.3223
-0.34946
-0.34406
-0.36423
-0.38368
-0.39765
-0.40352
-0.44036
-0.44649
-0.422
-0.436
-0.44173
-0.50393
-0.52997
-0.57271
-0.53913
-0.5891
-0.65446
-0.74606
-0.72481
-0.69282
-0.74948
-0.70636
-0.73716
-0.78125
-0.84248
-0.79822
-0.72275
-0.73257
-0.75172
-0.71397
-0.70329
-0.69596
-0.70506
-0.71621
-0.64862
-0.61525
-0.5991
-0.61315
-0.64138
-0.70077
-0.67776
-0.65382
-0.65114
-0.67701
-0.72724
-0.75305
-0.78996
-0.7653
-0.78735
-0.75294
-0.73428
-0.82466
-0.7813
-0.81075
-0.9093
-0.93277
-0.95755
-0.89943
-0.83373
-0.84024
-0.84654
-0.80933
-0.89859
-0.81667
-0.91943
-0.97465
-0.94561
-0.8737
-0.96338
-0.98743
-1.0873
-0.95305
-0.87288
-0.89324
-0.85033
-0.80742
-0.75414
-0.79304
-0.8437
-0.81825
-0.84158
-0.78451
-0.80915
-0.80695
-0.82587
-0.773
-0.7303
-0.73624
-0.76182
-0.64666
-0.6823
-0.7346
-0.69998
-0.71197
-0.73536
-0.80247
-0.76466
-0.77577
-0.73907
-0.75345
-0.76628
-0.8184
-0.75186
-0.75012
-0.72483
-0.69939
-0.76216
-0.68026
-0.64836
-0.65464
-0.63535
-0.65167
-0.62859
-0.61942
-0.67162
-0.77862
-0.78751
-0.73575
-0.74847
-0.81056
-0.80677
-0.7734
-0.76237
-0.75421
-0.72433
-0.78765
-0.79228
-0.73521
-0.72768
-0.74578
-0.76437
-0.74254
-0.70071
-0.74097
-0.7543
-0.67999
-0.71071
-0.67799
-0.7274
-0.69237
-0.62658
-0.60531
-0.68528
-0.70083
-0.75366
-0.80928
-0.84817
-0.89858
-0.90468
-0.86091
-0.79081
-0.77743
-0.79729
-0.80815
-0.75256
-0.75782
-0.73501
-0.79566
-0.84152
-0.95771
-0.92197
-0.86871
-0.8779
-0.77787
-0.82501
-0.68552
-0.61624
-0.59797
-0.55817
-0.54306
-0.52052
-0.50249
-0.5144
-0.55077
-0.58375
-0.58267
-0.5974
-0.66992
-0.66977
-0.70139
-0.78427
-0.77678
-0.79756
-0.80933
-0.77087
-0.74433
-0.88448
-0.9786
-1.0293
-1.0433
-0.94476
-1.0146
-1.0306
-0.96534
-1.0139
-0.98716
-0.96246
-1.0119
-0.83502
-0.85748
-0.83878
-0.80596
-0.86144
-0.87722
-0.94299
-0.85828
-0.86146
-0.83673
-0.92678
-0.99482
-1.0654
-1.0223
-0.91693
-1.0327
-0.97824
-1.0448
-1.0669
-1.0749
-0.94722
-0.93583
-0.92205
-0.97188
-1.0187
-0.88798
-0.90801
-0.8786
-0.88701
-0.86105
-0.91736
-0.87198
-0.82288
-0.85234
-0.78164
-0.72499
-0.81138
-0.85388
-0.88145
-0.93084
-0.9461
-1.0092
-1.038
-1.1159
-1.3538
-1.228
-1.1593
-1.0359
-1.0029
-0.98988
-1.0227
-0.93705
-0.88312
-0.83673
-0.81551
-0.84447
-0.8447
-0.78872
-0.79832
-0.76194
-0.71905
-0.78048
-0.73422
-0.69849
-0.73047
-0.69546
-0.74182
-0.75158
-0.78798
-0.73338
-0.77121
-0.78833
-0.81963
-0.89356
-1.042
-1.0771
-1.1041
-1.034
-1.0552
-0.95658
-0.87077
-0.81281
-0.80661
-0.78169
-0.77205
-0.70648
-0.74298
-0.68009
-0.7393
-0.76671
-0.80596
-0.75352
-0.71401
-0.69273
-0.69795
-0.70727
-0.69048
-0.69156
-0.69095
-0.67176
-0.60234
-0.59451
-0.54413
-0.62038
-0.59619
-0.6057
-0.57091
-0.55137
-0.61535
-0.59943
-0.63779
-0.68035
-0.64648
-0.67032
-0.58444
-0.54695
-0.55336
-0.54264
-0.53266
-0.54543
-0.56371
-0.58868
-0.57593
-0.56052
-0.59119
-0.54879
-0.55395
-0.48663
-0.49954
-0.50029
-0.52957
-0.47484
-0.53925
-0.62394
-0.61285
-0.5907
-0.62635
-0.61237
-0.62355
-0.62839
-0.62358
-0.61725
-0.56085
-0.55302
-0.58418
-0.54921
-0.56073
-0.55312
-0.5943
-0.5426
-0.57591
-0.60679
-0.66018
-0.68771
-0.73972
-0.73356
-0.68694
-0.73665
-0.72457
-0.67741
-0.69246
-0.59801
-0.63522
-0.66632
-0.7328
-0.70061
-0.71209
-0.72013
-0.70191
-0.76171
-0.76178
-0.78196
-0.7649
-0.75156
-0.78468
-0.84985
-0.81532
-0.78613
-0.80015
-0.82814
-0.81241
-0.76225
-0.78345
-0.82407
-0.71705
-0.65397
-0.6128
-0.696
-0.73584
-0.78298
-0.81086
-0.78512
-0.74857
-0.78152
-0.80059
-0.84615
-0.83159
-0.86681
-0.84792
-0.80917
-0.82379
-0.8507
-0.82268
-0.72362
-0.77035
-0.7943
-0.77539
-0.70286
-0.64718
-0.6397
-0.63676
-0.67513
-0.68627
-0.65379
-0.68673
-0.72635
-0.71981
-0.70494
-0.68437
-0.74317
-0.68523
-0.67347
-0.63596
-0.6173
-0.66229
-0.69011
-0.68743
-0.61246
-0.55171
-0.57121
-0.62145
-0.62888
-0.58535
-0.57302
-0.54371
-0.50136
-0.49487
-0.50126
-0.46579
-0.48536
-0.44668
-0.45252
-0.44862
-0.45659
-0.49683
-0.46951
-0.47328
-0.47457
-0.48889
-0.50774
-0.51129
-0.53318
-0.56405
-0.56514
-0.49386
-0.54222
-0.53035
-0.52853
-0.55909
-0.53332
-0.55227
-0.56154
-0.60536
-0.58821
-0.59163
-0.63445
-0.61852
-0.63562
-0.6029
-0.62585
-0.64252
-0.61722
-0.6539
-0.6536
-0.67128
-0.70668
-0.71483
-0.68561
-0.6925
-0.73695
-0.75503
-0.73273
-0.70268
-0.69316
-0.72832
-0.66422
-0.58874
-0.57983
-0.51263
-0.48903
-0.52256
-0.5561
-0.577
-0.51013
-0.52706
-0.47319
-0.52023
-0.48388
-0.47088
-0.47682
-0.50768
-0.52687
-0.50381
-0.52252
-0.51063
-0.57044
-0.5722
-0.55316
-0.55177
-0.52109
-0.50634
-0.49079
-0.48347
-0.52579
-0.5453
-0.58673
-0.60703
-0.60456
-0.55185
-0.58419
-0.61491
-0.63251
-0.6475
-0.59858
-0.61765
-0.63568
-0.66854
-0.73634
-0.72699
-0.7364
-0.69406
-0.6898
-0.67933
-0.67767
-0.75003
-0.75439
-0.77178
-0.77268
-0.75915
-0.75929
-0.8004
-0.82243
-0.80776
-0.83701
-0.7878
-0.74487
-0.81583
-0.73636
-0.79302
-0.84364
-0.85747
-0.88503
-0.83466
-0.79191
-0.74066
-0.7087
-0.67042
-0.72271
-0.79325
-0.84814
-0.87017
-0.80735
-0.81997
-0.90765
-0.86339
-0.87262
-0.98477
-0.93491
-1.0238
-1.1064
-1.0485
-1.0143
-1.0114
-1.0453
-1.0666
-1.025
-1.1569
-1.2375
-1.2006
-1.2423
-1.3658
-1.4484
-1.5224
-1.5149
-1.4333
-1.3423
-1.4109
-1.4664
-1.4859
-1.5363
-1.5575
-1.6346
-1.7469
-1.8903
-2.0136
-1.7601
-1.7159
-1.624
-1.5856
-1.6538
-1.616
-1.5675
-1.2804
-1.2972
-1.3315
-1.4358
-1.3673
-1.3529
-1.475
-1.528
-1.4461
-1.4184
-1.3066
-1.323
-1.2209
-1.2436
-1.3523
-1.4392
-1.4281
-1.5379
-1.5588
-1.4578
-1.4654
-1.4597
-1.4229
-1.4869
-1.5349
-1.6783
-1.6469
-1.573
-1.5033
-1.5838
-1.7603
-1.818
-1.8231
-1.7424
-1.8964
-1.8354
-1.8873
-1.8689
-1.5234
-1.524
-1.4574
-1.5269
-1.631
-1.6471
-1.7943
-1.7551
-1.7026
-1.4872
-1.452
-1.4059
-1.4697
-1.5287
-1.4108
-1.377
-1.4894
-1.5984
-1.7147
-1.5419
-1.5736
-1.4803
-1.4825
-1.3804
-1.3366
-1.3507
-1.1551
-1.0897
-1.0797
-1.0872
-1.1644
-1.1905
-1.0864
-0.95171
-0.98358
-0.97809
-0.91102
-0.78184
-0.93393
-1.046
-0.98841
-1.0852
-1.1054
-1.0141
-1.0151
-0.95889
-1.0268
-0.96294
-1.0001
-0.96493
-0.94482
-0.86034
-0.88122
-0.99091
-0.95797
-1.0246
-1.0695
-0.994
-1.073
-1.088
-1.0376
-1.0126
-1.0051
-1.1528
-1.2607
-1.1494
-1.1089
-1.1344
-1.126
-1.0472
-1.019
-0.97683
-0.91012
-0.93456
-0.89047
-0.88729
-0.81297
-0.82111
-0.82319
-0.76444
-0.77973
-0.76605
-0.79525
-0.85726
-0.90685
-0.883
-0.90501
-0.90409
-0.94143
-1.0781
-1.0366
-1.0939
-1.162
-1.1746
-1.263
-1.1714
-1.2563
-1.2994
-1.3612
-1.3558
-1.4311
-1.4247
-1.3996
-1.3317
-1.256
-1.3219
-1.4444
-1.5625
-1.6054
-1.6853
-1.6429
-1.6072
-1.6005
-1.6399
-1.6703
-1.5448
-1.5227
-1.5297
-1.5032
-1.4455
-1.1529
-1.3086
-1.2894
-1.256
-1.3403
-1.2094
-1.0954
-1.0502
-1.057
-1.162
-1.1552
-1.247
-1.2648
-1.3014
-1.2688
-1.2325
-1.3737
-1.3318
-1.2795
-1.3071
-1.2256
-1.2536
-1.3927
-1.4646
-1.4473
-1.3519
-1.3661
-1.2704
-1.3745
-1.4396
-1.4527
-1.4628
-1.2029
-1.2113
-1.1025
-1.1871
-1.1799
-1.1847
-1.1309
-1.1114
-1.0945
-1.1755
-1.1948
-1.2036
-1.2298
-1.153
-1.0784
-1.193
-1.2165
-1.1285
-1.2522
-1.1201
-1.1245
-1.1923
-1.1673
-1.2039
-1.1993
-1.1591
-1.2797
-1.4027
-1.3598
-1.256
-1.309
-1.4595
-1.3266
-1.4978
-1.4519
-1.5601
-1.5488
-1.608
-1.7316
-1.834
-1.9712
-1.8894
-1.8544
-1.8437
-1.9429
-2.061
-1.9929
-2.2953
-2.3513
-2.3879
-2.2441
-2.1811
-2.3217
-2.2398
-2.3026
-2.069
-2.0092
-1.9742
-2.0438
-2.0664
-2.0836
-2.0913
-1.9176
-1.7589
-1.7446
-1.7182
-1.7583
-1.8536
-1.7393
-1.7117
-1.4535
-1.3732
-1.3933
-1.3551
-1.3965
-1.3119
-1.1719
-1.0152
-1.0677
-1.0503
-1.0648
-0.96335
-0.97456
-0.99158
-0.89356
-0.95148
-0.94498
-0.90936
-0.77221
-0.81014
-0.8666
-0.90297
-0.89455
-0.86261
-0.92757
-0.91644
-0.93436
-0.92339
-0.974
-0.99498
-1.0966
-1.1406
-1.1264
-1.2271
-1.2789
-1.3153
-1.2468
-1.2316
-1.2035
-1.2469
-1.1119
-1.1529
-1.0984
-1.2352
-1.098
-1.2005
-1.2237
-1.1945
-1.1768
-1.1864
-1.2675
-1.3788
-1.5146
-1.4328
-1.463
-1.494
-1.4349
-1.4465
-1.53
-1.4278
-1.6595
-1.6818
-1.8145
-1.5966
-1.4778
-1.4115
-1.3756
-1.3422
-1.3514
-1.3491
-1.262
-1.1872
-1.2663
-1.1825
-1.1371
-1.116
-1.1238
-1.1556
-1.24
-1.3371
-1.311
-1.2749
-1.2943
-1.2052
-1.1668
-1.0472
-0.97011
-0.97071
-0.93682
-0.87215
-0.94726
-1.0451
-0.99854
-1.0061
-1.071
-1.0587
-1.1459
-1.1604
-1.265
-1.216
-1.1531
-1.0143
-1.1313
-1.1296
-1.0138
-1.026
-1.0175
-1.059
-0.97916
-0.95835
-0.94993
-0.96752
-0.98154
-0.96794
-1.0169
-1.0441
-1.09
-1.1141
-1.1053
-1.164
-1.1394
-1.0705
-1.1074
-1.1419
-1.1913
-1.3279
-1.5085
-1.6235
-1.6272
-1.6988
-1.6071
-1.6511
-1.6614
-1.657
-1.5631
-1.6226
-1.6249
-1.5918
-1.6842
-1.6157
-1.4927
-1.4483
-1.4119
-1.4263
-1.5476
-1.3994
-1.38
-1.2945
-1.3486
-1.3259
-1.2771
-1.2687
-1.1788
-1.2504
-1.3524
-1.3801
-1.2746
-1.1802
-1.1959
-1.1659
-1.1698
-1.2114
-1.168
-1.3143
-1.2712
-1.2609
-1.1802
-1.1706
-1.1853
-1.269
-1.3456
-1.2844
-1.3025
-1.2761
-1.3163
-1.4386
-1.507
-1.5223
-1.5404
-1.5317
-1.5905
-1.5671
-1.7095
-1.6504
-1.5617
-1.5426
-1.6343
-1.7816
-1.8237
-1.9107
-1.9079
-1.8811
-1.863
-1.9058
-1.9858
-1.8815
-2.0101
