1
0.82
1.0854
0.8965
0.59065
0.29662
0.56074
0.35288
0.54729
0.23089
0.18651
0.20041
0.59981
0.99385
1.008
0.98362
0.78039
0.73912
0.95422
0.7504
0.45977
0.44903
0.9311
0.96909
0.73264
0.27908
0.63766
0.71486
0.53849
0.57393
0.43204
0.10372
0.33982
0.47088
0.047758
0.056163
0.41765
0.30065
0.96078
0.88446
0.58191
0.7968
0.58649
0.92621
0.51474
0.91079
0.7114
0.80574
1.3408
1.0995
0.94416
0.76953
1.5458
1.2932
1.1145
1.0058
0.84776
0.83265
0.12982
0.069993
0.79941
0.36653
0.44196
0.25243
0.38807
1.0134
0.82699
0.17761
0.12437
0.16246
0.08238
1.8396
2.5712
4.3458
4.5661
5.0579
6.0619
5.5438
4.5481
3.7305
3.5657
2.9239
2.902
2.4845
2.7235
2.384
2.0109
1.7681
2.3272
1.9257
1.6762
1.413
1.1606
1.1263
0.85423
0.7931
1.0692
1.2579
1.0356
1.1604
1.2321
2.7073
2.4695
2.3819
2.191
2.2139
1.9069
1.6231
1.5754
1.2916
1.2295
1.5105
1.4783
1.3212
1.1019
1.3434
1.0896
1.0902
0.99489
1.1878
0.98365
0.646
0.40151
0.67045
0.79261
0.98987
1.002
0.73523
0.78386
0.59698
0.5077
0.78535
0.64313
0.47735
0.21933
0.26381
0.32036
0.64237
1.6194
2.0972
1.8885
1.9204
2.2892
1.8766
1.9509
1.8034
2.6325
2.3087
2.8053
2.8544
2.3476
1.9376
1.9601
1.6755
1.3688
1.8418
1.9721
1.6326
1.4346
1.2906
1.4952
1.2498
1.0425
0.99678
0.78153
0.62052
0.67024
0.53995
1.0069
1.168
0.99159
0.92318
0.65751
0.47177
1.0019
0.83993
1.2311
1.0099
0.85005
0.73702
0.21261
0.070224
0.76778
0.22224
0.50678
0.16089
0.11971
0.84265
0.35195
0.89936
0.90781
0.86263
0.6736
1.3177
1.3362
1.2616
0.99042
0.7646
0.76253
1.4435
1.1866
0.91542
0.71942
0.58298
1.348
1.3511
1.1222
0.85627
0.69672
0.37324
0.30672
0.3104
0.22468
0.40345
0.16632
0.26214
0.11953
0.19625
0.083811
0.10037
1.7821
1.4693
1.204
0.96031
0.79553
0.93012
0.38251
0.52639
0.63447
0.48623
1.1099
0.90777
0.38659
0.58656
0.7739
0.17003
0.77674
1.0771
0.90437
0.46089
0.85238
1.2198
1.0525
0.80566
0.82545
0.73999
0.78592
0.65281
0.85252
0.34438
1.1012
0.92897
0.71287
0.23272
0.41285
0.46515
0.4918
0.43036
0.17122
1.1494
0.95628
0.9025
0.4931
0.49321
1.3521
1.2362
1.7085
1.8324
2.9043
2.7398
2.4016
2.5204
2.1395
1.977
1.6821
1.5306
1.4782
1.3481
1.4361
1.2467
1.0005
1.3176
1.4398
1.2214
0.97302
0.89318
0.71209
0.96076
0.56767
0.43435
0.96605
0.60354
0.9634
1.0347
0.81744
0.56481
0.86266
0.89813
0.63245
0.66322
0.36012
0.98334
0.80639
0.47571
0.1528
0.30909
0.67216
1.1717
0.96156
0.64343
0.15757
0.4255
0.29269
0.29591
0.41785
0.11717
0.11753
0.21793
0.8556
0.98883
0.72459
1.3859
1.2121
0.96377
1.005
0.91694
0.75356
0.88074
0.80893
0.69828
0.84003
0.74258
1.1486
0.94561
1.0329
1.1477
0.86254
0.9439
1.1867
1.129
1.009
0.85418
0.47652
0.23648
1.0876
0.8574
1.6742
1.5725
1.676
1.3786
1.6081
1.3008
1.421
1.1465
1.0029
0.94473
1.0146
0.95864
1.1128
0.89551
0.65359
0.54141
1.1491
1.4756
1.4995
1.8248
1.6421
1.4569
1.3064
1.0214
0.81453
1.193
1.1846
1.0223
0.73048
1.1354
1.3921
1.1483
0.92953
0.77833
1.0936
0.92192
1.0536
0.86392
0.31463
0.24178
0.11137
0.23241
0.074397
1.1581
0.9575
0.61289
0.27689
1.2346
1.0009
0.83362
1.1483
0.97625
0.58042
0.58377
0.42184
0.42496
0.91178
0.90445
0.96272
0.78537
0.89271
0.52577
0.22743
0.58776
0.34507
1.089
0.96537
1.206
1.046
1.0474
0.89783
0.44728
1.4579
1.2579
1.197
0.99626
0.85262
0.97386
0.89122
0.64163
0.91828
0.69968
0.47163
0.070564
0.35341
0.22846
0.061135
0.78557
0.78609
0.8455
0.71201
0.11507
0.18903
0.98883
0.89192
0.39449
0.12705
0.59633
0.57196
0.41809
0.3354
0.47129
0.067845
0.87519
0.27708
0.16894
0.077432
0.69443
0.04619
0.23235
0.38081
0.45892
0.75698
0.52997
0.63344
0.53058
0.60213
0.059534
0.27968
0.8937
0.36978
0.59374
0.78506
0.30757
0.84964
0.92667
0.69719
0.21978
0.43421
0.63118
1.208
1.1105
0.97138
0.78544
0.52531
1.8686
1.8832
1.9998
2.0207
2.3443
1.9247
1.583
1.4008
1.3148
1.2787
1.1363
1.0826
1.2229
1.0233
1.53
1.5777
1.3126
1.1158
1.2094
1.0482
0.79533
0.96952
0.47309
0.73558
0.94953
0.59184
0.85269
0.35027
0.15914
0.14433
0.34342
0.26831
0.10368
0.51503
1.2469
1.1229
0.90025
0.68111
0.6933
0.53884
0.40642
0.34434
0.45746
0.56008
0.85154
0.46471
0.48549
1.2335
1.019
0.79018
0.77799
0.97265
1.0017
0.90361
0.81343
0.86707
0.87704
0.92259
0.64046
0.38234
0.85011
0.69504
0.13748
0.099226
1.7339
1.6408
1.514
1.8579
2.1413
1.749
1.4156
1.2637
1.035
1.163
1.0954
1.0729
0.76612
0.99754
0.96224
1.2913
1.9766
2.5037
2.9777
2.6312
2.8667
3.1577
2.792
4.8046
3.944
5.1059
5.6237
6.4379
6.6663
6.0429
4.9561
4.1961
3.9055
3.8014
3.1767
2.7054
2.4036
2.6732
4.1728
5.3615
4.5092
7.351
6.199
10.677
11.062
10.943
9.9552
8.4433
6.9443
5.7618
5.2974
4.9956
5.7609
6.3378
7.1114
6.0642
5.0661
4.5186
3.9623
3.9414
4.3074
3.9109
4.7818
3.9251
3.7845
3.1395
3.1544
2.6649
2.3421
2.4475
2.0855
2.8585
3.426
2.8489
2.3869
2.3573
3.5174
3.6562
3.1893
2.7309
2.3964
2.5315
2.1699
1.8943
2.5702
2.1798
1.9181
2.2799
2.4639
2.1735
3.1751
4.2871
3.8874
3.8058
4.3566
3.6663
3.0435
3.5351
4.181
4.6954
7.358
7.8664
6.8731
5.6619
5.8892
5.1862
4.9913
4.5448
4.9645
5.683
4.7718
3.9132
3.217
2.7264
3.1453
2.6217
4.6564
3.8551
3.1971
2.8493
2.7616
3.0075
2.4678
2.1893
1.8446
1.5488
1.886
1.5884
1.4185
1.4533
1.969
1.8093
1.505
1.3284
1.4385
1.2291
1.3281
1.1138
1.0219
1.1414
1.0412
0.85046
0.72727
0.58813
0.52037
1.0408
0.78676
1.1103
0.90841
0.95362
0.74889
1.1546
1.0218
1.3331
1.6204
1.8111
1.4744
1.3064
1.042
1.4887
1.3055
1.1324
0.98506
1.3713
1.1377
1.4265
1.2969
1.5381
1.2694
1.0867
0.86035
0.56783
0.46551
0.40006
0.4406
0.3758
0.38398
0.46441
0.5738
0.69367
1.0245
0.81301
0.73845
0.55876
0.20024
0.6257
0.48224
0.75239
0.6801
0.76777
1.2652
1.0473
1.0361
0.71091
1.197
1.4209
1.2691
1.0368
0.9047
1.4743
1.3069
1.1302
0.91652
1.4798
1.2657
0.98338
0.79425
1.3535
1.1029
1.2359
0.99402
1.2277
1.0248
1.2427
1.0175
0.96029
0.60931
0.83559
0.65932
0.55241
0.22047
1.2424
1.1307
0.90594
1.1044
1.3997
1.1477
1.0287
0.80089
0.34615
0.2295
0.35375
0.29505
0.14677
0.26927
0.62913
1.8141
1.5055
1.2962
1.0625
0.77732
0.48201
0.7522
0.71521
0.70309
1.1029
0.84043
0.65356
0.35027
0.91927
0.81257
0.67013
0.27478
0.53455
0.28823
0.78048
0.39458
0.19543
0.23982
0.15115
0.69052
0.18403
0.43167
0.22165
1.1471
1.1095
0.82559
0.6239
0.61564
1.4913
1.3214
1.075
1.217
1.0713
1.0353
1.1384
0.96961
0.76087
0.44394
0.38815
0.53324
0.32469
0.72468
0.33682
0.21757
1.0784
0.8231
0.48474
1.4045
1.3717
1.5263
1.47
1.6452
1.4256
1.1478
0.89768
0.72675
1.5287
1.2238
1.0551
1.9367
1.6578
1.3443
1.5223
1.8035
1.8725
1.6087
1.3074
1.3999
2.8294
2.3576
1.9338
2.8524
2.3874
2.0126
1.7277
1.5412
1.2597
1.0171
1.4886
1.3072
1.5487
1.2723
1.4685
1.8481
1.8227
1.7563
1.4421
3.4259
3.3818
3.527
6.3613
9.4892
7.7814
10.606
8.9422
8.3025
6.8081
6.5466
6.8583
5.9243
8.0055
7.5419
7.2135
9.3841
7.7518
7.4385
7.7234
6.4635
6.3301
6.9657
6.0447
5.0304
5.2361
5.0907
4.2989
3.8491
3.1603
2.6232
2.1586
2.1324
1.9691
1.8907
2.06
1.9951
3.1067
2.8791
2.6411
2.45
2.1921
1.9992
1.7938
1.4952
1.6591
1.9587
2.569
2.2636
2.3003
3.0142
2.8181
2.9264
2.3981
2.7511
2.2902
1.9836
1.6928
1.3938
1.8412
1.5072
2.2165
2.0211
2.1534
1.9626
1.6725
1.5501
1.3238
1.2683
1.5683
1.456
1.5336
2.0381
1.6742
2.2104
2.2009
2.5818
2.7192
2.4652
2.9785
2.9561
2.4263
2.0334
2.8164
2.7538
3.1182
2.8432
2.3536
2.3418
1.9346
1.8156
1.52
1.3464
1.149
1.5513
1.8099
1.5837
1.7603
1.5933
1.3786
1.5089
1.2248
0.9694
1.3083
1.7291
1.6596
1.3941
1.1415
1.3275
1.0623
1.1512
0.93258
1.32
1.6354
1.3639
1.2977
1.1978
0.99513
0.82445
0.96482
1.3416
1.2312
1.1077
0.86567
0.59168
0.57754
0.64471
0.46061
1.3155
2.739
3.6907
3.6468
3.0552
2.5075
2.3625
2.1181
2.2747
2.1218
1.8518
1.7982
1.748
1.6417
1.535
1.2804
1.2757
1.099
1.0769
1.97
1.6545
1.3998
1.2425
0.96627
0.81024
0.66492
0.63607
1.3681
1.2519
1.0583
1.0163
0.692
0.41202
0.96886
1.0172
0.81859
0.52789
1.5619
1.5207
1.3348
1.0503
1.1036
1.0406
1.0795
0.91917
0.92939
1.3267
1.349
1.1052
0.9674
1.0793
1.1979
1.3603
1.1899
1.2072
1.1855
0.9618
0.79281
1.3715
1.1354
0.862
1.9967
1.6404
1.3439
1.3981
1.1477
0.91773
0.67415
0.4512
0.5182
0.49139
0.49337
0.30163
0.4954
1.0112
0.81154
0.54271
0.19743
0.53912
0.41973
0.68347
0.35653
0.20074
0.76157
1.0248
0.92262
0.84385
0.76704
0.32951
0.087009
0.69808
0.24188
1.0693
1.0126
1.1485
0.92326
0.63134
0.46575
0.50781
0.55511
0.74642
1.2398
1.008
0.77832
0.83254
0.66399
0.75207
0.75391
0.85487
0.91259
0.71065
1.3697
1.1254
0.94604
0.76581
1.1352
0.93263
0.74672
0.34584
0.06918
1.1968
1.123
1.0074
0.67422
1.0068
0.79565
1.0674
0.89546
1.4828
1.3414
1.1775
1.0714
0.78778
0.74943
0.4617
0.46672
0.446
1.1264
0.9323
0.84841
0.78613
1.0697
0.9179
0.54536
0.4789
0.37649
0.50537
0.82794
0.52392
0.44181
0.35601
0.94613
0.67162
1.0943
0.97509
0.75892
0.46999
0.1611
0.61653
0.76427
0.67529
0.42358
0.43085
0.5398
0.32741
0.70785
0.60664
1.1531
1.0445
0.81621
0.72673
0.77788
0.7676
1.48
1.2888
1.2805
1.0085
0.82847
0.83579
0.63845
0.77991
0.6778
0.41006
0.83039
0.51201
0.72501
0.91919
1.3509
1.1768
0.96491
0.57056
1.1054
0.91088
1.2995
1.06
0.821
0.83295
1.1843
0.96925
1.0722
0.8143
0.54138
0.38279
0.48054
0.36404
0.75862
0.44731
0.75902
0.35138
1.4699
1.1917
0.97264
0.69236
0.69195
0.8965
1.1248
0.94617
0.647
0.40156
0.59572
0.17675
0.4608
0.20541
0.14981
0.4465
1.5062
1.2352
1.0615
0.87193
0.68325
1.2762
1.1115
0.85984
1.4338
1.8381
1.8704
2.0457
1.9536
1.6237
1.5769
2.5642
2.3656
3.1659
3.1322
3.5398
4.2425
3.8066
3.4981
2.9165
3.1263
2.8965
2.9329
2.4207
2.3903
1.9608
1.6743
1.4803
1.2364
1.0167
0.84474
0.71793
1.2339
0.99191
0.92364
0.77582
0.65391
0.97257
0.75495
0.97527
0.88311
0.98904
0.71804
0.3876
0.46105
0.47654
0.25398
0.19829
0.45374
0.17519
0.27731
0.62923
0.82388
0.71968
0.34316
0.53394
0.16089
0.86741
0.61315
0.77958
0.75927
0.99542
0.73544
0.63607
0.82219
0.74709
0.67079
0.39093
0.92717
0.67474
0.12109
0.90978
0.97905
0.91943
0.90982
1.1415
0.94498
0.69831
1.15
0.94585
0.49226
0.77226
0.9163
0.52247
0.44221
1.2045
0.98762
0.66929
0.17615
0.31246
0.17872
0.25554
0.092723
0.87184
0.29134
0.63359
1.1548
0.96881
0.90985
0.14898
0.91001
0.47982
0.26479
0.25147
0.83945
1.0052
0.87305
0.67755
0.72529
0.82534
0.49667
1.3722
1.5594
1.8485
1.5609
1.4434
1.1777
2.0945
2.2738
1.8977
1.9328
1.7564
1.8144
2.5567
2.5422
2.978
2.458
2.0572
2.3389
2.4098
2.7256
2.2429
2.5581
3.5391
3.6969
4.1037
3.5386
3.1633
2.813
2.6048
2.9677
3.5353
3.9658
5.364
4.4432
4.6832
4.369
5.2198
5.663
6.1033
5.6348
6.7557
9.1297
9.0046
7.8347
6.4926
5.7888
6.2953
6.5674
6.1242
5.0217
4.2637
3.9581
3.6051
3.0258
2.4776
3.7467
3.083
2.7968
2.2909
2.5915
2.5277
3.2291
2.8403
4.5535
3.795
3.2366
2.7088
5.2953
5.2689
4.325
3.5501
3.9553
5.4132
4.525
3.7759
3.1015
5.0654
6.2518
6.2702
5.3309
4.5224
6.4231
5.435
5.1272
7.1152
8.3673
8.7071
7.1434
5.8994
4.8414
4.4389
4.8727
4.0054
3.3833
3.8232
4.1466
3.9241
4.033
3.8331
3.1844
2.8282
2.3228
2.3948
2.3854
2.089
1.7061
1.4009
1.2039
1.3304
1.1183
1.7167
2.0914
1.7408
1.4076
1.2533
1.5157
1.3183
1.7353
1.4065
1.389
1.15
1.1004
0.89955
1.0373
0.86257
0.99598
1.0074
0.72723
0.60765
0.5059
0.48437
1.1623
0.91863
1.0009
0.81017
1.3561
1.188
1.1263
1.5364
1.2928
1.0546
1.2456
2.1559
2.0997
1.9413
1.8419
1.5259
2.026
1.9304
1.6124
1.3558
1.1695
1.9604
1.842
2.8908
2.8442
3.2532
4.6016
4.2541
3.6783
3.017
3.4429
3.1875
2.6663
2.6827
2.1964
2.2047
1.9063
1.6921
1.612
1.3806
1.2355
0.99645
0.85316
0.68377
1.1918
1.301
1.156
0.872
0.67345
1.0641
0.81873
0.77592
0.66172
0.86594
1.3562
1.1125
1.0444
0.83618
0.92175
0.82836
0.88869
0.65097
1.3052
1.0737
1.0036
0.61911
0.71379
0.5377
0.73792
0.2929
0.4114
1.015
1.0317
0.76276
0.72612
0.63278
0.62039
0.25133
0.10351
0.85448
0.32055
0.71705
0.32466
0.14639
0.44252
0.095123
0.25564
0.73869
0.9193
0.59239
0.037154
0.14669
0.11608
0.31224
0.49705
0.54742
0.579
0.22451
0.20221
0.0519
0.39455
0.8506
0.41243
0.46878
0.43393
0.20182
0.45822
0.1354
0.75842
0.072361
0.50608
1.2671
1.0941
0.79778
1.2634
1.0178
0.79462
0.52022
1.6352
1.5568
1.2632
1.0487
1.1766
0.93788
0.75897
0.68241
0.56594
0.45837
0.97817
0.76806
0.43895
0.35808
0.54979
0.55726
0.27803
0.26908
0.78775
0.76999
0.31002
0.2348
0.81218
0.78498
0.80119
1.1333
1.0493
0.77291
0.69577
0.49916
0.47715
1.6237
1.3441
1.0975
0.92248
0.6912
0.32557
0.31344
1.197
1.0434
1.2028
0.92454
1.4965
1.3889
1.2717
1.331
1.0682
1.2144
1.0654
0.86763
0.70837
0.41431
0.43386
1.1721
0.97483
0.88646
0.85154
1.0473
0.88286
0.81927
0.22443
0.74876
0.60409
0.19158
0.43372
0.63265
0.86295
0.69929
0.74181
0.98404
0.6834
0.12365
0.34991
0.34225
0.33296
0.67601
0.4911
0.39882
1.0386
0.86918
0.80163
0.92081
0.90764
0.77883
1.3386
1.1608
1.5642
1.3249
1.5136
1.9709
1.6483
1.3829
1.1466
1.2086
1.4685
1.5273
1.2478
1.0175
0.84989
0.7091
0.63284
0.94113
0.77867
1.1973
0.98689
0.91237
0.93216
0.79364
1.0504
0.97462
1.4172
1.6534
1.691
1.5351
1.4017
1.1218
1.2441
1.2005
1.2479
1.011
1.0664
0.80899
1.2093
1.3674
1.1259
1.2633
1.014
0.82084
0.68322
0.54386
0.44653
0.50958
0.9508
0.98697
0.78053
0.53601
0.44406
0.56776
0.6649
0.86544
0.6306
0.55851
0.42364
0.34963
0.60859
0.37441
1.4496
1.2524
0.98734
0.77064
1.4397
1.4233
1.4793
1.2135
0.99935
1.0593
0.82519
1.0682
0.91124
1.0506
1.0917
0.90094
0.77428
1.1175
0.93423
0.68359
0.56401
0.95487
1.0274
0.86659
0.72511
0.64905
0.27232
0.011995
0.2636
0.34266
1.167
0.95697
0.82496
1.3019
2.2116
2.7884
2.36
3.1807
2.6393
2.6978
2.8555
2.6354
3.6884
3.4392
3.5216
2.9114
2.9859
2.4556
2.0132
1.6404
1.9197
1.8268
1.8849
1.5627
2.0267
1.6962
1.533
1.3361
1.1032
1.7
2.4404
2.0676
1.7518
1.5719
1.293
1.239
0.97003
1.2709
1.1043
0.82881
0.8438
0.76385
0.4992
0.17318
0.18919
0.58752
1.5883
1.5383
1.2653
1.335
1.0923
1.003
0.96625
0.75545
0.55643
0.41067
0.57576
0.45338
1.2547
1.0285
0.85006
0.74265
0.14327
0.45263
0.74966
0.12368
0.37461
0.94439
1.1115
0.91089
1.0264
0.87081
0.50152
0.41726
0.29211
0.44219
0.75039
1.186
1.1918
1.6383
1.3756
1.2174
1.2589
1.3083
1.186
1.1462
0.92366
0.76289
0.73467
0.59458
0.57404
0.67384
0.54542
1.101
0.98153
0.85659
0.37607
0.38948
0.212
1.2842
1.1898
1.0882
1.3615
1.186
0.93862
0.93699
0.84567
1.8931
1.7717
3.9301
4.0191
3.979
3.3066
2.8045
2.3066
1.8908
2.3423
1.9172
1.7341
1.9406
1.934
2.6902
2.2323
2.7975
2.5014
2.9964
3.1439
2.8677
2.5452
2.1059
1.7243
2.5254
2.3316
1.912
2.4311
2.1714
2.4524
2.6462
2.8535
2.4727
3.6798
3.0277
2.5564
2.5232
2.6579
2.6506
4.4708
3.7193
3.6967
3.0424
2.9596
2.5171
2.0847
2.207
1.8357
1.7193
1.5452
1.3105
1.0402
1.996
1.7121
1.4747
1.2124
1.4021
1.1715
1.7045
1.4867
1.1884
0.97792
0.74812
0.60701
0.50052
1.035
0.7702
0.63908
0.94548
0.94507
0.69477
0.40515
0.55019
0.97352
0.78206
0.29919
0.43524
0.23259
1.404
1.1488
0.86471
0.59205
1.4413
1.3185
2.5058
2.4914
2.1671
1.8937
2.3694
2.1061
2.0153
2.1768
1.778
1.6112
1.3338
1.4235
2.0666
2.3892
1.9596
1.6129
1.3768
1.1181
0.89699
0.95564
0.65853
0.62925
0.25351
0.33244
0.26307
0.59162
0.70998
0.25476
0.098091
0.42935
0.59085
0.45085
0.54966
0.88943
0.86714
0.78962
0.95343
0.76661
0.78731
0.18695
0.17205
0.54769
0.75756
1.092
0.9817
1.5977
1.8445
3.5173
3.0671
2.7805
2.6085
2.3176
1.9134
1.8987
1.791
1.4895
1.3649
1.1336
1.0053
1.1362
1.3633
1.2159
1.2199
1.548
1.2546
1.1
1.2944
2.0795
1.7054
1.984
1.7005
1.5126
1.3187
1.204
1.1563
0.87501
0.95287
0.62027
0.48846
0.94348
1.1615
0.95575
0.71778
0.6357
0.31582
0.28888
0.15575
0.32745
0.18074
0.71156
0.49156
0.94713
0.47485
0.32642
0.88497
1.086
1.088
0.92946
1.2343
1.6055
1.3178
1.2186
1.3536
1.8625
1.7346
1.5719
1.5234
1.2204
1.1736
0.93602
0.96759
0.97701
0.73546
0.65396
0.51832
1.2877
1.0137
0.92498
0.66359
0.54276
0.46196
0.80874
0.5351
0.60038
0.45226
0.24854
0.29362
0.59109
0.48838
0.72273
0.63917
0.69241
0.40999
0.60599
1.4011
1.3225
1.1992
1.49
1.2704
1.1522
1.3039
1.0552
1.0982
1.1891
0.90637
0.63894
1.2216
0.96917
1.2787
1.211
1.0878
1.0362
0.77969
0.971
0.92321
0.75454
0.33934
0.27645
0.12513
0.33847
0.11828
0.95766
0.95177
0.87804
0.27913
0.46689
0.63201
0.47386
0.61664
0.95221
0.86874
0.473
1.1147
0.91412
0.63196
0.9875
0.85917
0.87751
0.84626
0.15672
0.15719
0.77279
0.48502
0.98779
0.80505
0.054601
0.19005
0.31204
0.94116
0.88705
0.97577
0.53975
0.28196
0.29555
1.2128
1.1248
1.1818
1.3248
1.0433
1.2063
0.99091
0.80773
0.2793
0.38607
0.45611
1.6722
1.8776
2.4421
2.0059
1.6949
1.466
1.2253
2.7594
2.6039
2.2157
1.8763
2.1114
2.847
3.7353
3.0767
2.52
2.2237
1.86
1.7149
1.7315
1.4495
1.7429
1.7027
1.5991
1.3217
1.0806
1.9273
2.0209
1.8712
2.0982
1.8544
1.5102
1.8291
2.0718
2.0024
1.7623
1.6945
1.8143
1.6148
1.4666
1.2932
1.1017
1.2916
1.3779
1.174
0.88816
1.4017
1.4962
1.3221
1.1625
1.3553
1.0989
1.0991
0.97086
0.78902
0.70258
0.84721
0.6424
0.14892
0.35021
0.62745
0.96516
0.66064
0.25779
0.53402
0.60019
0.10467
0.49984
0.076092
1.1731
1.0454
0.83266
1.0296
0.8006
0.72031
0.28844
0.62134
0.18165
0.1732
0.4614
0.66538
0.34162
0.19916
0.43016
0.12812
0.69714
0.61482
0.52311
0.66774
0.52244
0.11277
0.047519
0.068141
0.75318
0.5823
0.26785
0.35859
0.50015
0.26544
0.046398
0.64738
0.76868
0.49154
0.64051
0.4921
1.0088
0.82716
1.0355
0.8662
0.82054
0.24063
0.1562
0.44583
0.25834
0.13221
0.11855
0.79239
0.65374
1.0246
0.88956
0.45628
0.71274
0.7192
0.45403
0.27598
0.20776
0.44876
0.65376
0.27738
0.81531
0.55294
0.4407
0.12
0.57853
0.10692
0.84375
0.89347
0.59148
0.12853
0.10639
0.48308
0.11883
0.32948
0.050311
0.24123
0.62407
0.36916
1.2341
1.1004
0.9716
0.88935
0.52035
0.22502
1.1428
0.90028
0.72429
0.70152
2.427
2.3203
2.1406
2.3604
2.1348
1.7431
1.4645
1.606
1.7032
1.55
1.348
1.1285
0.92652
1.353
1.5297
1.4
1.2003
0.95344
0.96674
0.88056
1.1003
0.92897
0.96912
0.89453
1.0048
0.81878
0.97095
1.0139
0.85029
0.96148
0.96139
0.90657
1.2895
1.3552
1.1853
0.98581
1.6085
1.3095
2.0152
1.9304
2.3016
2.2647
2.5306
3.0176
2.5903
2.2851
1.9121
1.5567
1.4118
1.7433
1.9483
2.5096
2.06
2.2462
2.513
3.6498
3.2069
2.7655
2.8428
4.2281
3.4955
2.9906
4.1395
3.7569
3.6278
3.8195
3.1869
3.2017
3.0029
4.9402
5.8628
4.9489
4.2785
3.5101
3.0317
2.511
2.23
2.2081
2.453
2.6478
3.3741
4.5202
4.3162
3.6979
3.6187
3.3286
3.0965
2.6997
3.6447
3.3608
2.9113
2.6667
2.3303
2.588
3.137
2.8077
2.3031
3.1973
3.4201
2.877
2.4347
2.3921
1.9624
1.8013
1.618
2.0244
1.8717
1.536
1.8527
1.5414
1.4342
1.2454
1.6913
1.75
1.4483
1.2143
2.0411
2.2632
2.0123
2.6447
2.4904
2.2438
1.9791
1.6816
1.5456
1.7585
2.0001
1.6321
2.1333
2.7671
2.7735
2.4366
2.1216
1.7396
2.5357
2.1376
1.8952
2.7212
2.2294
2.7888
2.3153
2.1938
1.8128
1.4834
1.2073
0.99264
0.88759
0.91487
1.4459
1.4103
1.1766
1.2045
0.95262
0.95118
0.64736
0.86848
0.87211
1.1868
1.0023
0.93963
0.82722
0.45291
0.19661
0.5824
0.86576
0.74467
0.66561
0.93672
0.82777
0.90485
1.219
1.2116
0.97893
1.9218
1.8074
1.5266
1.2253
1.2345
1.5041
2.2501
2.5553
2.0953
2.033
1.6769
1.3693
1.0921
0.82665
1.2494
0.9827
1.314
1.0876
1.3503
1.2305
1.0032
1.086
0.9815
1.0584
0.8237
1.1385
0.93474
1.027
0.98685
0.94684
0.42148
0.26639
0.67713
0.76872
0.5019
0.99436
0.81128
0.57122
0.69165
0.20064
0.30654
0.1241
0.071955
0.16869
0.022189
1.4629
1.2297
1.0117
0.96382
0.89382
0.7537
0.56533
0.8441
0.74802
0.74346
0.82739
0.45647
0.13485
0.35425
0.72492
0.44079
0.2267
0.87885
1.243
1.3131
1.9001
1.5588
1.7303
1.8897
1.5644
1.4611
1.2959
1.3296
1.0958
0.82388
0.52352
0.37841
0.39615
0.6222
0.75816
0.51432
0.41035
0.30887
0.50462
0.1163
1.4399
1.1802
0.93162
0.95056
0.75924
1.1254
0.92646
0.76328
0.53168
1.5429
1.2652
1.0521
0.85787
0.68111
0.80069
0.17947
0.52714
0.28756
0.92593
0.54672
0.98349
0.5746
0.43342
0.47982
0.42588
0.39598
0.5272
0.33402
1.0948
0.95486
1.0395
0.79813
0.96531
0.63795
0.6796
0.96708
0.82331
0.96856
0.61699
1.1514
0.95559
0.61814
1.3818
1.1403
1.0063
0.93462
0.7978
0.41175
0.30142
0.93662
0.85275
0.94261
0.55208
0.025675
0.65611
0.83745
0.45963
0.51105
0.043675
0.39165
0.70311
0.89671
1.1173
0.99151
0.68349
0.53561
0.37896
0.94799
0.66241
0.82261
0.80368
1.239
1.2957
1.0801
0.9054
0.95893
0.78171
0.57176
0.35494
0.15247
0.05426
1.1082
0.94961
0.95547
0.83106
0.34843
0.029901
1.8583
1.7714
1.4506
2.1561
1.7713
1.6869
1.5721
1.4646
1.2051
0.94308
1.2918
1.1638
1.3818
1.1448
0.94397
1.0564
0.823
1.0789
1.0077
1.0344
1.0888
0.94861
0.56671
0.4564
0.40375
1.1394
0.88075
0.60583
1.6108
1.3276
1.1134
0.83518
1.0485
1.0399
1.0216
0.78037
0.98332
0.57875
0.47147
1.078
1.4756
1.2958
1.0392
1.1584
1.4179
1.3995
1.2571
1.0665
0.9536
0.81132
0.73409
0.74287
0.25221
0.28752
0.32091
0.27301
0.13201
0.46903
0.14273
0.83208
0.59139
0.084684
0.15957
0.77462
0.71281
0.26067
0.68525
0.9504
0.61434
0.188
0.53321
0.078655
0.28079
0.28637
0.46283
1.2416
1.0327
0.69593
0.96146
0.71937
0.59511
0.71348
0.4157
1.022
1.6098
1.3144
2.1651
2.1087
1.7339
1.5997
2.3322
2.605
2.1686
1.7756
2.6117
2.3663
1.9403
1.6341
1.3626
1.3743
1.2705
1.0935
0.86308
1.1321
0.86543
1.6667
1.6231
1.3769
1.5576
1.5717
1.3006
1.0375
0.93691
1.2303
1.1974
1.048
0.85243
0.93583
0.96717
0.99942
0.85702
0.70208
1.0173
1.0815
1.3372
1.9495
1.7697
2.263
3.3593
5.3828
6.2695
5.1703
4.3797
4.4921
3.9693
4.0427
3.3615
3.092
3.4046
2.8048
2.9696
4.5425
8.1635
7.2439
5.9683
5.6503
4.7541
4.042
4.4625
4.0155
3.4975
2.9679
2.4765
2.3356
2.0781
2.2472
1.9371
1.8058
2.0465
2.2153
2.0815
1.6959
1.3858
1.1608
1.2889
1.0192
0.82113
0.91287
0.7191
1.6067
1.3648
1.1016
0.87825
1.1302
0.87377
0.83815
0.62737
0.55019
1.116
0.93324
0.70962
0.43258
0.82286
0.50609
0.91533
0.60329
0.94291
1.1003
0.86849
1.1092
1.0359
0.81215
0.68995
1.0662
1.2028
1.033
0.78591
0.85844
0.32356
1.0536
0.78779
0.5474
1.0439
0.78936
1.3824
1.1509
1.4837
1.5605
1.3511
1.1134
0.91537
0.599
0.33454
1.0957
0.86078
0.97526
0.87386
0.75091
0.28335
0.59103
0.034629
0.38854
0.19868
0.58738
0.16427
0.15826
0.43174
0.41732
0.23809
0.82521
0.60378
0.50253
0.43049
0.8067
1.5134
1.3589
1.2291
1.0013
1.0155
0.83533
0.18594
0.13178
0.454
0.32654
0.48493
1.258
1.0317
0.69813
1.5594
1.3541
1.4309
1.1634
0.88197
0.67056
1.4745
1.7632
2.2305
2.1673
3.149
2.748
3.1303
4.3181
3.5718
3.0582
3.1163
2.5571
2.9435
4.2664
4.7975
4.9496
8.8377
7.3122
7.9929
9.5406
13.997
11.522
10.233
8.7958
8.9189
8.1418
6.7356
6.3616
7.7861
9.3183
7.6412
8.1787
9.3769
8.5786
7.9313
6.6998
5.8769
7.5774
8.3996
8.2817
6.8513
6.0813
6.2884
5.5141
5.7856
4.8238
4.0574
3.4295
3.3611
3.2609
2.6995
2.6444
2.3592
2.5555
2.4679
2.2235
2.274
3.4097
3.448
3.0151
2.7914
2.4461
2.1102
2.1782
3.8006
8.0561
9.5359
8.936
8.4468
10.102
12.162
10.973
10.144
8.984
10.966
9.1293
8.3154
8.7984
8.0743
7.6992
6.5554
6.1364
9.6541
8.0162
7.7943
6.5523
5.4022
4.5274
4.6939
3.8805
3.2864
3.5812
3.6174
4.0696
3.4971
3.3208
2.7347
2.5159
2.1883
1.9365
2.0988
1.9146
2.1896
1.8774
2.221
1.8313
2.3375
2.4689
3.1669
3.7972
4.1022
3.566
5.2028
4.4149
3.8817
4.2774
3.5108
3.4025
3.6595
3.2238
2.7136
2.2318
1.8216
1.4968
1.2546
1.2403
1.0263
1.7031
1.7307
1.8921
2.6146
2.2451
1.9229
1.7102
1.5467
1.3955
1.1304
1.1053
1.0869
1.049
0.74297
0.87677
1.2397
1.1483
1.0528
0.76641
1.1789
0.96073
0.81889
0.48117
0.14989
0.35742
0.35817
1.1972
1.1122
0.99877
0.68803
0.46109
1.0889
1.1093
0.95506
0.68557
0.50763
0.77583
0.82225
0.96738
0.79993
0.8862
0.92506
1.0914
0.85382
1.1485
0.95387
0.57594
0.46503
0.71718
1.3183
1.081
0.88999
0.53544
0.58422
1.0014
0.76706
0.95654
0.847
0.50055
0.36864
0.41153
0.10237
0.077536
0.52998
0.48296
0.67722
1.1459
0.94318
1.3024
1.1152
0.96126
0.81062
0.80294
0.63585
0.57586
0.86414
1.0545
0.86247
0.51093
0.21573
0.4487
0.12818
0.69615
0.50529
1.565
1.345
1.1768
0.96528
0.98316
0.61077
0.27913
0.7548
0.75642
1.003
0.71598
0.79095
0.98003
0.75333
0.89691
0.88904
0.88903
1.3466
1.1077
0.94848
1.479
1.2092
1.0082
0.75452
0.98194
1.3173
1.3639
1.2637
1.0817
1.0126
0.81072
1.1026
1.0022
0.752
0.48491
0.72509
0.65358
1.1116
0.89506
0.86125
0.51739
0.33567
0.45129
0.14592
0.16715
1.0018
1.0863
0.79623
0.88646
0.68964
1.2028
0.96926
1.0921
1.6096
1.4947
1.693
1.9859
1.907
1.6775
2.0163
2.0981
2.1399
1.8499
2.4598
3.8984
3.2126
2.6562
2.5053
2.0592
2.9976
4.0492
3.3646
4.492
4.3691
4.7212
4.2941
3.9477
3.2373
3.4014
3.0757
3.6678
3.9997
4.2379
5.0146
5.5268
9.4383
8.0158
6.579
5.4502
5.9768
5.6849
4.943
4.5848
5.284
7.0332
6.8127
5.5874
4.6658
3.8422
3.2603
4.1071
3.737
3.1227
2.5866
2.7674
3.4969
3.0028
2.4616
2.2725
1.862
1.5593
1.3919
1.1315
0.99739
0.75777
0.3494
0.63444
0.17522
0.34721
0.42616
0.69031
1.3503
1.1426
0.93559
0.70202
1.6676
1.4004
1.2526
1.0979
0.90184
0.48024
0.28542
1.093
0.9556
1.0317
0.85144
0.8712
1.0511
0.86346
0.35687
0.20688
0.49618
0.86296
0.7552
0.69224
1.1019
0.90361
0.57316
0.62437
0.25953
1.2018
1.1509
1.0306
0.7271
0.60304
0.75212
0.83755
1.0829
0.91649
0.89302
1.1386
0.93333
0.52822
0.96059
0.72789
0.68312
1.0687
0.96121
0.68764
0.97628
0.62094
1.17
0.9659
0.8096
0.27938
1.1836
1.3612
1.3693
2.737
2.67
2.2308
2.4673
2.1936
2.5244
2.2797
3.9783
3.3784
3.062
3.761
3.4512
4.4243
3.7138
3.1143
3.0059
2.8382
3.0178
2.5732
2.1311
1.7447
1.974
1.8173
1.881
1.5305
1.3634
1.1183
1.3353
1.4673
2.2417
1.8865
1.6505
2.1154
2.1015
1.8397
1.525
1.255
1.0026
0.81616
0.65584
0.5687
0.56629
1.6959
1.502
1.4246
1.1533
1.1838
1.0426
0.97306
1.1341
1.0788
1.0018
2.1988
2.1662
2.1846
1.8841
1.6157
2.0961
1.7107
2.5431
2.0852
1.7554
1.4699
1.2158
0.9423
0.72546
0.77589
1.3602
2.1289
2.9411
2.7232
2.2301
1.9343
1.5945
1.2937
1.1151
0.83774
1.0066
1.1691
0.92645
0.75303
0.40754
1.0938
0.79108
0.61391
0.5243
2.102
1.9217
1.7592
1.9438
3.109
3.1747
2.6841
2.271
2.4546
2.0059
1.7409
2.0883
1.7154
2.2271
2.2052
1.8141
1.7593
1.4287
1.5313
1.2991
1.2895
1.6958
2.0688
1.829
2.1276
1.9922
1.6452
1.4041
1.9265
1.6171
1.3649
1.3625
1.2056
1.967
1.6006
1.5164
1.5314
1.3215
1.5096
1.2217
2.6387
2.2196
1.8735
1.5599
1.3019
1.0682
0.87582
0.67274
0.24538
0.063306
0.42503
0.29526
0.52126
0.05594
0.94685
0.37277
0.10321
0.01753
0.029923
0.8876
0.74829
0.06145
0.56304
0.74186
0.86244
1.1671
1.1315
1.4119
1.1981
1.6333
1.4452
1.2217
1.0514
0.99001
1.2368
1.0021
0.71091
0.77363
0.55485
1.9107
2.367
1.9484
1.6866
1.5323
1.2556
1.1667
1.0627
1.0214
0.82472
0.67949
1.6917
1.3714
1.1669
1.0694
0.99229
1.1618
0.92102
0.95262
1.1392
0.89701
0.81126
1.212
0.99989
0.73423
0.94293
0.57272
0.17138
0.21373
0.38179
0.69523
0.93797
0.91818
0.28043
0.08112
0.35196
0.55439
0.73287
0.81331
0.68906
0.085218
0.49186
0.59363
0.67989
0.15833
0.024101
1.0544
0.86956
0.72799
0.53718
0.27328
0.88801
0.81951
0.34029
0.14349
0.46518
0.68988
0.65891
0.088848
0.66718
1.2355
1.3445
1.3358
1.1503
0.93258
1.509
1.2508
1.1732
2.3677
2.0981
2.5111
2.2077
2.3016
2.5733
2.1702
1.7878
2.7182
3.4981
4.7024
5.1938
5.0613
5.9072
5.7535
5.1499
4.2242
4.9712
4.8896
4.4676
5.2218
4.3082
5.1024
5.4229
4.4638
5.1428
8.7539
11.973
9.8182
10.211
8.3734
8.933
11.569
9.4972
8.024
6.5955
5.453
5.0211
4.3445
3.5616
2.9678
2.951
2.6612
2.2034
1.8116
1.5171
1.7862
1.5642
1.5027
1.2066
1.3915
1.4083
1.1727
0.98216
1.7074
1.3989
1.114
0.94049
0.99837
0.80332
1.0471
1.4475
1.3305
1.1433
0.94671
1.424
1.1292
1.4541
1.2238
1.4717
1.2368
1.4737
1.1855
1.1848
1.4401
1.187
1.0245
0.7502
0.42173
1.2706
1.1069
1.3258
1.3028
1.73
1.4402
1.7636
2.1384
1.9742
2.6065
3.3713
3.285
3.0746
2.7641
2.2659
2.675
3.5878
3.376
4.0206
3.3033
2.7243
2.5749
2.1978
1.8004
1.665
1.3745
1.5969
1.744
1.6148
1.3776
1.1159
0.85675
0.59016
1.0221
0.76583
1.3146
1.4818
1.1891
0.9585
1.2015
1.456
1.3054
1.3061
1.0866
0.82455
1.0874
1.0556
0.90599
0.39949
0.21375
0.52246
0.73039
0.35264
0.29605
0.54914
0.10839
0.77247
0.18202
0.48679
0.63945
1.2872
1.0564
0.87994
0.41288
0.86287
0.80291
0.40019
0.61522
0.096245
0.47256
0.81709
0.58528
1.1934
1.0525
0.74897
0.89887
0.62505
0.84106
0.71936
0.62457
0.5054
0.43533
0.53132
0.31681
1.2456
1.0777
1.3887
1.6267
1.494
1.4338
1.1541
1.082
1.0588
2.4047
2.4832
2.9399
3.1466
2.5773
2.1688
3.318
3.6369
3.3612
3.1427
4.0207
4.5027
5.3773
4.4347
3.6815
3.2279
2.8884
2.4919
2.0906
1.7218
2.4475
2.007
1.7265
2.2323
1.844
1.8641
1.5799
1.6424
1.325
2.2204
2.0448
2.0529
1.6843
1.376
2.5607
2.1366
1.8514
2.3964
2.6798
3.3192
2.7266
2.3363
1.9393
1.8956
2.5961
2.8777
3.6261
3.0117
2.47
2.6835
2.8986
2.5346
2.3268
2.0945
1.839
1.4921
2.6541
2.4639
3.198
3.383
3.2558
4.1676
3.427
2.8091
2.4767
3.1552
3.4916
3.3709
4.0668
3.9741
4.0979
3.5685
3.0973
2.5372
4.3001
3.837
4.1976
3.4426
3.044
2.777
2.3138
3.2587
4.2787
4.2189
3.7422
3.2803
3.5726
4.5698
4.2955
3.5459
3.2871
2.7578
2.7867
2.5227
2.3588
2.5639
3.0766
2.7025
2.3573
1.9267
3.77
3.1061
2.8569
2.617
2.5105
2.2656
2.5284
2.1079
1.8836
1.5669
1.4877
1.4883
1.7606
1.4393
1.7884
1.9484
1.6885
2.0355
2.3709
1.9593
1.5953
1.2918
1.3808
1.8717
1.5314
1.2508
0.98211
2.413
3.268
2.7233
2.402
2.3624
2.8816
2.3861
2.2479
1.8487
2.9511
2.4446
2.2101
2.2228
2.4458
2.3664
1.9479
1.6247
1.526
1.5297
1.2395
1.0263
1.0836
0.80166
1.0096
1.3746
1.2268
1.0061
1.1484
1.109
0.82285
0.8305
0.56075
0.51516
0.42274
1.6505
1.4512
1.3438
1.87
1.5298
1.2451
1.1074
0.88929
0.99194
0.71135
0.74619
0.66082
1.4954
1.2643
0.97829
0.98312
0.70984
0.70171
0.68378
0.77773
0.83487
0.90939
0.96241
0.70876
0.69518
0.65902
0.076024
0.26451
0.50682
0.83647
0.8888
0.52588
0.098743
0.40137
1.1747
1.0984
0.87421
0.74659
0.85831
0.56948
0.88058
1.3948
1.634
1.8432
2.1895
3.1047
2.6141
2.2561
2.2794
1.8621
1.5542
1.3565
1.9018
1.7775
2.2407
2.1241
2.3095
2.095
2.133
1.8338
2.0678
1.9765
2.2204
2.1493
1.8602
2.6426
2.7516
2.9808
2.4451
2.1578
1.7826
1.4875
1.2283
0.94502
0.74654
0.65335
0.52416
1.5089
1.2962
1.176
0.92348
0.78579
0.80502
0.69525
0.82295
1.6718
1.3845
1.173
1.0655
0.97276
0.832
0.93181
0.66462
0.64309
0.45227
0.43627
0.43956
0.95962
0.77553
0.70171
0.62716
1.3113
1.0765
0.82958
0.50911
0.41964
0.73372
0.482
0.70715
0.83189
0.38075
0.18546
0.14434
0.42189
0.44648
0.17728
0.26188
0.096815
0.075573
0.13136
0.70653
0.85641
1.0743
0.90381
0.63751
0.47148
1.8491
1.6849
1.4265
1.5304
1.2462
0.98902
1.028
0.78081
0.56863
0.46551
0.41207
0.32506
0.47437
0.25547
0.23953
1.0406
0.99614
0.80091
1.0102
0.84016
0.55833
0.35132
1.0251
0.86216
1.0681
0.89357
0.67781
0.21266
0.38941
0.20493
0.55087
0.13392
0.10845
0.28526
1.6067
1.3316
1.0991
0.96737
0.83974
0.8443
0.66155
1.5264
1.512
1.3087
1.295
1.2302
1.0272
0.96816
1.2487
1.1633
1.8621
3.0728
2.9518
2.9058
2.8713
2.3631
2.0696
1.7902
1.4952
1.4999
1.2182
1.4231
1.4338
1.1939
1.001
0.70302
1.5238
1.2224
0.98354
1.6005
1.4485
1.4426
1.1542
0.91966
0.80934
0.67309
0.61321
0.75623
0.65156
0.56869
0.49811
0.38571
0.41642
0.49817
0.7306
0.38929
1.0654
1.1403
1.1463
0.94083
0.73306
0.27763
0.16746
0.16836
0.010339
0.37734
0.26978
0.31689
0.54614
0.1609
0.084866
0.52759
0.39217
0.24966
0.12262
1.0111
0.83727
0.42151
0.38427
0.86758
0.31096
1.1488
0.94821
0.57681
0.38385
1.2985
1.2846
1.0116
0.93241
0.76387
1.4752
1.2308
1.1877
0.95775
1.0578
0.91586
0.64118
0.64023
0.82041
0.55843
0.71457
0.97949
0.86848
0.2967
0.44383
0.52463
0.090207
1.265
1.0412
1.0767
0.90236
0.34397
0.51724
0.27348
0.80038
0.55358
0.28373
1.4228
1.4478
1.342
1.1067
1.1151
0.82076
0.71657
1.4066
1.743
1.6852
1.7611
1.5503
1.6779
1.3725
1.1374
1.2898
1.0671
1.8168
2.064
1.8838
1.5409
2.0489
1.898
1.5977
1.3648
1.445
1.2841
1.2335
1.0099
1.1248
1.62
1.7128
1.4034
1.2222
1.0002
1.1756
1.5492
1.2456
1.4813
1.4549
1.6455
1.3377
1.2279
1.2979
1.199
0.95019
1.1155
1.0893
0.90046
0.77354
0.76744
0.59445
0.50968
0.85273
0.5497
0.51005
0.36978
0.48839
0.47966
0.78962
1.0564
0.86333
0.8986
1.023
0.85913
1.1904
0.98679
0.87218
1.058
0.87948
0.50937
0.34641
0.35482
0.53945
0.32705
0.48108
0.20015
0.65592
0.44061
0.30701
0.12449
0.042043
0.03787
0.33995
0.11961
0.29612
0.91702
0.69874
0.29265
0.23003
0.89825
0.77498
0.19904
0.19435
0.34682
0.35222
0.38719
0.80982
0.022964
0.16833
0.59109
0.052784
0.51176
0.49808
0.87377
1.0976
0.93298
0.6127
0.53317
0.44828
1.1911
1.5837
1.295
1.1319
0.9934
1.2219
1.9572
1.6143
1.3612
1.4662
1.347
1.1536
1.2828
1.0539
1.1577
1.7578
1.4399
1.2274
1.4187
1.2042
1.0976
0.95369
0.95795
0.71908
0.44688
0.44903
0.97484
0.65486
0.70273
1.1707
0.99922
0.67177
0.68758
1.5504
1.269
1.0241
0.99319
1.0998
0.94681
0.69651
0.19247
0.54957
0.42888
0.72212
0.21571
0.42898
0.38201
0.58959
1.1858
0.99387
1.0901
0.8613
0.7105
1.2005
1.0446
1.1333
0.97591
0.7801
0.82703
0.78508
0.67705
0.056687
0.084191
0.60079
0.39712
1.2905
1.0582
0.85239
0.43425
0.50705
0.2357
0.2044
0.99827
0.93971
0.80915
0.49645
0.80745
0.60501
0.27159
0.19574
1.1306
1.0155
1.0364
1.1685
1.022
0.88619
0.84863
0.44766
1.2103
1.0237
0.68714
0.51526
0.47234
0.61544
0.3927
0.88028
0.70224
1.0791
0.88693
0.58703
1.1289
0.92509
0.55825
0.41092
0.33619
0.13582
1.0162
0.75685
0.90143
0.66417
1.0005
0.73621
1.1197
1.0425
1.2815
1.0645
1.1762
1.4181
1.1659
1.013
0.99257
0.88851
0.71909
0.20928
0.22717
0.23187
0.73337
0.81896
0.61359
0.26035
1.2417
1.0242
0.68206
0.99509
0.90886
0.77485
0.23126
0.16072
0.53377
0.27739
0.36104
0.73531
1.4324
1.3582
1.1707
1.1269
1.9854
1.7282
1.6731
1.396
1.308
1.7085
1.4406
1.187
0.97291
0.86981
0.70939
0.68077
0.60439
0.47914
1.0335
1.1165
0.96073
0.51715
0.49874
0.1755
0.50221
1.0204
0.90788
1.1539
0.94252
0.60004
0.63568
1.2865
1.0554
0.84565
1.2373
1.0478
1.0195
0.67627
0.53295
1.1366
0.9077
0.47725
0.36649
0.60014
0.72128
1.0911
0.79806
0.59337
0.97564
0.71023
0.57866
0.57662
1.0588
0.91262
1.0159
0.99763
0.69851
0.69289
0.88763
0.81369
0.5458
1.0616
0.86877
0.97115
1.165
0.93683
0.64368
0.79429
0.38525
0.65413
0.5358
0.83952
0.74888
1.2124
1.0219
0.87417
0.99514
0.62774
0.47391
1.3015
1.1088
0.89019
0.57968
0.58104
0.42944
0.44559
1.3113
2.0888
1.8514
1.5397
1.346
1.0917
0.87907
1.4352
1.1553
1.3156
1.3686
1.132
0.90338
0.94433
0.93909
1.0479
0.79207
1.3008
1.1641
1.3089
1.1077
0.95814
1.086
0.93321
0.60655
0.19806
0.35867
0.17212
0.37302
0.83588
0.42623
0.23693
0.41495
1.0598
1.2217
0.95126
0.89448
0.66152
0.58391
1.2042
1.0107
0.80669
0.31038
0.93731
0.54294
1.0896
0.86037
0.7775
0.23326
0.36757
0.5233
0.44013
0.5694
0.35429
0.67917
0.36823
0.20491
0.74096
0.68133
0.33781
0.71867
0.20983
0.64094
0.91088
0.82257
0.76632
1.1393
0.93918
0.87457
0.1046
0.11099
0.060413
0.16227
0.052679
0.67892
0.86608
0.93075
0.82922
0.89845
0.83501
1.023
0.85878
1.0933
0.91471
0.67802
0.52822
0.99574
0.82804
0.82484
0.83259
0.86384
0.45095
0.52706
1.0222
0.84391
0.66684
0.83463
0.16486
0.66081
0.18768
0.82381
0.67007
0.86492
1.0394
0.86035
0.26594
0.40333
0.3148
0.10089
1.0711
0.96193
1.2032
1.0833
0.81462
0.47918
0.33972
0.40448
0.58808
0.78702
0.37516
0.59489
0.23541
0.24075
0.56435
0.18797
0.69773
0.86452
1.1871
1.039
1.2823
1.4532
1.1973
1.0056
1.0495
2.4909
2.2268
1.845
1.5097
1.518
1.2811
1.0403
0.82436
0.7523
0.90459
0.88231
0.60741
0.64202
0.7926
0.63441
0.4664
0.35693
0.80962
0.6307
1.2376
1.024
1.2875
1.8922
1.5396
2.5052
2.0644
1.9442
1.8151
1.5938
1.3895
1.1954
1.1365
1.1035
1.31
1.0482
0.74703
1.0642
0.80724
0.94736
1.1345
0.91923
0.95844
0.5665
0.32076
0.59371
0.069792
0.55782
0.26801
0.14795
0.40586
0.05923
0.088545
0.37988
0.70139
1.1625
0.96463
0.70046
0.46753
0.48259
0.39107
0.7618
0.49677
0.8135
0.43854
0.36451
0.43318
0.69178
0.2799
0.23079
0.75896
1.1185
0.91937
1.1633
0.93965
0.67247
0.37354
1.174
0.95664
1.0399
0.95935
0.72018
0.3069
0.51489
0.47676
1.0416
0.77021
1.096
0.96395
0.71818
0.27806
0.59232
0.29698
0.18214
0.47847
0.95912
0.63215
0.34482
0.91538
0.81179
0.7808
0.311
0.14536
0.66068
0.31106
0.89872
0.53124
0.21065
0.79069
1.6049
1.3323
1.0615
0.77234
1.2727
1.3215
1.0732
1.1152
1.1523
1.3139
1.0787
1.0093
0.76811
1.084
0.91051
0.47413
0.99678
1.3077
1.294
1.4683
1.2128
0.99747
1.0969
1.5546
1.3799
1.2309
1.1485
1.048
1.3644
1.3665
1.5371
1.2901
1.0254
0.87412
1.3429
1.4476
1.1796
1.2464
1.0664
1.2203
1.0177
0.71015
0.36543
0.8447
0.55475
0.25995
0.45091
0.24792
0.61014
0.54958
0.17678
0.96145
0.66829
0.26924
0.9629
0.93277
0.73145
0.34601
0.58215
0.85055
0.7709
0.31664
0.16819
0.24736
0.2541
0.46017
0.4921
0.83009
0.25034
0.10155
1.16
0.95287
1.2686
1.2921
1.1322
0.85995
1.0843
0.93441
0.77354
0.5337
1.1589
1.0084
1.0989
0.86121
0.90713
0.62222
0.72007
0.42815
0.40632
0.078488
0.97472
0.77611
0.12761
0.28069
0.23821
0.096089
0.2349
0.77732
0.94526
0.89699
0.75025
0.66829
1.1637
1.3026
1.5208
1.259
1.8568
2.4589
2.0472
1.7638
1.4421
1.8143
1.9366
1.6917
1.8444
1.515
1.2202
0.94066
0.83727
1.2597
1.2054
0.9394
1.1562
0.94387
0.78333
0.72831
0.79371
0.42719
1.3078
1.1212
0.98804
0.8534
0.91219
0.93992
1.4098
1.1261
1.1264
0.93867
0.83111
1.0345
0.87739
0.76674
0.79998
1.0883
0.89522
0.75438
0.71358
0.61306
0.82483
0.95937
0.84119
1.2626
1.1434
0.88704
0.86873
1.3933
1.1656
1.1208
0.96663
1.1533
1.456
1.5128
1.212
0.94599
1.954
1.7318
2.0747
1.7105
1.4296
1.3023
1.2212
1.7326
1.4977
1.2439
1.2059
1.1393
0.93174
0.49046
0.9395
0.71953
0.80879
0.51317
0.60179
0.77985
0.11456
0.15173
1.5499
1.3219
1.0501
0.7997
1.1355
1.3047
1.0555
0.84272
0.91378
1.9395
2.6037
3.9267
3.6619
3.4813
3.0971
4.0362
5.1716
5.0122
4.5733
4.0211
3.3642
3.1688
2.5975
3.5129
3.4465
3.0477
3.9486
3.6279
3.1643
2.9054
2.7125
2.6962
2.2115
2.0602
2.2146
1.8688
1.7411
1.4165
1.6065
1.457
1.2326
0.99261
0.68339
1.2665
1.2082
1.3785
1.2439
1.0215
0.867
1.0249
0.82524
1.0533
0.87449
0.81666
0.75278
0.33837
0.23854
0.20151
0.073744
0.08871
0.18225
0.75639
0.89663
0.53528
0.54218
0.31338
0.35486
0.17753
1.242
1.0201
1.1541
1.5201
1.6362
1.5285
3.4736
3.5836
4.146
3.6902
3.0309
6.0916
7.5802
10.232
9.0496
10.184
8.361
6.8874
7.8399
6.4383
7.0278
7.3173
8.0363
9.0684
14.191
17.556
20.997
17.224
17.087
16.415
15.476
16.799
13.996
11.829
11.419
13.798
11.873
17.464
18.001
19.913
21.824
25.156
20.802
34.93
44.076
40.409
35.355
28.994
45.764
38.676
48.477
40.199
33.064
27.556
22.925
19.09
25.908
28.067
23.043
19.977
22.666
27.092
24.667
23.323
19.981
19.273
15.847
16.327
13.388
13.418
11.53
10.518
12.989
12.789
11.02
14.309
13.753
11.833
9.7038
8.004
7.1765
6.083
6.0626
6.3289
7.2993
7.8944
6.6695
5.611
5.4596
7.1331
5.8531
4.9393
6.273
6.0701
4.9877
4.2749
6.4414
5.4019
4.6705
4.407
4.6625
3.8255
3.1567
3.5896
3.4466
3.4216
2.8215
2.4139
1.9972
1.7209
1.4192
1.3019
1.0441
0.79755
0.68707
1.0429
0.79728
0.5773
0.45278
1.5289
1.759
2.1835
1.7942
2.4339
2.9959
3.6371
5.0795
4.786
5.4088
4.6146
4.2938
3.5275
2.891
3.8058
5.5392
4.7099
4.9268
4.715
5.2417
5.7167
5.2693
4.7855
6.7319
5.5678
4.5651
5.6356
4.6304
3.797
3.7479
3.0725
2.5285
2.1925
1.802
1.8117
1.7174
1.4171
1.4277
1.8552
1.555
1.2759
1.6421
1.3733
1.1276
0.96508
1.6329
1.6985
1.8654
1.9537
2.0956
1.8288
1.4956
1.7573
1.4806
1.3004
1.2068
1.0907
0.86486
0.9527
0.71432
0.53965
0.5897
0.45225
1.3044
1.2822
1.4984
1.2174
1.1208
0.86303
0.81002
0.74976
0.79684
1.0461
0.85376
0.97907
0.91418
0.63285
0.20598
0.83389
0.52438
1.239
1.0636
0.90227
0.98538
0.82924
0.53602
0.27194
0.22933
0.13665
0.39698
2.2054
2.7234
3.8971
3.3624
3.4583
3.7868
3.1397
2.6339
3.5379
2.9445
2.7491
2.3905
2.8237
2.8803
2.3824
2.0266
1.6495
1.3477
1.2222
1.068
1.0589
0.84834
1.2492
0.96908
1.2167
0.98134
0.78477
0.67055
0.61088
0.54916
0.55612
1.0066
0.73262
0.79141
0.41211
0.40405
0.51982
0.40845
1.0875
0.88433
0.81867
0.92103
0.83294
0.73407
0.45572
0.49498
1.0666
0.80262
0.86941
0.85872
0.26343
0.11633
0.76632
0.43294
0.46671
0.7511
0.74237
0.72296
1.2104
1.1477
0.88021
0.88807
1.0659
1.2627
1.17
1.3059
1.587
1.5004
1.4774
1.5665
2.9578
2.4439
2.1441
1.8187
1.4791
1.2296
1.3368
1.1273
0.85325
0.80971
0.55675
1.0973
0.88697
0.62468
1.1815
0.98196
0.76336
0.49826
0.40954
0.94622
0.57867
0.45762
0.54331
0.51858
1.1877
0.99946
0.94285
1.073
0.88388
0.75472
0.7061
0.90336
0.73195
0.10192
0.31952
0.86523
0.51519
0.26836
0.46255
0.44643
0.18719
0.11073
0.086882
1.2131
1.0234
1.1666
0.9708
1.0586
0.93037
0.56965
0.70809
0.27099
0.096336
0.20085
1.0437
0.99745
0.67475
0.84036
0.58145
0.56356
0.4923
1.1306
0.91384
0.88851
1.1015
0.8892
0.50823
0.34635
0.45982
0.61302
0.25579
0.20006
0.73888
0.41443
0.44135
0.98447
0.83997
0.88357
0.72785
0.50384
0.21026
0.46064
0.11682
0.19604
0.36971
0.49026
0.41286
0.12032
0.053027
0.35743
0.74638
0.77403
0.67049
1.2588
1.1317
0.85188
0.91814
0.86986
1.1897
0.90383
1.8271
2.0006
3.7569
3.1648
2.7082
2.3408
1.989
1.6864
1.6811
2.1196
1.8082
2.762
2.3658
2.7329
2.2749
2.1492
1.9055
1.5812
1.2849
1.5756
1.482
1.4965
1.4854
1.3607
1.5016
1.8797
2.0023
1.9744
1.6183
1.7307
1.6285
1.6909
1.731
1.5034
1.8008
1.4724
1.53
1.2313
1.7596
1.4437
1.2866
1.2249
2.0313
2.5361
3.6327
2.9869
2.8447
2.4854
2.3454
2.1536
2.2044
1.8499
1.5823
1.3143
1.0354
0.77274
1.8441
1.5276
1.7736
1.5187
1.2439
1.0814
1.6189
1.4982
1.2825
1.0209
1.4238
1.1553
1.2761
1.0841
1.2818
1.0466
1.364
1.1516
0.92382
0.68576
1.2027
0.99789
1.3791
1.1415
0.94241
0.75564
0.24428
0.25622
0.65713
1.3273
1.193
1.4323
1.1918
0.91404
0.66322
0.66598
0.9048
1.1371
0.91748
0.72221
0.43666
0.81826
0.86494
1.0624
0.87979
0.49008
0.32074
0.47712
0.20991
0.50394
0.86956
0.82982
0.37297
0.18461
0.39005
0.065935
0.27236
0.29545
0.36316
0.31859
0.028523
0.36154
0.038568
1.071
0.88206
0.48378
0.84136
0.9234
0.41842
0.99473
0.73286
0.53844
0.64111
0.84707
0.64457
0.37887
0.46791
0.16555
0.48383
1.1189
0.94481
0.63042
0.35438
0.59842
1.1164
0.86627
0.61551
0.59194
0.70998
0.87169
0.60134
0.36041
0.43757
0.28473
0.60909
0.31522
0.63929
0.37297
0.23879
0.2071
0.21354
1.5898
1.6665
1.7784
2.3181
2.1351
2.3512
2.3646
2.1194
1.7623
1.6007
1.4827
1.189
1.3772
1.1276
1.2016
1.1933
0.97211
0.7059
0.87038
0.6457
0.34579
0.25576
1.3818
1.4094
1.2537
1.0628
0.91686
0.33417
0.67989
1.0632
0.88496
0.8229
0.84526
0.42178
0.30552
0.28225
0.1162
1.8301
1.7466
1.785
1.5186
1.4894
1.8461
1.5288
1.2287
1.175
0.97366
2.2472
2.053
1.6741
1.8327
2.098
2.465
2.131
1.8059
1.467
1.2437
0.98231
0.8195
0.7211
0.63879
0.58755
0.75723
1.0676
0.97218
0.97152
0.67753
0.16133
0.67614
0.67183
0.57431
0.26784
0.83712
0.25364
0.57241
0.80508
0.85507
0.6246
0.4138
0.91996
0.33787
0.66078
0.666
0.84849
0.5336
0.14886
0.86691
0.13911
0.32687
0.36589
0.065498
0.14056
0.84422
0.80809
1.5904
1.3047
1.1352
1.1663
1.1383
0.9385
0.97652
0.70801
0.43759
0.26032
0.44149
0.9358
0.941
0.73083
0.87467
0.79121
0.45423
0.27782
0.11343
0.68881
0.72338
1.2226
1.0758
1.0426
0.71892
0.78101
0.55064
0.5606
0.91485
0.57316
0.34901
0.3548
0.2344
0.71917
1.4049
1.1771
1.3423
1.0952
1.0204
1.062
1.2762
1.1041
0.89399
0.41915
0.7249
0.44645
0.6129
0.57141
1.3618
1.2534
0.97896
1.511
1.2706
1.3598
1.1679
1.2541
1.1185
1.2109
1.0173
0.77477
1.0308
0.82206
1.0026
0.81942
1.049
0.86562
0.3729
0.25764
0.29263
0.45303
0.13773
1.3203
1.3599
1.8803
1.7685
1.4444
1.8264
1.6238
2.3592
2.3955
2.2552
1.8602
1.913
1.8645
1.5578
1.7447
1.9051
1.5712
1.2973
1.0729
0.87944
1.2149
1.2644
1.018
1.0503
1.1093
0.96687
0.742
1.2002
1.0524
1.0154
1.1269
0.92326
0.94099
1.0326
0.85099
0.49241
0.26802
0.016481
0.44392
0.43772
0.10865
0.21101
0.073557
0.26287
0.1036
0.0036516
0.10622
0.74496
0.56393
0.05349
1.0403
0.88472
1.082
0.99371
0.99991
0.75483
0.59945
0.33031
0.55186
1.1295
1.0306
0.69584
0.70251
0.73678
1.3421
1.1737
0.90349
0.97954
1.1595
1.0727
1.0813
0.9243
0.6798
0.10044
0.69204
0.23711
0.27284
0.40457
0.32018
0.6594
1.1893
1.0823
0.78955
0.60365
0.87552
1.5305
1.2554
1.0542
0.73702
1.2586
1.1514
0.99046
0.64008
0.87563
0.7897
0.4123
0.41272
0.27375
0.2562
0.23547
0.23673
0.83175
0.80713
0.91301
0.67879
0.78983
0.13101
0.10188
0.51817
0.88855
0.23288
0.094382
0.16029
0.075335
0.72967
1.3379
1.1913
1.0637
2.1556
2.3828
2.0428
1.7713
1.4448
1.217
1.1327
0.93609
1.1891
0.98779
1.5294
1.7281
1.4486
1.774
2.2233
2.6107
2.4166
1.9812
1.7544
1.461
1.2049
1.1517
1.4005
1.6136
1.315
1.1457
0.9843
1.0074
1.5036
1.5746
1.3412
1.0542
1.1589
0.93454
1.0295
1.0122
0.68996
0.43852
0.48971
0.55576
0.77595
0.90927
0.74707
0.61203
0.99998
0.8425
0.7865
0.23998
0.55009
0.64686
0.68983
0.74679
0.32945
0.35721
0.5974
1.0877
0.89461
0.97684
0.75006
0.6085
0.49308
1.2197
1.0001
0.83197
0.40514
0.27909
0.21945
0.84302
0.97931
0.83613
0.65706
0.14327
1.1336
0.93701
0.91036
0.39962
0.42276
1.1272
0.97646
0.6179
1.1334
0.85896
0.64662
0.49509
0.5677
0.60115
0.45121
0.49012
0.42366
0.44239
0.66355
1.4087
1.2742
0.98969
0.75043
1.0608
1.1333
0.93483
0.58555
0.5711
0.4402
0.97415
1.0213
0.91554
0.94155
0.56132
0.57897
0.5913
0.037699
0.1909
0.94259
0.8269
0.65854
0.61422
1.0162
0.83941
0.24694
0.98529
0.77883
0.75765
0.6628
0.72864
0.44643
0.51755
0.73522
0.79439
0.97841
1.0058
0.79651
0.48309
0.31331
0.27884
0.69387
0.50078
0.35105
0.32356
0.67313
0.61315
0.4011
0.21052
0.56572
0.7057
0.57495
0.36294
0.23809
0.70828
0.67814
0.8749
1.2806
1.0551
1.0834
0.82815
0.62357
0.433
0.76562
0.83365
0.87041
0.59042
0.87043
0.43925
0.9202
0.9811
0.75541
0.15683
0.17067
0.086883
0.64392
0.64305
0.98035
0.65194
0.54934
0.98609
1.1299
0.89208
0.5849
0.91066
0.83484
0.66011
0.60632
0.5115
0.75911
0.5821
0.46863
1.2952
1.4852
1.2734
1.1798
0.90985
0.95468
0.88168
1.3684
1.1235
0.93657
1.0295
0.77581
0.35369
0.47661
0.45295
0.55247
0.2766
0.42067
0.77045
0.52076
0.55791
0.51668
0.26593
0.62764
0.46509
0.62681
0.31626
0.18587
0.3307
0.068124
0.086542
0.52875
0.60762
0.67867
0.55674
0.27673
0.062655
0.096315
0.86541
0.53906
0.99269
0.89838
1.0805
0.88253
1.0727
0.87939
0.54534
0.48942
0.80108
0.75421
0.2503
0.52616
0.28876
0.24527
0.25677
0.17286
0.093126
0.084351
1.0558
0.83044
1.1498
0.94756
0.79953
0.17425
0.28101
0.027446
0.86568
0.63179
0.28976
1.2537
1.0386
0.72453
0.53645
1.0974
0.82001
0.63155
0.46712
0.85342
0.88776
0.45072
0.5133
0.55557
1.2342
1.0702
0.8236
0.77834
1.4401
1.1839
1.0776
0.93112
0.48966
0.96426
0.80177
0.51315
0.18366
0.098552
0.17971
0.68453
0.75693
0.62628
1.0973
0.91975
0.58711
0.57915
0.27642
0.71816
0.64657
0.22703
0.2486
0.35984
0.66992
0.11491
0.13796
0.26974
0.48028
0.48434
1.188
1.0174
0.69313
1.1598
1.0633
0.98448
0.69395
0.98016
0.64229
0.26664
0.94244
0.72882
0.69706
0.38296
0.49622
0.1217
0.12082
0.26026
0.53986
0.53329
0.071977
0.75519
0.29596
0.13478
0.080473
0.65147
0.44813
0.33169
0.17322
1.1177
0.95626
1.0873
0.89454
0.74706
0.23279
0.1215
1.1747
1.1579
0.87019
1.47
1.2001
1.3067
1.0855
1.0456
0.85486
0.74657
0.98235
0.6905
1.0195
0.79986
0.66203
2.2168
1.9359
2.1154
2.2817
2.4349
2.0398
2.1822
1.8421
1.5152
1.2135
1.2723
1.2863
1.0336
0.88457
0.6114
1.0829
1.3461
1.3014
1.0556
0.86569
1.1803
1.1631
0.98643
0.82186
0.68457
1.1398
1.6164
1.3428
1.1765
0.96817
0.72379
0.37899
0.34793
0.10658
0.10007
0.22253
0.72032
0.32862
0.17158
0.97021
0.96217
0.98539
0.82533
0.077642
0.31714
0.052601
0.041187
0.8281
0.71117
0.17554
0.08509
0.83754
0.47521
0.36402
0.3116
0.86099
0.75085
0.58586
0.49719
0.13997
0.30189
0.033578
0.65708
0.17457
0.33072
0.65303
0.53855
0.15178
0.76174
0.81552
0.42901
0.85004
0.56102
0.56795
0.33939
0.21047
0.5242
0.80128
0.16947
0.46005
0.22983
0.026841
0.59808
0.17484
0.9902
0.81806
0.6494
0.37028
1.1667
1.0366
1.1935
0.97878
0.74017
1.18
1.1735
0.91875
0.75606
0.8185
0.54595
0.55303
0.56797
0.40649
0.40209
0.5322
0.95649
1.2003
0.96147
1.1859
0.99301
0.7742
0.76429
0.88243
1.0571
0.87869
0.84174
1.2155
1.4728
1.1831
1.9798
1.6733
1.3763
1.3508
1.8333
1.6991
1.3824
2.3035
2.1415
1.9044
2.7205
2.2365
2.4277
2.0153
2.0308
2.1729
2.6426
2.2105
2.1855
2.3492
2.9744
4.7863
4.8113
5.1924
5.0953
4.495
3.9323
3.2358
3.1233
3.6476
3.3161
3.0768
3.0735
2.5787
2.4393
2.0367
2.084
2.091
3.0492
2.5329
2.4472
2.2916
2.8787
3.2763
3.1033
3.0252
2.9451
2.4542
2.0362
1.6664
1.7623
1.82
1.4978
1.5382
1.3053
1.7951
1.4697
1.2939
1.0905
1.2225
1.0134
0.67459
0.94462
0.55795
0.7025
0.5737
0.82077
0.30857
0.35148
0.46639
0.57504
0.28333
0.38776
0.75592
0.90336
0.33073
0.87463
0.49203
0.68733
0.080271
0.78223
0.48408
0.41746
0.68885
0.99558
0.86353
0.62508
0.26241
0.28203
0.44921
0.34642
0.84735
0.55677
0.33391
0.23366
1.8471
2.7112
2.2361
2.0238
1.693
1.8965
1.5952
1.8195
1.9262
2.3413
3.2259
4.3818
4.0191
3.3231
3.2891
2.8589
3.7038
3.1522
2.6954
2.4614
2.0124
1.6707
1.5169
1.4326
1.9607
1.6343
2.5037
2.4082
2.7819
2.3447
1.94
1.9688
2.0285
1.7101
1.5473
1.5809
1.3116
1.1262
0.85814
1.4757
1.7263
2.2992
2.8947
6.2208
5.3615
4.3984
4.4431
4.488
4.3895
3.6056
3.3015
3.1393
2.5852
2.1296
1.8975
2.1702
1.7871
1.5153
1.2706
1.7372
1.4756
1.2015
1.1293
1.0257
0.80103
0.73508
1.6716
1.3925
1.1459
1.0924
1.154
0.99875
0.65699
0.47954
0.71092
0.3666
0.36956
0.32447
0.23545
0.48918
0.45392
0.33489
1.2231
1.5543
1.35
1.1121
0.94352
1.4343
1.3089
1.0736
0.98023
0.87871
1.0024
1.101
0.85769
0.99091
0.98557
0.664
0.50701
0.37527
0.27778
0.56715
0.44348
0.641
0.94073
0.84126
0.97795
0.67642
1.187
0.98675
0.775
0.88487
1.2322
1.0047
1.3029
1.0361
0.74627
0.75311
0.78011
0.69819
0.6626
0.45436
1.0238
0.99319
0.9102
0.78468
0.32507
1.0259
0.96523
0.87945
1.2569
1.1158
0.84142
0.6599
0.63473
0.67343
0.60968
0.43169
0.66313
0.52309
0.37966
0.29232
0.22664
0.38505
0.71079
0.22224
0.30225
0.2127
0.22921
0.13239
0.62816
0.89761
1.2272
1.0165
0.74934
0.56109
0.65558
0.4449
0.55308
0.40705
1.0536
1.3072
1.0468
1.2555
1.0338
0.82527
0.64241
0.33921
1.0961
0.95242
0.51884
0.44567
0.99905
0.70475
0.79623
1.0196
0.77449
0.3217
0.23363
0.32137
0.6652
0.37595
1.1593
1.0792
1.0111
0.69956
1.3325
1.1552
0.89522
0.90411
0.87178
0.70134
1.1264
0.92304
0.55534
0.66657
0.96476
0.99302
0.7709
0.67887
0.96139
0.95714
1.0573
0.8719
0.68065
0.18581
0.46075
0.14485
0.42196
0.18004
0.16617
0.70133
0.6698
0.53931
1.4023
1.4836
1.1955
0.95528
0.96657
0.87964
0.611
1.0217
0.7498
0.62854
0.46753
0.58042
0.73355
1.0166
0.95595
0.70479
0.80417
0.57146
1.2875
1.1969
0.92957
1.0932
1.0973
0.98494
1.023
1.5142
1.4231
1.2058
0.96487
0.92274
1.3481
1.2986
1.2585
1.0292
0.90396
0.86152
0.54882
0.033891
0.15522
0.44701
0.56571
0.60965
1.7121
1.6075
1.3118
1.0461
0.84666
1.446
1.4161
1.1904
1.101
0.84626
1.3484
1.1234
0.86888
0.60474
0.80633
0.96368
0.66364
0.72526
0.51292
0.89294
0.49373
0.90842
0.89757
0.73717
0.99275
0.72963
0.059884
0.4461
0.16642
0.38045
1.0383
0.79326
0.52252
0.42826
0.83532
0.50729
0.37855
0.57096
0.65755
0.27539
0.38706
0.43159
0.24244
0.16726
0.82489
0.44526
0.76612
0.51844
0.74791
0.43394
0.42013
0.12231
0.11984
0.12981
0.89205
0.83427
0.67255
0.039648
1.0143
0.82622
0.54656
0.69038
0.78198
0.40982
0.63816
0.30101
0.8861
0.4661
1.6631
1.7753
2.1579
2.727
2.2869
1.8924
1.541
1.9783
2.1366
1.9315
1.5854
1.3179
1.4597
1.1692
0.9377
1.9855
1.7992
1.4789
1.2805
1.066
0.86849
0.53335
1.2916
1.1487
1.6571
1.6353
1.6351
1.4294
1.4816
1.3553
1.1173
1.1995
0.93823
0.76836
0.72194
0.65314
0.88654
1.1538
0.94555
0.55606
0.41811
0.87863
0.72323
0.59356
1.4525
1.322
1.4289
1.3399
1.5093
1.3151
1.1003
1.0738
0.95354
0.91159
0.73396
0.60481
0.53197
0.46107
0.65008
0.36513
0.30032
0.24699
0.55699
1.0012
0.99627
0.66812
0.98386
0.97437
0.92563
0.8389
0.27924
0.67388
0.60575
0.28603
0.51643
0.90919
0.66501
0.66115
1.2014
0.98874
0.95993
0.40179
0.25546
0.27841
1.3536
1.1489
1.4064
1.1716
0.90636
1.8235
2.4955
2.0469
2.3286
2.6455
2.8457
2.6008
2.1341
2.1695
3.2763
2.9147
2.3998
1.9611
1.7717
2.8169
3.6091
3.0886
3.1451
2.7879
2.3128
2.7119
2.479
2.4805
2.6632
2.1785
1.7782
2.1211
3.4174
2.8619
3.8348
3.4245
2.8422
2.6723
2.8515
3.4584
4.272
5.0538
4.3983
3.6982
5.9296
4.9154
4.0771
3.9533
3.2599
2.7376
2.3536
2.7931
2.4757
2.5356
3.2255
3.7635
3.1075
2.602
2.467
2.0644
1.864
3.1313
3.1895
3.1156
3.3639
2.9081
2.4311
2.2281
1.8391
1.585
1.6393
1.5976
1.4124
1.7255
1.4046
1.3528
1.7104
1.4251
1.1535
1.3643
2.092
1.8422
1.5131
1.2421
1.0423
0.71799
1.0946
1.9257
2.2301
2.7536
2.4024
3.7465
3.0891
2.5763
2.1086
1.7186
1.7722
1.5614
1.313
1.5476
1.2438
1.8562
1.6881
1.4568
1.2448
1.2411
1.1281
1.7187
1.414
1.3672
1.099
0.87843
0.86499
0.57165
0.89253
1.2287
1.0936
0.83569
0.65598
0.54955
0.72188
0.82758
0.46926
0.83487
0.83831
0.48236
0.99111
0.85586
1.0801
0.88212
0.90478
0.33877
0.1099
0.3138
0.70514
0.19518
0.50983
0.43883
1.1079
0.93176
0.95201
0.67927
0.23853
0.16273
0.79721
0.6008
0.42851
0.14263
0.17587
0.38455
0.45174
1.6571
1.5652
2.0195
2.0286
1.7254
1.4031
1.1185
0.96746
0.83479
0.67938
0.76578
1.0641
0.99044
0.74685
0.63054
0.27693
0.45579
0.69126
0.42764
0.73165
1.0602
0.86963
1.3145
1.3474
1.1132
0.99439
0.844
0.76288
1.7913
1.4549
1.7894
2.1044
2.4424
2.1935
2.0268
1.6543
1.4569
1.1962
0.99675
0.84105
0.73795
0.67115
1.3587
1.1393
1.5164
1.3798
1.6203
2.1069
1.742
1.5445
2.7859
2.4797
2.0324
2.2373
2.2771
2.3875
2.5493
2.613
2.4285
2.7291
2.7299
3.1412
2.7173
2.2315
1.8731
1.9669
1.7705
1.4391
1.1554
1.4105
1.1812
1.0145
0.67748
0.49972
0.63176
0.37895
0.59322
0.46421
0.26241
0.66937
0.28004
0.43579
1.1669
0.96987
0.94887
0.91452
0.52837
0.87841
0.46886
0.79063
1.0274
0.84778
0.5551
0.20398
0.11081
0.18518
0.52544
0.53274
0.18577
1.6285
1.4869
1.9615
1.6953
2.0952
3.3555
2.8667
2.7498
2.285
2.4174
1.9952
1.768
1.4548
1.1972
1.5526
1.2751
1.072
0.89609
1.3241
1.0838
1.0293
1.0709
0.7858
0.53299
1.2035
1.359
1.5856
1.2832
1.0096
1.2209
1.4666
2.4031
2.0195
1.9966
1.8308
1.6646
1.5322
1.2827
1.4653
1.3398
1.4766
1.2108
0.95181
0.96222
0.83994
1.0328
0.82595
0.67869
1.1894
1.0854
0.86009
1.2609
1.1312
1.0252
1.2637
1.0284
0.76598
0.67387
1.9306
1.7028
1.3921
1.284
1.0006
0.79067
0.65796
0.59983
0.81858
0.54078
1.3557
1.1163
1.0948
0.84514
0.97735
0.8031
0.95458
0.70542
0.88656
0.57794
0.47318
1.3668
1.1242
0.90517
0.61752
0.63848
0.47866
0.69974
1.2063
0.96211
0.64457
0.94772
1.1444
0.89771
1.3995
1.3565
1.5701
1.2911
1.0561
1.2783
1.3902
1.1643
0.98306
0.72852
1.1984
1.1511
0.96361
0.87897
0.79704
1.0137
0.93918
0.77765
0.75996
0.79548
0.96232
0.8331
0.92763
0.97788
0.68915
0.66076
0.38264
0.0099038
0.26335
0.21518
0.46232
0.080137
0.45921
0.89354
0.55325
0.34118
0.76376
0.87341
0.49115
0.49706
0.11003
0.061084
1.2658
1.1276
0.86601
0.97816
0.92091
0.73322
0.64395
0.71698
0.70676
0.41863
0.58868
0.63336
1.5004
1.249
1.2735
1.0901
1.5656
1.3901
2.2683
2.4636
2.6239
2.1921
2.1074
2.6531
2.3224
2.6247
4.3598
3.6956
3.0636
2.7933
2.4894
2.1502
1.7632
2.2142
1.8168
1.8133
2.5586
2.1521
1.9582
1.8344
1.9043
1.6266
1.9862
1.6956
1.5631
1.3099
1.5202
1.2266
1.1868
1.2251
1.1052
0.9213
0.51525
1.0721
1.0478
0.8919
0.6282
0.53652
1.2037
0.95406
0.65903
0.83355
1.045
0.9457
0.52391
0.46835
0.33699
0.43847
1.048
1.1201
0.89363
0.65081
0.29421
0.56679
0.24471
0.25547
0.52894
0.29857
0.61821
0.51591
0.35088
1.3498
1.4884
1.3378
1.4992
1.8982
1.5478
1.3109
1.0936
1.1256
1.0265
0.76166
0.66833
1.0174
0.71736
0.95686
1.0817
1.1879
2.0276
1.7809
1.4587
1.1877
0.9369
0.77972
0.80868
1.1769
0.9578
0.94714
0.7934
0.37025
0.71646
0.48033
0.12366
0.39068
0.24124
0.11416
0.50192
0.074318
0.20445
0.047487
1.1452
0.95557
0.73205
0.44772
0.29068
0.64032
0.61713
0.50376
0.68513
1.6201
1.6473
1.3314
1.8676
1.6557
1.5027
1.4648
1.5583
1.4412
1.3434
1.5862
1.2983
1.6132
1.3379
1.688
1.6282
1.3384
1.5492
1.3539
1.1906
1.4698
1.4357
1.3673
1.1044
1.3635
1.1435
0.90251
0.68332
1.441
1.2943
1.5177
1.2701
1.0446
0.71887
1.2234
1.0788
0.88666
0.68043
0.43231
0.78344
0.65711
0.89527
0.68394
0.86863
0.75905
0.6476
0.44095
0.1548
1.037
0.84123
0.61422
0.15377
0.20741
0.50163
0.15576
0.15229
1.3235
1.1671
0.93221
1.0075
0.88664
1.051
0.84354
0.70523
0.74453
0.57591
0.65965
0.84192
1.0596
0.87824
0.72649
0.32287
0.44174
1.5741
1.4921
1.6688
2.1145
2.0178
1.9408
1.6783
1.5568
1.6724
1.4399
2.6093
2.1345
1.8182
1.7757
1.8665
1.5288
1.2296
0.99274
0.85184
0.72842
1.2585
1.2449
0.96893
0.73667
0.68548
0.66152
0.68991
1.3124
1.2353
1.4471
1.3539
1.3986
2.0448
1.9755
1.6538
3.2916
2.8546
2.3638
2.3846
2.6227
2.3968
2.7386
2.2609
2.7049
3.8283
3.4198
2.8441
2.4978
3.9456
4.9641
4.2584
5.5741
6.5534
5.8721
5.0191
4.8723
4.2907
3.6956
4.2735
5.4355
4.5413
4.1631
4.2977
3.6622
4.0688
3.4057
3.0564
4.5459
3.9248
7.5593
7.2436
6.8474
6.2791
5.1596
4.2718
3.5254
3.1778
4.8602
4.3091
3.6589
3.7649
3.7469
3.9383
3.3855
2.7739
2.352
2.2114
3.7982
3.3588
2.826
3.0231
2.5235
2.0687
1.7011
2.0326
1.6558
1.4506
1.9505
2.1031
2.8898
2.6391
2.2876
1.9178
1.7367
1.4201
1.1872
1.0494
1.3063
1.0573
1.3424
2.0351
2.7257
2.4647
3.6852
3.1396
3.4001
2.8256
2.4477
2.0416
2.3352
1.9164
1.5699
1.7331
1.6653
2.268
1.9634
1.8002
1.6757
1.3974
1.2645
1.039
1.6749
1.3625
1.199
1.6278
1.8098
2.9835
3.2709
3.2117
3.1187
4.2279
3.5253
2.9146
2.8082
2.3563
3.9182
3.2672
4.0743
3.432
3.293
3.8383
3.6845
3.9346
3.2259
2.9615
2.5993
2.5025
2.054
1.7546
1.4385
1.6199
2.5823
2.1146
1.7685
1.4482
1.8553
2.0348
1.6853
1.7767
1.4748
1.5988
1.2929
1.5179
1.2631
1.5006
1.2278
1.1307
0.93143
0.94884
0.95591
0.73155
0.25788
0.41699
0.42256
0.17932
0.39021
0.72813
0.42237
0.16804
0.76563
0.94495
1.1831
1.0358
1.4595
1.7289
1.7834
1.5124
1.4071
1.2241
1.0159
0.85675
0.74064
0.80016
0.55028
1.1422
0.9528
1.0698
1.1234
0.86191
0.68766
0.66658
1.0914
0.87366
1.2753
1.2424
0.99094
0.76643
0.81879
1.0685
0.76729
0.57062
0.91032
0.75013
0.3244
0.65515
1.237
1.093
0.822
0.90997
0.47083
0.40205
0.40857
1.7621
2.08
3.1195
2.6642
2.2883
2.6356
2.6737
2.5029
2.0948
1.9124
1.5588
2.3206
1.9801
2.0024
1.7401
1.8039
2.4004
2.3812
2.1508
2.1061
1.8418
1.5038
1.9853
1.7106
1.8221
1.6462
1.8469
1.5968
1.359
1.4161
1.1248
1.0181
0.80073
0.94286
0.61973
0.79863
0.53628
0.48163
0.55477
0.2071
0.32979
0.3493
0.78296
0.50625
1.0765
0.99124
0.98334
1.1739
0.92881
0.94745
0.79898
0.58922
1.3438
1.1078
0.94514
0.64763
1.0275
0.69466
0.79216
0.58221
0.29412
0.62029
0.51507
0.94496
0.75943
0.51816
0.41692
0.65537
0.56518
0.24195
1.1148
0.92537
0.57411
0.75498
0.85292
0.54737
0.98138
0.89319
0.95784
0.75438
1.376
1.1292
0.95247
0.9607
1.2101
1.1525
1.6545
1.8067
1.4776
1.7961
1.4891
1.4701
1.503
1.2105
1.4829
1.7284
1.4548
1.3644
1.088
0.84647
1.3194
1.1134
1.3444
1.1417
0.95365
1.0199
0.81491
0.9189
0.85579
0.70235
0.19181
1.3627
1.1218
1.3177
1.2163
0.98906
1.0868
1.0091
0.74988
1.2947
1.1717
0.88793
2.122
1.9693
2.7478
2.3565
3.1223
2.5647
2.16
2.2706
1.9469
2.0403
1.7823
1.4567
1.2036
1.0774
0.94681
0.82434
0.61798
0.96532
0.75355
0.59245
0.25626
0.81257
0.58654
0.20797
0.86935
1.1806
0.99791
0.7132
0.60887
0.53997
0.4538
0.40092
0.43647
1.0517
0.96121
0.50536
0.53743
0.29344
0.32704
0.25052
0.77212
0.31578
0.31836
0.071839
0.81901
1.2278
1.0135
0.80898
1.2682
1.0558
0.77694
1.2369
1.1292
0.92983
1.4616
1.4377
1.1633
0.90552
1.0225
0.81045
1.2471
1.0369
0.8288
0.63051
0.78082
0.55766
0.58054
0.49204
0.6502
0.45181
0.6234
0.73474
0.88259
0.96163
0.6386
0.80212
0.70306
0.78368
0.054681
0.72104
0.62924
0.35574
0.58234
0.78076
0.5133
1.4341
1.3148
1.1015
1.4609
1.1939
1.2008
1.4106
1.1191
1.193
1.0017
0.80621
0.69588
0.63259
0.94518
1.232
1.2047
1.0875
1.0604
0.84083
1.0549
0.87124
0.68651
0.32984
0.51573
0.27069
0.48252
1.5088
1.2867
1.0694
0.76365
1.2565
1.0203
0.82158
0.54943
0.64901
0.46071
0.46985
1.0981
0.81365
0.64206
2.1776
2.4017
2.0422
1.6747
1.7619
1.795
2.337
1.9847
1.6898
1.4953
1.6938
1.443
1.2405
1.2247
1.0135
0.75313
1.2726
1.0218
0.70555
0.60935
0.61543
0.40938
0.2451
0.77468
0.6071
0.21992
0.50131
1.0463
1.5071
1.2833
1.0712
1.3894
1.1808
1.3359
1.0849
1.6182
1.3369
1.7872
1.7813
1.4632
1.1999
1.3401
1.063
1.106
1.1884
0.91995
0.67011
0.56378
0.51392
0.33475
0.44907
0.30829
0.35102
0.18786
0.9028
0.84345
1.2191
1.0385
0.74554
1.2245
1.1252
1.5581
1.47
1.2022
1.3358
1.1008
0.86419
0.43411
0.4
0.74427
1.2569
1.2516
0.97301
1.0242
0.83769
0.76604
0.4905
0.378
0.46385
0.8372
0.931
0.96616
0.63571
0.49963
0.40861
0.44748
0.93976
0.75399
0.67946
0.14026
0.068083
0.20647
0.24916
0.55015
0.13866
0.75335
0.58901
0.26971
0.95807
0.84901
0.98976
0.84087
0.17376
0.31284
0.78159
1.2092
1.0012
0.64276
0.77331
0.90855
0.99504
0.72547
0.29757
0.83325
0.84903
0.21356
0.56826
0.20968
1.0371
0.70915
0.46119
0.52171
1.6752
1.7147
1.5656
1.3126
1.4434
1.1772
2.0952
3.3879
2.974
3.4374
3.293
2.7111
2.2574
2.2821
2.1156
1.7511
1.699
1.4754
1.3254
1.2086
1.147
0.95585
0.91578
2.5787
2.2883
1.8826
1.7185
1.5432
1.806
1.5334
1.4454
1.617
1.4819
1.3537
2.5986
2.3145
2.6193
2.3746
2.1178
2.4638
2.0907
1.8522
1.6618
2.4415
2.0257
2.1735
1.7822
3.2639
2.7674
2.2865
2.0758
1.7021
2.1194
1.8339
2.4579
3.321
2.9928
3.106
2.5457
2.7243
2.6806
2.3712
2.0048
2.1638
2.3636
2.4641
2.2925
2.2226
1.845
2.0924
1.7279
1.7564
2.4088
2.3684
1.9817
1.7096
1.4015
1.4192
1.3915
1.2375
1.1785
0.9026
0.92799
0.55397
1.6987
1.3975
1.4526
1.2101
1.449
1.195
1.2745
1.0911
1.1585
0.93413
1.4017
1.1523
0.96448
0.53261
0.27174
0.45208
0.21514
0.21134
0.51165
0.52167
0.21371
0.31618
0.18804
0.39388
1.0204
0.81357
0.55762
0.25594
0.91228
0.78902
1.2649
1.0592
0.90633
0.72696
0.25569
0.49347
0.47471
0.25056
0.61399
0.49472
0.69627
0.28703
0.6721
0.65442
0.41118
0.5031
0.36715
0.53853
0.73751
1.2924
1.1969
1.5055
1.2606
1.0691
0.79454
0.97872
1.3924
1.2737
1.1086
0.83991
0.73739
0.7009
0.65838
0.97386
0.67544
1.227
1.4744
1.4404
1.1945
0.92296
0.77531
0.71646
0.82052
1.062
0.75728
0.63398
0.51107
0.44948
0.40517
0.88454
0.75141
0.93232
0.52996
0.22873
0.13803
0.11562
0.18379
0.49253
0.6173
0.54479
1.0727
0.96329
0.62941
0.83162
0.61791
0.89838
0.97112
0.59783
0.56335
0.1588
0.48526
0.15962
0.33912
0.41036
1.0161
1.1064
0.87718
0.85424
0.32384
0.30489
0.15737
0.61876
0.21488
0.65193
0.31399
0.8377
0.8483
1.1128
0.9113
0.75035
0.33456
0.72381
0.60451
0.6307
0.85075
1.0865
0.92209
1.2653
1.035
1.7475
1.4223
1.138
0.85827
0.87561
0.60976
0.74421
0.53052
0.42247
0.37275
0.48531
0.40983
0.63736
0.6211
0.60359
0.57603
0.6945
0.45355
0.30743
0.48832
0.20486
0.42141
0.40298
0.64484
0.68181
1.0704
0.97256
0.69928
1.0336
0.87947
0.69569
1.0118
0.8881
0.51077
0.45036
0.1176
1.2801
1.05
0.83298
0.92705
0.7067
0.29441
0.29321
0.41656
0.16445
0.33222
0.84403
0.47549
0.81601
0.2556
0.22767
0.3046
0.060302
0.80238
0.60707
0.38941
0.9841
0.80714
0.37833
0.35659
1.3095
1.1315
1.2121
0.9894
0.76588
0.59133
0.26337
0.54488
0.91573
1.0795
0.86913
1.0044
0.82464
0.33371
0.61903
0.1108
0.29462
0.41656
0.53879
0.11984
0.3047
0.10954
0.61847
1.5749
1.3036
1.0785
0.97423
0.69997
0.24042
0.40351
0.15583
0.43448
0.17799
0.23723
0.77567
0.61763
0.24188
0.91681
0.69347
0.65461
0.48613
0.072013
0.64967
0.52814
0.43666
0.10199
1.3857
1.2584
1.7244
1.5245
1.3102
1.1308
1.1341
1.3935
1.3078
1.1725
1.3423
1.1417
1.0314
0.69565
1.1167
0.86298
0.51573
0.41893
0.96932
0.7358
0.76061
0.4977
1.3249
1.2256
1.0331
0.85802
1.8929
1.5518
1.2439
0.97704
1.3266
1.5284
2.9201
2.8402
2.3258
1.8999
1.7295
1.4306
1.5168
1.5026
1.2481
1.2104
1.2792
1.0333
0.83556
0.95989
1.172
1.4774
1.3998
1.2327
1.2134
0.99206
0.83799
0.76138
0.96881
1.0117
1.0387
0.82543
0.47193
0.35905
0.25851
0.25759
1.0038
0.98194
1.0564
0.80478
1.2301
1.0089
0.76426
1.2315
1.0306
0.90443
0.87239
0.802
0.56538
0.96964
0.78354
0.31289
0.10461
0.04599
0.1285
0.87996
0.013503
1.6146
1.3329
1.0968
0.8461
1.039
0.80064
0.43547
0.29739
0.584
0.55012
0.84802
1.1865
1.0095
0.84751
0.71517
1.0892
0.89721
0.84825
1.084
0.88747
0.74331
0.54732
0.67733
0.1296
1.101
0.91944
0.65933
1.1279
0.93496
1.047
0.8443
0.94968
0.64453
0.33906
0.5967
0.22551
0.89147
1.0509
0.91065
1.0858
1.0023
1.417
1.2627
1.3832
1.1049
0.90068
0.60304
0.98503
0.6759
1.5943
1.6622
2.0376
2.1451
3.5133
3.4129
3.7701
6.5182
5.3453
4.5318
5.0665
4.1629
6.1317
5.4321
6.0163
5.3194
4.3749
5.7362
4.8606
4.3315
3.8884
4.6047
3.7774
3.2
2.763
2.5284
2.3925
2.7662
2.3362
2.156
2.0553
1.6836
1.972
1.711
2.1074
2.0056
1.7068
1.6845
1.372
1.3856
1.1513
0.91455
0.83455
0.8228
1.9353
1.6445
1.7973
1.474
1.4222
1.1956
1.1976
1.1951
0.98406
0.78506
1.5789
2.4188
2.1163
1.7308
1.5832
1.5603
1.3031
2.0623
1.8571
1.7851
1.9927
2.1331
2.8591
3.4302
2.8231
2.3122
2.2088
2.0327
1.7072
1.4002
1.4067
1.6842
1.9625
1.8804
1.6462
2.0526
2.1672
3.8819
3.2116
3.6119
3.2826
3.2673
2.702
2.2189
1.8721
1.6558
1.4623
1.1992
1.0686
1.0071
0.93077
0.75809
0.77855
0.61064
0.80623
0.86461
0.65744
0.80622
0.84182
0.50681
0.88718
0.43659
0.62346
0.27457
1.4915
1.2258
0.98805
1.2027
0.97296
0.64652
0.60907
0.74605
0.81825
0.35638
1.3958
1.1936
1.4686
1.2058
0.94636
0.62213
0.80387
0.6364
0.50392
0.75696
1.0911
0.99847
0.82883
0.20544
0.24503
0.6137
0.60253
0.88901
0.80376
0.91608
0.85002
0.83513
0.58827
0.17594
0.12023
0.75216
0.29754
1.156
1.1173
0.83804
1.0647
0.9139
1.1171
1.2186
1.2568
1.018
0.99938
0.82362
0.7197
0.72374
0.68149
0.43001
0.30227
0.64487
0.41543
0.85731
0.55158
0.69376
1.2522
1.0498
0.78011
0.79558
0.47781
0.89458
0.43545
0.26762
0.92739
0.78409
0.33869
0.39507
0.32471
0.57873
0.91786
0.56345
0.30932
0.34347
0.67382
0.45269
0.20971
1.194
0.99218
0.7218
0.10111
1.2684
1.3412
1.3079
1.0955
0.87299
0.76621
0.94647
0.72911
0.96716
0.62379
0.13148
0.28953
0.11329
0.50389
1.009
0.82867
0.23198
0.25413
0.70688
1.0415
0.85978
0.99204
0.71472
0.029574
0.255
1.3832
1.1364
0.90813
1.3011
1.065
0.84154
0.64363
0.34312
0.87876
0.50428
0.6172
0.72389
1.0524
0.80571
0.83427
0.83202
1.2709
1.0429
0.83115
0.58548
0.78374
0.44927
0.18352
0.1497
1.068
0.84729
0.49471
0.26537
0.27218
0.25836
0.65301
0.17935
0.31282
0.27731
0.73416
0.52865
0.49436
1.4069
1.156
0.93241
0.55105
0.5741
0.33848
0.53439
0.83141
0.89139
0.67012
0.7087
0.83802
0.9614
1.0168
0.83788
1.0648
0.87122
0.58767
0.906
1.0008
0.82302
0.74524
0.24918
0.1035
0.38255
0.19014
0.89984
0.60592
0.027735
0.49079
0.46391
0.45653
0.95411
0.40259
0.48585
1.4742
1.2329
1.2346
1.0096
0.82908
0.86523
0.76432
1.3176
1.0948
0.88284
0.64529
0.5681
0.47365
0.42868
0.6198
0.45969
0.30633
0.24742
0.84554
0.6272
0.95123
0.95149
0.50765
0.45606
0.28385
0.37276
0.55909
0.18806
0.48812
0.89704
1.0215
0.81138
0.88876
0.60544
0.29874
0.30526
0.75819
1.4183
1.214
0.96416
2.0484
2.5354
2.1387
1.9641
2.1223
1.9063
1.6605
1.5678
1.2861
1.2376
0.96004
1.3509
2.0143
1.6707
2.9999
3.0775
2.5952
2.2043
1.808
1.644
1.6558
1.5653
1.3558
1.2114
1.0058
0.81153
0.77892
0.91019
0.98709
1.1945
0.98661
1.5127
1.2759
1.0415
0.77352
0.5906
0.50025
0.40239
0.78338
0.64529
0.85671
0.65969
1.038
0.92164
0.40052
0.31456
0.52912
0.83869
0.81517
0.48335
0.53745
0.75613
0.62716
0.52199
0.56032
0.55998
0.18933
0.23918
0.94775
0.67966
0.45488
1.0845
0.95993
1.1406
0.92326
0.71597
0.45081
0.57316
0.66884
0.30953
1.1902
0.93999
0.64994
0.58782
0.75276
0.98169
1.0219
0.8411
0.60669
0.38546
0.27174
0.93837
0.87318
0.77548
0.80062
0.34673
0.39434
0.70807
1.0993
0.96726
1.0746
0.82286
1.1676
0.95553
0.7202
0.59694
0.57995
0.87581
0.95333
1.0966
0.91754
0.49919
0.087459
0.27499
0.3119
0.035834
0.066397
0.36441
1.4076
1.1804
0.97856
0.82476
0.29171
0.8142
1.3543
1.1499
0.88989
1.0236
1.402
1.2806
1.1148
0.96721
1.918
1.5621
1.357
2.2761
2.1471
1.7518
2.1718
2.8847
4.429
4.9343
8.8186
7.2729
5.9644
4.9333
7.1277
6.7573
7.2264
5.9283
5.0891
4.4423
3.8268
3.5659
3.0948
3.2912
4.242
5.6126
4.817
5.2486
4.975
4.8508
4.0606
4.4275
3.7987
5.9132
4.8642
4.2209
5.0329
4.3311
3.5693
2.9531
2.4654
4.0532
5.9818
4.9375
6.7309
5.8029
5.6125
4.6147
3.9144
3.2986
2.9825
3.1585
3.1488
2.7455
3.1368
4.2679
3.5126
3.0108
4.0997
3.6326
3.5944
3.2517
3.9737
3.8287
3.1925
3.1969
2.6526
2.3684
2.6135
2.2357
2.9725
3.6557
3.2938
4.6849
4.7818
4.0172
3.4467
2.9808
3.1177
2.6086
2.2326
4.1556
3.875
3.2878
2.7017
3.5968
3.8291
3.1441
4.5011
3.7627
3.113
2.7735
2.299
2.2269
2.395
2.127
1.9967
1.6421
1.3472
1.5199
1.2846
1.1855
1.0124
1.0361
0.78659
0.749
1.2216
1.0087
0.63716
1.1301
0.97152
1.093
0.84561
1.2241
1.6215
1.7907
1.5642
1.4239
1.419
1.1891
1.2068
0.9468
1.0686
0.84751
1.2324
1.2404
1.3607
1.2452
1.0069
1.22
0.99344
0.91724
0.9435
0.48854
0.5852
1.5432
1.2707
1.1166
1.0509
1.1939
1.0451
0.8078
0.87912
0.64236
0.73847
0.44803
0.36331
0.41626
0.42957
0.57333
0.48239
1.0681
0.906
0.77288
1.0561
0.86838
1.3804
1.1699
0.90274
1.0119
0.72162
0.58897
0.62537
0.85958
0.5891
0.43179
0.32057
1.4553
1.1833
0.91925
0.66319
1.2207
1.3246
1.0863
0.89073
0.22338
0.21714
0.71256
0.67502
0.030403
0.60182
1.0624
0.89908
0.94332
0.75399
0.86532
0.77693
1.1461
1.0351
1.0125
0.85886
0.40251
0.6187
1.5329
1.2846
1.2376
1.0044
0.64576
0.74152
0.47222
0.57081
0.65463
0.38543
0.2695
0.20051
0.16196
0.17965
0.59967
1.3421
1.1006
0.91631
0.75531
0.82945
0.66495
0.55352
0.22237
1.2885
1.2475
1.17
0.90997
0.60612
1.5762
1.3923
2.7552
2.2617
3.0558
2.6032
2.3244
2.2102
2.6228
2.1661
1.9135
1.5942
1.5145
1.2412
1.3204
1.7412
1.4365
1.1841
1.0564
0.92868
1.3218
1.0673
1.1337
0.92765
0.95574
0.79785
1.2523
1.1033
1.0413
0.81156
0.38737
0.26275
0.60227
0.3121
0.44825
0.24967
0.22489
0.42383
0.90928
1.5595
1.658
1.4618
1.918
1.8415
1.6343
1.3485
1.0801
0.82249
0.86344
0.69236
1.5211
1.2737
1.2837
1.1082
1.1195
0.83953
0.58684
0.39962
1.0662
1.4224
1.8077
1.9843
3.0844
3.302
2.8823
4.1121
3.6197
4.3189
4.6641
4.7555
4.2128
4.8
4.4613
5.2085
4.4316
4.1692
5.2424
6.2161
5.6671
4.7916
5.2828
5.9442
5.8586
6.4341
6.946
7.1628
7.2975
10.57
12.227
10.701
13.811
13.594
11.318
9.8952
8.1153
7.5671
6.2158
5.1571
5.0583
4.4631
4.1617
4.3305
8.3376
7.2184
6.0445
4.967
5.046
4.6151
4.0129
3.3022
4.5461
5.3393
5.4349
4.701
3.8706
3.3822
2.8146
2.7262
2.8829
2.7445
2.5956
4.3822
3.7394
3.3511
2.8204
3.7171
5.9688
8.3083
7.0145
6.5731
6.7905
5.694
4.7285
3.8947
3.7831
3.6196
3.0328
2.4864
2.16
2.0972
2.1681
2.9695
3.2315
2.7605
2.3328
1.9694
1.9775
1.6709
1.8861
1.5996
1.4139
1.3785
1.2706
1.0126
0.69987
0.68605
1.2431
1.002
0.8013
0.61128
1.0459
0.74663
0.99629
0.67978
1.196
1.0074
0.8308
0.38197
0.14757
0.33375
0.07944
0.020789
0.62456
0.20286
0.65915
1.0009
0.80703
0.56985
0.49634
0.25384
1.1053
0.90734
1.0021
0.80999
0.84544
0.16881
0.437
0.89934
0.44151
0.60948
0.32607
0.62443
0.07926
0.42101
1.1636
1.1335
0.88708
0.80738
1.7732
1.8181
1.7398
1.8213
2.4484
2.916
2.3971
2.0487
1.6934
2.0887
2.9488
2.5712
2.4984
2.1182
3.0617
2.5419
2.1173
2.1911
1.7933
1.9907
2.508
2.0918
2.0654
2.0733
3.2182
2.8788
2.4116
2.1689
1.8086
1.9589
1.6754
1.6606
1.5558
2.4437
2.0032
1.7966
1.8039
2.6747
2.208
2.1235
2.2228
1.8185
1.5621
2.8273
2.9819
2.4518
2.0154
1.6518
2.1904
2.0582
1.7519
1.467
2.1468
2.1834
1.8842
2.6868
2.262
2.0174
2.2655
2.1047
1.9247
1.7762
1.4632
1.453
1.1647
1.2526
1.2312
1.5652
1.6862
1.4142
1.1555
0.958
1.035
1.509
1.4187
1.1682
0.96991
0.99914
0.95879
1.3349
1.3685
1.5781
1.2946
1.079
1.4764
1.6272
1.9324
1.5963
1.3918
1.1185
0.83732
0.73774
1.1409
0.85528
0.70388
0.84394
0.6509
0.52914
0.73034
0.47616
0.46769
0.45043
0.62501
0.65639
0.20853
0.5517
0.62667
0.32224
1.0754
0.83824
1.1873
0.9738
0.6128
0.36108
0.50427
0.62968
0.85819
0.3561
0.75426
1.1076
0.92859
0.68263
1.0559
0.87967
0.38648
0.78532
0.12504
1.0128
1.0545
0.79784
0.41583
0.90801
1.0432
0.78198
0.83213
0.67451
0.74519
1.2054
0.99513
0.81514
1.4887
1.219
0.98482
0.68954
0.58894
0.47342
0.77364
0.50452
0.43587
0.81699
0.54197
1.486
1.2182
0.95094
0.94756
1.092
0.88872
0.66809
0.84684
0.97759
0.77816
0.53117
0.019235
0.2154
1.1153
0.91524
0.99707
0.80446
0.3324
0.37408
0.78043
0.29317
0.12167
0.23313
0.76969
0.6422
1.2485
1.0263
0.80526
0.97527
0.89384
0.27941
0.28168
0.30885
0.042467
0.059763
1.5583
1.3056
1.1221
1.0565
1.6695
1.4586
1.3588
1.1199
0.83134
1.3184
1.0939
1.5367
1.2855
1.1885
1.1209
1.3063
1.4618
1.1868
0.90298
0.89972
0.61113
0.5907
0.46842
0.37239
0.3067
0.79064
0.40027
0.6921
0.48329
0.62384
1.0932
0.85945
0.53476
0.2846
0.42024
0.83961
0.60416
0.58181
0.17676
0.9988
0.79271
0.65696
0.58229
0.22068
0.97199
0.52164
0.47814
0.37758
0.68159
1.3256
1.1545
0.86402
1.2652
1.0371
0.79606
0.60693
0.62304
0.68657
0.80905
0.8708
0.72028
1.1562
1.107
1.0484
0.72975
0.92887
0.58572
0.66978
0.47521
0.75806
0.64133
0.37014
0.85134
0.82522
0.66602
0.24629
0.89401
0.48484
0.67101
0.59353
0.98229
0.94524
0.75323
0.64664
1.0588
0.88677
1.0235
0.86541
0.88893
0.86599
1.0715
0.87942
1.0399
0.84642
0.80173
0.71984
0.44792
0.2109
0.23951
0.51354
0.49723
0.72893
1.0786
0.90958
0.70118
1.0521
0.80387
1.3086
1.3282
1.2001
1.6725
1.3653
1.2743
1.2387
1.0167
1.3437
1.1293
0.97991
0.81151
0.86603
0.65927
1.0727
0.7836
0.95999
0.77206
0.85804
0.79295
0.73203
0.41637
1.2391
1.0311
0.75025
1.6422
1.9398
1.5851
2.4486
2.0266
1.6769
1.5741
2.0913
2.0164
2.3614
2.1762
2.0143
2.6639
3.2894
3.8418
3.5862
3.9636
4.3254
3.5525
3.0022
2.5582
2.8526
2.3407
1.9905
2.1007
2.5418
2.1664
1.833
1.9308
1.9318
1.9293
1.5755
1.3324
1.1025
1.7047
1.6591
1.6898
1.6102
1.4289
1.4182
1.1588
0.92132
0.96596
1.8168
1.518
1.255
1.0527
1.2558
1.0142
1.1165
1.7468
1.819
2.5265
2.096
2.2153
1.8175
1.7786
1.6657
1.5061
1.6568
1.378
1.0963
0.92613
0.78875
0.46068
0.73241
1.1013
0.86343
0.72602
0.7182
0.41661
0.59421
0.51673
0.26864
0.72375
0.92585
0.90401
0.69803
0.96805
1.097
0.9001
0.80737
1.2737
1.0441
0.97488
0.67757
0.75369
0.53866
0.33401
0.12999
0.16178
0.74682
0.56444
0.3089
0.38753
0.59904
0.42222
0.34568
0.12613
0.34088
0.29613
0.20628
0.62648
0.67175
0.3376
0.53102
1.0914
0.96018
0.65769
0.49411
0.48708
0.29223
0.34464
0.72941
0.3006
1.5592
1.2772
1.1434
0.88228
0.64472
0.53355
0.69127
0.76244
0.5605
0.2907
0.24523
0.54475
0.60004
0.44769
1.9912
1.6676
1.3626
1.5593
1.3549
1.136
0.9304
0.89265
0.49299
0.22259
0.4647
1.117
0.94627
0.82378
0.60853
0.39623
0.1325
0.88178
0.66979
0.59054
1.0625
0.86649
0.50434
0.38384
0.92877
1.0746
0.86139
0.74577
0.92498
0.94669
0.91599
0.97832
0.89917
0.46939
0.34447
0.51147
0.34015
0.69198
0.69699
0.91154
0.79544
0.8392
0.77319
0.40122
0.50335
0.34043
0.38404
0.48689
0.6857
0.88721
0.96366
0.53978
0.16155
0.33582
0.26686
0.12824
0.05277
0.68194
0.90682
0.52368
0.0091634
1.1031
0.90536
0.68
0.71353
0.12546
1.1154
0.91974
1.087
0.89295
0.30452
1.4154
1.1683
0.92731
0.81083
0.72609
0.41506
0.27061
0.24595
0.20225
1.4033
1.1588
1.1171
1.6059
1.7588
1.6158
1.4747
2.1066
1.9838
1.8971
1.8402
1.6025
2.8206
4.1466
3.6046
3.3385
2.8113
4.3503
3.5821
2.9356
3.0881
2.8997
3.2546
3.1376
3.2362
5.0319
5.0516
4.8377
4.0309
3.4275
4.0387
6.4483
6.7367
6.064
5.3354
6
5.1611
4.2631
5.7909
5.7922
7.7855
6.5287
5.5909
8.6761
8.8227
11.852
16.226
14.75
13.746
12.02
13.59
12.572
10.512
10.768
10.869
9.4981
12.399
14.229
15.747
15.491
13.266
12.667
10.388
8.8359
7.394
10.676
15.119
14.85
18.322
17.987
16.691
13.743
12.001
10.96
9.5241
8.4979
6.9691
9.7391
8.1039
7.6194
9.7696
8.5572
10.459
8.7837
7.2738
6.2215
5.3438
5.2366
4.3042
3.9423
4.1892
8.2118
6.8606
5.9303
8.3258
7.0216
5.784
9.0536
7.6748
8.2259
8.0234
7.7153
10.004
9.1285
7.9366
6.6745
5.4734
7.2681
7.8331
6.464
7.8054
6.5626
5.3816
4.8401
4.1875
4.7878
4.2863
3.668
3.0063
3.8258
3.1378
3.1016
3.0825
4.4857
3.8255
3.1358
3.0237
3.2707
2.6799
2.5127
2.2325
2.67
2.2366
4.122
3.9408
3.4137
6.3054
5.9926
5.9552
4.9212
4.2122
3.8341
4.8003
6.0471
8.6364
7.5172
8.6575
10.978
13.008
10.752
9.5673
10.673
8.7815
7.85
7.8857
6.4666
7.6774
6.3636
8.8628
7.4747
7.1737
7.4433
7.3085
6.368
5.4144
5.5304
4.7444
3.9154
3.8688
4.9026
4.1354
3.5978
3.2708
2.8875
3.1307
3.9401
3.2354
4.8338
4.5968
3.8056
3.9462
3.7393
3.0784
3.4425
3.7324
3.1875
2.6548
2.3659
1.9334
1.6759
1.5735
1.2922
1.0356
1.0582
0.85505
1.747
