1
0.98602
0.98984
0.98063
0.98913
1.0033
1.0051
1.0325
1.0292
1.0503
1.0188
0.98414
0.98919
0.97511
0.97184
0.95964
0.96763
0.9642
0.99386
0.96807
0.94977
0.95191
0.96019
0.97626
0.97861
1.0219
1.0396
1.0173
1.0239
1.0416
1.0603
1.0647
1.0578
1.0454
1.023
1.0069
1.0571
1.0593
1.0374
1.0554
1.0339
1.0637
1.058
1.0426
1.0609
1.0473
1.0495
1.0599
1.0719
1.0539
1.0436
1.0379
1.0319
1.0202
1.0055
0.99502
1.0222
1.0167
1.0139
1.0231
1.0472
1.0777
1.1004
1.0586
1.0834
1.0989
1.101
1.0985
1.1088
1.0965
1.0802
1.0975
1.1327
1.13
1.1284
1.1414
1.1632
1.2027
1.2431
1.2694
1.2466
1.2323
1.2085
1.2285
1.2559
1.243
1.2374
1.2508
1.2493
1.2647
1.2738
1.2477
1.2625
1.3024
1.2659
1.2667
1.3066
1.3119
1.2968
1.3069
1.3133
1.2794
1.2862
1.2034
1.22
1.249
1.2214
1.2175
1.1808
1.1839
1.2044
1.1788
1.1012
1.1003
1.1163
1.1094
1.1285
1.1008
1.133
1.1465
1.1685
1.1696
1.2074
1.2054
1.2172
1.1491
1.1739
1.175
1.1573
1.1486
1.1564
1.1427
1.1341
1.1306
1.1213
1.1374
1.12
1.0751
1.0439
1.0604
1.0648
1.0541
1.0477
1.0565
1.0723
1.0699
1.077
1.0862
1.0915
1.1283
1.1474
1.1492
1.138
1.1142
1.1382
1.1139
1.1024
1.1008
1.0646
1.0662
1.0455
1.0592
1.0428
0.99179
0.96978
0.93184
0.95089
0.97897
1.0019
1.0265
1.0229
1.001
1.0089
0.97562
0.98384
1.0036
1.024
0.99646
1.0407
0.99955
0.98986
0.99229
0.99033
1.0214
1.0137
1.0521
1.0194
1.0522
1.035
1.0571
1.0659
1.0851
1.0742
1.0894
1.0676
1.0686
1.0552
1.0718
1.085
1.0764
1.1267
1.0926
1.0866
1.0981
1.0857
1.1201
1.1063
1.1274
1.1823
1.2051
1.1963
1.1739
1.221
1.236
1.2416
1.2519
1.2449
1.2292
1.2266
1.2017
1.2026
1.2012
1.2324
1.2297
1.227
1.1748
1.1391
1.1384
1.1261
1.1172
1.1205
1.1126
1.157
1.1725
1.1672
1.1743
1.1374
1.1502
1.1559
1.1538
1.1853
1.1616
1.164
1.1903
1.1458
1.154
1.1528
1.1292
1.1321
1.1168
1.0778
1.0795
1.098
1.1479
1.1828
1.1594
1.1717
1.1374
1.1686
1.169
1.1806
1.1835
1.1693
1.1702
1.1637
1.1644
1.1576
1.19
1.1983
1.1383
1.122
1.133
1.1017
1.1553
1.1631
1.1728
1.1713
1.1788
1.2415
1.2262
1.2338
1.2875
1.2643
1.2277
1.2864
1.3104
1.3229
1.3323
1.2786
1.2624
1.26
1.2472
1.2495
1.2387
1.2383
1.1945
1.2143
1.2351
1.2126
1.1908
1.2208
1.268
1.2918
1.3184
1.368
1.2921
1.3206
1.34
1.3426
1.3767
1.3945
1.3602
1.3935
1.4007
1.3918
1.3659
1.3104
1.3026
1.3559
1.3227
1.2807
1.2178
1.2206
1.2259
1.1787
1.1725
1.2016
1.176
1.1757
1.1944
1.2006
1.1915
1.1896
1.1799
1.1319
1.1509
1.1118
1.1077
1.1034
1.1075
1.095
1.076
1.0749
1.0861
1.1034
1.137
1.1329
1.1239
1.1624
1.1424
1.1393
1.1578
1.1502
1.1427
1.1586
1.1424
1.1955
1.1718
1.1493
1.1053
1.0964
1.0992
1.0908
1.0738
1.0539
1.0695
1.0991
1.0964
1.0741
1.0378
1.0559
1.0171
1.0215
0.96576
0.95447
0.95061
0.93849
0.93349
0.9016
0.92139
0.91122
0.93754
0.97863
0.98132
0.98677
1.0061
1.0009
0.99657
0.9768
0.99377
1.0057
1.0205
1.0416
1.0867
1.0786
1.0816
1.0844
1.088
1.0479
1.0414
1.0225
1.009
0.99522
0.99373
0.97426
0.96727
1.0027
0.99684
0.95718
0.96061
0.99782
0.98095
0.94506
0.90288
0.90096
0.91991
0.93095
0.96707
0.96274
0.9526
0.95253
0.97138
0.97356
0.95953
0.94511
0.96888
0.98779
0.97716
0.96361
0.96728
0.92659
0.9427
0.89713
0.87528
0.85389
0.83435
0.86111
0.8509
0.86015
0.87016
0.87013
0.84781
0.84883
0.87869
0.86275
0.86752
0.88346
0.90943
0.91528
0.90196
0.93636
0.93703
0.91983
0.88994
0.90866
0.94747
0.94251
0.96595
0.95524
0.94934
0.98742
0.96977
0.97229
0.96607
0.95999
0.9394
0.92576
0.89711
0.89825
0.88915
0.85425
0.8341
0.84909
0.83809
0.84253
0.84089
0.82296
0.85262
0.85764
0.86576
0.85844
0.85174
0.82952
0.82888
0.80841
0.80331
0.82465
0.81559
0.84893
0.82373
0.86804
0.84287
0.83687
0.84454
0.85308
0.8566
0.85683
0.85546
0.87787
0.89127
0.88466
0.89861
0.92282
0.90748
0.91339
0.90239
0.89962
0.88373
0.88377
0.87037
0.86414
0.85965
0.85984
0.86996
0.85679
0.86986
0.86692
0.8475
0.83623
0.81755
0.82362
0.83471
0.83811
0.81904
0.81475
0.7869
0.78928
0.7849
0.80627
0.7863
0.77197
0.77707
0.79235
0.77249
0.80784
0.81751
0.83391
0.83512
0.84509
0.86147
0.87238
0.85231
0.85759
0.86904
0.87579
0.89215
0.89251
0.89821
0.9144
0.88294
0.89035
0.88922
0.8678
0.87755
0.89077
0.89227
0.89591
0.88719
0.89665
0.89837
0.93288
0.91009
0.92372
0.91659
0.91088
0.93214
0.92536
0.90041
0.90176
0.87159
0.90526
0.91647
0.91172
0.92777
0.99346
0.96247
0.92927
0.95779
0.93258
0.89692
0.85095
0.85544
0.85715
0.82417
0.82958
0.84609
0.84502
0.84419
0.82821
0.82247
0.81441
0.80312
0.81181
0.81623
0.7943
0.79636
0.79541
0.79969
0.78895
0.77958
0.77812
0.79229
0.80019
0.82173
0.82061
0.81605
0.82048
0.77959
0.77996
0.77058
0.7433
0.74411
0.72422
0.72174
0.71078
0.75028
0.75114
0.7765
0.78376
0.78634
0.81178
0.828
0.83328
0.87019
0.85159
0.85251
0.8403
0.83324
0.84365
0.83372
0.83972
0.84658
0.8296
0.84415
0.84431
0.84046
0.81907
0.81975
0.82355
0.82006
0.82063
0.81838
0.82179
0.83398
0.81828
0.82119
0.83206
0.81978
0.79652
0.79975
0.78292
0.8081
0.80929
0.78253
0.77816
0.7905
0.75355
0.77831
0.82031
0.799
0.78394
0.76621
0.78979
0.82058
0.82147
0.80264
0.81663
0.82222
0.81063
0.80305
0.80039
0.80219
0.80576
0.81832
0.82422
0.83361
0.80827
0.81085
0.84108
0.80279
0.80616
0.80318
0.80156
0.79562
0.78078
0.77814
0.79218
0.78551
0.76762
0.75674
0.73656
0.73319
0.72487
0.74543
0.76676
0.7712
0.77601
0.77109
0.77172
0.7497
0.75496
0.76915
0.74861
0.76066
0.76393
0.77046
0.7825
0.7831
0.77864
0.76687
0.79132
0.79589
0.78104
0.78226
0.78429
0.77431
0.7801
0.7762
0.78431
0.79424
0.79024
0.78583
0.78328
0.78503
0.80294
0.79686
0.76811
0.76686
0.79186
0.76439
0.77577
0.78034
0.74652
0.76716
0.77221
0.76039
0.7658
0.75832
0.74352
0.75322
0.74696
0.7403
0.77435
0.7583
0.78831
0.82356
0.81855
0.81948
0.82438
0.82954
0.81229
0.79383
0.76734
0.75207
0.74772
0.75156
0.7376
0.74226
0.73759
0.74077
0.75675
0.74449
0.76418
0.75236
0.79336
0.76209
0.73671
0.74582
0.73236
0.71761
0.72936
0.72511
0.7468
0.75297
0.7682
0.7563
0.7877
0.79628
0.7815
0.75214
0.76257
0.75425
0.7621
0.76257
0.79654
0.77251
0.78931
0.79724
0.77549
0.75588
0.75331
0.74631
0.75255
0.74386
0.74834
0.7519
0.74888
0.75192
0.77507
0.79187
0.80006
0.8103
0.82156
0.83234
0.83833
0.82647
0.82485
0.83754
0.85209
0.8724
0.86809
0.88264
0.8771
0.87327
0.8871
0.88259
0.87613
0.84706
0.83175
0.81322
0.81705
0.85106
0.88226
0.90172
0.90689
0.90469
0.91148
0.90851
0.907
0.91189
0.92917
0.90847
0.90236
0.92116
0.92568
0.90358
0.88198
0.85676
0.82834
0.80381
0.78269
0.78516
0.78455
0.78858
0.78632
0.79466
0.77205
0.78539
0.78078
0.7961
0.81148
0.82365
0.84656
0.84917
0.85416
0.83136
0.79528
0.78129
0.78122
0.77508
0.81402
0.81529
0.8207
0.79731
0.78161
0.75722
0.73225
0.71059
0.70063
0.69357
0.72289
0.72487
0.73473
0.73106
0.73234
0.73586
0.75047
0.73471
0.7345
0.7241
0.70222
0.71633
0.71646
0.73079
0.73288
0.73584
0.75558
0.76169
0.74086
0.72947
0.72945
0.72267
0.71945
0.7046
0.701
0.68545
0.69821
0.67236
0.66328
0.69233
0.67764
0.68484
0.69386
0.71357
0.71001
0.70951
0.69245
0.69981
0.69953
0.70074
0.71821
0.72342
0.76203
0.74291
0.76252
0.75648
0.76077
0.769
0.74886
0.75235
0.77229
0.79648
0.79633
0.79503
0.76078
0.73819
0.72812
0.72025
0.71991
0.7254
0.74431
0.76014
0.75078
0.75615
0.75821
0.76201
0.77875
0.78353
0.76796
0.753
0.75783
0.75284
0.74943
0.73773
0.75915
0.75245
0.73903
0.73695
0.73915
0.7558
0.77716
0.76959
0.77885
0.78763
0.79565
0.82643
0.80937
0.78021
0.76538
0.7668
0.75503
0.74449
0.77973
0.79532
0.80892
0.80134
0.81635
0.7793
0.79317
0.80835
0.78779
0.7943
0.81244
0.82796
0.80697
0.74531
0.72084
0.76007
0.75824
0.76467
0.77744
0.75554
0.75518
0.75447
0.74145
0.76056
0.76133
0.74928
0.75887
0.70679
0.69674
0.68607
0.65089
0.66179
0.6731
0.64339
0.63456
0.63475
0.62377
0.60353
0.61018
0.61078
0.62174
0.6119
0.6067
0.60202
0.57952
0.55456
0.58712
0.60051
0.59204
0.60386
0.60173
0.5972
0.59677
0.6331
0.63713
0.62999
0.64113
0.6344
0.62784
0.6225
0.59995
0.59032
0.58681
0.58216
0.58035
0.5777
0.59826
0.60311
0.62775
0.64959
0.64281
0.65665
0.65583
0.65737
0.6797
0.65924
0.68403
0.69646
0.69708
0.67414
0.66178
0.68598
0.66991
0.64881
0.63437
0.62921
0.65289
0.65814
0.65642
0.68288
0.68836
0.70174
0.70005
0.72309
0.7388
0.72449
0.73263
0.7208
0.72179
0.69627
0.65855
0.67165
0.66746
0.64529
0.63441
0.6192
0.62421
0.63737
0.62871
0.60997
0.61707
0.59931
0.59475
0.58912
0.59282
0.58208
0.5875
0.58517
0.59204
0.58064
0.58415
0.57034
0.55227
0.54879
0.5426
0.52971
0.52414
0.52498
0.54743
0.53773
0.53003
0.52682
0.52779
0.52228
0.52163
0.51501
0.50609
0.50124
0.50894
0.5134
0.50769
0.51457
0.52301
0.53084
0.50965
0.5143
0.50373
0.49551
0.49841
0.50824
0.50905
0.49954
0.52558
0.53159
0.55621
0.54829
0.54521
0.53967
0.53697
0.54344
0.55577
0.55773
0.53785
0.54249
0.53862
0.5653
0.59156
0.599
0.59575
0.59564
0.60989
0.6092
0.57721
0.58472
0.58078
0.57545
0.55542
0.56972
0.59505
0.59458
0.58916
0.56108
0.55242
0.53418
0.53359
0.53
0.54518
0.55949
0.56025
0.55671
0.56092
0.56573
0.57476
0.57524
0.54237
0.55192
0.53609
0.536
0.55518
0.55904
0.55191
0.55348
0.54631
0.5463
0.53887
0.52644
0.53627
0.54585
0.53499
0.53031
0.53225
0.56023
0.53363
0.52485
0.51066
0.50302
0.50217
0.50522
0.50241
0.50141
0.50526
0.50618
0.48232
0.49016
0.50909
0.52203
0.51335
0.51731
0.50134
0.50393
0.52882
0.50946
0.51767
0.5032
0.50171
0.50473
0.47762
0.48017
0.49301
0.48901
0.4683
0.48508
0.48609
0.48955
0.46568
0.46811
0.45566
0.4368
0.45577
0.44603
0.43706
0.44746
0.45309
0.44519
0.42817
0.42125
0.42331
0.42362
0.43093
0.40588
0.39762
0.3935
0.39911
0.41304
0.41693
0.42202
0.43566
0.42736
0.41714
0.41824
0.40926
0.41065
0.40997
0.41769
0.43106
0.42505
0.43688
0.40573
0.40173
0.37395
0.37114
0.36478
0.36074
0.3589
0.34487
0.35135
0.32998
0.33287
0.33995
0.32274
0.34115
0.34329
0.35407
0.36783
0.35966
0.36659
0.37683
0.34833
0.33365
0.32916
0.35837
0.33728
0.33482
0.31435
0.31683
0.31846
0.3228
0.31482
0.29501
0.29268
0.28662
0.2826
0.30368
0.29334
0.28466
0.29668
0.30033
0.29761
0.31605
0.33291
0.32503
0.34196
0.33638
0.34434
0.32849
0.30856
0.30749
0.30661
0.31495
0.313
0.29962
0.32159
0.33515
0.32633
0.33744
0.35344
0.34422
0.35245
0.35498
0.34401
0.33351
0.338
0.33441
0.33039
0.341
0.34593
0.35173
0.35447
0.33112
0.31202
0.30176
0.30666
0.30553
0.30812
0.31478
0.29739
0.2963
0.30016
0.31955
0.32669
0.33358
0.33813
0.35132
0.37123
0.37289
0.39125
0.38915
0.38762
0.37823
0.37926
0.38655
0.39046
0.40014
0.41033
0.41455
0.39935
0.39805
0.41602
0.41205
0.39071
0.38795
0.39097
0.37003
0.37555
0.36704
0.38322
0.39271
0.38102
0.36718
0.37603
0.35078
0.36217
0.37436
0.40255
0.41672
0.42641
0.43347
0.4427
0.44377
0.44066
0.4343
0.44315
0.44845
0.44863
0.4248
0.41344
0.41161
0.40112
0.40902
0.40285
0.39948
0.3938
0.38495
0.39797
0.40843
0.40297
0.42404
0.43005
0.42942
0.42379
0.44017
0.42509
0.44141
0.46659
0.47481
0.48637
0.51326
0.51525
0.52142
0.51686
0.53222
0.51983
0.51068
0.50341
0.48813
0.46916
0.47597
0.4602
0.45819
0.46878
0.45915
0.48635
0.49309
0.49766
0.50147
0.49851
0.49402
0.49408
0.49574
0.48725
0.497
0.49001
0.50705
0.49757
0.49637
0.50823
0.49609
0.50054
0.51165
0.51931
0.50306
0.49976
0.49307
0.5145
0.49677
0.4947
0.51209
0.50272
0.52015
0.52475
0.53323
0.52634
0.53223
0.54313
0.55539
0.55601
0.56548
0.56212
0.55127
0.53471
0.53811
0.52848
0.5398
0.55675
0.5681
0.57161
0.56528
0.5611
0.57259
0.55206
0.54985
0.55325
0.5523
0.55806
0.57229
0.57945
0.5667
0.54442
0.55602
0.54471
0.54617
0.55537
0.53857
0.54861
0.56162
0.57877
0.58021
0.58682
0.58954
0.60705
0.59994
0.61791
0.6184
0.62727
0.63003
0.61723
0.61913
0.62851
0.61902
0.60028
0.59589
0.58821
0.597
0.58711
0.56709
0.57644
0.57683
0.58088
0.56303
0.57182
0.57778
0.54765
0.55477
0.5478
0.56331
0.5662
0.56586
0.57672
0.56854
0.58795
0.59324
0.59086
0.60531
0.6166
0.59411
0.59457
0.58039
0.58246
0.5611
0.57115
0.5774
0.56134
0.55166
0.55132
0.51544
0.52153
0.53127
0.53945
0.51996
0.52512
0.52859
0.53102
0.52339
0.53071
0.54007
0.53519
0.53888
0.56909
0.5901
0.57408
0.58926
0.58207
0.56538
0.56148
0.53562
0.5387
0.53999
0.53954
0.52698
0.54496
0.55152
0.56902
0.55503
0.55659
0.57251
0.55978
0.56743
0.57297
0.58294
0.56663
0.57916
0.58581
0.60593
0.60688
0.6038
0.57046
0.55913
0.58307
0.58488
0.61046
0.6106
0.61776
0.60985
0.60994
0.59979
0.60363
0.61794
0.60514
0.63348
0.65346
0.6588
0.69638
0.6743
0.68153
0.66816
0.70334
0.71855
0.72568
0.75004
0.74979
0.76602
0.77831
0.77604
0.77085
0.7724
0.78408
0.79056
0.7643
0.76521
0.75819
0.76817
0.75205
0.7537
0.75639
0.76883
0.77223
0.77458
0.77344
0.76721
0.8028
0.8087
0.79556
0.78672
0.80268
0.78382
0.79396
0.80154
0.80285
0.79745
0.7723
0.79754
0.77913
0.77887
0.80154
0.82127
0.83697
0.87446
0.86144
0.89464
0.90886
0.94078
0.89759
0.92185
0.89315
0.87749
0.88818
0.91012
0.9344
0.94895
0.94938
0.929
0.90878
0.96249
0.95981
0.94423
0.96277
0.97659
1.0236
1.0075
0.99511
0.98786
1.0104
0.9637
0.94192
0.9704
1.0003
1.0081
1.0127
0.98469
0.98304
0.94981
0.96112
0.96394
0.95353
0.9421
0.95461
0.95018
0.95992
0.9676
0.97124
0.94752
0.96459
0.96001
0.93731
0.91841
0.91252
0.91562
0.93285
0.96243
0.96196
0.95797
0.94421
0.96228
0.97896
0.96518
0.99563
0.97537
0.95448
0.95875
0.96265
0.99742
0.95684
0.94926
0.97964
0.97141
0.98387
0.95326
0.96157
0.97827
1.0042
1.0074
0.99317
1.0042
0.9972
1.029
1.0236
1.0014
0.99506
0.97685
0.94453
0.92722
0.93991
0.95017
0.98691
1.0166
1.0232
0.99425
0.9772
0.97009
0.94457
0.94373
0.96576
0.99533
0.963
0.99495
0.97607
0.9845
0.97121
0.98029
0.96698
0.98457
0.99041
0.98704
1.0052
1.0243
1.0452
1.0388
1.0311
1.0538
1.0363
1.0208
1.0053
1.0277
0.99254
0.98827
0.98196
0.97867
0.98597
0.983
0.97173
0.9846
1.01
1.0078
0.97538
0.99334
1.0293
1.0537
1.097
1.1155
1.1096
1.1328
1.1333
1.1365
1.1468
1.1585
1.1686
1.1414
1.124
1.1251
1.1257
1.1082
1.1118
1.1413
1.1453
1.1479
1.1474
1.1336
1.1587
1.157
1.1957
1.1985
1.1642
1.2144
1.1649
1.1561
1.1727
1.1812
1.196
1.2039
1.1757
1.1679
1.1964
1.1893
1.1978
1.2007
1.1508
1.1311
1.1434
1.141
1.1318
1.1114
1.1217
1.1159
1.1193
1.0535
1.0528
1.0267
1.0295
1.0398
1.0374
1.0525
1.0274
1.0041
1.0094
0.97859
0.9737
0.98102
0.98166
0.98456
0.99061
0.99283
0.95656
0.97054
0.96578
0.94927
0.95146
0.9367
0.91981
0.91756
0.93349
0.95525
0.94827
0.94743
0.92768
0.90539
0.89276
0.88664
0.87163
0.88879
0.8955
0.88416
0.86139
0.86906
0.86552
0.86377
0.85477
0.85498
0.8784
0.89275
0.90306
0.88494
0.87603
0.87929
0.86529
0.86289
0.85883
0.84214
0.82954
0.86076
0.86446
0.8585
0.90626
0.91962
0.93405
0.92779
0.91584
0.90478
0.90771
0.88889
0.91543
0.93542
0.91589
0.90363
0.90606
0.87831
0.87844
0.84641
0.86154
0.86559
0.85393
0.83732
0.8522
0.84174
0.87239
0.87369
0.8677
0.91901
0.92199
0.92015
0.92038
0.9127
0.89695
0.8932
0.877
0.84108
0.85349
0.84511
0.81841
0.82051
0.81467
0.81244
0.81743
0.81013
0.80485
0.78119
0.76577
0.77877
0.79834
0.79632
0.78789
0.77879
0.76455
0.75735
0.79889
0.80456
0.81152
0.7899
0.76409
0.75419
0.77932
0.76356
0.76687
0.76158
0.75956
0.74841
0.73998
0.74181
0.74908
0.72396
0.72504
0.71745
0.70856
0.70197
0.72159
0.7143
0.71491
0.7444
0.73725
0.71767
0.70437
0.72399
0.70357
0.73064
0.74714
0.75052
0.73908
0.7334
0.73009
0.7198
0.6993
0.70502
0.68253
0.67857
0.67053
0.69449
0.69425
0.69557
0.72051
0.74562
0.76552
0.78458
0.7691
0.77226
0.78844
0.79986
0.81912
0.85472
0.87349
0.87822
0.882
0.8794
0.88067
0.86908
0.85216
0.88009
0.89626
0.86992
0.85987
0.86267
0.83526
0.81529
0.81236
0.79545
0.78966
0.77896
0.81202
0.80904
0.82746
0.85855
0.8425
0.85745
0.83907
0.87014
0.85926
0.85957
0.86522
0.88016
0.85082
0.86657
0.87998
0.89605
0.89959
0.87958
0.90398
0.90107
0.91018
0.93616
0.94453
0.94285
0.90766
0.91061
0.93495
0.9239
0.92248
0.94861
0.98131
0.98379
0.99247
1.0056
1.0477
1.0637
1.078
1.0993
1.0735
1.0339
1.0116
0.99465
1.0232
1.0599
1.0584
1.0432
1.0516
1.0544
1.0619
1.0501
1.028
1.0809
1.0683
1.0723
1.0635
1.0615
1.0771
1.0896
1.0824
1.0955
1.0951
1.1014
1.0869
1.0886
1.0712
1.0927
1.1066
1.1068
1.1173
1.0789
1.0905
1.1054
1.114
1.1102
1.0705
1.096
1.0971
1.106
1.1457
1.1077
1.1611
1.1488
1.1136
1.0909
1.0968
1.0661
1.0717
1.0823
1.0713
1.0781
1.0765
1.0746
1.0633
1.1007
1.1101
1.0879
1.1085
1.1167
1.1228
1.1217
1.148
1.1638
1.1378
1.1029
1.0882
1.0836
1.086
1.0742
1.0444
1.0653
1.0984
1.1115
1.1175
1.1251
1.1186
1.1201
1.1176
1.1097
1.1102
1.1317
1.1185
1.1271
1.0821
1.0867
1.1001
1.0959
1.0546
1.0712
1.0391
1.0707
1.0807
1.0949
1.1209
1.0988
1.088
1.1201
1.1496
1.1617
1.1625
1.1416
1.1614
1.1833
1.1776
1.1665
1.2038
1.2162
1.1843
1.1846
1.2306
1.2304
1.2968
1.294
1.2846
1.329
1.3032
1.3261
1.2751
1.2225
1.2416
1.2574
1.2879
1.2901
1.2832
1.2766
1.2806
1.2966
1.2774
1.2761
1.2891
1.2572
1.2562
1.2772
1.2945
1.3223
1.3335
1.2971
1.2852
1.2959
1.242
1.2334
1.2451
1.2244
1.2775
1.304
1.2787
1.2331
1.2618
1.2722
1.256
1.2853
1.2907
1.2952
1.278
1.3234
1.3909
1.4017
1.4275
1.4333
1.4197
1.4107
1.3952
1.4018
1.4158
1.4044
1.3862
1.4164
1.389
1.366
1.36
1.3704
1.4233
1.3979
1.3908
1.3956
1.3991
1.3666
1.3607
1.3651
1.3187
1.3005
1.2568
1.2453
1.2165
1.1952
1.2484
1.2408
1.2282
1.2508
1.279
1.2755
1.2592
1.2403
1.2226
1.2255
1.2585
1.2596
1.2378
1.2602
1.2917
1.2652
1.2533
1.2716
1.2615
1.2523
1.2591
1.2829
1.2569
1.2727
1.2507
1.2149
1.2061
1.2182
1.2873
1.3165
1.3468
1.3136
1.2945
1.2811
1.2952
1.2771
1.2464
1.2276
1.2453
1.2975
1.3026
1.3202
1.3611
1.3912
1.4253
1.4456
1.4229
1.3765
1.3823
1.3492
1.4045
1.3998
1.401
1.4261
1.4329
1.4246
1.4367
1.4264
1.4281
1.3931
1.434
1.4215
1.4779
1.5031
1.5193
1.5046
1.495
1.4756
1.4377
1.4501
1.4582
1.4427
1.4015
1.432
1.4066
1.3884
1.3616
1.3527
1.3381
1.3782
1.4209
1.4348
1.4432
1.4728
1.4905
1.4777
1.5036
1.4683
1.4686
1.4419
1.412
1.4144
1.4503
1.4886
1.5182
1.5377
1.5328
1.5473
1.4943
1.4806
1.4926
1.5031
1.5688
1.5932
1.5998
1.6873
1.7633
1.7781
1.8237
1.7477
1.7992
1.8053
1.8894
1.9176
1.8354
1.8827
1.9503
1.9478
1.9794
1.9742
1.9345
1.9237
1.8477
1.8326
1.8496
1.8299
1.7936
1.7494
1.7687
1.7698
1.7593
1.76
1.7258
1.6952
1.7085
1.6749
1.7296
1.6545
1.6642
1.7095
1.7091
1.7192
1.7177
1.7057
1.6662
1.731
1.7048
1.7482
1.7736
1.7509
1.7853
1.8208
1.8692
1.9206
1.8813
1.8428
1.8564
1.8065
1.8393
1.8224
1.7664
1.8063
1.7946
1.8051
1.7429
1.7071
1.6767
1.6531
1.6479
1.6216
1.5713
1.6359
1.6743
1.6713
1.6948
1.703
1.6842
1.7318
1.7306
1.6731
1.6832
1.7083
1.7227
1.7045
1.6737
1.6275
1.6306
1.6816
1.7019
1.7282
1.8282
1.8482
1.8062
1.7971
1.8647
1.8179
1.8053
1.6921
1.6968
1.7115
1.7114
1.6803
1.6582
1.6797
1.6719
1.6573
1.6084
1.5672
1.6163
1.6177
1.6373
1.6289
1.5959
1.6359
1.6341
1.5949
1.5509
1.5305
1.5395
1.5375
1.5061
1.4923
1.4992
1.5266
1.5291
1.5197
1.5147
1.5691
1.5586
1.5624
1.6358
1.7013
1.7255
1.7572
1.7776
1.7714
1.7489
1.7958
1.7775
1.7364
1.7473
1.7308
1.7134
1.5607
1.5832
1.5553
1.5899
1.5889
1.5212
1.5015
1.4628
1.4409
1.4449
1.4073
1.4124
1.442
1.442
1.4546
1.4444
1.4104
1.4061
1.4245
1.4268
1.4187
1.4454
1.4415
1.4419
1.4372
1.4373
1.4365
1.3993
1.3905
1.4133
1.3822
1.3585
1.3644
1.3441
1.3415
1.3189
1.3358
1.3399
1.3122
1.2875
1.3158
1.299
1.3628
1.3861
1.3585
1.3522
1.3599
1.3924
1.3941
1.3785
1.3884
1.3665
1.3626
1.3963
1.3734
1.3928
1.4052
1.4381
1.49
1.4529
1.4316
1.3673
1.3733
1.3568
1.4142
1.3561
1.3184
1.3029
1.3503
1.3595
1.3737
1.3984
1.3829
1.4179
1.4115
1.4344
1.4446
1.4599
1.3866
1.4276
1.427
1.4977
1.4642
1.4676
1.499
1.526
1.5394
1.5482
1.6308
1.6562
1.651
1.6249
1.603
1.6123
1.6367
1.6704
1.6357
1.6197
1.6244
1.6425
1.57
1.5664
1.544
1.5294
1.517
1.4913
1.492
1.5074
1.4227
1.4903
1.4984
1.489
1.446
1.4836
1.5
1.5332
1.5221
1.5226
1.534
1.5252
1.5299
1.4754
1.4601
1.4877
1.5397
1.5245
1.5311
1.5047
1.5468
1.5265
1.5572
1.5422
1.5183
1.4752
1.4476
1.5479
1.495
1.4773
1.5175
1.5248
1.5103
1.5115
1.5649
1.6082
1.5838
1.5519
1.5196
1.5083
1.4443
1.4569
1.4681
1.4386
1.4074
1.4183
1.4534
1.4381
1.4444
1.4798
1.5309
1.5919
1.6213
1.6483
1.665
1.6787
1.6964
1.7348
1.7367
1.7447
1.7344
1.773
1.8092
1.8444
1.8409
1.8436
1.9231
1.837
1.9134
1.9394
1.9207
1.878
1.8915
1.9081
1.9043
1.8014
1.838
1.8378
1.8546
1.8264
1.8328
1.8476
1.8614
1.8577
1.8544
1.8705
1.8652
1.8236
1.8559
1.8493
1.8763
1.9027
1.9303
1.9981
1.9336
1.8344
1.82
1.7753
1.7918
1.8355
1.7982
1.7846
1.7834
1.7589
1.7845
1.7901
1.7053
1.7196
1.678
1.6626
1.6192
1.666
1.6795
1.6411
1.6167
1.634
1.6541
1.6416
1.5511
1.5884
1.5703
1.5489
1.516
1.5117
1.4998
1.4695
1.4709
1.5163
1.5072
1.4844
1.4921
1.4797
1.4601
1.4818
1.5199
1.5216
1.4947
1.4782
1.4648
1.4305
1.4103
1.4523
1.465
1.4703
1.4773
1.4145
1.4074
1.4118
1.3925
1.3697
1.4057
1.4063
1.409
1.35
1.3998
1.3674
1.4191
1.4201
1.4335
1.4495
1.4534
1.4848
1.5246
1.5496
1.5505
1.5769
1.5802
1.5252
1.5234
1.4854
1.5119
1.5389
1.5649
1.5753
1.6146
1.6083
1.6826
1.701
1.7373
1.7803
1.8146
1.8534
1.8122
1.7432
1.7944
1.8145
1.7926
1.7753
1.7455
1.6917
1.7748
1.8139
1.7442
1.74
1.7109
1.7319
1.7295
1.7732
1.7809
1.78
1.773
1.8185
1.8035
1.8585
1.8973
1.9273
1.9555
1.9975
2.0056
1.9924
2.1041
2.1126
2.1434
2.1571
2.2227
2.2002
2.3111
2.2498
2.2154
2.2111
2.1802
2.187
2.2057
2.1472
2.0845
2.0848
2.0524
2.0897
2.1709
2.2547
2.0775
1.9941
1.9581
1.9957
2.0023
1.8961
1.8936
1.9723
1.9643
1.9884
1.9397
1.9499
1.9163
1.9952
1.933
1.9326
1.9424
1.8704
1.765
1.7862
1.6832
1.7078
1.6503
1.5972
1.5522
1.5291
1.4986
1.4639
1.454
1.4503
1.4267
1.4146
1.3875
1.3727
1.34
1.3356
1.3042
1.2636
1.2684
1.2082
1.1932
1.1906
1.2131
1.1806
1.1825
1.2074
1.2224
1.2675
1.298
1.2558
1.2521
1.287
1.2237
1.2335
1.2147
1.235
1.2731
1.2285
1.232
1.2362
1.2188
1.1986
1.2215
1.2561
1.2675
1.2703
1.24
1.2555
1.2534
1.2355
1.1973
1.1795
1.1788
1.1696
1.1861
1.1924
1.1849
1.1809
1.1648
1.1423
1.1209
1.1221
1.1325
1.0945
1.0738
1.0659
1.0561
1.0501
1.0231
0.9943
0.99437
0.98588
0.97741
0.96925
0.99165
0.97013
0.96521
0.95794
0.99891
0.97501
0.9602
0.95514
0.93936
0.93928
0.95259
0.96431
0.95879
0.96231
0.9417
0.95991
0.94922
0.96157
0.95079
0.94856
0.95331
0.98987
0.98067
0.95481
0.93748
0.94281
0.92858
0.94448
0.92853
0.9574
0.98064
0.96775
0.96075
0.9866
0.9924
0.9783
0.99593
1.0085
0.99548
0.98378
0.95466
0.96836
0.96025
0.91909
0.91341
0.93064
0.93212
0.93937
0.95992
0.97127
0.94972
0.96382
0.95217
0.94905
0.95852
0.94967
0.91978
0.94295
0.93401
0.9066
0.91201
0.91658
0.90833
0.88512
0.85898
0.85078
0.85095
0.84396
0.84584
0.84255
0.84375
0.86521
0.87814
0.91596
0.91952
0.91581
0.9232
0.93679
0.90632
0.9046
0.9252
0.93892
0.92336
0.91892
0.92104
0.92543
0.94862
0.91957
0.89911
0.90815
0.94021
0.95015
0.94373
0.91148
0.92439
0.92244
0.92508
0.91855
0.92798
0.92615
0.93165
0.94751
0.97714
1.0123
1.0247
1.0474
0.97481
0.99179
0.98751
0.99591
1.0025
1.0224
1.028
1.035
1.044
1.0412
1.0232
1.0103
0.99409
1.0151
0.99264
1.0109
0.98783
1.0036
1.0046
1.0339
1.02
0.99233
0.97546
0.9652
0.9723
0.96616
1.012
0.97266
0.97703
0.99436
0.99378
0.99195
0.98457
1.0416
1.0409
1.0439
1.0528
1.0607
1.0398
1.0551
1.0449
1.0762
1.0628
1.0451
1.0405
1.0466
1.0503
1.0658
1.0402
1.0723
1.069
1.0682
1.0769
1.0864
1.1103
1.1034
1.0987
1.0804
1.0716
1.0519
1.1009
1.1127
1.1236
1.1209
1.1231
1.0979
1.0744
1.1163
1.1234
1.1107
1.0973
1.1114
1.1261
1.1232
1.1157
1.1219
1.1159
1.1285
1.1705
1.1626
1.1697
1.1278
1.1282
1.1471
1.1332
1.1403
1.115
1.1315
1.1886
1.1841
1.1708
1.1708
1.147
1.1276
1.1447
1.1671
1.1617
1.1405
1.1163
1.0849
1.0566
1.0756
1.0855
1.0912
1.1493
1.1658
1.1503
1.1633
1.1695
1.1234
1.1262
1.095
1.1005
1.1029
1.1211
1.1383
1.1524
1.1516
1.1386
1.1537
1.1771
1.1974
1.1992
1.1794
1.1909
1.1766
1.1803
1.1258
1.1434
1.1294
1.1463
1.1378
1.1799
1.1683
1.1304
1.1637
1.1886
1.1714
1.1709
1.1537
1.1612
1.1656
1.1464
1.1355
1.1265
1.1329
1.14
1.1498
1.1505
1.148
1.1592
1.1485
1.1
1.1329
1.1347
1.1508
1.146
1.1478
1.1611
1.1617
1.203
1.2277
1.2369
1.2402
1.2616
1.2227
1.2214
1.2558
1.2519
1.2578
1.2941
1.3404
1.3727
1.3873
1.3667
1.3791
1.3948
1.4049
1.3923
1.4005
1.3339
1.37
1.3782
1.3753
1.393
1.4503
1.4103
1.4326
1.4096
1.3726
1.3453
1.2978
1.3251
1.3075
1.2931
1.3075
1.3117
1.3166
1.3113
1.3791
1.3245
1.2872
1.2682
1.2509
1.1923
1.1678
1.1817
1.184
1.1803
1.1735
1.2048
1.1782
1.1614
1.0973
1.1504
1.1291
1.1646
1.1912
1.1745
1.1573
1.1823
1.1628
1.1767
1.1748
1.1676
1.1831
1.2308
1.2419
1.2232
1.2104
1.1998
1.178
1.1255
1.1129
1.1325
1.1563
1.1431
1.1719
1.1284
1.0997
1.0996
1.1141
1.0983
1.1568
1.1753
1.1455
1.1581
1.1559
1.1509
1.1361
1.1938
1.1827
1.1913
1.1372
1.1694
1.1708
1.1393
1.1201
1.1174
1.1084
1.1278
1.107
1.0764
1.0634
1.0854
1.0902
1.0868
1.0869
1.0595
1.0569
1.0736
1.081
1.1076
1.1018
1.1573
1.182
1.1975
1.1821
1.1941
1.2291
1.1619
1.1728
1.1843
1.1905
1.1661
1.1466
1.1687
1.2182
1.196
1.1925
1.2208
1.2287
1.2425
1.2755
1.274
1.2877
1.3125
1.2956
1.2792
1.2708
1.2834
1.2748
1.2758
1.2646
1.2376
1.2436
1.2508
1.1977
1.1782
1.2122
1.2361
1.2238
1.2395
1.2105
1.2323
1.2205
1.2294
1.2364
1.2227
1.2092
1.2145
1.1915
1.1742
1.1527
1.1687
1.1806
1.2172
1.2256
1.2275
1.2289
1.2321
1.2258
1.2263
1.2205
1.2114
1.2246
1.2167
1.2232
1.1814
1.1464
1.1772
1.1517
1.1321
1.1141
1.0613
1.0776
1.0536
1.0829
1.0787
1.0713
1.0861
1.0994
1.0917
1.074
1.0723
1.0748
1.1172
1.1254
1.1248
1.1379
1.1637
1.1424
1.1887
1.1437
1.1203
1.1214
1.1134
1.1099
1.1483
1.18
1.1703
1.2059
1.2015
1.2147
1.2156
1.2195
1.2379
1.2886
1.3345
1.3486
1.3659
1.392
1.3661
1.3578
1.3643
1.3925
1.3765
1.3803
1.3899
1.4377
1.4322
1.4402
1.4277
1.4034
1.3894
1.3552
1.3486
1.3581
1.3437
1.3353
1.2867
1.3584
1.3264
1.3719
1.3725
1.3156
1.34
1.3176
1.3453
1.3455
1.341
1.3382
1.3753
1.3888
1.3772
1.3946
1.3829
1.4116
1.4301
1.4094
1.4042
1.3954
1.4062
1.393
1.4064
1.4452
1.4436
1.4001
1.4244
1.4156
1.4179
1.4361
1.4344
1.4285
1.4634
1.469
1.4703
1.4424
1.4882
1.5006
1.5444
1.5836
1.6396
1.5799
1.6454
1.6392
1.6999
1.7976
1.7675
1.8166
1.8568
1.8076
1.8123
1.8342
1.8095
1.8542
1.8482
1.7509
1.7172
1.7175
1.7129
1.7792
1.7558
1.7963
1.7961
1.7858
1.7688
1.7832
1.7845
1.7265
1.7127
1.7421
1.7565
1.7613
1.7767
1.7707
1.8155
1.781
1.7099
1.662
1.6579
1.7261
1.7141
1.7383
1.7295
1.7237
1.7339
1.8115
1.8092
1.8265
1.8874
1.8971
1.8409
1.8207
1.7486
1.7701
1.7621
1.7252
1.7621
1.7793
1.7811
1.7346
1.7714
1.7562
1.8114
1.8712
1.7875
1.827
1.835
1.821
1.7759
1.7389
1.724
1.6768
1.6942
1.6868
1.6289
1.6202
1.6155
1.6282
1.6764
1.6724
1.6422
1.644
1.6598
1.6771
1.7102
1.6778
1.65
1.6871
1.8009
1.6558
1.6128
1.5783
1.5877
1.5741
1.6203
1.5932
1.6064
1.5547
1.5567
1.5387
1.5115
1.4692
1.4322
1.4039
1.4023
1.3519
1.3939
1.4049
1.3487
1.3469
1.2914
1.2892
1.3208
1.312
1.3584
1.3818
1.3728
1.3904
1.4146
1.3881
1.4172
1.4353
1.4363
1.4528
1.4362
1.4777
1.443
1.4453
1.4295
1.4388
1.4434
1.4266
1.443
1.4442
1.5004
1.5218
1.5145
1.5899
1.6717
1.6506
1.7387
1.6994
1.7431
1.7556
1.7619
1.6949
1.6486
1.6551
1.6394
1.6297
1.6733
1.638
1.6507
1.6397
1.5699
1.5818
1.5194
1.5333
1.5508
1.5246
1.5785
1.5534
1.6187
1.6717
1.658
1.6592
1.6616
1.6896
1.651
1.6997
1.7118
1.7346
1.7635
1.6971
1.6541
1.6631
1.6898
1.7598
1.751
1.7394
1.7595
1.7097
1.735
1.7114
1.7182
1.6724
1.7396
1.7608
1.7875
1.7374
1.7909
1.7548
1.7498
1.753
1.7156
1.6579
1.7218
1.7538
1.8121
1.7714
1.8082
1.7833
1.8087
1.8959
1.8939
1.9024
1.8682
1.8413
1.8096
1.7614
1.7528
1.8673
1.8739
1.9072
1.9492
1.9627
2.0544
2.1276
2.1255
2.0537
2.0834
2.1132
2.0986
2.0956
2.1116
2.0848
2.0931
2.0869
2.1296
2.2473
2.2858
2.2898
2.2219
2.2647
2.354
2.2829
2.2803
2.2834
2.4281
2.4277
2.2579
2.2548
2.194
2.1951
2.2342
2.1329
1.9987
2.0699
2.1202
2.0788
2.0892
2.1744
2.103
2.2566
2.2352
2.217
2.1502
2.1436
2.2414
2.0481
2.0271
2.0595
1.9856
1.9955
2.0236
2.0575
2.105
2.1025
2.0711
2.046
1.9538
1.9242
1.9359
1.8673
1.8693
1.9423
1.9572
1.9835
2.0206
2.0225
2.0562
2.0932
2.2387
2.2234
2.2864
2.3481
2.2342
2.2293
2.2847
2.2047
2.2193
2.3011
2.3273
2.3786
2.4838
2.5147
2.5277
2.5948
2.6448
2.5746
2.5926
2.6074
2.7219
2.7365
2.8284
2.6823
2.7129
2.6841
2.6053
2.5377
2.5716
2.474
2.4818
2.4523
2.5801
2.6769
2.5463
2.5829
2.6623
2.6362
2.5595
2.5549
2.618
2.5629
2.4747
2.4546
2.4498
2.4854
2.6626
2.7405
2.7276
2.743
2.7724
2.8598
2.7208
2.6101
2.568
2.4781
2.6007
2.6218
2.6604
2.6223
2.68
2.6263
2.5342
2.6442
2.7481
2.7361
2.6852
2.6066
2.5863
2.5581
2.4974
2.4727
2.4654
2.4407
2.3693
2.3628
2.3371
2.3325
2.271
2.207
2.1337
2.1601
2.1973
2.2581
2.1711
2.1417
2.1135
2.0685
2.0133
2.0051
1.9491
1.8925
1.85
1.8854
1.9412
1.8562
1.898
1.9011
1.9605
1.9367
1.8831
1.8524
1.817
1.8298
1.744
1.7296
1.7267
1.7024
1.6547
1.6545
1.6431
1.681
1.6728
1.6412
1.656
1.6324
1.5811
1.654
1.645
1.6805
1.6678
1.7242
1.7553
1.7506
1.7565
1.7901
1.7415
1.6973
1.6778
1.6878
1.6452
1.6292
1.6594
1.6494
1.6339
1.665
1.7227
1.7363
1.7418
1.7476
1.7634
1.7772
1.7537
1.7202
1.7137
1.7781
1.7252
1.6469
1.642
1.599
1.5974
1.5596
1.5316
1.5679
1.6141
1.652
1.6066
1.5591
1.5815
1.5778
1.5394
1.5781
1.6279
1.5933
1.6021
1.5894
1.5298
1.5511
1.5922
1.5636
1.5849
1.552
1.5128
1.4963
1.5197
1.5093
1.4883
1.4508
1.4605
1.4751
1.4751
1.5025
1.4699
1.4579
1.4072
1.4207
1.3883
1.4234
1.4624
1.3928
1.3893
1.4079
1.3727
1.4203
1.3797
1.4152
1.4263
1.3886
1.3673
1.3775
1.3532
1.3601
1.3058
1.3274
1.346
1.3432
1.3398
1.294
1.2978
1.3071
1.3088
1.3136
1.3454
1.2946
1.3397
1.3484
1.3485
1.3738
1.4174
1.466
1.4966
1.5156
1.4284
1.4784
1.4958
1.5201
1.5309
1.4553
1.4912
1.453
1.4165
1.3858
1.3429
1.3508
1.3513
1.3564
1.3408
1.3468
1.3456
1.3121
1.3619
1.3353
1.3468
1.3281
1.3598
1.3648
1.3252
1.2877
1.2983
1.3025
1.2862
1.2592
1.2623
1.2645
1.2822
1.2931
1.2727
1.2433
1.2063
1.179
1.2009
1.1626
1.1814
1.1642
1.161
1.14
1.1091
1.0731
1.0813
1.0985
1.1212
1.1223
1.0995
1.0684
1.0682
1.0657
1.0057
1.0318
1.035
1.0262
1.0153
1.0129
1.0388
1.0324
1.0316
1.036
1.0244
1.0407
1.0661
1.0743
1.086
1.0778
1.0618
1.1
1.0903
1.1109
1.1041
1.0987
1.0755
1.0962
1.0881
1.0982
1.0898
1.0795
1.1162
1.1276
1.0794
1.0679
1.0681
1.1184
1.1536
1.1951
1.2043
1.2053
1.1924
1.1664
1.1506
1.1599
1.2178
1.2216
1.2333
1.2397
1.2547
1.2757
1.2895
1.2796
1.2998
1.23
1.2638
1.2627
1.278
1.2743
1.2396
1.2329
1.2447
1.2169
1.2388
1.2448
1.2434
1.289
1.2727
1.32
1.3214
1.2865
1.2955
1.2736
1.2718
1.3004
1.3204
1.3252
1.2921
1.2548
1.2644
1.2683
1.3373
1.3777
1.4054
1.329
1.3505
1.3024
1.338
1.3704
1.3458
1.3759
1.3538
1.3137
1.274
1.2465
1.273
1.271
1.251
1.2939
1.2897
1.3108
1.3261
1.2951
1.3001
1.3109
1.3118
1.3136
1.304
1.2655
1.2431
1.2305
1.2438
1.2645
1.3017
1.2812
1.2466
1.2468
1.2181
1.1997
1.2228
1.2588
1.254
1.2742
1.2928
1.3112
1.3029
1.2864
1.331
1.2954
1.3066
1.2846
1.2672
1.229
1.2402
1.2378
1.2393
1.2539
1.2852
1.2345
1.2122
1.2327
1.2118
1.1951
1.2048
1.2312
1.2034
1.2548
1.2722
1.2729
1.2463
1.2779
1.271
1.217
1.1962
1.1821
1.143
1.1185
1.112
1.0856
1.0662
1.0214
1.0305
1.0451
1.0411
1.0324
1.0437
1.0261
1.0373
1.0437
1.0545
1.0372
1.0172
1.0197
1.022
1.0128
0.98973
1.0337
1.0233
1.0444
1.0602
1.0578
1.0451
1.0251
1.0308
1.0406
1.0897
1.1115
1.0942
1.0743
1.0973
1.1016
1.0965
1.0604
1.0345
1.064
1.1115
1.0989
1.1111
1.1
1.1064
1.1002
1.0966
1.0598
1.1003
1.0863
1.0781
1.0859
1.0778
1.0649
1.0786
1.0975
1.1479
1.1147
1.101
1.1414
1.1188
1.1323
1.1391
1.137
1.1389
1.1364
1.1194
1.1406
1.1685
1.2089
1.1979
1.1465
1.1803
1.2074
1.1723
1.2196
1.239
1.2489
1.2604
1.2645
1.2813
1.2481
1.2442
1.2842
1.267
1.2905
1.2921
1.2623
1.2918
1.3168
1.3577
1.3792
1.3835
1.4345
1.3992
1.4262
1.3993
1.447
1.4731
1.4742
1.4485
1.4482
1.4271
1.3939
1.4126
1.3942
1.388
1.3658
1.3577
1.3733
1.3543
1.3241
1.3563
1.3449
1.3215
1.3457
1.3312
1.3766
1.3793
1.4414
1.4366
1.4259
1.4942
1.4933
1.4927
1.4817
1.4866
1.4751
1.4766
1.4716
1.5045
1.5085
1.4449
1.4072
1.367
1.3637
1.3823
1.365
1.3882
1.4033
1.367
1.4108
1.4117
1.4227
1.4029
1.4595
1.4702
1.5308
1.547
1.5544
1.5734
1.5965
1.5891
1.5908
1.6006
1.6182
1.659
1.6439
1.6481
1.6067
1.6005
1.5888
1.6022
1.6213
1.6166
1.6355
1.6244
1.6023
1.6469
1.6836
1.6619
1.7084
1.7266
1.7462
1.7714
1.7306
1.7297
1.7865
1.7609
1.7237
1.739
1.7546
1.7881
1.735
1.6767
1.6707
1.619
1.6418
1.6626
1.5943
1.6043
1.568
1.6171
1.5804
1.6615
1.5833
1.6132
1.6363
1.6209
1.6355
1.6594
1.6735
1.7089
1.6729
1.6366
1.6875
1.7117
1.7061
1.6765
1.7257
1.7356
1.6781
1.697
1.6508
1.6381
1.6716
1.7082
1.7126
1.6931
1.706
1.634
1.6739
1.6754
1.7088
1.7077
1.7311
1.6725
1.6664
1.5113
1.5018
1.5167
1.5249
1.503
1.482
1.4813
1.4987
1.4808
1.4647
1.4795
1.5083
1.5093
1.4825
1.4665
1.4442
1.3909
1.3712
1.3624
1.3756
1.3317
1.2752
1.2874
1.2962
1.3165
1.2928
1.2775
1.2925
1.2707
1.2737
1.2923
1.3277
1.2961
1.3593
1.3678
1.3265
1.3264
1.2892
1.2862
1.3013
1.31
1.2895
1.2899
1.2614
1.2561
1.2491
1.2589
1.2548
1.2497
1.2374
1.2637
1.2304
1.2524
1.2236
1.2121
1.1972
1.1866
1.1983
1.1758
1.1905
1.2605
1.2675
1.2755
1.2618
1.2742
1.2968
1.3107
1.3157
1.2746
1.242
1.2861
1.2644
1.2728
1.2893
1.2579
1.2323
1.2617
1.3058
1.2432
1.1982
1.187
1.1821
1.2251
1.2128
1.2521
1.2511
1.2313
1.2587
1.3027
1.3367
1.3326
1.3443
1.4077
1.412
1.4365
1.4341
1.4299
1.3485
1.3846
1.4197
1.4416
1.439
1.3931
1.3547
1.3545
1.3111
1.3069
1.3018
1.3159
1.278
1.2806
1.2962
1.2792
1.3142
1.3163
1.2714
1.3109
1.29
1.257
1.2817
1.3007
1.2832
1.2466
1.2636
1.2205
1.2237
1.2211
1.181
1.1706
1.1531
1.1463
1.1859
1.1793
1.1882
1.1532
1.1639
1.2177
1.2053
1.2556
1.2807
1.3128
1.3133
1.3029
1.337
1.3527
1.3444
1.3266
1.3107
1.3396
1.3036
1.3171
1.3047
1.3059
1.318
1.3818
1.3194
1.3478
1.3649
1.3304
1.3557
1.3248
1.3737
1.4183
1.431
1.3482
1.353
1.3426
1.3703
1.3246
1.3181
1.3562
1.3736
1.3615
1.3073
1.3016
1.3207
1.281
1.3187
1.3755
1.365
1.3702
1.3459
1.3473
1.3554
1.3249
1.3041
1.2603
1.2229
1.2179
1.1914
1.1632
1.2067
1.2488
1.2697
1.2707
1.2897
1.3485
1.3425
1.361
1.4019
1.4456
1.4987
1.4753
1.4606
1.4711
1.4978
1.4366
1.4519
1.3816
1.3807
1.3884
1.4261
1.398
1.4311
1.4018
1.3858
1.3494
1.3825
1.3953
1.3899
1.3702
1.3465
1.3685
1.3698
1.4039
1.4079
1.4204
1.4686
1.4433
1.4877
1.4721
1.4629
1.4798
1.4787
1.5239
1.6021
1.6513
1.6151
1.6558
1.6845
1.6684
1.7531
1.7794
1.8617
1.8392
1.8431
1.7756
1.8078
1.7999
1.7888
1.8243
1.7953
1.7691
1.7701
1.7548
1.7602
1.7644
1.7312
1.7774
1.7569
1.7722
1.8275
1.8308
1.8997
1.9214
1.9333
1.8608
1.877
1.8722
1.8943
1.9348
1.9401
1.9238
1.8874
1.8957
1.8951
1.8228
1.7968
1.8715
1.9071
1.9368
1.9245
1.8763
1.9491
1.8911
1.9111
1.8943
1.9663
1.9904
1.9146
1.9282
1.9222
1.9584
1.9672
2.0337
1.9839
2.0706
2.1465
2.1633
2.1383
2.1524
2.185
2.2329
2.2076
2.254
2.2612
2.213
2.2554
2.2127
2.1814
2.0693
2.0183
2.0025
2.0143
2.074
2.0969
2.0947
2.1015
2.2015
2.1836
2.2616
2.2352
2.2328
2.2125
2.2422
2.3517
2.3581
2.3975
2.5629
2.6708
2.6778
2.461
2.4471
2.4814
2.5662
2.7232
2.766
2.7763
2.8406
2.7823
2.8007
2.7154
2.8077
2.9067
2.8958
2.8706
2.7761
2.8027
2.9575
2.8649
2.8771
3.0241
2.9963
3.0567
3.0862
3.0205
3.0688
3.0168
2.836
2.8478
2.8585
2.8279
2.8113
2.9223
2.8753
2.8659
2.8613
2.8445
2.8412
2.7049
2.8387
2.8423
2.7432
2.8199
2.6831
2.5868
2.451
2.547
2.5587
2.4928
2.559
2.5444
2.412
2.3544
2.3572
2.2943
2.3122
2.3018
2.289
2.2856
2.1794
2.1923
2.1745
2.2534
2.3272
2.3193
2.459
2.5097
2.5154
2.5627
2.599
2.5517
2.5549
2.5188
2.6245
2.6676
2.56
2.5916
2.4349
2.4411
2.4573
2.4212
2.3166
2.2658
2.2155
2.1325
2.1177
2.1048
2.1087
2.0201
2.0762
2.1086
2.1469
2.1159
2.1094
2.1997
2.2555
2.2272
2.2373
2.1929
2.252
2.1826
2.1395
2.1414
2.1354
2.0891
2.0392
1.9903
1.9552
1.9723
2.0013
2.0288
2.0432
2.0321
2.0155
2.0221
2.0574
2.0151
1.9256
1.8667
1.8761
1.9245
1.9179
1.8896
1.9215
1.9492
1.9412
1.8681
1.9515
2.0241
2.0346
2.0146
2.0684
2.0625
1.9812
1.9744
1.9599
1.9248
1.8801
1.8681
1.8621
1.8183
1.8156
1.8251
1.8199
1.7582
1.745
1.7211
1.693
1.648
1.6883
1.7102
1.6698
1.7124
1.6795
1.7007
1.6693
1.6535
1.6812
1.6978
1.7245
1.7404
1.758
1.7402
1.7479
1.7398
1.8446
1.7727
1.78
1.8264
1.8311
1.8255
1.8389
1.825
1.8859
1.9371
2.0291
2.0538
1.9866
2.1199
2.0143
2.0487
1.9946
2.0084
2.0493
2.0586
2.1266
2.0653
1.9564
2.0142
1.9814
2.0525
2.074
2.0581
1.9656
1.969
1.9723
2.01
2.0492
2.087
2.0854
2.0744
2.0254
2.0989
2.0594
2.0573
2.0758
2.072
2.0882
2.1308
2.2085
2.2703
2.3454
2.4206
2.3741
2.3807
2.3665
2.4401
2.457
2.5342
2.6004
2.5225
2.4995
2.5982
2.5154
2.5969
2.6328
2.6152
2.631
2.5539
2.5436
2.6038
2.5263
2.4467
2.4869
2.5306
2.5348
2.7377
2.9003
2.8654
2.9669
2.9562
2.9683
2.9548
3.1088
2.9682
3.0191
3.0215
3.08
2.9372
2.923
2.6759
2.7451
2.7776
2.9157
3.0952
3.1249
3.0707
3.2392
3.2186
2.809
2.7366
2.656
2.621
2.5698
2.5968
2.6462
2.614
2.6988
2.8069
2.8679
2.8641
2.7339
2.844
2.8614
2.8284
2.9695
3.1184
3.1077
3.0819
2.9668
3.102
2.9695
2.8425
2.941
3.1004
3.0999
2.9382
2.9006
2.7158
2.7197
2.6751
2.6435
2.6801
2.8168
2.8305
2.8217
2.7584
2.7003
2.7292
2.821
2.5085
2.5403
2.5016
2.4914
2.5784
2.4707
2.4968
