1
0.96774
0.96719
0.9631
0.96249
0.96782
0.9753
0.98202
0.97838
0.96177
0.9581
0.93966
0.92926
0.93066
0.92521
0.92729
0.93237
0.92751
0.91986
0.91387
0.91013
0.91627
0.89482
0.89379
0.88377
0.87255
0.87334
0.8607
0.85793
0.86272
0.85412
0.85555
0.85275
0.84641
0.86462
0.86654
0.86354
0.86595
0.86964
0.86616
0.86238
0.8655
0.85434
0.86502
0.87624
0.87485
0.8793
0.87302
0.87693
0.88068
0.87886
0.87918
0.87343
0.87397
0.8555
0.85961
0.86132
0.85405
0.85762
0.86282
0.85561
0.85547
0.84673
0.84469
0.83969
0.84485
0.84761
0.84411
0.83734
0.83546
0.83509
0.83037
0.84225
0.84086
0.83509
0.83996
0.84536
0.83636
0.8207
0.81381
0.79696
0.80341
0.79941
0.80633
0.79818
0.79142
0.79348
0.78365
0.79011
0.78849
0.79063
0.79506
0.79763
0.7972
0.79428
0.78723
0.79695
0.80366
0.80021
0.79747
0.79563
0.79004
0.79036
0.79198
0.78687
0.78318
0.77985
0.78114
0.76794
0.77365
0.77256
0.77021
0.78162
0.78521
0.78226
0.777
0.77298
0.78343
0.78082
0.76292
0.76182
0.76452
0.76825
0.75613
0.75966
0.74788
0.74361
0.75161
0.7501
0.75135
0.74861
0.74985
0.75217
0.75004
0.74803
0.75338
0.76139
0.76426
0.76218
0.7615
0.76219
0.77161
0.76734
0.77159
0.7708
0.76567
0.76999
0.77714
0.76548
0.76518
0.76275
0.76261
0.76093
0.75959
0.75774
0.75555
0.75173
0.76071
0.7524
0.74436
0.74254
0.74786
0.74973
0.7464
0.74536
0.74915
0.74408
0.75169
0.7494
0.74066
0.73864
0.73698
0.72853
0.72384
0.7342
0.73494
0.72986
0.72501
0.73196
0.73729
0.73786
0.73694
0.7313
0.7297
0.7312
0.73821
0.73788
0.73795
0.73381
0.73968
0.74057
0.74153
0.74285
0.73937
0.73568
0.73303
0.73037
0.72595
0.72808
0.72727
0.72558
0.73128
0.72487
0.71958
0.7155
0.71821
0.71411
0.7079
0.70554
0.70482
0.70697
0.70091
0.69453
0.68809
0.68824
0.69589
0.6961
0.696
0.6927
0.69267
0.69277
0.69193
0.69312
0.69026
0.68968
0.69004
0.69383
0.69712
0.70174
0.70148
0.70383
0.70438
0.70617
0.70172
0.70216
0.70621
0.70565
0.71138
0.71094
0.71297
0.71915
0.72365
0.72044
0.7203
0.72267
0.71999
0.72108
0.71627
0.71827
0.71684
0.7198
0.71778
0.72447
0.73065
0.73333
0.73406
0.72845
0.72791
0.72341
0.72243
0.72704
0.7307
0.73095
0.72893
0.72959
0.72972
0.7208
0.71903
0.72453
0.71538
0.71078
0.71553
0.71557
0.70696
0.70909
0.70389
0.70214
0.69639
0.69467
0.69115
0.69757
0.69591
0.69933
0.7031
0.70409
0.69275
0.68899
0.67766
0.68015
0.67781
0.67475
0.67733
0.67388
0.6741
0.66986
0.66745
0.66344
0.65985
0.66069
0.66138
0.65949
0.65917
0.65777
0.65722
0.65806
0.65122
0.65129
0.65486
0.65291
0.64864
0.6464
0.64345
0.6387
0.63593
0.62977
0.63532
0.63113
0.63198
0.62797
0.62926
0.6272
0.62294
0.62008
0.61934
0.6182
0.61775
0.61599
0.61603
0.61746
0.61732
0.61583
0.61389
0.61078
0.60987
0.61422
0.61069
0.6067
0.60657
0.60597
0.60709
0.60517
0.6039
0.60811
0.60621
0.60932
0.60633
0.60536
0.60625
0.60344
0.60089
0.59792
0.59803
0.60001
0.59887
0.60067
0.59834
0.60018
0.59724
0.59685
0.59447
0.59295
0.59203
0.58961
0.58937
0.58785
0.58575
0.58495
0.58616
0.58408
0.58313
0.57959
0.57666
0.57604
0.57638
0.57684
0.57433
0.57375
0.57165
0.57009
0.56894
0.56961
0.5672
0.56474
0.56345
0.56329
0.56371
0.56207
0.56085
0.55938
0.55908
0.55877
0.55701
0.55545
0.55467
0.55515
0.55435
0.55129
0.55034
0.5493
0.54825
0.54658
0.54492
0.54557
0.54528
0.54434
0.54292
0.5413
0.54042
0.54118
0.53946
0.53938
0.53803
0.53771
0.53682
0.53589
0.53526
0.53378
0.5311
0.52975
0.52948
0.5279
0.52691
0.52614
0.52502
0.52371
0.52267
0.52156
0.52052
0.51947
0.5186
0.51669
0.51506
0.51376
0.5126
0.51141
0.51044
0.50961
0.5089
0.50759
0.50652
0.50529
0.50431
0.5033
0.50238
0.50125
0.50023
0.49917
0.49812
0.49703
0.49601
0.495
0.49398
0.49273
0.49167
0.49037
0.48901
0.48786
0.48729
0.48616
0.48485
0.48399
0.48284
0.48155
0.48024
0.47919
0.47857
0.47759
0.47671
0.47555
0.47428
0.47341
0.47102
0.46946
0.46873
0.46708
0.46671
0.46567
0.46508
0.46391
0.46397
0.46291
0.46291
0.46138
0.46132
0.46069
0.45954
0.4576
0.4561
0.45454
0.45263
0.4524
0.45084
0.45043
0.44896
0.44732
0.4459
0.44663
0.44384
0.44192
0.44071
0.43856
0.43848
0.43976
0.43718
0.4372
0.43486
0.43327
0.43165
0.43227
0.43065
0.43045
0.42737
0.4251
0.42241
0.42287
0.42273
0.42069
0.42108
0.41993
0.4191
0.41969
0.41577
0.41517
0.41122
0.41093
0.40997
0.40643
0.40689
0.40478
0.40284
0.40408
0.40116
0.39763
0.3961
0.39442
0.39322
0.39233
0.39229
0.39088
0.39106
0.39131
0.39191
0.39163
0.38714
0.38645
0.38986
0.39234
0.38934
0.38465
0.38125
0.38115
0.38376
0.38247
0.38671
0.38265
0.38164
0.38058
0.38118
0.37731
0.37316
0.37164
0.36719
0.36569
0.36705
0.3609
0.36075
0.36034
0.35847
0.35716
0.35678
0.35378
0.35053
0.35429
0.34876
0.34352
0.34561
0.34589
0.34262
0.34294
0.33851
0.33501
0.33297
0.32979
0.32371
0.32324
0.31886
0.31304
0.31753
0.31241
0.30816
0.31065
0.30868
0.30676
0.29512
0.2956
0.29183
0.28631
0.29086
0.28537
0.28754
0.29015
0.29309
0.29194
0.2947
0.29202
0.28948
0.28682
0.29187
0.28179
0.27956
0.2728
0.26944
0.26502
0.2646
0.25733
0.25679
0.25696
0.25121
0.24509
0.25155
0.25972
0.2584
0.2617
0.2651
0.26639
0.26287
0.25817
0.25873
0.25616
0.24763
0.25063
0.24698
0.2518
0.25127
0.24075
0.23675
0.23668
0.22787
0.2293
0.23567
0.22881
0.2342
0.22599
0.21574
0.22277
0.21769
0.20905
0.20923
0.2046
0.20576
0.2094
0.21007
0.19728
0.18458
0.19039
0.20125
0.20081
0.19742
0.1926
0.19508
0.19453
0.186
0.20253
0.20652
0.21361
0.22406
0.21819
0.22858
0.22383
0.22515
0.22221
0.21732
0.21765
0.22444
0.22904
0.23295
0.22989
0.22186
0.22411
0.22233
0.22319
0.234
0.23292
0.23354
0.22877
0.22215
0.22729
0.23258
0.2257
0.22662
0.23433
0.24726
0.24121
0.23176
0.23459
0.23004
0.22014
0.21665
0.21561
0.21624
0.2211
0.22118
0.225
0.23351
0.23855
0.23857
0.23311
0.22134
0.2278
0.2348
0.2249
0.22258
0.21605
0.22033
0.22546
0.21751
0.21295
0.21734
0.22492
0.22357
0.21983
0.21894
0.21313
0.2097
0.2099
0.20685
0.20222
0.19079
0.178
0.17798
0.17844
0.17632
0.17483
0.16445
0.17816
0.17317
0.16797
0.16544
0.16563
0.17038
0.18529
0.19053
0.19169
0.17887
0.16698
0.16716
0.16566
0.16008
0.1473
0.14338
0.14229
0.15551
0.15582
0.15465
0.14848
0.13897
0.13501
0.11711
0.11258
0.10884
0.10752
0.10879
0.10831
0.10001
0.091862
0.094534
0.091082
0.10918
0.11303
0.11298
0.11718
0.11994
0.11774
0.11899
0.10653
0.10109
0.091829
0.090382
0.076184
0.059838
0.065123
0.077046
0.082
0.090353
0.091506
0.093542
0.094147
0.097279
0.11122
0.11026
0.096527
0.090726
0.084007
0.08125
0.076818
0.064877
0.065598
0.05558
0.058734
0.043106
0.038307
0.032971
0.031859
0.034963
0.034633
0.037057
0.031579
0.018877
0.012633
0.010342
0.020351
0.023626
0.039572
0.042079
0.044762
0.025023
0.025176
0.025454
0.036995
0.029575
0.036416
0.038712
0.03365
0.016008
0.016641
0.017092
0.016453
0.0087849
0.00073066
0.018856
0.028752
0.026598
0.020081
0.0024082
-0.0098948
-0.018763
-0.038396
-0.040237
-0.028486
-0.0093953
-0.01827
-0.010917
-0.022037
-0.014768
-0.031373
-0.048772
-0.050171
-0.042179
-0.024952
-0.026379
-0.01106
-0.003851
-0.010166
-0.022765
-0.0324
-0.040087
-0.062051
-0.070671
-0.083195
-0.096923
-0.093495
-0.083598
-0.075275
-0.077225
-0.095654
-0.10573
-0.12038
-0.11188
-0.12017
-0.11395
-0.1274
-0.1388
-0.12373
-0.15069
-0.15714
-0.16734
-0.17176
-0.18678
-0.17212
-0.17184
-0.15433
-0.15932
-0.15967
-0.16738
-0.17002
-0.14634
-0.14166
-0.15725
-0.1698
-0.18826
-0.17493
-0.17982
-0.17459
-0.17376
-0.17213
-0.1936
-0.17465
-0.16759
-0.17041
-0.16213
-0.15127
-0.16092
-0.17822
-0.19569
-0.19099
-0.18505
-0.18587
-0.20241
-0.17805
-0.16533
-0.15149
-0.15712
-0.14975
-0.13839
-0.14363
-0.12836
-0.12661
-0.11997
-0.12841
-0.11935
-0.13507
-0.14263
-0.14526
-0.1457
-0.15011
-0.1388
-0.15086
-0.13849
-0.14066
-0.12552
-0.13901
-0.13216
-0.15245
-0.15364
-0.17005
-0.15247
-0.14263
-0.15699
-0.15557
-0.14915
-0.16722
-0.15192
-0.16565
-0.17415
-0.17197
-0.19235
-0.18431
-0.19403
-0.18746
-0.18769
-0.18685
-0.19193
-0.20192
-0.17979
-0.16346
-0.15554
-0.16715
-0.1673
-0.17607
-0.17957
-0.21119
-0.21787
-0.20387
-0.18594
-0.19612
-0.18733
-0.17282
-0.17479
-0.18322
-0.21173
-0.20975
-0.19568
-0.18717
-0.17161
-0.15903
-0.14795
-0.14962
-0.15411
-0.17956
-0.17138
-0.16311
-0.14757
-0.15783
-0.17479
-0.17208
-0.15728
-0.15635
-0.15695
-0.16727
-0.16193
-0.136
-0.14925
-0.13606
-0.14156
-0.16653
-0.18721
-0.19747
-0.18668
-0.16863
-0.16284
-0.14479
-0.1438
-0.14187
-0.14507
-0.12935
-0.11304
-0.093173
-0.10086
-0.11473
-0.10015
-0.10338
-0.12491
-0.12556
-0.13483
-0.14461
-0.13838
-0.13289
-0.13354
-0.11112
-0.10146
-0.10853
-0.10539
-0.10098
-0.10712
-0.09362
-0.10596
-0.1128
-0.12345
-0.13479
-0.14915
-0.17516
-0.18167
-0.173
-0.19789
-0.20211
-0.20164
-0.19779
-0.21047
-0.20085
-0.21048
-0.20326
-0.18923
-0.21039
-0.22721
-0.21928
-0.22546
-0.23548
-0.23556
-0.23537
-0.23579
-0.23176
-0.24471
-0.25703
-0.28115
-0.30031
-0.2929
-0.28051
-0.28682
-0.27304
-0.2698
-0.28357
-0.27331
-0.25275
-0.2695
-0.24918
-0.26389
-0.25261
-0.26635
-0.2329
-0.23427
-0.21453
-0.21171
-0.22459
-0.25111
-0.28616
-0.29873
-0.30694
-0.33221
-0.29334
-0.28559
-0.30638
-0.29914
-0.29804
-0.31166
-0.29675
-0.28571
-0.306
-0.30564
-0.31297
-0.33639
-0.33983
-0.35657
-0.36172
-0.32768
-0.33143
-0.31997
-0.31782
-0.33966
-0.35979
-0.39939
-0.41296
-0.39263
-0.39892
-0.36857
-0.37278
-0.35508
-0.36347
-0.38374
-0.37976
-0.39386
-0.41445
-0.41397
-0.433
-0.43334
-0.42501
-0.42415
-0.42328
-0.44736
-0.43339
-0.42702
-0.42804
-0.44369
-0.44397
-0.45007
-0.4573
-0.45123
-0.45797
-0.44778
-0.43913
-0.42553
-0.44725
-0.4548
-0.45121
-0.49138
-0.5016
-0.49218
-0.47758
-0.48047
-0.46985
-0.44646
-0.44251
-0.45261
-0.4312
-0.44428
-0.45171
-0.46791
-0.46255
-0.48151
-0.49342
-0.50278
-0.50318
-0.51055
-0.50399
-0.52679
-0.53247
-0.56014
-0.54085
-0.54636
-0.58122
-0.57859
-0.57304
-0.60317
-0.61012
-0.61159
-0.59223
-0.57079
-0.56214
-0.58328
-0.58831
-0.5951
-0.61727
-0.60108
-0.61879
-0.60726
-0.60328
-0.62893
-0.61911
-0.6336
-0.62033
-0.63327
-0.62129
-0.66289
-0.66519
-0.6515
-0.68277
-0.72987
-0.72839
-0.72475
-0.76804
-0.80239
-0.79247
-0.78473
-0.78377
-0.80215
-0.79788
-0.81725
-0.79803
-0.82898
-0.85777
-0.84796
-0.87372
-0.90474
-0.90027
-0.85302
-0.86547
-0.90038
-0.9338
-0.95686
-0.96302
-0.98741
-0.97823
-0.98832
-0.99925
-0.95252
-0.94106
-0.96447
-0.98395
-0.95641
-0.96644
-0.92557
-0.89671
-0.89269
-0.87821
-0.8658
-0.85268
-0.83587
-0.82996
-0.8824
-0.85563
-0.8364
-0.83467
-0.83742
-0.84838
-0.84692
-0.86951
-0.86598
-0.87935
-0.90962
-0.92735
-0.94191
-0.95027
-0.94266
-0.94032
-0.93414
-0.96665
-0.92451
-0.89991
-0.87746
-0.87763
-0.88341
-0.87297
-0.87419
-0.80884
-0.79106
-0.77187
-0.74075
-0.76312
-0.75692
-0.75392
-0.76954
-0.80985
-0.88408
-0.93917
-0.91991
-0.89482
-0.94389
-0.93171
-0.88751
-0.86451
-0.80617
-0.76859
-0.77592
-0.78828
-0.76808
-0.75109
-0.78131
-0.77175
-0.77581
-0.70236
-0.68541
-0.68591
-0.70197
-0.67883
-0.71184
-0.72963
-0.72487
-0.72426
-0.77142
-0.7785
-0.74715
-0.74929
-0.74613
-0.75153
-0.72568
-0.72168
-0.73733
-0.7245
-0.71386
-0.7309
-0.72997
-0.71761
-0.739
-0.73234
-0.72456
-0.74002
-0.77308
-0.74994
-0.70992
-0.72841
-0.71011
-0.68743
-0.6872
-0.69745
-0.6826
-0.66832
-0.6581
-0.61997
-0.58687
-0.56686
-0.53474
-0.52515
-0.50463
-0.50482
-0.52607
-0.52328
-0.53346
-0.55371
-0.54963
-0.56599
-0.58046
-0.59402
-0.60667
-0.59877
-0.60651
-0.60421
-0.62153
-0.6209
-0.64254
-0.64952
-0.62372
-0.61209
-0.60636
-0.60934
-0.60847
-0.60999
-0.59557
-0.58287
-0.56037
-0.55738
-0.56886
-0.59382
-0.60737
-0.63284
-0.68948
-0.68249
-0.66742
-0.64011
-0.64634
-0.66828
-0.70188
-0.705
-0.69833
-0.66572
-0.70092
-0.69523
-0.69349
-0.68049
-0.63716
-0.64437
-0.67269
-0.70367
-0.69934
-0.6939
-0.72837
-0.75127
-0.7603
-0.70811
-0.70956
-0.68001
-0.71293
-0.73603
-0.73407
-0.72913
-0.70764
-0.74156
-0.73323
-0.73744
-0.76624
-0.74296
-0.74514
-0.75687
-0.77315
-0.75914
-0.78079
-0.78074
-0.78462
-0.78524
-0.72014
-0.76658
-0.7875
-0.78373
-0.78689
-0.76306
-0.72341
-0.74072
-0.73791
-0.71167
-0.71013
-0.66428
-0.62654
-0.58128
-0.581
-0.56965
-0.56526
-0.60268
-0.59046
-0.56773
-0.57649
-0.56467
-0.58793
-0.61397
-0.6181
-0.63572
-0.70891
-0.72997
-0.72811
-0.74192
-0.73108
-0.69142
-0.68554
-0.71277
-0.6804
-0.71761
-0.72247
-0.68808
-0.67235
-0.63909
-0.61715
-0.62102
-0.6228
-0.65629
-0.65314
-0.66285
-0.64384
-0.65293
-0.65856
-0.62698
-0.6485
-0.67213
-0.63899
-0.62726
-0.62802
-0.66818
-0.63202
-0.63918
-0.63902
-0.63498
-0.65956
-0.69292
-0.71154
-0.69676
-0.68868
-0.66954
-0.69872
-0.71494
-0.68624
-0.69593
-0.74684
-0.70235
-0.70817
-0.67837
-0.67377
-0.70649
-0.69747
-0.72621
-0.76089
-0.77883
-0.73643
-0.70188
-0.69373
-0.68049
-0.71519
-0.72827
-0.73933
-0.77787
-0.81262
-0.84388
-0.8134
-0.81409
-0.80982
-0.81507
-0.86433
-0.85798
-0.85194
-0.85543
-0.88945
-0.87304
-0.85833
-0.8492
-0.87755
-0.89491
-0.88364
-0.88443
-0.90553
-0.89015
-0.92441
-0.92118
-0.98592
-0.99244
-0.96301
-0.98246
-0.93823
-0.92459
-0.87557
-0.89235
-0.88156
-0.90561
-0.91847
-0.91843
-0.88036
-0.8862
-0.86484
-0.92242
-0.93226
-0.9536
-0.95232
-0.9599
-0.89998
-0.92878
-0.93032
-0.93193
-0.98576
-1.0697
-1.1052
-1.1078
-1.0595
-1.0877
-1.1331
-1.0789
-1.041
-1.0486
-1.0601
-1.0215
-1.0606
-1.0313
-1.0755
-1.1054
-1.1335
-1.1495
-1.1869
-1.1751
-1.1437
-1.104
-1.1115
-1.1305
-1.1222
-1.1104
-1.1644
-1.1576
-1.1674
-1.1583
-1.1735
-1.1516
-1.1169
-1.1081
-1.0744
-1.0776
-1.0873
-1.0513
-1.0851
-1.0341
-1.0064
-1.0294
-1.0223
-1.0273
-1.0485
-1.084
-1.1091
-1.0519
-1.037
-1.0454
-1.0125
-1.0214
-0.99864
-0.97993
-1.01
-1.0043
-1.0192
-0.99911
-1.0264
-1.0224
-1.0133
-1.0348
-0.99149
-1.0276
-1.0144
-1.0269
-0.99045
-1.0626
-1.0382
-1.078
-1.0853
-1.0842
-1.1005
-1.1249
-1.2208
-1.1892
-1.1954
-1.1812
-1.2073
-1.2293
-1.2708
-1.261
-1.2671
-1.2834
-1.2702
-1.2625
-1.2773
-1.2217
-1.2225
-1.258
-1.1994
-1.2652
-1.2832
-1.3014
-1.3131
-1.3517
-1.3357
-1.3476
-1.3494
-1.3437
-1.3271
-1.2526
-1.2533
-1.2141
-1.2365
-1.246
-1.1851
-1.1645
-1.1582
-1.1401
-1.1643
-1.1766
-1.1415
-1.121
-1.0977
-1.1138
-1.1461
-1.1329
-1.1474
-1.1596
-1.1716
-1.1677
-1.1695
-1.14
-1.1353
-1.171
-1.195
-1.166
-1.1879
-1.2092
-1.1641
-1.1193
-1.0743
-1.0586
-1.0949
-1.0835
-1.0749
-1.0382
-1.0391
-1.0494
-1.0522
-1.0605
-1.0751
-1.0317
-1.0447
-1.0445
-1.0629
-1.0115
-1.0097
-0.97875
-0.9781
-0.9657
-1.0005
-0.96921
-0.96872
-1.0022
-1.0092
-1.039
-1.0176
-1.0369
-0.99992
-0.9856
-0.99884
-1.0106
-1.0174
-1.0826
-1.1506
-1.1803
-1.2209
-1.1683
-1.1466
-1.1883
-1.197
-1.2556
-1.2731
-1.2911
-1.3038
-1.2867
-1.2842
-1.2704
-1.309
-1.3361
-1.3301
-1.3496
-1.3358
-1.3371
-1.3244
-1.2362
-1.2143
-1.2115
-1.2067
-1.2011
-1.1996
-1.2197
-1.1909
-1.187
-1.1625
-1.1331
-1.1722
-1.1741
-1.2267
-1.3055
-1.3443
-1.3276
-1.3066
-1.2832
-1.2554
-1.274
-1.2291
-1.216
-1.2378
-1.2735
-1.2542
-1.2258
-1.2055
-1.2511
-1.2471
-1.2801
-1.2542
-1.2655
-1.2704
-1.2525
-1.2563
-1.2257
-1.2696
-1.2784
-1.2418
-1.2274
-1.2371
-1.2315
-1.247
-1.2078
-1.1929
-1.1778
-1.1706
-1.2318
-1.2057
-1.1767
-1.193
-1.2294
-1.2213
-1.1623
-1.1646
-1.109
-1.0814
-1.1148
-1.124
-1.1251
-1.0572
-1.0984
-1.1162
-1.089
-1.1201
-1.0958
-1.0581
-1.0776
-1.1424
-1.1386
-1.0781
-1.0945
-1.005
-1.0123
-1.0479
-1.074
-1.0768
-1.0715
-1.1359
-1.1179
-1.0894
-1.0898
-1.0535
-1.0142
-1.0048
-1.0106
-1.0139
-1.062
-1.065
-1.0801
-1.091
-1.1005
-1.104
-1.0666
-1.0941
-1.0733
-1.0544
-1.0154
-1.0603
-1.0924
-1.1107
-1.1338
-1.1644
-1.1301
-1.1491
-1.1377
-1.1317
-1.1277
-1.0555
-1.0461
-1.0438
-1.0791
-1.0505
-1.0063
-1.0004
-1.0186
-0.99187
-1.0005
-0.99245
-0.90354
-0.88876
-0.9353
-0.93115
-0.91217
-0.94082
-0.9868
-1.0509
-1.0138
-1.0776
-1.0307
-1.0196
-1.0342
-1.0411
-1.057
-1.0096
-1.0487
-1.0959
-1.1588
-1.1193
-1.1346
-1.1444
-1.1815
-1.1951
-1.1978
-1.1027
-1.1404
-1.1205
-1.1939
-1.1795
-1.1521
-1.1724
-1.1783
-1.1809
-1.1413
-1.0855
-1.0672
-1.0368
-1.064
-1.0545
-1.0651
-1.0729
-1.0281
-1.0489
-1.0793
-1.0934
-1.0736
-1.1135
-1.0791
-1.0662
-1.0378
-1.0622
-1.0938
-1.0887
-1.0456
-1.0649
-1.0491
-1.0167
-0.96485
-0.95743
-0.98749
-1.0016
-0.99289
-0.98227
-1.0009
-1.0262
-1.021
-0.9998
-1.0099
-1.03
-1.0292
-1.0516
-1.0741
-1.0401
-1.0659
-1.1367
-1.1044
-1.0933
-1.0947
-1.0492
-1.0201
-1.0391
-0.99933
-0.96331
-0.9641
-0.98201
-0.95626
-0.93464
-0.92509
-0.93213
-0.90489
-0.88923
-0.86673
-0.85617
-0.86326
-0.87704
-0.90555
-0.94017
-0.9025
-0.91593
-0.87207
-0.83495
-0.84976
-0.86697
-0.88399
-0.88009
-0.84472
-0.81841
-0.83587
-0.84994
-0.88365
-0.91131
-0.91687
-0.88147
-0.90883
-0.90929
-0.94252
-0.94614
-0.93883
-0.96341
-0.96493
-0.92354
-0.97452
-0.99231
-0.97377
-0.98806
-0.98581
-1.0474
-1.0459
-1.0497
-1.0479
-1.0179
-0.98392
-0.99812
-1.0224
-1.0421
-1.0077
-0.98991
-0.96899
-0.99796
-1.009
-1.0126
-1.0129
-0.9844
-0.99183
-1.0063
-1.0218
-1.0314
-1.0165
-0.9932
-1.0484
-1.0479
-0.9667
-0.92974
-0.94965
-0.93137
-0.95146
-0.91023
-0.93209
-0.97056
-0.95592
-0.976
-0.97389
-0.94251
-0.93716
-0.93299
-0.90493
-0.88719
-0.89828
-0.94648
-0.97171
-0.98673
-0.97586
-0.96053
-0.98173
-0.99504
-1.0428
-1.0492
-1.0464
-1.0761
-1.041
-1.0398
-1.0588
-1.0338
-1.0604
-1.023
-1.0573
-1.0785
-1.0489
-1.0493
-1.0603
-1.0915
-1.067
-1.0799
-1.0617
-1.0533
-1.1013
-1.0851
-1.1176
-1.0538
-1.0806
-1.1134
-1.0682
-1.0054
-1.0227
-1.0148
-1.0256
-1.0043
-1.0568
-1.0738
-1.0897
-1.0597
-1.0962
-1.1299
-1.1028
-1.1445
-1.1469
-1.1866
-1.1952
-1.1585
-1.1369
-1.1611
-1.1418
-1.1268
-1.0965
-1.0924
-1.1128
-1.1114
-1.0921
-1.0697
-1.0796
-1.0572
-1.0653
-1.0336
-1.0331
-1.0218
-1.0874
-1.0715
-1.0451
-1.0632
-1.0342
-1.0374
-1.0856
-1.0609
-1.0145
-1.0463
-1.0266
-1.0534
-1.0599
-1.0146
-1.0019
-0.98199
-0.96821
-0.955
-0.93829
-0.94833
-0.94414
-0.90414
-0.88952
-0.91168
-0.93755
-0.90367
-0.92141
-0.86943
-0.85354
-0.86288
-0.84943
-0.84234
-0.84705
-0.82828
-0.85124
-0.86838
-0.89534
-0.88861
-0.87123
-0.90731
-0.92761
-0.93351
-0.95156
-0.95978
-0.98235
-0.99133
-1.0096
-1.0023
-1.0008
-0.98498
-0.93253
-0.93638
-0.93854
-0.90148
-0.90582
-0.91773
-0.88827
-0.89134
-0.89369
-0.93106
-0.89542
-0.8492
-0.84416
-0.86261
-0.87509
-0.88359
-0.86944
-0.85491
-0.88365
-0.9154
-0.96001
-1.0013
-1.0146
-1.0065
-1.022
-1.0388
-1.0193
-0.99853
-0.99246
-1.0142
-1.0467
-1.0472
-1.0979
-1.1046
-1.0964
-1.1033
-1.0999
-1.1007
-1.1107
-1.2136
-1.1813
-1.2189
-1.2521
-1.3061
-1.3591
-1.3691
-1.3747
-1.3944
-1.3694
-1.3747
-1.4322
-1.3577
-1.3688
-1.3592
-1.3747
-1.4223
-1.5029
-1.5119
-1.4894
-1.4661
-1.4481
-1.389
-1.4381
-1.4083
-1.4213
-1.4463
-1.4503
-1.4586
-1.4862
-1.4507
-1.4081
-1.4177
-1.4045
-1.3669
-1.2996
-1.2464
-1.2179
-1.202
-1.1284
-1.0436
-1.0648
-1.1054
-1.1194
-1.1473
-1.153
-1.1454
-1.109
-1.1349
-1.1456
-1.1341
-1.0973
-1.0456
-1.0622
-1.08
-1.063
-1.0493
-1.053
-1.0593
-1.0844
-1.1007
-1.1164
-1.1087
-1.1062
-1.0593
-1.0645
-1.0653
-1.0505
-1.0895
-1.0635
-1.0449
-1.0873
-1.0667
-1.0605
-1.0398
-1.0145
-1.08
-0.99785
-0.99835
-0.9411
-0.97056
-0.96957
-0.96139
-0.96887
-0.97328
-0.97205
-0.99148
-0.9872
-0.95414
-0.95953
-0.91619
-0.99606
-1.0364
-0.98894
-0.96581
-0.96718
-0.95918
-1.0505
-1.0983
-1.0906
-1.0467
-1.0383
-1.065
-1.0302
-1.0316
-1.0475
-1.0457
-1.059
-1.1489
-1.1006
-1.0552
-0.98321
-0.95537
-0.98122
-0.98859
-0.96924
-1.0609
-1.0579
-1.0176
-1.0386
-1.0436
-1.0646
-1.0774
-1.1066
-1.0977
-1.1358
-1.1396
-1.1044
-1.0542
-1.0827
-1.0691
-1.0955
-1.0515
-1.0643
-1.0588
-1.0676
-1.0677
-1.127
-1.1284
-1.1246
-1.0917
-1.0806
-1.0996
-1.1396
-1.1269
-1.1002
-1.0671
-1.0414
-1.0811
-1.0607
-1.0762
-1.0953
-1.0868
-1.1129
-1.1421
-1.1644
-1.1913
-1.1934
-1.2081
-1.1557
-1.1846
-1.225
-1.2251
-1.2534
-1.2416
-1.2137
-1.1833
-1.1451
-1.1506
-1.1726
-1.1544
-1.1325
-1.1746
-1.1301
-1.0977
-1.0522
-1.0613
-1.0778
-1.031
-1.0389
-1.0612
-1.0403
-1.0368
-1.0215
-1.0778
-1.0891
-1.1025
-1.1365
-1.1694
-1.1516
-1.2088
-1.1672
-1.0941
-1.1298
-1.1114
-1.0954
-1.0977
-1.0876
-1.0595
-1.0536
-1.0269
-1.0543
-1.0649
-1.0371
-1.014
-1.0514
-1.0667
-1.0818
-1.1521
-1.1235
-1.1606
-1.1453
-1.1538
-1.1675
-1.2045
-1.2135
-1.1855
-1.1984
-1.2043
-1.1955
-1.2046
-1.1916
-1.1674
-1.1799
-1.2016
-1.1943
-1.2222
-1.2604
-1.2296
-1.2082
-1.2274
-1.2402
-1.2488
-1.2703
-1.303
-1.298
-1.2596
-1.3042
-1.2562
-1.2476
-1.2292
-1.2134
-1.2186
-1.212
-1.2146
-1.1694
-1.1371
-1.1252
-1.1567
-1.232
-1.2396
-1.1918
-1.2443
-1.2061
-1.2463
-1.3063
-1.3535
-1.337
-1.3664
-1.3117
-1.294
-1.1956
-1.1291
-1.1196
-1.1395
-1.1843
-1.2146
-1.2548
-1.2149
-1.2375
-1.2398
-1.2589
-1.2409
-1.2097
-1.1632
-1.1944
-1.2407
-1.2828
-1.2957
-1.2677
-1.2282
-1.2301
-1.2141
-1.2051
-1.2577
-1.2409
-1.184
-1.2094
-1.218
-1.1906
-1.2002
-1.192
-1.2134
-1.23
-1.2378
-1.3007
-1.3018
-1.3288
-1.3508
-1.3292
-1.3502
-1.3299
-1.3421
-1.3211
-1.3135
-1.2759
-1.2678
-1.3316
-1.3362
-1.291
-1.269
-1.2887
-1.2521
-1.25
-1.2127
-1.1914
-1.1638
-1.1829
-1.1979
-1.2022
-1.1788
-1.1588
-1.1132
-1.1567
-1.1217
-1.0962
-1.0482
-1.0616
-1.0641
-1.1279
-1.1392
-1.1491
-1.1195
-1.0991
-1.0766
-1.0528
-1.0816
-1.0572
-1.0639
-1.096
-1.1048
-1.1157
-1.1124
-1.1106
-1.0818
-1.1395
-1.1124
-1.0986
-1.1671
-1.1169
-1.1947
-1.1941
-1.1218
-1.0995
-1.0901
-1.1012
-1.1076
-1.0931
-1.0702
-1.1387
-1.0938
-1.0966
-1.1288
-1.1498
-1.218
-1.1856
-1.1851
-1.1907
-1.1815
-1.1726
-1.1675
-1.1794
-1.1147
-1.0714
-1.0431
-1.035
-1.0227
-1.0337
-1.0535
-1.0282
-0.98925
-0.99861
-0.98105
-0.97458
-0.94848
-0.93961
-0.98162
-0.98613
-1.0334
-1.0435
-1.0328
-1.0471
-1.0206
-1.0843
-1.0517
-0.98592
-0.96066
-0.97992
-0.94527
-0.92388
-0.94526
-0.92805
-0.91845
-0.93837
-0.98773
-0.99697
-1.0339
-0.99626
-1.0063
-0.99536
-1.0274
-1.0489
-1.0372
-1.0245
-1.0443
-0.99355
-0.99466
-0.99071
-0.99009
-0.99275
-1.0159
-1.0151
-1.0143
-0.99825
-1.0127
-0.99988
-0.99039
-1.0378
-1.0486
-1.0735
-1.103
-1.0447
-1.0425
-1.0656
-1.1006
-1.0501
-1.0788
-1.0634
-1.0953
-1.0876
-1.1214
-1.0975
-1.0879
-1.0565
-1.0593
-1.0655
-1.0462
-1.0639
-1.032
-1.0859
-1.0763
-1.0607
-1.0198
-1.0024
-1.0225
-1.0487
-1.0844
-1.0495
-1.0451
-1.0255
-1.0284
-1.0129
-1.0658
-1.1208
-1.089
-1.0633
-1.0306
-1.0464
-1.0142
-1.0054
-0.98654
-0.99203
-1.0304
-1.046
-1.0557
-1.0647
-1.0384
-1.0301
-1.0249
-1.0048
-1.0331
-1.0359
-1.0672
-1.0347
-1.0059
-1.0047
-1.062
-1.0109
-1.0111
-1.0107
-1.0339
-1.0066
-1.0082
-1.0025
-0.98539
-0.99575
-1.0267
-1.0657
-1.0847
-1.0882
-1.1017
-1.1332
-1.1387
-1.2063
-1.2089
-1.1016
-1.1333
-1.1649
-1.191
-1.1344
-1.1697
-1.1464
-1.1521
-1.1247
-1.1261
-1.1345
-1.1131
-1.0666
-1.0207
-0.98249
-0.99785
-1.025
-1.0323
-1.0343
-1.0134
-1.0206
-1.0013
-1.0244
-1.0463
-1.0179
-1.0014
-0.9834
-0.94568
-0.99193
-0.98592
-0.97952
-0.99506
-0.94476
-1.0033
-0.96411
-0.97927
-0.95728
-0.95163
-0.91581
-0.89221
-0.86654
-0.88344
-0.85243
-0.84929
-0.8271
-0.80038
-0.78176
-0.76236
-0.7836
-0.83034
-0.83232
-0.84724
-0.84726
-0.83377
-0.88735
-0.92251
-0.9241
-0.9303
-0.91801
-0.94622
-0.97128
-0.95032
-0.96479
-0.96162
-0.95933
-0.96944
-0.92854
-0.89363
-0.85997
-0.86944
-0.89428
-0.87895
-0.89141
-0.89754
-0.91135
-0.94328
-0.94135
-0.88498
-0.88914
-0.89899
-0.84642
-0.83639
-0.82836
-0.8373
-0.81705
-0.81018
-0.80729
-0.77707
-0.77258
-0.7501
-0.728
-0.6716
-0.68722
-0.67833
-0.65707
-0.65032
-0.63152
-0.6326
-0.62618
-0.63467
-0.613
-0.62478
-0.58572
-0.59727
-0.58756
-0.62331
-0.63051
-0.64212
-0.62528
-0.62591
-0.60983
-0.6127
-0.64726
-0.65521
-0.65729
-0.64879
-0.64443
-0.68584
-0.70523
-0.70685
-0.70673
-0.71101
-0.77826
-0.80481
-0.81608
-0.84623
-0.85547
-0.8528
-0.84421
-0.86326
-0.86214
-0.85292
-0.88852
-0.90129
-0.94801
-0.91909
-0.94023
-1.0098
-0.96176
-0.95209
-0.94495
-0.96026
-1.0168
-1.0202
-1.0324
-1.0127
-1.0208
-1.0019
-1.0366
-1.0347
-0.98209
-1.0114
-0.97784
-0.98335
-0.98693
-0.98122
-0.97633
-0.99115
-0.96841
-0.97559
-1.017
-1.0421
-1.0375
-1.0229
-1.0444
-1.0695
-1.1093
-1.1679
-1.1653
-1.0974
-1.0694
-1.067
-1.0331
-0.98202
-0.98079
-0.98226
-0.99433
-1.0284
-1.0341
-1.0726
-1.0778
-1.0282
-1.0162
-1.0288
-1.0115
-1.0151
-1.0071
-1.0144
-0.98354
-0.99911
-1.0081
-1.0118
-1.0088
-1.0568
-1.0796
-1.0349
-1.1111
-1.0653
-1.036
-1.0478
-1.0342
-1.0262
-1.0078
-1.0035
-1.0176
-1.0314
-1.0243
-0.99751
-1.0247
-1.0219
-1.0103
-1.043
-1.115
-1.1039
-1.0916
-1.1116
-1.1257
-1.1171
-1.1938
-1.1958
-1.1862
-1.2074
-1.206
-1.1825
-1.1808
-1.157
-1.158
-1.1345
-1.1248
-1.1174
-1.165
-1.1262
-1.1639
-1.2015
-1.2629
-1.2543
-1.2535
-1.2839
-1.3721
-1.319
-1.2942
-1.2856
-1.2838
-1.2205
-1.2613
-1.267
-1.2431
-1.2768
-1.2109
-1.2182
-1.233
-1.1889
-1.2204
-1.262
-1.2842
-1.3271
-1.3136
-1.3448
-1.3201
-1.3006
-1.3493
-1.3607
-1.2984
-1.2542
-1.2684
-1.3017
-1.3141
-1.3359
-1.3303
-1.281
-1.3578
-1.3963
-1.3873
-1.4093
-1.3406
-1.2703
-1.2773
-1.2993
-1.3293
-1.3258
-1.3354
-1.303
-1.2908
-1.2642
-1.2629
-1.2633
-1.2748
-1.2832
-1.3312
-1.3013
-1.2236
-1.1838
-1.1466
-1.1942
-1.2345
-1.1934
-1.1766
-1.1455
-1.1664
-1.166
-1.1314
-1.1464
-1.114
-1.1519
-1.1675
-1.1845
-1.178
-1.1828
-1.1707
-1.163
-1.2414
-1.2856
-1.2826
-1.2511
-1.2399
-1.2488
-1.2927
-1.3397
-1.3824
-1.4019
-1.4047
-1.3844
-1.4199
-1.4502
-1.4207
-1.5095
-1.4912
-1.4963
-1.435
-1.3622
-1.4028
-1.3959
-1.38
-1.307
-1.3085
-1.3101
-1.3148
-1.2648
-1.2961
-1.306
-1.2629
-1.2713
-1.2322
-1.2681
-1.2556
-1.2043
-1.1413
-1.1831
-1.1524
-1.192
-1.231
-1.2223
-1.2061
-1.2225
-1.2416
-1.2669
-1.2451
-1.2568
-1.2317
-1.2141
-1.2108
-1.2184
-1.2096
-1.1956
-1.1599
-1.1783
-1.2235
-1.2451
-1.255
-1.2609
-1.264
-1.3335
-1.3201
-1.2893
-1.2728
-1.3089
-1.3289
-1.3561
-1.3585
-1.3702
-1.3434
-1.3798
-1.3975
-1.388
-1.4232
-1.4339
-1.447
-1.4686
-1.4243
-1.4223
-1.4435
-1.4295
-1.3839
-1.3428
-1.39
-1.3576
-1.4284
-1.4467
-1.4524
-1.4553
-1.4458
-1.4771
-1.456
-1.4401
-1.435
-1.3902
-1.4284
-1.3464
-1.3344
-1.3356
-1.3246
-1.3618
-1.3824
-1.3704
-1.4117
-1.3791
-1.4389
-1.3797
-1.3602
-1.3492
-1.3865
-1.4105
-1.4334
-1.3868
-1.3947
-1.4425
-1.445
-1.4159
-1.4304
-1.4557
-1.4691
-1.4687
-1.4204
-1.4139
-1.4533
-1.5065
-1.4854
-1.4888
-1.4885
-1.4272
-1.446
-1.4674
-1.4118
-1.4837
-1.5041
-1.4388
-1.4237
-1.3907
-1.3587
-1.3328
-1.2942
-1.2947
-1.291
-1.3494
-1.3394
-1.3157
-1.2895
-1.2874
-1.2873
-1.2151
-1.2509
-1.2457
-1.2538
-1.2641
-1.303
-1.3078
-1.3488
-1.4502
-1.382
-1.3637
-1.3285
-1.2607
-1.2688
-1.2459
-1.2486
-1.2515
-1.2685
-1.2265
-1.2738
-1.286
-1.2739
-1.2656
-1.2612
-1.3003
-1.2329
-1.2602
-1.2563
-1.2598
-1.3299
-1.3594
-1.3139
-1.2542
-1.2814
-1.302
-1.2991
-1.3155
-1.2544
-1.2829
-1.2695
-1.292
-1.3103
-1.3143
-1.3274
-1.3867
-1.4757
-1.4735
-1.4302
-1.3797
-1.3402
-1.3386
-1.2507
-1.296
-1.2889
-1.333
-1.3511
-1.3416
-1.2636
-1.3531
-1.29
-1.2772
-1.3296
-1.376
-1.3139
-1.2461
-1.2263
-1.2085
-1.2536
-1.2101
-1.2324
-1.2654
-1.2374
-1.2472
-1.3121
-1.2322
-1.1943
-1.1559
-1.1759
-1.1358
-1.1638
-1.1847
-1.1121
-1.142
-1.1853
-1.1684
-1.1576
-1.1533
-1.1559
-1.1372
-1.1809
-1.1675
-1.1164
-1.1229
-1.1036
-1.11
-1.1152
-1.1222
-1.1586
-1.1778
-1.2052
-1.1554
-1.1347
-1.1171
-1.1505
-1.153
-1.1391
-1.1392
-1.1138
-1.1611
-1.1835
-1.1788
-1.0791
-1.0941
-1.0476
-1.038
-1.0639
-1.0338
-1.0486
-1.0274
-0.99454
-0.94858
-0.90032
-0.91382
-0.90986
-0.87023
-0.81605
-0.80499
-0.81337
-0.84437
-0.86072
-0.84769
-0.87606
-0.86861
-0.90457
-0.88994
-0.91515
-0.8747
-0.89431
-0.94902
-0.95575
-0.98386
-0.94654
-0.92267
-0.89929
-0.93869
-0.91781
-0.98093
-0.93228
-0.9158
-0.92785
-0.93668
-0.93563
-0.94689
-0.95231
-0.88705
-0.88066
-0.8825
-0.83274
-0.8751
-0.86199
-0.83401
-0.77782
-0.80226
-0.78425
-0.76421
-0.75077
-0.75864
-0.78025
-0.77607
-0.80998
-0.80442
-0.80212
-0.78192
-0.78492
-0.76584
-0.76205
-0.79441
-0.77048
-0.77242
-0.73817
-0.76563
-0.77171
-0.78189
-0.73559
-0.70904
-0.66842
-0.63495
-0.64836
-0.63965
-0.59162
-0.58274
-0.54268
-0.54672
-0.5516
-0.56214
-0.53793
-0.52097
-0.52192
-0.55782
-0.54907
-0.53114
-0.55943
-0.56591
-0.60593
-0.61556
-0.61304
-0.62467
-0.63789
-0.63243
-0.62048
-0.59781
-0.62147
-0.61566
-0.6031
-0.64163
-0.65039
-0.64148
-0.66914
-0.66703
-0.6648
-0.68066
-0.66785
-0.69278
-0.74968
-0.74926
-0.76559
-0.78282
-0.78993
-0.83929
-0.79428
-0.71705
-0.72529
-0.76163
-0.77683
-0.77945
-0.79926
-0.83139
-0.85322
-0.91735
-0.96299
-0.92642
-0.9586
-0.95898
-0.92075
-0.90222
-0.86366
-0.83395
-0.82335
-0.82154
-0.78922
-0.83395
-0.88936
-0.87285
-0.90009
-0.91914
-0.9238
-0.85858
-0.91209
-0.90247
-0.88888
-0.88912
-0.87179
-0.82631
-0.83723
-0.88621
-0.87899
-0.87284
-0.88202
-0.91788
-0.92696
-0.96294
-1.0323
-0.97727
-0.98128
-0.95758
-0.97657
-0.99339
-1.0517
-1.0995
-1.0873
-1.075
-1.0664
-1.0486
-1.0205
-1.0177
-1.0281
-1.0036
-1.0018
-1.0111
-1.0286
-1.0606
-1.0673
-1.0644
-1.0154
-0.93275
-0.89508
-0.88661
-0.89038
-0.93928
-0.93686
-0.88649
-0.90091
-0.90162
-0.8654
-0.84698
-0.83707
-0.84538
-0.87352
-0.84096
-0.80675
-0.84148
-0.86951
-0.85465
-0.80994
-0.80836
-0.81061
-0.8166
-0.83192
-0.84655
-0.84198
-0.86123
-0.85204
-0.84754
-0.80601
-0.77317
-0.77129
-0.73561
-0.78408
-0.79221
-0.81534
-0.80696
-0.79872
-0.81146
-0.81932
-0.80478
-0.84474
-0.90573
-0.88062
-0.8656
-0.85217
-0.85878
-0.87158
-0.84026
-0.86026
-0.84013
-0.85552
-0.8462
-0.83709
-0.83299
-0.79825
-0.78385
-0.71964
-0.72407
-0.75583
-0.71085
-0.70793
-0.71472
-0.72347
-0.6919
-0.6814
-0.65977
-0.65335
-0.6434
-0.66282
-0.66469
-0.65676
-0.61347
-0.61179
-0.61115
-0.59733
-0.5863
-0.61956
-0.58557
-0.56796
-0.55381
-0.59908
-0.55641
-0.5983
-0.59582
-0.57253
-0.60357
-0.62849
-0.6335
-0.60988
-0.6244
-0.65912
-0.66698
-0.69187
-0.69101
-0.68243
-0.65433
-0.67895
-0.67539
-0.6728
-0.64184
-0.62374
-0.63134
-0.62873
-0.64753
-0.64406
-0.65603
-0.62888
-0.64871
-0.63596
-0.61769
-0.61764
-0.60266
-0.59621
-0.60566
-0.58197
-0.57038
-0.53969
-0.55223
-0.56813
-0.54512
-0.53098
-0.53332
-0.5658
-0.56432
-0.56979
-0.56469
-0.57534
-0.5903
-0.5807
-0.56533
-0.55613
-0.59625
-0.6131
-0.64549
-0.64067
-0.63614
-0.64081
-0.64043
-0.65682
-0.65459
-0.65314
-0.63143
-0.59613
-0.58737
-0.59023
-0.57145
-0.57274
-0.55333
-0.51157
-0.52714
-0.53611
-0.53733
-0.54008
-0.57022
-0.57821
-0.57558
-0.58715
-0.57524
-0.58543
-0.5765
-0.5421
-0.54266
-0.51845
-0.52194
-0.5124
-0.53004
-0.50602
-0.48175
-0.50024
-0.52223
-0.565
-0.57735
-0.57104
-0.55552
-0.5311
-0.54619
-0.59393
-0.58115
-0.58225
-0.61188
-0.62934
-0.60094
-0.61221
-0.63927
-0.65623
-0.62514
-0.60445
-0.59194
-0.62752
-0.63653
-0.58822
-0.57069
-0.59049
-0.59148
-0.5671
-0.60103
-0.58363
-0.61259
-0.57606
-0.5712
-0.55512
-0.52518
-0.52139
-0.49654
-0.50804
-0.47895
-0.44579
-0.46802
-0.44847
-0.4269
-0.42566
-0.40288
-0.39812
-0.40283
-0.41714
-0.38527
-0.40171
-0.41668
-0.41401
-0.41923
-0.4134
-0.39826
-0.40032
-0.38698
-0.37558
-0.35034
-0.32393
-0.33193
-0.33944
-0.34267
-0.32584
-0.29927
-0.3014
-0.30302
-0.31614
-0.30483
-0.31561
-0.31734
-0.32738
-0.34233
-0.37101
-0.40885
-0.38853
-0.43404
-0.40464
-0.40458
-0.38348
-0.3767
-0.37611
-0.41189
-0.41768
-0.42203
-0.42426
-0.42341
-0.41463
-0.43315
-0.43343
-0.45936
-0.44688
-0.46306
-0.47766
-0.45049
-0.45344
-0.46278
-0.4663
-0.46
-0.47491
-0.45232
-0.45613
-0.43773
-0.45237
-0.44928
-0.44567
-0.45287
-0.42018
-0.39897
-0.41387
-0.41663
-0.42571
-0.40811
-0.3942
-0.38531
-0.36037
-0.35282
-0.36399
-0.37262
-0.39305
-0.38645
-0.40903
-0.3735
-0.39001
-0.40972
-0.40096
-0.40677
-0.37955
-0.38573
-0.38761
-0.38061
-0.38651
-0.3788
-0.37517
-0.34432
-0.34358
-0.32256
-0.3309
-0.34562
-0.32952
-0.35231
-0.33803
-0.33837
-0.36822
-0.38244
-0.39374
-0.4276
-0.40244
-0.40274
-0.38567
-0.37715
-0.40085
-0.41224
-0.4126
-0.41673
-0.40267
-0.39308
-0.38275
-0.36468
-0.38791
-0.39591
-0.40906
-0.46723
-0.48354
-0.46589
-0.44501
-0.46454
-0.44923
-0.43998
-0.42849
-0.44504
-0.42795
-0.41317
-0.42123
-0.41858
-0.41007
-0.39689
-0.40368
-0.41866
-0.41932
-0.41888
-0.40153
-0.3721
-0.38554
-0.36107
-0.34834
-0.35989
-0.3438
-0.36152
-0.36357
-0.35849
-0.3471
-0.36807
-0.38468
-0.3764
-0.39692
-0.41789
-0.40808
-0.40908
-0.40637
-0.38792
-0.38729
-0.36012
-0.34702
-0.36998
-0.35785
-0.35319
-0.34271
-0.36587
-0.3788
-0.39985
-0.41453
-0.39023
-0.39311
-0.37929
-0.38897
-0.39832
-0.37878
-0.36286
-0.34736
-0.34791
-0.31282
-0.32164
-0.28564
-0.3064
-0.30642
-0.30829
-0.2813
-0.30133
-0.3138
-0.34413
-0.34096
-0.33826
-0.33905
-0.33338
-0.34097
-0.3588
-0.35741
-0.38058
-0.3841
-0.37811
-0.36144
-0.37681
-0.3373
-0.3455
-0.36514
-0.37038
-0.38785
-0.40108
-0.40766
-0.43783
-0.41578
-0.39095
-0.42285
-0.39707
-0.39549
-0.42986
-0.44737
-0.44118
-0.42265
-0.42825
-0.41607
-0.4026
-0.43687
-0.44629
-0.42657
-0.45807
-0.41791
-0.40277
-0.41314
-0.38317
-0.37181
-0.36032
-0.38021
-0.38185
-0.3753
-0.39438
-0.39278
-0.40166
-0.42078
-0.42383
-0.43418
-0.42115
-0.42455
-0.42472
-0.41364
-0.41293
-0.42642
-0.37615
-0.40848
-0.44442
-0.44394
-0.45236
-0.46428
-0.48729
-0.47924
-0.48093
-0.50007
-0.49234
-0.50729
-0.52956
-0.4995
-0.53985
-0.53755
-0.56231
-0.53469
-0.51567
-0.54739
-0.53415
-0.53291
-0.54472
-0.53484
-0.55824
-0.57249
-0.59915
-0.60998
-0.54928
-0.53682
-0.5428
-0.53343
-0.52392
-0.51579
-0.51576
-0.4983
-0.52324
-0.53523
-0.5229
-0.51703
-0.49328
-0.48895
-0.46133
-0.47716
-0.48146
-0.49775
-0.52184
-0.50879
-0.49296
-0.50837
-0.54797
-0.56211
-0.57222
-0.61534
-0.61277
-0.63188
-0.64439
-0.63239
-0.62109
-0.6117
-0.58157
-0.57494
-0.59204
-0.56048
-0.55658
-0.5266
-0.51293
-0.50558
-0.54098
-0.52932
-0.55507
-0.54562
-0.55132
-0.58156
-0.58216
-0.56704
-0.55725
-0.517
-0.52742
-0.56934
-0.55991
-0.55744
-0.57377
-0.5853
-0.62665
-0.60425
-0.5656
-0.57457
-0.57639
-0.57865
-0.57442
-0.55119
-0.57424
-0.54872
-0.5312
-0.54564
-0.57422
-0.57161
-0.62
-0.60767
-0.60609
-0.58211
-0.5796
-0.58229
-0.57286
-0.56233
-0.55102
-0.52895
-0.54676
-0.5162
-0.49368
-0.49844
-0.48192
-0.46711
-0.4366
-0.45543
-0.44097
-0.43011
-0.46889
-0.44856
-0.47862
-0.50355
-0.48507
-0.48794
-0.47123
-0.48021
-0.50613
-0.49588
-0.49784
-0.54977
-0.56362
-0.54704
-0.53751
-0.56576
-0.5881
-0.62459
-0.63862
-0.6255
-0.61468
-0.63152
-0.66425
-0.67104
-0.64756
-0.64747
-0.69599
-0.69318
-0.69104
-0.70585
-0.75665
-0.72515
-0.73682
-0.75294
-0.75173
-0.77058
-0.82137
-0.82059
-0.83321
-0.80982
-0.81598
-0.83328
-0.84396
-0.82878
-0.80095
-0.81983
-0.79294
-0.79044
-0.81436
-0.84079
-0.88069
-0.85729
-0.85815
-0.87427
-0.85672
-0.87642
-0.85741
-0.87011
-0.90194
-0.9434
-0.94117
-0.93329
-0.93852
-0.97226
-1.0172
-1.0255
-1.0343
-1.0115
-1.0164
-0.99399
-0.99155
-1.0047
-0.99117
-0.99574
-0.96851
-0.99157
-1.015
-1.025
-1.01
-1.0496
-1.0845
-1.1199
-1.1561
-1.1566
-1.1652
-1.1383
-1.118
-1.1155
-1.122
-1.0934
-1.0965
-1.0805
-1.108
-1.1372
-1.1322
-1.0907
-1.1097
-1.0575
-1.0945
-1.097
-1.0945
-1.0686
-1.0851
-1.0999
-1.1055
-1.0712
-1.063
-1.0804
-1.063
-1.0316
-1.0725
-1.0991
-1.1917
-1.1542
-1.1595
-1.2208
-1.2108
-1.2318
-1.2614
-1.2096
-1.2832
-1.3186
-1.3561
-1.3674
-1.4132
-1.4525
-1.4436
-1.4378
-1.4446
-1.4575
-1.3608
-1.3629
-1.4388
-1.495
-1.4641
-1.5169
-1.5075
-1.514
-1.5857
-1.6263
-1.5314
-1.4905
-1.5637
-1.531
-1.5156
-1.5285
-1.4631
-1.5234
-1.5288
-1.5618
-1.6368
-1.6689
-1.7336
-1.776
-1.7056
-1.691
-1.6945
-1.7502
-1.7349
-1.7144
-1.6602
-1.6521
-1.6691
-1.7371
-1.7898
-1.7273
-1.6841
-1.6667
-1.6862
-1.6729
-1.6354
-1.6808
-1.7015
-1.7296
-1.7749
-1.8193
-1.8232
-1.8761
-1.8744
-1.9021
-1.919
-1.8487
-1.7969
-1.8214
-1.8612
-1.7712
-1.7869
-1.804
-1.7842
-1.7907
-1.7991
-1.7594
-1.7636
-1.8154
-1.8098
-1.7377
-1.7573
-1.6262
-1.6343
-1.5897
-1.5864
-1.5605
-1.5759
-1.5682
-1.611
-1.6998
-1.7185
-1.7337
-1.7715
-1.7509
-1.6936
-1.7202
-1.7422
-1.7645
-1.7507
-1.7522
-1.7384
-1.7963
-1.8458
-1.8901
-1.9188
-1.9655
-1.9915
-1.9957
-1.98
-1.9469
-1.8988
-1.8544
-1.8903
-1.8677
-1.7967
-1.8217
-1.7474
-1.7324
-1.7392
-1.7052
-1.7273
-1.7913
-1.7749
-1.7831
-1.8397
-1.8673
-1.8314
-1.7723
-1.8275
-1.8718
-1.9573
-1.9003
-1.8539
-1.956
-2.0089
-2.0232
-1.9847
-1.9433
-1.9314
-1.9118
-1.9347
-1.9912
-1.9415
-1.9474
-1.9479
-1.9356
-1.9539
-1.9756
-1.8847
-1.9463
-1.9994
-1.9836
-1.9919
-2.0094
-1.972
-1.9757
-1.9838
-2.054
-2.0026
-2.0554
-2.0809
-2.0045
-2.0558
-2.0756
-2.1069
-2.0752
-2.0419
-2.017
-2.1331
-2.0386
-2.0624
-2.0786
-2.023
-2.1182
-2.0695
-2.0923
-2.0942
-2.0766
-1.9682
-1.9908
-1.9217
-1.8995
-1.9339
-1.9173
-1.8196
-1.8931
-1.8667
-1.9519
-1.9799
-1.9176
-1.9048
-1.9188
-1.9035
-1.8902
-1.8109
-1.8282
-1.8782
-1.8602
-1.8928
-1.9496
-2.0847
-2.1666
-2.1883
-2.2947
-2.2028
-2.1309
-2.0073
-2.0054
-1.9429
-2.0052
-1.9764
-2.0385
-2.0872
-2.0896
-2.0839
-2.1123
-2.0888
-2.1317
-2.1005
-2.0598
-2.0607
-2.022
-2.0736
-2.1472
-2.1109
-2.1162
-2.0874
-2.1289
-2.0693
-2.0978
-2.089
-2.0657
-2.0493
-2.0503
-1.9928
-2.0553
-2.0343
-2.0159
-2.0626
-2.0135
-2.0394
-2.1468
-2.1645
-2.1269
-2.0164
-2.0105
-1.9946
-2.0429
-2.0342
-1.9754
-1.9404
-1.9407
-1.9514
-1.9555
-1.9073
-1.9506
-1.9659
-2.0841
-2.0767
-2.1868
-2.0409
-2.0676
-2.1686
-2.0843
-2.0771
-1.97
-2.0406
-2.1121
-2.1485
-2.1895
-2.1453
-2.0702
-2.0875
-2.035
-1.9869
-1.9211
-1.9708
-2.0558
-2.021
-2.0233
-1.9645
-1.9961
-1.9606
-2.0289
-2.0465
-2.0328
-2.0507
-2.0063
-2.025
-1.972
-1.8572
-1.9061
-1.8845
-1.8596
-1.8942
-1.8801
-1.9071
-1.9276
-1.9768
-2.0329
-1.9975
-2.0382
-2.0484
-2.1239
-2.0863
-2.0908
-2.0532
-2.1363
-2.1281
-2.0949
-1.994
-1.9816
-1.8505
-1.8872
-1.8824
-1.8577
-1.8186
-1.8408
-1.8132
-1.8373
-1.7768
-1.796
-1.787
-1.8813
-1.8908
-1.8857
-1.8928
-1.871
-1.9187
-1.9376
-1.9244
-1.8955
-1.8202
-1.8453
-1.792
-1.7342
-1.7784
-1.7312
-1.7278
-1.8661
-1.8866
-1.8451
-1.8941
-1.9035
-1.8333
-1.799
-1.7554
-1.7254
-1.6848
-1.6865
-1.6769
-1.6117
-1.6609
-1.6815
-1.7143
-1.7182
-1.6508
-1.6649
-1.6884
-1.6283
-1.6347
-1.6327
-1.6806
-1.6559
-1.6334
-1.6104
-1.6711
-1.6165
-1.6216
-1.6192
-1.5771
-1.5948
-1.591
-1.6058
-1.5995
-1.5986
-1.7045
-1.6681
-1.6787
-1.6814
-1.7182
-1.695
-1.6985
-1.6941
-1.7162
-1.6662
-1.6294
-1.6851
-1.6962
-1.7523
-1.6415
-1.5093
-1.482
-1.4625
-1.4267
-1.4333
-1.3609
-1.344
-1.3397
-1.4267
-1.4342
-1.4559
-1.4918
-1.447
-1.4196
-1.4485
-1.5033
-1.5419
-1.5177
-1.4605
-1.4249
-1.3683
-1.3621
-1.3005
-1.2925
-1.302
-1.3271
-1.2841
-1.287
-1.3076
-1.3088
-1.3826
-1.3558
-1.3435
-1.3733
-1.3609
-1.3631
-1.3947
-1.4131
-1.4195
-1.4646
-1.5054
-1.5083
-1.5156
-1.5923
-1.5807
-1.6284
-1.6218
-1.5965
-1.613
-1.5988
-1.5747
-1.5946
-1.659
-1.6046
-1.6595
-1.7022
-1.6964
-1.7205
-1.7677
-1.7858
-1.8451
-1.8057
-1.8654
-1.8418
-1.8579
-1.807
-1.8184
-1.8038
-1.7733
-1.7126
-1.7129
-1.6953
-1.6614
-1.6632
-1.6316
-1.6281
-1.6478
-1.5455
-1.5585
-1.5417
-1.567
-1.5698
-1.5473
-1.5284
-1.6374
-1.6263
-1.751
-1.7446
-1.6637
-1.7132
-1.7233
-1.7044
-1.631
-1.622
-1.6625
-1.6581
-1.5474
-1.5781
-1.5733
-1.5658
-1.5012
-1.5559
-1.4815
-1.5317
-1.4762
-1.4081
-1.3898
-1.4195
-1.3752
-1.4097
-1.425
-1.395
-1.395
-1.392
-1.3688
-1.4257
-1.4634
-1.4123
-1.3395
-1.3356
-1.3917
-1.4415
-1.4497
-1.5092
-1.5727
-1.5034
-1.5013
-1.5481
-1.631
-1.6365
-1.6798
-1.6625
-1.7437
-1.7623
-1.8466
-1.8284
-1.837
-1.8408
-1.8502
-1.842
-1.9466
-1.9199
-1.9412
-1.986
-1.9581
-1.8962
-1.8268
-1.8773
-1.8498
-1.8368
-1.8706
-1.8725
-1.9268
-1.9007
-1.9297
-1.8929
-1.9387
-2.0366
-2.0045
-2.111
-2.1215
-2.0901
-2.1439
-2.044
-2.0281
-1.928
-2.0051
-2.017
-1.8966
-1.7931
-1.7181
-1.7318
-1.7642
-1.7768
-1.7175
-1.6695
-1.663
-1.6139
-1.6989
-1.6353
-1.6297
-1.6296
-1.6072
-1.5573
-1.4849
-1.4532
-1.5191
-1.5063
-1.5121
-1.5614
-1.558
-1.5507
-1.5827
-1.5909
-1.5922
-1.6168
-1.5693
-1.5924
-1.6721
-1.6907
-1.7353
-1.7287
-1.6449
-1.6203
-1.5993
-1.5728
-1.5668
-1.5701
-1.6106
-1.5679
-1.5379
-1.4334
-1.5302
-1.5037
-1.5646
-1.5509
-1.6581
-1.6491
-1.7297
-1.712
-1.6668
-1.6323
-1.6445
-1.6637
-1.6235
-1.6248
-1.6774
-1.6912
-1.7073
-1.6524
-1.6372
-1.6553
-1.7109
-1.6993
-1.6672
-1.7075
-1.6482
-1.6877
-1.6354
-1.5996
-1.6022
-1.5875
-1.5757
-1.5912
-1.606
-1.5963
-1.5851
-1.6531
-1.6312
-1.6112
-1.5736
-1.513
-1.4958
-1.5399
-1.5816
-1.6099
-1.5923
-1.6397
-1.7078
-1.7425
-1.6605
-1.6563
-1.6501
-1.6032
-1.5136
-1.5615
-1.548
-1.5359
-1.5121
-1.5098
-1.5054
-1.4845
-1.5116
-1.4881
-1.4836
-1.5032
-1.5215
-1.4712
-1.3948
-1.4396
-1.358
-1.3205
-1.3377
-1.369
-1.3765
-1.3639
-1.3469
-1.3275
-1.3254
-1.2667
-1.1909
-1.205
-1.1623
-1.155
-1.1715
-1.1968
-1.1873
-1.2225
-1.1664
-1.1936
-1.1677
-1.1958
-1.2241
-1.2352
-1.2638
-1.2717
-1.2686
-1.3355
-1.2575
-1.2333
-1.217
-1.2426
-1.3067
-1.2849
-1.3149
-1.3027
-1.2979
-1.2945
-1.2284
-1.2156
-1.2616
-1.286
-1.2789
-1.307
-1.307
-1.3117
-1.277
-1.2732
-1.3242
-1.3472
-1.3545
-1.3319
-1.3687
-1.3539
-1.2914
-1.269
-1.3591
-1.3417
-1.3352
-1.3451
-1.3743
-1.3613
-1.4172
-1.4426
-1.4311
-1.4687
-1.4604
-1.4716
-1.4819
-1.446
-1.4363
-1.5173
-1.5279
-1.5248
-1.4871
-1.505
-1.5397
-1.5765
-1.6059
-1.6117
-1.6
-1.5689
-1.5835
-1.5745
-1.5251
-1.5518
-1.553
-1.5284
-1.5245
-1.5337
-1.4398
-1.3982
-1.3134
-1.3059
-1.3411
-1.3456
-1.3672
-1.4036
-1.419
-1.4188
-1.419
-1.4573
-1.4361
-1.3683
-1.339
-1.346
-1.3647
-1.365
-1.379
-1.3714
-1.3072
-1.3369
-1.3334
-1.3537
-1.3555
-1.327
-1.3729
-1.3787
-1.4236
-1.449
-1.4707
-1.422
-1.5094
-1.5551
-1.6014
-1.6211
-1.6587
-1.7471
-1.7389
-1.7531
-1.7863
-1.8221
-1.7946
-1.8728
-1.8965
-1.8629
-1.9171
-1.9442
-1.9347
-2.08
-2.1241
-2.0285
-1.9857
-2.0174
-2.037
-2.0713
-2.1253
-2.0723
-2.1019
-2.1455
-2.169
-2.2027
-2.196
-2.1124
-2.1588
-2.1954
-2.1223
-2.043
-2.0647
-2.0179
-2.0983
-2.0481
-2.1634
-2.2213
-2.2103
-2.3511
-2.3648
-2.2875
-2.2812
-2.3203
-2.2327
-2.3197
-2.3999
-2.373
-2.3403
-2.4632
-2.5506
-2.526
-2.5674
-2.5077
-2.4878
-2.4509
-2.477
-2.4803
-2.5515
-2.5101
-2.5231
-2.5251
-2.5139
-2.5374
-2.5025
-2.4196
-2.3861
-2.3575
-2.4008
-2.3558
-2.4283
-2.2461
-2.2472
-2.2511
-2.237
-2.2257
-2.2504
-2.2384
-2.1334
-2.1781
-2.2056
-2.2448
-2.321
-2.2566
-2.3377
-2.3249
-2.3474
-2.4248
-2.3419
-2.3929
-2.3226
-2.2234
