1
0.90165
0.95836
0.87888
0.84441
0.86058
0.93433
1.0182
0.89893
0.96292
1.0139
0.93444
0.95338
0.84085
0.88353
0.88548
0.84877
0.85286
0.80801
0.77692
0.81649
0.74884
0.74479
0.72817
0.72727
0.7449
0.80494
0.84517
0.81441
0.76774
0.6778
0.70809
0.65448
0.69477
0.68437
0.77126
0.72451
0.80153
0.84389
0.83396
0.78777
0.80036
0.70604
0.75717
0.73096
0.71889
0.70858
0.71879
0.73316
0.70658
0.7292
0.72452
0.76663
0.74929
0.79445
0.74881
0.73841
0.69064
0.66894
0.63173
0.59885
0.53926
0.54674
0.57884
0.61571
0.58065
0.58559
0.58093
0.56193
0.62182
0.64115
0.61344
0.64932
0.71978
0.72729
0.71888
0.72634
0.8241
0.884
0.92844
0.88623
0.89089
0.90527
0.96983
0.94729
0.90139
0.98624
0.87258
0.96273
0.96205
0.95951
0.91958
0.94491
0.97331
1.0072
0.99299
0.99323
0.97507
1.0809
1.1192
1.2502
1.2285
1.2695
1.3874
1.2064
1.1734
1.2597
1.4047
1.3515
1.3071
1.1588
0.98307
0.9319
0.8995
0.90523
0.9725
1.0613
0.87128
0.86075
0.7811
0.89954
0.92903
0.86893
0.90488
0.89394
0.9031
0.95722
0.88807
0.87931
0.78336
0.74216
0.76771
0.69188
0.69273
0.7258
0.66575
0.69215
0.6763
0.76851
0.7576
0.84527
0.84019
0.8871
0.86997
0.92032
0.87458
0.75061
0.7279
0.70008
0.74349
0.70356
0.72751
0.7345
0.69715
0.72926
0.74979
0.81069
0.85379
0.86634
0.97826
0.97607
1.0713
1.0486
0.97468
1.1664
1.2049
1.2499
1.2855
1.2954
1.2707
1.2964
1.3772
1.3977
1.5051
1.6043
1.584
1.6087
1.6046
1.5862
1.6405
1.7457
1.9311
1.9109
1.8725
2.0534
2.0634
1.9144
1.795
1.9926
2.1138
2.0052
1.8381
1.5488
1.4388
1.2388
1.2007
1.1239
1.2495
1.2821
1.191
1.1428
1.1444
1.1626
1.2623
1.1303
1.08
1.0309
1.1326
1.1069
1.1339
1.0364
1.1501
1.2218
1.1638
1.0581
1.0957
1.1239
1.2178
1.1983
1.2767
1.3663
1.318
1.3431
1.3902
1.3905
1.2484
1.1458
1.1745
1.286
1.3265
1.2472
1.1756
1.162
1.1258
1.135
1.1692
1.1248
1.165
1.1514
1.2063
1.1374
1.1514
1.0133
0.88571
0.93001
0.94311
0.9495
0.90422
0.85785
0.82593
0.86947
0.86226
0.81914
0.69138
0.67414
0.6808
0.62346
0.56748
0.54818
0.56294
0.61795
0.6469
0.64259
0.70972
0.72734
0.71327
0.81577
0.83496
0.8011
0.74673
0.76304
0.66487
0.57981
0.63228
0.595
0.56062
0.54161
0.51992
0.6198
0.68296
0.65749
0.65491
0.66546
0.65108
0.67825
0.56992
0.59774
0.60918
0.6227
0.57934
0.62004
0.59308
0.57656
0.54692
0.61889
0.71526
0.75725
0.65251
0.67129
0.67415
0.72991
0.75732
0.74814
0.70742
0.70316
0.65628
0.58885
0.5703
0.54883
0.56432
0.55246
0.59257
0.57284
0.56001
0.62389
0.59461
0.577
0.57319
0.51339
0.55358
0.53085
0.58615
0.61324
0.61989
0.60528
0.57766
0.57201
0.55135
0.59794
0.56595
0.5957
0.6203
0.62731
0.6596
0.67111
0.55297
0.60821
0.56324
0.52064
0.573
0.60023
0.66926
0.56992
0.56919
0.56469
0.55222
0.52982
0.52242
0.57605
0.57663
0.56438
0.60202
0.64209
0.68226
0.64975
0.6732
0.68137
0.66493
0.68106
0.62148
0.66814
0.71716
0.64986
0.73711
0.77147
0.87905
0.87325
0.79273
0.80569
0.83766
0.87189
0.81171
0.82859
0.87572
0.88799
0.94144
0.99587
0.91043
0.9111
0.95182
1.0006
1.0965
1.0002
0.92703
1.0154
0.96459
0.98222
0.98802
0.94742
0.89158
0.84257
0.88596
0.89308
0.87648
0.78051
0.78407
0.77291
0.8166
0.74549
0.69467
0.75511
0.78772
0.801
0.82288
0.82964
0.8678
0.91057
0.90878
0.88008
0.93392
0.99705
1.0329
1.0407
0.77637
0.74189
0.64353
0.65243
0.62384
0.66857
0.71785
0.77612
0.68656
0.74301
0.70871
0.75832
0.73335
0.71841
0.74232
0.72619
0.73048
0.69149
0.60543
0.6706
0.70581
0.70545
0.70511
0.77156
0.75694
0.70568
0.6868
0.6926
0.79757
0.85796
0.90868
0.74165
0.79716
0.72256
0.84721
0.85274
0.82911
0.89848
0.8205
0.76078
0.78215
0.8749
0.91231
0.88314
0.90873
1.0164
0.95039
0.95086
0.9811
0.97711
0.98519
0.89678
0.91885
0.85368
0.87272
0.82655
0.78625
0.81913
0.90393
0.90818
0.91942
0.81348
0.82069
0.76168
0.79538
0.81864
0.7837
0.85675
0.88566
0.93621
1.0495
1.1564
1.1562
1.2305
1.2098
1.2211
1.2865
1.3527
1.1359
1.2135
1.1495
1.1357
1.1425
1.0517
1.005
1.0181
0.96051
1.0766
1.1561
1.05
1.0821
1.1763
1.2118
1.0816
1.0074
0.95985
0.98466
1.1084
1.0628
1.0739
1.0938
1.1756
1.0441
0.92332
0.92505
0.86905
0.87796
0.80444
0.82019
0.86443
0.76843
0.8267
0.83942
0.82176
0.84054
0.82378
0.79537
0.73255
0.72491
0.75873
0.67135
0.63571
0.59823
0.58807
0.5881
0.63422
0.68856
0.77728
0.74187
0.80403
0.81676
0.78121
0.75976
0.74312
0.74998
0.84308
0.81064
0.8348
0.84707
0.85803
0.81242
0.83017
0.78601
0.77582
0.72943
0.69056
0.68395
0.62727
0.68856
0.7462
0.80225
0.73575
0.67807
0.68759
0.58363
0.52872
0.53276
0.49393
0.48383
0.50051
0.53943
0.56125
0.54844
0.51954
0.52204
0.49485
0.523
0.53917
0.54882
0.55195
0.45546
0.43155
0.43496
0.46799
0.42514
0.50365
0.48454
0.44305
0.35561
0.38887
0.38615
0.36959
0.41635
0.43087
0.41854
0.43111
0.43686
0.42748
0.43883
0.41273
0.32318
0.3335
0.30707
0.29665
0.28933
0.25894
0.28679
0.27148
0.29878
0.28458
0.29586
0.33716
0.31987
0.36316
0.35471
0.38489
0.39694
0.39465
0.39459
0.39719
0.34513
0.38005
0.42785
0.48433
0.60994
0.59506
0.60467
0.67247
0.6357
0.51381
0.50717
0.58844
0.63723
0.57492
0.54204
0.56012
0.55415
0.64163
0.63031
0.70311
0.67658
0.64277
0.66764
0.65615
0.71714
0.7061
0.70023
0.68615
0.66002
0.61563
0.5743
0.58245
0.60439
0.60649
0.61502
0.53874
0.5371
0.59009
0.60077
0.53334
0.506
0.48851
0.48031
0.46868
0.46526
0.50186
0.53187
0.5174
0.53749
0.54509
0.52999
0.5802
0.56447
0.62771
0.64534
0.5333
0.43921
0.40103
0.42127
0.35132
0.34507
0.2998
0.25871
0.24404
0.25925
0.26295
0.24882
0.22886
0.22021
0.21042
0.24417
0.22413
0.22166
0.23839
0.26712
0.30226
0.27384
0.25297
0.25459
0.26192
0.2499
0.24118
0.2614
0.27963
0.28996
0.25092
0.24055
0.2597
0.23638
0.21184
0.22454
0.20847
0.20556
0.2105
0.18412
0.18914
0.18974
0.20191
0.2251
0.23056
0.22521
0.23066
0.22227
0.23018
0.24221
0.24204
0.24616
0.20332
0.18169
0.1916
0.1918
0.17736
0.20098
0.20635
0.19949
0.22595
0.22611
0.26479
0.22833
0.27439
0.27905
0.28445
0.23625
0.26463
0.32709
0.31785
0.3325
0.34807
0.30332
0.25556
0.28346
0.29374
0.33044
0.33275
0.37464
0.3718
0.34796
0.38492
0.40137
0.43137
0.37068
0.33327
0.3324
0.30955
0.31013
0.31402
0.33366
0.30582
0.29579
0.35078
0.34596
0.31552
0.27986
0.26589
0.2632
0.31573
0.29551
0.34299
0.3311
0.32358
0.34854
0.36406
0.32803
0.25153
0.22715
0.24107
0.23392
0.22653
0.22736
0.20847
0.22185
0.24932
0.2701
0.26055
0.26419
0.26042
0.2837
0.31654
0.34329
0.29823
0.31085
0.30483
0.32074
0.34071
0.34712
0.33907
0.35431
0.35071
0.35144
0.3231
0.30154
0.30336
0.28306
0.30546
0.29357
0.28128
0.2964
0.29174
0.32298
0.29446
0.31252
0.29281
0.34269
0.29751
0.3218
0.32075
0.28294
0.28153
0.27985
0.25199
0.23946
0.24527
0.25304
0.2376
0.23801
0.19145
0.15758
0.17783
0.18584
0.15841
0.14337
0.15362
0.13977
0.10693
0.12027
0.11005
0.11683
0.12863
0.13537
0.11692
0.10927
0.12396
0.12105
0.099737
0.13297
0.08716
0.092713
0.10109
0.10495
0.099142
0.13636
0.15911
0.16718
0.16828
0.18106
0.17257
0.1475
0.16878
0.13712
0.12845
0.14711
0.12874
0.1277
0.10855
0.12036
0.1237
0.10033
0.11364
0.11616
0.10228
0.098942
0.069495
0.056473
0.059505
0.064366
0.059676
0.073245
0.08441
0.068405
0.082747
0.084232
0.073298
0.061428
0.047526
0.01614
0.0083269
0.019324
0.014208
-0.0017188
-0.003442
-0.01174
-0.0023783
-0.018074
-0.0070736
-0.0089705
0.00090417
0.0075096
0.0076853
0.016988
0.027411
0.027859
0.035241
0.014276
0.0285
0.026807
0.022913
0.02049
0.00066305
0.0040448
-0.016776
-0.0023151
-0.018334
-0.023189
-0.024647
-0.018475
0.0010695
0.00032006
-0.0043603
-0.010899
-0.00055329
-0.0086258
-0.0089378
-0.010615
-0.01482
-0.0043303
-0.0085822
0.006514
0.0026104
0.006306
-0.009423
0.0073856
0.022243
0.021943
0.019801
0.022804
0.030451
0.023235
0.020596
0.034252
0.031117
0.025489
0.018143
0.014252
0.0089945
0.0038484
-0.0016486
-0.006459
0.0075381
-0.0015828
0.0036248
-0.006291
0.008845
0.018903
0.021827
0.026625
0.037112
0.049569
0.041542
0.059151
0.060453
0.069838
0.073252
0.087567
0.059176
0.060462
0.06529
0.052983
0.03623
0.052079
0.053768
0.06916
0.061363
0.078992
0.079635
0.046944
0.060767
0.049776
0.039827
0.038312
0.050891
0.057466
0.045269
0.059141
0.064456
0.071825
0.067418
0.055534
