1
1.0049
1.026
1.0124
1.0552
1.0111
1.0043
0.98392
1.0318
1.0348
1.0288
1.034
1.0047
0.97558
0.983
0.9858
0.99118
1.0134
0.96441
0.943
0.9711
0.98793
0.96819
0.9606
0.95189
0.97963
1.0047
0.9914
1.0241
1.0269
1.032
1.0349
1.0186
1.0269
1.0271
1.0552
1.0541
1.0572
1.0618
1.0571
1.0977
1.1036
1.0927
1.0782
1.0727
1.0576
1.0668
1.0605
1.0305
1.055
1.0482
1.048
1.0874
1.0962
1.0567
1.0815
1.0509
1.0764
1.0866
1.101
1.0801
1.0638
1.0155
1.0365
1.0393
1.0595
1.0835
1.0808
1.063
1.0706
1.1024
1.0871
1.0969
1.0825
1.0654
1.0472
1.0414
1.0447
1.0577
1.0272
1.0281
1.0189
1.0234
1.0136
1.035
1.0301
1.0324
1.0041
1.0338
1.049
1.0296
1.0135
1.0102
1.0213
1.0271
1.0163
1.0043
1.0202
1.0027
1.0042
0.99521
0.97155
0.95438
0.96598
0.93672
0.93396
0.9506
0.9681
0.95378
0.96249
0.94859
0.92097
0.89947
0.89926
0.91534
0.90619
0.90494
0.89634
0.91388
0.87861
0.86707
0.83812
0.81333
0.81568
0.78953
0.79237
0.79587
0.80686
0.81062
0.80813
0.81157
0.80854
0.80921
0.79846
0.77361
0.77236
0.78446
0.77693
0.7718
0.77489
0.79189
0.7786
0.76163
0.74732
0.75813
0.74598
0.74362
0.75281
0.75156
0.75893
0.74229
0.74456
0.75807
0.76571
0.74137
0.73464
0.71755
0.72754
0.7385
0.72733
0.7317
0.71251
0.73039
0.73585
0.71176
0.69924
0.70966
0.71493
0.68445
0.69563
0.69993
0.70715
0.68077
0.67579
0.67053
0.69753
0.69754
0.70919
0.71468
0.71716
0.68987
0.69855
0.71549
0.71855
0.73561
0.72903
0.73609
0.75408
0.7276
0.71979
0.69189
0.69312
0.70098
0.68667
0.67163
0.64919
0.63891
0.64853
0.64662
0.6575
0.66952
0.68464
0.68215
0.64806
0.63322
0.63808
0.62405
0.62333
0.62362
0.60748
0.59718
0.5816
0.57576
0.57939
0.56096
0.555
0.55563
0.55667
0.55964
0.54737
0.55926
0.5601
0.55581
0.53908
0.54633
0.55006
0.54526
0.54171
0.53658
0.5519
0.56037
0.5299
0.53336
0.51795
0.54716
0.50547
0.51361
0.50101
0.50333
0.50406
0.49193
0.50026
0.5134
0.52183
0.52014
0.52193
0.51825
0.5402
0.53864
0.54066
0.54375
0.52102
0.53226
0.55359
0.56498
0.57934
0.6037
0.59692
0.585
0.58081
0.57007
0.57507
0.54754
0.55661
0.57338
0.56012
0.57082
0.5619
0.56196
0.5744
0.58056
0.55445
0.5662
0.56631
0.5698
0.5691
0.57378
0.55397
0.55366
0.55288
0.53776
0.54691
0.54191
0.52011
0.51195
0.50231
0.50969
0.50214
0.49345
0.49141
0.47909
0.49213
0.50237
0.49937
0.51477
0.50659
0.51555
0.5197
0.52264
0.52846
0.52076
0.51275
0.51246
0.5303
0.52101
0.5173
0.52254
0.5069
0.51274
0.51714
0.52688
0.54135
0.55808
0.55407
0.53689
0.5257
0.52508
0.52486
0.52765
0.542
0.53861
0.52752
0.5318
0.53917
0.54065
0.52992
0.53308
0.53057
0.55527
0.5577
0.55281
0.55605
0.55579
0.57983
0.59179
0.59195
0.61084
0.59902
0.59216
0.57131
0.57758
0.57695
0.569
0.55917
0.56207
0.53024
0.52763
0.52185
0.53982
0.55933
0.55545
0.5352
0.53858
0.53094
0.53854
0.53335
0.51807
0.52613
0.52684
0.52364
0.52584
0.54485
0.54129
0.55188
0.53345
0.5436
0.5506
0.55069
0.5684
0.5814
0.5963
0.59716
0.59389
0.58629
0.59022
0.5903
0.59864
0.59547
0.59715
0.62236
0.64436
0.63091
0.62471
0.63173
0.63811
0.64156
0.6433
0.63224
0.6391
0.64555
0.65863
0.64241
0.65138
0.63588
0.62882
0.61864
0.62291
0.60577
0.6159
0.60888
0.58988
0.58644
0.57916
0.57771
0.58535
0.58681
0.58214
0.59944
0.59275
0.59838
0.56505
0.55695
0.552
0.56214
0.57468
0.58675
0.60245
0.6099
0.58988
0.59675
0.58974
0.57578
0.58466
0.58419
0.59914
0.59243
0.58676
0.56734
0.58572
0.58877
0.61424
0.60791
0.61566
0.60106
0.58882
0.57377
0.5856
0.5828
0.57174
0.59067
0.59301
0.59508
0.60926
0.60464
0.6156
0.63343
0.64431
0.63817
0.65379
0.65573
0.66727
0.66167
0.67766
0.66819
0.62777
0.59383
0.60626
0.61164
0.5993
0.6356
0.63252
0.62835
0.62571
0.60269
0.59389
0.58845
0.59098
0.58778
0.56749
0.57534
0.57739
0.57598
0.58951
0.58886
0.58892
0.59855
0.59435
0.59434
0.59391
0.59402
0.57763
0.58082
0.58062
0.58349
0.58407
0.56616
0.57115
0.56631
0.57193
0.57489
0.58297
0.56177
0.55219
0.55483
0.55005
0.54838
0.55259
0.5471
0.5636
0.56969
0.58251
0.58957
0.60749
0.62224
0.60915
0.58563
0.577
0.59439
0.57678
0.56183
0.54918
0.54548
0.54473
0.53902
0.5655
0.55231
0.57958
0.58779
0.58822
0.57941
0.5661
0.56908
0.57148
0.57432
0.56096
0.56494
0.55196
0.57148
0.57066
0.56411
0.57096
0.5683
0.56164
0.58653
0.58957
0.58769
0.60047
0.59734
0.57746
0.58154
0.55884
0.57576
0.57522
0.58082
0.57188
0.58911
0.58094
0.58498
0.57558
0.58056
0.61367
0.61631
0.60308
0.59408
0.60181
0.58958
0.59786
0.59488
0.58488
0.59917
0.58234
0.58561
0.58618
0.59546
0.5898
0.58273
0.56372
0.56149
0.5736
0.57066
0.56076
0.5487
0.5496
0.54391
0.56112
0.57026
0.5778
0.58397
0.59843
0.58218
0.58932
0.58578
0.58196
0.57397
0.58163
0.59606
0.57418
0.57709
0.58805
0.59516
0.57969
0.57954
0.59851
0.62717
0.61971
0.62598
0.64416
0.64747
0.64464
0.65098
0.67029
0.67502
0.65457
0.64411
0.6414
0.64592
0.6326
0.62697
0.59958
0.57046
0.55288
0.55233
0.55298
0.53976
0.52074
0.51401
0.52476
0.50831
0.50511
0.50694
0.51592
0.51191
0.50168
0.50106
0.50375
0.50337
0.4994
0.48268
0.49153
0.47485
0.46692
0.46263
0.46307
0.45157
0.46014
0.46304
0.45799
0.48174
0.47047
0.46833
0.46351
0.46049
0.45283
0.45212
0.44476
0.42987
0.42783
0.4175
0.41835
0.41617
0.42364
0.43121
0.42633
0.42551
0.43295
0.42298
0.41372
0.40012
0.4004
0.39106
0.40267
0.4069
0.41284
0.4092
0.41408
0.41542
0.41531
0.4146
0.40614
0.40062
0.39378
0.38738
0.37643
0.38914
0.3782
0.37106
0.36814
0.36617
0.36162
0.34811
0.34436
0.34019
0.34743
0.3572
0.36166
0.37138
0.37461
0.36505
0.37246
0.38342
0.38468
0.37895
0.37483
0.36804
0.36268
0.35558
0.34221
0.34229
0.33936
0.34554
0.34631
0.33925
0.33964
0.33608
0.34015
0.34451
0.34688
0.35918
0.35192
0.35044
0.35793
0.3583
0.35303
0.35389
0.33343
0.32704
0.31977
0.30239
0.30289
0.29695
0.28002
0.27195
0.2805
0.28368
0.27128
0.27503
0.27681
0.28378
0.28489
0.28275
0.28248
0.28037
0.28045
0.28404
0.28411
0.28748
0.28026
0.28658
0.28564
0.28231
0.2661
0.26697
0.26785
0.271
0.26824
0.26505
0.25939
0.25354
0.26015
0.25219
0.24626
0.24833
0.24561
0.24777
0.24489
0.24521
0.24425
0.23554
0.23175
0.22446
0.22797
0.22766
0.22631
0.22362
0.21653
0.22199
0.22868
0.22414
0.21549
0.2128
0.20992
0.2096
0.2061
0.20493
0.20623
0.2037
0.19397
0.19411
0.19397
0.19111
0.19256
0.19133
0.19563
0.18854
0.18227
0.18308
0.18667
0.18433
0.17676
0.17838
0.17442
0.17142
0.17224
0.17361
0.17288
0.17546
0.17128
0.16762
0.16229
0.16382
0.16274
0.16332
0.1601
0.15501
0.1517
0.14691
0.14736
0.14893
0.1509
0.15273
0.14795
0.14447
0.1427
0.14322
0.14426
0.14059
0.14101
0.13512
0.13487
0.13446
0.12449
0.12338
0.11984
0.12002
0.11907
0.11908
0.11848
0.11524
0.11504
0.11492
0.11314
0.11355
0.10982
0.10972
0.10701
0.10713
0.10694
0.10222
0.099666
0.10246
0.10023
0.097372
0.097968
0.096066
0.094864
0.095183
0.095381
0.09656
0.0945
0.096897
0.097673
0.09811
0.098015
0.094481
0.093349
0.09316
0.089748
0.084833
0.08425
0.082252
0.081546
0.083289
0.082003
0.078465
0.075696
0.073901
0.074628
0.074496
0.075358
0.073259
0.074901
0.072216
0.069672
0.069874
0.068007
0.067734
0.067631
0.065379
0.064849
0.063208
0.064346
0.063443
0.061049
0.061117
0.060489
0.060703
0.058433
0.057697
0.056128
0.05424
0.053268
0.051073
0.049706
0.047913
0.046838
0.044701
0.042972
0.042133
0.040138
0.038152
0.038372
0.036344
0.035471
0.035573
0.034751
0.033072
0.032212
0.031319
0.029716
0.02886
0.027365
0.02659
0.026722
0.025436
0.023665
0.022008
0.020792
0.019593
0.018409
0.017495
0.01693
0.015633
0.014824
0.013722
0.013039
0.012151
0.010928
0.0098924
0.0089896
0.0074955
0.0062877
0.0054258
0.0043366
0.0033346
0.0023047
0.0013184
0.00032631
-0.00067206
-0.0016681
-0.002725
-0.0036708
-0.0046251
-0.0056935
-0.0065806
-0.0074604
-0.0085446
-0.0095846
-0.010417
-0.011536
-0.012468
-0.013424
-0.014138
-0.014717
-0.016165
-0.017358
-0.018542
-0.019662
-0.021234
-0.021419
-0.023171
-0.024262
-0.02563
-0.02685
-0.027585
-0.02844
-0.029497
-0.031006
-0.032022
-0.032906
-0.034948
-0.037155
-0.037682
-0.037926
-0.038847
-0.038607
-0.040216
-0.040427
-0.04226
-0.044142
-0.043086
-0.044615
-0.04473
-0.047881
-0.049765
-0.053
-0.054939
-0.055146
-0.055455
-0.055764
-0.057636
-0.05867
-0.058829
-0.060038
-0.060391
-0.063247
-0.063719
-0.065335
-0.068673
-0.070503
-0.071439
