1
0.9928
0.99904
1.0383
1.0519
0.99433
0.99348
0.96027
0.90662
0.8459
0.8376
0.90588
0.87169
0.89581
0.93324
0.87733
0.89347
0.80208
0.89458
0.94921
0.93912
0.82266
0.8534
0.75041
0.76874
0.84406
0.86695
0.82957
0.81136
0.7974
0.77167
0.70746
0.70437
0.7347
0.71371
0.7273
0.71737
0.6727
0.67942
0.7014
0.76166
0.78443
0.77936
0.78283
0.78357
0.81919
0.82471
0.83999
0.87733
0.85673
0.80457
0.84104
0.83964
0.93033
1.0325
1.0365
1.0492
1.0531
0.95991
0.92883
0.93033
0.96912
0.91939
0.95737
0.87683
0.848
0.79792
0.78205
0.81093
0.80932
0.83655
0.87146
0.94663
0.9047
0.88924
0.86211
0.87824
0.89041
0.8471
0.82658
0.91373
0.93031
0.92748
0.99076
0.99823
0.99869
1.0184
0.94737
0.92022
0.86702
0.84661
0.77998
0.76907
0.74225
0.65674
0.65195
0.67349
0.6521
0.62758
0.60206
0.62821
0.63814
0.65371
0.62158
0.66682
0.69103
0.69925
0.71471
0.77253
0.73375
0.77946
0.7708
0.82181
0.83579
0.80625
0.76516
0.74129
0.80223
0.86821
0.82505
0.78689
0.75136
0.76064
0.75215
0.78065
0.83185
0.81566
0.83277
0.87441
0.91977
0.92504
0.9124
0.94154
0.89583
0.91392
0.93315
0.88317
0.95345
1.0032
0.98176
1.0068
1.0684
1.1115
1.1117
1.0931
1.1184
1.1271
1.0744
1.0923
1.1168
1.0213
0.98525
1.0031
0.96071
0.95232
0.97898
1.0064
0.9212
0.81703
0.81054
0.76567
0.73008
0.73446
0.74369
0.77216
0.77454
0.74619
0.68561
0.7091
0.69445
0.70213
0.73372
0.75136
0.76176
0.70896
0.69846
0.7238
0.7633
0.74273
0.69884
0.69895
0.68057
0.66761
0.6578
0.66605
0.67832
0.69538
0.66424
0.68314
0.70904
0.74155
0.75282
0.73686
0.77795
0.76767
0.75083
0.75751
0.7538
0.81107
0.79124
0.83264
0.82228
0.76719
0.77345
0.73378
0.70035
0.70447
0.69513
0.68428
0.69769
0.70476
0.72022
0.72584
0.72556
0.67285
0.66315
0.60829
0.58184
0.54128
0.54347
0.56911
0.57382
0.55328
0.56718
0.58221
0.59438
0.57604
0.5762
0.58343
0.58667
0.63546
0.62139
0.57233
0.59335
0.59782
0.61061
0.62666
0.61428
0.57277
0.59619
0.60599
0.65479
0.63516
0.66997
0.66991
0.67668
0.69435
0.68378
0.63675
0.59892
0.63865
0.63437
0.66342
0.68317
0.6821
0.66117
0.66304
0.65955
0.62131
0.61453
0.67276
0.65272
0.66129
0.69853
0.71195
0.70325
0.71529
0.72607
0.65127
0.64906
0.63216
0.62249
0.62397
0.59998
0.62053
0.60063
0.58848
0.59331
0.58027
0.60113
0.63685
0.64258
0.70001
0.74335
0.74169
0.78116
0.76122
0.81591
0.7966
0.77488
0.75496
0.78436
0.79052
0.8094
0.79408
0.74372
0.71304
0.68884
0.64297
0.63964
0.6466
0.65031
0.60809
0.62932
0.64286
0.66661
0.63322
0.6428
0.65419
0.65005
0.66519
0.62376
0.64518
0.64648
0.68745
0.67811
0.67156
0.66356
0.62896
0.6062
0.63258
0.6395
0.63524
0.6671
0.6571
0.65355
0.69384
0.64429
0.6271
0.63494
0.63655
0.6373
0.6668
0.70366
0.74388
0.78824
0.76782
0.75198
0.70862
0.69725
0.7316
0.66167
0.6803
0.66441
0.70679
0.65442
0.63063
0.61616
0.55619
0.55836
0.56328
0.58496
0.60965
0.60912
0.60039
0.59663
0.58289
0.58945
0.59948
0.61542
0.65632
0.67001
0.66414
0.66389
0.68584
0.70614
0.70595
0.65941
0.6622
0.65005
0.63472
0.57925
0.56731
0.56672
0.54925
0.55866
0.5504
0.56261
0.56617
0.50558
0.51524
0.51113
0.51008
0.54373
0.50785
0.54184
0.54725
0.53822
0.56452
0.59149
0.5898
0.58702
0.60799
0.59735
0.59558
0.61999
0.6399
0.63732
0.66384
0.63482
0.61822
0.65213
0.70452
0.76194
0.70988
0.70252
0.70994
0.74931
0.75923
0.76209
0.76369
0.71799
0.76297
0.75711
0.80406
0.75232
0.71885
0.68188
0.66642
0.67419
0.64734
0.65375
0.63529
0.60078
0.58428
0.57082
0.56317
0.57035
0.60446
0.55494
0.58009
0.60309
0.58935
0.58093
0.57179
0.6109
0.6068
0.66068
0.69299
0.70826
0.71669
0.71134
0.71461
0.72043
0.78605
0.77618
0.85454
0.83241
0.78471
0.79666
0.87629
0.91655
0.96726
0.97678
0.91711
0.84016
0.83333
0.80584
0.87245
0.87559
0.87136
0.86783
0.89349
0.9637
0.95488
0.96546
0.99837
0.98059
0.97774
0.95483
0.99349
0.96415
0.95088
1.0184
1.0661
1.0673
1.0528
1.0411
1.0131
1.0398
0.96701
1.0926
1.1174
1.1465
1.1607
1.1587
1.2938
1.3122
1.2129
1.1726
1.1717
1.0929
1.0731
1.1229
1.1086
1.022
0.99514
1.0338
0.99852
1.0211
1.0631
1.1372
1.235
1.2356
1.2391
1.2344
1.2833
1.1883
1.1463
1.1597
1.1133
1.1205
1.1593
1.1257
1.154
1.1113
1.1558
1.1488
1.1451
1.1097
1.1056
1.141
1.0588
0.94261
0.99303
1.0354
1.0279
1.0756
1.0805
1.0889
0.99549
0.94716
0.96487
0.94779
0.95718
1.0553
1.0476
1.1223
1.2739
1.3004
1.3233
1.4702
1.4395
1.6181
1.4812
1.5023
1.5589
1.487
1.3927
1.2866
1.3214
1.4471
1.5025
1.5579
1.5619
1.5813
1.5534
1.5384
1.64
1.7193
1.5445
1.3887
1.5121
1.6032
1.6413
1.5816
1.5594
1.6047
1.5443
1.4895
1.5212
1.5653
1.5744
1.6537
1.6314
1.7245
1.7471
1.7237
1.6231
1.502
1.4899
1.3784
1.2928
1.1377
1.1172
1.086
1.0569
1.0694
1.0846
0.9812
0.98811
0.96007
0.90688
0.90337
0.87378
0.916
0.924
0.88446
0.88997
0.9422
0.99097
0.95372
0.91767
0.84209
0.87528
0.85328
0.88108
0.96913
0.9977
0.95473
0.99781
0.99165
0.95106
0.91553
0.92294
0.96984
0.87737
0.83652
0.81469
0.83589
0.81122
0.83354
0.77218
0.75207
0.69799
0.72904
0.74368
0.7169
0.76296
0.78818
0.74615
0.73073
0.72809
0.64083
0.5999
0.60755
0.61996
0.6075
0.6071
0.56981
0.55553
0.54674
0.58353
0.54451
0.5424
0.55565
0.51137
0.47212
0.45459
0.46848
0.42121
0.42896
0.41975
0.39427
0.39936
0.37373
0.37298
0.37297
0.3771
0.38711
0.41463
0.3993
0.39706
0.41323
0.37419
0.37092
0.35987
0.37249
0.36592
0.36891
0.39193
0.38698
0.40806
0.39836
0.40685
0.43011
0.43012
0.40808
0.40297
0.39622
0.3848
0.39263
0.39554
0.38184
0.36289
0.36288
0.36485
0.37255
0.38612
0.36677
0.37376
0.39515
0.37404
0.40783
0.40603
0.38199
0.3639
0.35632
0.35662
0.36016
0.34523
0.33288
0.32657
0.33766
0.33977
0.33602
0.33787
0.34122
0.34825
0.3451
0.33735
0.31819
0.32532
0.31225
0.31941
0.33231
0.32369
0.31945
0.32482
0.33127
0.33587
0.33637
0.3511
0.3532
0.35104
0.35012
0.36185
0.38241
0.38827
0.40993
0.40358
0.40912
0.3934
0.39627
0.4094
0.43772
0.432
0.43961
0.48002
0.45418
0.48298
0.45328
0.45426
0.45046
0.41975
0.4301
0.41548
0.40731
0.40428
0.40219
0.41829
0.41004
0.41932
0.40392
0.40968
0.42543
0.43784
0.41987
0.40098
0.38949
0.40196
0.39407
0.40135
0.43027
0.45087
0.42786
0.41359
0.37605
0.37187
0.38748
0.36634
0.33998
0.35713
0.36245
0.3431
0.33713
0.33269
0.33599
0.32636
0.31722
0.31265
0.30984
0.29999
0.30949
0.31064
0.30621
0.30101
0.29969
0.30948
0.31144
0.29403
0.28651
0.29256
0.28852
0.28319
0.27668
0.27578
0.26423
0.2676
0.26118
0.2534
0.26018
0.25223
0.25313
0.25313
0.25247
0.26138
0.26053
0.25359
0.25051
0.25013
0.25181
0.25356
0.24735
0.25046
0.25124
0.24621
0.24296
0.24019
0.24083
0.23752
0.23576
0.23538
0.23387
0.23465
0.23432
0.23375
0.22965
0.22573
0.22514
0.22391
0.22325
0.21838
0.21843
0.21704
0.21514
0.21518
0.21654
0.21634
0.21686
0.22293
0.22893
0.22369
0.22181
0.21914
0.22402
0.22961
0.22851
0.23289
0.23016
0.23087
0.22853
0.22724
0.22593
0.2288
0.2302
0.22534
0.22444
0.22055
0.22378
0.21803
0.21941
0.22302
0.2185
0.21707
0.2217
0.21917
0.21984
0.22198
0.22917
0.23652
0.23882
0.24167
0.23703
0.23187
0.23584
0.23012
0.23295
0.23548
0.23554
0.23611
0.24075
0.23535
0.22677
0.22895
0.22855
0.2236
0.22602
0.22686
0.22808
0.22864
0.23025
0.23311
0.23497
0.23744
0.23972
0.24308
0.24717
0.24834
0.24928
0.24499
0.24692
0.24508
0.24012
0.23939
0.23793
0.23832
0.25014
0.25422
0.25326
0.25816
0.2756
0.28438
0.28356
0.27345
0.28021
0.29551
0.28653
0.28782
0.28698
0.28774
0.2813
0.2685
0.27712
0.2741
0.26579
0.26414
0.25763
0.25375
0.25323
0.25923
0.25711
0.25026
0.24723
0.24396
0.24779
0.25084
0.2502
0.24482
0.25102
0.25185
0.25054
0.2544
0.24419
0.24355
0.24306
0.2389
0.24157
0.24199
0.24013
0.23551
0.23432
0.23588
0.23163
0.23418
0.23501
0.22929
0.2284
0.23708
0.23903
0.23871
0.23929
0.23913
0.2325
0.23186
0.2324
0.23098
0.2278
0.2273
0.22371
0.22604
0.22474
0.22636
0.22348
0.22333
0.22007
0.21995
0.22162
0.21961
0.21733
0.21245
0.21381
0.21398
0.21394
0.21405
0.20885
0.20869
0.20127
0.19998
0.19732
0.19868
0.20002
0.19983
0.19813
0.19558
0.1961
0.19485
0.19204
0.19241
0.1917
0.19347
0.19187
0.19081
0.19216
0.19042
0.1923
0.1915
0.19335
0.19434
0.19547
0.19631
0.19314
0.19305
0.19235
0.19211
0.19181
0.19127
0.19051
0.1901
0.18908
0.18865
0.19066
0.19154
0.19348
0.19488
0.19191
0.19009
0.19294
0.19368
0.19402
0.19385
0.19553
0.19406
0.19757
0.1978
0.19535
0.19439
0.19396
0.19368
0.19436
0.19381
0.19227
0.19155
0.19199
0.18943
0.18889
0.19119
0.19204
0.19328
0.19297
0.1915
0.19348
0.19287
0.19365
0.19545
0.19528
0.19311
0.19443
0.19628
0.19714
0.19779
0.19669
0.19594
0.19739
0.19812
0.19856
0.19971
0.20418
0.20646
0.20815
0.20759
0.20438
0.20845
0.20949
0.20873
0.2105
0.20794
0.205
0.20741
0.20748
0.20643
0.20542
0.20436
0.20233
0.20496
0.20262
0.20043
0.19748
0.19597
0.19536
0.19415
0.19283
0.19215
0.19144
0.1911
0.19227
0.19148
0.19005
0.18878
0.18805
0.18791
0.18799
0.18785
0.18724
0.18808
0.18786
0.18874
0.18886
0.18825
0.18865
0.18984
0.18815
0.18929
0.18838
0.18897
0.18786
0.18849
0.18924
0.19137
0.19184
0.18961
0.18946
0.1904
0.19311
0.1967
0.19751
0.19911
0.19503
0.1946
0.1929
0.19381
0.19533
0.19599
0.19422
0.19419
0.19554
0.19578
0.19465
0.19458
0.192
0.1928
0.1955
0.19658
0.19966
0.19891
0.19807
0.19776
0.20063
0.20161
0.19959
0.19859
0.19533
0.19717
0.20008
0.19989
0.19753
0.19257
0.1905
0.19007
0.19297
0.1892
0.18813
0.1859
0.18521
0.18433
0.1839
0.18379
0.18378
0.18626
0.18673
0.18662
0.18654
0.18504
0.18324
0.1821
0.18223
0.18236
0.18113
0.18148
0.18059
0.17973
0.18105
0.18216
0.18379
0.18437
0.18444
0.18531
0.18706
0.18864
0.18841
0.18741
0.18547
0.1863
0.18749
0.18883
0.18637
0.1879
0.18857
0.18961
0.18769
0.18865
0.18958
0.18966
0.18991
0.18985
0.19018
0.19281
0.19549
0.19669
0.19392
0.19437
0.19661
0.19711
0.19601
0.19784
0.20068
0.20059
0.20327
0.20445
0.20564
0.2037
0.20229
0.20096
0.19861
0.20002
0.19802
0.20118
0.20345
0.20341
0.20123
0.19753
0.197
0.19983
0.20073
0.20196
0.19889
0.19906
0.19721
0.20041
0.19924
0.20036
0.19809
0.1984
0.20185
0.20111
0.20527
0.20411
0.2016
0.20247
0.2008
0.20361
0.20361
0.20289
0.20343
0.20591
0.20711
0.20743
0.21311
0.21329
0.20816
0.21079
0.21441
0.21658
0.22029
0.22535
0.22631
0.23083
0.22393
0.22501
0.22298
0.2232
0.22101
0.22616
0.22379
0.22704
0.22571
0.22703
0.22521
0.22568
0.22661
0.22666
0.22891
0.22239
0.22311
0.22745
0.22391
0.22791
0.22875
0.22863
0.23016
0.22943
0.23393
0.22561
0.22941
0.22734
0.22964
0.2362
0.23631
0.23931
0.2331
0.23195
0.23201
0.23422
0.24265
0.2376
0.24005
0.25269
0.25264
0.25826
0.26809
0.27453
0.26898
0.2611
0.25993
0.25561
0.25681
0.25502
0.25594
0.25257
0.25144
0.23599
0.22935
0.22749
0.22297
0.22974
0.2295
0.22948
0.23186
0.23334
0.2372
0.23365
0.22772
0.22809
0.2332
0.23822
0.23063
0.22916
0.22859
0.22609
0.22656
0.22992
0.22793
0.23546
0.23371
0.22963
0.23513
0.23615
0.23987
0.24192
0.23957
0.23992
0.24428
0.23937
0.24731
0.25372
0.25107
0.25237
0.25659
0.26065
0.26264
0.25004
0.24111
0.23769
0.24579
0.24301
0.23752
0.23597
0.23274
0.23152
0.22895
0.22678
0.23373
0.23221
0.22719
0.22678
0.22713
0.23049
0.22994
0.22878
0.22882
0.22791
0.22317
0.22645
0.22342
0.21597
0.21587
0.21892
0.21944
0.2185
0.21524
0.21736
0.21782
0.21949
0.2238
0.22779
0.23066
0.22848
0.2357
0.24575
0.25199
0.25783
0.26174
0.26912
0.26907
0.27903
0.27269
0.27338
0.26907
0.28049
0.27974
0.28082
0.28611
0.28604
0.29657
0.28414
0.28717
0.28533
0.2849
0.27713
0.26069
0.2558
0.25201
0.2471
0.24208
0.24084
0.23861
0.23621
0.23513
0.2294
0.22539
0.2224
0.21705
0.22269
0.22543
0.22663
0.22838
0.23142
0.2393
0.23736
0.24024
0.23309
0.23216
0.23727
0.23707
0.2435
0.24429
0.24296
0.24406
0.25072
0.25025
0.25853
0.25765
0.2613
0.25932
0.27049
0.26754
0.26847
0.26491
0.26847
0.27067
0.26978
0.27608
0.27677
0.26829
0.26082
0.26609
0.27061
0.27866
0.27432
0.26635
0.26868
0.26734
0.26419
0.26779
0.25625
0.26335
0.26224
0.25913
0.27092
0.26444
0.27104
0.26807
0.25601
0.2535
0.25653
0.25229
0.25536
0.24952
0.25132
0.2449
0.24922
0.25013
0.25482
0.25551
0.25412
0.24816
0.25417
0.26046
0.26015
0.27278
0.26687
0.26458
0.26462
0.26398
0.26816
0.26586
0.26514
0.25728
0.26016
0.26838
0.26941
0.27084
0.26888
0.25769
0.24999
0.25788
0.24703
0.24266
0.24528
0.24075
0.24525
0.23991
0.2396
0.23859
0.2401
0.23972
0.24025
0.23895
0.2414
0.23799
0.24859
0.2516
0.25481
0.26251
0.25973
0.25977
0.25612
0.25124
0.24963
0.25586
0.25698
0.24948
0.26225
0.26601
0.26269
0.25942
0.26072
0.25733
0.2621
0.2752
0.26973
0.27259
0.26914
0.26269
0.27227
0.2762
0.28185
0.29184
0.29383
0.30281
0.30694
0.30727
0.30115
0.3036
0.31784
0.32303
0.33296
0.32608
0.30695
0.31564
0.3326
0.34182
0.34295
0.33813
0.3386
0.32864
0.33405
0.34831
0.37318
0.37238
0.36614
0.36331
0.35921
0.37489
0.37769
0.38508
0.38876
0.38135
0.38756
0.39381
0.3948
0.383
0.39572
0.40513
0.41396
0.4097
0.42575
0.42977
0.43665
0.45538
0.46803
0.48019
0.50341
0.49494
0.4866
0.50252
0.51809
0.53146
0.51448
0.52465
0.53581
0.54877
0.55601
0.51886
0.52627
0.53642
0.53268
0.57883
0.63542
0.58954
0.58532
0.56398
0.55911
0.51034
0.48446
0.47761
0.49094
0.52116
0.54759
0.49351
0.51304
0.49206
0.50164
0.49357
0.484
0.53385
0.51669
0.53207
0.548
0.54237
0.52156
0.53833
0.60228
0.61475
0.58029
0.56688
0.52662
0.51273
0.5017
0.52059
0.52708
0.52136
0.51217
0.49864
0.50028
0.52401
0.54023
0.58336
0.60248
0.62252
0.61829
0.63308
0.61615
0.64739
0.70033
0.64301
0.64925
0.62989
0.62662
0.60427
0.61449
0.60653
0.65578
0.64717
0.66708
0.68217
0.65365
0.63712
0.61188
0.62999
0.66931
0.67184
0.73072
0.72603
0.69451
0.64614
0.60444
0.56232
0.5314
0.5518
0.53454
0.53181
0.51317
0.52493
0.4861
0.50078
0.47409
0.4492
0.44099
0.44407
0.42212
0.43405
0.43216
0.42857
0.44855
0.4519
0.48498
0.4937
0.48862
0.50872
0.4974
0.54413
0.51341
0.50312
0.48996
0.51444
0.52617
0.53416
0.51463
0.48838
0.45862
0.46163
0.46651
0.46081
0.46866
0.47273
0.48206
0.4885
0.50205
0.49455
0.48967
0.52791
0.51077
0.50483
0.5015
0.51435
0.54224
0.56994
0.55713
0.60268
0.62383
0.64117
0.65551
0.68637
0.69767
0.68278
0.70554
0.76428
0.73649
0.69537
0.75877
0.75629
0.77711
0.79105
0.83081
0.8081
0.81785
0.84791
0.91214
0.80471
0.84386
0.85933
0.77942
0.85532
0.90128
0.9075
0.93572
0.88391
0.80554
0.81797
0.85838
0.8413
0.81896
0.73203
0.7231
0.72428
0.74365
0.73765
0.67486
0.58081
0.6136
0.64331
0.65607
0.66498
0.68193
0.65645
0.6571
0.65899
0.65289
0.63836
0.68738
0.63004
0.65704
0.62592
0.62924
0.60212
0.63438
0.65857
0.68991
0.64322
0.62396
0.62468
0.59028
0.52585
0.52727
0.50093
0.50321
0.48731
0.52687
0.54526
0.54157
0.55055
0.51763
0.5147
0.52793
0.49958
0.50176
0.50462
0.51144
0.50173
0.4879
0.4896
0.50293
0.5104
0.49114
0.49956
0.48962
0.50648
0.50388
0.53432
0.57646
0.53932
0.52268
0.56619
0.59609
0.64103
0.64683
0.62334
0.61087
0.59808
0.61313
0.61586
0.5755
0.56547
0.5935
0.61832
0.67707
0.64511
0.67221
0.68269
0.66556
0.69575
0.69578
0.62287
0.66292
0.71493
0.76829
0.75456
0.7636
0.73178
0.68225
0.70472
0.68252
0.63656
0.60067
0.58977
0.57169
0.63112
0.59346
0.57892
0.55233
0.50891
0.47825
0.49848
0.51918
0.53899
0.52453
0.54647
0.57566
0.53432
0.56441
0.53333
0.54288
0.56982
0.60074
0.55409
0.52746
0.52714
0.53193
0.52613
0.54242
0.54077
0.53794
0.53868
0.54302
0.50181
0.49286
0.45925
0.45152
0.4729
0.49458
0.48369
0.499
0.47096
0.47258
0.44955
0.45546
0.45076
0.44711
0.41626
0.41548
0.40786
0.40431
0.40332
0.40367
0.39214
0.41145
0.40334
0.42253
0.45126
0.46105
0.43813
0.44303
0.44186
0.43445
0.4573
0.46639
0.49211
0.49929
0.47046
0.42447
0.42137
0.42054
0.40652
0.40594
0.41612
0.41905
0.41748
0.42354
0.43752
0.41446
0.40752
0.39616
0.39746
0.40455
0.40613
0.40316
0.40579
0.3782
0.37341
0.36449
0.36288
0.37348
0.3791
0.3682
0.36257
0.36081
0.36159
0.35087
0.36138
0.35594
0.35475
0.35669
0.337
0.32655
0.32545
0.32469
0.33431
0.34255
0.34768
0.3711
0.3962
0.3752
0.37038
0.3669
0.37487
0.37662
0.37506
0.37164
0.37579
0.37912
0.37874
0.38131
0.37221
0.37649
0.35723
0.35995
0.37216
0.35794
0.36569
0.36565
0.38069
0.37974
0.3723
0.35055
0.33974
0.32178
0.32937
0.32162
0.32654
0.32443
0.32644
0.34735
0.34656
0.35382
0.36247
0.37073
0.37199
0.39114
0.37813
0.38094
0.38486
0.39167
0.40995
0.41202
0.41054
0.40548
0.42241
0.42715
0.41723
0.43693
0.43584
0.421
0.42488
0.43089
0.41704
0.42212
0.42587
0.4359
0.43301
0.43593
0.43901
0.44086
0.43604
0.4624
0.46765
0.46442
0.42398
0.44404
0.41229
0.39822
0.40222
0.42465
0.41011
0.39998
0.40379
0.4184
0.41214
0.41317
0.39849
0.41225
0.3815
0.35808
0.37144
0.39449
0.40383
0.40777
0.41619
0.41404
0.42807
0.41835
0.4172
0.39353
0.41195
0.42711
0.4371
0.43688
0.43204
0.44985
0.44616
0.46844
0.4637
0.44016
0.44462
0.44241
0.41943
0.44076
0.434
0.45174
0.46257
0.46277
0.46427
0.49499
0.46288
0.47842
0.47932
0.4888
0.47969
0.48807
0.46936
0.44788
0.48176
0.45601
0.45275
0.47858
0.45357
0.41887
0.40389
0.40563
0.41383
0.44186
0.40398
0.41166
0.42044
0.43685
0.43771
0.42563
0.41618
0.4034
0.40732
0.42035
0.4144
0.42733
0.41259
0.39408
0.35928
0.33636
0.33157
0.3338
0.33033
0.33743
0.33067
0.34038
0.34495
0.34922
0.35052
0.35037
0.35008
0.35797
0.36581
0.36348
0.3598
0.37511
0.37844
0.3752
0.40229
0.41651
0.43418
0.40686
0.40015
0.40638
0.41596
0.4261
0.41884
0.42644
0.45204
0.45812
0.45514
0.50547
0.56186
0.55609
0.52092
0.50558
0.49813
0.47716
0.45591
0.4572
0.43519
0.47179
0.45148
0.46545
0.43006
0.44189
0.43412
0.44333
0.43816
0.42097
0.4136
0.40044
0.41
0.40668
0.40943
0.3804
0.38259
0.38695
0.38734
0.39148
0.38259
0.37327
0.40073
0.38494
0.38174
0.39132
0.39007
0.37688
0.37687
0.3653
0.36911
0.36025
0.36875
0.3863
0.38905
0.39762
0.39675
0.39649
0.41139
0.41815
0.41378
0.38199
0.36552
0.3786
0.38462
0.39225
0.39333
0.36914
0.34181
0.34694
0.34054
0.35163
0.36042
0.35892
0.3696
0.35368
0.36894
0.36508
0.37729
0.38969
0.38268
0.37968
0.39017
0.36863
0.36746
0.34986
0.34626
0.34783
0.35605
0.34972
0.3701
0.36854
0.35682
0.36023
0.37058
0.37384
0.38812
0.38686
0.38925
0.37574
0.35475
0.37218
0.37799
0.38016
0.38552
0.38603
0.36322
0.38138
0.38258
0.37965
0.38697
0.40915
0.4244
0.41921
0.40606
0.40091
0.37268
0.39257
0.3775
0.38344
0.36966
0.36153
0.35858
0.37306
0.39497
0.37929
0.40287
0.3887
0.38581
0.39074
0.3993
0.41688
0.42604
0.42396
0.43585
0.44452
0.45922
0.46216
0.4464
0.45833
0.44208
0.41645
0.40572
0.3831
0.38424
0.3912
0.37848
0.36818
0.3716
0.38316
0.38929
0.375
0.37324
0.37486
0.38254
0.38536
0.39035
0.37232
0.3626
0.35584
0.34757
0.32727
0.33676
0.33883
0.34939
0.35803
0.35331
0.34944
0.32891
0.33634
0.36196
0.35751
0.37251
0.37931
0.37968
0.38031
0.39918
0.40354
0.40614
0.38999
0.38497
0.39814
0.41793
0.39746
0.38829
0.38487
0.37741
0.36634
0.39133
0.40223
0.41554
0.4269
0.43632
0.4372
0.43718
0.44675
0.4477
0.43344
0.43154
0.43331
0.43382
0.4427
0.43484
0.44182
0.44099
0.44117
0.4487
0.46724
0.44931
0.43776
0.45022
0.42841
0.42428
0.41023
0.4122
0.42825
0.42394
0.40923
0.41056
0.42701
0.41868
0.3867
0.37595
0.37479
0.36625
0.37569
0.36771
0.36715
0.35873
0.35622
0.35284
0.36735
0.37286
0.3594
0.34641
0.35378
0.3396
0.34859
0.34646
0.35659
0.36199
0.36691
0.36986
0.38327
0.37679
0.36735
0.38676
0.36417
0.35741
0.38295
0.38596
0.37965
0.37225
0.37131
0.36728
0.37194
0.35041
0.36026
0.36289
0.37904
0.36413
0.34991
0.35185
0.35484
0.35826
0.36656
0.37983
0.36684
0.36993
0.37603
0.35821
0.36131
0.34944
0.34817
0.34688
0.36235
0.3681
0.38261
0.37882
0.37802
0.36336
0.35474
0.36473
0.36655
0.3573
0.36012
0.3441
0.34067
0.33922
0.34208
0.33235
0.3447
0.35352
0.35751
0.34235
0.32027
0.32807
0.31555
0.31132
0.31299
0.31107
0.30187
0.29029
0.29023
0.28817
0.279
0.27215
0.27418
0.27367
0.27787
0.27422
0.28508
0.28723
0.28252
0.27848
0.28612
0.29191
0.2883
0.28663
0.30112
0.31679
0.31449
0.31143
0.31928
0.32863
0.31527
0.31392
0.30429
0.30466
0.29999
0.29595
0.30321
0.31154
0.32363
0.31909
0.3307
0.3372
0.34935
0.36956
0.38898
0.41143
0.41732
0.41017
0.40548
0.39279
0.38865
0.37959
0.39653
0.39653
0.38154
0.38146
0.38968
0.38955
0.39739
0.42204
0.43194
0.4103
0.40205
0.37931
0.38348
0.36269
0.38048
0.36099
0.37634
0.37452
0.38899
0.38682
0.36457
0.35461
0.36297
0.37554
0.35446
0.3661
0.36795
0.3747
0.37327
0.37869
0.37345
0.3878
0.39154
0.40769
0.40126
0.42997
0.41672
0.43132
0.4366
0.43004
0.42194
0.43851
0.4433
0.41488
0.39115
0.40127
0.40293
0.38627
0.38895
0.3991
0.41957
0.41108
0.38752
0.38292
0.38475
0.38713
0.39556
0.39111
0.37099
0.36971
0.36847
0.37688
0.37357
0.39365
0.4112
0.43143
0.45285
0.45549
0.44446
0.46072
0.41414
0.41044
0.44154
0.42802
0.45154
0.47306
0.49113
0.50294
0.49254
0.50502
0.52332
0.50817
0.51305
0.51761
0.5082
0.53678
0.49766
0.50713
0.50705
0.51846
0.5159
0.51766
0.52581
0.54534
0.53215
0.53457
0.53303
0.5383
0.52191
0.52435
0.52499
0.56099
0.55733
0.55727
0.57268
0.5667
0.55762
0.5719
0.57207
0.6197
0.59768
0.58798
0.5787
0.59245
0.59023
0.63109
0.59723
0.62718
0.67459
0.65861
0.62265
0.60728
0.62218
0.62061
0.6272
0.60735
0.62143
0.57196
0.57347
0.56237
0.56401
0.59554
0.61943
0.59934
0.60082
0.62267
0.60278
0.57901
0.58177
0.57213
0.53612
0.53039
0.51623
0.52788
0.48227
0.48092
0.50127
0.47483
0.51019
0.52544
0.54602
0.52997
0.52814
0.52797
0.50893
0.50749
0.50509
0.50564
0.47883
0.48194
0.49037
0.47804
0.48318
0.47559
0.49558
0.48045
0.48193
0.48746
0.46188
0.42681
0.4053
0.41064
0.39124
0.43498
0.46613
0.482
0.48072
0.48645
0.48888
0.48798
0.48493
0.4569
0.43201
0.43592
0.40669
0.39377
0.39213
0.397
0.40979
0.41241
0.42312
0.45409
0.4444
0.44557
0.46212
0.4934
0.50463
0.49323
0.51426
0.47526
0.50772
0.5015
0.50501
0.46419
0.48451
0.48781
0.50238
0.47781
0.49641
0.45462
0.42646
0.41965
0.41903
0.41142
0.39838
0.40718
0.38884
0.38508
0.3984
0.39438
0.36253
0.36969
0.37084
0.37448
0.37149
0.36706
0.35717
0.35149
0.35029
0.3583
0.37943
0.37612
0.3763
0.36258
0.35968
0.36149
0.3503
0.33585
0.32737
0.34188
0.34665
0.36471
0.38354
0.38287
0.37677
0.34815
0.34151
0.35151
0.35962
0.36026
0.36319
0.35302
0.34652
0.33922
0.32481
0.31855
0.31879
0.30475
0.30746
0.30811
0.3038
0.29909
0.30776
0.29992
0.30406
0.31447
0.31045
0.31608
0.3136
0.30941
0.29436
0.30135
0.31019
0.30574
0.30453
0.30056
0.29995
0.3106
0.32378
0.30717
0.30249
0.28891
0.29412
0.28492
0.2773
0.27957
0.28056
0.27242
0.27023
0.27438
0.26047
0.25998
0.26133
0.27336
0.2833
0.27689
0.27097
0.26868
0.27237
0.27455
0.28232
0.29233
0.275
0.28449
0.28498
0.28512
0.28806
0.28613
0.26957
0.2673
0.27042
0.27269
0.27155
0.27069
0.26761
0.2606
0.26103
0.25491
0.25349
0.256
0.25265
0.25119
0.25182
0.24705
0.25012
0.24691
0.249
0.25139
0.25573
0.25073
0.24717
0.2442
0.24642
0.24771
0.24653
0.24751
0.25437
0.25964
0.26501
0.26207
0.25362
0.25342
0.2612
0.26
0.25127
0.24917
0.2461
0.2371
0.23994
0.23542
0.23312
0.22835
0.23131
0.2267
0.22545
0.22497
0.22899
0.22118
0.22242
0.21835
0.22293
0.22516
0.22229
0.22618
0.22728
0.22453
0.22477
0.22188
0.22992
0.23245
0.2297
0.22833
0.22103
0.22921
0.23441
0.23775
0.24188
0.24358
0.24629
0.24957
0.25377
0.25758
0.25299
0.24899
0.24941
0.24348
0.24744
0.25393
0.2595
0.26329
0.2628
0.27015
0.2764
0.27716
0.26776
0.26479
0.25697
0.26557
0.26934
0.26904
0.26261
0.26439
0.26761
0.26892
0.26381
0.26113
0.2617
0.25685
0.25932
0.25323
0.24532
0.25063
0.25269
0.25025
0.25626
0.25175
0.24733
0.24287
0.24349
0.24441
0.24594
0.25243
0.25489
0.25372
0.25201
0.24943
0.23378
0.23459
0.24097
0.23822
0.24058
0.23731
0.23437
0.23992
0.23515
0.2366
0.23677
0.2435
0.23927
0.24602
0.24892
0.24583
0.24438
0.24411
0.24311
0.23881
0.23583
0.2397
0.23745
0.23694
0.23185
0.23113
0.22902
0.23165
0.2294
0.22447
0.21834
0.21929
0.21537
0.21347
0.21251
0.21732
0.22384
0.23062
0.23167
0.22294
0.21854
0.22164
0.21535
0.2183
0.22301
0.22109
0.22405
0.2249
0.22762
0.2288
0.23016
0.23484
0.2377
0.24013
0.24103
0.24186
0.23618
0.23848
0.23915
0.23328
0.23481
0.23484
0.24152
0.23589
0.2383
0.2359
0.23796
0.24151
0.24791
0.24297
0.23821
0.24002
0.23091
0.24361
0.23778
0.24441
0.2425
0.24464
0.23626
0.23475
0.24597
0.24892
0.24283
0.23531
0.23829
0.23873
0.2412
0.24271
0.23403
0.23736
0.24244
0.24955
0.25391
0.25742
0.25435
0.26322
0.25327
0.2481
0.24996
0.25002
0.24781
0.24976
0.25047
0.24584
0.24179
0.24252
0.23976
0.24949
0.2513
0.25453
0.2508
0.25005
0.25491
0.2528
0.25584
0.25931
0.2551
0.26689
0.25291
0.24394
0.24214
0.24531
0.24072
0.23944
0.25096
0.24694
0.24921
0.25297
0.26622
0.26774
0.27071
0.27701
0.27699
0.26607
0.26505
0.25989
0.25586
0.24875
0.2442
0.24482
0.24577
0.24736
0.24592
0.23934
0.23587
0.23704
0.24143
0.24078
0.23578
0.23869
0.23552
0.2342
0.23564
0.23555
0.23584
0.23352
0.2299
0.22821
0.22874
0.22475
0.22561
0.2259
0.22767
0.23071
0.23266
0.23063
0.22776
0.22933
0.23099
0.23585
0.22954
0.22764
0.22398
0.2269
0.21879
0.21229
0.21069
0.2115
0.20798
0.20941
0.20888
0.207
0.2044
0.20516
0.20225
0.20478
0.20852
0.20612
0.20867
0.20912
0.21275
0.21638
0.2159
0.22399
0.22517
0.22016
0.21695
0.21488
0.21692
0.22108
0.21949
0.22131
0.22237
0.22157
0.23047
0.23313
0.23295
0.23694
0.23874
0.24109
0.23926
0.23239
0.23456
0.22366
0.22273
0.22615
0.22746
0.23607
0.23333
0.23217
0.23558
0.23806
0.23285
0.23037
0.23539
0.23559
0.23697
0.23835
0.23753
0.24208
0.24239
0.24216
0.23665
0.24022
0.23864
0.23578
0.2401
0.24072
0.24043
0.23934
0.24271
0.23732
0.23525
0.23584
0.23454
0.23468
0.23085
0.22813
0.22519
0.22215
0.22427
0.22152
0.22542
0.22294
0.22381
0.22281
0.22457
0.22436
0.22822
0.23122
0.23401
0.2337
0.23348
0.2303
0.22924
0.22877
0.23002
0.23396
0.23818
0.23321
0.23313
0.23452
0.23467
0.23545
0.23465
0.22996
0.23125
0.22851
0.22998
0.23105
0.22592
0.22809
0.2278
0.22827
0.23164
0.22875
0.22402
0.22575
0.22671
0.2249
0.22787
0.23343
0.23273
0.23582
0.23893
0.24291
0.24521
0.24943
0.25236
0.25081
0.24945
0.2519
0.2482
0.25602
0.24465
0.2451
0.25297
0.25874
0.2612
0.26481
0.26986
0.27925
0.27522
0.2758
0.27906
0.28228
0.27693
0.27565
0.26896
0.27835
0.27696
0.28155
0.29232
0.29146
0.27796
0.27745
0.26475
0.25924
0.25038
0.25217
0.24864
0.25325
0.25538
0.25125
0.25212
0.25546
0.25298
0.25271
0.23908
0.2372
0.23979
0.24207
0.23983
0.24172
0.24622
0.23989
0.23665
0.23775
0.23494
0.22724
0.23146
0.23813
0.23512
0.23215
0.22941
0.22759
0.23758
0.24053
0.23454
0.2422
0.23678
0.23988
0.24202
0.23501
0.23181
0.22667
0.22938
0.231
0.23475
0.2316
0.22591
0.2267
0.22991
0.23291
0.23403
0.22879
0.23479
0.23718
0.23241
0.23429
0.23216
0.23741
0.23484
0.24056
0.24685
0.24667
0.24192
0.24172
0.23919
0.24308
0.24032
0.24275
0.23612
0.23773
0.24213
0.24247
0.24145
0.24931
0.2477
0.24916
0.25541
0.25665
0.25199
0.2656
0.27474
0.28405
0.28761
0.2878
0.26391
0.25812
0.26606
0.25914
0.25006
0.26308
0.27173
0.25647
0.25232
0.24288
0.23621
0.24098
0.24272
0.24206
0.24194
0.24525
0.24143
0.24004
0.24437
0.24653
0.24252
0.24433
0.24527
0.2485
0.24851
0.25073
0.24131
0.24365
0.24357
0.24323
0.24113
0.2445
0.24526
0.25048
0.24747
0.24675
0.24657
0.238
0.23256
0.23119
0.23208
0.23037
0.23558
0.23463
0.23265
0.23452
0.23612
0.2315
0.23114
0.22707
0.22582
0.22722
0.22626
0.22442
0.22025
0.22048
0.22762
0.22931
0.22096
0.22614
0.22305
0.21508
0.21961
0.22321
0.22157
0.21472
0.21594
0.21533
0.21157
0.20948
0.20921
0.20974
0.21008
0.21092
0.2088
0.20866
0.20652
0.20797
0.20708
0.20404
0.20345
0.20715
0.20457
0.20042
0.19986
0.2027
0.2005
0.20285
0.20577
0.20716
0.21041
0.21509
0.21398
0.21572
0.21573
0.2174
0.2206
0.22181
0.22103
0.22369
0.22628
0.22909
0.22911
0.2249
0.22442
0.2226
0.23109
0.23175
0.23767
0.23459
0.23436
0.23584
0.23771
0.23703
0.24068
0.23903
0.23755
0.23621
0.23818
0.23999
0.23935
0.24131
0.2464
0.24187
0.23919
0.23479
0.23559
0.23456
0.23267
0.23183
0.23195
0.23345
0.2347
0.23479
0.23421
0.23654
0.23536
0.23152
0.22859
0.23
0.23228
0.22988
0.22395
0.22591
0.23041
0.2337
0.23828
0.24894
0.26351
0.27137
0.27275
0.27536
0.2916
0.2863
0.29989
0.29961
0.30204
0.29376
0.31081
0.30901
0.32323
0.31765
0.30639
0.31152
0.30805
0.30383
0.29625
0.2921
0.28747
0.27933
0.27801
0.28129
0.29232
0.28756
0.28656
0.27399
0.27886
0.28505
0.28409
0.29522
0.29933
0.30814
0.30073
0.30379
0.3099
0.31358
0.32048
0.33768
0.32464
0.31042
0.32256
0.31131
0.30498
0.32631
0.31779
0.31161
0.29445
0.29872
0.29872
0.27872
0.27388
0.28011
0.28093
0.28463
0.27946
0.27962
0.27061
0.26413
0.25845
0.25785
0.25321
0.25767
0.25608
0.24968
0.25153
0.25263
0.24842
0.24842
0.24268
0.23591
0.23459
0.23101
0.2374
0.23319
0.23041
0.2267
0.22936
0.22823
0.23306
0.23563
0.23551
0.24215
0.23787
0.23591
0.23203
0.23349
0.24082
0.24461
0.23788
0.24443
0.24713
0.24638
0.24378
0.23475
0.23542
0.2418
0.24542
0.25091
0.25093
0.26064
0.26415
0.26585
0.26818
0.27402
0.2673
0.27467
0.27293
0.28343
0.27901
0.29044
0.3019
0.29977
0.3025
0.30073
0.29654
0.28866
0.29009
0.29355
0.30628
0.28895
0.29374
0.29458
0.3027
0.3056
0.3086
0.31758
0.32416
0.32747
0.3234
0.32352
0.32485
0.34095
0.34302
0.34149
0.34469
0.33766
0.31759
0.31738
0.3199
0.31363
0.32022
0.32081
0.31847
0.31839
0.31253
0.31501
0.31669
0.31157
0.28294
0.29225
0.29714
0.28832
0.29283
0.28865
0.27956
0.28076
0.27894
0.27801
0.29117
0.29119
0.28866
0.27709
0.27075
0.2691
0.26793
0.26385
0.26352
0.26327
0.26091
0.26001
0.25694
0.25903
0.26227
0.2618
0.26052
0.26
0.26868
0.28123
0.27747
0.28431
0.30029
0.29624
0.29383
0.31551
0.31287
0.32016
0.30505
0.29771
0.30915
0.29711
0.29724
0.28898
0.29978
0.28986
0.29451
0.2918
0.28126
0.27624
0.28559
0.2908
0.27674
0.26603
0.26186
0.26549
0.27589
0.28293
0.27705
0.28845
0.29238
0.29816
0.29349
0.30068
0.30361
0.31333
0.31359
0.31892
0.32158
0.31219
0.30699
0.31291
0.31851
0.31249
0.32516
0.33085
0.33776
0.33884
0.35584
0.35785
0.37847
0.39247
0.38858
0.39926
0.37846
0.37615
0.37516
0.37102
0.35539
0.35
0.36364
0.36831
0.37778
0.37271
0.36161
0.33535
0.34326
0.32533
0.33028
0.33231
0.32544
0.32847
0.32734
0.33499
0.33437
0.35512
0.365
0.36309
0.36394
0.32099
0.30846
0.31245
0.30901
0.29525
0.30023
0.29287
0.27981
0.27931
0.26998
0.27118
0.26516
0.268
0.27006
0.2688
0.26818
0.26576
0.27065
0.26067
0.26637
0.27058
0.27486
0.27965
0.27644
0.27737
0.27513
0.27244
0.27423
0.28729
0.29156
0.28937
0.29237
0.29755
0.3025
0.30805
0.30887
0.31045
0.31368
0.32785
0.32709
0.32858
0.33487
0.33713
0.33197
0.33082
0.33474
0.34121
0.34794
0.3551
0.37978
0.38789
0.37639
0.35633
0.37236
0.35149
0.34753
0.31385
0.32383
0.32821
0.32757
0.33513
0.33252
0.3347
0.33019
0.3361
0.3478
0.34685
0.34666
0.35984
0.36055
0.35347
0.36209
0.33363
0.34549
0.3582
0.35135
0.34488
0.34101
0.34366
0.33565
0.33396
0.33618
0.34651
0.34991
0.34311
0.33322
0.33896
0.32662
0.32576
0.29748
0.28655
0.27503
0.27744
0.28457
0.27923
0.27823
0.28631
0.28702
0.29202
0.29165
0.2972
0.31201
0.31075
0.3208
0.32218
0.32635
0.31793
0.30031
0.29179
0.28964
0.29019
0.28496
0.27779
0.28251
0.28081
0.27019
0.26608
0.26591
0.2629
0.27192
0.2694
0.27582
0.27679
0.26931
0.26728
0.2623
0.26246
0.27717
0.28029
0.29837
0.30846
0.30545
0.2933
0.29279
0.28946
0.30108
0.32252
0.31347
0.31103
0.30794
0.31824
0.32049
0.32336
0.31694
0.31504
0.31999
0.33402
0.32442
0.31701
0.32859
0.33867
0.34067
0.34136
0.35539
0.35692
0.36475
0.38692
0.36772
0.34868
0.34009
0.35317
0.35969
0.3605
0.35879
0.3552
0.33919
0.31771
0.30414
0.30559
0.30802
0.31476
0.32028
0.31094
0.30734
0.31941
0.31777
0.31868
0.31032
0.29256
0.29145
0.28796
0.29255
0.30427
0.31443
0.31165
0.32527
0.33623
0.33982
0.35059
0.34114
0.34184
0.3294
0.32814
0.32735
0.32462
0.31218
0.30835
0.31948
0.31969
0.31832
0.31781
0.31362
0.30438
0.29234
0.29555
0.28846
0.28976
0.27573
0.27894
0.27846
0.27223
0.26347
0.26883
0.26636
0.26056
0.25444
0.25343
0.25025
0.25085
0.25844
0.26178
0.2686
0.27888
0.29962
0.30784
0.30121
0.30534
0.29978
0.30942
0.31384
0.30766
0.30616
0.32306
0.31468
0.30841
0.3092
0.31884
0.32281
0.33015
0.32645
0.33791
0.3424
0.34942
0.3351
0.32404
0.34204
0.33513
0.33314
0.33055
0.34351
0.35093
0.34186
0.33723
0.32812
0.33581
0.33252
0.3205
0.31501
0.30848
0.305
0.29107
0.27697
0.2718
0.27033
0.27015
0.2726
0.27492
0.2863
0.27176
0.26922
0.2672
0.27164
0.27032
0.26597
0.26049
0.25777
0.25687
0.26445
0.26417
0.26947
0.25816
0.26237
0.26209
0.26281
0.26481
0.25723
0.25494
0.24908
0.24721
0.24979
0.25703
0.25944
0.26279
0.26326
0.25732
0.26335
0.2693
0.26336
0.26934
0.27053
0.27782
0.28821
0.27872
0.26827
0.26552
0.26976
0.27354
0.26849
0.27144
0.27434
0.28092
0.28812
0.29743
0.30264
0.30246
0.30811
0.3107
0.31719
0.3113
0.31035
0.30783
0.31663
0.31205
0.31095
0.29821
0.29656
0.29019
0.27218
0.27148
0.26749
0.26432
0.27185
0.27272
0.27266
0.27235
0.26472
0.26237
0.26126
0.26435
0.26594
0.27868
0.28871
0.29753
0.29479
0.30506
0.31139
0.30071
0.28299
0.27812
0.28546
0.27644
0.28044
0.27497
0.28089
0.27729
0.28225
0.28099
0.28339
0.26798
0.27174
0.27858
0.29101
0.30385
0.28198
0.27307
0.27017
0.27096
0.26471
0.26932
0.26632
0.26365
0.26767
0.26837
0.27124
0.26827
0.26383
0.26959
0.27469
0.28312
0.28881
0.28238
0.27612
0.27922
0.284
0.28326
0.28829
0.29429
0.28663
0.28798
0.29814
0.28901
0.28611
0.28985
0.28611
0.28731
0.28476
0.28989
0.29183
0.28873
0.29554
0.29497
0.29311
0.29959
0.31411
0.3057
0.31694
0.29783
0.28199
0.28351
0.28055
0.27769
0.2771
0.28668
0.28424
0.2878
0.28362
0.29429
0.28792
0.29317
0.28672
0.29167
0.30618
0.31176
0.30362
0.30873
0.30276
0.30346
0.30889
0.30795
0.29701
0.29304
0.29062
0.28823
0.29448
0.30587
0.307
0.30037
0.29587
0.2928
0.31007
0.29832
0.29653
0.28385
0.27402
0.26555
0.26725
0.25898
0.24998
0.25695
0.25497
0.27156
0.26954
0.26687
0.26485
0.26758
0.26427
0.27179
0.26145
0.26197
0.25936
0.25169
0.25208
0.24795
0.24846
0.24522
0.2415
0.24507
0.24638
0.24552
0.24562
0.23953
0.24631
0.24733
0.24341
0.23547
0.23547
0.23209
0.2306
0.22917
0.2308
0.23393
0.23547
0.23118
0.23091
0.22605
0.22981
0.22775
0.22907
0.22211
0.22241
0.21955
0.22075
0.21893
0.21763
0.21568
0.21033
0.20706
0.20577
0.20797
0.20883
0.21008
0.20982
0.21058
0.20763
0.20382
0.20798
0.21061
0.21433
0.21296
0.21874
0.21706
0.21178
0.20823
0.20595
0.20286
0.20471
0.20623
0.20836
0.20777
0.20777
0.20883
0.20871
0.21032
0.2106
0.20965
0.21356
0.21198
0.21685
0.22057
0.21946
0.21754
0.22226
0.22561
0.22984
0.23388
0.23271
0.23056
0.23453
0.2337
0.23002
0.2199
0.21984
0.22535
0.22503
0.22931
0.22619
0.22368
0.2213
0.2162
0.20984
0.21314
0.2164
0.21481
0.2148
0.21967
0.21906
0.21478
0.21811
0.21505
0.21315
0.2157
0.21213
0.21219
0.21735
0.216
0.21065
0.20691
0.20647
0.20673
0.20487
0.20561
0.20441
0.20417
0.20624
0.20965
0.21363
0.21511
0.21462
0.21657
0.21816
0.22432
0.22594
0.22296
0.22866
0.23038
0.23388
0.23022
0.22988
0.2272
0.22161
0.21679
0.21562
0.2141
0.21527
0.21075
0.21053
0.21344
0.21304
0.21412
0.21039
0.20785
0.20651
0.20381
0.20376
0.19972
0.2004
0.202
0.20508
0.20781
0.21102
0.20886
0.20436
0.20748
0.20696
0.20111
0.19977
0.2005
0.20167
0.2041
0.20517
0.20287
0.20229
0.20232
0.20355
0.2007
0.19821
0.19879
0.19957
0.19977
0.19817
0.19947
0.19731
0.19772
0.19523
0.19546
0.19615
0.19587
0.1972
0.1961
0.19803
0.19732
0.19686
0.19434
0.19448
0.19597
0.19556
0.19496
0.19549
0.19484
0.19603
0.19259
0.19229
0.19033
0.18875
0.18744
0.19039
0.19071
0.19296
0.19219
0.192
0.19
0.18912
0.18966
0.18944
0.19234
0.19346
0.19355
0.19235
0.19376
0.19544
0.19308
0.19433
0.19469
0.19789
0.19995
0.20135
0.20093
0.19821
0.19755
0.19932
0.20268
0.20315
0.20413
0.20275
0.20485
0.20418
0.20135
0.20317
0.20358
0.2021
0.19879
0.19727
0.19747
0.1962
0.19669
0.19659
0.19851
0.19736
0.19839
0.19825
0.19499
0.19605
0.19652
0.19582
0.19743
0.19794
0.19877
0.20045
0.20123
0.20109
0.20177
0.20248
0.203
0.20649
0.20758
0.20427
0.20343
0.20098
0.20001
0.20104
0.19964
0.20122
0.20015
0.19912
0.19841
0.1971
0.19796
0.19708
0.19589
0.19399
0.19212
0.19002
0.19116
0.19147
0.19373
0.19417
0.19451
0.194
0.19138
0.18862
0.18894
0.18948
0.18975
0.18742
0.1865
0.18634
0.18443
0.18448
0.18464
0.18457
0.18366
0.18359
0.18297
0.18199
0.18278
0.18189
0.18157
0.18008
0.17934
0.17972
0.17972
0.17885
0.17887
0.17848
0.17812
0.17896
0.17936
0.18
0.17869
0.17942
0.17981
0.179
0.17844
0.17845
0.17942
0.17933
0.17959
0.18042
0.18107
0.18073
0.17979
0.17832
0.17933
0.1795
0.17869
0.17879
0.17798
0.1778
0.17797
0.17796
0.17706
0.1771
0.17802
0.17832
0.17771
0.17793
0.1767
0.17672
0.17721
0.17682
0.17745
0.1782
0.17894
0.18041
0.18092
0.18086
0.18082
0.18072
0.18028
0.17887
0.17968
0.18062
0.18057
0.18188
0.17995
0.18039
0.18216
0.18057
0.17991
0.17967
0.17861
0.17896
0.17942
0.18023
0.18045
0.18046
0.18011
0.18177
0.18265
0.18217
0.18228
0.18003
0.17951
0.1795
0.17992
0.17952
0.17979
0.17894
0.17816
0.17891
0.17914
0.17819
0.1781
0.17846
0.17879
0.17828
0.17882
0.17832
0.17912
0.17935
0.1799
0.17954
0.17882
0.17838
0.17876
0.17708
0.17559
0.17729
0.17729
0.17751
0.17784
0.17892
0.17874
0.17848
0.17833
0.17818
0.17902
0.17867
0.17814
0.17772
0.1781
0.17849
0.17974
0.17937
0.17899
0.17827
0.17728
0.17768
0.17696
0.17664
0.17648
0.17647
0.17635
0.1768
0.17708
0.17698
0.17581
0.17522
0.17486
0.17516
0.17498
0.17607
0.17505
0.17565
0.17542
0.1753
0.17512
0.17548
0.17506
0.17529
0.17525
0.17494
0.17456
0.17454
0.17403
0.17352
0.17319
0.17305
0.17321
0.17333
0.17374
0.17387
0.17379
0.17361
0.17406
0.17379
0.17379
0.17303
0.17231
0.17257
0.17323
0.17349
0.17465
0.17418
0.17426
0.17463
0.17349
0.17375
0.17357
0.17302
0.17345
0.17335
0.17351
0.17405
0.17385
0.17352
0.1733
0.17312
0.17293
0.17322
0.17327
0.1728
0.17274
0.17262
0.17274
0.17292
0.17303
0.17297
0.17272
0.17283
0.17274
0.17232
0.17174
0.17174
0.17147
0.17134
0.1714
0.17172
0.17134
0.17146
0.17132
0.17105
0.17056
0.17054
0.17047
0.17061
0.17057
0.17053
0.17064
0.1707
0.17064
0.17073
0.17076
0.17082
0.17066
0.17067
0.17065
0.17058
0.17052
0.17037
0.17004
0.17015
0.17072
0.17057
0.17067
0.17045
0.17032
0.16985
0.16995
0.16993
0.17031
0.17028
0.17011
0.17031
0.16993
0.16978
0.16923
0.16906
0.16901
0.16901
0.16905
0.16914
0.16899
0.16893
0.16901
0.16886
0.1686
0.16872
0.16869
0.16858
0.16871
0.16856
0.16847
0.16845
0.16852
0.1685
0.16831
0.16827
0.16823
0.1682
0.16819
0.16823
0.16817
0.16809
0.16807
0.16801
0.16804
0.16795
0.16799
0.1679
0.16808
0.16826
0.1681
0.16811
0.16803
0.16814
0.16822
0.16821
0.16813
0.16819
0.16825
0.16842
0.16845
0.16849
0.16845
0.16837
0.16841
0.16844
0.1685
0.16873
0.1688
0.16896
0.16896
0.16913
0.169
0.16905
0.16915
0.16908
0.16904
0.16905
0.16908
0.16916
0.16894
0.16909
0.16921
0.16917
0.1692
0.16914
0.16926
0.16889
0.16876
0.16845
0.16863
0.16883
0.16885
0.16889
0.16911
0.16899
0.16899
0.16884
0.16887
0.16915
0.16924
0.16935
0.16939
0.16987
0.16971
0.17024
0.17037
0.17058
0.17089
0.17104
0.17067
0.17072
0.17053
0.1706
0.17043
0.17026
0.17057
0.1705
0.17047
0.1705
0.17041
0.17022
0.17017
0.17011
0.17029
0.17028
0.17061
0.17057
0.16998
0.17002
0.16974
0.17004
0.17026
0.17037
0.16982
0.16987
0.16993
0.17012
0.16985
0.17009
0.16994
0.17012
0.17026
0.17025
0.1705
0.17039
0.17039
0.17019
0.17007
0.16972
0.16986
0.16962
0.16963
0.16932
0.16939
0.16941
0.16951
0.1697
0.16949
0.16969
0.16967
0.16945
0.16928
0.16941
0.16945
0.16958
0.16948
0.16986
0.16929
0.16904
0.1693
0.16917
0.169
0.16899
0.16893
0.1692
0.16905
0.16893
0.16892
0.16908
0.16894
0.16901
0.16903
0.16916
0.16906
0.16924
0.16928
0.16933
0.16919
0.16921
0.16912
0.16937
0.16948
0.16944
0.16955
0.16964
0.16974
0.16967
0.16966
0.16984
0.16978
0.16977
0.17
0.17019
0.17031
0.17052
0.17074
0.17098
0.17194
0.17226
0.17166
0.17159
0.17129
0.17175
0.17185
0.17136
0.17115
0.17073
0.17045
0.17027
0.17076
0.17104
0.17076
0.17103
0.1713
0.17177
0.17198
0.17187
0.17218
0.17263
0.17258
0.17295
0.17296
0.17321
0.17229
0.17196
0.17205
0.17244
0.17285
0.1729
0.1728
0.17282
0.17309
0.173
0.17297
0.17269
0.17254
0.17287
0.17291
0.17329
0.1734
0.1735
0.17335
0.17366
0.17263
0.17282
0.17268
0.17247
0.17246
0.17177
0.17177
0.1721
0.17211
0.1717
0.17137
0.17128
0.1714
0.17131
0.17127
0.17121
0.17117
0.17083
0.17044
0.17061
0.17058
0.17077
0.17057
0.17048
0.1704
0.17068
0.17049
0.1707
0.17105
0.17058
0.17077
0.17037
0.1704
0.17044
0.17013
0.16981
0.16989
0.17024
0.17033
0.1707
0.17053
0.1703
0.17013
0.16991
0.16971
0.16963
0.16954
0.16961
0.17001
0.17016
0.16977
0.16989
0.1702
0.1705
0.17061
0.17063
0.17062
0.17088
0.17135
0.17064
0.17033
0.17066
0.17064
0.17089
0.17073
0.17075
0.1709
0.17163
0.17152
0.17211
0.17223
0.17237
0.1724
0.17273
0.17279
0.17221
0.17199
0.1724
0.17221
0.17188
0.17183
0.17178
0.17252
0.17244
0.1727
0.17244
0.17235
0.1724
0.17233
0.172
0.17182
0.17196
0.17188
0.17234
0.17243
0.17279
0.17274
0.17251
0.17225
0.17204
0.17202
0.17252
0.17201
0.172
0.17237
0.17132
0.17113
0.17149
0.17145
0.17179
0.17209
0.17195
0.17261
0.17289
0.17203
0.1715
0.17132
0.17134
0.17146
0.1719
0.17195
0.17137
0.17129
0.17072
0.17058
0.17019
0.17011
0.17035
0.17022
0.17055
0.17024
0.16996
0.16973
0.16989
0.16981
0.16962
0.16971
0.1699
0.17012
0.17042
0.17034
0.17028
0.17044
0.17024
0.17044
0.17027
0.17048
0.1705
0.17039
0.17048
0.17024
0.17014
0.17031
0.16987
0.16973
0.16985
0.16961
0.16951
0.1698
0.16979
0.17001
0.1701
0.17033
0.17051
0.17038
0.17032
0.17055
0.17073
0.17124
0.17101
0.1711
0.17099
0.17118
0.17125
0.17111
0.17081
0.17086
0.17106
0.17066
0.17089
0.17099
0.17132
0.17133
0.17164
0.17225
0.17241
0.17209
0.17205
0.17263
0.1723
0.17239
0.17201
0.17159
0.17156
0.17198
0.17257
0.17266
0.17306
0.17305
0.17273
0.17262
0.1729
0.17315
0.17306
0.17245
0.17234
0.17189
0.17204
0.17266
0.17293
0.17255
0.17228
0.17138
0.17172
0.1714
0.17158
0.17139
0.17165
0.17228
0.17239
0.17224
0.17251
0.17168
0.17184
0.17177
0.17238
0.1718
0.17142
0.17197
0.17189
0.17138
0.17114
0.17116
0.17108
0.17088
0.17067
0.1704
0.17005
0.16966
0.16967
0.16991
0.17008
0.17013
0.17045
0.17104
0.17108
0.17102
0.17066
0.17097
0.17086
0.17072
0.17082
0.17101
0.17121
0.17118
0.17102
0.17083
0.17092
0.17141
0.17162
0.17163
0.17154
0.17144
0.17167
0.17163
0.17152
0.17103
0.1708
0.171
0.17096
0.17105
0.17096
0.17122
0.1715
0.17193
0.17261
0.17273
0.17317
0.17311
0.17385
0.17365
0.17458
0.17485
0.1757
0.17569
0.17618
0.17654
0.17657
0.17621
0.17602
0.17542
0.17564
0.17468
0.17498
0.17509
0.17456
0.17431
0.17456
0.174
0.17392
0.17403
0.17372
0.17364
0.17296
0.17292
0.17347
0.17364
0.17298
0.17316
0.17339
0.17352
0.17446
0.17416
0.17465
0.17491
0.17397
0.1736
0.17397
0.17443
0.17429
0.17475
0.17409
0.17409
0.17447
0.17537
0.17475
0.17551
0.17592
0.17619
0.17591
0.17526
0.17516
0.17459
0.17469
0.17458
0.1748
0.17515
0.17454
0.17474
0.17328
0.17286
0.17284
0.17304
0.17286
0.17309
0.1739
0.17402
0.17379
0.17369
0.17362
0.17297
0.17305
0.17283
0.17268
0.17283
0.17261
0.17258
0.17293
0.17304
0.17278
0.17369
0.1743
0.17424
0.17398
0.17378
0.17396
0.17439
0.17494
0.17501
0.17446
0.17358
0.17352
0.17397
0.17308
0.17254
0.17329
0.17315
0.17257
0.17267
0.17291
0.17227
0.17185
0.17231
0.17179
0.17175
0.17132
0.17174
0.17177
0.17203
0.17191
0.1719
0.17165
0.1717
0.17106
0.17081
0.17108
0.17147
0.17177
0.17234
0.17266
0.17299
0.17276
0.17273
0.17284
0.17261
0.17248
0.17206
0.17171
0.17208
0.17216
0.1717
0.17166
0.17198
0.17243
0.17192
0.17148
0.17091
0.17077
0.17055
0.17066
0.17063
0.17071
0.17134
0.17107
0.17069
0.17148
0.17164
0.17137
0.17142
0.17163
0.17118
0.17097
0.17104
0.1708
0.1708
0.17072
0.17084
0.17078
0.17078
0.171
0.17087
0.17087
0.17118
0.17139
0.17114
0.17201
0.17196
0.17161
0.1712
0.17126
0.17096
0.17121
0.17145
0.17115
0.17159
0.17123
0.17086
0.17051
0.17042
0.17041
0.17042
0.17072
0.17059
0.17072
0.17086
0.17066
0.17055
0.17036
0.17049
0.1706
0.17094
0.17082
0.1709
0.1709
0.17061
0.17071
0.17105
0.17136
0.17126
0.17171
0.17128
0.17156
0.17168
0.1713
0.17136
0.1709
0.17078
0.1704
0.17041
0.17046
0.1707
0.17062
0.17059
0.17079
0.17058
0.1707
0.1705
0.17038
0.17
0.17
0.1701
0.17001
0.16977
0.16969
0.16934
0.16931
0.16929
0.16929
0.16954
0.16969
0.16979
0.1699
0.17002
0.16991
0.16996
0.17001
0.16997
0.16962
0.16943
0.16963
0.16948
0.16957
0.1698
0.16975
0.17002
0.16986
0.16984
0.16991
0.16996
0.16983
0.16958
0.16986
0.16983
0.16951
0.1695
0.16949
0.16973
0.17012
0.1701
0.16999
0.17026
0.17059
0.17089
0.17091
0.17109
0.17132
0.17121
0.17156
0.17146
0.17159
0.17179
0.17176
0.17179
0.17178
0.17197
0.17234
0.1723
0.17272
0.17336
0.17305
0.17278
0.17281
0.17312
0.17336
0.17351
0.17372
0.1734
0.17342
0.17361
0.17396
0.17408
0.17447
0.17454
0.17478
0.1752
0.17574
0.17551
0.17542
0.17563
0.17672
0.1761
0.17614
0.17589
0.17612
0.17615
0.17638
0.17591
0.17594
0.17542
0.17459
0.17538
0.17618
0.1758
0.17612
0.17683
0.17701
0.17682
0.17681
0.17671
0.17511
0.17645
0.17627
0.17692
0.17744
0.17813
0.17851
0.17841
0.17776
0.17775
0.17687
0.17691
0.17618
0.17688
0.17634
0.17683
0.17668
0.17642
0.17566
0.17583
0.17711
0.1761
0.17723
0.17731
0.17702
0.17727
0.17765
0.17736
0.17786
0.17811
0.17917
0.17932
0.17905
0.1789
0.17955
0.17899
0.17893
0.17942
0.17846
0.17861
0.17853
0.17848
0.17869
0.17896
0.17924
0.17935
0.17898
0.17994
0.17868
0.17839
0.18009
0.18017
0.18026
0.17811
0.17836
0.17816
0.17789
0.17667
0.17682
0.17642
0.17675
0.17727
0.17817
0.17808
0.17839
0.17862
0.17794
0.17774
0.17869
0.18028
0.17933
0.17853
0.17865
0.17753
0.17844
0.17893
0.17967
0.17965
0.17941
0.17888
0.17753
0.17819
0.17822
0.17877
0.17856
0.17893
0.17971
0.17963
0.17836
0.17881
0.17774
0.17679
0.17704
0.17528
0.17488
0.17436
0.1746
0.17413
0.17486
0.17457
0.17477
0.17497
0.17455
0.17459
0.17424
0.17437
0.17376
0.17387
0.17356
0.1736
0.17367
0.17416
0.17306
0.17361
0.17366
0.17308
0.17318
0.17281
0.1729
0.1728
0.17307
0.17273
0.17256
0.17242
0.17214
0.17224
0.17226
0.17221
0.17256
0.17264
0.17291
0.1728
0.17347
0.17318
0.17352
0.17366
0.17477
0.17426
0.17473
0.17546
0.17452
0.17462
0.17444
0.17456
0.17438
0.17408
0.17431
0.17453
0.17422
0.17362
0.17381
0.17396
0.17353
0.17315
0.17332
0.17279
0.17291
0.17394
0.17343
0.17414
0.17504
0.17566
0.17628
0.17691
0.17705
0.17778
0.17774
0.17893
0.17839
0.17911
0.17885
0.17978
0.18015
0.18163
0.18094
0.18272
0.18119
0.18035
0.17931
0.17845
0.17906
0.17943
0.18089
0.18155
0.17932
0.1792
0.17783
0.17717
0.17623
0.1762
0.17609
0.17585
0.17608
0.17682
0.17759
0.17808
0.17843
0.17872
0.17919
0.17805
0.17848
0.17844
0.17874
0.17968
0.17946
0.17978
0.1799
0.1782
0.17746
0.1766
0.1764
0.17675
0.17601
0.17567
0.17552
0.17528
0.17548
0.1758
0.17607
0.17594
0.17513
0.17508
0.17501
0.17535
0.17508
0.17451
0.1748
0.17546
0.17494
0.17559
0.17543
0.17594
0.17607
0.17581
0.1757
0.17591
0.17513
0.17559
0.17554
0.17575
0.17634
0.17646
0.17615
0.17649
0.1762
0.17607
0.17607
0.17508
0.17483
0.17443
0.17479
0.17474
0.17513
0.17497
0.17581
0.17516
0.17496
0.17515
0.17527
0.17547
0.17571
0.17542
0.17532
0.1763
0.17677
0.1763
0.17697
0.17733
0.17732
0.17603
0.17523
0.17587
0.17511
0.17547
0.17589
0.17496
0.1747
0.17518
0.17512
0.17503
0.17508
0.17432
0.1751
0.17404
0.17515
0.17423
0.17477
0.17525
0.17559
0.17547
0.17516
0.17482
0.17419
0.17481
0.17517
0.17487
0.17497
0.17502
0.17462
0.17512
0.17544
0.17433
0.17459
0.17441
0.17457
0.17469
0.17394
0.17449
0.17489
0.17474
0.17549
0.17437
0.17437
0.17389
0.17328
0.1729
0.17378
0.17365
0.17303
0.17389
0.17449
0.17413
0.17498
0.17457
0.17522
0.17519
0.17597
0.17582
0.17549
0.17575
0.17503
0.17542
0.17521
0.17569
0.17566
0.17571
0.17651
0.17716
0.17691
0.17813
0.17845
0.179
0.17838
0.17861
0.17868
0.17787
0.17897
0.17892
0.17855
0.17914
0.18013
0.1801
0.18094
0.18132
0.18119
0.18222
0.18398
0.18469
0.18648
0.18588
0.18594
0.1856
0.18739
0.18573
0.18548
0.18407
0.18387
0.18354
0.18202
0.18171
0.18126
0.18022
0.18
0.18017
0.18108
0.18039
0.18189
0.18132
0.182
0.1828
0.18294
0.18524
0.18499
0.18395
0.18307
0.18397
0.18208
0.1825
0.18143
0.17803
0.17787
0.17784
0.17845
0.17828
0.17648
0.17597
0.17585
0.17519
0.17445
0.17512
0.17562
0.17537
0.17558
0.1763
0.17535
0.1757
0.17588
0.17663
0.17627
0.17581
0.17535
0.17584
0.17507
0.17484
0.17598
0.17564
0.17515
0.17507
0.17461
0.17419
0.17498
0.17491
0.17542
0.17686
0.17651
0.17644
0.17662
0.17661
0.17697
0.17781
0.1787
0.17966
0.18025
0.18026
0.18072
0.18196
0.18277
0.18393
0.18409
0.18478
0.18477
0.18647
0.18612
0.18639
0.18853
0.19051
0.19201
0.19354
0.19592
0.1983
0.19902
0.19948
0.1985
0.20181
0.2033
0.20439
0.20336
0.20475
0.20435
0.20343
0.20133
0.20037
0.19926
0.20348
0.20497
0.20376
0.20444
0.20182
0.20152
0.20246
0.20047
0.20106
0.20238
0.20143
0.20065
0.20043
0.19824
0.19809
0.19626
0.19267
0.19499
0.19914
0.19859
0.19861
0.20018
0.19892
0.19843
0.19873
0.19676
0.19673
0.19639
0.19385
0.1931
0.19318
0.19181
0.19314
0.19428
0.19335
0.19432
0.19383
0.19492
0.19516
0.19899
0.1969
0.19888
0.1964
0.19596
0.19578
0.19347
0.19316
0.19112
0.18994
0.19042
0.19071
0.19061
0.19036
0.18991
0.18946
0.19227
0.19329
0.19467
0.19533
0.19787
0.19824
0.19712
0.19845
0.1974
0.19956
0.20291
0.20533
0.20906
0.20858
0.21451
0.21385
0.21655
0.21281
0.21377
0.21216
0.21514
0.21898
0.21377
0.20919
0.2088
0.20709
0.20975
0.20697
0.20607
0.20934
0.20849
0.20759
0.20813
0.2089
0.21026
0.20664
0.20649
0.2058
0.20712
0.20584
0.2058
0.20766
0.20784
0.20692
0.20876
0.21038
0.20737
0.20594
0.20636
0.2094
0.20718
0.20655
0.20659
0.2071
0.20759
0.20964
0.21535
0.21108
0.21531
0.2221
0.22039
0.22238
0.22058
0.22123
0.21893
0.22096
0.22243
0.22991
0.22753
0.22911
0.22863
0.2319
0.23294
0.22269
0.22414
0.22706
0.23039
0.22961
0.22386
0.222
0.21469
0.2134
0.21337
0.21678
0.21319
0.21916
0.22094
0.22147
0.21767
0.21725
0.2184
0.2124
0.21119
0.21395
0.21676
0.2151
0.21604
0.22009
0.21974
0.2204
0.21882
0.22254
0.22629
0.22679
0.22582
0.22163
0.22456
0.22749
0.23024
0.23319
0.22634
0.22455
0.23115
0.23127
0.22932
0.23191
0.23275
0.23385
0.2328
0.23483
0.22964
0.23092
0.22943
0.23294
0.23801
0.23379
0.23352
0.23227
0.23019
0.22809
0.23362
0.23178
0.2298
0.2272
0.22886
0.22928
0.23013
0.23058
0.2252
0.22296
0.2235
0.22514
0.22633
0.22424
0.22748
0.22581
0.22012
0.21816
0.21923
0.22101
0.22078
0.21856
0.2166
0.21497
0.21096
0.21357
0.21127
0.20865
0.20713
0.20475
0.20491
0.2056
0.20154
0.20484
0.20403
0.20264
0.20305
0.19889
0.19738
0.19457
0.19335
0.19257
0.19359
0.19527
0.19516
0.19658
0.19824
0.19915
0.19778
0.19907
0.19916
0.19833
0.19614
0.19724
0.20066
0.20228
0.2056
0.20294
0.20645
0.20587
0.20726
0.20548
0.20042
0.20227
0.20534
0.20723
0.20715
0.20667
0.20898
0.20947
0.21391
0.21218
0.21079
0.20971
0.20816
0.20522
0.20186
0.20141
0.203
0.20219
0.20369
0.20331
0.20549
0.20571
0.20395
0.20193
0.20439
0.20152
0.20126
0.20524
0.20222
0.20135
0.20537
0.20202
0.20354
0.20668
0.20498
0.20658
0.21201
0.21235
0.21173
0.21381
0.21531
0.21606
0.21118
0.21176
0.21499
0.21465
0.21583
0.21341
0.21589
0.21726
0.21938
0.21792
0.21724
0.21521
0.21494
0.21244
0.21624
0.21648
0.21666
0.21717
0.21539
0.21481
0.21499
0.21139
0.21645
0.21256
0.21066
0.215
0.21932
0.21664
0.21633
0.21421
0.21891
0.21348
0.21058
0.21221
0.21557
0.21378
0.21751
0.21588
0.21244
0.21304
0.21415
0.21267
0.2133
0.21078
0.2124
0.21279
0.21258
0.21679
0.21171
0.21118
0.21197
0.21384
0.21572
0.21664
0.22057
0.21671
0.21897
0.21692
0.22028
0.22454
0.22769
0.22724
0.22326
0.226
0.2226
0.22005
0.22217
0.21733
0.21723
0.21713
0.21588
0.2161
0.21795
0.21966
0.2148
0.21647
0.21289
0.21025
0.20359
0.20421
0.19904
0.19846
0.20215
0.20448
0.20215
0.20291
0.20509
0.20493
0.20577
0.20579
0.20372
0.20158
0.20199
0.20499
0.20676
0.20444
0.20738
0.20567
0.20885
0.20646
0.2062
0.2063
0.20492
0.20449
0.2054
0.20612
0.20345
0.19958
0.19797
0.20207
0.20242
0.20135
0.20174
0.20226
0.20129
0.19974
0.20156
0.20056
0.19686
0.19626
0.19738
0.19751
0.19766
0.19739
0.20233
0.20273
0.20303
0.20186
0.20356
0.20613
0.20325
0.20295
0.20298
0.20548
0.21101
0.21495
0.21168
0.21788
0.22038
0.22441
0.22358
0.22437
0.22849
0.23375
0.23209
0.2333
0.23312
0.23003
0.23552
0.24011
0.23873
0.23986
0.24953
0.25078
0.25102
0.26096
0.26648
0.26477
0.26254
0.26638
0.26582
0.27484
0.28544
0.29208
0.28167
0.27473
0.28212
0.28625
0.28181
0.29654
0.28724
0.27926
0.27406
0.2712
0.28132
0.28544
0.28137
0.26519
0.26031
0.25023
0.25959
0.26013
0.26764
0.27512
0.27994
0.28918
0.28209
0.28037
0.29157
0.28833
0.29015
0.29367
0.28961
0.28138
0.28495
0.28572
0.28104
0.28087
0.26811
0.26054
0.25166
0.25045
0.25158
0.24779
0.24832
0.24121
0.23657
0.23696
0.24097
0.23912
0.22367
0.2218
0.22168
0.22439
0.22515
0.22666
0.22651
0.2295
0.22609
0.22411
0.22381
0.21871
0.21824
0.22081
0.22105
0.21905
0.21696
0.21806
0.21318
0.21187
0.20974
0.21173
0.21266
0.21151
0.21636
0.21615
0.21801
0.21457
0.21517
0.2123
0.20944
0.20824
0.21326
0.21582
0.21796
0.22005
0.2222
0.22701
0.22592
0.22339
0.22581
0.22072
0.22652
0.22207
0.22075
0.22119
0.22399
0.22509
0.22433
0.22202
0.2254
0.22643
0.2318
0.23146
0.23669
0.24199
0.23605
0.23553
0.234
0.23969
0.23934
0.2341
0.23457
0.2282
0.22295
0.22258
0.21981
0.21669
0.21735
0.21978
0.22444
0.21901
0.21743
0.21599
0.21962
0.21164
0.20996
0.20885
0.20953
0.20941
0.21309
0.21288
0.21328
0.20712
0.20513
0.20378
0.20434
0.20124
0.19906
0.19995
0.19784
0.19476
0.19204
0.19105
0.19249
0.19208
0.19126
0.19249
0.19481
0.19412
0.19396
0.19267
0.1931
0.19528
0.19205
0.19169
0.19547
0.1955
0.19448
0.19646
0.19489
0.19448
0.19681
0.1999
0.2003
0.20226
0.20478
0.19995
0.20009
0.20252
0.20216
0.19947
0.1987
0.19741
0.19689
0.19704
0.19551
0.19989
0.19926
0.19705
0.19622
0.19699
0.19683
0.19761
0.1987
0.19796
0.2021
0.19874
0.19835
0.20205
0.20315
0.20093
0.20301
0.20503
0.20387
0.20428
0.20459
0.20249
0.20569
0.20468
0.20419
0.20451
0.20577
0.20715
0.20404
0.20081
0.20328
0.19959
0.20002
0.20141
0.20241
0.20303
0.19958
0.19908
0.20267
0.20231
0.19649
0.19444
0.19229
0.19596
0.19371
0.19321
0.19434
0.19546
0.19549
0.19406
0.19504
0.19419
0.1929
0.19335
0.19452
0.19181
0.19195
0.19126
0.18968
0.1908
0.19151
0.19159
0.19106
0.19278
0.19361
0.19659
0.19365
0.19236
0.19173
0.19376
0.19246
0.19208
0.18921
0.18919
0.18961
0.189
0.18789
0.18703
0.18586
0.18691
0.1875
0.1884
0.18881
0.18902
0.18898
0.19094
0.19026
0.18973
0.18826
0.18781
0.18505
0.18617
0.18639
0.18655
0.1855
0.18557
0.18578
0.1862
0.18625
0.18794
0.18903
0.18824
0.18827
0.18694
0.18647
0.18708
0.18866
0.18747
0.18716
0.18569
0.18587
0.18605
0.18555
0.186
0.18574
0.18643
0.18388
0.18558
0.18556
0.18512
0.18489
0.18438
0.18358
0.18431
0.18499
0.18383
0.18433
0.18354
0.18166
0.17977
0.17932
0.17832
0.17788
0.17842
0.17694
0.17603
0.17604
0.17746
0.17713
0.17751
0.17658
0.17591
0.17574
0.17688
0.1768
0.17665
0.17682
0.17633
0.17679
0.17594
0.17618
0.17626
0.17711
0.17765
0.17818
0.17859
0.17854
0.17797
0.17837
0.17697
0.1768
0.17707
0.17603
0.17622
0.17647
0.17712
0.17754
0.17763
0.179
0.17877
0.17877
0.18039
0.18084
0.17984
0.17968
0.17864
0.18014
0.18187
0.18273
0.18215
0.18343
0.18354
0.18357
0.18309
0.18395
0.18411
0.18299
0.1833
0.18405
0.18332
0.18374
0.18362
0.18345
0.18329
0.18393
0.18117
0.18181
0.1809
0.17956
0.17934
0.17941
0.17945
0.17885
0.1786
0.17767
0.17695
0.17638
0.1765
0.17555
0.17544
0.1754
0.17508
0.17478
0.17434
0.17507
0.17435
0.17421
0.17407
0.17396
0.17333
0.17308
0.17298
0.17249
0.17281
0.17202
0.17197
0.17207
0.17206
0.17274
0.17316
0.17287
0.1726
0.1734
0.17346
0.17383
0.1735
0.17367
0.17388
0.1737
0.17336
0.17271
0.17246
0.17263
0.17325
0.1739
0.17431
0.17437
0.17451
0.17376
0.1736
0.17378
0.17413
0.1739
0.17362
0.17381
0.17319
0.17272
0.17217
0.1722
0.17258
0.17273
0.17379
0.1742
0.17489
0.17559
0.17531
0.17603
0.17582
0.1752
0.17513
0.17479
0.17484
0.17462
0.17465
0.17531
0.17509
0.17529
0.17531
0.1749
0.17435
0.17405
0.17502
0.17526
0.17471
0.17505
0.17531
0.17532
0.17541
0.17505
0.17573
0.1767
0.17774
0.17863
0.1784
0.18038
0.18113
0.18207
0.18243
0.18302
0.18339
0.18301
0.1829
0.18346
0.18341
0.18435
0.18542
0.18549
0.18636
0.18706
0.18761
0.18875
0.18705
0.18895
0.18838
0.18799
0.18823
0.19174
0.1931
0.19278
0.19248
0.19212
0.18926
0.18912
0.19148
0.19085
0.19294
0.19213
0.19079
0.19151
0.18806
0.18493
0.1846
0.1828
0.18282
0.18364
0.18436
0.18366
0.18176
0.18233
0.18088
0.17954
0.1799
0.17994
0.17984
0.17978
0.18009
0.17889
0.1788
0.17786
0.17789
0.17887
0.17873
0.17772
0.17902
0.17862
0.17871
0.17906
0.17952
0.17896
0.17868
0.17848
0.17917
0.17981
0.17878
0.17905
0.17909
0.18025
0.17936
0.18026
0.18125
0.18061
0.18171
0.18239
0.18418
0.18469
0.18341
0.1835
0.18255
0.182
0.18176
0.1823
0.18306
0.18173
0.18306
0.18323
0.18301
0.18206
0.18245
0.18209
0.18063
0.17988
0.17886
0.17919
0.17871
0.17762
0.17804
0.17806
0.17709
0.17709
0.17812
0.17922
0.17911
0.17813
0.17898
0.17893
0.18031
0.1803
0.18041
0.1813
0.18259
0.1815
0.18173
0.18158
0.18096
0.18281
0.18256
0.18302
0.18417
0.18263
0.18305
0.18347
0.18334
0.1816
0.18096
0.18088
0.18038
0.18009
0.1794
0.17979
0.18109
0.18214
0.18207
0.18218
0.18082
0.17994
0.18007
0.18062
0.18075
0.18051
0.1803
0.18026
0.18023
0.18003
0.18094
0.18157
0.181
0.18073
0.18047
0.18043
0.17985
0.17934
0.18051
0.1789
0.17902
0.17953
0.17917
0.17939
0.17946
0.17924
0.17977
0.17904
0.17789
0.17818
0.17822
0.17974
0.17994
0.1791
0.1795
0.18069
0.18048
0.17992
0.17981
0.18069
0.18019
0.17913
0.17834
0.17915
0.17872
0.17794
0.17867
0.17952
0.18043
0.17904
0.17844
0.17787
0.17862
0.17814
0.17862
0.17839
0.17771
0.17702
0.17654
0.17808
0.17817
0.17816
0.17804
0.17876
0.17904
0.17865
0.17998
0.1805
0.18094
0.18086
0.18057
0.18102
0.18086
0.18106
0.18089
0.17955
0.1802
0.17906
0.17925
0.17816
0.1787
0.17817
0.17932
0.18024
0.18083
0.18082
0.18098
0.17939
0.17971
0.1816
0.17969
0.18049
0.17886
0.17719
0.1772
0.1766
0.17754
0.17724
0.17691
0.17761
0.17721
0.17688
0.17658
0.17754
0.177
0.17741
0.17677
0.17604
0.17596
0.17599
0.17671
0.1763
0.17632
0.17681
0.17611
0.17693
0.1756
0.17474
0.17489
0.17503
0.1753
0.1759
0.1762
0.17625
0.17651
0.17546
0.17666
0.17696
0.17657
0.1772
0.17743
0.17751
0.17789
0.17806
0.17815
0.17777
0.1776
0.17809
0.17849
0.17804
0.17918
0.17951
0.17879
0.1789
0.17812
0.17793
0.17767
0.1772
0.1778
0.1775
0.17761
0.17761
0.17675
0.17708
0.17753
0.17694
0.17667
0.17592
0.17545
0.17562
0.17618
0.17548
0.17522
0.17476
0.17479
0.17445
0.17431
0.17345
0.17329
0.17229
0.17217
0.17205
0.17199
0.17163
0.17175
0.17166
0.17171
0.17151
0.17162
0.17204
0.1726
0.17314
0.1728
0.17276
0.17336
0.17332
0.17284
0.17338
0.17375
0.17371
0.17403
0.17325
0.17351
0.1732
0.1726
0.17336
0.17273
0.17248
0.17247
0.17237
0.17319
0.17341
0.17322
0.17317
0.17359
0.17413
0.17453
0.17454
0.17456
0.17468
0.1753
0.17615
0.17659
0.17653
0.17627
0.17632
0.1763
0.17636
0.17543
0.17571
0.17563
0.17529
0.17484
0.17463
0.17416
0.17447
0.17441
0.1739
0.17376
0.17362
0.17414
0.17353
0.17354
0.17345
0.17394
0.17392
0.17419
0.17373
0.17381
0.17412
0.17486
0.17529
0.17475
0.17391
0.17388
0.17399
0.17359
0.17353
0.17351
0.17361
0.1739
0.17347
0.17329
0.17336
0.17332
0.17327
0.17312
0.17329
0.17268
0.17226
0.17234
0.17252
0.17235
0.17279
0.17307
0.17257
0.17318
0.17297
0.17322
0.17245
0.1721
0.17225
0.17209
0.17253
0.17254
0.17322
0.17323
0.17339
0.17357
0.17368
0.17318
0.17359
0.17396
0.17371
0.17293
0.17312
0.1739
0.17376
0.17392
0.1737
0.17345
0.17332
0.17339
0.17389
0.1735
0.17391
0.17413
0.17431
0.17409
0.17389
0.1729
0.17289
0.17277
0.1732
0.17323
0.17324
0.17318
0.17304
0.17352
0.17372
0.17346
0.17352
0.17351
0.17345
0.17339
0.17356
0.1734
0.17388
0.17381
0.17447
0.17461
0.17391
0.17391
0.17371
0.17306
0.17273
0.17274
0.17295
0.17323
0.17303
0.17318
0.17284
0.17259
0.1725
0.1726
0.17315
0.17285
0.17376
0.17407
0.17359
0.17324
0.17392
0.17399
0.17404
0.17448
0.17435
0.17407
0.17372
0.17388
0.1746
0.17475
0.17483
0.17427
0.17457
0.17401
0.17482
0.17475
0.17522
0.17485
0.17481
0.17578
0.1747
0.17478
0.17464
0.17477
0.17517
0.17488
0.17504
0.17509
0.17522
0.17456
0.17376
0.17398
0.17343
0.1729
0.17257
0.17262
0.17287
0.17255
0.17214
0.17254
0.1727
0.173
0.17309
0.17371
0.17359
0.1735
0.17341
0.17418
0.17473
0.17445
0.17429
0.17439
0.17489
0.17482
0.17467
0.17416
0.17335
0.17343
0.17316
0.17261
0.17242
0.17323
0.17304
0.17311
0.17327
0.17342
0.17324
0.17318
0.17272
0.17268
0.17272
0.17246
0.17244
0.17269
0.17252
0.17185
0.17239
0.17259
0.17318
0.17341
0.17357
0.17429
0.17399
0.17333
0.1728
0.17313
0.17331
0.17307
0.17342
0.17431
0.17445
0.1746
0.17507
0.1744
0.17515
0.17497
0.17441
0.17468
0.17542
0.17606
0.1764
0.17539
0.17554
0.17641
0.17678
0.17735
0.17624
0.17664
0.17767
0.1769
0.17681
0.17543
0.17678
0.17703
0.1764
0.17611
0.1762
0.17665
0.17688
0.17699
0.17754
0.17847
0.17851
0.17896
0.17982
0.18068
0.18024
0.17954
0.17999
0.18013
0.18057
0.1816
0.18426
0.18356
0.18423
0.18576
0.18751
0.18614
0.18582
0.18763
0.18749
0.18732
0.18608
0.18816
0.18946
0.18723
0.18561
0.18702
0.18534
0.18488
0.1843
0.18212
0.18184
0.18231
0.18223
0.18202
0.18255
0.18255
0.18464
0.18373
0.18317
0.18216
0.18294
0.18206
0.18165
0.18124
0.18289
0.18275
0.18348
0.18406
0.18323
0.18333
0.18445
0.18315
0.18189
0.18189
0.18338
0.18293
0.18177
0.18128
0.18174
0.18147
0.18087
0.17907
0.18003
0.17978
0.17971
0.17933
0.17914
0.17978
0.17958
0.17834
0.17817
0.1773
0.17878
0.17924
0.18017
0.1804
0.17966
0.18057
0.17993
0.18024
0.18014
0.17953
0.17995
0.17846
0.17673
0.17769
0.17869
0.17972
0.18074
0.18025
0.18074
0.17934
0.17992
0.17903
0.17873
0.17842
0.17882
0.17934
0.17869
0.17852
0.17877
0.1791
0.17788
0.17772
0.17708
0.17709
0.17649
0.17616
0.17506
0.17512
0.17501
0.17472
0.17524
0.17543
0.17523
0.17579
0.17597
0.17649
0.17551
0.17513
0.17481
0.1747
0.1753
0.1746
0.1748
0.17423
0.17452
0.17438
0.17437
0.17455
0.17482
0.1753
0.1755
0.175
0.17538
0.17544
0.17552
0.17592
0.17513
0.17443
0.17455
0.17502
0.17597
0.17528
0.17559
0.17616
0.17708
0.17751
0.17741
0.17688
0.17666
0.17728
0.17648
0.17597
0.17562
0.17486
0.17541
0.17511
0.17525
0.17634
0.17633
0.17631
0.17654
0.17681
0.17627
0.17634
0.17686
0.17601
0.17616
0.17634
0.1767
0.17669
0.17685
0.17739
0.17759
0.17732
0.17775
0.17747
0.17761
0.17663
0.1766
0.17667
0.17557
0.17546
0.17455
0.17409
0.17441
0.17391
0.1741
0.17374
0.17343
0.17336
0.17314
0.17296
0.17316
0.17333
0.17336
0.17284
0.17315
0.17312
0.17313
0.17285
0.17264
0.17216
0.17172
0.17184
0.17167
0.17127
0.17124
0.17141
0.17127
0.17157
0.1714
0.17101
0.1707
0.1704
0.17042
0.17054
0.17053
0.17086
0.17049
0.1703
0.17034
0.17077
0.17045
0.1706
0.17061
0.17029
0.17054
0.17028
0.1704
0.17012
0.16992
0.16982
0.16973
0.1701
0.17008
0.17013
0.17011
0.17009
0.17
0.16985
0.16998
0.17005
0.17029
0.17059
0.17032
0.17051
0.17084
0.17118
0.17128
0.17126
0.17131
0.17107
0.17131
0.17118
0.17163
0.17208
0.17241
0.17264
0.17289
0.17305
0.17287
0.17296
0.17222
0.17154
0.17121
0.17156
0.17124
0.171
0.17094
0.1711
0.17123
0.17082
0.17069
0.17088
0.17107
0.17129
0.17118
0.17147
0.17159
0.17081
0.17054
0.17069
0.1707
0.17077
0.17123
0.17107
0.17149
0.17147
0.17142
0.17118
0.17117
0.17107
0.17112
0.17134
0.17122
0.17093
0.17053
0.17039
0.1703
0.17024
0.17007
0.17017
0.17027
0.17032
0.17036
0.17059
0.17039
0.17046
0.17029
0.17016
0.17003
0.17004
0.17032
0.1705
0.17074
0.17015
0.17009
0.17004
0.17019
0.17004
0.17009
0.16985
0.16972
0.16961
0.16977
0.16956
0.16947
0.16956
0.16976
0.16969
0.16987
0.16989
0.16984
0.16967
0.16969
0.16995
0.16975
0.16994
0.17008
0.17029
0.17008
0.17021
0.16984
0.16997
0.17005
0.17032
0.17073
0.17068
0.17124
0.17141
0.17149
0.17138
0.17098
0.17108
0.17071
0.17092
0.17052
0.1706
0.17082
0.17097
0.17104
0.17101
0.17116
0.17074
0.17094
0.17107
0.17087
0.17104
0.17108
0.17108
0.17115
0.17154
0.17141
0.1708
0.17096
0.17124
0.17125
0.17112
0.17149
0.17117
0.17107
0.17098
0.17088
0.17098
0.1711
0.17157
0.1718
0.1718
0.17148
0.1713
0.1708
0.17062
0.17062
0.17057
0.17084
0.17085
0.17047
0.17115
0.17116
0.17127
0.1714
0.17136
0.17153
0.17155
0.17158
0.17149
0.17134
0.17072
0.17072
0.1702
0.17019
0.17004
0.17004
0.17019
0.1703
0.17031
0.17012
0.17006
0.17008
0.17007
0.17037
0.17074
0.17049
0.17058
0.17022
0.17026
0.16983
0.16977
0.16982
0.17009
0.17006
0.17005
0.1702
0.17026
0.17012
0.16993
0.16983
0.16983
0.16977
0.16979
0.16974
0.16965
0.1698
0.16973
0.16985
0.16995
0.17002
0.16972
0.16947
0.16968
0.16941
0.16917
0.16947
0.16955
0.16976
0.16991
0.16998
0.17016
0.17012
0.17003
0.16982
0.16971
0.16942
0.16947
0.16946
0.16958
0.16967
0.16945
0.16965
0.16953
0.16921
0.16901
0.16894
0.16898
0.16909
0.16904
0.16885
0.16879
0.169
0.16907
0.1692
0.16903
0.16903
0.16902
0.16898
0.16899
0.1692
0.16901
0.16901
0.16904
0.16905
0.1691
0.16907
0.16924
0.16923
0.16919
0.16919
0.16925
0.16922
0.16908
0.16904
0.16911
0.16918
0.16932
0.16948
0.16962
0.1697
0.16981
0.16959
0.16963
0.16975
0.16971
0.16962
0.16963
0.16967
0.16976
0.16993
0.16998
0.17004
0.17028
0.17008
0.17027
0.17039
0.17058
0.17052
0.17028
0.17029
0.17055
0.17048
0.17093
0.17107
0.17072
0.17066
0.17115
0.1709
0.1709
0.17126
0.17138
0.17121
0.17143
0.17074
0.17093
0.17114
0.17086
0.17071
0.17117
0.17138
0.17195
0.17204
0.17156
0.17151
0.17175
0.1715
0.17104
0.17098
0.17082
0.17112
0.17098
0.17105
0.17089
0.17085
0.17095
0.171
0.17067
0.17027
0.17019
0.17026
0.17034
0.17026
0.17006
0.17023
0.17029
0.17027
0.17006
0.17019
0.17013
0.16986
0.1702
0.17056
0.17048
0.17084
0.17101
0.17045
0.17056
0.17071
0.17051
0.17027
0.17043
0.1703
0.17064
0.17056
0.17058
0.17067
0.17057
0.17017
0.17027
0.17048
0.17006
0.1702
0.17022
0.17061
0.17076
0.17091
0.17044
0.17062
0.17057
0.17022
0.17044
0.17027
0.17003
0.17015
0.17039
0.17052
0.17106
0.17111
0.17121
0.17149
0.17155
0.17172
0.17181
0.17187
0.17156
0.17138
0.17156
0.17168
0.17164
0.17194
0.172
0.17169
0.17154
0.17184
0.17202
0.17217
0.17258
0.17305
0.17283
0.1732
0.17267
0.17283
0.17315
0.17351
0.17392
0.17448
0.17459
0.17342
0.17411
0.17407
0.17467
0.17442
0.1746
0.17487
0.17439
0.17426
0.17471
0.1748
0.17514
0.17491
0.17455
0.17476
0.1744
0.17384
0.17391
0.17368
0.17356
0.17356
0.17274
0.17337
0.17307
0.17281
0.17273
0.17352
0.17223
0.17318
0.17373
0.17425
0.17475
0.1752
0.17552
0.17493
0.17488
0.17554
0.17485
0.17468
0.17486
0.1747
0.17486
0.17451
0.17464
0.17473
0.17437
0.17465
0.17438
0.1743
0.17417
0.17361
0.17374
0.17403
0.17417
0.17406
0.17343
0.17301
0.17332
0.17383
0.17421
0.17422
0.17431
0.17425
0.17459
0.17436
0.17409
0.17398
0.17321
0.17354
0.17301
0.17279
0.17265
0.1729
0.17318
0.17311
0.17334
0.17356
0.17377
0.17426
0.17454
0.17409
0.17523
0.17463
0.17345
0.17332
0.1735
0.17393
0.17392
0.1741
0.17405
0.174
0.17422
0.1746
0.17405
0.17467
0.17466
0.17542
0.1749
0.17498
0.17468
0.17482
0.17441
0.17488
0.17551
0.17693
0.17787
0.17825
0.17803
0.17827
0.17861
0.17945
0.17886
0.17973
0.17923
0.17971
0.18053
0.18212
0.18073
0.17954
0.17846
0.17895
0.17834
0.17922
0.18041
0.1819
0.18187
0.18108
0.18026
0.18051
0.17966
0.18156
0.18133
0.18215
0.18206
0.18239
0.18045
0.18005
0.18038
0.17961
0.17937
0.17873
0.17886
0.17774
0.17891
0.18014
0.17981
0.18094
0.18157
0.18282
0.18195
0.1826
0.1834
0.18195
0.18396
0.18298
0.18253
0.18265
0.18348
0.18303
0.18308
0.18369
0.18286
0.18167
0.1811
0.1813
0.18034
0.18017
0.17976
0.18074
0.18145
0.18164
0.18256
0.18154
0.18119
0.18165
0.18138
0.18155
0.18147
0.18046
0.18107
0.17984
0.17839
0.17835
0.17769
0.17875
0.17859
0.17776
0.1777
0.1771
0.17587
0.17493
0.17552
0.17491
0.17494
0.174
0.1744
0.17467
0.17454
0.17475
0.17463
0.17384
0.17425
0.1738
0.17372
0.17338
0.17339
0.17297
0.1724
0.17235
0.1722
0.17221
0.17203
0.17189
0.1717
0.17224
0.17238
0.17233
0.17222
0.17229
0.17242
0.17246
0.17281
0.17337
0.17371
0.17331
0.17341
0.17316
0.1736
0.17422
0.17426
0.17493
0.17476
0.17444
0.17447
0.17525
0.17535
0.17555
0.17519
0.17585
0.17612
0.17723
0.17841
0.17877
0.17812
0.17827
0.17855
0.17797
0.17878
0.1796
0.17916
0.17963
0.18002
0.18011
0.18088
0.18114
0.18059
0.17984
0.17983
0.18015
0.1787
0.17937
0.18037
0.17922
0.17835
0.17771
0.17741
0.17715
0.17712
0.17776
0.17824
0.17924
0.17863
0.1788
0.17771
0.17749
0.17737
0.17688
0.17809
0.17894
0.17908
0.17949
0.17969
0.1803
0.17972
0.18054
0.18048
0.18021
0.17898
0.17926
0.17906
0.17976
0.1806
0.17967
0.17946
0.1802
0.18134
0.18128
0.18085
0.18115
0.18072
0.18013
0.17933
0.17959
0.17975
0.18053
0.18091
0.18069
0.17987
0.17824
0.17823
0.17863
0.17731
0.17679
0.17656
0.17721
0.17705
0.17722
0.17686
0.17655
0.17615
0.17589
0.17538
0.17626
0.17597
0.1766
0.17632
0.17663
0.17655
0.17671
0.17661
0.17716
0.1767
0.17735
0.17696
0.17626
0.17603
0.1767
0.17708
0.17678
0.17581
0.17674
0.17698
0.17695
0.17582
0.17535
0.17608
0.17544
0.17482
0.17521
0.17551
0.1762
0.17582
0.17658
0.17585
0.17618
0.17719
0.17749
0.17719
0.17638
0.17635
0.17587
0.17644
0.17729
0.17833
0.17742
0.17765
0.17742
0.17746
0.17639
0.17637
0.17673
0.17617
0.17673
0.17702
0.17707
0.17725
0.17687
0.17626
0.17577
0.1763
0.17621
0.17665
0.17701
0.17728
0.17669
0.17712
0.17692
0.17644
0.17676
0.1783
0.17706
0.17687
0.17792
0.17791
0.17913
0.17838
0.17746
0.1776
0.17767
0.17722
0.17648
0.17609
0.17668
0.17591
0.17497
0.17465
0.17467
0.17464
0.17471
0.1745
0.17527
0.17498
0.17543
0.17577
0.17605
0.17632
0.17592
0.1764
0.17652
0.17676
0.17734
0.17578
0.17614
0.17757
0.17871
0.17984
0.17953
0.17932
0.17925
0.17913
0.17863
0.1783
0.17902
0.1798
0.18035
0.18063
0.18177
0.18033
0.18055
0.17945
0.17968
0.18003
0.18016
0.17998
0.1801
0.17889
0.17861
0.17918
0.18019
0.18021
0.18103
0.18217
0.18124
0.18163
0.1823
0.18308
0.18471
0.18537
0.18607
0.18646
0.18567
0.18593
0.18618
0.1845
0.18374
0.18422
0.18632
0.18626
0.18816
0.18808
0.18702
0.18917
0.1898
0.19071
0.19115
0.19272
0.19139
0.19169
0.19062
0.19133
0.19252
0.19263
0.19434
0.19701
0.19872
0.19647
0.19521
0.19737
0.19703
0.19759
0.20125
0.2041
0.20166
0.20264
0.20163
0.19815
0.19817
0.1958
0.19393
0.19742
0.19865
0.20026
0.20137
0.20606
0.20623
0.20498
0.20497
0.20819
0.20936
0.21313
0.20901
0.20675
0.20974
0.21124
0.21689
0.22033
0.22103
0.21894
0.21191
0.21039
0.2125
0.21171
0.20615
0.20536
0.20713
0.20489
0.2076
0.20205
0.19989
0.19958
0.20071
0.19785
0.1945
0.19577
0.19505
0.19548
0.19757
0.19431
0.19849
0.19595
0.19454
0.19784
0.19859
0.20103
0.19958
0.20128
0.201
0.19945
0.19898
0.20097
0.20353
0.205
0.20663
0.20764
0.20783
0.20896
0.21126
0.20879
0.20703
0.20703
0.20676
0.20165
0.201
0.20211
0.20183
0.20111
0.19896
0.19988
0.19959
0.201
0.20003
0.20138
0.1989
0.19899
0.20098
0.20141
0.19853
0.1961
0.19736
0.19735
0.19806
0.19769
0.1951
0.19597
0.19808
0.20062
0.20188
0.20076
0.20215
0.19982
0.20264
0.20047
0.20052
0.1985
0.19824
0.19641
0.1976
0.1977
0.19785
0.19989
0.20018
0.20489
0.20158
0.20529
0.20703
0.20222
0.20065
0.19859
0.19744
0.19789
0.19608
0.19512
0.19539
0.19521
0.19323
0.19145
0.19107
0.18866
0.18651
0.18647
0.18568
0.18637
0.18718
0.18715
0.18755
0.18712
0.18756
0.18844
0.18959
0.1913
0.18992
0.1884
0.18781
0.1884
0.18685
0.18794
0.18845
0.18997
0.18977
0.18931
0.18992
0.19027
0.19022
0.18834
0.18767
0.18839
0.18791
0.18774
0.18976
0.18978
0.19001
0.18703
0.18546
0.18683
0.18637
0.18546
0.18662
0.18813
0.18892
0.18785
0.18769
0.18614
0.18657
0.18694
0.18674
0.1867
0.18889
0.18772
0.18545
0.1861
0.18655
0.18763
0.18847
0.19007
0.1907
0.19137
0.19137
0.19178
0.1927
0.19127
0.19278
0.18928
0.18803
0.18543
0.18503
0.18408
0.18434
0.1819
0.18164
0.18332
0.18409
0.18386
0.18467
0.18433
0.18327
0.18306
0.18289
0.18265
0.18336
0.18267
0.18188
0.18305
0.18332
0.18377
0.18262
0.18356
0.1838
0.18439
0.18417
0.18471
0.1835
0.18376
0.18331
0.18312
0.18204
0.18029
0.17946
0.17882
0.17925
0.17904
0.17772
0.17744
0.17878
0.17982
0.18087
0.1812
0.18271
0.18179
0.18079
0.17989
0.18233
0.1825
0.18162
0.18097
0.18126
0.18292
0.18174
0.17994
0.18079
0.18003
0.17925
0.17879
0.17939
0.17926
0.17857
0.17805
0.17873
0.17869
0.1803
0.18057
0.18155
0.18169
0.18129
0.18056
0.18161
0.18249
0.18261
0.18172
0.1811
0.18069
0.18036
0.18043
0.18047
0.17915
0.17987
0.17913
0.1779
0.17753
0.17699
0.17611
0.17629
0.17578
0.17527
0.17475
0.17504
0.17473
0.17546
0.17555
0.17635
0.17674
0.17751
0.17816
0.17749
0.17758
0.17729
0.17689
0.17749
0.17709
0.17709
0.17719
0.17738
0.17632
0.17698
0.17626
0.17569
0.17584
0.17574
0.17527
0.17526
0.17471
0.17426
0.17345
0.17381
0.17451
0.17508
0.1749
0.17512
0.17522
0.17542
0.17501
0.17529
0.17511
0.17524
0.17432
0.17388
0.17368
0.17327
0.17389
0.17418
0.17516
0.17476
0.17446
0.1745
0.1755
0.17557
0.17567
0.17609
0.17605
0.17675
0.17665
0.17573
0.1754
0.17619
0.17635
0.17491
0.17506
0.17572
0.17604
0.1762
0.17754
0.17661
0.17693
0.17736
0.17741
0.17782
0.178
0.17857
0.17833
0.17904
0.18045
0.18086
0.18058
0.18175
0.18095
0.18205
0.1813
0.18018
0.18079
0.18099
0.1821
0.18096
0.18071
0.18035
0.18109
0.18085
0.18164
0.18273
0.1816
0.18131
0.18246
0.18092
0.17984
0.18134
0.18105
0.18068
0.18061
0.18061
0.18112
0.18057
0.17946
0.17915
0.17944
0.17878
0.1797
0.18028
0.17975
0.18015
0.17975
0.18026
0.17993
0.1801
0.17976
0.18064
0.18165
0.18
0.18091
0.18087
0.17994
0.18069
0.1792
0.17947
0.18007
0.18057
0.18081
0.17975
0.17913
0.17955
0.17924
0.17946
0.18054
0.18037
0.17849
0.17859
0.17809
0.17873
0.17949
0.17948
0.17844
0.17872
0.17993
0.17999
0.17935
0.17953
0.18043
0.18031
0.18161
0.1812
0.18074
0.18065
0.18149
0.18148
0.18118
0.18172
0.18182
0.18121
0.1809
0.18083
0.18075
0.17972
0.18001
0.17917
0.17912
0.1808
0.18161
0.18266
0.18449
0.18421
0.18604
0.18764
0.18919
0.18993
0.18824
0.18882
0.18818
0.18942
0.18997
0.18923
0.1905
0.18975
0.19129
0.19291
0.1933
0.19299
0.19365
0.19255
0.19181
0.19025
0.19172
0.19323
0.19111
0.19276
0.19177
0.19221
0.19184
0.19162
0.19191
0.19373
0.19281
0.1925
0.19251
0.19344
0.19431
0.19525
0.19574
0.19598
0.19516
0.19501
0.19341
0.19272
0.19044
0.19047
0.1903
0.18935
0.18614
0.18786
0.18884
0.18853
0.18748
0.18706
0.18562
0.18594
0.18563
0.18562
0.18612
0.18616
0.18681
0.18888
0.18934
0.18933
0.18917
0.18917
0.18752
0.18939
0.18682
0.18714
0.18679
0.18644
0.18966
0.18953
0.19112
0.18872
0.19025
0.19055
0.19103
0.19099
0.18943
0.18883
0.18655
0.18475
0.18549
0.18631
0.18404
0.18378
0.18291
0.18152
0.18157
0.18204
0.18217
0.18088
0.17947
0.18018
0.18014
0.17898
0.17776
0.1782
0.17803
0.17695
0.17756
0.17715
0.17834
0.17848
0.18015
0.18042
0.18111
0.18109
0.18102
0.18161
0.18198
0.18128
0.18259
0.18155
0.18249
0.18324
0.18355
0.18238
0.18392
0.18321
0.18231
0.18274
0.18297
0.18318
0.18348
0.18338
0.18381
0.1837
0.18222
0.18274
0.18392
0.18467
0.18483
0.18583
0.18575
0.18546
0.18488
0.18702
0.18623
0.18586
0.18385
0.18391
0.18253
0.18156
0.18159
0.18128
0.18131
0.18044
0.18083
0.18186
0.18249
0.1826
0.18328
0.18318
0.18285
0.18459
0.18441
0.18391
0.18237
0.18288
0.18286
0.18279
0.18167
0.1819
0.18242
0.18227
0.18275
0.18379
0.18539
0.18555
0.186
0.18696
0.18486
0.18432
0.18469
0.18323
0.18306
0.18297
0.18172
0.18149
0.18133
0.1814
0.18107
0.18154
0.18172
0.18067
0.1801
0.17979
0.17878
0.17966
0.18
0.18037
0.17975
0.18076
0.18103
0.18056
0.18108
0.18096
0.18104
0.18194
0.18063
0.18025
0.18165
0.18225
0.18351
0.1847
0.18413
0.18354
0.18293
0.18185
0.1826
0.18325
0.18461
0.18605
0.18644
0.18726
0.18537
0.18611
0.18589
0.18707
0.1869
0.18733
0.18806
0.18856
0.18734
0.18908
0.18961
0.18927
0.18665
0.18641
0.18842
0.18721
0.18606
0.18732
0.18778
0.1849
0.18239
0.18263
0.18268
0.18371
0.18403
0.18391
0.18508
0.18381
0.18301
0.18326
0.1839
0.18501
0.1855
0.18729
0.18552
0.18565
0.18494
0.18365
0.18325
0.18331
0.18176
0.18268
0.18214
0.18188
0.18218
0.18186
0.18156
0.18105
0.18087
0.18114
0.18043
0.17977
0.18172
0.18056
0.18119
0.18056
0.18172
0.18232
0.18253
0.18331
0.18292
0.18309
0.18591
0.1858
0.18638
0.18832
0.18763
0.18797
0.18911
0.19003
0.19367
0.19711
0.19777
0.19797
0.19456
0.19382
0.19345
0.19441
0.1941
0.19218
0.19279
0.1907
0.19204
0.19459
0.19485
0.19488
0.19537
0.19364
0.19298
0.19384
0.19429
0.19453
0.19448
0.19078
0.19003
0.19121
0.18758
0.18678
0.18535
0.18571
0.18689
0.18522
0.18388
0.18458
0.18312
0.18386
0.18278
0.18181
0.18226
0.18165
0.17971
0.18042
0.18047
0.18017
0.18146
0.18017
0.17876
0.17737
0.17768
0.17855
0.17818
0.17906
0.1801
0.17919
0.17875
0.17976
0.17971
0.1801
0.18051
0.18038
0.18169
0.18162
0.18251
0.18039
0.17912
0.17756
0.17748
0.17735
0.17762
0.17728
0.1768
0.17816
0.17876
0.17987
0.17995
0.17933
0.17883
0.17934
0.17812
0.17823
0.17781
0.17773
0.1777
0.17747
0.17764
0.17741
0.17749
0.17646
0.17639
0.17595
0.1752
0.17589
0.17584
0.17633
0.17721
0.17633
0.17591
0.1769
0.17663
0.17617
0.1755
0.17552
0.17536
0.1754
0.1752
0.17506
0.17544
0.1757
0.1748
0.17396
0.17398
0.17445
0.17422
0.17475
0.17421
0.17395
0.17456
0.17432
0.17477
0.17519
0.1752
0.17489
0.17535
0.17475
0.17376
0.17286
0.17301
0.17269
0.17275
0.17253
0.17254
0.17233
0.17249
0.17302
0.17296
0.17333
0.1733
0.17338
0.17383
0.17353
0.17376
0.17356
0.1739
0.17439
0.17353
0.17373
0.17364
0.17384
0.17434
0.17525
0.17593
0.17658
0.17625
0.17571
0.17591
0.17576
0.17663
0.17622
0.17675
0.17656
0.17658
0.17719
0.17672
0.17723
0.17765
0.1777
0.17804
0.17664
0.17617
0.17658
0.17634
0.17683
0.1763
0.17518
0.17504
0.17423
0.17463
0.17447
0.17395
0.17407
0.17379
0.17396
0.1743
0.17432
0.17364
0.17366
0.17403
0.17409
0.17442
0.17497
0.17526
0.17506
0.17564
0.17539
0.1759
0.17579
0.17588
0.17708
0.17748
0.17764
0.17776
0.17758
0.17742
0.17724
0.1777
0.17787
0.17772
0.17785
0.17768
0.17819
0.17778
0.17803
0.17815
0.17734
0.17846
0.17912
0.17932
0.18009
0.18145
0.18081
0.18048
0.18044
0.18094
0.18075
0.17997
0.17987
0.17968
0.17882
0.17859
0.1795
0.17994
0.18066
0.18106
0.18056
0.18154
0.18237
0.18445
0.18501
0.1851
0.18613
0.18588
0.18647
0.18631
0.18571
0.1869
0.18677
0.18533
0.18677
0.18551
0.18596
0.18678
0.18904
0.19087
0.19115
0.19056
0.1916
0.18992
0.18945
0.18864
0.18614
0.18556
0.18585
0.18321
0.18336
0.18306
0.18214
0.1828
0.18272
0.1825
0.18397
0.18477
0.18539
0.18475
0.18605
0.18644
0.18661
0.18607
0.18567
0.18528
0.18568
0.18742
0.18792
0.19268
0.19191
0.19216
0.1922
0.19159
0.19144
0.19119
0.19103
0.19173
0.19183
0.19248
0.19328
0.19575
0.19647
0.19494
0.19638
0.19635
0.19668
0.19493
0.19187
0.19102
0.19053
0.18912
0.18989
0.19134
0.19232
0.19406
0.19385
0.19496
0.19631
0.19755
0.19804
0.19829
0.19355
0.19447
0.19386
0.1947
0.19155
0.19123
0.19026
0.18925
0.19082
0.18912
0.18835
0.18936
0.18987
0.1909
0.19014
0.19107
0.1915
0.19265
0.19342
0.1936
0.19336
0.19451
0.19478
0.19048
0.19182
0.19183
0.19001
0.19317
0.19364
0.19431
0.19475
0.19273
0.19465
0.19649
0.19521
0.19494
0.19835
0.19933
0.20333
0.2058
0.20141
0.20212
0.20231
0.2025
0.20321
0.20301
0.20382
0.20516
0.20509
0.20809
0.20685
0.20839
0.20763
0.20687
0.20497
0.20484
0.20071
0.19755
0.19482
0.19602
0.19782
0.20377
0.2025
0.20667
0.2002
0.20275
0.2039
0.20476
0.20531
0.20604
0.20916
0.20944
0.21236
0.21242
0.21498
0.21429
0.21813
0.22237
0.22349
0.22229
0.22583
0.22094
0.22013
0.21995
0.22029
0.22182
0.22229
0.21676
0.21762
0.221
0.22225
0.22463
0.22356
0.23053
0.23031
0.22663
0.22297
0.22756
0.23094
0.22807
0.22878
0.22521
0.22724
0.22427
0.21914
0.21776
0.21734
0.21895
0.21875
0.22188
0.22249
0.21801
0.21821
0.21939
0.2166
0.21783
0.21549
0.21955
0.22549
0.22657
0.2272
0.22727
0.22507
0.22449
0.22974
0.22626
0.21838
0.21942
0.21629
0.21818
0.21333
0.21764
0.21885
0.2216
0.22163
0.21769
0.21997
0.22335
0.22877
0.23024
0.22609
0.22708
0.22519
0.22579
0.23018
0.23106
0.22748
0.23088
0.23264
0.22984
0.22706
0.22795
0.22963
0.23392
0.23801
0.23932
0.2335
0.23102
0.23414
0.23565
0.23416
0.24129
0.23943
0.23958
0.24036
0.24413
0.24481
0.25396
0.25451
0.25857
0.26645
0.27209
0.2728
0.28531
0.28354
0.27832
0.27677
0.27993
0.28813
0.28597
0.28315
0.29348
0.29549
0.29634
0.29852
0.30145
0.31415
0.3103
0.2981
0.29103
0.29395
0.29548
0.29963
0.28682
0.28391
0.2764
0.2748
0.26569
0.26675
0.28176
0.28205
0.29344
0.28535
0.29077
0.28454
0.29819
0.30648
0.30846
0.29604
0.30389
0.29944
0.27902
0.27694
0.27241
0.27429
0.27031
0.26789
0.26478
0.26191
0.26445
0.26471
0.26311
0.26365
0.264
0.25295
0.25593
0.26545
0.27439
0.2692
0.27376
0.27941
0.28414
0.28748
0.28464
0.28144
0.28058
0.28352
0.27731
0.28597
0.28643
0.28964
0.28592
0.29285
0.28421
0.28748
0.27326
0.27187
0.27838
0.29702
0.30234
0.31224
0.29847
0.29856
0.30624
0.30707
0.30344
0.29363
0.29338
0.29452
0.29007
0.29037
0.28424
