-0.067484
-0.018933
0.10248
0.28335
0.63257
0.3751
0.72026
0.2643
-0.10681
-0.16045
0.35363
-0.033717
-0.077575
0.31656
0.021157
-0.18635
0.46354
-0.30645
-0.52859
-0.53251
-0.44933
0.027648
0.14471
-0.077218
-0.14461
0.11891
-0.082293
-0.0961
-0.283
0.2456
0.32722
0.12452
0.39385
0.25598
0.1666
0.19534
0.15419
0.3453
0.2456
-0.0097582
0.31026
-0.3731
-0.2334
0.037043
-0.3421
0.12508
-0.18457
-0.13318
-0.25723
-0.32371
-0.2164
-0.010991
0.3148
-0.059488
-0.065748
0.2302
0.020931
-0.42913
-0.10819
0.27349
0.045495
0.65414
0.74938
0.55366
0.15589
-0.16684
0.44515
0.51037
0.24662
0.011302
0.089999
0.18057
0.22595
0.14573
-0.20957
0.0063972
0.2368
0.12472
0.33976
0.34709
0.28216
0.17357
0.29951
0.66769
0.13323
0.0032027
0.038417
-0.15562
0.060467
-0.24092
-0.34033
0.21753
0.093412
0.0047483
-0.19663
0.3038
-0.32125
0.02571
0.10037
-0.14933
0.2071
0.21587
0.036263
0.020752
0.12141
0.38421
0.48217
0.18376
0.20261
-0.047356
0.1453
0.18066
-0.049118
-0.31912
-0.16149
-0.27382
0.2437
0.17402
0.017245
-0.0061362
0.31976
0.29023
0.22045
0.12322
0.083272
-0.19536
-0.012984
0.24061
0.20439
-0.34273
-0.3602
-0.20385
-0.031094
0.44568
-0.10889
-0.38246
-0.2702
-0.63798
-0.065003
0.10906
0.084367
-0.018926
-0.1572
0.069916
0.34937
0.22795
0.46553
0.29598
-0.14765
-0.39628
-0.081185
-0.030743
0.20268
0.1969
0.30767
0.17888
0.35645
0.17768
-0.11424
0.12867
-0.32207
0.31764
-0.12477
-0.088657
0.13886
0.11661
0.23894
0.066604
-0.28669
0.26529
0.19041
-0.11236
0.035833
0.17678
0.50248
0.0062757
0.091543
0.13469
0.24919
0.080818
-0.19374
-0.11433
-0.048634
0.62621
-0.029894
-0.18424
0.31231
0.19495
0.37311
0.3198
-0.07096
0.089144
0.27987
0.26542
0.26147
0.38138
-0.22223
0.51606
0.15278
0.24348
0.24704
-0.029643
-0.13649
-0.07872
0.30818
0.08664
-0.2088
0.088131
-0.033188
0.49507
0.10536
0.4053
0.15095
0.12095
0.027402
-0.069774
-0.26159
-0.056862
0.23563
0.45297
0.19731
-0.17332
-0.25288
-0.29356
0.22208
0.19603
0.29199
0.51725
-0.056067
0.23868
0.052456
-0.085054
0.26703
0.026684
0.20597
0.092434
-0.0070653
-0.059568
0.18837
0.084403
0.10365
0.15379
0.067848
0.35441
0.36062
0.41255
0.29141
-0.15026
-0.1652
-0.21679
-0.097668
-0.16731
0.31194
-0.16748
-0.22385
0.39409
0.35023
-0.064229
0.24522
0.15835
0.15925
0.60106
0.012363
-0.20907
0.30689
-0.11546
-0.56025
0.60303
0.2885
-0.29532
-0.12325
-0.29913
-0.14642
0.048954
0.0079103
0.11185
-0.077655
0.15782
0.012097
-0.065369
-0.071542
0.058139
0.43243
0.33647
-0.12522
-0.090768
-0.094848
0.16352
-0.13902
0.08093
-0.072787
-0.040997
0.22351
-0.2214
-0.11346
0.18877
0.0055048
-0.052091
-0.16762
0.26335
-0.16464
-0.20916
-0.20356
-0.1194
-0.13391
-0.031687
-0.32309
-0.058336
0.16534
-0.32405
-0.013917
-0.033809
0.23529
0.32238
-0.19623
0.13894
0.042132
-0.12036
-0.28838
0.069021
-0.26678
-0.26135
-0.555
-0.090243
-0.13738
0.099037
-0.2512
-0.13545
-0.15637
-0.28889
-0.20002
-0.0090333
0.011396
0.050607
0.21498
-0.037759
-0.18529
-0.10428
-0.2528
0.03853
0.055674
0.56171
0.0031337
0.31488
0.19082
-0.069556
0.35641
0.42325
-0.17039
0.23485
0.36597
-0.1595
0.32229
0.03294
0.33071
-0.073745
-0.18054
-0.092504
-0.24548
-0.11281
-0.11526
0.58189
0.39029
0.63028
0.3412
0.15226
0.13662
0.0027593
0.18414
0.44973
0.38475
-0.041937
-0.28561
0.035277
0.24131
0.32767
0.23621
0.066702
-0.28947
0.24573
0.20105
-0.10887
0.26466
0.13227
0.31431
-0.085496
0.11927
0.43368
0.28761
-0.28374
-0.094047
-0.30351
-0.16022
-0.14323
0.024956
-0.17895
0.021494
0.19108
0.29663
0.39472
0.080051
0.19804
0.080091
0.18506
0.10177
0.1268
-0.11932
-0.033732
0.02053
0.051369
0.34043
0.17069
-0.22364
0.3185
0.23664
0.067048
0.16075
0.1262
-0.062828
0.098297
0.18003
0.094662
0.569
0.065299
0.30852
0.099125
0.20833
0.82522
0.28412
0.22666
0.41382
0.34087
-0.3852
0.11143
0.52805
0.079446
-0.071242
-0.042656
0.13992
-0.16407
0.45971
0.40564
0.201
0.020539
0.20363
0.12308
-0.07992
0.12906
0.34013
0.1625
-0.065546
-0.04829
0.52945
0.027212
-0.039319
-0.32514
-0.13371
0.03297
0.13763
-0.12347
0.55784
-0.1177
0.045156
-0.24409
0.19407
0.22703
0.15898
-0.0099212
-0.081897
0.2867
0.20816
0.036844
0.34218
0.31396
-0.17681
-0.092997
0.064384
0.24117
0.32222
0.061687
0.24967
0.22833
-0.089749
0.037645
-0.19195
0.34126
-0.0082346
-0.14699
0.40357
0.21921
-0.31259
-0.12842
-0.2847
-0.23461
-0.1212
0.48174
0.035444
0.34614
0.35564
0.49144
0.44776
0.2568
0.5786
-0.049954
0.17033
0.029852
0.028783
-0.42023
0.36686
0.0074667
0.32129
0.36062
0.50123
0.09973
0.49365
0.055553
0.041725
0.023054
-0.071733
-0.2895
0.016594
0.1092
-0.044554
-0.2111
-0.14549
0.24263
0.2378
0.2558
0.090611
0.081273
0.021697
-0.079139
0.31843
0.0035934
-0.098798
-0.41839
0.10318
0.47402
-0.09438
-0.23546
0.17588
0.11401
0.36495
0.21116
-0.051201
-0.072892
0.22445
0.33269
-0.054653
0.34596
-0.28644
0.30851
0.44063
0.096211
0.22704
0.40016
0.20315
0.23162
0.12673
0.83301
0.36976
0.77343
-0.033125
-0.30704
-0.078997
-0.044494
0.45118
0.18357
0.019055
0.20724
0.2533
0.10233
-0.19003
0.25693
0.13239
0.35601
-0.046752
-0.016503
0.054695
0.23922
0.018967
0.22063
0.088164
0.15824
0.31289
0.23831
0.35258
0.27202
0.55127
-0.14296
0.23014
0.48553
-0.28265
0.14723
0.46812
0.18486
0.087399
0.54953
0.44478
-0.16838
0.24606
0.56399
0.61868
0.33433
0.34218
0.60589
0.39744
0.17184
0.18102
0.40696
0.47461
0.25668
0.10196
0.15792
0.23424
0.22134
0.3462
0.34202
-0.15994
-0.021422
0.42003
0.27068
0.34234
0.40245
0.29529
0.77263
0.21642
0.11457
0.21194
0.40134
0.32237
0.4664
0.14247
-0.022558
0.065467
0.10962
0.44329
0.1722
-0.073546
0.067527
-0.25294
-0.13702
-0.33472
0.1702
0.068318
-0.26379
0.19515
0.11377
-0.10025
-0.12951
-0.17084
0.0014185
-0.040119
-0.27499
-0.27642
0.14806
0.48085
0.57032
-0.10067
-0.072721
0.16139
0.050616
-0.093756
-0.16711
0.13195
-0.35195
-0.18183
-0.13876
0.070921
-0.070502
-0.3087
0.059672
0.12549
0.024366
0.09568
-0.084219
-0.065322
-0.34776
0.061151
-0.30153
-0.42711
-0.46261
-0.088918
0.085259
-0.015264
-0.20767
-0.11112
-0.19998
-0.036857
-0.16702
-0.0059509
-0.086776
0.29647
-0.254
-0.34183
-0.20415
-0.048226
-0.23203
-0.30921
0.065616
0.0039565
-0.032337
0.27462
0.53053
0.36173
-0.25305
-0.43101
-0.24811
-0.19605
0.013633
0.43034
0.23646
-0.118
0.13492
0.083404
0.19709
-0.39917
-0.4953
-0.017677
-0.085881
-0.14242
0.38336
-0.10743
-0.19709
0.062514
0.38635
0.67101
0.30523
0.070732
0.18823
-0.050463
0.20642
0.052986
-0.23139
-0.023033
-0.52933
-0.23479
0.19142
0.27677
0.11387
-0.011328
-0.18292
0.39447
0.026729
-0.16758
0.055519
-0.099702
-0.027215
-0.13802
-0.30504
-0.55
-0.41039
-0.19288
0.27799
0.19154
0.15572
0.094229
0.07091
-0.12287
0.093061
-0.013434
-0.26238
-0.45419
-0.20652
-0.39037
-0.52992
0.34751
-0.19049
0.089915
-0.37234
-0.41554
-0.055893
0.31281
0.1357
0.19357
0.14052
-0.4357
-0.034186
-0.076427
-0.076122
-0.79494
-0.029709
-0.43032
-0.37486
-0.44235
-0.26025
-0.14435
0.18371
0.29669
-0.15981
0.16094
-0.08959
0.59646
-0.071579
-0.25226
-0.090164
-0.095105
-0.19834
-0.50699
-0.13582
0.11805
0.25232
-0.28935
-0.034105
-0.22591
-0.22724
-0.34336
0.11962
-0.40794
-0.043141
-0.33535
0.10936
0.24658
-0.18636
-0.24109
-0.065318
-0.24884
-0.12467
0.073989
-0.32493
-0.0054004
0.10537
0.70313
0.36962
0.017174
-0.043345
-0.28925
-0.055129
0.045309
-0.13209
-0.24717
-0.24025
-0.1799
-0.53187
-0.37222
-0.054178
0.055879
-0.25073
0.22109
0.48462
0.056437
0.19251
-0.18389
-0.15122
0.14656
-0.2372
-0.38918
-0.42269
-0.097677
-0.18743
0.064226
-0.17203
-0.086998
0.0072721
-0.18249
-0.27892
0.1332
0.27452
-0.16465
-0.31281
-0.20974
0.19129
-0.066133
-0.26855
-0.036707
-0.1675
-0.29733
-0.086614
0.44389
0.33268
0.049368
0.10043
-0.27465
-0.088659
0.47762
0.55426
0.17289
0.077411
0.038451
-0.18306
-0.40601
0.41479
0.019551
-0.11357
0.047876
0.40558
-0.13536
0.12941
0.044968
-0.33203
-0.16323
-0.17423
0.057879
0.42828
-0.04416
0.42016
0.17778
-0.17376
0.1849
0.35179
0.16133
-0.088031
-0.030181
-0.14933
-0.21973
-0.24806
0.14319
0.14453
0.31591
0.059332
-0.032305
-0.025955
0.040398
-0.15885
0.011853
-0.20595
-0.20724
0.28449
0.1794
0.063269
0.0261
0.12684
0.10364
0.29765
0.23094
0.19464
0.12259
-0.073135
0.43859
0.36871
0.40362
0.37371
0.13028
-0.48603
0.016411
-0.2113
0.19192
-0.042943
0.006731
-0.44015
-0.28875
0.23774
-0.23378
-0.38441
0.18352
-0.20531
-0.12991
-0.19153
-0.083733
0.4401
0.33459
0.11521
0.19116
0.2728
0.1922
-0.17232
0.2891
0.21974
0.069264
-0.094381
-0.012181
0.060341
0.2594
0.11714
0.28521
-0.070852
-0.086818
0.26456
0.73969
0.5237
0.36032
0.36457
0.34033
0.66724
0.20542
0.063592
0.027758
0.27148
0.11739
0.50915
0.22579
0.16086
0.27506
0.16898
0.014332
-0.1412
0.083584
0.1906
0.35179
0.12209
0.2616
-0.31935
-0.15997
-0.29647
-0.20185
-0.2829
-0.22913
0.031495
-0.028117
0.078724
0.20945
0.13223
-0.0009268
-0.020357
0.056235
0.01449
-0.48243
-0.13646
0.086512
0.12811
-0.2899
-0.21515
-0.065403
0.15278
-0.074572
-0.079909
0.265
0.55435
0.19043
-0.21136
0.19316
0.12059
0.1945
-0.2796
0.17793
-0.46522
-0.30738
-0.082332
-0.36406
-0.10334
0.033568
0.11199
0.16638
0.15682
-0.16004
-0.13051
0.093719
-0.094252
-0.27211
0.38608
0.48342
0.45934
0.35683
0.39544
0.117
0.068372
0.13911
-0.10523
0.2274
0.14346
-0.078967
0.28412
0.20888
0.18968
0.22148
0.24568
-0.12875
-0.030173
0.12902
0.15154
0.16664
0.067003
0.47809
0.54328
0.60881
0.050764
-0.020726
-0.34232
-0.24877
0.44994
-0.095232
-0.16814
0.66122
0.34611
-0.096976
-0.32491
-0.29026
0.45931
0.096343
0.28995
-0.1266
0.076054
0.22895
-0.096727
-0.15147
0.054963
-0.15429
0.053803
0.037607
0.11545
-0.098803
0.039476
-0.37468
0.1087
0.11402
0.48911
0.39419
0.44722
0.086847
0.25415
0.1446
0.23401
-0.15677
0.16552
-0.033646
-0.057528
-0.22892
0.086314
0.077325
0.14676
0.41142
0.06692
0.049959
-0.34271
-0.44861
-0.17521
-0.0049882
-0.07861
-0.12354
-0.10162
0.2253
0.38361
0.046583
0.052181
-0.25542
0.40412
-0.0095398
0.14599
-0.27987
-0.59114
0.33737
0.026299
0.34525
0.2665
0.28719
-0.10006
-0.15524
0.050548
0.14126
0.3261
-0.013003
0.066284
-0.23422
0.58145
0.36946
0.24437
0.27944
-0.31973
0.08396
0.32816
0.050418
-0.10046
-0.093107
-0.16191
-0.12345
0.38028
-0.095803
0.11133
-0.10623
0.2983
0.1615
-0.042105
-0.14454
0.22531
0.45525
0.27117
0.026969
0.73627
0.34885
-0.34023
-0.2346
0.079076
0.20733
0.2058
0.10213
0.39378
0.13481
0.16544
-0.15914
-0.089451
-0.23313
-0.012613
0.12624
0.21004
-0.057837
-0.4478
-0.17972
-0.25971
-0.24051
0.23787
-0.081958
-0.066636
0.37099
-0.023501
-0.053691
-0.4041
0.18343
-0.43618
0.09164
0.077907
0.13599
0.48475
0.33486
0.02246
0.097904
-0.2057
-0.2667
0.1301
0.3809
0.13284
0.21809
-0.40123
0.02513
0.18967
0.26422
0.23795
0.39925
0.37009
0.091089
0.22947
0.4744
0.082705
0.075166
0.10302
0.47972
0.07189
0.32022
-0.21452
0.083183
0.029828
-0.12877
0.22121
0.17837
-0.007705
-0.11401
0.063394
0.065266
0.46576
0.27551
-0.16949
-0.05603
0.056559
-0.095849
-0.021587
-0.058601
0.084753
0.27008
0.336
0.05493
0.039888
-0.14527
-0.065502
0.21289
-0.21986
0.16299
0.10007
-0.13608
0.25547
-0.093149
0.12843
0.29554
-0.37444
-0.22234
0.31302
0.097637
0.012881
0.0037137
0.22683
-0.11166
0.077902
0.34835
0.27426
-0.027402
0.36183
0.077354
0.27988
-0.23266
-0.032716
-0.11695
0.25404
0.38938
0.2724
0.43921
0.59414
0.076531
-0.017343
0.47443
-0.13308
0.47141
0.12376
0.33456
0.067651
-0.22909
0.04283
-0.082267
-0.4009
0.22083
0.27546
0.04647
-0.055874
-0.1157
-0.048418
-0.13743
-0.026529
0.14465
0.045969
0.033392
-0.28652
0.21437
-0.032846
0.5811
0.77605
0.77177
0.39126
0.1911
0.20571
0.064223
0.36957
0.46842
0.85357
0.53644
0.3044
0.36145
0.30291
0.48167
0.22749
0.39348
0.43032
0.54183
0.58706
0.68654
0.46405
0.45386
0.48754
0.46299
-0.045596
0.33219
0.26351
-0.33228
-0.37947
-0.22269
0.24405
-0.19915
-0.042638
-0.0051537
0.080184
0.057605
0.29033
0.45856
-0.20956
-0.16737
-0.2206
-0.077426
0.233
-0.051152
0.31318
0.18565
-0.19275
0.19385
-0.13175
-0.00098336
-0.083567
-0.093304
0.047885
0.0096643
-0.18393
-0.26589
-0.34713
0.23729
0.059949
-0.091243
0.21884
-0.01563
-0.2039
0.027063
0.23951
-0.16723
-0.1108
-0.109
-0.18588
-0.25215
-0.055766
0.2043
-0.0088293
-0.011655
-0.056546
-0.029782
-0.12152
0.016119
0.041353
0.086207
1.6471e-005
-0.2132
0.10369
0.33764
0.28976
0.13528
0.27673
0.05133
-0.011262
0.54551
-0.016438
-0.23606
0.18946
0.37511
0.34067
0.11939
0.31369
0.039358
-0.0035427
-0.1317
-0.044952
0.46787
-0.1746
-0.039727
0.23039
0.11261
0.089696
-0.053079
0.44756
0.29064
0.22062
-0.10829
-0.067828
0.43604
0.35326
0.32302
0.41864
-0.057399
-0.45636
0.080573
0.010289
0.46207
-0.048153
-0.16484
-0.15249
0.065079
-0.32829
0.44626
0.26979
0.12414
-0.0050998
-0.0027562
0.55
0.31769
0.44481
0.092341
0.44004
-0.35441
0.093428
-0.018946
-0.32362
-0.071897
0.12663
-0.13043
-0.19299
-0.18663
0.38669
0.13852
-0.20097
0.23537
-0.15743
0.28757
0.40979
0.25045
0.06345
0.047765
0.25033
0.54624
0.14341
-0.12899
-0.081601
0.5425
0.037856
-0.18588
0.14343
0.074862
-0.23852
-0.38745
-0.28991
0.2744
0.17744
-0.13039
0.2539
-0.096573
0.20412
-0.099296
0.14427
0.044559
-0.095258
0.30971
0.2201
0.1376
0.21676
-0.022368
0.40084
0.2528
0.25879
0.44975
0.55655
0.3892
0.55417
0.34174
0.10715
0.16761
0.56788
0.14205
0.5498
0.48023
-0.30074
-0.23998
-0.047316
-0.16005
-0.3853
-0.38075
-0.49995
0.19145
-0.095699
-0.16926
0.48383
0.11283
0.47201
0.43042
0.45116
0.36371
-0.25243
0.29959
0.33644
0.12797
0.57625
0.3261
-0.0014663
0.22924
0.28749
0.51077
0.10359
0.042722
0.051595
-0.12181
0.28142
0.17613
0.13831
0.18773
0.13856
0.11577
0.48612
0.15955
0.31996
-0.13192
-0.1236
0.3302
0.6142
-0.044634
0.33079
0.18024
0.25359
0.44826
0.54107
0.48513
0.56605
0.066753
0.23126
0.43704
0.022095
0.23658
0.52931
0.17173
0.38561
0.46551
0.23889
0.30902
0.38311
0.27072
0.29309
0.34589
0.52649
0.46893
0.58624
0.4291
0.54153
0.45649
0.13065
0.26387
0.11095
-0.32184
0.3394
-0.040405
0.24682
-0.035025
-0.09879
0.15676
0.41201
0.14481
0.18725
0.041256
-0.1956
0.55697
0.25364
0.21948
0.17815
-0.048517
0.24149
-0.055115
0.23365
0.077806
0.21105
-0.2471
-0.22257
0.024381
-0.24455
0.18008
0.01059
0.25091
0.25837
0.24318
0.22494
0.037654
0.23243
-0.10431
-0.20976
0.091617
-0.023598
-0.048017
0.28802
-0.054144
0.17302
0.21037
0.42445
0.39088
0.17681
0.14019
-0.094648
0.12906
-0.20678
-0.032198
-0.034205
0.24261
0.43654
0.34845
0.00028524
-0.43674
-0.089826
0.2435
-0.14135
-0.15566
0.11345
-0.0087113
0.052921
0.089743
-0.32378
-0.42103
0.23176
0.17884
0.33383
0.19974
0.070369
-0.29653
-0.15123
0.15549
0.28139
-0.39992
0.16885
-0.10088
-0.068184
0.26905
0.40727
0.22371
0.37534
0.1978
0.076493
0.038739
-0.034435
-0.48258
-0.13168
-0.14961
-0.21714
-0.024406
0.057066
-0.22086
-0.19681
-0.07649
-0.34968
-0.32478
0.26444
0.050032
0.073972
0.13391
-0.29157
0.16787
-0.15049
0.080938
0.48369
0.2974
0.15915
-0.0043037
-0.15719
0.076621
0.14935
0.112
0.00093335
0.44426
0.40129
-0.028437
-0.22927
0.25601
0.41822
0.01993
-0.13404
-0.023926
-0.14191
0.16912
-0.12255
0.15761
0.31828
0.2912
0.16773
-0.12333
-0.076676
-0.075374
0.94355
0.36404
0.30968
-0.21696
0.20292
0.18278
0.038052
0.10578
0.1195
-0.089879
-0.18531
-0.1775
0.27207
0.10454
-0.081912
0.16315
0.091796
0.068482
-0.30364
-0.33052
0.08607
-0.022671
-0.12889
-0.40143
0.013838
-0.079154
0.10038
-0.2174
-0.15265
-0.38819
-0.28688
-0.23117
0.032366
0.1168
-0.039232
-0.1768
-0.40964
0.41002
0.43029
0.42165
-0.47198
0.054306
-0.21156
-0.3932
-0.25152
-0.28534
-0.25424
-0.19166
-0.18712
0.0074317
-0.22227
-0.45646
-0.20653
-0.11647
0.04261
0.05331
-0.17687
0.019515
-0.29641
0.31933
0.49861
0.24377
-0.09489
0.35002
0.30308
0.35043
0.3185
-0.0085554
0.49146
0.44757
0.49451
0.087265
0.098487
-0.2521
-0.23014
-0.39981
-0.074224
-0.24297
0.10731
0.035022
-0.072339
-0.42075
-0.21445
0.3105
-0.12541
-0.082904
-0.042772
0.10396
0.21611
-0.36951
-0.080499
-0.18279
-0.45002
0.053551
-0.19223
-0.081047
0.20461
0.2264
0.12595
0.47042
0.14577
0.35891
-0.055544
0.30969
0.017205
-0.14247
0.09367
-0.37687
0.14547
0.15978
-0.014251
0.059869
0.11904
0.064925
0.15821
0.10181
0.048766
0.059999
-0.023194
0.011751
-0.02834
-0.097534
-0.1199
0.18948
0.35039
0.21803
0.2698
0.24774
0.27012
0.41548
0.22292
0.34633
0.15853
0.080958
0.13638
-0.10045
-0.30047
0.42038
0.015029
0.28999
0.13969
-0.27058
0.19224
0.0038191
-0.091963
0.12337
-0.10213
0.087978
-0.21462
-0.020537
-0.032047
-0.12011
0.047418
0.26255
0.19883
-0.068691
-0.47742
-0.18603
0.17948
0.018045
-0.12636
0.21178
-0.071844
0.1862
0.23636
-0.25204
0.25132
-0.049905
-0.094609
-0.15133
-0.16529
0.025952
-0.066723
0.56315
0.34964
0.14027
0.22016
0.22563
0.40185
0.52427
0.12188
0.42613
0.25697
-0.059945
0.36915
0.088168
0.23262
0.073225
-0.0044102
-0.015958
-0.29469
-0.13366
0.38651
0.48717
0.06178
0.37085
0.0024785
-0.39839
-0.23993
0.033817
-0.018275
-0.14677
0.19891
0.19205
0.049074
0.23161
0.2289
0.27513
0.4746
0.032466
0.13137
-0.053874
0.028592
0.18318
0.22805
0.10744
0.17983
-0.042168
0.15085
-0.10387
0.030536
0.15193
0.37958
0.54926
0.071964
-0.023384
0.050951
0.08869
0.044966
0.39339
-0.3902
0.11056
-0.17959
0.1217
-0.19745
-0.16837
-0.010236
0.083195
-0.058092
-0.20747
0.12408
-0.070059
-0.017458
-0.67338
0.030521
-0.24111
-0.35978
0.13877
0.088028
-0.35739
0.062947
-0.13451
0.091459
-0.16405
0.31859
0.26449
-0.22444
-0.15693
0.47222
0.1121
-0.42488
-0.30547
-0.63618
-0.15184
0.080413
-0.16797
0.15221
0.10182
0.0036627
0.48736
-0.18126
0.17098
-0.57576
-0.32077
-0.030378
-0.23495
0.084297
0.17928
-0.13576
-0.025105
0.037384
-0.070529
0.2371
-0.029085
-0.070824
-0.045297
0.03342
0.47478
0.35287
-0.25138
0.28141
0.18929
-0.0086948
0.48701
0.077726
0.13858
-0.046644
-0.17812
0.0097667
0.010611
0.16953
0.032331
0.1189
0.54956
0.089115
0.087969
0.18276
0.17375
-0.32893
0.081373
-0.037227
-0.085927
-0.21096
0.18129
0.23107
0.17454
-0.25803
0.05287
0.017234
0.16887
0.003441
0.40646
0.37868
0.61118
0.43893
0.13119
0.21047
0.19729
0.25005
0.22198
0.3431
0.43364
0.42122
0.070534
0.14391
0.021631
0.25306
-0.037891
-0.077719
-0.041084
-0.047038
-0.58953
0.10372
0.1928
-0.14583
0.02213
-0.065337
0.21172
0.10575
-0.035445
0.15413
0.10191
-0.079967
-0.10358
-0.17584
-0.31615
0.35064
-0.10189
0.15047
0.082933
-0.54431
-0.078037
-0.39571
0.45036
-0.060593
0.092773
0.07622
0.09329
-0.10261
-0.0035838
0.2872
-0.1678
-0.089147
-0.027041
0.13615
-0.039674
0.25789
0.26935
0.29989
0.14434
-0.46588
0.54609
0.32179
0.29008
0.31812
-0.020339
-0.23182
0.083919
0.043413
0.29816
0.35166
0.65864
0.40685
-0.050118
0.28135
-0.13537
-0.14697
-0.10177
0.27624
0.2251
0.19819
0.052062
-0.36739
-0.075439
0.10452
0.24156
0.16792
-0.29772
-0.080348
0.26367
-0.060972
-0.020369
-0.43148
-0.085057
-0.21735
0.098841
0.34984
-0.37705
-0.47116
0.31841
-0.12702
-0.053502
-0.039727
-0.041951
0.44134
-0.033565
-0.087212
-0.32439
-0.019616
-0.031331
0.087801
0.13773
0.14913
-0.29807
-0.10683
-0.51646
0.010333
0.18663
0.16348
-0.21037
-0.26801
-0.074967
0.26564
-0.47154
0.42523
0.031121
-0.0066687
0.11919
-0.40426
-0.36194
-0.069044
-0.27397
-0.00019186
0.23717
-0.15867
0.18985
0.16026
-0.10452
-0.10586
0.37909
-0.071573
-0.19641
-0.031838
0.5305
0.30954
0.30641
-0.06506
0.22902
0.24885
0.44624
0.63771
0.48493
0.54068
0.38356
0.88119
0.35149
0.32693
0.48366
0.20841
0.2892
0.040566
-0.0799
0.097803
-0.092114
0.11852
0.043209
0.056972
-0.086339
0.19094
0.23375
0.43289
0.55906
0.11163
0.37578
0.50194
-0.099725
0.1355
-0.3504
0.29711
0.45857
0.25739
0.097871
0.12968
0.18339
0.33656
0.098555
0.11272
0.090984
0.32234
0.27509
0.20534
0.16345
0.077759
0.074277
0.075853
-0.041184
-0.10905
0.46366
0.6032
0.62297
0.58387
-0.05528
0.64557
0.59057
0.41966
0.085828
0.47311
0.34393
0.17549
0.38803
0.56728
0.30387
0.31168
-0.10877
-0.084297
-0.1415
0.017623
0.22309
-0.089745
-0.1284
0.090438
0.0048498
0.32147
0.48661
-0.34115
-0.30113
0.081703
-0.051569
0.051089
-0.06038
-0.23297
-0.11193
0.12577
-0.42971
-0.41621
-0.44211
0.16302
-0.53181
-0.19626
-0.48329
-0.070365
-0.066803
0.079924
0.0084621
0.17325
-0.10902
-0.37541
0.12905
-0.18758
-0.16637
-0.13842
-0.015079
-0.15352
-0.43287
-0.16521
-0.021743
-0.12094
-0.22621
0.078109
-0.10084
-0.2724
-0.34516
0.25802
-0.45412
0.32849
-0.086472
-0.041502
0.089824
0.30521
-0.27807
-0.17958
0.14364
-0.024489
0.25645
0.24591
0.041666
0.016501
-0.12811
0.062164
0.0079153
-0.05167
-0.11174
-0.30594
-0.29239
0.038631
0.12902
-0.24397
-0.0017697
0.13126
0.16143
0.18351
0.23679
0.29939
0.017585
0.4569
0.29896
-0.086513
-0.051631
0.2226
0.27104
-0.016939
-0.0036337
0.034191
-0.091522
-0.035179
0.024548
-0.14312
0.14241
-0.27459
-0.49449
0.058567
-0.042154
-0.25288
-0.10733
-0.010115
-0.046588
-0.056857
0.080137
0.059928
0.083488
-0.29806
-0.17426
-0.2885
-0.088744
-0.079345
-0.79574
-0.28254
-0.15691
-0.087371
-0.33422
-0.14058
0.024409
-0.36771
-0.16534
0.069136
0.079803
-0.045108
0.060834
0.025044
-0.072555
-0.11095
-0.049025
0.13467
0.11521
0.37924
-0.2173
-0.087931
0.021918
-0.10402
-0.2681
-0.00030475
-0.074716
0.0020172
0.1098
0.15934
0.29479
0.038967
0.25921
0.19986
0.019076
-0.33407
-0.10033
0.25417
-0.025683
0.086071
-0.084148
0.16955
0.28041
0.51532
0.14696
0.13673
0.078054
0.31494
-0.0066605
0.21582
0.088505
0.19687
-0.085493
-0.045783
0.0063093
0.054535
0.18061
0.25015
0.030216
0.27125
0.030687
0.1019
-0.10357
0.41438
0.26351
0.10811
0.44419
-0.038275
0.027771
0.1637
0.15566
-0.090129
-0.10492
-0.39395
0.051262
-0.035882
-0.29011
0.072977
-0.16496
-0.40162
-0.023013
-0.32317
-0.17388
-0.0073737
-0.45558
-0.28341
0.064683
-0.11379
0.045068
0.01851
0.21011
0.209
0.19708
0.21162
0.20485
0.35046
0.36583
-0.30955
-0.24138
0.020006
0.30103
-0.0083668
-0.15385
0.40444
0.13518
0.058703
-0.12068
0.049237
-0.24699
-0.10445
-0.28603
0.20607
-0.3945
0.33026
-0.44827
0.10132
-0.16514
-0.31717
0.099661
0.15331
-0.11021
-0.037181
-0.22655
0.28502
0.38126
0.28154
0.16496
-0.017712
0.35313
0.23043
-0.063676
-0.29947
0.15166
0.20072
0.21225
0.15372
0.085029
0.083722
-0.40857
-0.028386
-0.30168
-0.44356
-0.31016
-0.15215
0.16194
0.20182
0.082643
0.030431
-0.35926
0.089361
0.17993
0.60565
0.43946
0.43355
-0.17621
0.51482
0.34137
-0.16423
-0.5476
-0.20936
0.19247
0.44059
0.61974
0.019391
0.056732
1.7711e-005
0.49975
0.59532
0.58509
0.11314
-0.048523
0.36022
-0.072352
0.0359
0.158
0.06787
0.2932
-0.39379
-0.4324
0.52433
0.44118
0.29901
0.054362
0.21311
0.53509
0.32144
-0.13274
0.47998
0.0468
0.059889
-0.1038
-0.45473
0.083609
0.092128
-0.51998
-0.086237
-0.17578
-0.16453
-0.24149
0.076866
0.054077
0.2905
0.049026
0.29537
-0.03273
-0.12096
-0.20627
-0.38248
0.11674
0.19882
-0.054088
-0.0038832
-0.34596
-0.15715
-0.089608
0.32101
0.55789
0.023321
0.59963
-0.019278
0.31959
0.044093
0.27111
-0.014763
0.31362
-0.089056
-0.28614
-0.0091713
0.30001
-0.10586
-0.026226
0.083427
0.14699
0.33197
0.10332
0.10312
0.26886
0.24177
-0.075353
0.30938
-0.022119
-0.34841
-0.28094
-0.16466
-0.31091
-0.28183
0.084742
-0.15299
-0.22827
-0.24091
-0.10093
-0.50641
-0.21744
-0.34361
0.096029
0.57427
0.049572
0.16261
0.36555
0.26677
0.48472
0.28462
0.20792
-0.33418
-0.32756
0.0024196
-0.25205
-0.16352
0.15483
0.17737
-0.053007
-0.19916
-0.17761
0.13753
-0.39804
-0.34666
-0.32365
0.18673
0.018674
-0.16273
0.16241
0.30148
-0.0015264
-0.17145
-0.013209
0.23037
0.084307
0.24114
0.064858
-0.072229
0.13349
0.69929
0.41309
-0.12153
0.26947
0.49177
0.21513
0.21408
0.376
-0.050779
-0.29208
0.29747
0.24795
0.17367
0.093763
0.41635
-0.051557
0.084879
-0.23055
-0.0014848
0.11014
-0.045807
-0.13904
0.27356
-0.2678
0.18783
0.40714
0.20652
0.04219
0.10703
-0.22456
0.079353
0.098352
-0.013243
0.059176
0.16931
-0.47491
-0.1404
0.20189
0.060873
0.10941
-0.063136
-0.084965
-0.022292
0.27859
0.31255
0.084463
-0.051647
0.14971
0.47646
0.0022339
-0.036548
0.10138
-0.044873
-0.11082
-0.50517
-0.16213
0.079777
-0.20138
-0.039789
-0.021531
0.060503
0.21511
0.19163
0.39294
0.25467
0.035152
0.23581
0.016799
-0.01078
-0.10786
0.22629
0.018597
0.31936
0.11349
0.23253
-0.25996
-0.24943
-0.014887
0.39309
-0.041225
-0.041971
0.032731
0.074479
-0.24245
-0.15037
-0.40613
-0.42285
0.057138
-0.099255
-0.20398
0.14456
-0.060989
-0.3137
-0.67143
-0.62102
-0.040416
-0.11843
0.010944
-0.16711
-0.29408
0.022115
0.02503
-0.11556
-0.44552
-0.046965
-0.20287
-0.21385
-0.026764
0.27142
-0.013187
-0.37606
-0.1945
-0.30967
-0.2577
-0.25698
0.017127
0.16892
0.13618
-0.20259
-0.22162
-0.18053
0.11193
-0.16326
0.13233
0.24343
0.2124
-0.014668
0.46706
-0.053448
-0.057898
0.34917
0.52832
0.46489
-0.14282
0.21133
0.43799
0.042012
0.079155
0.041079
0.54709
0.55598
0.28272
0.0096095
0.52718
-0.11859
0.33703
0.089821
0.29057
0.6157
0.033782
0.19666
-0.17819
-0.14394
-0.24094
-0.29408
-0.13394
-0.2829
0.15692
0.056357
-0.084739
0.032047
-0.35352
0.23418
1.4102e-006
0.21486
-0.26376
-0.12187
0.22358
-0.0042857
0.11706
0.09432
-0.39318
-0.042878
0.10331
0.24156
0.26145
0.20612
0.31701
-0.13404
-0.31383
0.16561
-0.31031
0.096005
-0.1444
-0.19759
1.9336e-005
0.033775
0.13029
-0.30477
-0.23277
-0.18026
-0.060385
0.0026242
-0.27882
-0.34662
0.20445
-0.26602
0.040704
-0.1878
0.14116
0.11926
-0.049031
-0.10773
-0.17355
0.34004
-0.32137
-0.23801
-0.096158
-0.1761
-0.021599
-0.15205
-0.22563
-0.079337
0.11564
-0.1696
-0.11106
-0.41142
0.0050245
0.098417
0.095924
-0.06377
0.068966
0.14659
0.0067947
-0.074587
0.33554
0.20984
-0.12649
0.27896
0.045939
-0.22161
0.10534
0.026085
0.10832
0.16434
0.21699
0.29091
0.63978
-0.19985
0.060516
-0.1171
0.41442
0.2086
0.28466
0.18698
0.16972
0.17708
0.1296
0.084615
-0.26192
-0.29896
-0.24208
-0.21698
-0.036622
-0.19241
0.0043726
-0.029891
-0.25698
-0.14389
0.27761
0.12445
-0.13451
-0.41764
-0.37497
-0.089216
-0.22105
-0.70946
-0.3403
-0.30213
0.013712
-0.2634
-0.46769
-0.057283
-0.52362
0.10238
-0.04531
0.08923
-0.061497
0.095303
0.27881
-0.076376
-0.19015
0.0481
0.10784
-0.40683
-0.48469
-0.11665
-0.064678
-0.35449
-0.29799
-0.18164
0.022382
-0.046702
0.22403
-0.14721
-0.080338
0.091368
0.37492
0.016414
-0.13662
0.1352
-0.16749
-0.1271
0.62182
0.51001
0.37332
0.060565
0.15618
-0.013854
-0.095273
-0.096064
0.067217
0.17644
0.042088
0.025875
0.20246
-0.012181
-0.12678
0.068198
-0.50638
-0.30809
-0.26891
-0.37053
-0.34722
-0.23844
0.15654
0.090468
-0.079143
0.09718
0.39375
0.26386
0.3701
0.18028
0.55976
-0.13609
0.0040351
-0.14137
0.34257
0.13173
0.30805
0.3153
-0.24128
-0.2834
0.26503
0.39398
0.3561
-0.12992
0.0083022
-0.46201
0.099766
0.55993
-0.055638
0.12145
-0.071244
0.2476
-0.16995
-0.15903
0.067523
-0.46536
0.031206
-0.036624
-0.093857
-0.13948
0.32307
-0.0013271
0.24582
0.18654
0.074029
-0.19935
-0.19321
-0.12421
0.068348
0.11056
-0.11418
0.62405
0.29411
-0.10847
0.02142
0.068602
0.29711
0.15977
0.11871
0.14476
-0.00099178
0.0092827
0.088924
0.15412
0.45709
0.25241
-0.099646
0.082391
0.30806
0.04826
-0.15279
0.19906
0.26497
0.026173
0.2716
0.35603
0.35308
-0.11212
0.51294
0.16017
0.10556
-0.16228
0.43436
0.29476
-0.081843
-0.16526
0.10739
0.36988
0.089707
-0.20358
-0.24018
0.022044
0.15113
0.089168
-0.067967
0.1482
0.43535
-0.018571
0.051251
-0.00081126
0.23545
-0.26236
-0.41756
-0.3693
-0.38888
-0.46237
-0.23271
-0.17726
0.086864
-0.05359
-0.51749
-0.21228
-0.22046
-0.34692
-0.17912
-0.25937
0.044763
0.27188
-0.18921
0.2202
0.18129
-0.02187
0.16726
0.32786
0.070788
0.10083
0.10981
0.11128
-0.0033216
0.19742
0.12524
-0.18626
0.063719
-0.027663
-0.28477
-0.2037
0.030271
-0.15079
-0.046439
-0.13456
-0.22931
-0.40557
0.25288
-0.19043
0.34372
0.056583
0.24265
-0.20016
-0.1097
0.058067
0.0056723
0.023277
0.07533
-0.05906
0.18126
0.16301
0.35556
0.23425
0.37815
0.17514
0.43955
0.21427
0.14159
0.19493
0.021259
-0.095188
0.27342
-0.11595
-0.47505
0.29554
-0.13915
0.055939
-0.32448
0.037344
-0.068733
-0.11885
0.18065
-0.0373
0.075478
0.15816
-0.38466
0.053432
-0.15253
-0.22361
0.070538
0.15064
0.32238
-0.062248
0.062067
0.030412
0.41932
-0.082333
-0.43819
-0.13836
-0.070636
0.30203
0.016521
0.29632
0.58394
0.029395
-0.099316
-0.43648
0.050589
0.16858
-0.27348
-0.50873
-0.10344
-0.31755
-0.4897
-0.3876
-0.088656
-0.22518
-0.17698
-0.27575
-0.35663
0.065078
-0.47129
0.21291
-0.044394
-0.21454
-0.22434
-0.40406
-0.29301
-0.1041
0.031305
0.026122
-0.31924
-0.25865
0.052021
0.21342
0.029195
0.19896
0.31586
0.54838
0.31877
0.38682
0.1388
0.51831
0.44191
0.58358
0.38077
0.40066
0.46452
0.47601
0.32905
0.29626
-0.032168
0.4063
0.066369
-0.14578
-0.23807
0.023143
0.34035
0.063829
0.051599
-0.11392
0.36755
0.042079
0.10952
-0.17298
0.10946
0.14857
-0.17451
-0.17796
0.11938
-0.23241
-0.11287
-0.32236
0.46116
0.26975
0.36333
0.36067
0.0046068
0.42305
0.13639
0.24859
0.10566
0.30315
0.38434
0.0078631
0.29565
0.45371
0.25537
0.40539
0.68469
0.043311
0.60329
0.2983
0.087922
0.46735
-0.038515
0.37312
0.19732
0.32304
0.34771
-0.036593
0.0052451
0.34947
0.073145
0.0058393
0.22254
0.28983
0.32063
0.23737
0.24236
-0.077714
0.0077445
0.18582
0.24761
-0.026767
0.38336
0.083425
0.043576
0.0065818
0.20329
-0.034527
0.065437
-0.25744
-0.0072036
0.2868
0.24933
0.11449
0.22505
-0.39491
-0.31171
-0.17888
-0.4397
-0.11521
0.32173
0.22778
0.20246
0.15019
0.63228
0.3795
0.32002
-0.071664
0.32159
-0.27394
-0.054971
-0.41023
-0.078996
-0.34809
-0.39079
-0.45304
-0.26864
0.045623
-0.011352
-0.17575
-0.1311
-0.30568
0.088119
0.33488
-0.040422
0.15792
0.093157
-0.057719
-0.12428
0.23257
0.74384
-0.017698
0.26841
-0.0072626
0.69903
0.33276
0.095409
0.40193
0.45821
0.060051
0.069658
0.37406
0.20488
-0.096929
-0.19386
0.15012
-0.10884
0.042235
0.015812
0.033743
-0.10409
0.25534
0.34905
0.10926
-0.072475
-0.069226
-0.21659
-0.15727
-0.11764
0.31256
-0.010055
0.11412
0.36776
0.39851
-0.027379
0.036216
-0.25685
-0.20769
0.013464
-0.073019
0.011911
0.31241
-0.18769
-0.44324
-0.24488
0.32268
0.12642
-0.24475
-0.40559
-0.51969
0.076796
-0.19599
-0.36757
-0.43662
-0.24307
-0.42576
-0.3918
-0.45017
-0.16956
-0.00014777
0.16936
-0.13109
0.18035
0.14282
-0.20588
-0.11462
0.0040005
-0.37445
0.10406
0.45232
0.018916
-0.044163
0.13907
0.12723
-0.015436
-0.003077
0.030023
0.036648
-0.30917
-0.26386
0.11757
-0.22732
-0.037284
0.23612
0.00087227
-0.39514
-0.21232
-0.0998
-0.33762
-0.010498
-0.096414
-0.074312
0.11966
-0.053603
-0.13965
-0.19926
-0.002416
-0.16274
-0.2932
0.012688
0.36559
0.25069
-0.075538
-0.56314
-0.12734
0.16879
0.099091
0.17146
0.18971
0.00081595
0.24071
-0.0093331
0.17599
-0.10716
-0.098322
-0.029108
-0.044654
0.10963
-0.051734
0.061339
0.26082
0.06904
0.084781
-0.29854
0.24501
0.044252
-0.24217
-0.10368
0.19135
0.38555
0.079912
0.081071
0.047623
-0.22848
0.16318
0.51715
-0.15777
0.10411
-0.17806
-0.20002
-0.0048294
-0.025047
0.070731
-0.21093
-0.058509
0.080508
-0.34063
-0.23098
-0.1435
-0.22082
-0.22887
-0.21383
0.014294
-0.091675
-0.14419
-0.16502
-0.080547
0.12713
0.15363
-0.15242
-0.24666
-0.16031
-0.4103
-0.2755
-0.42762
-0.15963
0.079084
0.029552
-0.098474
-0.03114
-0.00035255
0.27613
0.40977
0.34511
0.42806
0.0044973
-0.046732
0.18461
0.51604
0.39171
-0.12013
-0.14781
0.18138
0.12249
0.25217
-0.16435
0.13489
0.4921
0.35474
0.40104
0.43978
0.52416
0.59731
0.3726
0.098909
0.12584
0.30689
0.64676
0.12164
0.34926
-0.11717
0.026028
-0.11237
0.054808
0.071897
0.31715
0.41998
0.46359
0.30924
0.23275
-0.15488
0.090408
0.25412
0.19427
0.10042
0.1435
0.14666
0.20892
0.30185
0.02266
0.11547
0.4206
-0.042323
-0.15712
0.29675
0.22861
0.39138
-0.041905
0.060699
0.24772
0.15816
0.058114
-0.095176
-0.21497
0.15205
0.18797
0.499
0.40537
0.22491
0.15957
0.40058
0.23048
0.33903
-0.18508
0.38266
-0.11304
0.27023
0.19163
-0.1561
-0.026073
0.28311
0.39461
0.48132
-0.138
0.060245
-0.0065031
-0.047095
0.1601
-0.022658
-0.0072749
0.16329
-0.082691
-0.12687
0.13739
-0.19423
0.11931
0.24646
0.15956
-0.13513
-0.068725
0.18327
-0.20056
-0.12598
-0.48193
-0.59349
-0.19523
-0.3426
0.062091
0.010193
0.56815
0.30476
-0.12523
0.070805
-0.086085
-0.063187
0.20865
0.021502
0.12839
0.14492
0.21993
0.32558
0.30421
0.35114
0.078865
0.20287
0.10368
-0.03467
0.40098
-0.2192
0.20587
0.57033
-0.2322
0.11282
0.21642
-0.023429
0.36951
0.14119
-0.049799
0.071102
-0.23951
-0.099163
-0.3785
-0.098838
0.13955
-0.17883
-0.19758
-0.36893
-0.04557
-0.29936
-0.43895
-0.4109
0.23129
0.16065
0.2364
-0.15455
-0.046654
0.22379
-0.12455
0.23141
-0.034056
0.12645
-0.049752
0.41096
0.17879
-0.075593
-0.1232
-0.22293
-0.055504
0.021931
0.47716
0.18863
0.20227
0.040494
-0.24938
-0.026025
-0.034597
-0.18612
-0.34438
-0.51443
-0.39876
-0.14397
-0.29916
-0.17902
0.014693
0.08375
0.33537
0.098413
-0.21195
0.13619
-0.069688
0.054989
0.028805
-0.26885
0.096676
0.0018606
-0.18735
0.30674
0.20376
0.20131
-0.095543
0.2907
0.26302
-0.3544
0.047989
0.14015
0.3651
0.40622
0.21412
0.25038
0.29723
0.29285
-0.027309
0.24845
0.39014
0.15009
0.026888
-0.12854
-0.26466
-0.4872
-0.28963
-0.016843
0.040285
-0.10382
0.086825
-0.16971
0.31815
0.063119
0.35491
0.213
0.38778
-0.15911
-0.16397
0.10901
0.11108
0.29732
0.11669
0.2826
0.1786
0.1885
-0.35949
0.05073
-0.36213
-0.098743
-0.050148
0.21586
-0.099567
0.22348
-0.18471
-0.060967
-0.022637
0.069847
0.2705
-0.061579
0.15728
0.33762
-0.019237
-0.22729
-0.065977
0.057716
0.17876
0.10296
0.12763
-0.13137
0.1755
-0.45844
-0.21461
-0.08728
0.37319
0.0015658
-0.22173
0.23722
0.54541
0.36273
0.12579
0.060596
-0.15352
0.040721
0.097457
-0.024932
0.0066861
0.13755
0.12953
0.21754
0.16898
0.20215
0.16858
0.55258
0.16218
-0.11699
0.17351
-0.00021141
-0.23606
0.19768
0.55632
0.47878
0.15278
-0.23162
0.01888
-0.53209
-0.16404
-0.058326
-0.0090668
-0.30642
0.12987
0.17081
-0.12805
-0.25155
-0.27643
-0.051756
-0.067892
-0.099902
0.15915
-0.14797
0.22813
0.11932
0.085114
-0.10614
-0.47922
-0.25974
-0.11224
-0.34086
-0.1548
-0.091783
-0.28055
-0.28831
-0.31582
0.019899
-0.24587
0.2303
0.2376
-0.18897
0.17265
0.14017
0.20924
0.056032
0.12933
-0.07243
0.26144
0.32411
-0.070122
-0.16384
-0.38921
-0.16112
0.22413
0.18216
0.15714
0.041756
0.064861
0.0032154
0.026498
0.11764
0.13045
0.18927
0.22399
0.29031
0.36525
0.16482
-0.10801
0.17678
0.30339
0.021898
0.16446
-0.067124
-0.30673
-0.054051
0.051223
0.029068
0.21808
0.66839
0.9522
0.25267
0.063167
0.14738
-0.16751
0.17899
0.0019372
0.26482
0.04724
0.091865
-0.0086567
0.24517
-0.13579
-0.21826
-0.033043
0.063317
0.0095932
-0.2224
-0.51331
-0.11287
0.28899
-0.013119
-0.3829
-0.14254
0.19133
0.031217
0.0155
0.017214
-0.028005
-0.10683
-0.0080465
0.22132
0.088826
0.43441
0.14208
0.012951
0.21028
0.32217
-0.064061
0.32126
0.24167
0.40256
0.30485
0.66208
0.14837
-0.063058
0.32741
-0.093357
-0.096656
-0.042619
0.0053084
0.25412
0.57594
-0.16508
-0.29609
-0.18359
0.54007
0.26833
0.25856
0.64449
0.11241
-0.13657
-0.04117
0.019419
0.14752
-0.30027
0.024672
0.34676
-0.046216
-0.071438
0.12001
-0.14668
0.076348
0.0059758
-0.17435
-0.0018969
-0.32198
-0.12378
-0.0056242
0.32871
0.044449
0.12007
-0.037865
0.22654
0.2038
0.23877
0.14259
-0.27363
0.11386
0.33933
0.024812
0.22169
0.20057
0.15232
0.0426
0.29639
0.019803
-0.22918
-0.087412
-0.3485
-0.16113
0.011672
-0.12253
-0.37024
-0.31311
-0.3129
0.17631
-0.057063
0.092981
-0.25454
-0.15588
0.34201
-0.075211
-0.31651
-0.14832
0.087306
0.15258
0.063469
0.32417
0.70669
0.27364
0.24329
0.20208
0.08213
0.1269
0.78127
0.29006
0.16625
0.12708
0.10738
-0.15482
-0.52407
0.17507
-0.077999
0.19296
-0.14723
0.08977
-0.22326
-0.11426
-0.22309
-0.0084332
-0.3227
-0.57814
-0.6871
-0.58104
-0.49301
-0.35511
-0.26565
-0.17957
-0.15533
0.16825
0.17709
0.10395
-0.60868
-0.098072
0.14317
0.065186
-0.046144
-0.13069
0.39535
-0.12113
0.1799
-0.12446
0.13865
0.033832
0.024717
0.29657
-0.11268
0.082394
0.14799
0.33691
-0.047211
-0.10972
0.53752
0.10644
-0.29243
0.2484
0.021278
-0.049356
-0.085053
0.40184
0.48883
0.46821
0.16043
-0.23737
-0.26409
-0.009553
0.12825
-0.070307
0.16168
0.26075
0.00014029
-0.11581
-0.015159
-0.11469
-0.4631
-0.46229
0.41069
-0.20786
0.096821
-0.30262
-0.035067
-0.18172
-0.45574
-0.024195
0.098232
-0.1359
0.16816
0.38393
0.016786
-0.048569
-0.016476
0.030266
-0.05424
0.14102
-0.015498
0.53816
0.12007
0.12977
-0.037887
0.26095
0.41725
-0.41598
0.031321
0.032712
-0.074975
-0.29718
-0.068002
-0.098785
0.12179
-0.020912
0.34159
0.23319
-0.14168
-0.14575
0.31413
0.22821
0.048193
0.16027
0.20836
0.31051
-0.072622
0.20673
0.07917
0.19084
-0.12041
0.38365
0.21063
0.58741
0.25986
0.36919
0.2098
-0.14418
-0.43254
0.063543
0.22526
-0.27996
-0.15548
0.04515
0.073252
0.22757
0.24167
0.24382
0.20698
-0.58553
0.43524
0.04003
-0.069897
0.21318
-0.070878
-0.028021
-0.051241
-0.045108
0.14444
0.10598
-0.12624
-0.27292
-0.20937
0.029203
0.1437
0.11846
-0.10253
-0.49265
-0.34085
-0.12021
0.57252
0.08512
0.1292
0.18373
0.27038
0.046324
0.20245
-0.037694
-0.092813
-0.4684
0.2781
0.28082
0.38845
0.31122
0.16317
0.56134
0.34825
0.24729
0.14107
0.3212
0.44513
0.11847
0.12098
-0.024332
0.13362
0.41479
0.10242
-0.1679
0.41388
0.47342
0.21044
0.12905
-0.051245
0.27726
0.34062
0.11764
0.11928
0.061639
0.00080399
-0.20998
0.011235
0.51602
0.47879
0.35405
0.13415
0.22806
0.38702
0.036912
0.55759
0.25844
0.39479
0.32382
0.19288
0.099128
0.15985
-0.12918
0.16397
-0.031704
0.53932
0.042779
0.31579
0.11449
0.05921
0.10447
0.39298
0.21547
0.45235
0.17559
0.24366
0.30626
0.34687
0.050278
-0.11068
-0.090723
0.016375
0.25654
0.40477
0.77936
0.3491
0.11249
0.54944
0.23682
0.57017
0.34507
0.78891
0.33835
-0.082516
-0.11229
-0.050088
0.16827
0.1528
0.13553
-0.061216
-0.10814
-0.28908
-0.07914
-0.17803
-0.025982
-0.11534
-0.24022
-0.093344
0.4007
0.17518
0.62025
0.12246
0.21734
0.22546
0.099871
-0.37072
-0.29002
-0.030174
-0.49774
-0.37897
0.16906
0.38538
0.21666
0.31799
-0.064413
0.088072
-0.011953
-0.29401
-0.089633
-0.10307
-0.02435
-0.029672
0.089306
0.083574
-0.10537
0.35171
0.065867
-0.046685
-0.2946
0.40977
0.4013
0.45983
0.046052
-0.25575
0.027615
0.21704
0.15465
0.28377
0.30264
0.13535
0.26704
0.096385
0.41627
0.10624
-0.28171
-0.59878
-0.22244
-0.2627
-0.004053
0.39476
0.49109
0.062969
0.36233
0.24715
-0.15986
0.21365
-0.24916
-0.31075
0.22945
-0.10243
0.22745
0.19891
-0.13327
0.20194
-0.030399
0.45966
0.61536
0.052315
0.48853
0.066138
-0.099118
-0.21325
-0.033506
-0.15117
-0.42863
-0.48249
0.010526
-0.012188
-0.09
-0.21072
0.10751
0.13118
0.47406
0.44514
0.058006
0.17103
0.36433
0.27944
0.09906
0.026369
0.28739
0.19559
0.055181
-0.054966
0.28093
0.13638
0.23089
-0.34316
0.23841
0.11608
-0.047747
0.27635
-0.063979
0.22341
0.18254
0.62875
0.31516
0.17105
0.37029
-0.12382
0.22832
-0.14025
0.33864
0.22123
-0.075597
-0.059414
0.45737
0.071312
-0.14509
-0.071574
-0.16855
0.14393
0.41368
0.14825
-0.0016785
0.030706
0.072178
0.0011572
0.0086813
0.2271
0.076867
0.012732
0.23163
0.21134
0.31901
0.089667
0.020968
0.036367
0.36055
0.22794
0.42899
0.32767
0.23846
0.46365
-0.03124
0.20047
0.26137
-0.058586
-0.69731
-0.40135
-0.12987
0.2543
0.45759
-0.076501
0.068744
-0.12798
0.39205
0.25124
0.47692
0.28527
0.47004
0.2223
0.387
0.37354
0.31899
0.55556
0.23753
0.15733
0.1798
0.10537
0.30507
0.3354
-0.14578
0.24009
0.35625
0.1726
0.12378
0.24434
-0.1782
-0.0024521
0.0090088
0.11081
-0.096138
0.053272
0.42744
0.56896
0.08328
0.17545
0.19028
0.1004
0.28985
-0.072511
0.25304
0.28127
-0.070824
-0.028024
-0.0098617
0.41158
0.26772
0.10109
0.12182
0.10763
0.37181
0.55073
0.22197
0.21928
0.33183
-0.033786
-0.1238
0.087717
0.28114
0.45188
0.3036
-0.12682
0.085992
-0.080473
-0.60283
-0.0050779
-0.091901
0.0063922
0.1891
0.18221
0.14958
0.14197
0.15078
-0.099201
0.20855
-0.074215
-0.33056
0.028826
-0.15686
-0.04557
-0.090562
-0.046335
-0.13478
0.088828
0.17267
0.084669
0.31403
0.34122
0.033299
-0.023541
-0.17401
-0.032985
-0.10319
0.057103
-0.12044
0.040985
0.10904
0.45294
0.27082
0.16863
0.1864
0.051696
-0.030558
-0.029629
0.17644
0.14743
-0.19103
-0.067949
0.13604
0.14032
0.13699
-0.010652
-0.13481
0.2014
0.23086
-0.0077369
0.30799
0.13502
-0.15559
0.021162
0.19681
0.30304
0.072754
-0.0053436
0.24283
-0.049084
0.21393
0.06251
0.23236
0.017446
0.026673
0.10522
-0.013767
-0.13924
-0.18064
-0.099521
0.35841
0.43472
-0.12279
0.11168
-0.11209
-0.0062742
0.2271
0.046358
0.66995
-0.15389
0.069463
0.38633
0.2593
0.044216
-0.18142
-0.1089
0.20146
-0.089711
0.068245
-0.081033
-0.113
0.20747
0.48528
0.087367
0.060623
-0.014523
0.05204
0.31832
0.20332
-0.028722
-0.095524
-0.14255
0.31668
0.12248
0.096171
0.097506
0.34309
0.4328
0.3621
0.42936
0.26621
0.16743
-0.21994
0.14307
0.16144
-0.024473
0.026356
0.44749
-0.035525
-0.40204
0.010422
0.49541
0.30533
0.38221
-0.15774
0.1157
0.2593
0.19977
-0.1039
0.35703
0.13467
0.022808
0.31441
0.24717
0.098929
0.14076
0.37635
0.30727
0.2979
0.27776
0.4128
0.11121
0.038831
-0.11965
-0.24165
-0.091525
0.3319
0.01955
-0.026056
0.37019
0.073424
0.23549
0.36354
-0.12798
0.5302
0.25144
0.31573
0.31831
-0.34124
0.074237
0.31578
0.15717
-0.228
-0.20341
0.40801
0.44134
0.015675
-0.051432
0.042979
-0.012331
0.033548
0.13232
-0.2191
0.20147
0.27388
0.034629
0.2417
0.21974
0.25144
0.062088
0.41366
0.33029
0.036751
0.0077735
0.023574
0.038869
0.2273
0.33973
0.017018
0.4566
0.17669
0.090364
-0.081668
-0.603
-0.50912
-0.35894
-0.30502
-0.60009
-0.32273
-0.41804
-0.36397
-0.2774
0.1323
-0.15275
-0.24122
-0.0016268
-0.26259
0.18285
0.060591
0.14747
-0.10747
-0.48105
0.11586
0.068339
0.044491
-0.35401
-0.024371
-0.235
-0.066082
0.29285
0.13882
0.056689
0.23507
0.15289
-0.028707
0.35779
0.14898
-0.014975
0.33693
0.056481
-0.37401
0.0024036
0.30964
0.19379
0.15222
0.26463
0.07876
0.021654
0.0708
0.362
0.46807
0.29847
-0.06964
0.55284
0.17636
0.31369
0.50589
0.16055
0.44908
0.23172
0.59018
0.15477
-0.21766
0.40407
0.67683
-0.074666
0.039848
0.35496
0.0050498
0.55442
0.32803
0.23431
0.56077
0.27619
0.23509
0.71275
0.26878
0.20175
0.37261
0.37783
0.96117
0.37701
0.29503
0.57051
0.37039
0.34331
0.38779
0.35063
0.22566
0.10574
0.21595
0.083934
0.4212
0.43544
0.61857
0.42965
0.44486
0.53899
-0.17465
-0.034393
0.21739
0.70384
0.23623
0.15748
0.23873
0.34919
0.0048111
-0.13101
-0.34613
0.054193
0.23579
0.20089
-0.2308
0.0027334
0.20327
0.49422
0.23895
0.055902
-0.28776
0.33525
0.016487
0.85239
0.43061
0.55532
0.24997
0.29007
0.68681
0.54073
0.20098
0.14708
0.34291
0.01267
0.11702
-0.24575
-0.053893
0.06361
-0.20429
0.095771
0.23011
0.14634
0.36481
0.35922
0.62344
0.45807
0.28771
0.35903
0.44592
0.30911
-0.048025
0.22395
0.41051
0.62653
0.18341
-0.1285
0.189
0.37835
0.32503
0.20479
0.10593
-0.089488
-0.014417
0.66981
0.19336
0.25975
-0.20846
0.015117
0.43161
0.063298
0.56284
0.4347
0.094189
0.20445
0.078347
0.013337
0.0013348
0.1527
0.036854
0.18275
0.4846
-0.0096716
0.29231
0.52172
0.3684
0.46965
0.21877
0.090091
-0.13772
0.16113
-0.13369
0.33351
0.19826
0.52764
0.13795
0.01311
0.065485
-0.21086
0.18241
-0.16112
-0.046454
-0.14351
0.15729
0.33043
0.22886
0.52952
-0.09967
0.10971
0.047252
-0.0019333
0.23294
0.35613
0.10807
0.32947
0.28094
-0.012953
0.1461
0.38065
0.16375
-0.2895
0.069141
0.046474
0.28862
0.14359
0.12143
0.08994
-0.40133
0.23971
0.012697
0.43924
0.088126
0.49769
0.4566
0.039878
0.6809
0.4217
0.29559
0.084306
0.059939
0.016888
0.31527
0.0064285
0.15205
0.24511
-0.092232
0.21926
0.44202
0.28919
0.1877
0.12539
-0.32703
0.14849
0.45933
0.38115
0.29908
-0.062296
0.21664
0.40877
0.18745
-0.002365
0.11612
0.15553
-0.22988
0.053462
-0.10339
0.11743
0.11462
0.16731
-0.03933
0.62041
0.80876
0.78403
0.64563
0.34143
0.3363
0.14489
0.029559
-0.15629
0.27698
0.36205
0.48099
0.40893
0.31051
-0.1875
0.18884
0.1747
0.28052
0.24717
0.23101
0.12364
0.2209
0.26997
0.42822
0.0051105
0.54693
0.38037
0.096974
0.32591
0.25665
-0.37341
-0.029431
0.073561
0.20381
0.047951
0.20709
0.34815
0.19552
0.16851
0.10394
0.19291
0.11367
0.088576
-0.039179
0.30478
0.16546
0.36841
1.8341e-005
0.31487
0.24759
-0.041422
-0.030184
0.44729
0.4139
0.051159
0.072129
0.047863
0.19523
0.54328
0.20386
-0.11528
0.12731
0.18219
-0.083837
0.07396
0.20816
-0.094698
0.16085
0.26599
0.68754
0.12723
0.29401
0.29981
0.16547
0.052726
-0.17967
0.42854
0.32395
0.65339
0.35655
0.34774
0.23062
0.24627
0.29589
0.50785
0.18103
0.62352
0.04219
0.21413
0.12273
0.34546
0.21792
0.33139
-0.18624
-0.075409
0.10635
0.2244
0.20475
0.10854
0.1426
0.10736
0.080423
-0.16843
-0.03748
0.55809
0.57838
0.62391
0.46911
0.28426
0.41489
0.22719
0.36437
0.64504
0.41021
0.44359
0.68161
0.44336
0.3671
0.12898
-0.073591
0.17707
1
0.78685
0.22747
0.37782
-0.052822
0.18003
0.23227
-0.010241
0.59526
0.23018
0.19563
0.12674
-0.12646
-0.25694
-0.3616
-0.047299
0.2252
0.1684
0.032224
-0.18864
0.076028
0.17854
0.21877
-0.025319
0.16648
0.58393
0.33309
-0.017336
0.042364
0.28291
0.25997
0.3819
0.11549
-0.13085
0.33249
0.40041
0.23711
0.196
0.5599
0.5202
0.14456
0.50891
0.13638
0.0902
0.40534
0.42041
0.33558
0.37129
0.32728
0.001525
0.19083
0.40666
0.6537
-0.036173
-0.19949
0.14023
0.55312
0.25139
0.12492
0.3691
0.15374
0.087785
0.26858
0.11326
0.41392
0.31294
0.49741
0.21257
-0.13237
-0.028923
0.20386
0.41899
0.16405
0.30662
0.25488
0.11549
0.074013
-0.15634
0.14472
0.19716
-0.29229
-0.24378
-0.39695
-0.41592
-0.29941
-0.27203
-0.14016
0.097
-0.0039963
0.35457
-0.11917
-0.16207
0.23385
0.27181
-0.12739
0.26446
0.21841
0.029426
-0.10175
0.08131
0.073623
0.067248
0.28509
0.28119
0.23114
0.54335
0.51294
0.14242
0.1981
0.3443
0.24237
0.66103
0.39854
0.18267
0.23307
0.53673
0.056793
-0.10168
0.17431
0.421
0.32233
0.16816
0.082624
0.46018
0.20926
-0.0066951
0.40306
0.26956
-0.18496
-0.38395
0.098155
0.29903
0.37047
0.38134
0.26227
-0.28317
0.095786
0.17375
0.12488
0.60487
0.25053
0.11518
0.10185
0.064812
-0.066705
-0.15742
-0.44761
-0.28532
0.031844
0.55595
0.19808
0.11389
-0.23935
-0.17477
0.41578
0.10501
0.32364
-0.076762
-0.1616
0.073314
-0.015464
-0.057406
0.27238
-0.039916
-0.063617
0.016259
0.32023
0.43332
0.075796
0.041504
0.14829
0.2023
0.15024
-0.015807
-0.11744
0.021711
0.46273
-0.072632
0.52137
-0.085563
0.58438
-0.063129
0.17884
0.18696
0.29762
-0.012205
0.17625
0.28226
0.19639
0.035297
0.21641
0.20357
0.024407
0.31918
0.31588
0.16136
0.010064
0.1813
0.22983
0.25305
0.018856
-0.39455
-0.35744
-0.092137
-0.11535
0.12188
0.14404
0.078834
0.41121
0.32832
0.31878
-0.069246
0.24891
0.60863
0.081539
-0.050832
0.17567
0.59042
-0.013345
0.28037
0.33202
0.15846
0.23227
0.090056
-0.01016
-0.10662
0.16797
0.11666
0.11014
0.25231
-0.46741
0.22131
0.13075
-0.0839
-0.16524
0.24669
0.38196
0.39902
0.36065
0.091291
-0.17804
-0.22963
-0.12522
0.24573
-0.088895
0.059194
-0.20192
-0.10972
-0.052415
-0.12087
0.13517
-0.3489
-0.037402
0.2111
-0.028452
-0.29202
0.20522
-0.010821
0.0039977
-0.19014
-0.0062616
-0.29796
-0.054523
0.22058
0.21071
0.17399
0.067187
-0.47128
-0.23924
-0.31216
0.22513
-0.023245
-0.044982
-0.23972
0.33302
0.36283
-0.13429
-0.036239
0.21523
0.23441
0.38969
0.23299
0.15285
-0.063127
0.1773
0.013622
-0.12601
0.09521
-0.12923
-0.054734
0.49107
-0.34059
-0.080873
0.054853
0.05106
0.3428
0.087858
0.28191
-0.012498
-0.14277
-0.37357
0.023595
0.16436
0.24743
0.26947
0.17018
0.17958
-0.30278
-0.1827
0.062613
-0.6805
0.29273
0.15017
0.15092
-0.44201
-0.1485
-0.14128
-0.21796
-0.099471
0.049163
-0.33661
-0.20887
0.019243
-0.029918
-0.48809
0.065233
-0.32517
-0.39262
0.18188
0.23572
-0.017852
0.052735
0.067759
0.14862
0.17418
0.11534
0.13338
-0.045213
-0.20369
-0.14963
0.44395
0.60192
-0.031916
0.50898
0.17913
0.21827
0.34029
-0.030487
-0.17152
-0.058551
0.17733
0.03062
0.0019779
-0.21468
0.12867
-0.37555
-0.22862
0.034534
-0.1779
-0.20088
-0.06605
0.1521
-0.21057
-0.1136
-0.0030528
-0.19232
0.04788
-0.12995
0.047264
-0.039784
-0.084695
-0.15915
-0.027394
0.071354
0.31536
0.18565
0.46851
0.16565
0.37619
0.2159
-0.006195
0.19699
-0.050442
-0.49893
0.1844
-0.11574
0.15733
0.2945
-0.21104
0.014997
0.077238
-0.53579
0.047681
0.087248
-0.14691
0.27839
-0.36158
-0.1371
-0.12194
-0.18105
0.077728
0.27697
0.15145
-0.11462
-0.14338
-0.26319
-0.081558
0.054346
-0.41964
-0.48668
0.00030955
-0.04904
-0.066016
0.17972
0.2505
0.096617
0.10039
0.0082929
0.060037
0.30823
0.15195
0.055574
0.21209
0.51411
0.15295
0.429
0.43048
0.50202
0.29577
-0.0053514
0.021685
0.14277
0.34462
0.11373
-0.26086
0.31063
0.052744
0.31305
-0.15836
-0.08403
0.18664
0.10075
-0.20388
-0.299
0.20189
0.18322
0.16675
0.45288
0.25822
0.18872
-0.2637
0.4174
0.17182
0.35208
0.1561
0.53984
0.19674
-0.030471
-0.32049
0.25102
-0.29753
-0.21833
-0.12887
-0.12013
-0.20592
-0.15988
-0.031149
-0.45115
-0.24028
0.00056295
0.21416
0.20833
0.04199
0.044162
0.29527
0.22921
-0.0075592
0.081554
0.22017
0.20455
0.25363
-0.1308
0.081912
-0.10403
0.18877
0.24161
-0.085631
-0.022435
0.10056
0.34275
0.0066828
0.24982
0.03531
0.40306
0.10833
-0.031799
0.13834
0.14997
-0.1373
-0.28237
-0.014632
0.16687
0.14912
-0.0024007
0.073685
-0.21205
-0.14962
-0.046366
-0.035036
0.5415
0.17255
0.043102
0.29719
-0.091385
0.10836
0.2957
0.10031
0.00039371
0.19624
0.3393
-0.35328
0.078401
0.16379
0.33363
0.364
-0.34857
-0.059818
-0.078767
-0.10246
-0.41673
-0.13154
0.12965
-0.08725
0.34111
-0.16604
0.0522
-0.074025
0.11268
0.50264
0.26935
0.36121
0.09687
0.29375
0.13355
0.33648
-0.32386
0.14807
0.1902
-0.096096
-0.28163
-0.21397
0.11843
0.33189
0.41003
-0.068396
0.35708
0.067759
-0.10836
-0.2648
-0.062227
0.11098
-0.083416
0.59262
0.01599
0.22715
0.36079
0.37025
-0.033028
0.152
0.37773
-0.038216
-0.14961
0.4508
-0.026621
0.0067085
0.14583
-0.25998
-0.17362
0.07743
0.56072
0.0001583
0.31092
0.12791
-0.22471
-0.31265
0.17485
0.13893
-0.053736
-0.20397
-0.13548
0.13406
0.42592
0.15817
-0.093739
-0.034595
0.027966
-0.04007
-0.077894
-0.027336
0.068649
0.45986
0.050147
-0.023254
-0.00062985
-0.12104
0.18202
0.089761
-0.12353
0.45534
0.033578
-0.18827
-0.11281
-0.26067
-0.11967
-0.052533
-0.46372
-0.42658
0.2477
-0.063879
-0.17731
0.12316
-0.042987
-0.47207
-0.20376
0.35011
-0.049668
0.066356
0.30057
0.34399
0.0049302
0.050765
0.26113
0.1485
0.11392
0.12059
0.59488
-0.09108
0.35482
0.31524
-0.21969
0.052293
-0.2618
0.18301
-0.060951
0.35432
-0.10024
0.13844
0.35626
0.2248
0.58353
0.012003
0.036271
0.32219
0.1682
0.075587
0.29421
0.30632
-0.4443
-0.16999
-0.19222
-0.018468
-0.022967
0.077589
-0.13534
-0.30335
0.41714
0.25327
-0.11974
-0.0001457
-0.00092132
0.26685
0.15837
0.032253
0.36138
0.050634
0.23475
-0.16629
-0.14819
0.13188
-0.0067316
-0.56923
-0.055245
0.40897
0.16449
0.17061
0.058449
-0.26873
-0.19098
0.047485
0.22937
-0.17626
-0.15839
-0.080349
-0.26341
0.30707
0.10008
-0.28145
0.1317
0.07159
0.3709
-0.28147
-0.25581
0.30657
-0.0095835
0.11025
0.36592
0.29589
-0.023423
0.28237
0.51903
0.22048
0.019944
0.35128
-0.34504
-0.76666
-0.010484
0.19673
0.44117
0.28954
0.037567
0.13248
0.10119
0.24474
0.23056
0.21232
0.28543
0.10876
0.32696
0.17892
0.095466
0.43695
0.3943
0.60775
0.35627
0.27157
0.44827
0.31568
0.30063
-0.010643
0.15772
-0.21132
-0.21431
0.14819
0.3216
-0.023467
-0.064751
-0.055008
0.05594
0.015879
0.031856
-0.057552
0.11201
0.42245
0.081297
0.21417
0.035277
0.56747
0.028986
-0.21009
0.061131
0.28582
0.08786
0.28071
0.10451
-0.31098
-0.043367
-0.15781
0.21026
-0.041481
0.15266
0.28716
0.44105
0.3779
0.27296
0.32977
-0.10462
0.38325
0.28129
0.49498
0.50275
0.18109
-0.24184
0.19861
0.60739
0.31067
-0.096509
-0.16192
0.022086
0.058504
0.0072641
-0.38311
-0.22278
-0.146
-0.33294
0.34272
0.035652
0.16671
0.15533
0.54425
0.067539
0.22145
0.18572
-0.14977
-0.13882
-0.031493
0.34519
-0.062416
-0.18508
-0.0051316
-0.22926
0.2793
0.50495
0.13944
0.23659
0.33521
-0.015731
-0.24321
-0.041009
0.19458
0.17349
0.22738
0.37165
-0.30788
0.21579
-0.38595
0.22724
-0.066624
-0.11074
0.073749
-0.036253
0.1977
-0.0012226
-0.12241
0.10733
-0.069625
0.23071
0.26571
0.088177
0.2271
-0.38879
-0.11642
-0.059561
0.24739
0.23245
0.11322
-0.045239
-0.26344
0.063589
0.18435
0.20532
-0.39808
0.08653
0.40801
0.10293
-0.39091
0.28088
0.24275
0.18937
0.11086
-0.31793
-0.24667
-0.31482
-0.19681
-0.16783
0.67347
0.271
0.12662
0.043752
-0.26374
-0.16124
0.085754
-0.13509
-0.49543
-0.19256
-0.46585
-0.10163
0.019269
-0.064188
-0.50006
-0.17234
0.043901
-0.022488
-0.25872
0.29054
0.14926
0.27429
0.11797
-0.14345
-0.11157
-0.023265
-0.15181
-0.13896
-0.077317
-0.0033935
0.4513
0.21831
0.11709
-0.18313
-0.43064
-0.20145
0.05847
-0.1895
-0.088656
0.068196
0.025009
0.090633
0.21196
-0.054577
-0.20671
-0.15594
0.10543
-0.082764
-0.20256
-0.11922
0.185
-0.41461
-0.10932
-0.065825
0.41471
0.33577
-0.14419
0.22252
0.052773
-0.054245
0.043802
0.27981
0.20225
0.16147
0.04574
-0.11901
0.10627
0.47468
-0.062868
0.035174
0.17086
-0.12129
0.12912
0.2879
0.015206
0.24021
-0.11973
-0.059745
0.43503
0.2718
0.26191
0.31492
0.17003
0.12635
0.17431
0.51895
-0.23309
0.47216
-0.09767
-0.0084945
-0.0229
-0.01297
-0.20788
-0.12729
0.14618
0.5532
0.19401
0.16616
0.34461
0.2163
0.37987
0.016449
0.058028
-0.2152
-0.053074
0.39406
0.12927
0.12921
0.027016
0.31279
-0.035324
0.26538
0.17632
0.3892
0.17357
0.5244
-0.01365
0.15883
-0.063472
0.33668
0.44015
0.12448
0.28109
0.40858
0.18825
0.30632
0.45298
0.31478
-0.37239
0.28213
-0.02845
0.00017833
0.12273
0.042201
0.096055
0.088484
0.33716
0.2537
0.12499
0.21815
0.40983
0.17884
0.15069
0.024964
-0.18325
0.17669
0.049634
0.29596
0.34604
0.19375
0.17195
0.018807
0.38692
0.10448
0.39458
0.23963
0.10047
0.36977
0.44458
0.44816
0.53894
0.50085
-0.012779
-0.079324
0.15936
0.40503
0.11485
0.078828
0.33105
0.20561
0.38945
0.41961
0.53749
0.20694
0.4538
0.36648
-0.049016
0.70714
0.70611
0.13672
0.41153
0.30015
0.37169
0.12882
0.37481
0.35132
0.27001
0.021575
0.25595
0.76776
0.16696
0.25255
0.51431
0.036361
-0.01427
-0.066927
0.23298
-0.19281
-0.21243
-0.20722
-0.38754
-0.13238
-0.2099
-0.0087429
-0.14647
0.043851
0.11646
0.14178
0.23173
-0.15609
0.18778
0.17378
0.41741
0.43807
-0.011411
0.19213
-0.19433
-0.00057189
0.082493
0.2828
0.21094
0.57228
-0.067282
-0.03127
-0.051366
-0.10031
0.10521
-0.21301
0.082604
-0.046025
0.15115
0.29558
-0.068903
-0.011043
0.29221
0.10484
0.010844
-0.20577
-0.084768
-0.26062
-0.16136
-0.37751
0.0086834
-0.051386
-0.041948
-0.030768
0.4665
0.098326
0.11981
-0.27914
-0.19343
-0.2939
-0.10975
0.21591
0.48922
0.077872
-0.14518
0.63528
-0.16092
0.03419
0.29224
-0.035875
-0.15934
0.048761
-0.10357
0.036184
0.21627
0.051902
-0.29218
-0.036306
0.38286
0.25743
0.10772
0.39136
0.20271
0.20248
0.064301
0.57085
0.16561
0.16692
0.035768
0.085698
-0.058009
-0.08577
-0.080386
0.39658
-0.093481
0.13472
-0.0077603
0.096106
-0.17963
-0.12802
-0.12965
-0.05927
-0.082259
-0.65422
-0.053349
0.15458
0.45013
0.32553
-0.039472
-0.12292
0.29625
0.18891
0.009074
-0.073195
-0.13903
-0.109
-0.029683
-0.13674
-0.18775
0.096097
-0.14554
-0.36238
-0.5904
-0.85341
-0.51291
0.37031
0.041347
0.39894
0.57967
0.33656
0.54794
0.1101
0.098008
0.26144
0.15195
-0.12618
0.28002
0.23762
0.20432
-0.14204
0.40292
0.30709
0.60552
-0.08029
-0.10675
0.07548
-0.13219
0.0066295
-0.053415
0.060607
0.17629
0.32133
0.22409
0.10995
0.3836
0.072711
0.18435
0.15941
0.28091
-0.022848
0.029302
0.86636
0.50345
0.13841
0.37841
0.5417
0.49963
0.21651
0.48511
-0.080715
-0.090584
0.26873
0.25761
-0.049409
0.22711
-0.087277
0.12623
0.00082964
-0.1701
0.11866
-0.018642
-0.086091
0.21674
0.16076
0.34121
0.4031
0.40223
0.18989
0.20641
-0.09358
0.15964
0.21907
0.052677
0.015047
-0.069158
0.33852
0.42368
0.22977
0.23202
0.2165
0.32533
-0.048538
0.50388
0.33773
0.0053987
0.13588
0.30006
0.17552
0.38702
0.40989
0.11299
0.13118
0.29839
0.18953
-0.2486
0.59236
0.3989
0.2395
0.39877
-0.11164
-0.022845
0.33631
0.027476
-0.13005
-0.23026
0.16779
0.027813
-0.015085
-0.16211
-0.25228
-0.01147
0.097339
0.090534
0.19374
-0.20745
0.073176
0.049266
0.3017
0.55351
0.25189
-0.067744
-0.098289
-0.080518
0.095002
0.026911
0.1762
0.0029697
0.17053
0.019007
-0.23422
-0.18692
0.25025
-0.00085556
0.098349
-0.09848
0.094542
-0.16238
0.23531
0.074124
-0.24493
0.029832
-0.09515
0.26895
-0.089221
-0.28126
-0.069476
-0.1387
0.13556
0.012642
-0.422
-0.24593
-0.04319
0.062887
-0.11463
0.069675
0.031719
-0.43894
0.085604
0.034028
0.016647
0.075968
0.30911
-0.053994
-0.091974
-0.0672
-0.27979
-0.1955
0.49287
-0.15419
-0.080962
-0.24605
-0.080302
0.18159
0.021857
0.14064
-0.16599
-0.11053
-0.066754
-0.14089
-0.36092
0.016205
0.14841
-0.14884
0.13917
-0.1175
0.11283
0.24776
-0.046051
0.13355
0.48992
0.40362
0.10681
0.1476
0.17969
-0.18541
0.13522
-0.064668
0.1672
0.047544
0.22195
-0.22834
0.10482
0.19075
-0.075685
-0.16692
-0.4415
-0.33906
-0.49319
-0.46162
-0.1899
-0.3428
-0.010103
-0.07454
0.15114
0.040944
-0.021091
0.066618
0.21107
-0.012151
-0.39899
0.27506
0.20273
0.16141
0.40586
0.032844
0.11446
0.33815
0.4924
-0.34467
0.31821
0.44271
0.1635
0.029178
0.21996
0.6083
0.26917
0.63684
0.46012
0.056597
0.35492
0.1053
0.091828
0.30553
0.2133
0.25993
0.47828
-0.21792
0.067114
0.020981
-0.13891
0.11564
0.20977
-0.19885
-0.11512
0.010417
-0.18316
-0.61223
-0.36179
-0.042445
-0.0099608
0.56028
0.011016
-0.053028
-0.00075726
0.32023
0.32767
-0.38281
0.39952
0.29009
0.18823
0.13257
0.523
0.066297
0.1699
0.11289
0.027029
0.15307
0.033967
0.18595
0.18491
0.46457
0.459
0.38756
-0.011669
0.15584
0.19046
0.46119
0.66756
0.45726
0.76927
0.67832
0.023664
0.3492
0.47588
0.13754
0.47478
-0.10496
-0.18054
0.36742
-0.06384
0.0741
0.29618
-0.076177
-0.18793
-0.015822
-0.032306
-0.12072
-0.21529
-0.25497
0.14448
0.11296
-0.14289
-0.13315
0.16274
-0.09593
-0.43752
-0.011621
0.14602
0.21319
-0.13288
0.034437
0.14821
-0.19291
0.057094
0.030761
-0.057455
0.072743
0.068347
-0.032983
0.16768
0.054807
-0.05679
0.032961
-0.094779
0.13934
0.24639
-0.2144
0.048452
-0.17884
0.12585
-0.25609
0.33362
0.10131
0.18633
0.0046088
-0.01476
-0.17746
0.19871
0.26202
0.099102
0.22323
0.12403
0.58416
0.22792
0.2732
0.21117
0.38464
0.12751
-0.044756
-0.24111
0.31456
-0.22038
0.31351
-0.15199
-0.11622
-0.24425
0.12119
0.33804
0.45541
0.68697
-0.07095
0.027547
-0.30666
0.14467
-0.044133
-0.11754
0.31346
0.11462
0.041045
0.0022244
0.11356
-0.032462
-0.039749
0.33525
-0.16788
0.14042
0.51661
0.33799
0.37121
0.63845
0.11569
0.15482
0.61564
0.45497
0.3866
-0.046143
-0.18068
0.1795
0.25275
-0.067243
-0.07562
0.050507
-0.047627
0.03725
-0.075372
-0.2988
0.062664
0.45632
0.35209
0.22705
0.63611
0.50783
0.10564
0.4417
0.31957
0.3685
-0.10033
0.13821
0.11739
0.26644
-0.17584
0.091728
-0.23807
0.10895
0.071497
-0.038569
-0.24646
0.14314
-0.1397
0.031599
-0.061512
0.14312
0.10467
0.22691
0.26496
0.21393
0.16932
0.36295
0.21599
0.095405
0.48485
-0.051786
0.15869
0.1635
0.2043
0.65361
0.033455
0.28371
0.46789
0.31519
0.036827
0.19142
-0.26609
-0.0058696
-0.023861
-0.081744
-0.092642
-0.29957
-0.34396
-0.024255
0.20645
0.070594
0.11125
0.28634
-0.14068
-0.028906
0.16022
0.51604
0.30733
-0.069414
0.6038
0.15435
-0.0165
-0.033574
0.12094
0.33387
0.082554
0.32252
0.22842
0.31629
-0.055726
0.1841
0.30658
0.40431
0.076394
-0.08262
-0.2311
-0.034697
-0.010626
-0.31856
0.062504
0.18698
0.54966
0.10341
0.42272
-0.40549
-0.2007
0.068737
0.44955
-0.10322
0.34452
0.35596
-0.075268
-0.18124
-0.27017
0.011834
-0.014553
0.31516
0.39404
0.24555
0.34919
0.066891
0.3166
0.0067481
-0.082059
0.067534
-0.20975
0.17325
0.14167
0.28815
-0.17051
-0.27072
-0.2778
-0.31792
0.069957
-0.12675
0.16862
0.02364
0.16769
0.0652
0.23781
0.064475
0.51435
0.50985
0.14436
-0.096313
-0.039244
-0.1282
0.3478
-0.11832
-0.102
0.14883
0.17545
-0.13787
-0.0063436
0.07848
0.31776
0.14917
-0.068579
0.27089
-0.22463
0.038697
0.17208
0.29233
0.50753
-0.23352
-0.26507
0.046461
-0.090832
-0.16328
0.057142
0.18495
-0.27188
0.099579
0.3629
0.097454
0.2572
0.29832
-0.035281
-0.30258
0.017788
-0.060712
-0.17441
-0.038187
0.5709
-0.048449
0.04014
0.31803
-0.22845
0.41069
0.28297
0.13721
0.14648
0.61554
0.10208
0.27699
-0.084021
-0.0089229
-0.10338
-0.092648
0.16003
-0.25498
-0.053959
-0.21067
0.11735
0.27064
-0.36539
0.1344
-0.068197
0.038736
-0.18659
0.055357
0.018613
0.21162
0.48914
0.28898
0.46004
0.22701
0.35435
0.53933
0.43451
0.57776
0.21299
0.47828
0.39548
0.42028
0.47761
0.10555
0.082303
0.24975
0.14957
0.12935
0.2808
0.017965
0.17735
0.092064
0.44858
-0.050105
8.9555e-005
0.24275
0.20785
0.44127
0.35372
0.076906
0.37159
-0.011355
0.37841
0.3511
0.513
0.43734
-0.080461
0.25532
0.068174
-0.44907
0.34555
-0.022428
0.10978
0.5727
0.50297
0.26494
0.15687
0.42661
0.022951
-0.20949
-0.20197
-0.44262
-0.0048839
-0.42902
-0.0069181
-0.43842
-0.46451
-0.18351
-0.54244
-0.25691
-0.038893
0.083713
0.31323
0.042055
-0.40352
-0.41408
0.10889
0.29915
0.24855
0.030859
0.12706
0.09781
-0.18438
-0.11794
-0.20922
-0.11285
-0.13045
0.26319
-0.10682
0.059478
-0.02378
-0.034394
0.050548
0.26815
-0.068783
0.12773
0.20135
0.26996
0.4781
-0.34707
0.046214
0.072249
0.15741
-0.10911
-0.1657
0.13967
-0.14977
0.052451
0.18996
-0.16556
-0.010721
-0.17246
0.23633
-0.13485
-0.1339
0.16872
0.51761
0.16202
0.48313
0.33329
0.042012
0.41115
-0.097072
-0.15605
0.14453
0.052753
0.28948
0.13983
-0.032028
0.024867
0.69772
0.23897
0.54853
0.53596
0.17239
0.20953
0.37487
0.48246
0.1715
-0.075054
0.45412
0.029525
-0.098574
0.03555
-0.081692
-0.41956
-0.12581
0.20895
0.1776
0.38349
0.63645
0.38595
0.4988
0.13918
-0.046267
-0.12758
0.16235
-0.062063
0.1975
-0.021363
0.23554
0.33861
0.11527
0.43254
0.067203
0.25303
-0.15268
-0.06327
-0.055653
-0.026538
0.71846
0.10144
-0.14543
-0.30823
0.24588
0.4858
0.040219
0.093984
0.1663
-0.05745
0.1269
0.070477
-0.21168
-0.026597
0.10114
-0.31912
-0.017852
0.18481
0.25043
0.33448
0.0096154
0.12595
0.17353
-0.098183
0.11042
0.4208
-0.27931
-0.21074
-0.55792
-0.20158
-0.46822
0.090054
-0.15716
-0.23411
-0.016523
-0.21775
0.55351
0.66796
0.36176
0.19691
-0.32236
0.013575
0.03868
-0.095055
0.23486
0.12391
-0.48082
-0.020181
0.035654
-0.098179
0.42144
0.36038
0.051967
-0.022018
0.10276
-0.031191
-0.035075
-0.01788
-0.17492
-0.045346
-0.03883
0.22987
0.34201
-0.041024
0.34351
0.29905
0.24509
-0.15329
0.07022
0.32273
-0.0024436
0.19114
0.077759
0.001238
0.27501
0.15048
0.31467
0.089727
0.25438
0.16402
0.40383
0.3304
0.034469
-0.10212
0.35479
-0.05655
0.067506
0.13146
0.25678
0.43168
0.19618
0.093898
0.22558
-0.018725
0.31532
0.38331
0.31636
0.38248
0.038423
-0.061404
0.46252
0.62075
-0.022467
-0.078305
0.026816
0.27887
0.43043
0.10575
0.64276
0.13414
-0.13056
0.38657
0.079639
0.10537
-0.34986
-0.21999
0.0017702
-0.042756
-0.23376
-0.11126
0.41344
0.029514
-0.0094247
0.29202
-0.49885
0.1102
0.36221
0.028461
-0.098584
0.58447
0.2128
0.43682
0.12799
-0.18664
0.081862
0.10104
0.30963
-0.19607
0.035596
0.23323
0.20492
0.30166
-0.041499
0.17212
0.14823
0.30921
0.0054602
0.041473
-0.072943
-0.023324
-0.077465
0.12217
0.15163
-0.093576
0.44766
0.17473
0.013922
-0.49314
-0.32833
0.063542
0.12925
-0.03507
-0.26768
0.017386
-0.0090936
0.13445
-0.4906
0.047528
0.10753
0.035774
0.093748
-0.31465
-0.16728
-0.14804
-0.060714
-0.41309
-0.12155
-0.23304
-0.17519
0.018643
0.31202
-0.11181
0.25202
-0.062147
0.52701
0.6502
0.41447
0.28488
0.21893
0.39166
0.086123
-0.0065346
0.38419
0.82147
0.24986
-0.069829
0.27617
-0.26719
-0.15366
-0.080795
0.086429
-0.094863
0.42934
0.4121
0.133
0.30862
-0.032712
-0.23676
0.068966
-0.086728
0.17903
0.20868
0.27654
0.53709
0.1388
0.21955
0.078704
0.062615
0.012006
0.073025
0.34423
0.20148
-0.12244
0.28929
0.3631
0.73806
0.37352
0.2435
0.10321
0.050556
0.54725
0.72658
0.70078
0.41803
0.29102
0.54502
0.16967
0.37852
-0.016661
0.20124
-0.055186
0.041488
-0.26371
0.074643
0.57809
0.58794
0.65461
0.10017
0.56687
0.51795
0.041743
0.10316
0.2915
0.047741
0.0056932
-0.47624
0.36934
0.28071
-0.87342
-0.079834
0.12789
0.12729
0.22714
0.55958
-0.078472
0.23821
0.19221
0.35714
0.30471
-0.14443
-0.097984
0.30698
0.41227
0.36697
0.48287
0.57637
0.58982
0.98061
0.22235
0.21857
0.57655
0.38774
-0.029207
0.51596
0.40399
0.29425
0.16987
0.4189
0.59758
0.29493
0.12488
0.21442
-0.076383
-0.13704
-0.11552
0.027407
-0.22047
0.14219
0.22342
0.19408
0.033448
-0.19078
0.16465
0.40797
0.093137
0.2439
-0.047345
0.14464
-0.072637
0.13227
-0.062885
-0.059214
0.032406
0.12959
-0.049867
0.09003
0.31316
0.27407
0.12821
-0.013649
0.080878
0.031157
0.095533
0.17478
-0.29331
0.082923
-0.080947
0.1066
-0.0087226
0.27474
-0.08692
-0.041533
0.024708
0.10489
-0.33986
-0.31854
-0.21784
-0.047956
0.48562
-0.40274
0.34207
0.13482
0.0062252
-0.23622
-0.44928
0.061131
0.058311
0.36201
0.17414
0.14581
0.13325
-0.015842
0.19341
0.22252
0.22425
0.22675
0.20221
-0.2453
0.0158
-0.0037843
0.049362
0.55634
0.32133
0.016635
0.80998
0.057552
0.13365
0.0051087
0.26053
0.021103
0.098482
0.14676
0.13388
0.10753
0.2787
0.42953
0.49791
0.1927
0.48228
0.51027
0.15925
0.054934
0.40694
-0.0049775
-0.084602
0.046096
0.28795
-0.12957
0.19378
-0.17812
0.099833
0.15894
0.060962
-0.34527
-0.063157
0.31618
-0.089491
0.12981
0.036588
-0.35128
-0.013728
-0.23638
-0.045665
0.035577
0.38781
0.33321
0.075663
0.019008
0.18595
0.066514
0.02085
0.055291
-0.081467
-0.061594
-0.17186
0.3603
-0.068872
-0.15447
0.095935
-0.23408
0.19624
0.41768
-0.077365
0.4404
0.42186
0.88197
0.46817
-0.034552
0.37906
0.018756
0.051902
0.2699
0.095559
0.38509
-0.12783
0.1925
0.12019
0.20808
0.016234
0.44892
0.26694
-0.0045175
-0.049526
-0.1491
0.022411
0.13489
0.11039
-0.084089
-0.04243
-0.22034
0.10406
-0.12349
-0.078073
-0.28766
-0.10395
0.17936
0.38818
0.13404
-0.075249
0.2156
-0.36349
0.087981
0.20804
0.061348
-0.25736
-0.10636
-0.28891
-0.27294
-0.22089
-0.65065
-0.25993
-0.49533
0.048055
0.087098
0.25349
-0.056823
-0.074523
0.07601
-0.38167
-0.35997
-0.29311
0.1074
0.075145
-0.54796
-0.28605
-0.0431
-0.10315
-0.16819
0.24225
-0.14478
-0.47118
-0.32762
-0.5136
-0.36156
0.24343
0.10227
-0.011542
0.44078
0.15167
0.042604
-0.00933
-0.27847
-0.3278
-0.034233
0.211
0.66567
0.74344
-0.032641
0.2781
0.34051
-0.0066132
-0.28306
-0.28077
-0.010686
0.36544
0.19375
0.4569
-0.085708
0.36076
-0.016665
0.12641
0.21534
0.19832
0.25088
-0.12451
0.11299
-0.29023
-0.029022
0.30174
-0.21023
-0.24035
0.087172
-0.35643
-0.23237
0.22938
-0.278
-0.13949
-0.11843
-0.21166
-0.37655
-0.3495
-0.015561
0.38734
0.051772
-0.15466
-0.065135
-0.087774
-0.031892
0.14704
0.15361
-0.24453
0.14511
-0.094113
-0.04996
-0.22177
-0.23139
-0.25573
0.027291
-0.16347
-0.082758
-0.16291
-0.0037618
0.02017
-0.013447
-0.0033061
0.10414
0.24313
-0.13889
-0.13467
-0.014944
0.050393
0.020448
0.16097
0.019316
0.16626
-0.1139
-0.12768
-0.53779
0.093084
0.28937
-0.1967
-0.21237
-0.13696
0.012284
-0.016466
0.24242
0.15782
-0.0090218
-0.123
-0.33117
0.018107
0.070598
-0.19544
-0.27166
-0.22203
-0.085627
-0.11897
-0.22804
0.026778
0.050629
-0.057025
-0.28442
-0.50057
-0.385
-0.16946
-0.30984
-0.04432
-0.22344
0.17186
-0.17078
0.34652
-0.0032449
-0.27899
0.23989
0.064621
-0.17265
-0.11125
0.10612
-0.065853
0.14643
-0.14909
-0.38619
-0.11294
-0.091161
-0.14065
0.12634
-0.054366
-0.24419
-0.013794
-0.21369
0.14247
-0.24261
0.11552
-0.22547
-0.077361
-0.12191
0.26896
0.11763
-0.10767
-0.020239
-0.10285
-0.25366
-0.29282
-0.22202
-0.45142
-0.2613
-0.055834
-0.1461
-0.16559
0.096866
0.087047
0.24708
0.12382
0.16882
-0.3769
-0.073752
0.216
0.20036
0.51901
0.025953
0.016467
0.30289
-0.21334
0.061802
0.11775
0.092232
0.41633
0.089188
0.33714
0.067852
0.49837
0.2906
-0.03053
0.13569
-0.1011
0.14432
0.21966
0.2663
-0.062837
0.26268
-0.063592
-0.25942
0.4362
0.13743
0.40725
0.62897
0.37027
0.028371
0.2436
-0.090538
0.11016
0.12057
-0.12843
0.066205
0.0080528
0.19426
0.19132
0.42655
0.07498
-0.034327
-0.56329
0.096277
0.17279
0.069081
-0.077261
0.41387
0.25173
0.55726
0.5161
0.30003
0.36199
0.52085
0.32817
0.27415
0.19111
0.39679
0.021908
0.34921
0.010463
0.096728
-0.15831
0.033949
-0.1668
0.0069543
0.082741
0.33466
0.24016
-0.17455
-0.068021
0.32247
0.32753
0.067744
0.38763
-0.18885
-0.30639
0.30923
0.03788
-0.17346
0.059776
0.32062
0.38454
0.057851
0.30418
0.32215
0.26566
0.16484
-0.049452
-0.067819
0.62537
0.32718
0.32269
-0.0010931
0.36917
0.013067
-0.090707
-0.10726
0.15988
-0.13894
-0.15022
-0.23622
0.063165
0.057248
-0.013949
-0.065608
-0.14591
-0.30227
-0.061855
-0.34708
-0.013401
-0.31758
-0.086139
-0.019132
0.11916
0.038371
0.35867
0.20486
-0.037265
0.018518
0.13287
-0.24085
0.057587
0.18543
0.03357
-0.23033
-0.21069
-0.14435
-0.27082
-0.27716
0.066498
0.33012
0.28677
0.14287
0.3269
0.040155
0.1986
0.19705
-0.080437
0.313
0.23163
-0.237
0.2447
0.48417
-0.011639
0.35569
0.28449
0.0725
0.22844
-0.032532
0.025477
-0.032287
0.095555
-0.18589
0.04054
0.29827
0.73575
0.22879
0.35541
-0.2526
-0.24714
0.22368
0.32107
0.25342
0.047532
-0.25469
0.32159
0.042525
-0.065858
-0.24549
-0.091453
-0.30671
-0.19381
0.20187
0.23576
0.12574
-0.16231
0.0099656
0.28089
0.018054
-0.15455
-0.28621
-0.0096272
-0.019284
0.32958
0.40214
-0.1141
-0.030269
0.069639
0.27646
-0.10468
-0.41047
-0.17624
0.28513
0.29309
0.22312
0.23321
0.17143
0.34407
0.17069
0.13187
0.35593
0.1635
-0.0088245
0.36278
0.47648
0.37124
-0.13095
0.15632
0.10401
0.43322
0.084568
0.30501
0.22686
-0.097881
-0.12025
-0.049244
0.060847
0.26114
0.19918
0.30799
0.045617
-0.19639
-0.085457
0.25262
0.38217
0.29386
0.23411
-0.075438
-0.069959
0.13257
0.41586
0.38804
0.71032
0.31646
0.84904
0.26222
0.40454
-0.30816
-0.15754
0.2902
-0.047702
0.63215
0.4705
0.51496
0.048212
-0.05165
-0.089266
0.12314
0.10907
0.22163
0.16594
-0.063525
-0.0031687
0.0093698
0.32921
0.051749
-0.070552
0.19402
0.023144
-0.16219
0.18191
0.4133
0.16203
-0.098699
0.061216
0.62055
-0.023803
0.3173
0.26445
0.50043
0.46136
0.10244
0.15483
-0.18642
0.20909
-0.38625
-0.22633
0.03568
0.54686
0.36577
0.33076
0.06446
-0.018054
0.25625
0.061398
0.27318
0.34848
0.17494
-0.03553
0.13656
0.36767
0.025138
-0.015806
0.22711
-0.084085
-0.22191
-0.30669
0.046636
0.0072434
0.24673
0.17773
-0.012504
0.36085
-0.26308
-0.05223
0.19292
-0.064957
-0.06712
0.07597
-0.10211
0.090659
-0.25597
-0.36047
0.16059
-0.50138
0.049681
-0.072035
-0.027615
-0.17236
0.078989
-0.0045039
-0.082858
0.44936
0.51762
0.087243
-0.068223
0.24605
0.54861
0.061553
0.050433
0.007476
0.013847
-0.11546
0.051535
-0.11529
-0.15746
0.02581
0.32091
-0.19134
-0.17732
0.44038
-0.11942
0.14939
-0.14019
0.045649
0.12243
0.4323
0.34251
-0.088511
0.18672
-0.23481
-0.27239
-0.11812
-0.094149
0.21651
0.13401
0.091154
0.27859
-0.21234
0.21574
-0.010912
-0.12169
0.33765
-0.092724
0.048524
-0.49447
-0.14296
-0.10767
0.23601
0.40041
0.18274
0.26127
0.2125
-0.1491
0.39243
-0.18817
-0.23273
-1
-0.43807
-0.47729
0.058916
-0.061533
-0.74243
-0.34031
0.037352
0.10496
0.2577
0.14488
0.039778
0.12191
0.17817
-0.31101
-0.35153
0.043379
-0.1453
-0.35996
-0.25186
-0.21366
-0.10377
0.5255
0.15883
0.41724
0.39586
0.095298
-0.38621
-0.19666
-0.20405
0.32238
0.092014
0.24965
0.18295
0.23294
0.46362
-0.060921
0.11077
0.59397
0.6023
0.091464
0.19657
0.10375
0.26048
0.21431
0.25265
-0.12217
-0.069012
-0.25102
0.15913
-0.11326
-0.019089
-0.16936
-0.074546
-0.05642
-0.1212
-0.11948
-0.29927
-0.43321
-0.077572
-0.28612
0.18963
-0.096421
-0.42977
0.070873
-0.47908
0.48544
0.40299
0.30921
-0.13385
0.54907
0.54734
0.28565
0.24287
-0.097266
0.48993
0.39813
-0.136
-0.1605
-0.3181
0.19799
0.16397
0.17572
0.10979
0.10288
-0.099382
0.29023
0.4519
0.16354
0.16437
-0.0058832
-0.18
-0.0048902
-0.069373
-0.089315
0.075722
0.10064
0.080144
-0.22748
-0.0098297
0.055511
0.10575
0.22729
-0.039118
-0.07097
0.0039429
0.30701
-0.084465
-0.19193
0.66063
0.61941
0.19869
0.17353
0.42757
0.1086
0.055846
0.18823
0.41784
0.030544
0.44214
0.13145
0.03831
-0.30214
0.051802
-0.12862
0.373
0.010449
-0.19108
-0.033135
-0.37396
-0.21871
0.43885
0.18722
0.13145
0.5877
-0.055495
0.20269
0.086125
-0.0028728
0.18455
0.14967
0.38161
0.43142
0.43448
0.17186
0.59605
0.018703
0.10764
0.16555
0.17476
0.036988
-0.18059
0.42644
0.49646
0.24029
0.27574
-0.00094153
0.033033
0.21836
-0.1141
0.029183
0.21265
0.30398
0.477
0.081206
0.33746
0.28916
0.3101
0.080023
-0.12515
0.27167
-0.14896
0.26108
0.14012
0.10745
-0.16114
0.27384
-0.090861
0.30723
-0.23606
-0.13385
-0.010876
-0.11643
0.12567
-0.053416
0.097154
0.067437
0.1202
-0.25582
-0.15974
-0.10296
0.3616
0.09607
-0.22519
0.093413
0.3765
-0.12156
0.099027
0.064936
0.18756
0.5706
0.28895
0.36843
0.174
0.10808
0.087525
0.072601
0.37971
0.26956
-0.32714
-0.33191
-0.32582
-0.17252
-0.17017
0.11353
0.041064
0.019325
0.051222
-0.15716
0.0039605
0.38173
0.096004
-0.16445
0.37395
0.54427
0.40551
0.42388
0.26559
0.22219
-0.43508
-0.034182
-0.27683
-0.058195
0.42829
-0.064097
-0.0012195
-0.16322
0.2298
0.1186
-0.16953
0.22875
0.039586
0.4165
0.13901
-0.088275
0.17958
0.47908
0.47815
0.5021
0.58308
0.24732
0.2054
0.22408
0.40313
0.25071
0.35794
0.78047
0.41913
0.72331
0.56837
0.09977
0.32836
0.5157
0.4232
0.26435
0.36495
0.36096
0.41993
0.27006
0.46041
0.27108
0.55964
0.77109
0.21582
0.53345
0.27798
0.24908
0.30177
0.21941
-0.090867
-0.011317
-0.4626
0.06911
-0.45272
-0.059309
-0.10983
-0.049231
0.049257
-0.12002
-0.63363
0.26781
-0.18216
-0.15353
0.14587
-0.21781
0.039075
0.061391
-0.34893
-0.001766
-0.19307
-0.077882
0.15604
0.11403
-0.13657
0.18203
-0.23512
-0.036241
-0.24884
-0.22805
-0.014834
-0.037105
0.027836
0.083106
-0.15388
-0.49363
-0.0094376
-0.24282
-0.24815
-0.3093
0.071643
-0.0074489
-0.078186
-0.28374
0.2608
0.083894
-0.19926
0.19533
0.37055
0.050377
0.34395
-0.49695
0.24074
0.16922
-0.2001
-0.020834
-0.20422
0.06361
0.076669
-0.18955
0.10898
-0.38938
-0.31449
-0.067018
-0.10664
0.06667
0.3426
0.026558
0.099666
0.20695
0.328
0.044476
-0.16073
0.095761
0.20224
0.30319
0.012026
-0.15207
0.40181
0.38058
0.29772
0.070868
0.17111
0.40676
-0.189
0.11275
-0.056087
-0.16034
0.026065
0.040791
0.002836
-0.14346
0.19757
0.23485
0.27152
0.12072
0.092632
0.021996
-0.21462
0.2189
-0.13942
0.082664
-0.098048
0.13003
0.20369
0.25432
0.14223
0.40144
0.042284
0.26782
-0.19845
-0.11989
0.26746
-0.030906
0.025253
0.35856
0.045957
-0.25264
-0.036948
-0.18171
0.046647
0.023189
0.27396
0.1921
0.13141
0.37503
0.13991
0.27348
0.34515
0.2603
0.22307
0.10449
0.0060241
-0.25221
0.24561
0.27724
0.15387
0.18756
0.053072
0.019576
-0.044877
0.13033
0.52969
0.44694
0.09887
0.3796
-0.21745
0.1039
0.10307
0.057536
0.20356
-0.068724
0.20473
0.35668
0.27602
0.82299
0.1168
0.59401
0.42554
0.1443
-0.00059094
-0.073447
0.032001
-0.25325
-0.019685
-0.12133
-0.083458
-0.1028
-0.057442
-0.072724
-0.14257
0.15345
-0.070224
-0.17583
0.17705
-0.081185
0.16592
0.014717
0.47687
0.1455
0.23642
-0.035023
-0.21169
-0.32687
-0.2139
-0.14537
0.2053
0.23739
-0.071606
-0.052326
0.17407
0.11612
-0.082107
0.72531
0.2388
0.19983
0.17584
-0.34008
-0.47675
0.040141
0.040221
0.11965
0.13418
-0.36555
0.21128
-0.024137
0.43481
0.42295
0.30493
0.083149
0.00085561
-0.10236
0.14175
0.26998
0.12766
-0.018095
0.039756
-0.096613
0.11861
0.15379
0.1981
0.076152
-0.069573
0.15409
0.028344
0.14115
-0.03787
0.5045
-0.3113
0.2141
0.012792
0.19997
-0.028545
0.25095
0.080666
-0.24154
-5.867e-005
0.17099
0.13829
-0.017121
0.084742
0.21768
0.10332
0.19726
0.2561
-0.064201
0.1526
-0.18028
0.36112
0.050103
0.21432
0.14276
0.53241
0.36405
0.04613
-0.20791
0.16281
0.28067
0.35077
0.033907
-0.25213
-0.087056
0.27245
0.32684
-0.15716
-0.037372
-0.12681
0.46447
0.30891
0.10547
0.46988
0.45522
-0.27046
-0.13327
-0.25654
-0.35207
-0.045651
-0.10624
-0.056078
-0.46551
-0.28523
-0.41527
-0.14236
0.10377
-0.19971
0.0024762
-0.25703
-0.29844
-0.18523
-0.13389
-0.030267
0.12388
0.24687
0.38733
0.40351
0.27459
0.19426
0.50122
0.01258
0.19069
-0.11931
-0.40634
-0.17645
0.048053
0.12503
0.47699
0.37861
0.45319
0.29761
0.35527
0.36471
0.2413
0.18699
0.53487
0.55481
0.2959
0.58063
0.028659
-0.37013
0.40024
-0.047562
0.33748
0.30164
0.33046
0.019684
0.32252
0.17952
0.24103
0.55605
0.20713
0.37739
0.2054
0.19067
0.38669
0.47457
0.18979
0.60648
0.72457
0.32532
0.047562
0.14441
0.57058
0.5756
0.56031
0.59558
0.3029
0.093244
0.35268
-0.0059567
-0.083009
0.64872
0.24844
0.5537
0.56369
0.28021
0.58315
0.1769
0.044524
0.11335
0.14241
0.31478
-0.019987
0.55347
0.45669
0.20679
-0.34769
-0.13961
0.11625
0.62547
0.35185
0.28051
-0.038335
0.42382
0.28511
-0.25701
0.049723
0.081952
0.049852
0.32051
0.41639
0.33379
0.20537
-0.11055
0.21648
0.63775
0.0070841
0.24783
0.3576
0.13846
0.27663
0.078918
0.23899
-0.0072644
0.12832
0.42131
0.43084
0.25619
0.42065
0.40511
-0.17792
0.14075
-0.105
0.48594
0.3732
0.42793
0.24249
0.6114
0.24717
0.28863
0.21472
0.12849
0.24436
0.38926
0.27796
0.37485
-0.15233
-0.11622
-0.13418
0.067204
0.091167
0.18606
0.0061966
0.3674
0.052152
0.36933
0.27712
0.36753
0.28372
0.10702
-0.0034561
0.00025437
-0.065919
0.20431
0.069508
-0.081865
0.24709
-0.13607
-0.28861
0.10137
-0.15822
-0.42371
0.22751
-0.21177
0.17167
0.11176
0.10596
-0.085431
0.38088
0.27786
0.35829
0.10653
0.018562
0.3599
0.10677
-0.10501
-0.10083
-0.080255
0.063633
0.22507
-0.41696
0.31864
0.34043
-0.094901
0.57612
0.47816
0.28747
0.18248
0.38689
0.084394
0.18913
-0.20714
-0.0085246
0.33935
0.46151
-0.027976
-0.1271
-0.10902
0.056536
0.033206
0.23251
0.44374
0.86405
0.25893
-0.023988
0.072132
0.56799
0.31
0.23861
0.13337
-0.022222
-0.04783
0.12651
-0.33343
0.3473
0.67902
0.070448
0.26101
0.50273
-0.23987
0.11467
-0.01012
0.18223
-0.37927
-0.071173
0.075094
0.19853
0.068526
0.10424
0.16503
0.15181
0.16662
0.49817
0.37034
0.085246
0.44154
0.55986
0.53177
0.53196
0.63095
0.3723
0.43989
0.17191
-0.36094
0.16312
0.045192
0.053368
0.13062
0.1421
0.03417
0.44313
-0.20261
0.049688
0.041347
0.62393
-0.13576
-0.14321
0.18341
0.47372
0.14885
0.26015
0.075474
0.073655
0.052751
0.14037
-0.020653
0.14301
0.10742
0.14685
-0.10664
-0.08238
-0.16543
-0.067534
-0.52069
-0.074828
-0.048866
0.30287
0.35652
0.5375
0.4987
0.070307
0.39699
0.48586
0.027161
-0.33525
-0.53624
0.18128
-0.19253
-0.39476
0.1511
0.038208
-0.33715
-0.18863
0.28168
0.016632
0.63097
0.099448
0.0092292
0.38615
0.025669
0.20133
0.36476
0.14371
-0.045362
0.0080876
-0.12449
-0.18599
0.39121
0.18154
0.33337
0.019788
-0.19617
-0.13147
-0.14196
-0.19709
0.11383
-0.30806
0.20117
-0.071664
0.22412
0.14833
0.22456
0.56856
0.18776
0.478
0.011212
0.37287
-0.12857
0.12408
0.23321
-0.027395
0.34055
0.012098
-0.039919
0.29741
0.3481
0.27272
0.22743
0.049957
0.1642
0.27044
0.24857
-0.29648
-0.32773
0.010634
0.22932
0.13531
-0.11357
0.4734
-0.11654
-0.12531
-0.062333
-0.10838
-0.18402
-0.62808
-0.033031
-0.40471
-0.14503
0.31235
0.17368
0.3698
0.13373
0.079953
0.21357
0.40948
0.40154
-0.071508
0.22974
0.5627
0.64331
0.47906
0.37325
0.73593
0.56304
0.46469
-0.16112
0.13444
0.15534
0.072619
0.21298
0.51539
0.16359
0.55157
0.82964
0.59812
0.29474
-0.10793
-0.059297
-0.055159
0.0018869
0.083912
0.14483
0.038379
0.3498
-0.0089903
0.41538
0.26564
0.27258
0.084874
0.073762
0.38545
0.72264
0.20056
0.18465
0.29997
0.15418
-0.032966
0.12002
0.15505
0.13703
0.30968
0.41201
0.52457
0.17332
0.60998
0.56053
0.46917
0.58566
0.31528
0.58028
0.49822
0.11733
-0.074467
0.27097
-0.023115
-0.013175
0.31911
0.28755
0.32539
-0.22775
0.10181
0.35845
-0.26414
0.24357
-0.20633
0.41602
0.11735
0.35362
0.32404
0.16738
0.22177
0.2891
0.45544
0.55332
0.31282
0.60827
0.47255
0.16892
-0.23662
0.036673
-0.1726
0.072095
-0.078767
0.063582
0.085914
0.43835
0.25196
0.42975
-0.036875
-0.088692
-0.23032
0.50139
0.756
0.66075
0.44602
0.33417
0.13817
0.31624
0.23332
0.021501
0.50681
0.57974
0.33256
0.061838
0.27669
0.23802
0.22078
0.51004
0.49423
0.60606
0.55164
0.66025
0.64599
0.3544
0.42929
-0.10623
0.38264
0.18388
-0.07829
0.17262
0.28794
0.17679
0.14284
0.23235
0.067187
0.22234
-0.030536
0.63407
0.31411
0.31359
0.36105
0.24092
0.16081
0.25359
0.1321
0.40737
0.54136
0.66461
0.1806
0.14231
-0.22222
0.077166
0.070747
0.24975
0.43062
0.31418
0.54052
0.72244
0.41267
0.39696
-0.092745
0.26525
0.078558
0.43186
0.23307
0.76863
0.47138
0.52904
0.61212
0.59874
0.44174
0.014395
0.45096
0.25294
0.49111
0.51122
0.12832
0.43317
0.56385
0.56453
0.28751
0.36406
0.348
0.13606
0.23623
0.31676
0.31881
-0.094595
-0.15211
0.14538
0.18065
-0.15218
-0.076767
0.024795
0.35212
0.16014
0.13746
0.35527
0.17382
0.57203
0.59513
0.16807
0.36048
0.17303
0.16205
0.21337
-0.073218
0.7642
0.46437
0.28787
0.020254
0.22665
-0.20766
-0.40081
0.14979
0.10528
-0.057685
0.26347
0.25221
0.335
0.27644
-0.16865
-0.057821
0.02366
0.030405
0.019896
0.13748
0.040969
0.22043
0.15932
0.17098
0.048956
-0.079819
-0.030829
-0.10019
-0.31698
0.063758
-0.17196
0.12421
0.52231
0.15125
-0.18014
-0.057177
0.21768
0.57546
0.2904
-0.16969
0.089982
0.30841
0.29541
0.19738
0.1675
0.32672
0.23106
-0.017443
0.0034395
-0.036551
0.078041
0.14908
0.22837
0.1609
0.34209
0.14469
0.31241
0.16762
0.36171
0.15652
0.36546
0.48468
0.26534
-0.010367
0.10783
0.37639
0.55118
0.13626
0.24797
0.32637
-0.043891
0.39862
-0.36436
-0.33263
0.28599
0.15109
-0.00080845
0.31611
0.1667
0.0087511
0.25941
0.28482
-0.050166
-0.27709
0.10547
0.086394
-0.24626
-0.049028
0.38575
0.29835
0.28529
0.51078
0.3001
0.17073
0.017841
-0.0022493
-0.21937
0.18623
-0.018062
0.058761
0.44096
0.20818
-0.071453
0.14672
-0.055839
-0.37106
-0.25057
-0.061836
-0.33539
-0.4841
-0.4378
-0.0083025
0.076867
0.053792
0.54559
-0.10164
-0.11664
-0.026409
-0.061191
0.2063
0.038157
-0.19897
0.085734
-0.19204
0.070179
0.1716
-0.057872
-0.49222
-0.23442
0.18845
0.30086
0.011598
0.14088
0.22456
0.27689
0.069044
0.022048
0.16013
0.028546
-0.15123
0.094677
-0.031899
0.57756
0.53616
0.023722
-0.054874
-0.089472
-0.48595
-0.14774
0.074346
0.35948
0.42856
0.090509
-0.089457
0.2768
-0.10376
-0.25587
-0.22178
-0.22922
0.094277
-0.26214
-0.25924
-0.18462
-0.30529
-0.31698
0.13314
0.10204
-0.26497
-0.13586
-0.10912
-0.032412
-0.10627
0.12098
0.023981
-0.43507
-0.13859
-0.31455
-0.46616
-0.59897
-0.65282
0.14598
-0.17355
0.04965
0.3988
0.40595
0.46659
0.29028
0.15874
-0.28148
-0.21474
-0.041707
-0.16612
-0.19356
-0.52796
-0.34335
0.16708
-0.098386
0.36955
-0.1777
0.57974
0.033128
-0.022339
0.28924
-0.055707
0.28643
-0.10868
-0.65505
-0.077338
0.32526
-0.288
0.066951
0.17276
-0.033667
0.19353
-0.26317
0.17645
0.18564
0.033579
-0.22903
0.15102
-0.26847
-0.02365
-0.23787
-0.036869
-0.19985
-0.18653
-0.29467
-0.16257
-0.40573
-0.4392
-0.23806
0.020002
-0.33658
-0.37556
0.055478
-0.44385
-0.081209
-0.17574
0.088848
0.040644
0.34642
-0.19751
-0.15943
-0.48212
-0.19471
-0.16627
-0.32284
-0.076171
0.33761
0.27058
0.51798
0.50908
0.35508
-0.2638
-0.033741
-0.23404
-0.35024
-0.14523
-0.06755
0.31657
0.1356
0.5106
0.33266
0.51143
0.39595
0.15123
0.38702
0.38199
0.26118
0.41592
0.40652
0.10575
0.19577
0.17784
0.088458
-0.020276
-0.031915
-0.11007
0.38393
0.22963
-0.18438
0.1434
-0.58966
0.10441
0.28131
0.31156
0.4863
0.2898
0.44852
0.094284
0.19074
0.24471
0.051163
0.16427
0.29723
0.13938
-0.099961
0.32624
0.52809
-0.035371
-0.19318
-0.29209
-0.070381
-0.28233
0.21178
0.31103
0.16543
0.094608
0.57589
-0.027149
-0.0035384
0.22219
0.3032
0.088791
-0.020522
0.18632
0.15141
-0.12396
0.057205
-0.1344
0.18275
0.14254
-0.34065
-0.21053
-0.14678
-0.10849
-0.1372
0.13427
0.34079
0.38403
-0.083501
-0.0088978
-0.29639
-0.32146
-0.15616
-0.011181
-0.24801
-0.33226
-0.54741
-0.37622
0.18402
0.48663
0.19329
0.28281
0.38467
0.10053
0.13645
-0.51395
-0.061704
0.05272
-0.059909
0.058793
0.20594
0.11062
-0.22985
-0.16341
0.20125
-0.21083
0.16755
-0.15797
-0.20612
0.042602
0.084199
-0.29883
0.23139
0.21637
0.22929
0.24956
-0.023505
-0.25982
0.15162
0.035464
0.21064
0.070073
0.16707
-0.12315
0.28256
0.20413
-0.15225
-0.041307
-0.25501
-0.017034
-0.11848
0.32997
0.24716
-0.0255
0.15562
0.41127
0.28385
0.51441
0.11088
0.31141
0.0025865
-0.037488
0.0050943
0.42924
0.27839
0.23241
0.051169
0.2469
0.17666
0.0020495
0.30014
-0.22704
-0.54394
0.16463
-0.0054729
-0.096125
-0.1126
-0.084687
-0.10989
0.089834
-0.19003
-0.32421
0.34939
-0.10265
-0.07433
-0.1107
-0.55844
-0.0033569
0.21567
0.1361
-0.15299
-0.27268
-0.42073
0.34855
0.094723
0.093748
-0.17299
0.036047
-0.43967
-0.40241
0.0046666
0.056116
-0.10291
-0.091325
0.043603
0.18929
-0.024657
-0.16786
0.089183
-0.05458
-0.087716
-0.081599
-0.33064
0.031349
-0.6202
-0.028851
0.087313
0.15756
-0.28175
0.26262
-0.14545
-0.011791
-0.070757
-0.10958
-0.25507
-0.36382
-0.077427
-0.22209
0.12922
-0.14087
-0.064393
-0.041048
-0.19011
-0.31559
0.30243
0.09504
0.14773
-0.37793
-0.13381
-0.23736
-0.4934
0.13139
-0.10287
-0.12615
-0.24998
0.14524
0.032586
-0.038706
-0.010727
-0.43362
-0.33856
0.079817
0.25606
-0.14265
0.21966
0.29541
0.20916
0.0045453
-0.086299
-0.027794
0.002725
0.081774
0.11054
0.009834
-0.14582
0.23546
-0.17955
0.4323
0.33951
-0.31808
0.14292
-0.22349
-0.15405
0.23426
-0.055573
-0.0094513
-0.12832
-0.21875
-0.40005
-0.35189
0.31093
-0.25482
0.52875
0.54812
0.064399
0.089951
0.38497
0.34415
-0.005032
-0.083061
0.42879
0.28177
-0.043937
-0.1181
0.17462
0.44249
0.57841
0.44196
0.36953
-0.314
0.23644
-0.038854
-0.27914
0.14556
-0.21159
-0.37657
-0.17233
0.11821
-0.054757
-0.070486
0.068474
0.073658
0.24098
0.39919
0.24451
0.26036
-0.009316
0.30386
0.074802
-0.11439
0.30434
0.021247
0.16615
-0.021808
0.075532
-0.34212
-0.076296
-0.31532
0.062463
0.040771
0.23326
0.35454
0.32021
-0.16117
0.3459
0.22611
0.22617
0.19361
-0.00050524
0.50099
0.41097
0.29352
-0.14382
0.064717
0.19738
0.04595
0.32092
0.33966
0.13138
-0.040861
-0.10978
-0.21421
-0.18312
0.50705
-0.03049
0.086799
-0.039649
0.2678
0.056207
-0.18785
0.093307
0.2409
0.69832
0.054415
0.16501
-0.11588
0.30568
0.31069
0.27179
0.18924
0.31701
0.15439
0.28568
0.44753
0.52642
-0.1217
0.24118
-0.13867
0.066629
-0.01911
0.52469
-0.17245
-0.31627
0.091008
-0.2306
0.09224
0.35909
0.21455
-0.14171
0.29964
0.14638
0.0887
0.1206
0.237
-0.0099026
0.47962
-0.13996
0.17762
0.044532
-6.7777e-006
0.40687
0.5154
0.25307
0.089152
-0.11142
-0.048732
0.17976
0.27894
-0.010448
0.21121
0.19329
0.10482
0.39153
-0.16503
0.47378
0.31972
0.21187
0.48929
-0.038552
0.05754
0.77755
0.38286
0.47684
0.60959
0.58545
0.56055
0.66063
0.26113
0.34361
0.48526
0.68774
0.091849
0.1752
0.031165
0.33217
0.43336
-0.31399
-0.14685
-0.2888
0.28139
0.049908
0.10378
0.42457
0.54568
0.42631
0.013516
0.11415
0.18034
0.34867
0.17935
0.40243
0.25569
0.24778
0.15629
-0.34581
0.25713
-0.10627
-0.14457
-0.11222
-0.19802
0.064397
-0.32348
0.048921
0.25122
0.46045
0.11753
0.30378
-0.25559
0.41219
0.66356
0.20612
0.17453
0.48966
0.25398
0.10717
0.41383
0.52702
0.065984
0.18664
0.24711
0.063086
-0.09748
-0.12991
-0.080781
0.050331
-0.15892
0.13841
-0.085943
-0.17099
0.06732
-0.012801
0.38511
0.18905
0.17375
-0.34621
0.034341
-0.13258
-0.22773
-0.10815
-0.22588
-0.097222
0.27673
0.13575
0.16452
0.22922
-0.18001
-0.018922
0.26888
-0.40621
0.17526
0.20405
0.047001
0.31661
0.10288
0.020589
0.28215
-0.13986
0.19161
0.3373
0.44446
0.32713
0.17775
-0.0017238
0.043566
-0.11474
0.022883
-0.0061527
-0.050177
-0.042023
-0.047798
-0.33759
0.078234
0.2179
0.33098
0.14393
0.024005
0.43005
0.21312
0.41174
0.57391
0.39794
0.074208
0.45753
0.2978
0.1202
0.51078
0.098879
0.77065
-0.12025
0.18134
-0.028895
0.17654
0.19496
0.35664
0.26587
-0.038243
0.389
0.034166
0.12913
0.32645
0.20675
0.25813
0.47801
0.36584
0.16582
0.14253
0.20378
0.19407
0.47951
0.5188
-0.30834
0.06215
0.48204
0.15584
0.11407
0.33438
0.37179
0.60838
0.20457
0.34134
0.25738
0.3431
0.21545
-0.038311
0.096834
-0.36745
0.15918
0.1797
-0.38674
0.51602
0.0027213
-0.032645
0.21799
-0.18489
0.13843
-0.36309
0.33134
-0.017377
-0.61708
-0.27284
-0.51555
-0.075326
-0.17973
0.10589
0.1197
-0.12291
0.37609
0.10003
