-0.12972
-0.11024
-0.15305
-0.14309
-0.1331
-0.13114
-0.1374
-0.15081
-0.14215
-0.1433
-0.13489
-0.15806
-0.12429
-0.12241
-0.12236
-0.095108
-0.073392
-0.065761
-0.069008
-0.061738
-0.067352
-0.064748
-0.053118
-0.073054
-0.070626
-0.055984
-0.07586
-0.078569
-0.11526
-0.1346
-0.13501
-0.15579
-0.17699
-0.16969
-0.13415
-0.13218
-0.14548
-0.083708
-0.1028
-0.088892
-0.081225
-0.072599
-0.05711
-0.063457
-0.052668
-0.065411
-0.075157
-0.064527
-0.098137
-0.12983
-0.12057
-0.10361
-0.10611
-0.13451
-0.13871
-0.14741
-0.1328
-0.13921
-0.14042
-0.13793
-0.12676
-0.11605
-0.11996
-0.13755
-0.1713
-0.20133
-0.21132
-0.22823
-0.22965
-0.23705
-0.19559
-0.17443
-0.15817
-0.1752
-0.16934
-0.1668
-0.1918
-0.22559
-0.2378
-0.25295
-0.25831
-0.23245
-0.21295
-0.1783
-0.16549
-0.17524
-0.16974
-0.1239
-0.097518
-0.069293
-0.055604
-0.069205
-0.079962
-0.075957
-0.10585
-0.1221
-0.15962
-0.14806
-0.17018
-0.17312
-0.16263
-0.13794
-0.14487
-0.13711
-0.15403
-0.19472
-0.20497
-0.21147
-0.17743
-0.16987
-0.17897
-0.16483
-0.16266
-0.1551
-0.13653
-0.16265
-0.1698
-0.17584
-0.21024
-0.21655
-0.25366
-0.26815
-0.2525
-0.2608
-0.2471
-0.20818
-0.17404
-0.17321
-0.18861
-0.18988
-0.195
-0.16634
-0.1597
-0.17255
-0.17363
-0.14848
-0.15147
-0.15532
-0.17565
-0.16129
-0.13028
-0.12357
-0.11686
-0.13346
-0.12259
-0.10932
-0.10569
-0.078484
-0.067413
-0.11586
-0.12589
-0.15301
-0.1495
-0.17196
-0.16102
-0.15505
-0.13772
-0.095319
-0.10461
-0.14363
-0.13914
-0.12547
-0.12791
-0.11736
-0.14302
-0.13946
-0.15359
-0.1699
-0.14111
-0.10254
-0.099961
-0.089754
-0.11592
-0.13444
-0.13156
-0.12191
-0.12427
-0.11653
-0.10365
-0.094067
-0.092473
-0.10645
-0.11532
-0.13957
-0.15978
-0.17116
-0.17405
-0.15685
-0.19687
-0.23014
-0.23444
-0.27098
-0.27455
-0.29934
-0.30066
-0.29897
-0.36426
-0.37108
-0.35764
-0.35538
-0.3188
-0.28292
-0.30815
-0.36409
-0.37647
-0.40124
-0.40417
-0.40072
-0.41379
-0.39378
-0.39453
-0.40227
-0.40184
-0.38747
-0.39963
-0.41334
-0.41255
-0.4273
-0.42076
-0.39978
-0.37885
-0.36715
-0.36757
-0.38034
-0.3587
-0.2938
-0.25415
-0.2566
-0.2611
-0.27591
-0.2508
-0.24521
-0.25018
-0.22533
-0.23746
-0.21794
-0.18727
-0.17318
-0.197
-0.16563
-0.13673
-0.11294
-0.10257
-0.095817
-0.076632
-0.097769
-0.062475
-0.081373
-0.10582
-0.10088
-0.1184
-0.1099
-0.11101
-0.13022
-0.1537
-0.12359
-0.12499
-0.15188
-0.16942
-0.15746
-0.16539
-0.16712
-0.17859
-0.16023
-0.16358
-0.19373
-0.19417
-0.18167
-0.16774
-0.15899
-0.12797
-0.09187
-0.052752
-0.038222
-0.026259
-0.045122
-0.084428
-0.12213
-0.11732
-0.10009
-0.089226
-0.092247
-0.059913
-0.064292
-0.059856
-0.065099
-0.062984
-0.08073
-0.077227
-0.081963
-0.080463
-0.062804
-0.077233
-0.11302
-0.12587
-0.10915
-0.098525
-0.06351
-0.053119
-0.052297
-0.038801
-0.0096849
-0.034583
-0.063909
-0.058824
-0.040335
-0.043033
-0.042062
-0.067172
-0.064208
-0.049957
-0.038886
-0.044727
-0.058182
-0.063186
-0.065909
-0.03922
-0.034639
-0.032432
-0.040732
-0.070516
-0.078813
-0.064689
-0.05398
-0.061944
-0.082934
-0.075116
-0.037617
-0.010861
-0.014184
-0.010347
-0.0017665
0.016049
0.0034653
-0.017905
-0.047296
-0.044813
-0.040648
-0.023526
-0.051556
-0.053381
-0.049794
-0.060379
-0.060933
-0.074432
-0.080329
-0.059901
-0.043476
-0.011978
0.016699
0.0026883
0.0038101
0.017217
0.035876
0.05932
0.10494
0.13897
0.13039
0.09056
0.082187
0.10333
0.10001
0.127
0.13313
0.093012
0.085384
0.09242
0.12128
0.078986
0.050229
0.029743
0.0094252
0.025781
0.0012788
0.044032
0.019229
0.034162
0.038921
0.019022
-0.004212
-0.040218
-0.045489
-0.012193
0.0017191
0.059233
0.07573
0.045151
0.051307
0.0543
0.019939
0.032815
0.047543
0.04192
0.057341
0.038599
0.086106
0.091991
0.065938
0.05931
0.077032
0.076299
0.057576
0.037088
0.039607
0.066319
0.060693
0.027489
0.038751
0.045102
-0.010859
-0.014472
-0.0070675
0.015817
0.049442
0.030172
0.00091713
-0.054135
-0.04915
-0.047735
-0.051916
-0.051644
-0.042223
-0.039985
-0.023132
-0.020899
0.0081964
-0.023715
-0.023405
-0.011696
-0.0095248
-0.022339
-0.012089
-0.033153
-0.058007
-0.04867
-0.092664
-0.11589
-0.11506
-0.13969
-0.16818
-0.15152
-0.186
-0.20147
-0.23926
-0.20609
-0.18731
-0.19213
-0.15924
-0.16688
-0.154
-0.15972
-0.17439
-0.19505
-0.21537
-0.23191
-0.25994
-0.25752
-0.26976
-0.32404
-0.33553
-0.33679
-0.3242
-0.32003
-0.308
-0.29233
-0.26412
-0.24406
-0.24259
-0.26079
-0.24564
-0.24515
-0.22393
-0.21804
-0.20545
-0.21176
-0.22816
-0.21542
-0.2271
-0.19423
-0.18666
-0.17717
-0.18957
-0.21448
-0.25222
-0.27798
-0.25747
-0.27949
-0.29088
-0.27098
-0.25883
-0.26247
-0.27607
-0.287
-0.27707
-0.2539
-0.26198
-0.24911
-0.26341
-0.2605
-0.25618
-0.25049
-0.23948
-0.22741
-0.19323
-0.20914
-0.21391
-0.22729
-0.23619
-0.24296
-0.2493
-0.25427
-0.25879
-0.28869
-0.30763
-0.31321
-0.31745
-0.3161
-0.3169
-0.33088
-0.35159
-0.36147
-0.38623
-0.39446
-0.37649
-0.36065
-0.37465
-0.40075
-0.41166
-0.40829
-0.39389
-0.39578
-0.39838
-0.3935
-0.42315
-0.43802
-0.44606
-0.47782
-0.4828
-0.50218
-0.50231
-0.53307
-0.51716
-0.5496
-0.56079
-0.55715
-0.56238
-0.56546
-0.55181
-0.50931
-0.51832
-0.5305
-0.54584
-0.55526
-0.58663
-0.58732
-0.57323
-0.63408
-0.64798
-0.64103
-0.65796
-0.66463
-0.6657
-0.70268
-0.76109
-0.74463
-0.7302
-0.74862
-0.7486
-0.73628
-0.71451
-0.70224
-0.70367
-0.68283
-0.69408
-0.6603
-0.67078
-0.67732
-0.68361
-0.69914
-0.69941
-0.71298
-0.71849
-0.68278
-0.65247
-0.64432
-0.71916
-0.69643
-0.66097
-0.64768
-0.62564
-0.62684
-0.6473
-0.65491
-0.67287
-0.69689
-0.66579
-0.66911
-0.65429
-0.63411
-0.63542
-0.6537
-0.65096
-0.6167
-0.61437
-0.59787
-0.5612
-0.53036
-0.51302
-0.5247
-0.53157
-0.51334
-0.53196
-0.5271
-0.51029
-0.53303
-0.54391
-0.578
-0.59782
-0.61161
-0.63262
-0.64034
-0.6257
-0.64198
-0.63881
-0.63468
-0.63437
-0.62826
-0.64318
-0.62261
-0.63327
-0.63973
-0.66904
-0.67758
-0.68689
-0.66385
-0.68334
-0.68145
-0.65547
-0.65966
-0.68079
-0.69176
-0.71664
-0.76179
-0.76167
-0.75161
-0.73719
-0.7455
-0.77888
-0.75729
-0.74116
-0.72206
-0.76687
-0.78559
-0.79607
-0.80375
-0.80359
-0.81557
-0.79563
-0.79517
-0.77846
-0.78262
-0.80404
-0.7724
-0.74091
-0.72798
-0.72347
-0.72952
-0.70558
-0.70937
-0.67046
-0.66671
-0.64243
-0.65283
-0.67114
-0.67923
-0.70163
-0.72851
-0.68505
-0.6767
-0.6709
-0.66862
-0.7044
-0.70904
-0.73545
-0.73522
-0.74182
-0.73878
-0.72777
-0.71891
-0.71449
-0.72346
-0.72323
-0.72436
-0.72844
-0.76272
-0.78265
-0.76922
-0.78449
-0.79172
-0.79706
-0.79068
-0.74263
-0.76064
-0.76362
-0.75232
-0.80733
-0.78768
-0.80135
-0.78578
-0.73139
-0.7065
-0.70236
-0.68812
-0.69267
-0.68146
-0.68111
-0.69223
-0.68747
-0.70301
-0.73053
-0.71932
-0.69506
-0.68654
-0.67897
-0.66149
-0.6261
-0.63653
-0.62702
-0.61718
-0.57739
-0.55863
-0.55284
-0.57148
-0.55254
-0.53636
-0.49488
-0.49707
-0.50614
-0.49852
-0.5078
-0.55404
-0.5431
-0.54157
-0.56914
-0.56385
-0.56975
-0.57581
-0.5732
-0.53001
-0.4855
-0.4715
-0.45043
-0.46074
-0.47406
-0.48732
-0.49615
-0.50952
-0.49652
-0.4752
-0.47022
-0.48089
-0.49161
-0.47514
-0.47462
-0.45021
-0.48146
-0.47637
-0.49612
-0.50405
-0.51796
-0.49054
-0.51514
-0.49544
-0.47675
-0.45159
-0.44057
-0.41857
-0.38731
-0.40967
-0.40303
-0.39405
-0.4213
-0.40797
-0.38727
-0.35246
-0.32236
-0.33522
-0.33834
-0.36616
-0.41205
-0.39877
-0.38339
-0.37608
-0.34583
-0.3153
-0.31102
-0.34172
-0.34465
-0.3692
-0.39689
-0.39768
-0.36548
-0.34253
-0.32531
-0.33384
-0.32942
-0.33131
-0.33751
-0.32868
-0.30139
-0.32491
-0.33019
-0.31791
-0.27388
-0.25821
-0.234
-0.20967
-0.20803
-0.24044
-0.21248
-0.17584
-0.17609
-0.16227
-0.18183
-0.15295
-0.12402
-0.10993
-0.080487
-0.063492
-0.043113
-0.041312
-0.018171
-0.015033
-0.022866
-0.05404
-0.052479
-0.048624
-0.040632
-0.043298
-0.019404
-0.013282
-0.018913
-0.04193
-0.034683
-0.033133
-0.040028
-0.037992
-0.026343
-0.028577
-0.052063
-0.048321
-0.035327
-0.013163
-0.019888
0.016508
0.01555
-0.01034
-0.008727
0.02678
0.012213
0.041242
0.054291
0.071085
0.026084
0.035085
0.032228
0.029685
0.043089
0.077857
0.11143
0.10471
0.12442
0.14847
0.12953
0.13719
0.14603
0.14194
0.17616
0.1806
0.1704
0.14182
0.20099
0.22034
0.21768
0.25912
0.30817
0.32812
0.31259
0.30307
0.24928
0.22594
0.18603
0.16038
0.15846
0.15699
0.11909
0.12339
0.14204
0.13591
0.10323
0.05696
0.019583
0.030742
0.038528
0.0050494
0.0022554
0.010474
-0.01612
-0.031007
-0.052413
-0.052215
-0.060966
-0.066601
-0.059875
-0.029655
-0.041444
-0.049622
-0.080431
-0.097319
-0.070541
-0.061905
-0.066649
-0.054866
-0.034495
-0.039562
-0.052708
-0.073918
-0.090164
-0.11026
-0.090943
-0.087947
-0.093827
-0.13858
-0.14726
-0.13316
-0.0815
-0.083303
-0.12754
-0.099374
-0.10917
-0.12424
-0.11377
-0.10736
-0.11881
-0.11532
-0.14289
-0.17849
-0.17751
-0.20662
-0.23225
-0.23128
-0.22076
-0.22265
-0.23893
-0.2371
-0.21233
-0.18891
-0.18455
-0.16282
-0.13831
-0.15519
-0.16055
-0.17603
-0.13931
-0.12816
-0.12268
-0.17216
-0.17536
-0.19199
-0.16578
-0.11605
-0.13335
-0.16254
-0.17115
-0.15746
-0.14217
-0.16993
-0.16888
-0.16889
-0.18257
-0.20032
-0.23958
-0.2046
-0.20357
-0.17397
-0.17087
-0.17773
-0.18484
-0.20437
-0.18537
-0.21502
-0.22313
-0.20924
-0.21968
-0.25229
-0.26894
-0.29836
-0.33866
-0.32932
-0.34411
-0.34639
-0.3638
-0.38053
-0.37133
-0.35496
-0.34386
-0.35108
-0.35826
-0.39142
-0.39773
-0.39517
-0.39554
-0.40078
-0.40505
-0.39047
-0.38371
-0.37237
-0.34802
-0.35215
-0.32262
-0.33688
-0.37911
-0.35678
-0.32538
-0.30515
-0.30511
-0.29534
-0.28656
-0.30344
-0.30704
-0.32972
-0.35848
-0.37693
-0.38487
-0.34477
-0.36842
-0.43315
-0.43467
-0.45375
-0.45975
-0.4584
-0.46571
-0.47038
-0.46156
-0.42833
-0.47017
-0.47596
-0.45663
-0.46955
-0.44485
-0.42552
-0.43723
-0.47579
-0.49392
-0.50422
-0.50041
-0.49665
-0.49903
-0.50382
-0.50803
-0.51198
-0.52866
-0.53155
-0.52889
-0.522
-0.50677
-0.48275
-0.48629
-0.48429
-0.48144
-0.50783
-0.4968
-0.50731
-0.5247
-0.53781
-0.52807
-0.52899
-0.54078
-0.55251
-0.5761
-0.57332
-0.58872
-0.60335
-0.62263
-0.62614
-0.61361
-0.59786
-0.58642
-0.59013
-0.60241
-0.63
-0.60802
-0.6066
-0.58025
-0.59475
-0.6025
-0.60027
-0.61508
-0.60148
-0.63163
-0.65221
-0.65943
-0.64735
-0.63895
-0.6181
-0.63435
-0.63416
-0.61733
-0.62114
-0.6167
-0.62447
-0.6053
-0.59332
-0.58539
-0.56953
-0.55326
-0.53468
-0.55559
-0.55286
-0.54295
-0.55512
-0.54325
-0.51259
-0.52071
-0.54408
-0.54726
-0.53681
-0.50764
-0.52979
-0.52914
-0.51319
-0.50565
-0.50286
-0.53431
-0.52067
-0.49657
-0.49095
-0.47265
-0.50175
-0.51636
-0.4905
-0.46182
-0.44978
-0.42544
-0.43023
-0.42978
-0.45261
-0.4342
-0.40673
-0.42086
-0.40025
-0.40681
-0.41627
-0.41591
-0.42578
-0.42544
-0.39435
-0.37689
-0.34578
-0.34739
-0.33091
-0.34098
-0.32351
-0.31057
-0.33407
-0.33683
-0.35237
-0.35995
-0.35366
-0.34305
-0.3317
-0.33369
-0.33854
-0.3336
-0.31709
-0.30532
-0.34144
-0.34007
-0.36613
-0.36428
-0.38576
-0.38271
-0.40531
-0.3863
-0.39585
-0.40595
-0.3891
-0.36404
-0.35419
-0.37692
-0.41319
-0.42129
-0.45049
-0.41876
-0.41797
-0.40866
-0.41969
-0.41684
-0.41331
-0.41816
-0.40635
-0.42825
-0.46285
-0.47692
-0.48014
-0.50043
-0.48418
-0.49286
-0.54242
-0.56147
-0.56874
-0.58206
-0.60115
-0.60691
-0.62943
-0.638
-0.65236
-0.67167
-0.66767
-0.6554
-0.67369
-0.69843
-0.70688
-0.72051
-0.73064
-0.74016
-0.73075
-0.70591
-0.70509
-0.70366
-0.7304
-0.72179
-0.7464
-0.76261
-0.77876
-0.77227
-0.74667
-0.73915
-0.71311
-0.6971
-0.74198
-0.7214
-0.71845
-0.68976
-0.69198
-0.68715
-0.68925
-0.67843
-0.64469
-0.63816
-0.65033
-0.6649
-0.66947
-0.71239
-0.70284
-0.70777
-0.71534
-0.68148
-0.68944
-0.69006
-0.67392
-0.66627
-0.66394
-0.67052
-0.67774
-0.6863
-0.72051
-0.69402
-0.69028
-0.71597
-0.73445
-0.72299
-0.72134
-0.75473
-0.79553
-0.78662
-0.78247
-0.77722
-0.76131
-0.74176
-0.72962
-0.71865
-0.74243
-0.7466
-0.76975
-0.79898
-0.8151
-0.84216
-0.87263
-0.89363
-0.93719
-0.93521
-0.91718
-0.91446
-0.91225
-0.91186
-0.94243
-0.93959
-0.9426
-0.92644
-0.90698
-0.91244
-0.88643
-0.90665
-0.92325
-0.93191
-0.93398
-0.95115
-0.95807
-0.95197
-0.98782
-0.99512
-1
-0.99777
-0.99487
-0.99227
-0.9855
-0.97086
-0.96136
-0.95597
-0.94151
-0.96482
-0.95618
-0.93278
-0.94226
-0.94264
-0.95827
-0.92885
-0.88782
-0.86516
-0.85014
-0.84132
-0.84692
-0.8551
-0.86104
-0.86135
-0.86854
-0.88977
-0.91292
-0.90123
-0.89697
-0.86615
-0.88786
-0.84728
-0.82434
-0.84403
-0.79723
-0.811
-0.78747
-0.7547
-0.75731
-0.75478
-0.75854
-0.77125
-0.76414
-0.741
-0.76683
-0.77826
-0.80644
-0.80084
-0.84697
-0.83523
-0.82257
-0.85004
-0.83993
-0.86282
-0.86189
-0.88591
-0.88149
-0.8748
-0.9046
-0.89159
-0.89579
-0.88587
-0.91856
-0.90577
-0.89664
-0.88103
-0.8495
-0.86914
-0.87756
-0.86059
-0.88188
-0.8925
-0.89958
-0.88091
-0.88412
-0.8558
-0.84178
-0.85104
-0.84954
-0.82745
-0.81489
-0.81921
-0.7993
-0.80214
-0.83966
-0.85702
-0.8502
-0.84439
-0.83076
-0.83679
-0.83032
-0.82675
-0.81907
-0.82265
-0.85956
-0.85673
-0.8303
-0.8386
-0.81435
-0.80012
-0.82305
-0.81434
-0.81501
-0.77279
-0.77773
-0.79262
-0.83441
-0.8465
-0.85461
-0.83502
-0.82561
-0.78541
-0.78999
-0.77696
-0.77681
-0.74472
-0.75859
-0.75729
-0.75823
-0.77443
-0.7858
-0.73972
-0.73609
-0.76233
-0.75268
-0.75747
-0.77603
-0.78291
-0.80846
-0.79437
-0.77589
-0.76948
-0.7444
-0.73966
-0.77522
-0.77317
-0.76331
-0.73874
-0.74891
-0.72185
-0.73671
-0.75432
-0.76132
-0.78175
-0.76508
-0.77538
-0.77591
-0.80248
-0.80621
-0.77869
-0.79167
-0.80092
-0.78082
-0.75858
-0.76463
-0.7619
-0.72389
-0.7019
-0.65967
-0.62979
-0.58556
-0.56153
-0.54614
-0.49786
-0.49695
-0.4726
-0.4927
-0.48739
-0.4626
-0.48065
-0.46847
-0.46549
-0.48706
-0.5124
-0.52026
-0.52818
-0.52236
-0.53508
-0.53719
-0.52256
-0.48804
-0.48365
-0.47466
-0.49214
-0.50768
-0.5219
-0.47936
-0.45956
-0.46151
-0.46563
-0.42492
-0.43421
-0.44061
-0.45133
-0.42228
-0.40818
-0.44326
-0.45444
-0.46605
-0.49687
-0.49831
-0.49488
-0.51402
-0.50902
-0.5007
-0.50479
-0.49402
-0.4865
-0.45032
-0.42646
-0.42449
-0.43737
-0.42442
-0.43013
-0.41839
-0.40124
-0.45564
-0.45283
-0.4431
-0.44836
-0.40403
-0.4082
-0.4299
-0.4352
-0.44087
-0.41998
-0.40644
-0.41637
-0.4002
-0.42037
-0.41014
-0.41444
-0.43807
-0.45082
-0.47827
-0.46711
-0.44648
-0.42292
-0.40021
-0.40708
-0.40621
-0.38185
-0.42769
-0.38786
-0.34437
-0.35991
-0.3562
-0.3403
-0.33005
-0.28184
-0.26165
-0.24245
-0.21625
-0.24983
-0.21609
-0.20604
-0.19342
-0.22915
-0.22266
-0.23536
-0.23269
-0.25273
-0.29139
-0.26551
-0.22198
-0.23433
-0.24078
-0.22745
-0.2305
-0.22478
-0.22724
-0.24339
-0.25532
-0.24908
-0.27947
-0.29313
-0.26175
-0.21745
-0.22078
-0.23788
-0.21552
-0.22998
-0.23145
-0.21549
-0.22789
-0.25364
-0.28498
-0.29815
-0.30279
-0.27784
-0.27575
-0.25893
-0.25418
-0.2449
-0.29019
-0.31132
-0.28522
-0.25219
-0.2576
-0.24388
-0.24439
-0.24375
-0.24991
-0.21313
-0.22992
-0.20724
-0.2316
-0.21716
-0.2403
-0.27484
-0.26565
-0.29351
-0.27486
-0.28111
-0.29182
-0.27845
-0.26133
-0.23732
-0.23629
-0.23531
-0.21462
-0.20792
-0.17137
-0.15819
-0.17245
-0.17147
-0.16299
-0.15436
-0.14174
-0.10607
-0.13896
-0.14464
-0.11485
-0.13929
-0.12457
-0.095427
-0.095303
-0.083408
-0.090207
-0.091406
-0.075296
-0.084802
-0.11411
-0.10039
-0.11381
-0.10835
-0.089601
-0.11003
-0.12187
-0.11167
-0.10488
-0.1026
-0.09098
-0.078884
-0.056878
-0.041075
-0.010326
-0.0099036
-0.035637
-0.069848
-0.082199
-0.085214
-0.085983
-0.078458
-0.071213
-0.075456
-0.069222
-0.051786
-0.017599
-0.012975
-0.035954
-0.070391
-0.078578
-0.077984
-0.059476
-0.093975
-0.058325
-0.05255
-0.045962
-0.05525
-0.048887
-0.046614
-0.060615
-0.089349
-0.12735
-0.15069
-0.16846
-0.18158
-0.18124
-0.1852
-0.17618
-0.16203
-0.17009
-0.17168
-0.18724
-0.1915
-0.17726
-0.20431
-0.25576
-0.25149
-0.23621
-0.20558
-0.20878
-0.19687
-0.15954
-0.1639
-0.15323
-0.13637
-0.16018
-0.14976
-0.12989
-0.093558
-0.092017
-0.13023
-0.15207
-0.12643
-0.13041
-0.13459
-0.098764
-0.087967
-0.1168
-0.11959
-0.11853
-0.10036
-0.036508
-0.017728
-0.040296
-0.031836
-0.0017401
-0.0034876
-0.012991
0.0072162
-0.0088783
-0.022125
-0.026478
-0.043425
-0.020409
-0.032281
-0.011727
-0.0088502
-0.013124
-0.019832
-0.015628
-8.0695e-005
0.036676
0.055521
0.073412
0.06268
0.085408
0.074984
0.063421
0.10358
0.07433
0.057647
0.062337
0.07731
0.094088
0.084591
0.077469
0.048417
0.031006
0.0074214
0.0090696
0.0051478
0.0050848
-0.026812
-0.040861
-0.049255
-0.051726
-0.05258
-0.041151
-0.023164
0.0048358
0.024092
0.030948
-0.011757
-0.014287
0.015711
0.027393
0.03071
0.038582
0.045327
0.050909
0.083488
0.12558
0.10225
0.07165
0.066777
0.082803
0.10409
0.075361
0.045301
0.0322
0.035298
0.062117
0.06634
0.080278
0.030992
0.0091217
0.021086
0.023535
0.031273
0.018316
0.037616
0.017952
0.013915
0.012899
-0.01003
-0.014717
0.0092395
0.02303
0.010184
8.751e-005
-0.018285
-0.024863
-0.012557
-0.028796
-0.041217
-0.037299
-0.020338
-0.020906
-0.012792
-0.010811
0.00075677
0.0064187
-0.015066
0.00024806
-9.6306e-005
-0.020563
-0.049489
-0.02926
-0.044584
-0.06605
-0.077546
-0.079033
-0.082031
-0.08117
-0.086251
-0.1062
-0.15665
-0.16571
-0.19111
-0.20133
-0.17535
-0.18181
-0.16309
-0.17291
-0.1566
-0.16172
-0.16563
-0.1887
-0.20557
-0.22067
-0.2262
-0.22569
-0.19929
-0.20546
-0.19624
-0.17419
-0.187
-0.16854
-0.18047
-0.17267
-0.17919
-0.16623
-0.14822
-0.14781
-0.14255
-0.17615
-0.1891
-0.16813
-0.1768
-0.17424
-0.16991
-0.1668
-0.17533
-0.1665
-0.15913
-0.15951
-0.14165
-0.15245
-0.14323
-0.11411
-0.1213
-0.118
-0.079494
-0.044403
-0.048093
-0.040074
-0.055418
-0.052079
-0.011263
-0.014725
-0.012178
0.0073784
0.036429
0.060539
0.058459
0.047374
0.048215
0.057456
0.031667
0.0018317
0.0037063
0.025538
0.019851
0.030949
0.026163
-0.011483
-0.04602
-0.038911
-0.043464
-0.032406
-0.017188
0.0036296
0.0047134
0.017202
0.0071924
0.025348
0.049177
0.045115
0.042784
0.039449
0.023471
0.016057
0.0069975
-0.00050155
-0.035082
-0.0047192
-0.034708
-0.017359
-0.030391
-0.03903
-0.057815
-0.060083
-0.042739
-0.029374
-0.038541
-0.0543
-0.046843
-0.0092354
0.036526
0.04612
0.029447
0.030535
0.053192
0.085662
0.092405
0.10971
0.085489
0.083274
0.1071
0.077451
0.07281
0.08216
0.044872
0.068418
0.058865
0.044682
0.03899
0.020507
0.051665
0.051499
0.062539
0.060719
0.091841
0.073034
0.044178
0.065617
0.05028
0.042046
0.064085
0.087209
0.08282
0.061414
0.059354
0.080614
0.073786
0.071286
0.048782
0.027653
0.033527
0.026916
-0.006201
-0.028478
-0.027819
-0.023183
0.0051693
0.013002
0.051188
0.032458
0.035104
0.038545
0.043602
0.057226
0.04662
0.059097
0.070148
0.077653
0.11412
0.12496
0.13977
0.12052
0.1023
0.10276
0.069089
0.038489
0.017441
0.018303
0.048102
0.0829
0.039125
0.049933
0.046751
0.051446
0.069547
0.093004
0.067218
0.017761
0.016506
0.045133
0.047231
0.049353
0.062976
0.079359
0.06611
0.068261
0.04997
0.059833
0.073814
0.080792
0.10363
0.087818
0.10293
0.1101
0.12017
0.13732
0.13421
0.13811
0.13877
0.14224
0.13921
0.13764
0.11495
0.17005
0.18638
0.20903
0.21655
0.19888
0.18644
0.17931
0.18719
0.15955
0.16803
0.18891
0.15932
0.16145
0.15656
0.14466
0.13786
0.15727
0.17752
0.17816
0.17916
0.16399
0.17819
0.20141
0.20657
0.20412
0.20089
0.16734
0.18297
0.18389
0.18697
0.1749
0.18226
0.22268
0.22724
0.23383
0.26103
0.25748
0.26368
0.25145
0.23201
0.2187
0.18237
0.18823
0.18257
0.19345
0.22625
0.23414
0.23002
0.27358
0.31298
0.2979
0.27661
0.26702
0.24461
0.24431
0.23236
0.21927
0.21647
0.21797
0.24486
0.26212
0.2568
0.24119
0.22508
0.22495
0.20796
0.22352
0.25438
0.29284
0.30995
0.3219
0.33967
0.3302
0.34722
0.36958
0.32236
0.31034
0.29275
0.23295
0.22033
0.23074
0.25088
0.2317
0.22893
0.23189
0.20944
0.19603
0.19333
0.1695
0.18219
0.17337
0.16704
0.15637
0.12314
0.14326
0.16963
0.17413
0.1905
0.19242
0.18756
0.2062
0.2073
0.1825
0.22566
0.23638
0.22376
0.21458
0.21538
0.22001
0.24406
0.22963
0.19832
0.21321
0.16998
0.14902
0.15079
0.18929
0.13883
0.11209
0.13626
0.14379
0.12691
0.1328
0.1403
0.12803
0.13892
0.12272
0.070751
0.057467
0.061966
0.032706
0.0089586
0.02527
0.008967
-0.017167
-0.035996
-0.037252
-0.041301
-0.036532
-0.017274
-0.024016
-0.06079
-0.042282
-0.016379
0.018381
0.0043686
-0.018311
-0.046723
-0.043305
-0.045006
0.0093601
0.032853
-0.013055
-0.030939
-0.057201
-0.099584
-0.070342
-0.037666
-0.093805
-0.10899
-0.13472
-0.17518
-0.1825
-0.19645
-0.22064
-0.17694
-0.1604
-0.14625
-0.13907
-0.12225
-0.11697
-0.11198
-0.12112
-0.14743
-0.14201
-0.1578
-0.16019
-0.18359
-0.19509
-0.16996
-0.18102
-0.19234
-0.15582
-0.13012
-0.092101
-0.061494
-0.036066
-0.028916
-0.053118
-0.028994
-0.014969
-0.035716
-0.010901
0.013483
0.026552
0.03489
0.031129
0.037422
0.039381
0.060173
0.041662
0.051459
0.051801
0.069073
0.081816
0.065883
0.0747
0.07156
0.085621
0.063113
0.07407
0.033505
0.02503
0.077536
0.089231
0.048868
0.015477
-0.017003
-0.033809
-0.06371
-0.072864
-0.046214
-0.038421
-0.073779
-0.093677
-0.070946
-0.025132
-0.031153
-0.044251
-0.06694
-0.068217
-0.08407
-0.0598
-0.078478
-0.052884
-0.028407
-0.025323
-0.043789
-0.04745
-0.061073
-0.016381
0.00046092
-0.025582
-0.026598
-0.0038125
-0.0073867
0.02238
0.044085
0.023274
0.041063
0.046291
0.047696
0.039578
0.046101
0.042179
0.054419
0.043654
0.061334
0.091618
0.080907
0.079645
0.080019
0.081867
0.061384
0.056078
0.056491
0.074018
0.052701
0.043839
0.011737
0.0063809
0.01321
-0.0091577
0.029064
0.025271
0.013293
0.023784
0.0046265
-0.0098539
-0.033987
-0.031488
-0.040844
-0.012367
-0.00042861
-0.012213
-0.025672
-0.024352
-0.0078494
-0.03526
-0.065468
-0.084617
-0.07623
-0.11046
-0.12447
-0.14099
-0.11188
-0.062785
-0.072167
-0.044417
-0.056189
-0.06603
-0.014616
0.00036528
0.02209
-6.4859e-005
-0.0097754
-0.023769
-0.034461
-0.029614
-0.028112
-0.0005307
0.013176
0.036717
0.051852
0.014296
0.0073857
0.016035
0.0082031
0.0015961
0.0040317
-0.0040259
-0.0029502
0.018772
0.015961
0.014475
-0.0054411
0.01292
0.055662
0.044298
0.036609
0.073199
0.076788
0.091769
0.06444
0.049083
0.042516
0.015328
-0.045522
-0.053665
-0.080362
-0.093959
-0.11559
-0.11677
-0.098633
-0.074644
-0.089292
-0.13419
-0.1457
-0.16883
-0.20854
-0.21953
-0.25202
-0.27262
-0.2196
-0.22993
-0.22781
-0.24182
-0.28511
-0.30848
-0.33059
-0.33986
-0.35763
-0.35468
-0.32845
-0.3142
-0.31056
-0.30748
-0.29923
-0.2942
-0.30811
-0.31097
-0.31323
-0.31772
-0.31387
-0.30376
-0.32466
-0.30689
-0.33203
-0.32414
-0.305
-0.31244
-0.29019
-0.28631
-0.27717
-0.27884
-0.29033
-0.3185
-0.33164
-0.32481
-0.35479
-0.37328
-0.3878
-0.34269
-0.30595
-0.2999
-0.2907
-0.26949
-0.26553
-0.28283
-0.27736
-0.29253
-0.26089
-0.22011
-0.2082
-0.21947
-0.23905
-0.23141
-0.22482
-0.22561
-0.22515
-0.20063
-0.20488
-0.23409
-0.25262
-0.25482
-0.26256
-0.24962
-0.2402
-0.23257
-0.20636
-0.19451
-0.18559
-0.17776
-0.18383
-0.23873
-0.23868
-0.23586
-0.20246
-0.17917
-0.15115
-0.15183
-0.16585
-0.1704
-0.16464
-0.17814
-0.20096
-0.20435
-0.20609
-0.20013
-0.21045
-0.20126
-0.17645
-0.19292
-0.1977
-0.19241
-0.17988
-0.1664
-0.16707
-0.19221
-0.14325
-0.092244
-0.089362
-0.1136
-0.10656
-0.13495
-0.1264
-0.097829
-0.098064
-0.089579
-0.080954
-0.10684
-0.090889
-0.096243
-0.112
-0.11868
-0.11847
-0.13052
-0.10547
-0.084184
-0.11074
-0.1116
-0.11773
-0.14527
-0.12767
-0.099622
-0.057787
-0.025049
-0.020754
-0.025074
-0.029831
-0.068751
-0.044501
-0.058887
-0.059297
-0.058323
-0.10083
-0.13248
-0.16106
-0.13778
-0.10699
-0.11628
-0.1222
-0.13824
-0.16243
-0.20957
-0.20999
-0.20246
-0.2185
-0.22183
-0.21092
-0.20539
-0.19094
-0.18092
-0.19364
-0.20529
-0.21333
-0.24927
-0.28017
-0.28377
-0.3055
-0.27415
-0.28701
-0.29725
-0.26206
-0.28038
-0.28424
-0.27959
-0.2652
-0.27176
-0.29155
-0.27715
-0.25123
-0.26016
-0.27489
-0.28654
-0.28456
-0.28887
-0.30914
-0.31622
-0.33599
-0.33893
-0.36651
-0.33228
-0.3329
-0.30196
-0.32059
-0.34035
-0.3241
-0.32859
-0.34487
-0.36932
-0.38644
-0.39236
-0.35651
-0.34387
-0.36178
-0.39721
-0.39846
-0.36908
-0.36933
-0.34782
-0.34778
-0.32716
-0.30898
-0.3091
-0.3019
-0.28251
-0.28097
-0.28126
-0.30766
-0.24999
-0.2142
-0.22641
-0.26812
-0.26702
-0.28875
-0.27065
-0.29637
-0.31684
-0.309
-0.26816
-0.30963
-0.29523
-0.28334
-0.29429
-0.2927
-0.28331
-0.28654
-0.27375
-0.27962
-0.27734
-0.25588
-0.24949
-0.26891
-0.28787
-0.28038
-0.25512
-0.25785
-0.25451
-0.25753
-0.268
-0.248
-0.25408
-0.2321
-0.20414
-0.20386
-0.18635
-0.21575
-0.22833
-0.23453
-0.20611
-0.17587
-0.17306
-0.15331
-0.14688
-0.14862
-0.16886
-0.18212
-0.15475
-0.14205
-0.13057
-0.12995
-0.14961
-0.16864
-0.1566
-0.15306
-0.1115
-0.07808
-0.077929
-0.050443
-0.080948
-0.087041
-0.089879
-0.092022
-0.093501
-0.11747
-0.12381
-0.11406
-0.11763
-0.13151
-0.14967
-0.14349
-0.13723
-0.14559
-0.12632
-0.1428
-0.1509
-0.1505
-0.16083
-0.13495
-0.11966
-0.1086
-0.111
-0.12005
-0.12135
-0.11008
-0.098316
-0.1178
-0.12811
-0.12082
-0.11307
-0.10705
-0.1321
-0.11225
-0.075242
-0.10703
-0.12879
-0.1412
-0.12628
-0.12002
-0.12617
-0.12559
-0.14291
-0.11264
-0.11207
-0.11648
-0.10821
-0.086461
-0.089416
-0.13252
-0.12956
-0.12853
-0.1149
-0.15848
-0.16038
-0.15854
-0.19474
-0.22939
-0.20851
-0.16507
-0.15729
-0.14111
-0.18703
-0.20814
-0.22016
-0.26251
-0.25084
-0.2376
-0.23567
-0.22253
-0.24027
-0.20392
-0.18054
-0.15776
-0.17218
-0.20659
-0.21195
-0.21165
-0.18727
-0.19753
-0.18577
-0.19243
-0.19029
-0.20173
-0.20453
-0.20199
-0.21749
-0.19402
-0.18658
-0.19143
-0.21396
-0.25388
-0.2496
-0.24258
-0.25227
-0.24469
-0.23155
-0.22738
-0.22726
-0.21823
-0.17621
-0.16931
-0.16492
-0.17314
-0.16425
-0.18453
-0.17586
-0.19307
-0.21381
-0.19205
-0.16427
-0.14549
-0.13982
-0.13868
-0.14325
-0.17994
-0.18798
-0.15462
-0.19543
-0.20715
-0.19928
-0.19852
-0.21882
-0.23913
-0.22233
-0.19853
-0.17467
-0.17468
-0.18092
-0.13705
-0.16439
-0.17556
-0.1587
-0.16968
-0.16624
-0.15966
-0.15
-0.16302
-0.1725
-0.18209
-0.19779
-0.22826
-0.25262
-0.26829
-0.27574
-0.26111
-0.27503
-0.29571
-0.26875
-0.24835
-0.22398
-0.20514
-0.21077
-0.21557
-0.22864
-0.19995
-0.23223
-0.21973
-0.19392
-0.17408
-0.12853
-0.14306
-0.13191
-0.15598
-0.18967
-0.18371
-0.1845
-0.18497
-0.21425
-0.23247
-0.21591
-0.18188
-0.2057
-0.22568
-0.2131
-0.2011
-0.2032
-0.23851
-0.26441
-0.25905
-0.23757
-0.2419
-0.24733
-0.25935
-0.257
-0.22756
-0.23398
-0.26546
-0.28573
-0.27467
-0.28047
-0.29906
-0.33003
-0.32687
-0.33593
-0.32101
-0.28951
-0.31099
-0.27574
-0.3101
-0.3231
-0.35031
-0.33905
-0.34542
-0.36017
-0.37829
-0.38926
-0.3743
-0.3884
-0.39395
-0.38494
-0.41573
-0.39539
-0.42371
-0.42945
-0.45422
-0.46031
-0.47953
-0.49564
-0.5172
-0.50287
-0.50078
-0.4839
-0.47946
-0.48625
-0.49155
-0.49999
-0.54989
-0.56946
-0.56615
-0.56
-0.56228
-0.5465
-0.53484
-0.53041
-0.53677
-0.53422
-0.50229
-0.4682
-0.44399
-0.42232
-0.4125
-0.43326
-0.43902
-0.44061
-0.46054
-0.46629
-0.4688
-0.43652
-0.42246
-0.36974
-0.39046
-0.42363
-0.42797
-0.4279
-0.41264
-0.42134
-0.41986
-0.41055
-0.40144
-0.41898
-0.42528
-0.40501
-0.36939
-0.38001
-0.404
-0.43947
-0.46873
-0.46875
-0.47125
-0.42886
-0.46557
-0.46489
-0.41584
-0.42827
-0.44984
-0.48043
-0.48248
-0.48877
-0.47973
-0.48637
-0.49619
-0.49159
-0.49295
-0.48357
-0.45914
-0.4543
-0.46227
-0.44269
-0.4653
-0.48755
-0.47527
-0.46359
-0.48979
-0.46494
-0.46141
-0.45962
-0.42069
-0.40774
-0.3902
-0.3688
-0.41477
-0.43562
-0.43395
-0.42302
-0.40331
-0.41886
-0.42797
-0.45437
-0.43003
-0.43534
-0.44283
-0.41889
-0.40613
-0.40742
-0.39655
-0.39473
-0.39217
-0.3878
-0.37726
-0.37895
-0.3662
-0.36394
-0.34057
-0.36173
-0.37256
-0.40159
-0.39284
-0.37273
-0.37364
-0.36398
-0.3489
-0.36201
-0.3857
-0.38409
-0.39793
-0.42266
-0.43945
-0.4081
-0.39622
-0.3994
-0.42188
-0.43585
-0.46545
-0.45111
-0.4461
-0.41218
-0.41971
-0.43628
-0.4282
-0.43984
-0.44099
-0.45386
-0.48508
-0.50609
-0.51434
-0.48702
-0.45512
-0.464
-0.423
-0.42309
-0.4294
-0.42067
-0.42223
-0.41453
-0.40855
-0.43878
-0.44729
-0.45326
-0.47106
-0.48474
-0.49417
-0.50771
-0.50174
-0.49036
-0.47764
-0.48484
-0.50717
-0.52416
-0.55205
-0.54323
-0.54805
-0.54585
-0.5433
-0.54815
-0.53444
-0.52103
-0.53669
-0.56837
-0.56761
-0.60809
-0.59472
-0.56607
-0.53806
-0.54006
-0.54925
-0.55625
-0.53855
-0.52346
-0.51461
-0.52061
-0.50038
-0.47328
-0.4765
-0.48891
-0.50085
-0.50431
-0.50639
-0.50448
-0.48878
-0.49213
-0.46936
-0.43907
-0.43045
-0.45482
-0.48512
-0.49841
-0.49372
-0.514
-0.50657
-0.53959
-0.55872
-0.53046
-0.55016
-0.55684
-0.55039
-0.54204
-0.54486
-0.5455
-0.52253
-0.49601
-0.47252
-0.48864
-0.50153
-0.47968
-0.45734
-0.46766
-0.45529
-0.44126
-0.42469
-0.42083
-0.39786
-0.3439
-0.32906
-0.34149
-0.33825
-0.36978
-0.36508
-0.42041
-0.4546
-0.4525
-0.44345
-0.44515
-0.4414
-0.45378
-0.4539
-0.4439
-0.45022
-0.45559
-0.48276
-0.49578
-0.48892
-0.51587
-0.53114
-0.54873
-0.54702
-0.53189
-0.54753
-0.51818
-0.49229
-0.49889
-0.49159
-0.4666
-0.46817
-0.47473
-0.48216
-0.48447
-0.47256
-0.45903
-0.45286
-0.43587
-0.46903
-0.51426
-0.51961
-0.52392
-0.52674
-0.52491
-0.5188
-0.52513
-0.5323
-0.53441
-0.54341
-0.5336
-0.52328
-0.50278
-0.51605
-0.53778
-0.50674
-0.52466
-0.49831
-0.49815
-0.50604
-0.4914
-0.51958
-0.50638
-0.52458
-0.52048
-0.54341
-0.55949
-0.56697
-0.58536
-0.5891
-0.61459
-0.64961
-0.64753
-0.67235
-0.68942
-0.69022
-0.72582
-0.72306
-0.73891
-0.72987
-0.71198
-0.70733
-0.705
-0.70557
-0.71994
-0.73009
-0.71395
-0.72791
-0.71231
-0.71897
-0.7546
-0.77056
-0.77684
-0.77868
-0.78038
-0.78282
-0.77495
-0.79599
-0.80634
-0.80441
-0.80448
-0.78597
-0.81036
-0.79413
-0.79512
-0.79391
-0.7823
-0.75872
-0.71734
-0.7392
-0.75151
-0.7515
-0.76394
-0.76418
-0.73985
-0.73019
-0.74335
-0.74754
-0.72797
-0.71359
-0.69159
-0.71609
-0.73445
-0.7413
-0.72819
-0.70665
-0.72336
-0.71412
-0.72581
-0.7462
-0.7653
-0.77173
-0.74231
-0.76757
-0.73511
-0.71177
-0.69187
-0.72412
-0.70894
-0.7139
-0.71019
-0.70723
-0.70949
-0.73538
-0.72853
-0.72192
-0.7098
-0.69003
-0.70034
-0.71664
-0.72109
-0.71069
-0.72064
-0.68763
-0.68588
-0.69336
-0.70152
-0.72179
-0.68748
-0.65572
-0.65398
-0.65367
-0.62177
-0.61383
-0.63272
-0.64303
-0.61251
-0.64134
-0.6464
-0.66392
-0.6553
-0.65751
-0.65174
-0.66052
-0.64326
-0.64875
-0.65895
-0.66226
-0.67718
-0.68616
-0.6966
-0.68127
-0.70768
-0.71433
-0.73176
-0.72153
-0.73976
-0.7751
-0.77651
-0.74081
-0.7143
-0.71951
-0.73103
-0.75323
-0.73064
-0.7459
-0.73315
-0.71779
-0.74441
-0.75379
-0.72648
-0.71959
-0.72508
-0.72326
-0.6942
-0.68607
-0.7073
-0.70333
-0.69522
-0.69159
-0.71354
-0.69616
-0.70512
-0.74629
-0.78235
-0.75433
-0.73071
-0.72717
-0.70646
-0.67464
-0.65089
-0.62167
-0.5936
-0.57163
-0.54534
-0.56641
-0.56871
-0.5702
-0.60193
-0.61733
-0.6311
-0.62738
-0.58515
-0.53037
-0.52777
-0.55663
-0.52889
-0.5211
-0.53482
-0.53102
-0.52979
-0.51179
-0.50412
-0.54344
-0.57895
-0.61091
-0.57909
-0.58349
-0.56219
-0.56385
-0.55515
-0.55221
-0.54617
-0.5402
-0.51201
-0.53817
-0.56514
-0.60302
-0.5943
-0.56542
-0.57703
-0.56852
-0.55251
-0.53777
-0.52148
-0.53859
-0.53787
-0.54293
-0.55386
-0.57114
-0.55229
-0.54384
-0.55766
-0.58985
-0.63016
-0.63776
-0.65145
-0.68067
-0.67008
-0.66172
-0.65986
-0.62811
-0.63694
-0.63002
-0.6555
-0.65462
-0.62993
-0.61787
-0.61802
-0.63011
-0.65852
-0.67956
-0.71438
-0.71888
-0.72409
-0.72523
-0.71927
-0.67642
-0.68885
-0.70878
-0.67155
-0.66573
-0.66442
-0.63816
-0.65108
-0.61795
-0.61352
-0.6055
-0.59023
-0.56587
-0.56172
-0.54363
-0.55688
-0.56154
-0.55088
-0.57949
-0.58941
-0.55506
-0.51687
-0.51873
-0.52774
-0.4904
-0.47408
-0.47275
-0.48609
-0.48421
-0.49013
-0.48038
-0.48917
-0.51473
-0.47851
-0.45411
-0.45315
-0.45302
-0.43766
-0.43708
-0.42743
-0.42232
-0.39376
-0.36031
-0.33521
-0.30672
-0.29112
-0.27589
-0.28666
-0.29461
-0.28464
-0.3055
-0.30695
-0.29012
-0.2726
-0.28353
-0.30047
-0.3333
-0.33383
-0.36292
-0.30512
-0.30684
-0.34436
-0.32868
-0.3232
-0.35124
-0.37606
-0.37395
-0.34405
-0.3313
-0.33818
-0.34601
-0.31829
-0.33636
-0.36079
-0.39503
-0.36629
-0.36216
-0.38143
-0.38965
-0.4044
-0.37572
-0.3729
-0.38114
-0.40882
-0.40904
-0.46086
-0.47984
-0.50581
-0.50331
-0.52392
-0.52625
-0.5186
-0.54012
-0.559
-0.58418
-0.64798
-0.65363
-0.67703
-0.6551
-0.64487
-0.61529
-0.60747
-0.59683
-0.55385
-0.53614
-0.50552
-0.49751
-0.50899
-0.51262
-0.5113
-0.52498
-0.53712
-0.57069
-0.55469
-0.52458
-0.54625
-0.5639
-0.54429
-0.54777
-0.55514
-0.56471
-0.58926
-0.59949
-0.624
-0.63322
-0.63412
-0.6338
-0.67663
-0.68776
-0.69894
-0.6875
-0.7203
-0.69818
-0.70828
-0.72023
-0.70071
-0.71237
-0.69742
-0.71499
-0.74796
-0.74625
-0.72988
-0.71158
-0.72445
-0.75323
-0.75774
-0.77768
-0.73053
-0.72693
-0.70042
-0.68201
-0.68249
-0.71478
-0.76907
-0.7539
-0.73164
-0.72532
-0.72456
-0.73377
-0.76076
-0.78317
-0.79565
-0.78577
-0.77781
-0.77576
-0.76878
-0.71029
-0.68679
-0.71235
-0.73664
-0.7544
-0.76309
-0.75672
-0.74893
-0.72561
-0.73364
-0.71145
-0.70886
-0.69324
-0.70143
-0.69583
-0.70535
-0.70655
-0.68831
-0.68175
-0.69428
-0.7271
-0.76931
-0.76437
-0.72555
-0.73846
-0.72251
-0.73187
-0.75782
-0.7582
-0.76454
-0.75309
-0.74696
-0.75319
-0.76407
-0.75918
-0.76592
-0.77091
-0.78057
-0.77151
-0.73983
-0.75206
-0.74612
-0.73885
-0.71845
-0.70587
-0.69577
-0.67937
-0.66216
-0.65984
-0.66351
-0.6837
-0.64146
-0.62006
-0.6221
-0.64106
-0.66347
-0.67056
-0.65695
-0.6544
-0.66151
-0.64196
-0.64257
-0.64615
-0.63358
-0.64838
-0.65339
-0.65336
-0.65273
-0.64067
-0.6407
-0.62491
-0.58234
-0.53918
-0.51981
-0.54035
-0.56041
-0.56967
-0.55652
-0.58497
-0.59321
-0.61009
-0.62815
-0.63387
-0.58883
-0.5659
-0.5623
-0.56217
-0.51453
-0.50124
-0.4812
-0.49436
-0.45002
-0.44303
-0.4269
-0.43949
-0.41027
-0.37114
-0.40143
-0.42414
-0.43835
-0.4296
-0.414
-0.40895
-0.44095
-0.42728
-0.42329
-0.4195
-0.40845
-0.36725
-0.3606
-0.36801
-0.36154
-0.35674
-0.31565
-0.30073
-0.33234
-0.30994
-0.32517
-0.3354
-0.35511
-0.38387
-0.3868
-0.37123
-0.34064
-0.35686
-0.35265
-0.34884
-0.38307
-0.39198
-0.43009
-0.42735
-0.42489
-0.41599
-0.41582
-0.42318
-0.40589
-0.42396
-0.41385
-0.36674
-0.36067
-0.35673
-0.37684
-0.40924
-0.42598
-0.40745
-0.38089
-0.3849
-0.42547
-0.44712
-0.45006
-0.44803
-0.44012
-0.43367
-0.45917
-0.44319
-0.44693
-0.45912
-0.46047
-0.44994
-0.44412
-0.44798
-0.44944
-0.46094
-0.43763
-0.44831
-0.45608
-0.49571
-0.47088
-0.46742
-0.46932
-0.47042
-0.4828
-0.50497
-0.53009
-0.54058
-0.56347
-0.57122
-0.54952
-0.56448
-0.57537
-0.55723
-0.53923
-0.5278
-0.52537
-0.5264
-0.53641
-0.5618
-0.56767
-0.57049
-0.58553
-0.57738
-0.59079
-0.58264
-0.56998
-0.57672
-0.59
-0.61938
-0.60103
-0.59465
-0.57816
-0.5272
-0.49615
-0.50676
-0.4811
-0.47568
-0.47179
-0.45449
-0.42468
-0.44189
-0.45535
-0.45804
-0.43517
-0.42965
-0.42987
-0.42598
-0.43516
-0.44953
-0.44343
-0.44123
-0.43535
-0.39983
-0.40214
-0.41634
-0.4251
-0.40826
-0.40732
-0.4216
-0.42979
-0.41293
-0.38959
-0.36264
-0.35729
-0.36657
-0.38944
-0.36422
-0.35901
-0.35559
-0.37143
-0.41106
-0.43166
-0.43557
-0.47632
-0.51397
-0.5223
-0.53077
-0.54373
-0.55091
-0.54244
-0.56179
-0.60457
-0.62203
-0.54217
-0.53071
-0.54798
-0.55941
-0.53971
-0.54662
-0.53027
-0.53384
-0.59738
-0.60524
-0.61455
-0.61538
-0.603
-0.61716
-0.62738
-0.64033
-0.64086
-0.63285
-0.63235
-0.63515
-0.62328
-0.65883
-0.65063
-0.61
-0.61863
-0.60436
-0.59837
-0.59999
-0.5675
-0.55798
-0.54267
-0.53476
-0.54948
-0.53078
-0.50833
-0.50614
-0.4639
-0.48042
-0.4939
-0.47693
-0.49303
-0.52281
-0.49258
-0.48034
-0.47918
-0.48424
-0.49533
-0.4862
-0.46518
-0.46238
-0.47114
-0.46186
-0.45233
-0.43438
-0.45609
-0.47458
-0.48743
-0.47952
-0.49027
-0.47645
-0.50894
-0.50553
-0.46794
-0.45186
-0.44648
-0.4419
-0.433
-0.42519
-0.42428
-0.4209
-0.42437
-0.44014
-0.45185
-0.4499
-0.43529
-0.44381
-0.44847
-0.4355
-0.40906
-0.37071
-0.36845
-0.36005
-0.34396
-0.32885
-0.32616
-0.3243
-0.321
-0.326
-0.28847
-0.29721
-0.31134
-0.30021
-0.29468
-0.27272
-0.27749
-0.31783
-0.2937
-0.31647
-0.30969
-0.31518
-0.34201
-0.34523
-0.32587
-0.3614
-0.37083
-0.36217
-0.33844
-0.33728
-0.34983
-0.37224
-0.38108
-0.38435
-0.37213
-0.34704
-0.36168
-0.35425
-0.32816
-0.31952
-0.30169
-0.25262
-0.2408
-0.23706
-0.23797
-0.22956
-0.22388
-0.20875
-0.17156
-0.16951
-0.15359
-0.17555
-0.1719
-0.13375
-0.11407
-0.10455
-0.11329
-0.11856
-0.14426
-0.14927
-0.16724
-0.1871
-0.19765
-0.17944
-0.15938
-0.15395
-0.16721
-0.18611
-0.1653
-0.1855
-0.21326
-0.21628
-0.19714
-0.21678
-0.19847
-0.18253
-0.16944
-0.19087
-0.22119
-0.22869
-0.21158
-0.17972
-0.1613
-0.15808
-0.14789
-0.12228
-0.1057
-0.095732
-0.089613
-0.10223
-0.10228
-0.095577
-0.075965
-0.075968
-0.064637
-0.083792
-0.060237
-0.086036
-0.1188
-0.09615
-0.082707
-0.11204
-0.1665
-0.17365
-0.17198
-0.15098
-0.14538
-0.1498
-0.15088
-0.15987
-0.15204
-0.11701
-0.10296
-0.07751
-0.046032
-0.030433
-0.0097181
-0.019905
-0.028825
-0.019309
-0.013544
-0.038007
-0.0687
-0.10097
-0.10041
-0.10326
-0.1053
-0.099396
-0.10397
-0.1262
-0.12128
-0.1665
-0.18048
-0.18083
-0.18822
-0.18726
-0.18004
-0.1745
-0.13047
-0.14204
-0.14323
-0.14191
-0.14389
-0.13507
-0.1589
-0.18395
-0.2052
-0.20153
-0.21447
-0.19496
-0.19147
-0.21526
-0.19511
-0.1822
-0.15791
-0.16296
-0.17378
-0.20685
-0.2174
-0.19072
-0.1794
-0.17425
-0.185
-0.19098
-0.19076
-0.16712
-0.15008
-0.13924
-0.13671
-0.1473
-0.14559
-0.15364
-0.14661
-0.14496
-0.14767
-0.13846
-0.14941
-0.15513
-0.16625
-0.19401
-0.20644
-0.20159
-0.19333
-0.20232
-0.16361
-0.16364
-0.18771
-0.18794
-0.21573
-0.22487
-0.24378
-0.24577
-0.20814
-0.18304
-0.19529
-0.20403
-0.18555
-0.18397
-0.21386
-0.23219
-0.26549
-0.24946
-0.26046
-0.25865
-0.27001
-0.22949
-0.21765
-0.21554
-0.23535
-0.23014
-0.2185
-0.20385
-0.17862
-0.19548
-0.21885
-0.20252
-0.1703
-0.17861
-0.19245
-0.19478
-0.20351
-0.25048
-0.29842
-0.30531
-0.30658
-0.33008
-0.33789
-0.36221
-0.37178
-0.36449
-0.3761
-0.33297
-0.30799
-0.2905
-0.27465
-0.24086
-0.24347
-0.25644
-0.28707
-0.29718
-0.29661
-0.26925
-0.25005
-0.25819
-0.23326
-0.21049
-0.21184
-0.18498
-0.14818
-0.10094
-0.082526
-0.11124
-0.13409
-0.14969
-0.15303
-0.15582
-0.16549
-0.21025
-0.25077
-0.24907
-0.26303
-0.25486
-0.2827
-0.28259
-0.29305
-0.32076
-0.31864
-0.36778
-0.40224
-0.41821
-0.42254
-0.43627
-0.44622
-0.44114
-0.40341
-0.36985
-0.32802
-0.34353
-0.34907
-0.33435
-0.32644
-0.34247
-0.35054
-0.3717
-0.39708
-0.38505
-0.35439
-0.3259
-0.29692
-0.27015
-0.23869
-0.25727
-0.25782
-0.24552
-0.23937
-0.25161
-0.26906
-0.28343
-0.2876
-0.3291
-0.34588
-0.31366
-0.30584
-0.31179
-0.31363
-0.30174
-0.34235
-0.3317
-0.31274
-0.32843
-0.31215
-0.30384
-0.34337
-0.33434
-0.35099
-0.3731
-0.39206
-0.38529
-0.36989
-0.36831
-0.33429
-0.28215
-0.27557
-0.23937
-0.24164
-0.24695
-0.23681
-0.229
-0.26895
-0.30648
-0.29089
-0.27822
-0.32057
-0.33023
-0.32456
-0.3309
-0.33008
-0.29665
-0.2951
-0.29907
-0.25719
-0.26859
-0.28981
-0.29713
-0.30429
-0.30385
-0.29866
-0.30396
-0.31213
-0.31233
-0.32227
-0.32086
-0.32299
-0.33822
-0.33022
-0.31166
-0.27468
-0.24284
-0.24858
-0.26415
-0.27461
-0.26666
-0.25185
-0.26466
-0.28075
-0.29639
-0.29905
-0.29882
-0.33293
-0.36205
-0.33219
-0.28751
-0.27282
-0.23983
-0.22176
-0.2112
-0.22307
-0.2278
-0.21048
-0.22108
-0.25424
-0.23132
-0.23728
-0.28729
-0.27536
-0.28182
-0.29859
-0.3013
-0.28699
-0.28263
-0.30604
-0.29036
-0.28747
-0.27092
-0.21462
-0.18691
-0.20487
-0.23082
-0.2465
-0.22468
-0.25773
-0.28398
-0.3012
-0.29948
-0.32642
-0.33384
-0.3005
-0.3288
-0.3434
-0.36268
-0.37557
-0.37951
-0.3871
-0.39329
-0.40075
-0.40835
-0.40533
-0.40846
-0.41127
-0.42321
-0.42329
-0.40431
-0.41253
-0.41667
-0.40432
-0.40055
-0.38555
-0.38198
-0.40107
-0.37953
-0.37636
-0.35825
-0.33866
-0.34219
-0.34971
-0.33651
-0.31725
-0.30138
-0.2883
-0.28494
-0.31155
-0.32802
-0.34509
-0.35081
-0.3422
-0.37435
-0.39829
-0.39392
-0.40434
-0.39593
-0.39693
-0.40272
-0.40742
-0.42255
-0.4114
-0.42378
-0.41209
-0.43528
-0.48391
-0.48778
-0.48054
-0.46775
-0.4664
-0.48915
-0.48355
-0.48672
-0.47029
-0.44086
-0.44574
-0.42448
-0.41291
-0.39888
-0.41929
-0.42846
-0.41078
-0.40426
-0.37598
-0.36971
-0.36918
-0.38633
-0.37117
-0.37505
-0.39795
-0.38031
-0.36228
-0.36144
-0.37419
-0.34703
-0.33316
-0.30548
-0.32251
-0.33188
-0.31662
-0.34129
-0.32406
-0.29271
-0.27766
-0.25661
-0.25603
-0.2879
-0.28603
-0.26721
-0.26955
-0.24736
-0.24645
-0.24607
-0.22404
-0.21509
-0.19468
-0.20561
-0.20071
-0.23096
-0.21624
-0.21922
-0.25075
-0.2356
-0.22461
-0.24503
-0.25111
-0.26921
-0.2697
-0.30498
-0.30592
-0.31818
-0.33919
-0.33641
-0.32195
-0.33198
-0.37074
-0.38308
-0.42029
-0.43067
-0.43329
-0.40722
-0.39366
-0.40983
-0.42209
-0.43771
-0.44674
-0.43777
-0.42751
-0.43409
-0.39952
-0.37511
-0.37653
-0.37578
-0.36604
-0.35137
-0.35133
-0.32461
-0.32441
-0.35242
-0.35894
-0.34541
-0.37042
-0.36112
-0.3276
-0.31569
-0.31451
-0.30711
-0.25815
-0.29322
-0.32582
-0.35046
-0.36327
-0.38926
-0.39616
-0.415
-0.42787
-0.43574
-0.44018
-0.4408
-0.44784
-0.45758
-0.43792
-0.42826
-0.40613
-0.43543
-0.41447
-0.39737
-0.4073
-0.39733
-0.39626
-0.39698
-0.41706
-0.44708
-0.45086
-0.45324
-0.48119
-0.49439
-0.51755
-0.50433
-0.50573
-0.48766
-0.48034
-0.48232
-0.47807
-0.50059
-0.48544
-0.49214
-0.52039
-0.52768
-0.54868
-0.57247
-0.56703
-0.59072
-0.58337
-0.59875
-0.63008
-0.63887
-0.62253
-0.59711
-0.56805
-0.54845
-0.51142
-0.51752
-0.47224
-0.48344
-0.4751
-0.46507
-0.48965
-0.50955
-0.49922
-0.45601
-0.41718
-0.40581
-0.43218
-0.42159
-0.38876
-0.41406
-0.41789
-0.38322
-0.38079
-0.3546
-0.35164
-0.36854
-0.36628
-0.37155
-0.37289
-0.38054
-0.41208
-0.41906
-0.39921
-0.37381
-0.38372
-0.36653
-0.33546
-0.34798
-0.38277
-0.36045
-0.35094
-0.38459
-0.36906
-0.36146
-0.36889
-0.34486
-0.35584
-0.356
-0.34407
-0.36636
-0.36124
-0.34185
-0.33624
-0.35742
-0.35483
-0.36469
-0.34819
-0.34311
-0.34384
-0.3468
-0.34301
-0.36845
-0.34065
-0.32544
-0.33271
-0.32904
-0.35126
-0.34268
-0.33127
-0.32869
-0.35442
-0.36027
-0.38445
-0.37922
-0.39433
-0.4416
-0.46336
-0.50985
-0.53434
-0.53475
-0.56119
-0.6017
-0.60219
-0.62536
-0.66425
-0.68933
-0.69795
-0.68815
-0.66058
-0.69267
-0.728
-0.7211
-0.71245
-0.7369
-0.75894
-0.76499
-0.76396
-0.80155
-0.78411
-0.72165
-0.73476
-0.71606
-0.69905
-0.70497
-0.66847
-0.65671
-0.65155
-0.63663
-0.63529
-0.61703
-0.59354
-0.58709
-0.57967
-0.55218
-0.55578
-0.57509
-0.59494
-0.62399
-0.61702
-0.61467
-0.60763
-0.57602
-0.58959
-0.56977
-0.58663
-0.55984
-0.55623
-0.56276
-0.57686
-0.61032
-0.57913
-0.5962
-0.57467
-0.57052
-0.58428
-0.54485
-0.53386
-0.56185
-0.55404
-0.5583
-0.57124
-0.57769
-0.58892
-0.60444
-0.62227
-0.60194
-0.62811
-0.62271
-0.58824
-0.57822
-0.56922
-0.58736
-0.56266
-0.53744
-0.50932
-0.51145
-0.53751
-0.55773
-0.59259
-0.61654
-0.59057
-0.52956
-0.51652
-0.49739
-0.51957
-0.52103
-0.53508
-0.55017
-0.52111
-0.52073
-0.52672
-0.48433
-0.48791
-0.50596
-0.52035
-0.51168
-0.46444
-0.4719
-0.45069
-0.42856
-0.43852
-0.45548
-0.4325
-0.38164
-0.38786
-0.35701
-0.3715
-0.38118
-0.4181
-0.42237
-0.40744
-0.4337
-0.45491
-0.47061
-0.44622
-0.44288
-0.44803
-0.42599
-0.41499
-0.38884
-0.39882
-0.393
-0.39284
-0.37733
-0.37265
-0.36652
-0.35503
-0.3483
-0.33455
-0.31383
-0.2914
-0.29141
-0.29468
-0.30088
-0.31088
-0.31857
-0.31657
-0.28709
-0.29881
-0.31729
-0.32511
-0.33298
-0.32857
-0.32683
-0.30175
-0.34002
-0.34855
-0.33851
-0.34777
-0.35133
-0.35885
-0.35263
-0.35391
-0.37797
-0.41183
-0.42845
-0.4648
-0.47461
-0.47646
-0.4618
-0.46983
-0.46314
-0.48913
-0.48265
-0.4767
-0.50057
-0.51187
-0.54088
-0.57773
-0.57458
-0.56634
-0.59199
-0.57933
-0.59509
-0.63717
-0.65623
-0.64768
-0.64445
-0.59333
-0.58452
-0.57003
-0.55795
-0.55469
-0.53125
-0.56465
-0.56338
-0.54672
-0.58776
-0.56516
-0.56552
-0.57187
-0.5576
-0.59096
-0.60376
-0.6068
-0.58151
-0.52716
-0.53354
-0.53501
-0.55551
-0.52643
-0.52763
-0.48364
-0.46156
-0.42715
-0.42892
-0.42899
-0.4652
-0.48933
-0.51488
-0.50907
-0.50124
-0.49498
-0.49744
-0.49004
-0.48673
-0.4642
-0.46976
-0.49378
-0.52461
-0.51392
-0.49945
-0.48301
-0.49567
-0.4998
-0.47629
-0.47149
-0.46799
-0.4474
-0.44907
-0.43184
-0.40367
-0.41061
-0.42311
-0.41026
-0.40402
-0.40536
-0.39419
-0.36773
-0.35557
-0.3106
-0.30784
-0.31863
-0.34678
-0.33172
-0.34698
-0.33024
-0.36672
-0.34718
-0.32291
-0.336
-0.32887
-0.35112
-0.35517
-0.37128
-0.34464
-0.33392
-0.33715
-0.33255
-0.3197
-0.31115
-0.30111
-0.31124
-0.34018
-0.33647
-0.32194
-0.31576
-0.29407
-0.26654
-0.27563
-0.30038
-0.29087
-0.32465
-0.3259
-0.32408
-0.30725
-0.25167
-0.23818
-0.26859
-0.27823
-0.25645
-0.22813
-0.20846
-0.18009
-0.18151
-0.14647
-0.10406
-0.078303
-0.063308
-0.092539
-0.12515
-0.10349
-0.10322
-0.1339
-0.15744
-0.20208
-0.24484
-0.22841
-0.20402
-0.20302
-0.19675
-0.22823
-0.23009
-0.21598
-0.20821
-0.19935
-0.20115
-0.1693
-0.1628
-0.1463
-0.1571
-0.12911
-0.12401
-0.13335
-0.11235
-0.075577
-0.069949
-0.045498
-0.042082
-0.039546
-0.028479
-0.030538
-0.037136
-0.036475
-0.050447
-0.062879
-0.056597
-0.041017
-0.02838
-0.020872
-0.0018414
0.0082242
0.035183
0.07273
0.098119
0.091128
0.076492
0.081552
0.10749
0.10803
0.092735
0.067399
0.07473
0.095465
0.08613
0.068491
0.079357
0.089109
0.089669
0.082583
0.084559
0.096603
0.073443
0.092647
0.12132
0.13132
0.16522
0.17529
0.17414
0.21691
0.17929
0.16407
0.19347
0.19601
0.16944
0.17672
0.2204
0.24447
0.27731
0.27057
0.24936
0.26971
0.27111
0.27386
0.28268
0.26568
0.26422
0.26211
0.2432
0.2327
0.2493
0.27234
0.28987
0.27439
0.2846
0.28842
0.31939
0.30838
0.28883
0.32636
0.31392
0.32057
0.2992
0.2977
0.3039
0.34895
0.35882
0.36569
0.36815
0.36653
0.33144
0.33675
0.35405
0.33403
0.32518
0.36044
0.39448
0.39454
0.38261
0.42486
0.42265
0.4463
0.46402
0.46371
0.47559
0.48899
0.48628
0.51916
0.54372
0.57053
0.604
0.59589
0.56351
0.54295
0.5456
0.57094
0.60907
0.6053
0.61574
0.64636
0.65474
0.70063
0.70713
0.70804
0.70273
0.7233
0.72019
0.73476
0.74076
0.71626
0.68402
0.66022
0.63819
0.66332
0.70635
0.69488
0.70336
0.75081
0.76129
0.71412
0.71777
0.70786
0.69299
0.69343
0.6717
0.70867
0.7224
0.76103
0.77128
0.74372
0.72908
0.71649
0.69913
0.6961
0.71195
0.70692
0.73112
0.74396
0.74148
0.74333
0.71453
0.73121
0.69626
0.69714
0.7097
0.7059
0.70872
0.73185
0.71471
0.71172
0.68777
0.65356
0.62811
0.63618
0.64954
0.63677
0.65212
0.66902
0.64915
0.64946
0.64805
0.66892
0.70178
0.70133
0.67394
0.69242
0.68853
0.68691
0.69333
0.69773
0.67499
0.63771
0.65217
0.60742
0.57663
0.55891
0.51939
0.54219
0.55454
0.52294
0.50382
0.49402
0.46541
0.42712
0.41262
0.424
0.43961
0.4793
0.50668
0.49915
0.50137
0.49797
0.49202
0.49923
0.50771
0.51996
0.51747
0.50031
0.50964
0.49789
0.51112
0.50182
0.48416
0.4813
0.46135
0.4732
0.49808
0.54868
0.5902
0.62842
0.6284
0.60255
0.61924
0.62719
0.59815
0.58111
0.54678
0.54833
0.55363
0.53736
0.52231
0.54406
0.56912
0.54714
0.54003
0.52727
0.52854
0.53153
0.54205
0.54602
0.55682
0.56588
0.55822
0.58963
0.56451
0.59441
0.60574
0.61292
0.62264
0.63705
0.6299
0.64346
0.62588
0.60737
0.6091
0.63266
0.62483
0.63097
0.66244
0.65503
0.64895
0.62852
0.6255
0.64553
0.66737
0.69111
0.69585
0.64494
0.61259
0.63591
0.59257
0.55684
0.55324
0.57466
0.55372
0.53696
0.52872
0.60413
0.62987
0.63474
0.62991
0.63644
0.64033
0.63574
0.6356
0.63013
0.60947
0.60865
0.63229
0.67027
0.67699
0.67959
0.65832
0.67112
0.66365
0.62221
0.61984
0.63327
0.62278
0.61618
0.62759
0.64178
0.65693
0.68232
0.67795
0.68607
0.69143
0.69996
0.70747
0.70693
0.7026
0.73352
0.73794
0.70846
0.71575
0.70791
0.70539
0.6926
0.68465
0.69194
0.71383
0.71842
0.71779
0.75784
0.76994
0.75598
0.76719
0.73526
0.71775
0.70978
0.712
0.72379
0.71066
0.70944
0.73176
0.74655
0.74095
0.75346
0.76665
0.8061
0.81882
0.83276
0.85427
0.85083
0.85638
0.82956
0.83898
0.83259
0.79339
0.76206
0.75066
0.77045
0.75843
0.73513
0.72591
0.74528
0.76719
0.7888
0.80615
0.80746
0.80753
0.82862
0.81309
0.78831
0.81322
0.84468
0.83806
0.858
0.85133
0.84508
0.83418
0.79205
0.78063
0.78615
0.76851
0.75903
0.76078
0.74513
0.75357
0.76465
0.78323
0.76178
0.75634
0.73148
0.72879
0.72653
0.74306
0.74095
0.77285
0.77872
0.77106
0.76129
0.76461
0.76818
0.78239
0.77458
0.79914
0.78674
0.80771
0.79005
0.7512
0.76549
0.76212
0.7656
0.73805
0.73612
0.69709
0.66193
0.65183
0.6261
0.60009
0.55635
0.54173
0.55157
0.55661
0.51262
0.50236
0.50762
0.5071
0.49377
0.50714
0.50348
0.52867
0.5509
0.57707
0.60192
0.60871
0.58753
0.589
0.58167
0.53534
0.5616
0.55054
0.57308
0.58676
0.5887
0.59075
0.57052
0.52752
0.5389
0.52617
0.54461
0.54026
0.50903
0.50229
0.49212
0.5058
0.50699
0.48007
0.4681
0.44076
0.43878
0.42261
0.4189
0.42166
0.45275
0.46819
0.47813
0.48706
0.48574
0.48561
0.50685
0.52059
0.51252
0.5492
0.55719
0.55949
0.56635
0.56884
0.56921
0.5681
0.60575
0.62464
0.62649
0.65567
0.64597
0.66687
0.66658
0.66662
0.66852
0.67454
0.67041
0.64429
0.6338
0.62666
0.6013
0.61054
0.62782
0.63886
0.6602
0.68982
0.70945
0.73582
0.7435
0.74774
0.73721
0.72481
0.73293
0.72068
0.70929
0.68602
0.67592
0.69223
0.67838
0.65023
0.6751
0.63731
0.64044
0.66062
0.65847
0.67475
0.6867
0.70155
0.70695
0.73499
0.76677
0.74589
0.75259
0.76048
0.73872
0.74092
0.76679
0.77496
0.80511
0.8013
0.7965
0.80664
0.81838
0.84998
0.83964
0.85242
0.83252
0.84624
0.81936
0.79644
0.83023
0.80907
0.78789
0.79534
0.81784
0.83194
0.84042
0.83923
0.84667
0.81028
0.80675
0.82834
0.84579
0.83609
0.82391
0.7952
0.80073
0.82149
0.86097
0.85966
0.83332
0.83853
0.85137
0.86707
0.85658
0.85111
0.86385
0.87353
0.90016
0.90439
0.915
0.92439
0.91424
0.9151
0.95346
0.97643
0.95227
0.95736
0.94041
0.93916
0.90969
0.92787
0.92623
0.93548
0.96331
0.93157
0.93262
0.94116
0.93256
0.93153
0.91604
0.93413
0.91054
0.91401
0.93167
0.92517
0.8885
0.89387
0.90255
0.90514
0.92949
0.92747
0.94711
0.95015
0.93431
0.93199
0.93866
0.92951
0.90487
0.90716
0.89543
0.90118
0.90934
0.90775
0.92437
0.95605
1
0.99098
0.98926
0.97471
0.92529
0.92116
0.91336
0.90262
0.89443
0.86928
0.85155
0.84293
0.84723
0.87275
0.86501
0.87711
0.88935
0.91578
0.91037
0.8899
0.87363
0.88334
0.87757
0.89044
0.91524
0.92879
0.91607
0.92807
0.90631
0.90735
0.8743
0.84012
0.83592
0.8328
0.82029
0.80904
0.81394
0.81657
0.83739
0.81308
0.78654
0.76469
0.75692
0.78587
0.78908
0.77794
0.73105
0.77073
0.76133
0.7393
0.78291
0.77846
0.7888
0.79251
0.77202
0.76629
0.77417
0.77065
0.77967
0.74451
0.73093
0.73032
0.71474
0.72706
0.72189
0.67282
0.64407
0.62065
0.59838
0.63873
0.666
0.64407
0.63841
0.63196
0.64593
0.66262
0.64037
0.63141
0.63167
0.60184
0.5971
0.60705
0.60609
0.57787
0.55814
0.57457
0.58867
0.5573
0.52538
0.5407
0.55276
0.5631
0.56218
0.57412
0.58261
0.57062
0.61196
0.62866
0.622
0.58295
0.59245
0.5615
0.56118
0.55214
0.56592
0.57907
0.58457
0.56079
0.57336
0.6071
0.59766
0.59517
0.57339
0.5731
0.59077
0.61465
0.60774
0.6278
0.63715
0.65511
0.63528
0.6378
0.63255
0.64275
0.69013
0.70331
0.67616
0.64685
0.64308
0.63231
0.62041
0.64081
0.64203
0.6411
0.62815
0.63651
0.65007
0.66478
0.66971
0.63677
0.64465
0.67708
0.70012
0.68475
0.68365
0.67586
0.67604
0.70793
0.6671
0.62329
0.6208
0.60272
0.5856
0.60954
0.63882
0.67483
0.6973
0.67816
0.65925
0.68971
0.7402
0.75771
0.77007
0.75276
0.73301
0.71361
0.71324
0.6605
0.63727
0.64987
0.67019
0.6657
0.64725
0.67547
0.66001
0.65286
0.65002
0.65118
0.65312
0.67657
0.6567
0.63854
0.65858
0.67544
0.725
0.70916
0.71749
0.73983
0.7266
0.75571
0.76371
0.80389
0.7786
0.76511
0.75086
0.73557
0.73788
0.76302
0.71905
0.69381
0.66566
0.67432
0.6975
0.71208
0.73886
0.74651
0.75804
0.73411
0.76598
0.75444
0.7443
0.74513
0.76827
0.79707
0.79453
0.79943
0.7837
0.77189
0.77048
0.77586
0.77319
0.75815
0.74277
0.72789
0.74037
0.72316
0.75164
0.74988
0.73495
0.7167
0.72636
0.75504
0.79277
0.83279
0.8699
0.88073
0.86504
0.85492
0.8554
0.84183
0.8526
0.82728
0.85889
0.85869
0.85601
0.84065
0.83943
0.83321
0.8366
0.85751
0.87761
0.86039
0.86189
0.89629
0.8926
0.87695
0.88249
0.85645
0.80722
0.79967
0.77404
0.7637
0.74232
0.76567
0.77709
0.79275
0.79007
0.78891
0.78984
0.78482
0.78287
0.78085
0.76837
0.78432
0.78732
0.7838
0.75512
0.73522
0.71585
0.68906
0.67819
0.65012
0.63414
0.63653
0.61791
0.61217
0.61414
0.59019
0.58288
0.57341
0.62244
0.64449
0.65461
0.66086
0.69337
0.6385
0.62129
0.61278
0.62632
0.60802
0.57918
0.61972
0.6362
0.61827
0.63926
0.65165
0.62046
0.66125
0.66111
0.6467
0.64934
0.61124
0.60256
0.57244
0.56417
0.5653
0.58778
0.59613
0.61913
0.64121
0.6348
0.62382
0.60623
0.59786
0.59377
0.60215
0.60666
0.63536
0.6675
0.65889
0.62885
0.61801
0.61347
0.62174
0.63315
0.63868
0.64199
0.61735
0.59433
0.5906
0.59497
0.60568
0.59432
0.58416
0.57949
0.56328
0.54182
0.52687
0.52012
0.53129
0.52968
0.52197
0.54543
0.52189
0.48445
0.48143
0.47827
0.46095
0.48483
0.47609
0.45289
0.4487
0.47574
0.47201
0.48036
0.44509
0.41012
0.37357
0.365
0.3993
0.3987
0.3693
0.37501
0.39578
0.40184
0.40629
0.39063
0.35813
0.34319
0.3028
0.29136
0.26721
0.28446
0.25277
0.21503
0.19247
0.20498
0.23809
0.26794
0.25672
0.25608
0.27483
0.27106
0.2901
0.27632
0.25753
0.26459
0.27937
0.28886
0.28542
0.27609
0.26361
0.29263
0.31267
0.33214
0.35491
0.34131
0.32955
0.3073
0.26691
0.29568
0.28337
0.29486
0.30012
0.28676
0.28925
0.31152
0.32821
0.33663
0.33278
0.36387
0.3955
0.40625
0.41333
0.40089
0.40907
0.40709
0.42833
0.41484
0.45498
0.44085
0.44741
0.4606
0.40458
0.39683
0.39555
0.39804
0.43415
0.42445
0.40058
0.41478
0.41493
0.42433
0.43571
0.39143
0.40965
0.40869
0.39024
0.38588
0.42048
0.41958
0.39408
0.42291
0.39974
0.41228
0.43146
0.43686
0.43875
0.47045
0.5191
0.50007
0.47895
0.46482
0.43958
0.43776
0.43555
0.43824
0.46232
0.4456
0.46079
0.42869
0.43586
0.44527
0.46751
0.49372
0.51245
0.51808
0.5244
0.52412
0.51205
0.50837
0.50699
0.48941
0.48918
0.46463
0.484
0.49023
0.48434
0.46815
0.47524
0.4906
0.45844
0.50067
0.50105
0.46716
0.45379
0.44022
0.44419
0.42064
0.42192
0.44951
0.44134
0.44757
0.42679
0.40817
0.4285
0.45223
0.45817
0.44196
0.46217
0.49389
0.49031
0.49901
0.52702
0.54681
0.55895
0.51505
0.53522
0.5339
0.52021
0.50958
0.49673
0.49531
0.51283
0.53707
0.52981
0.53653
0.51671
0.48539
0.4868
0.46057
0.44533
0.48721
0.49802
0.49174
0.44408
0.45129
0.463
0.46208
0.46432
0.48378
0.48415
0.44248
0.45476
0.45375
0.4667
0.4497
0.44681
0.43941
0.43594
0.42866
0.45315
0.50577
0.50419
0.507
0.49135
0.48003
0.48492
0.49942
0.51336
0.53058
0.50704
0.50554
0.52069
0.53628
0.53155
0.50855
0.51895
0.52984
0.53441
0.52572
0.50484
0.50591
0.50817
0.51865
0.52102
0.49483
0.51334
0.50045
0.51749
0.50917
0.49314
0.45097
0.43992
0.43402
0.43971
0.41817
0.40398
0.39392
0.36609
0.37495
0.38483
0.3867
0.40588
0.37524
0.37523
0.40782
0.40412
0.37805
0.40917
0.43679
0.43708
0.43301
0.4481
0.4984
0.53323
0.5635
0.58358
0.5927
0.61065
0.62103
0.61607
0.65169
0.68268
0.66689
0.6878
0.69275
0.70225
0.68535
0.674
0.66552
0.68086
0.69503
0.67705
0.7214
0.69495
0.67407
0.68234
0.65199
0.61213
0.61284
0.60406
0.5988
0.58216
0.58054
0.59837
0.61779
0.62423
0.60586
0.57719
0.57084
0.57883
0.58781
0.57122
0.58052
0.58869
0.54728
0.55581
0.56856
0.58097
0.60951
0.62015
0.63281
0.62914
0.56542
0.55546
0.58097
0.56757
0.57891
0.56625
0.59199
0.5964
0.57871
0.60462
0.56688
0.50324
0.51596
0.52109
0.50165
0.50741
0.50264
0.51585
0.48677
0.49614
0.4811
0.44602
0.42794
0.45105
0.45998
0.45478
0.44766
0.44239
0.45999
0.42505
0.41885
0.40549
0.41813
0.44445
0.46158
0.46651
0.44483
0.41353
0.37152
0.37439
0.35586
0.33771
0.31298
0.33068
0.31883
0.32303
0.32617
0.33686
0.36121
0.39453
0.41003
0.43209
0.44711
0.4367
0.44487
0.41405
0.37368
0.35456
0.314
0.30861
0.29964
0.28587
0.28119
0.27053
0.27284
0.30282
0.32732
0.33334
0.35271
0.35902
0.37716
0.36293
0.34361
0.34616
0.33625
0.3465
0.34527
0.37559
0.35622
0.34235
0.34831
0.33544
0.33896
0.33935
0.33341
0.31376
0.29813
0.31355
0.30491
0.29693
0.27729
0.27788
0.28238
0.31065
0.2984
0.27059
0.24293
0.23682
0.23422
0.24727
0.25127
0.23505
0.27216
0.23884
0.26462
0.27841
0.29937
0.26852
0.25423
0.2244
0.2331
0.2513
0.25274
0.24223
0.22656
0.20635
0.20327
0.21738
0.25899
0.25171
0.24526
0.23122
0.24104
0.22428
0.22298
0.22503
0.21272
0.18761
0.20111
0.21961
0.22665
0.23231
0.23229
0.22365
0.24377
0.27128
0.28181
0.2901
0.26921
0.26516
0.25953
0.2544
0.24893
0.26627
0.23881
0.23699
0.24415
0.22051
0.20641
0.22655
0.25521
0.24779
0.2684
0.29639
0.30605
0.3109
0.29688
0.28397
0.28219
0.28556
0.31063
0.30143
0.30351
0.30864
0.36637
0.36708
0.39111
0.38645
0.41971
0.43462
0.44167
0.45634
0.47669
0.50575
0.53768
0.52874
0.51484
0.5137
0.50734
0.51068
0.47532
0.49316
0.49976
0.46988
0.47828
0.47856
0.48923
0.49736
0.51979
0.5518
0.56641
0.55939
0.57143
0.56766
0.57991
0.5898
0.59362
0.57665
0.57918
0.57621
0.58043
0.59669
0.55463
0.52277
0.53662
0.54639
0.55196
0.57086
0.56887
0.5379
0.54469
0.54224
0.52601
0.56191
0.53725
0.5615
0.54505
0.55029
0.58176
0.59101
0.60914
0.60676
0.61072
0.63945
0.64827
0.66646
0.62512
0.6057
0.59506
0.57692
0.58003
0.58454
0.62022
0.62809
0.6169
0.63755
0.61366
0.59051
0.57859
0.57032
0.6002
0.65582
0.66945
0.623
0.6096
0.63506
0.62727
0.60606
0.60186
0.59156
0.61987
0.59993
0.57575
0.54093
0.54322
0.52148
0.53042
0.54228
0.5286
0.53516
0.58177
0.58941
0.55539
0.57923
0.62343
0.66175
0.63912
0.66208
0.63264
0.61752
0.61667
0.59589
0.58589
0.55454
0.56643
0.55093
0.58433
0.5677
0.59066
0.59454
0.58242
0.57025
0.57359
0.58504
0.62263
0.62732
0.63604
0.65573
0.64149
0.64776
0.66343
0.67563
0.681
0.70778
0.69222
0.68319
0.67894
0.69299
0.66444
0.66677
0.6552
0.64885
0.59678
0.60053
0.61062
0.64485
0.60278
0.5907
0.62137
0.66491
0.66325
0.65384
0.61181
0.57705
0.57483
0.57843
0.58726
0.55127
0.55337
0.57464
0.55389
0.53763
0.55667
0.55952
0.56237
0.52684
0.51059
0.51693
0.49035
0.48266
0.46268
0.46078
0.44377
0.45578
0.43324
0.43433
0.42523
0.4179
0.39491
0.40548
0.4549
0.45695
0.45747
0.43992
0.43209
0.42877
0.41463
0.38057
0.41521
0.41058
0.44067
0.46217
0.41634
0.4045
0.47178
0.49704
0.48991
0.48607
0.49114
0.46442
0.42525
0.44189
0.4581
0.43658
0.42403
0.42304
0.44773
0.45236
0.4282
0.42896
0.4295
0.44799
0.48377
0.49725
0.52036
0.52526
0.5091
0.50994
0.49249
0.52791
0.51052
0.47962
0.47285
0.48619
0.48396
0.50904
0.49925
0.4537
0.48921
0.50705
0.50075
0.47444
0.48126
0.47653
0.45285
0.43956
0.44439
0.46704
0.48236
0.45502
0.46007
0.47001
0.48106
0.48922
0.48529
0.4934
0.48097
0.47898
0.48359
0.50507
0.47699
0.46251
0.48148
0.49121
0.50308
0.505
0.4914
0.47966
0.50035
0.51675
0.48284
0.44199
0.42558
0.42964
0.43964
0.40511
0.382
0.39554
0.41316
0.40747
0.39167
0.41736
0.41516
0.397
0.40317
0.44512
0.48717
0.51299
0.49495
0.49624
0.46033
0.44846
0.42402
0.43167
0.41783
0.41446
0.42618
0.40865
0.40469
0.44742
0.4599
0.43049
0.42979
0.44062
0.46281
0.47228
0.48817
0.51287
0.49075
0.47757
0.49438
0.47303
0.4898
0.49437
0.45893
0.42715
0.44949
0.47293
0.49331
0.49546
0.50499
0.52899
0.47505
0.44586
0.43293
0.43072
0.45332
0.41872
0.42709
0.43036
0.43177
0.41474
0.40159
0.37925
0.4038
0.41975
0.42275
0.4411
0.44316
0.43063
0.41642
0.41722
0.40335
0.36759
0.33422
0.31918
0.31472
0.28774
0.27108
0.25616
0.25524
0.21531
0.21453
0.22597
0.21927
0.19777
0.19761
0.22196
0.23706
0.21925
0.25397
0.25416
0.2605
0.25357
0.27887
0.24966
0.27036
0.26962
0.27409
0.28531
0.27867
0.29621
0.27809
0.28693
0.32063
0.29516
0.3101
0.31934
0.32847
0.34066
0.36998
0.40419
0.42209
0.42968
0.42468
0.42801
0.45788
0.45785
0.41959
0.36793
0.34832
0.33614
0.34909
0.37209
0.36589
0.36898
0.32343
0.32532
0.37162
0.34715
0.34777
0.3343
0.32105
0.30392
0.28984
0.28403
0.26945
0.2375
0.23271
0.19321
0.20977
0.23303
0.21932
0.24432
0.24634
0.21304
0.1916
0.20173
0.18748
0.19648
0.20423
0.21966
0.24111
0.25524
0.24773
0.25751
0.27437
0.25892
0.26616
0.24838
0.22105
0.2497
0.23869
0.2134
0.21739
0.20729
0.18839
0.18473
0.17432
0.18798
0.17677
0.1629
0.17781
0.19844
0.20061
0.24432
0.24328
0.20038
0.22921
0.21963
0.20191
0.2303
0.23418
0.24086
0.22739
0.23634
0.23941
0.22752
0.22665
0.23119
0.24925
0.26021
0.26206
0.29268
0.33554
0.34654
0.33052
0.32567
0.31994
0.3543
0.36597
0.38902
0.39959
0.404
0.40083
0.39008
0.36831
0.35336
0.33397
0.362
0.35807
0.37281
0.35125
0.32932
0.36974
0.37428
0.38151
0.37942
0.39508
0.40783
0.41528
0.4008
0.39365
0.36789
0.34624
0.30831
0.29968
0.3131
0.29717
0.29728
0.28605
0.26426
0.25753
0.26948
0.2875
0.30111
0.32848
0.34659
0.34819
0.33984
0.29724
0.30349
0.3197
0.34712
0.35581
0.3344
0.3045
0.2899
0.26626
0.25564
0.25847
0.25721
0.29682
0.30488
0.2733
0.26536
0.29077
0.32238
0.32762
0.35143
0.34032
0.28791
0.29141
0.26843
0.27648
0.2564
0.24429
0.22499
0.19811
0.1941
0.19633
0.16059
0.14645
0.16581
0.21515
0.20685
0.20337
0.18558
0.20195
0.24945
0.26435
0.27199
0.3036
0.29856
0.2871
0.29847
0.27867
0.25245
0.27473
0.28511
0.29566
0.28901
0.32472
0.33563
0.334
0.32026
0.30574
0.29715
0.32307
0.29822
0.2826
0.27582
0.26652
0.2674
0.26625
0.24984
0.2357
0.22515
0.19263
0.1704
0.1791
0.18384
0.16624
0.16192
0.15195
0.15089
0.17087
0.1787
0.20149
0.19935
0.20539
0.19316
0.18703
0.17109
0.16377
0.17994
0.17503
0.16643
0.17454
0.14769
0.10488
0.053969
0.01799
-0.0071998
-0.0048198
-0.036588
-0.047997
-0.042092
-0.022307
-0.0060337
0.00074138
-0.029027
-0.048034
-0.048951
-0.032501
-0.041094
-0.04781
-0.049617
-0.095128
-0.11131
-0.096058
-0.07559
-0.080228
-0.049985
-0.060088
-0.055944
-0.03969
-0.047939
-0.015812
-0.0033068
-0.011739
-0.020458
-0.037867
-0.044761
-0.083952
-0.099718
-0.065026
-0.038732
-0.014576
0.0071137
0.034475
0.073162
0.11743
0.11059
0.11991
0.11879
0.1033
0.079267
0.066211
0.082341
0.083039
0.07024
0.11047
0.12406
0.13802
0.17307
0.16274
0.16803
0.15516
0.18018
0.17659
0.1715
0.18684
0.19785
0.18944
0.1927
0.20221
0.19989
0.19887
0.16454
0.17524
0.1598
0.15485
0.13161
0.13262
0.11922
0.12945
0.17254
0.20896
0.21577
0.19907
0.20062
0.21665
0.19734
0.15513
0.15997
0.16824
0.20057
0.22933
0.19783
0.18936
0.19371
0.1991
0.18339
0.19551
0.20523
0.20218
0.21599
0.19383
0.21265
0.21741
0.21605
0.2242
0.21143
0.17925
0.20617
0.23482
0.23119
0.21702
0.19963
0.21334
0.19241
0.17231
0.16848
0.16317
0.12451
0.12315
0.11455
0.11262
0.097307
0.11098
0.12882
0.12015
0.13324
0.14419
0.1131
0.082365
0.064609
0.084975
0.090492
0.066276
0.066548
0.11017
0.11144
0.13016
0.12259
0.10569
0.12445
0.12628
0.14088
0.12539
0.12318
0.1371
0.16447
0.15062
0.201
0.22378
0.2208
0.2308
0.23248
0.23615
0.21541
0.21847
0.21247
0.22057
0.23368
0.22566
0.23582
0.24128
0.21711
0.23192
0.20531
0.18255
0.17823
0.16749
0.12943
0.095604
0.097451
0.13629
0.14861
0.15443
0.12185
0.13394
0.14532
0.15938
0.18703
0.19777
0.21385
0.24986
0.24583
0.22556
0.2513
0.24755
0.23677
0.26178
0.24738
0.23901
0.24985
0.2521
0.22106
0.2153
0.22456
0.23887
0.25389
0.26039
0.24021
0.26366
0.26971
0.25917
0.27128
0.26452
0.27532
0.26848
0.2974
0.2412
0.22765
0.24498
0.25598
0.20706
0.18744
0.21733
0.23248
0.26972
0.2932
0.24115
0.247
0.23191
0.25586
0.23599
0.24004
0.23476
0.23455
0.25024
0.27563
0.29231
0.2548
0.24066
0.26719
0.28001
0.24562
0.23113
0.2264
0.20904
0.19526
0.20107
0.21184
0.22342
0.25009
0.27349
0.24789
0.24035
0.26144
0.2614
0.25316
0.28839
0.29683
0.3127
0.2959
0.31072
0.34523
0.32963
0.33629
0.34173
0.31416
0.27139
0.28359
0.31268
0.30766
0.30174
0.24911
0.28472
0.29596
0.30522
0.3078
0.30363
0.33661
0.35283
0.37004
0.36696
0.36848
0.35067
0.37484
0.37204
0.36645
0.39077
0.38107
0.38627
0.40555
0.37863
0.38102
0.34445
0.35204
0.34005
0.2907
0.29633
0.32107
0.30397
0.33278
0.3585
0.36863
0.37616
0.37121
0.39356
0.38474
0.37792
0.37715
0.37474
0.39839
0.4102
0.39654
0.38363
0.39228
0.40361
0.39883
0.41434
0.44241
0.4788
0.47155
0.47587
0.51867
0.53635
0.51813
0.52742
0.55256
0.54784
0.56381
0.50039
0.47868
0.50041
0.54459
0.55191
0.53139
0.52672
0.53685
0.51734
0.51244
0.50906
0.51817
0.53915
0.56682
0.55608
0.55956
0.55587
0.56335
0.55892
0.54666
0.56522
0.5578
0.56119
0.59562
0.61127
0.61717
0.61674
0.60855
0.61492
0.64828
0.66611
0.65355
0.63777
0.63505
0.64014
0.63518
0.61968
0.61381
0.59827
0.56886
0.56752
0.55742
0.52829
0.53775
0.57166
0.53462
0.54174
0.54428
0.56351
0.56906
0.58264
0.55312
0.56221
0.56437
0.55307
0.55118
0.55412
0.54793
0.52712
0.51123
0.51023
0.49422
0.49984
0.50808
0.50276
0.48056
0.47944
0.49253
0.46549
0.4428
0.41945
0.41161
0.40575
0.39626
0.39361
0.38439
0.3959
0.39944
0.39288
0.38313
0.39691
0.44441
0.45968
0.44525
0.4327
0.42596
0.43454
0.4208
0.38745
0.37968
0.39031
0.36542
0.34782
0.33745
0.33644
0.30554
0.2993
0.29169
0.28796
0.26972
0.26412
0.2713
0.26289
0.27992
0.24539
0.25555
0.28192
0.26376
0.2746
0.27587
0.28625
0.26215
0.22678
0.22612
0.21576
0.20182
0.19595
0.24227
0.24366
0.25276
0.26524
0.24682
0.24507
0.25974
0.2766
0.28352
0.22513
0.26126
0.25513
0.25624
0.25716
0.23478
0.21422
0.20611
0.19127
0.17412
0.17783
0.17152
0.22156
0.24691
0.25794
0.24135
0.24436
0.23046
0.22679
0.20732
0.21779
0.24116
0.24848
0.27944
0.29107
0.26723
0.27235
0.31892
0.33457
0.34673
0.3649
0.36914
0.36936
0.36593
0.35007
0.38624
0.38483
0.39752
0.40181
0.37966
0.33364
0.32484
0.35883
0.33732
0.33852
0.34613
0.36251
0.38015
0.3696
0.38035
0.39624
0.40471
0.38763
0.39276
0.37713
0.38038
0.37239
0.35638
0.37522
0.40714
0.41868
0.44725
0.4722
0.48188
0.47698
0.48923
0.50427
0.49281
0.48288
0.46471
0.44144
0.43657
0.41528
0.40419
0.40478
0.43257
0.43046
0.41007
0.38842
0.36655
0.32073
0.3308
0.30579
0.32007
0.31997
0.30674
0.27161
0.28899
0.31283
0.29528
0.26888
0.27526
0.26798
0.25177
0.23205
0.2287
0.20001
0.2021
0.20279
0.2286
0.25967
0.29882
0.29686
0.24499
0.21317
0.20783
0.25833
0.27531
0.26613
0.24418
0.22494
0.22822
0.23305
0.23182
0.24239
0.20864
0.21716
0.25215
0.273
0.26956
0.23387
0.27322
0.26895
0.28039
0.29367
0.30248
0.29308
0.25989
0.24913
0.23289
0.24494
0.26961
0.28043
0.25976
0.27177
0.30148
0.28779
0.34537
0.36576
0.34388
0.35645
0.32489
0.28814
0.27681
0.25407
0.27317
0.25031
0.25571
0.28978
0.32461
0.31871
0.34829
0.35531
0.34674
0.33392
0.3265
0.32291
0.30566
0.2915
0.29176
0.2692
0.23462
0.23706
0.25051
0.25555
0.26038
0.27504
0.28036
0.31185
0.29812
0.3308
0.32479
0.32882
0.30714
0.34754
0.36412
0.34777
0.3661
0.39147
0.39914
0.40348
0.40845
0.40443
0.39312
0.39125
0.36125
0.36347
0.35744
0.36101
0.35551
0.37709
0.3453
0.33342
0.34387
0.33327
0.32891
0.35662
0.33902
0.32882
0.32439
0.32278
0.31667
0.27946
0.28385
0.29834
0.29484
0.28469
0.24198
0.23372
0.19456
0.18912
0.20247
0.19846
0.20511
0.16277
0.14637
0.13918
0.09866
0.079309
0.05828
0.037532
0.04031
0.043719
0.039785
0.023077
0.017479
0.04563
0.058301
0.068653
0.054813
0.038866
0.090208
0.12499
0.15661
0.15295
0.12017
0.13752
0.13087
0.14436
0.13907
0.12286
0.14573
0.17008
0.19629
0.18598
0.17238
0.15246
0.16168
0.18175
0.17359
0.14325
0.14211
0.13153
0.17474
0.19826
0.20295
0.1931
0.18372
0.17592
0.18398
0.17747
0.18701
0.22912
0.25142
0.19868
0.15573
0.13284
0.15018
0.1213
0.10677
0.13926
0.16846
0.1689
0.17257
0.17346
0.15133
0.12406
0.13282
0.12932
0.13274
0.16159
0.15516
0.18335
0.18636
0.1858
0.21065
0.2455
0.23622
0.22354
0.23532
0.26673
0.28084
0.27093
0.24748
0.24282
0.25943
0.2729
0.26955
0.31317
0.32027
0.31531
0.26303
0.25628
0.22055
0.19922
0.20494
0.21931
0.20994
0.20237
0.19486
0.198
0.21963
0.22005
0.22428
0.26566
0.22446
0.22736
0.23371
0.21449
0.22016
0.21401
0.21509
0.2638
0.27051
0.24229
0.22418
0.2233
0.21411
0.17824
0.15986
0.17708
0.14586
0.15967
0.16372
0.13842
0.1298
0.13044
0.12016
0.12815
0.117
0.099933
0.11758
0.096989
0.087847
0.040767
0.035753
0.056837
0.060803
0.069029
0.057036
0.058341
0.043747
0.070811
0.03562
0.030492
0.021436
-0.014766
0.008249
0.0097445
-0.029908
-0.043526
-0.046951
-0.032805
-0.045788
-0.038944
-0.049575
-0.066393
-0.063374
-0.074827
-0.063938
-0.061856
-0.06725
-0.061507
-0.088316
-0.069608
-0.042726
-0.065841
-0.054418
-0.043157
-0.030109
-0.060574
-0.06891
-0.066252
-0.053866
-0.061595
-0.033656
-0.0042916
0.0037483
-0.0017644
0.012311
-0.0091338
-0.013925
-0.036374
-0.027655
-0.024491
-0.014463
-0.057163
-0.061252
-0.061262
-0.097062
-0.089938
-0.078805
-0.077813
-0.1088
-0.074319
-0.060619
-0.078129
-0.11167
-0.11147
-0.079326
-0.074875
-0.077118
-0.049723
-0.045055
-0.065077
-0.063403
-0.046986
-0.030448
-0.0051227
-0.02721
-0.0031377
0.018568
0.029999
0.0042383
0.0078183
0.026206
0.040243
0.012494
0.02811
0.058639
0.073317
0.071569
0.090758
0.099712
0.11974
0.14856
0.13571
0.14989
0.12776
0.15089
0.16736
0.15941
0.1673
0.14943
0.15229
0.15467
0.14813
0.15573
0.14449
0.14016
0.16157
0.15593
0.14849
0.13428
0.14349
0.1679
0.16866
0.16636
0.17026
0.15311
0.15624
0.16736
0.17433
0.20055
0.20054
0.20665
0.20513
0.21723
0.17752
0.18952
0.18095
0.15938
0.18104
0.18529
0.188
0.19138
0.16952
0.14012
0.14312
0.10873
0.10927
0.12458
0.13662
0.11944
0.097809
0.099589
0.08644
0.042599
0.02897
0.034141
0.071534
0.086352
0.050401
0.054529
0.077299
0.080677
0.085646
0.082097
0.11505
0.14716
0.13036
0.14092
0.13093
0.12695
0.12917
0.15702
0.21283
0.23262
0.22748
0.23662
0.27421
0.2797
0.26058
0.24276
0.2496
0.24468
0.2092
0.2159
0.20878
0.2104
0.21177
0.18845
0.18476
0.21854
0.21456
0.18075
0.19205
0.16481
0.15085
0.14845
0.15409
0.14225
0.13337
0.1354
0.12008
0.066337
0.067885
0.041082
0.022592
0.0031852
0.028225
0.04555
0.04796
0.045727
0.054112
0.037264
0.013687
0.052331
0.03926
0.03578
0.039433
0.04465
0.043729
0.049195
0.040051
0.025234
0.021592
0.022601
0.015962
0.047701
0.096877
0.10881
0.11858
0.1498
0.17016
0.17921
0.18564
0.19015
0.17858
0.14245
0.11509
0.11833
0.11433
0.14384
0.13982
0.15671
0.14248
0.12752
0.095013
0.079514
0.07768
0.078416
0.089757
0.094826
0.12309
0.15763
0.15386
0.15468
0.1426
0.18162
0.18775
0.18932
0.19092
0.19101
0.1999
0.21555
0.20291
0.23014
0.24462
0.24052
0.20074
0.18162
0.16008
0.16194
0.12662
0.12615
0.10731
0.11754
0.09828
0.086016
0.059609
0.033333
0.021164
0.027293
0.055601
0.06235
0.08478
0.080767
0.054283
0.061741
0.024258
-0.028084
-0.041247
-0.029747
-0.03662
-0.056948
-0.027244
-0.016506
0.0038385
0.0043082
0.002114
0.039997
0.037521
0.059618
0.042089
0.062955
0.079077
0.083401
0.061519
0.061071
0.064361
0.041191
0.063843
0.066442
0.043681
0.017576
0.023779
0.00048936
0.010258
-0.0047414
-0.018996
-0.014391
-0.0042916
-0.0033905
-0.032035
-0.0091327
0.020451
-0.0056633
-0.019283
0.0091768
0.019383
0.043231
0.021888
-0.012873
-0.025943
0.0056833
0.036285
0.028692
0.038578
0.049134
0.04581
0.027405
-0.0044625
0.0047136
0.013579
0.013209
0.0041558
0.0089093
0.0047582
-0.0095377
-0.021125
-0.017339
-0.014583
0.028965
0.036891
0.024601
0.011616
-0.0009644
0.0050321
0.029659
0.037564
0.062052
0.083239
0.063326
0.035735
0.021878
0.052931
0.072692
0.10508
0.12844
0.11485
0.11381
0.091273
0.085172
0.088922
0.083296
0.09386
0.0773
0.096633
0.074451
0.038385
0.021894
-0.020721
-0.044476
-0.04978
-0.06716
-0.071582
-0.044439
-0.037623
-0.023297
-0.041073
-0.052809
-0.033375
-0.046702
-0.039897
-0.039166
-0.041191
-0.016622
0.022057
0.01296
-0.016858
-0.050885
-0.094904
-0.12247
-0.13576
-0.11974
-0.10156
-0.090613
-0.071609
-0.051374
-0.034752
-0.027119
-0.067894
-0.088651
-0.09311
-0.1137
-0.11362
-0.15824
-0.17579
-0.14527
-0.12964
-0.12937
-0.098746
-0.12398
-0.14733
-0.21391
-0.19363
-0.17758
-0.16395
-0.14517
-0.13763
-0.16387
-0.13031
-0.12188
-0.12041
-0.086685
-0.0496
-0.032503
-0.064527
-0.05533
-0.051877
-0.073706
-0.07
-0.10171
-0.11771
-0.13429
-0.11355
-0.11655
-0.14096
-0.17023
-0.16682
-0.15441
-0.13972
-0.11206
-0.10369
-0.11765
-0.12342
-0.13878
-0.14527
-0.14765
-0.1485
-0.10778
-0.089557
-0.074562
-0.070077
-0.076245
-0.070266
-0.089122
-0.12552
-0.10047
-0.10144
-0.15065
-0.13862
-0.13887
-0.13553
-0.12967
-0.14099
-0.19028
-0.2496
-0.24376
-0.22441
-0.23521
-0.19864
-0.14157
-0.10433
-0.08856
-0.056686
-0.081946
-0.093477
-0.10693
-0.13064
-0.11578
-0.071368
-0.079246
-0.085336
-0.095945
-0.095211
-0.09546
-0.10287
-0.10591
-0.089043
-0.12804
-0.10537
-0.055603
-0.061283
-0.065658
-0.048269
-0.042214
-0.032071
-0.032113
-0.048256
-0.068728
-0.070246
-0.051348
-0.056874
-0.056145
-0.056839
-0.058625
-0.033585
-0.011457
0.0044183
0.019965
0.028282
0.034618
0.016983
0.0018693
0.013927
0.0056081
0.0029632
-0.0093744
-0.028832
-0.03467
-0.032777
-0.05025
-0.031575
-0.011961
-0.01714
-0.056155
-0.050824
-0.027394
-0.0020718
0.0011976
-0.0021916
-0.03548
-0.067009
-0.084346
-0.10075
-0.087083
-0.11175
-0.11827
-0.13282
-0.13668
-0.15559
-0.1822
-0.19969
-0.20041
-0.22329
-0.23123
-0.22795
-0.20109
-0.17174
-0.16216
-0.13693
-0.13106
-0.10926
-0.14557
-0.17992
-0.19236
-0.20056
-0.19192
-0.19011
-0.18861
-0.18037
-0.18072
-0.1887
-0.18459
-0.1644
-0.16066
-0.14261
-0.1696
-0.19329
-0.182
-0.18246
-0.16378
-0.15034
-0.15226
-0.16862
-0.15074
-0.16806
-0.18431
-0.16393
-0.14256
-0.15837
-0.18303
-0.18194
-0.13087
-0.1073
-0.10656
-0.12837
-0.12125
-0.11339
-0.099634
-0.11748
-0.10076
-0.083248
-0.076071
-0.092986
-0.09084
-0.12649
-0.12761
-0.11227
-0.12009
-0.093537
-0.086665
-0.10115
-0.096907
-0.11235
-0.11156
-0.090137
-0.13096
-0.16491
-0.15473
-0.092893
-0.063993
-0.098758
-0.10807
-0.10157
-0.11405
-0.10822
-0.10065
-0.084553
-0.058656
-0.061931
-0.11101
-0.096461
-0.1103
-0.090501
-0.091929
-0.11388
-0.12149
-0.10472
-0.11155
-0.10751
-0.085498
-0.06646
-0.082942
-0.056536
-0.046934
-0.016093
-0.012218
-0.01356
-0.041219
-0.056405
-0.084125
-0.072679
-0.08603
-0.055321
-0.03795
-0.067868
-0.079439
-0.11979
-0.12735
-0.14046
-0.14224
-0.13611
-0.1513
-0.15106
-0.17512
-0.17864
-0.16683
-0.17333
-0.16808
-0.21216
-0.26624
-0.26703
-0.25439
-0.25689
-0.22654
-0.19095
-0.17925
-0.17021
-0.16554
-0.14688
-0.15173
-0.1474
-0.18669
-0.20152
-0.19707
-0.20477
-0.21786
-0.19882
-0.22298
-0.21342
-0.21296
-0.25175
-0.27167
-0.28798
-0.29706
-0.29866
-0.2892
-0.29258
-0.31718
-0.33092
-0.30823
-0.28435
-0.29285
-0.31468
-0.3046
-0.27527
-0.27932
-0.28744
-0.26713
-0.26184
-0.27723
-0.27071
-0.23821
-0.20363
-0.1847
-0.21465
-0.23853
-0.22298
-0.23775
-0.24732
-0.25391
-0.26554
-0.31396
-0.35717
-0.35289
-0.35968
-0.31727
-0.31636
-0.34673
-0.37463
-0.37323
-0.40248
-0.41119
-0.40798
-0.40658
-0.39459
-0.39326
-0.3818
-0.39051
-0.38489
-0.37127
-0.34144
-0.33353
-0.3453
-0.33619
-0.30534
-0.29662
-0.29307
-0.31967
-0.31737
-0.3233
-0.31702
-0.30666
-0.29119
-0.25821
-0.24492
-0.29331
-0.29989
-0.28332
-0.33062
-0.3379
-0.30999
-0.31601
-0.35492
-0.35641
-0.37914
-0.39097
-0.4309
-0.45137
-0.47409
-0.46524
-0.46146
-0.44628
-0.47234
-0.47027
-0.44407
-0.43297
-0.39896
-0.38264
-0.36148
-0.39555
-0.41915
-0.42032
-0.43974
-0.41934
-0.42919
-0.46495
-0.46015
-0.42069
-0.40594
-0.39221
-0.37437
-0.36898
-0.38933
-0.39241
-0.41491
-0.4363
-0.43175
-0.41031
-0.41076
-0.39188
-0.39491
-0.38473
-0.38824
-0.38606
-0.35624
-0.32337
-0.31575
-0.32953
-0.33889
-0.36892
-0.36446
-0.3821
-0.38977
-0.38544
-0.36405
-0.34329
-0.36166
-0.32701
-0.3054
-0.28188
-0.25362
-0.25631
-0.26735
-0.27306
-0.27181
-0.3109
-0.30183
-0.29998
-0.283
-0.30216
-0.32015
-0.32557
-0.3497
-0.34058
-0.36724
-0.36694
-0.35054
-0.32349
-0.34696
-0.36779
-0.3786
-0.40403
-0.44415
-0.44602
-0.45996
-0.44773
-0.42304
-0.38797
-0.37949
-0.3771
-0.38231
-0.42712
-0.42973
-0.43827
-0.45753
-0.48762
-0.50378
-0.5016
-0.5154
-0.53045
-0.5398
-0.58638
-0.63292
-0.63139
-0.62632
-0.61284
-0.60962
-0.63837
-0.66063
-0.67617
-0.67003
-0.68771
-0.68736
-0.68854
-0.70189
-0.68423
-0.64131
-0.63333
-0.60997
-0.61369
-0.64363
-0.69336
-0.67901
-0.65612
-0.64918
-0.64015
-0.65341
-0.66255
-0.66301
-0.66339
-0.66092
-0.65944
-0.66105
-0.66142
-0.6883
-0.69145
-0.68223
-0.67584
-0.66544
-0.67013
-0.67923
-0.70202
-0.72099
-0.71864
-0.71263
-0.70232
-0.70749
-0.70737
-0.69061
-0.67743
-0.75079
-0.76127
-0.74529
-0.73425
-0.73074
-0.73508
-0.75327
-0.77313
-0.74178
-0.72179
-0.7033
-0.67603
-0.67705
-0.67183
-0.67956
-0.65895
-0.66629
-0.66333
-0.66566
-0.67629
-0.67082
-0.68586
-0.67555
-0.6961
-0.68882
-0.69243
-0.70604
-0.74036
-0.74757
-0.72913
-0.72369
-0.7144
-0.71075
-0.70599
-0.71106
-0.74057
-0.72434
-0.71559
-0.69904
-0.68528
-0.66497
-0.67098
-0.70257
-0.68472
-0.70135
-0.70638
-0.68505
-0.66497
-0.64897
-0.621
-0.61871
-0.65614
-0.62409
-0.62264
-0.61431
-0.63099
-0.61641
-0.61663
-0.61031
-0.5892
-0.56081
-0.55879
-0.56961
-0.58501
-0.56012
-0.5363
-0.53399
-0.53438
-0.55255
-0.53602
-0.58178
-0.60649
-0.59091
-0.57952
-0.58611
-0.59308
-0.56691
-0.54802
-0.55605
-0.55975
-0.56684
-0.57879
-0.57658
-0.5825
-0.57679
-0.59334
-0.58853
-0.57193
-0.56662
-0.56165
-0.54911
-0.55045
-0.54798
-0.52328
-0.48494
-0.48777
-0.50076
-0.48684
-0.45729
-0.47074
-0.44569
-0.44782
-0.46525
-0.44494
-0.42002
-0.40366
-0.38624
-0.39175
-0.3816
-0.38861
-0.40635
-0.41008
-0.37295
-0.36613
-0.36524
-0.37665
-0.37949
-0.38078
-0.36863
-0.35434
-0.34355
-0.30769
-0.30538
-0.33487
-0.3434
-0.33719
-0.32651
-0.31989
-0.31506
-0.3193
-0.32144
-0.27842
-0.2707
-0.26255
-0.29578
-0.32207
-0.31578
-0.33004
-0.36543
-0.38871
-0.38576
-0.386
-0.40152
-0.43081
-0.4283
-0.41484
-0.39302
-0.39039
-0.39997
-0.36942
-0.39136
-0.42175
-0.4691
-0.48884
-0.48533
-0.48314
-0.48233
-0.4909
-0.49575
-0.48659
-0.4816
-0.4812
-0.4558
-0.45627
-0.47004
-0.45359
-0.4292
-0.43601
-0.43215
-0.4313
-0.41091
-0.40106
-0.41132
-0.46069
-0.43185
-0.3977
-0.42461
-0.45443
-0.44845
-0.46263
-0.4587
-0.4355
-0.43683
-0.43247
-0.47578
-0.49734
-0.47753
-0.50264
-0.48394
-0.4854
-0.47151
-0.46901
-0.47593
-0.50316
-0.50854
-0.51104
-0.52675
-0.51518
-0.54328
-0.5525
-0.54276
-0.53392
-0.52811
-0.5285
-0.55708
-0.5908
-0.5894
-0.58989
-0.56384
-0.53667
-0.52774
-0.55909
-0.55459
-0.56187
-0.56055
-0.53813
-0.56698
-0.559
-0.52202
-0.49022
-0.49643
-0.45669
-0.41806
-0.41195
-0.42548
-0.42666
-0.43448
-0.43469
-0.42177
-0.40751
-0.39237
-0.37271
-0.36006
-0.34208
-0.35834
-0.34128
-0.33819
-0.31106
-0.30879
-0.31651
-0.31825
-0.33029
-0.35397
-0.34481
-0.32765
-0.33341
-0.36126
-0.36882
-0.36551
-0.33367
-0.31513
-0.29633
-0.32261
-0.36119
-0.3455
-0.36157
-0.34236
-0.34884
-0.37696
-0.41798
-0.40721
-0.39593
-0.39339
-0.40151
-0.38846
-0.33615
-0.33387
-0.33967
-0.32255
-0.31995
-0.31144
-0.32189
-0.30452
-0.28911
-0.25207
-0.21961
-0.19488
-0.20505
-0.24571
-0.23765
-0.22897
-0.21819
-0.21673
-0.20226
-0.1684
-0.13042
-0.14143
-0.1078
-0.084692
-0.066735
-0.061093
-0.05918
-0.07629
-0.081126
-0.060699
-0.073093
-0.10047
-0.11443
-0.10953
-0.10489
-0.12822
-0.11524
-0.090143
-0.086547
-0.086852
-0.10474
-0.065848
-0.061336
-0.021243
-0.0035661
-0.018664
-0.037718
-0.059903
-0.064423
-0.063598
-0.077012
-0.086281
-0.086717
-0.063695
-0.067561
-0.10031
-0.10635
-0.1391
-0.12148
-0.11536
-0.11251
-0.12313
-0.11926
-0.10907
-0.13849
-0.14252
-0.13088
-0.10504
-0.10552
-0.11024
-0.12458
-0.096786
-0.077645
-0.093293
-0.088505
-0.077523
-0.08313
-0.087195
-0.092749
-0.11031
-0.11138
-0.11751
-0.11561
-0.12636
-0.12013
-0.09907
-0.076801
-0.067336
-0.092141
-0.13287
-0.13055
-0.13243
-0.13493
-0.15712
-0.16552
-0.19652
-0.1827
-0.18662
-0.15381
-0.15678
-0.14345
-0.1446
-0.16879
-0.19502
-0.20338
-0.19618
-0.20005
-0.21249
-0.20984
-0.20486
-0.21773
-0.20085
-0.19407
-0.19579
-0.21236
-0.21816
-0.19138
-0.20317
-0.22187
-0.19385
-0.15796
-0.14987
-0.12624
-0.11371
-0.13007
-0.13413
-0.10879
-0.11449
-0.10646
-0.11898
-0.12674
-0.11614
-0.10721
-0.074763
-0.055286
-0.066539
-0.087283
-0.08501
-0.058723
-0.051126
-0.078656
-0.06079
-0.06842
-0.050545
-0.07338
-0.063526
-0.094591
-0.079638
-0.054723
-0.097214
-0.07759
-0.09186
-0.10058
-0.10568
-0.10635
-0.095072
-0.09378
-0.10641
-0.078114
-0.073402
-0.055231
-0.066387
-0.086792
-0.10239
-0.11863
-0.091785
-0.077898
-0.081004
-0.09094
-0.1021
-0.099228
-0.13317
-0.15956
-0.16816
-0.1601
-0.14452
-0.10886
-0.095709
-0.070806
-0.070169
-0.075004
-0.090788
-0.11169
-0.11876
-0.13563
-0.14734
-0.17986
-0.20436
-0.18619
-0.14529
-0.15672
-0.12911
-0.094645
-0.090689
-0.087817
-0.084719
-0.076508
-0.079074
-0.041719
-0.035793
-0.01943
-0.030787
-0.025693
-0.030838
0.0092627
0.010916
-0.022603
-0.028979
-0.024894
-0.019548
-0.060431
-0.048289
-0.054689
-0.024527
-0.035299
-0.033968
-0.056925
-0.04447
-0.075045
-0.082235
-0.094233
-0.10125
-0.086503
-0.063432
-0.044114
-0.031319
-0.020231
0.010948
-0.0090868
-0.02104
-0.019123
-0.028082
-0.061136
-0.038939
-0.021333
-0.038486
-0.078857
-0.047196
-0.016832
-0.00020836
-0.023132
-0.035051
-0.040719
-0.046742
-0.046327
-0.036761
-0.061803
-0.072131
-0.086304
-0.058551
-0.039839
-0.058855
-0.066831
-0.036294
0.019918
0.05512
0.032778
0.032663
0.047117
0.041382
0.054039
0.056823
0.044412
0.042274
0.044094
0.053231
0.060205
0.055228
0.034447
0.0053459
-0.032838
-0.054713
-0.042078
-0.070308
-0.10131
-0.12757
-0.15314
-0.12445
-0.13822
-0.15032
-0.16958
-0.15871
-0.14554
-0.14169
-0.168
-0.1696
-0.13699
-0.13416
-0.18665
-0.19274
-0.13685
-0.12788
-0.11195
-0.065416
-0.08501
-0.11269
-0.12573
-0.11728
-0.1032
-0.09495
-0.10391
-0.11408
-0.1011
-0.094195
-0.098425
-0.11897
-0.13355
-0.11665
-0.10165
-0.10114
-0.11621
-0.14629
-0.17807
-0.1751
-0.15606
-0.16154
-0.13864
-0.13133
-0.095082
-0.069421
-0.0588
-0.016971
0.0036145
0.03595
0.035582
0.037573
0.086466
0.11221
0.1429
0.15774
0.14729
0.1288
0.13535
0.16371
0.16034
0.12614
0.12639
0.11781
0.12743
0.093374
0.082557
0.066665
0.057782
0.071986
0.070673
0.049015
0.041769
0.037878
0.036821
0.048683
0.050378
0.039639
0.033395
0.019446
-0.0038631
-0.0041264
0.065792
0.079275
0.062973
0.076834
0.061541
0.027586
0.023074
0.024204
0.048849
0.044343
0.019395
0.030511
0.016772
-0.02218
-0.051381
-0.041109
-0.036048
-0.035787
-0.021413
-0.025358
-0.027652
-0.034164
0.0024235
-0.025725
-0.023066
-0.042712
-0.04923
-0.036686
-0.022241
-0.0058414
-0.024333
0.0011739
-0.0019509
0.0015761
-0.0076615
-0.012739
-0.057369
-0.085376
-0.048163
-0.04461
-0.06302
-0.080865
-0.073812
-0.048951
-0.059027
-0.041597
-0.022201
-0.047517
-0.07987
-0.07146
-0.088574
-0.084793
-0.064285
-0.049535
-0.060777
-0.069649
-0.047062
-0.033915
0.005342
0.042747
0.01584
0.012217
-0.0001658
-0.027314
-0.040881
-0.060867
-0.10698
-0.092217
-0.10707
-0.14666
-0.15978
-0.14913
-0.14763
-0.18732
-0.18919
-0.22136
-0.19031
-0.18275
-0.1541
-0.1432
-0.094606
-0.093674
-0.094442
-0.073077
-0.050711
-0.071715
-0.092936
-0.077031
-0.079238
-0.090433
-0.11694
-0.10164
-0.088571
-0.061933
-0.031088
-0.019606
-0.014459
-0.018258
-0.0076735
0.0042429
0.02728
0.055125
0.038603
0.028107
0.058312
0.063296
0.03136
0.03374
0.026418
0.042524
0.047119
0.012163
-0.016085
0.0152
0.021132
0.06003
0.073302
0.059489
0.053333
0.059388
0.081215
0.070817
0.070264
0.036771
0.027501
-0.0020605
0.010744
-0.0075345
-0.0013741
0.0012738
-0.0089966
-0.0078032
0.02726
0.012024
0.0065463
-0.00012467
0.021824
-0.002092
-0.0038142
0.011116
0.026045
0.04471
0.036831
0.029493
-0.013479
-0.01682
0.024497
0.010751
0.0011972
0.015803
-0.0076464
-0.029684
-0.060311
-0.064846
-0.03734
-0.034932
-0.031217
-0.052069
-0.072334
-0.075417
-0.064189
-0.071909
-0.037012
-0.023715
0.00022777
-0.023975
-0.045053
-0.022241
0.00020085
0.0050446
0.013521
0.040173
0.040477
0.058731
0.092973
0.1038
0.13791
0.11399
0.10255
0.11554
0.11291
0.092456
0.10267
0.083106
0.094402
0.10542
0.10314
0.096595
0.10022
0.14166
0.17328
0.19291
0.19384
0.20643
0.18934
0.19041
0.18942
0.2104
0.26633
0.25902
0.25162
0.29932
0.31031
0.30825
0.27874
0.27495
0.23885
0.22037
0.22094
0.24954
0.22548
0.22717
0.21989
0.21065
0.19496
0.15841
0.16081
0.16712
0.1681
0.16244
0.13174
0.099746
0.089838
0.072859
0.055991
0.0538
0.091094
0.10435
0.074892
0.048258
0.061964
0.051304
0.028044
0.037965
0.034602
0.032773
0.066333
0.084371
0.090142
0.11318
0.13541
0.14973
0.15697
0.18291
0.20494
0.19815
0.22073
0.2408
0.24245
0.23142
0.28331
0.30299
0.28371
0.27116
0.2791
0.25686
0.28287
0.29796
0.30326
0.32485
0.32436
0.359
0.36297
0.33456
0.32207
0.29971
0.26285
0.2673
0.22271
0.21125
0.23071
0.24817
0.27444
0.30382
0.30449
0.27411
0.25424
0.26644
0.25194
0.23456
0.27822
0.2852
0.28485
0.24892
0.21518
0.19553
0.19217
0.15281
0.12165
0.11688
0.10964
0.13517
0.13421
0.12897
0.13825
0.12684
0.15195
0.16734
0.18651
0.172
0.1464
0.15718
0.16875
0.1249
0.093438
0.10271
0.10658
0.094876
0.094149
0.082962
0.068775
0.065837
0.067567
0.067537
0.041584
0.016536
0.031043
0.027007
0.02925
0.055443
0.058421
0.051187
0.09508
0.10234
0.14109
0.11703
0.087682
0.089843
0.071616
0.062042
0.074356
0.030632
0.038591
0.059294
0.056893
-0.00023587
-0.034153
-0.032608
-0.0094365
-0.0021798
0.026034
0.028251
0.0088162
-0.0019331
-0.0084183
-0.036086
-0.040665
-0.030254
-0.055436
-0.07234
-0.097746
-0.085554
-0.067065
-0.054983
-0.04949
-0.072827
-0.066074
-0.055641
-0.057964
-0.08341
-0.082862
-0.079457
-0.098262
-0.099748
-0.1041
-0.09954
-0.11588
-0.080492
-0.049183
-0.054959
-0.05515
-0.040516
-0.023697
-0.017104
-0.012546
-0.043836
-0.023951
0.013216
0.0053938
0.015436
0.032202
-0.024532
-0.021766
0.012255
-0.011978
-0.029992
-0.049643
-0.094085
-0.14121
-0.14852
-0.11671
-0.11746
-0.13885
-0.13517
-0.15453
-0.17907
-0.17938
-0.18206
-0.20903
-0.22661
-0.22406
-0.22486
-0.21014
-0.22202
-0.23254
-0.26383
-0.24945
-0.26526
-0.22995
-0.20221
-0.17815
-0.17698
-0.16937
-0.19661
-0.19274
-0.16807
-0.17787
-0.15129
-0.13391
-0.14237
-0.14983
-0.14133
-0.13455
-0.1353
-0.1114
-0.10895
-0.10137
-0.083529
-0.092237
-0.10927
-0.11916
-0.1102
-0.11071
-0.086375
-0.06071
-0.073646
-0.064393
-0.07252
-0.085904
-0.075097
-0.085233
-0.085048
-0.074866
-0.037074
-0.062681
-0.039662
-0.017218
-0.028675
-0.052639
-0.097773
-0.13231
-0.12447
-0.11048
-0.14703
-0.16479
-0.1989
-0.22725
-0.2418
-0.22456
-0.23907
-0.26762
-0.28423
-0.28014
-0.2702
-0.27462
-0.27093
-0.22931
-0.22745
-0.21682
-0.22672
-0.21492
-0.20809
-0.17876
-0.16939
-0.16578
-0.1663
-0.15809
-0.1407
-0.18874
-0.20515
-0.21497
-0.23111
-0.21377
-0.19845
-0.22189
-0.22575
-0.21785
-0.21631
-0.2078
-0.221
-0.20648
-0.20872
-0.19253
-0.17792
-0.18043
-0.19031
-0.19876
-0.17981
-0.19154
-0.20301
-0.23583
-0.23867
-0.25251
-0.26388
-0.23046
-0.25297
-0.25103
-0.27074
-0.2844
-0.28264
-0.30744
-0.28933
-0.31948
-0.33222
-0.32737
-0.33643
-0.3532
-0.37756
-0.38695
-0.38219
-0.3858
-0.37416
-0.39115
-0.3798
-0.35916
-0.33248
-0.33063
-0.31047
-0.28986
-0.28583
-0.28408
-0.26159
-0.26991
-0.2971
-0.30158
-0.29994
-0.26625
-0.24234
-0.26337
-0.23931
-0.24929
-0.23229
-0.23025
-0.24126
-0.2049
-0.22678
-0.23493
-0.22169
-0.23332
-0.20781
-0.18214
-0.14504
-0.14297
-0.13657
-0.11253
-0.14338
-0.16773
-0.17957
-0.20367
-0.24522
-0.23289
-0.21515
-0.19922
-0.1982
-0.19144
-0.2014
-0.20278
-0.21968
-0.19816
-0.18156
-0.20381
-0.1818
-0.15214
-0.18171
-0.20839
-0.21323
-0.20445
-0.23065
-0.21537
-0.18644
-0.18703
-0.17837
-0.16206
-0.1719
-0.16318
-0.15037
-0.14293
-0.17426
-0.16025
-0.15977
-0.14988
-0.14968
-0.19449
-0.2185
-0.25964
-0.25027
-0.25841
-0.28799
-0.28102
-0.26482
-0.27194
-0.25227
-0.28668
-0.31221
-0.29901
-0.27474
-0.26669
-0.28381
-0.28146
-0.2618
-0.26369
-0.28287
-0.26992
-0.24485
-0.26937
-0.2882
-0.2608
-0.20663
-0.20231
-0.18944
-0.15122
-0.11831
-0.13549
-0.13505
-0.15319
-0.15044
-0.14945
-0.16198
-0.1494
-0.15885
-0.158
-0.17715
-0.18431
-0.16273
-0.12476
-0.14004
-0.13946
-0.13069
-0.10279
-0.060834
-0.06723
-0.038822
0.0047925
0.022865
0.022867
0.047351
0.045175
0.034189
0.014199
0.012256
-0.0033088
0.01224
0.04617
0.030063
-0.0014499
-0.013917
-0.027073
-0.0095913
-0.03405
-0.085737
-0.12244
-0.14339
-0.12347
-0.10639
-0.086822
-0.074012
-0.056292
-0.075231
-0.058554
-0.040245
-0.037604
-0.038809
-0.00029677
0.0060555
-0.00091409
-0.0097468
-0.018566
-0.022267
-0.03528
-0.034175
-0.0087343
-0.018607
-0.027445
0.0018643
-0.0044298
-0.0049798
0.019753
0.0043223
-0.010139
-0.013752
-0.040085
-0.045143
-0.019982
-0.035993
-0.015129
0.011244
-5.1745e-005
-0.025973
-0.044589
-0.068236
-0.066023
-0.05933
-0.051519
-0.03528
-0.043747
-0.054934
-0.05488
-0.056708
-0.086659
-0.07944
-0.069874
-0.059522
-0.025573
-0.039886
-0.06994
-0.052421
-0.058791
-0.058386
-0.076421
-0.051124
-0.065346
-0.1116
-0.11425
-0.094468
-0.11422
-0.1157
-0.09835
-0.09452
-0.099028
-0.098698
-0.10096
-0.083017
-0.045937
-0.020484
0.0014551
0.026093
-0.0086928
0.00090495
-0.014563
-0.032363
-0.023251
-0.0069773
0.011556
-0.01682
-0.021892
-0.027642
-0.05145
-0.047259
-0.046558
-0.042376
-0.039306
-0.054335
-0.062257
-0.065885
-0.063471
-0.05223
-0.076766
-0.11231
